AAP,20090115,30.13,31.12,29.50,30.59,16124
AAP,20090116,31.03,31.85,30.56,31.72,9303
AAP,20090120,31.24,31.63,30.01,30.16,7534
AAP,20090121,30.22,31.55,29.79,31.48,16008
AAP,20090122,32.28,33.19,31.70,32.71,24289
AAP,20090123,32.09,33.59,31.43,32.84,13936
AAP,20090126,32.32,33.51,32.32,32.77,15676
AAP,20090127,33.37,33.89,32.60,33.03,10598
AAP,20090128,33.73,34.55,33.48,34.40,14321
AAP,20090129,34.04,34.39,33.25,33.37,10256
AAP,20090130,33.56,33.84,32.46,32.73,12731
AAP,20090202,32.18,33.18,32.18,33.04,9104
AAP,20090203,33.07,34.12,32.38,33.93,11901
AAP,20090204,33.89,34.00,32.90,33.38,19474
AAP,20090205,33.20,33.57,32.68,32.95,23989
AAP,20090206,33.03,34.21,32.86,33.63,17737
AAP,20090209,33.70,34.25,33.26,34.25,16038
AAP,20090210,33.95,34.71,32.84,32.95,26534
AAP,20090211,33.07,33.53,32.60,32.76,17358
AAP,20090212,32.45,33.10,31.64,33.00,20159
AAP,20090213,33.20,33.74,32.68,32.82,9742
AAP,20090217,31.96,32.80,31.82,32.14,27828
AAP,20090218,32.22,33.08,31.83,32.63,32392
AAP,20090219,36.37,37.93,36.26,37.00,94168
AAP,20090220,36.31,37.90,36.30,36.91,40393
AAP,20090223,37.29,37.81,36.36,36.47,30217
AAP,20090224,36.89,37.97,36.58,37.58,30897
AAP,20090225,37.47,38.19,37.00,37.50,31307
AAP,20090226,38.00,38.64,37.25,37.53,27442
AAP,20090227,37.34,38.75,37.10,38.25,26744
AAP,20090302,37.69,38.56,36.12,36.31,26244
AAP,20090303,38.31,39.50,37.62,38.32,48322
AAP,20090304,38.92,38.93,37.34,37.54,32224
AAP,20090305,36.92,38.26,36.25,37.19,20408
AAP,20090306,37.38,37.62,35.49,36.43,38228
AAP,20090309,36.22,37.67,35.77,36.01,18600
AAP,20090310,36.65,38.39,36.52,38.28,21054
AAP,20090311,38.06,39.64,37.76,39.40,28551
AAP,20090312,39.32,39.99,38.70,39.86,23277
AAP,20090313,39.76,40.00,38.88,39.73,14507
AAP,20090316,39.82,39.86,38.64,38.87,15484
AAP,20090317,38.70,39.91,38.50,39.54,14949
AAP,20090318,39.54,41.53,39.34,41.04,27907
AAP,20090319,41.75,41.75,40.11,41.06,15459
AAP,20090320,41.40,41.40,39.54,40.01,17275
AAP,20090323,40.37,40.68,37.76,40.65,32749
AAP,20090324,40.25,40.57,39.09,39.15,28005
AAP,20090325,39.40,40.00,38.45,40.00,26067
AAP,20090326,40.17,42.39,39.89,42.19,26342
AAP,20090327,41.81,41.98,41.26,41.80,14414
AAP,20090330,41.12,41.64,40.43,41.64,15942
AAP,20090331,42.11,42.11,40.59,41.08,18653
AAP,20090401,40.52,42.24,40.40,42.09,19729
AAP,20090402,41.05,41.66,39.61,39.77,42665
AAP,20090403,38.55,40.51,38.11,40.51,35774
AAP,20090406,40.16,40.48,39.38,40.30,20642
AAP,20090407,39.91,40.04,39.20,39.49,19330
AAP,20090408,40.04,41.04,39.31,40.68,18721
AAP,20090409,41.32,42.50,41.32,42.29,20945
AAP,20090413,42.05,42.15,40.56,41.22,18473
AAP,20090414,40.89,41.11,39.71,40.62,16089
AAP,20090415,40.50,42.16,40.09,42.07,23675
AAP,20090416,42.52,43.83,41.97,43.54,18847
AAP,20090417,43.74,43.85,43.01,43.34,13049
AAP,20090420,41.71,43.07,41.53,41.82,11193
AAP,20090421,42.00,42.67,41.46,42.61,10329
AAP,20090422,42.24,44.18,42.24,43.62,21676
AAP,20090423,43.65,44.64,43.40,44.14,18342
AAP,20090424,44.19,44.39,42.50,42.63,18188
AAP,20090427,42.45,43.08,42.02,42.47,17130
AAP,20090428,42.35,44.00,42.10,43.48,18489
AAP,20090429,43.86,44.38,42.32,42.60,15937
AAP,20090430,43.97,44.89,43.30,43.75,25072
AAP,20090501,43.78,43.78,42.10,42.43,15138
AAP,20090504,42.84,44.01,42.63,43.78,11866
AAP,20090505,42.43,43.27,41.98,42.06,28094
AAP,20090506,42.32,43.28,41.29,42.27,26220
AAP,20090507,42.96,43.05,41.53,41.85,14983
AAP,20090508,42.26,42.54,41.08,41.70,12582
AAP,20090511,41.15,41.92,40.20,41.27,10666
AAP,20090512,41.52,41.96,39.80,40.43,14240
AAP,20090513,39.93,40.42,39.50,39.76,16575
AAP,20090514,39.72,41.51,39.72,39.93,14779
AAP,20090515,39.95,40.98,39.61,40.66,11599
AAP,20090518,41.12,42.04,40.43,41.97,17574
AAP,20090519,43.03,44.13,43.03,43.38,30615
AAP,20090520,43.96,44.03,42.47,42.89,29520
AAP,20090521,42.53,43.16,41.50,42.77,41587
AAP,20090522,43.18,43.76,42.60,43.00,20918
AAP,20090526,42.60,45.20,42.43,45.13,34512
AAP,20090527,44.60,45.00,43.87,44.15,24897
AAP,20090528,44.52,44.76,42.25,43.42,28760
AAP,20090529,43.45,43.46,41.98,42.59,30227
AAP,20090601,43.19,44.11,42.63,43.85,26408
AAP,20090602,44.10,45.45,43.85,45.15,24738
AAP,20090603,44.75,45.20,44.34,45.15,16511
AAP,20090604,45.15,45.25,43.74,44.56,15267
AAP,20090605,44.74,44.98,43.50,43.78,20346
AAP,20090608,43.59,44.26,42.91,43.96,14320
AAP,20090609,44.06,44.60,43.62,44.35,12780
AAP,20090610,44.47,44.50,42.86,43.50,16003
AAP,20090611,43.41,43.67,41.43,41.52,29951
AAP,20090612,41.39,41.56,40.69,41.24,19326
AAP,20090615,40.75,41.55,40.50,41.49,18083
AAP,20090616,41.82,41.82,40.65,40.84,16144
AAP,20090617,40.92,42.73,40.72,42.16,19214
AAP,20090618,42.39,42.87,41.88,42.58,13105
AAP,20090619,42.78,43.11,42.31,42.77,20581
AAP,20090622,42.50,42.62,41.48,42.25,15761
AAP,20090623,42.27,42.42,41.74,41.86,13572
AAP,20090624,41.94,42.01,40.73,41.01,14775
AAP,20090625,40.89,42.32,40.86,42.05,11684
AAP,20090626,42.08,42.42,41.66,41.77,11817
AAP,20090629,42.07,42.18,41.30,41.56,16014
AAP,20090630,41.62,42.19,41.22,41.49,13935
AAP,20090701,41.71,42.29,41.49,42.09,15218
AAP,20090702,41.69,42.62,41.67,42.24,16727
AAP,20090706,41.83,43.27,41.77,42.36,10156
AAP,20090707,42.30,42.49,41.65,41.75,10613
AAP,20090708,41.91,44.28,41.67,44.15,30524
AAP,20090709,44.48,44.66,43.67,44.12,12543
AAP,20090710,44.02,44.39,43.62,44.18,10731
AAP,20090713,44.12,44.98,43.22,44.92,14274
AAP,20090714,44.83,45.00,44.00,44.39,16522
AAP,20090715,44.45,45.04,44.22,44.92,17932
AAP,20090716,44.93,45.59,44.63,45.41,12736
AAP,20090717,45.37,45.58,44.98,45.26,7615
AAP,20090720,45.28,45.68,44.95,45.61,15104
AAP,20090721,46.21,46.36,45.37,46.13,12121
AAP,20090722,46.12,47.09,45.80,46.46,10104
AAP,20090723,46.62,47.22,46.02,46.60,12816
AAP,20090724,46.31,46.86,46.11,46.55,5660
AAP,20090727,46.63,46.77,45.77,46.48,7409
AAP,20090728,46.32,46.56,45.68,45.89,9067
AAP,20090729,45.70,46.25,44.91,45.35,11453
AAP,20090730,45.60,47.41,45.60,47.00,19191
AAP,20090731,47.01,47.17,46.12,46.23,10715
AAP,20090803,46.53,47.08,45.68,47.06,12115
AAP,20090804,47.00,47.06,45.28,45.46,11011
AAP,20090805,45.50,45.66,44.22,45.13,20256
AAP,20090806,45.14,45.83,44.40,45.33,13564
AAP,20090807,45.87,47.08,45.51,46.96,10224
AAP,20090810,46.95,46.95,45.88,46.06,9112
AAP,20090811,45.79,46.00,44.98,45.23,16237
AAP,20090812,45.27,46.17,44.86,45.63,15985
AAP,20090813,43.12,43.56,41.54,43.27,58165
AAP,20090814,43.81,43.85,42.92,43.15,22741
AAP,20090817,42.37,43.50,42.19,43.07,16468
AAP,20090818,43.17,43.77,42.88,43.10,16743
AAP,20090819,42.80,43.82,42.78,43.72,19273
AAP,20090820,43.70,43.80,43.01,43.09,21253
AAP,20090821,43.26,43.94,43.03,43.18,16745
AAP,20090824,43.38,43.39,42.42,42.58,20317
AAP,20090825,42.80,43.64,42.80,43.01,19952
AAP,20090826,42.90,43.49,42.60,42.72,17199
AAP,20090827,42.89,43.15,42.09,43.09,16818
AAP,20090828,43.03,43.30,42.57,43.12,13076
AAP,20090831,42.75,42.75,42.04,42.30,19623
AAP,20090901,42.04,42.75,41.16,41.54,17062
AAP,20090902,41.55,41.87,41.49,41.50,12230
AAP,20090903,41.77,41.90,41.10,41.62,15803
AAP,20090904,41.55,41.60,41.05,41.20,16067
AAP,20090908,41.36,41.81,40.99,41.50,18554
AAP,20090909,41.61,41.88,41.19,41.55,17916
AAP,20090910,41.48,41.76,40.36,40.61,35033
AAP,20090911,40.65,40.65,38.08,39.15,78836
AAP,20090914,38.92,39.87,38.32,39.67,30946
AAP,20090915,39.63,39.87,38.60,39.03,31053
AAP,20090916,39.22,39.34,38.48,38.78,19187
AAP,20090917,38.64,39.40,38.57,38.71,18763
AAP,20090918,38.76,39.29,38.76,39.28,26369
AAP,20090921,39.09,40.35,38.77,40.11,28047
AAP,20090922,40.19,40.79,40.12,40.32,24417
AAP,20090923,39.69,39.87,38.53,38.63,48928
AAP,20090924,38.77,39.63,38.44,38.98,37971
AAP,20090925,38.94,39.53,38.63,39.17,16854
AAP,20090928,39.41,39.86,39.18,39.39,15619
AAP,20090929,39.42,39.88,39.04,39.19,11664
AAP,20090930,39.11,39.67,38.62,39.28,21962
AAP,20091001,39.25,39.25,37.79,37.94,29026
AAP,20091002,37.67,38.20,37.40,37.48,26292
AAP,20091005,37.35,38.46,37.35,37.65,16785
AAP,20091006,37.94,38.68,37.74,38.60,35667
AAP,20091007,38.05,38.74,37.31,38.59,38043
AAP,20091008,38.78,39.21,38.26,38.38,22320
AAP,20091009,38.28,38.76,37.72,38.47,26957
AAP,20091012,38.47,38.87,38.21,38.26,11350
AAP,20091013,37.94,38.38,37.94,38.14,8503
AAP,20091014,38.55,39.30,38.55,39.20,14768
AAP,20091015,39.00,39.48,38.87,39.37,11515
AAP,20091016,39.22,39.76,39.02,39.65,16386
AAP,20091019,39.62,39.92,38.83,39.41,19389
AAP,20091020,39.24,39.33,38.33,38.40,14227
AAP,20091021,38.41,38.71,37.43,37.46,13625
AAP,20091022,37.52,37.82,37.26,37.74,13326
AAP,20091023,37.74,37.83,36.48,36.70,31283
AAP,20091026,36.63,37.24,36.46,36.61,23495
AAP,20091027,36.44,37.54,36.11,36.91,23895
AAP,20091028,37.00,37.79,36.13,36.49,32507
AAP,20091029,37.10,37.97,36.67,37.25,29383
AAP,20091030,37.22,37.71,37.07,37.26,26667
AAP,20091102,37.61,37.65,36.41,36.87,19608
AAP,20091103,36.63,38.62,36.63,38.54,31086
AAP,20091104,38.84,38.99,37.41,37.42,36110
AAP,20091105,37.81,37.98,37.30,37.72,14864
AAP,20091106,37.62,38.15,37.38,38.04,18623
AAP,20091109,38.22,38.62,38.00,38.19,26955
AAP,20091110,38.13,39.42,37.76,39.00,33493
AAP,20091111,39.43,40.34,39.16,40.28,38748
AAP,20091112,38.15,39.02,37.57,38.69,64222
AAP,20091113,38.32,39.38,37.92,39.25,44683
AAP,20091116,39.39,39.85,38.97,39.60,19759
AAP,20091117,39.60,40.20,39.44,39.86,21601
AAP,20091118,39.85,41.05,39.85,40.96,32382
AAP,20091119,40.84,40.95,40.01,40.12,22399
AAP,20091120,39.87,40.11,39.50,39.74,20055
AAP,20091123,39.92,40.42,39.02,39.39,20846
AAP,20091124,39.31,39.51,39.02,39.16,14154
AAP,20091125,39.35,39.54,38.54,39.47,14566
AAP,20091127,38.67,39.94,38.44,39.45,7666
AAP,20091130,39.53,39.85,39.02,39.30,16131
AAP,20091201,39.42,40.73,39.38,40.38,20873
AAP,20091202,40.32,40.79,40.15,40.61,11051
AAP,20091203,40.64,40.72,40.17,40.35,12780
AAP,20091204,40.70,41.28,40.61,40.92,14662
AAP,20091207,39.83,40.90,39.26,40.75,20568
AAP,20091208,40.33,40.91,39.84,40.44,16394
AAP,20091209,40.50,40.50,39.87,39.99,16523
AAP,20091210,40.20,40.30,39.74,39.82,25610
AAP,20091211,40.06,40.45,39.46,40.37,12886
AAP,20091214,40.57,41.21,40.38,41.05,15224
AAP,20091215,40.98,41.13,40.53,40.59,9573
AAP,20091216,40.68,41.01,40.57,40.72,9548
AAP,20091217,40.65,41.10,40.63,40.78,13069
AAP,20091218,41.06,41.18,40.63,40.92,19759
AAP,20091221,40.79,41.75,40.79,41.58,19679
AAP,20091222,41.51,41.75,41.31,41.47,11998
AAP,20091223,41.70,41.77,41.18,41.37,10566
AAP,20091224,41.45,41.59,41.11,41.38,3629
AAP,20091228,41.54,41.66,41.02,41.22,12294
AAP,20091229,41.44,41.48,40.75,40.76,11501
AAP,20091230,40.55,41.03,40.55,41.01,12493
AAP,20091231,41.11,41.11,40.48,40.48,8944
AAP,20100104,40.70,41.04,40.36,40.38,17017
AAP,20100105,40.30,40.31,39.72,40.14,19324
AAP,20100106,40.05,40.78,40.05,40.49,14061
AAP,20100107,39.55,40.54,39.55,40.48,12567
AAP,20100108,40.25,40.82,40.11,40.64,9602
AAP,20100111,40.72,40.80,40.09,40.24,10384
AAP,20100112,39.43,39.72,38.82,39.54,19108
AAP,20100113,39.50,40.15,39.41,40.09,8100
AAP,20100114,39.94,39.94,39.25,39.56,11575
AAP,20100115,39.34,39.66,39.17,39.31,7389
AAP,20100119,39.30,39.52,39.05,39.50,12950
AAP,20100120,38.75,39.38,38.38,39.16,18650
AAP,20100121,39.34,39.65,38.95,39.23,12974
AAP,20100122,39.13,40.64,39.13,39.74,26293
AAP,20100125,40.01,40.60,40.00,40.50,13969
AAP,20100126,40.48,41.00,40.26,40.55,10840
AAP,20100127,40.59,40.74,39.95,40.59,12032
AAP,20100128,40.50,40.50,39.67,39.77,12060
AAP,20100129,39.99,40.40,39.42,39.45,9484
AAP,20100201,39.55,40.51,39.50,40.49,11069
AAP,20100202,40.46,41.35,40.46,41.19,12961
AAP,20100203,41.19,41.38,40.93,41.19,11475
AAP,20100204,41.06,41.73,40.69,40.93,16115
AAP,20100205,41.01,41.13,40.02,40.72,13132
AAP,20100208,41.01,41.74,40.62,40.81,17218
AAP,20100209,41.15,41.72,40.77,41.57,10300
AAP,20100210,41.39,42.85,41.37,42.33,18586
AAP,20100211,42.41,43.10,42.13,42.55,15486
AAP,20100212,42.37,42.81,42.00,42.81,15098
AAP,20100216,42.90,42.98,42.37,42.63,17212
AAP,20100217,42.68,43.08,42.16,42.88,22539
AAP,20100218,39.88,40.35,39.08,40.15,77670
AAP,20100219,39.79,40.34,39.51,40.00,25253
AAP,20100222,39.97,40.46,39.88,40.24,17061
AAP,20100223,40.18,40.51,40.05,40.22,16534
AAP,20100224,40.34,40.53,40.15,40.46,14415
AAP,20100225,40.08,40.90,40.05,40.73,13287
AAP,20100226,40.73,40.91,40.40,40.80,11537
AAP,20100301,40.87,41.45,40.65,41.30,15533
AAP,20100302,41.42,41.71,41.14,41.34,12210
AAP,20100303,41.35,41.76,41.23,41.49,10366
AAP,20100304,41.63,42.00,41.60,41.78,11597
AAP,20100305,41.97,42.29,41.78,42.29,19142
AAP,20100308,42.33,42.34,41.70,42.10,30800
AAP,20100309,42.04,42.36,41.79,41.94,20187
AAP,20100310,41.91,42.28,41.88,42.13,16923
AAP,20100311,42.14,42.42,41.92,42.38,13615
AAP,20100312,42.44,42.55,42.04,42.18,11549
AAP,20100315,42.25,42.29,41.76,42.08,18062
AAP,20100316,41.87,42.65,41.85,42.30,8433
AAP,20100317,42.47,42.59,42.11,42.35,16530
AAP,20100318,42.38,42.55,42.06,42.50,26741
AAP,20100319,42.67,43.27,42.47,43.26,19155
AAP,20100322,43.17,43.85,43.02,43.64,11257
AAP,20100323,43.77,44.11,43.66,43.96,14475
AAP,20100324,43.71,43.90,43.36,43.39,12908
AAP,20100325,43.61,43.75,43.02,43.02,13328
AAP,20100326,42.91,43.21,42.03,42.48,15903
AAP,20100329,42.65,42.65,42.00,42.19,12788
AAP,20100330,42.17,42.48,42.03,42.23,7156
AAP,20100331,42.22,42.50,41.89,41.92,11912
AAP,20100401,42.12,42.46,41.97,42.36,6275
AAP,20100405,42.46,42.98,42.42,42.67,9544
AAP,20100406,42.53,42.81,42.42,42.56,7291
AAP,20100407,42.48,42.76,41.94,42.10,19470
AAP,20100408,41.99,42.49,41.76,42.25,13653
AAP,20100409,42.34,42.38,41.84,42.13,13385
AAP,20100412,42.31,42.52,42.09,42.41,7989
AAP,20100413,42.32,42.62,42.09,42.26,9785
AAP,20100414,43.23,45.33,43.19,45.28,31197
AAP,20100415,45.61,46.34,45.33,45.38,32496
AAP,20100416,45.12,45.27,44.77,45.04,19321
AAP,20100419,44.37,44.67,43.69,44.45,15764
AAP,20100420,44.64,44.86,44.27,44.46,11695
AAP,20100421,44.52,45.16,43.80,44.97,10203
AAP,20100422,44.59,45.60,44.41,45.49,12151
AAP,20100423,45.53,46.17,45.19,46.11,10664
AAP,20100426,45.92,46.46,45.59,46.32,10241
AAP,20100427,46.28,46.50,45.11,45.24,9907
AAP,20100428,45.49,45.96,45.14,45.53,11988
AAP,20100429,46.05,46.88,45.75,45.88,18794
AAP,20100430,46.02,46.25,44.96,45.10,13859
AAP,20100503,45.13,46.46,45.09,46.32,8609
AAP,20100504,45.92,45.92,45.31,45.67,10375
AAP,20100505,45.20,46.49,45.02,45.12,13667
AAP,20100506,44.87,45.10,42.19,44.20,17396
AAP,20100507,44.17,44.55,42.89,43.76,15636
AAP,20100510,45.11,45.16,44.43,45.11,8187
AAP,20100511,44.86,45.64,44.74,45.41,9594
AAP,20100512,45.46,46.00,45.15,45.96,12551
AAP,20100513,45.82,46.17,45.09,45.25,12458
AAP,20100514,44.99,45.10,44.35,44.90,14426
AAP,20100517,45.00,45.86,44.86,45.75,19601
AAP,20100518,46.16,46.78,45.65,45.75,22248
AAP,20100519,45.76,46.48,45.13,46.09,21320
AAP,20100520,48.23,50.21,48.16,48.99,43626
AAP,20100521,48.67,50.98,48.29,49.47,32994
AAP,20100524,49.08,50.26,48.30,49.55,22415
AAP,20100525,48.94,51.22,48.83,51.03,27146
AAP,20100526,51.28,51.28,50.18,50.20,20331
AAP,20100527,50.88,51.37,50.48,51.33,11070
AAP,20100528,50.52,52.01,47.79,51.76,17205
AAP,20100601,51.51,51.74,50.20,50.37,23628
AAP,20100602,50.67,51.36,50.41,51.35,15499
AAP,20100603,51.14,51.93,50.74,51.49,9987
AAP,20100604,50.59,51.07,50.01,50.16,17590
AAP,20100607,50.37,50.44,48.52,48.60,27606
AAP,20100608,48.56,49.63,47.76,49.46,22907
AAP,20100609,49.66,50.57,49.49,49.69,20532
AAP,20100610,49.99,50.30,49.40,50.23,17509
AAP,20100611,49.79,50.66,49.61,50.51,8980
AAP,20100614,51.11,51.35,50.76,50.80,8441
AAP,20100615,51.06,52.27,50.86,52.14,10563
AAP,20100616,52.13,52.33,51.58,51.98,8858
AAP,20100617,52.25,52.34,51.55,51.89,6886
AAP,20100618,52.03,52.33,51.47,51.59,14637
AAP,20100621,52.13,52.13,51.00,51.34,10260
AAP,20100622,51.40,51.95,50.05,50.32,11370
AAP,20100623,50.38,51.21,50.05,50.87,8021
AAP,20100624,50.43,51.11,50.11,50.94,11179
AAP,20100625,50.90,51.09,50.25,50.90,14310
AAP,20100628,50.96,51.19,50.20,50.47,6109
AAP,20100629,49.86,50.58,49.20,50.28,10980
AAP,20100630,50.44,50.96,50.00,50.18,11703
AAP,20100701,50.18,51.92,50.10,51.70,17123
AAP,20100702,51.48,51.99,50.68,51.01,9222
AAP,20100706,52.07,52.38,49.76,50.50,14602
AAP,20100707,50.73,50.98,50.12,50.89,14235
AAP,20100708,51.20,51.88,50.17,50.82,11542
AAP,20100709,50.86,51.51,50.77,51.27,10504
AAP,20100712,51.00,51.72,50.93,51.46,7030
AAP,20100713,51.78,52.77,51.63,52.65,15693
AAP,20100714,52.65,52.99,52.26,52.60,9263
AAP,20100715,52.52,53.21,52.08,53.06,10164
AAP,20100716,52.96,52.99,51.23,51.34,12020
AAP,20100719,51.44,52.19,51.30,51.96,7083
AAP,20100720,51.60,53.17,51.39,53.00,8434
AAP,20100721,53.24,53.31,51.58,51.69,11621
AAP,20100722,52.32,53.45,52.27,53.10,20217
AAP,20100723,53.25,54.24,53.00,54.17,8379
AAP,20100726,54.50,54.87,53.92,54.85,9277
AAP,20100727,55.20,55.78,54.44,54.54,7761
AAP,20100728,54.51,54.62,53.32,53.64,6002
AAP,20100729,54.09,54.49,52.47,53.18,11084
AAP,20100730,52.64,53.72,52.35,53.53,6398
AAP,20100802,53.83,54.15,52.96,53.43,11026
AAP,20100803,53.22,53.28,52.15,52.61,9244
AAP,20100804,52.75,53.53,52.59,53.36,6516
AAP,20100805,53.16,54.06,52.60,53.87,7957
AAP,20100806,53.37,53.89,52.41,52.75,9623
AAP,20100809,52.84,53.42,52.76,53.26,8669
AAP,20100810,53.04,53.49,52.52,53.05,7744
AAP,20100811,52.14,52.48,51.69,51.91,11954
AAP,20100812,52.72,55.78,52.72,54.62,30966
AAP,20100813,54.71,54.78,53.94,54.26,11181
AAP,20100816,54.00,54.73,53.82,54.30,12358
AAP,20100817,54.37,54.94,54.12,54.50,12004
AAP,20100818,54.57,55.36,54.24,55.19,8967
AAP,20100819,55.23,55.52,54.75,55.28,11667
AAP,20100820,55.14,55.92,54.76,55.89,7849
AAP,20100823,55.78,56.21,54.74,54.75,13125
AAP,20100824,53.98,54.93,53.65,54.26,9467
AAP,20100825,53.97,55.15,53.88,54.86,10997
AAP,20100826,54.87,55.21,54.34,54.68,9009
AAP,20100827,55.02,55.94,54.24,55.58,9545
AAP,20100830,55.23,55.51,54.15,54.16,11336
AAP,20100831,53.94,54.75,53.72,54.47,12684
AAP,20100901,55.38,55.98,55.08,55.48,6667
AAP,20100902,55.62,56.49,55.43,56.29,6238
AAP,20100903,56.92,57.63,55.85,56.54,9160
AAP,20100907,56.48,56.88,56.04,56.28,5626
AAP,20100908,56.34,56.80,56.05,56.56,6273
AAP,20100909,57.19,57.26,55.81,56.04,7294
AAP,20100910,56.18,56.49,55.88,56.07,4499
AAP,20100913,56.76,57.02,56.37,56.56,8273
AAP,20100914,56.42,57.58,56.42,57.36,8278
AAP,20100915,57.32,57.45,56.66,57.41,6720
AAP,20100916,57.45,58.00,57.20,57.99,6283
AAP,20100917,57.92,58.24,57.27,58.15,10792
AAP,20100920,58.48,59.70,58.26,59.16,12304
AAP,20100921,59.26,59.28,58.00,58.41,13053
AAP,20100922,58.30,59.89,58.04,59.81,13272
AAP,20100923,59.36,60.21,58.86,58.86,9816
AAP,20100924,59.21,59.90,58.97,59.61,8707
AAP,20100927,59.49,59.75,59.17,59.38,4882
AAP,20100928,59.60,59.74,58.86,59.46,9455
AAP,20100929,59.36,59.79,59.25,59.66,7175
AAP,20100930,59.01,59.51,58.08,58.68,10275
AAP,20101001,59.11,59.61,57.96,58.70,8386
AAP,20101004,58.06,58.64,57.22,57.78,9838
AAP,20101005,58.21,58.95,57.98,58.67,8062
AAP,20101006,58.62,58.85,57.87,58.45,3850
AAP,20101007,58.67,59.06,58.10,58.79,5538
AAP,20101008,59.00,59.45,58.32,58.55,7726
AAP,20101011,58.55,59.45,58.28,59.27,5235
AAP,20101012,59.16,60.20,58.89,59.86,6274
AAP,20101013,60.36,60.60,59.49,59.98,6262
AAP,20101014,60.00,60.39,59.55,59.79,5347
AAP,20101015,60.21,61.15,60.14,60.96,8444
AAP,20101018,61.09,61.30,60.04,60.36,4634
AAP,20101019,59.80,60.97,59.80,60.39,8694
AAP,20101020,60.47,61.16,60.21,61.15,7575
AAP,20101021,60.61,61.38,60.53,61.01,6461
AAP,20101022,60.86,61.45,60.52,61.40,6897
AAP,20101025,61.71,62.43,61.53,62.08,5768
AAP,20101026,61.79,62.22,61.54,61.86,5793
AAP,20101027,61.27,61.75,60.79,61.42,7980
AAP,20101028,62.28,64.31,62.04,63.88,15401
AAP,20101029,63.81,65.01,63.49,64.98,10585
AAP,20101101,65.29,65.34,64.46,64.76,5556
AAP,20101102,65.09,65.19,64.48,64.57,4719
AAP,20101103,64.59,65.09,64.19,64.94,5553
AAP,20101104,65.55,65.81,65.08,65.81,4980
AAP,20101105,65.98,66.11,65.37,65.63,6478
AAP,20101108,66.33,66.79,64.90,65.97,13139
AAP,20101109,66.28,66.30,65.52,66.01,13948
AAP,20101110,67.12,67.27,66.08,66.72,21667
AAP,20101111,68.15,68.88,64.75,66.34,33666
AAP,20101112,65.97,66.31,64.38,64.53,12181
AAP,20101115,64.95,66.01,64.58,65.21,11398
AAP,20101116,64.80,65.80,64.71,65.29,11220
AAP,20101117,65.09,65.91,64.77,65.50,6451
AAP,20101118,66.23,66.65,65.36,65.51,6324
AAP,20101119,65.48,65.50,64.87,65.07,4199
AAP,20101122,64.96,66.93,64.92,66.46,6842
AAP,20101123,65.85,66.34,65.41,66.27,4178
AAP,20101124,66.44,67.21,66.43,67.00,7757
AAP,20101126,66.91,67.73,66.56,67.11,2943
AAP,20101129,66.80,67.21,66.05,66.91,5710
AAP,20101130,66.28,67.25,65.94,65.99,16931
AAP,20101201,66.79,66.98,65.74,66.15,9871
AAP,20101202,66.16,67.58,65.87,67.54,6897
AAP,20101203,67.32,68.39,67.13,68.23,6370
AAP,20101206,68.30,69.08,68.28,68.54,8212
AAP,20101207,69.32,69.51,67.11,67.20,11688
AAP,20101208,67.28,68.10,67.24,67.71,5037
AAP,20101209,67.95,68.24,67.64,67.87,3379
AAP,20101210,68.10,68.39,67.63,67.92,3924
AAP,20101213,68.13,68.30,67.46,68.00,5444
AAP,20101214,68.17,68.36,67.54,68.03,4579
AAP,20101215,67.91,68.50,67.67,67.78,5361
AAP,20101216,67.81,68.02,66.88,67.88,6641
AAP,20101217,67.67,67.77,66.54,66.79,14894
AAP,20101220,66.77,67.57,66.31,67.39,6500
AAP,20101221,67.63,67.72,66.52,66.73,4486
AAP,20101222,66.80,67.11,66.37,66.56,4531
AAP,20101223,66.42,66.83,66.39,66.57,4082
AAP,20101227,66.10,66.73,65.95,66.42,3872
AAP,20101228,66.41,66.66,66.01,66.25,4592
AAP,20101229,66.39,66.81,66.15,66.45,4037
AAP,20101230,66.51,67.00,66.37,66.72,4952
AAP,20101231,66.92,66.92,66.14,66.15,4799
AAP,20110103,66.50,66.74,65.47,65.50,8263
AAP,20110104,65.46,65.50,61.86,62.24,19166
AAP,20110105,62.32,63.21,61.96,62.32,14260
AAP,20110106,61.99,62.29,60.09,60.27,15136
AAP,20110107,60.45,62.11,60.30,61.88,11606
