ABX,20090115,32.00,33.67,31.00,33.48,165057
ABX,20090116,34.88,35.10,32.70,34.27,185821
ABX,20090120,34.40,36.40,33.98,34.79,229939
ABX,20090121,34.79,36.61,33.83,36.61,181272
ABX,20090122,35.86,37.03,35.36,35.57,160116
ABX,20090123,36.59,39.99,36.59,39.58,215533
ABX,20090126,40.64,40.90,37.52,38.22,192427
ABX,20090127,37.59,38.54,36.90,37.08,138034
ABX,20090128,37.45,37.67,35.53,36.31,163101
ABX,20090129,35.70,38.86,35.59,38.57,188075
ABX,20090130,39.49,39.50,37.18,37.49,167573
ABX,20090202,36.33,37.49,35.54,35.99,112861
ABX,20090203,36.34,36.88,35.29,35.85,105978
ABX,20090204,36.69,37.60,36.41,37.08,126423
ABX,20090205,38.26,38.90,37.60,38.57,134224
ABX,20090206,37.63,39.63,37.63,39.15,105083
ABX,20090209,38.45,39.04,37.33,37.83,123477
ABX,20090210,38.75,38.88,36.84,37.13,133186
ABX,20090211,37.63,39.37,37.15,38.58,206308
ABX,20090212,38.14,39.15,38.14,38.98,141092
ABX,20090213,38.50,38.65,37.76,37.94,116795
ABX,20090217,38.86,39.29,36.97,37.29,208736
ABX,20090218,37.36,38.76,36.18,38.48,207479
ABX,20090219,38.00,38.61,36.25,36.44,144590
ABX,20090220,37.55,37.73,35.50,36.89,206630
ABX,20090223,35.87,36.29,35.28,35.60,141528
ABX,20090224,35.59,35.59,31.38,31.63,211381
ABX,20090225,31.49,33.20,31.09,31.16,196802
ABX,20090226,30.72,31.69,30.06,31.34,194239
ABX,20090227,32.33,32.36,29.38,30.20,228239
ABX,20090302,30.68,30.89,27.74,27.98,254010
ABX,20090303,27.76,28.97,26.83,28.39,203558
ABX,20090304,28.98,29.29,27.47,27.72,152974
ABX,20090305,27.73,28.88,27.73,28.82,166086
ABX,20090306,29.25,30.06,28.34,28.76,175931
ABX,20090309,28.38,28.53,27.41,27.96,116224
ABX,20090310,27.97,28.13,25.77,26.04,196370
ABX,20090311,26.34,27.75,25.54,27.37,175177
ABX,20090312,27.92,29.02,27.59,28.87,169307
ABX,20090313,29.67,29.91,29.11,29.65,119005
ABX,20090316,29.10,29.93,29.05,29.60,95101
ABX,20090317,29.48,29.76,28.28,29.01,100473
ABX,20090318,28.52,31.95,27.20,31.94,300328
ABX,20090319,33.31,34.24,32.88,33.36,245551
ABX,20090320,32.97,33.96,32.80,33.39,134931
ABX,20090323,33.37,33.82,32.82,33.18,125800
ABX,20090324,32.25,32.90,31.82,32.06,182396
ABX,20090325,32.25,33.75,31.80,33.00,157005
ABX,20090326,33.35,33.60,32.68,33.03,94662
ABX,20090327,32.26,32.71,31.80,32.19,65769
ABX,20090330,31.42,33.12,31.14,32.28,112691
ABX,20090331,32.85,33.31,31.93,32.42,97232
ABX,20090401,33.07,34.04,32.82,33.89,108118
ABX,20090402,33.12,33.24,32.14,32.30,136470
ABX,20090403,32.23,32.73,30.00,30.43,156853
ABX,20090406,29.74,29.74,28.65,28.75,155575
ABX,20090407,29.20,29.70,29.03,29.05,129837
ABX,20090408,29.45,29.50,28.27,28.86,104988
ABX,20090409,28.94,29.02,28.38,28.56,91904
ABX,20090413,29.41,29.58,28.68,28.71,93167
ABX,20090414,29.09,29.69,28.77,29.13,95571
ABX,20090415,29.27,29.93,29.23,29.80,84262
ABX,20090416,29.71,29.80,27.88,28.24,136196
ABX,20090417,28.00,28.09,27.09,27.53,132131
ABX,20090420,28.03,29.32,27.92,29.07,132222
ABX,20090421,29.50,29.72,27.67,28.21,111995
ABX,20090422,28.62,28.98,28.25,28.40,95804
ABX,20090423,28.58,30.00,28.42,29.49,114858
ABX,20090424,30.10,30.87,29.75,30.80,107474
ABX,20090427,30.37,30.71,29.74,30.18,76531
ABX,20090428,29.09,29.50,28.54,28.97,72847
ABX,20090429,29.75,29.99,29.25,29.62,78768
ABX,20090430,29.36,29.90,29.10,29.10,88179
ABX,20090501,29.00,29.46,28.77,29.00,60165
ABX,20090504,29.52,30.95,29.43,30.89,80701
ABX,20090505,31.56,31.97,31.14,31.55,106338
ABX,20090506,31.97,32.95,31.95,32.88,106628
ABX,20090507,33.68,33.91,32.39,32.81,113807
ABX,20090508,33.16,34.18,32.51,34.04,97880
ABX,20090511,33.35,34.30,33.07,33.64,83178
ABX,20090512,34.29,35.24,34.16,35.10,126752
ABX,20090513,34.43,35.93,34.01,34.35,114528
ABX,20090514,34.22,34.87,33.50,34.11,89597
ABX,20090515,34.20,34.59,33.15,33.49,80729
ABX,20090518,33.58,33.91,32.46,33.47,59701
ABX,20090519,33.79,34.56,33.01,33.99,85192
ABX,20090520,34.67,36.48,34.56,36.22,146857
ABX,20090521,36.13,37.41,35.33,36.89,130763
ABX,20090522,37.55,38.47,37.32,38.00,117629
ABX,20090526,37.10,37.50,36.24,37.00,129153
ABX,20090527,37.01,37.24,35.94,36.05,110393
ABX,20090528,36.61,37.57,36.54,37.18,85664
ABX,20090529,38.56,38.96,37.78,38.08,105849
ABX,20090601,38.55,38.63,36.85,37.04,135481
ABX,20090602,37.05,38.30,36.71,37.89,123211
ABX,20090603,37.22,37.45,35.92,36.54,111703
ABX,20090604,37.03,38.05,36.95,37.65,78009
ABX,20090605,36.49,36.69,35.72,36.05,90804
ABX,20090608,35.45,36.64,35.09,36.56,77307
ABX,20090609,37.15,37.23,36.02,36.12,80708
ABX,20090610,36.68,36.72,34.69,35.06,138083
ABX,20090611,34.95,35.24,34.11,34.66,107852
ABX,20090612,33.61,34.23,33.35,33.99,88411
ABX,20090615,33.60,33.75,32.60,32.90,84362
ABX,20090616,33.72,34.09,33.00,33.41,80412
ABX,20090617,33.52,33.59,32.56,33.39,93107
ABX,20090618,33.35,34.30,33.00,33.10,100681
ABX,20090619,33.57,34.20,33.20,33.99,91449
ABX,20090622,32.87,33.01,31.82,31.87,91664
ABX,20090623,32.19,33.30,31.62,33.19,75444
ABX,20090624,34.12,34.17,33.22,33.59,93731
ABX,20090625,33.68,35.29,33.57,35.26,86425
ABX,20090626,35.42,35.76,34.89,35.03,65143
ABX,20090629,35.08,35.35,34.62,34.87,42740
ABX,20090630,34.70,35.01,33.37,33.55,75121
ABX,20090701,34.22,35.54,34.22,35.00,63138
ABX,20090702,34.20,34.24,33.55,34.06,58575
ABX,20090706,33.28,33.39,32.49,33.12,63417
ABX,20090707,33.24,33.60,32.72,32.78,53371
ABX,20090708,32.46,33.05,31.06,31.48,101246
ABX,20090709,31.88,32.64,31.64,31.73,60395
ABX,20090710,31.43,32.04,31.03,31.64,69361
ABX,20090713,31.24,31.99,30.67,31.99,73532
ABX,20090714,32.64,32.99,32.36,32.84,71555
ABX,20090715,34.11,34.31,33.86,33.94,68966
ABX,20090716,33.66,34.19,33.41,33.97,38488
ABX,20090717,34.26,34.62,33.92,34.45,46140
ABX,20090720,35.58,35.73,34.85,35.59,62976
ABX,20090721,35.97,36.03,34.71,35.41,57062
ABX,20090722,35.05,35.71,34.77,34.95,57124
ABX,20090723,34.60,35.92,34.59,35.09,71045
ABX,20090724,35.38,35.76,35.06,35.35,46046
ABX,20090727,35.73,35.79,34.88,34.98,51216
ABX,20090728,34.39,34.55,33.00,33.50,89067
ABX,20090729,33.23,33.31,32.51,32.86,67345
ABX,20090730,34.00,34.25,33.72,33.85,79905
ABX,20090731,33.77,35.20,33.61,34.90,103573
ABX,20090803,35.68,36.61,35.58,36.11,81960
ABX,20090804,35.79,36.67,35.52,36.16,74105
ABX,20090805,36.33,36.55,35.34,36.03,70708
ABX,20090806,36.53,36.71,35.30,35.75,76389
ABX,20090807,35.51,35.86,34.71,34.77,73782
ABX,20090810,34.34,34.55,33.95,34.26,50116
ABX,20090811,34.04,34.25,33.50,33.63,61520
ABX,20090812,33.50,34.07,33.34,33.60,69480
ABX,20090813,34.33,34.75,33.70,34.19,69788
ABX,20090814,34.44,34.66,33.44,33.92,66169
ABX,20090817,32.87,33.22,32.17,32.94,83527
ABX,20090818,33.00,33.70,33.00,33.46,67577
ABX,20090819,32.95,34.09,32.69,33.82,58780
ABX,20090820,33.69,34.37,33.67,34.14,58360
ABX,20090821,34.93,35.08,34.55,34.67,59951
ABX,20090824,34.98,35.25,34.28,34.38,67609
ABX,20090825,34.96,35.09,34.16,34.51,64340
ABX,20090826,34.25,34.46,33.89,34.20,55638
ABX,20090827,34.14,34.67,33.30,34.58,53998
ABX,20090828,35.23,35.57,34.79,35.43,74898
ABX,20090831,34.57,34.96,34.37,34.70,47736
ABX,20090901,34.91,35.44,34.42,35.05,144156
ABX,20090902,35.62,38.14,35.50,37.89,183119
ABX,20090903,38.23,39.88,37.97,39.53,193180
ABX,20090904,39.12,40.51,38.44,40.04,127993
ABX,20090908,41.98,42.10,39.08,39.30,198059
ABX,20090909,38.03,38.10,36.59,36.95,537790
ABX,20090910,36.97,38.01,36.70,38.00,301517
ABX,20090911,38.76,38.93,37.81,38.18,189161
ABX,20090914,37.57,38.14,37.19,37.39,112865
ABX,20090915,37.41,38.10,37.03,37.95,174178
ABX,20090916,38.71,39.02,38.35,38.53,189363
ABX,20090917,38.12,39.07,37.56,38.06,164064
ABX,20090918,38.11,38.26,36.66,37.05,187857
ABX,20090921,36.06,36.71,35.62,36.51,162721
ABX,20090922,37.48,37.82,36.99,37.50,151623
ABX,20090923,37.45,37.85,36.45,36.53,161133
ABX,20090924,37.54,37.62,35.85,36.46,212670
ABX,20090925,35.94,36.56,35.48,36.14,151121
ABX,20090928,36.43,37.29,36.27,36.31,85186
ABX,20090929,36.33,37.72,36.19,37.55,126301
ABX,20090930,38.07,38.33,37.07,37.90,137661
ABX,20091001,38.10,38.10,36.08,36.18,126285
ABX,20091002,35.90,36.90,35.71,36.10,154785
ABX,20091005,36.37,37.20,35.98,36.91,118699
ABX,20091006,38.32,39.46,38.15,38.84,215205
ABX,20091007,39.22,39.74,38.55,39.28,150477
ABX,20091008,39.66,40.21,39.00,39.51,186169
ABX,20091009,39.28,39.89,38.95,39.48,114421
ABX,20091012,39.85,40.19,39.10,39.36,100411
ABX,20091013,39.63,40.34,38.88,39.90,176678
ABX,20091014,40.48,40.51,39.71,39.97,126842
ABX,20091015,39.42,39.76,38.74,38.91,138557
ABX,20091016,38.67,39.29,38.40,38.66,131509
ABX,20091019,38.96,39.28,38.08,38.98,111548
ABX,20091020,39.20,39.37,37.47,37.85,126638
ABX,20091021,37.57,39.28,37.42,38.10,178396
ABX,20091022,37.86,38.38,37.30,37.93,107363
ABX,20091023,38.45,38.66,37.38,37.57,124354
ABX,20091026,37.57,38.20,36.05,36.20,139347
ABX,20091027,36.25,36.92,35.86,36.09,138153
ABX,20091028,36.00,36.61,34.50,34.58,161748
ABX,20091029,35.34,37.23,35.32,37.03,157479
ABX,20091030,36.56,36.75,34.80,35.93,169988
ABX,20091102,36.86,37.27,35.50,36.51,151956
ABX,20091103,36.22,39.29,35.97,39.17,263934
ABX,20091104,39.57,40.88,39.36,40.28,260704
ABX,20091105,40.20,40.72,39.72,40.71,126143
ABX,20091106,40.57,42.26,40.46,41.63,175505
ABX,20091109,42.87,43.50,42.50,43.00,161287
ABX,20091110,42.67,43.21,42.27,43.13,122863
ABX,20091111,43.98,44.05,42.91,43.07,117715
ABX,20091112,42.66,42.98,41.72,41.87,100199
ABX,20091113,41.87,43.19,41.75,42.89,105160
ABX,20091116,43.83,44.46,43.28,43.99,122533
ABX,20091117,43.31,45.15,43.11,45.10,123993
ABX,20091118,45.43,45.60,43.51,43.74,136653
ABX,20091119,43.34,44.54,42.66,44.34,110353
ABX,20091120,43.35,44.20,43.25,43.98,87059
ABX,20091123,45.23,45.82,43.66,43.88,153679
ABX,20091124,44.18,44.25,42.92,43.22,140535
ABX,20091125,43.76,44.06,43.37,43.99,139628
ABX,20091127,42.06,43.46,41.70,42.54,72448
ABX,20091130,42.46,43.31,42.31,42.69,94691
ABX,20091201,44.12,46.61,44.02,46.07,242334
ABX,20091202,46.62,48.02,46.52,47.93,220617
ABX,20091203,47.36,47.95,46.43,46.84,154765
ABX,20091204,45.32,45.44,41.85,42.68,398407
ABX,20091207,41.66,42.94,40.91,42.44,233179
ABX,20091208,41.62,41.72,40.33,40.51,202861
ABX,20091209,40.91,41.52,40.15,41.28,171451
ABX,20091210,41.53,41.63,40.31,41.01,134900
ABX,20091211,41.17,41.34,39.51,39.58,147076
ABX,20091214,40.14,40.25,39.38,39.90,123897
ABX,20091215,39.84,40.29,39.09,39.10,144786
ABX,20091216,39.61,40.38,39.51,39.92,157346
ABX,20091217,39.18,39.81,38.18,38.39,197928
ABX,20091218,38.58,39.62,38.13,39.52,184733
ABX,20091221,39.80,40.00,38.26,38.96,122831
ABX,20091222,38.99,39.30,38.41,38.89,128485
ABX,20091223,39.21,40.81,39.11,40.23,105178
ABX,20091224,40.74,40.75,40.15,40.35,40117
ABX,20091228,40.64,40.74,39.93,40.52,62060
ABX,20091229,40.65,40.89,39.67,39.71,97746
ABX,20091230,39.25,39.75,39.12,39.56,54902
ABX,20091231,39.95,40.21,39.38,39.38,59293
ABX,20100104,40.70,41.18,40.25,40.39,142132
ABX,20100105,40.66,41.10,40.04,40.89,130190
ABX,20100106,41.32,42.34,41.14,41.76,123292
ABX,20100107,41.67,41.67,40.89,41.17,92904
ABX,20100108,41.60,41.67,40.70,41.43,91985
ABX,20100111,42.57,42.64,41.32,41.64,137779
ABX,20100112,41.16,41.52,39.95,40.30,121264
ABX,20100113,40.53,40.80,39.43,40.70,95810
ABX,20100114,40.65,40.85,39.95,40.47,84714
ABX,20100115,40.19,40.27,39.36,39.70,116208
ABX,20100119,39.28,39.72,38.99,39.66,87801
ABX,20100120,38.46,38.64,37.23,37.87,165813
ABX,20100121,37.75,37.78,36.35,36.52,214337
ABX,20100122,36.37,37.52,36.11,36.50,173398
ABX,20100125,37.18,37.18,36.04,36.04,115231
ABX,20100126,35.78,36.78,35.62,36.07,130302
ABX,20100127,36.02,36.27,35.20,35.74,124719
ABX,20100128,36.28,36.32,34.84,35.91,153190
ABX,20100129,35.80,36.38,34.63,34.82,144356
ABX,20100201,35.19,36.50,35.17,36.50,92647
ABX,20100202,37.01,37.03,36.09,36.21,113467
ABX,20100203,36.09,36.62,35.81,35.91,81835
ABX,20100204,35.09,35.21,33.76,34.00,163754
ABX,20100205,33.92,35.95,33.65,35.83,199763
ABX,20100208,35.74,35.88,34.49,34.57,103990
ABX,20100209,35.27,36.15,34.93,35.67,140808
ABX,20100210,35.74,35.92,34.94,35.68,97506
ABX,20100211,36.01,37.17,35.58,37.07,114112
ABX,20100212,36.40,36.83,36.04,36.70,90902
ABX,20100216,37.86,37.97,37.36,37.44,153876
ABX,20100217,37.44,38.24,37.36,37.86,162290
ABX,20100218,38.00,39.47,37.95,39.23,177383
ABX,20100219,38.84,40.00,38.61,39.37,159545
ABX,20100222,39.57,39.69,38.34,38.37,100467
ABX,20100223,38.34,38.53,36.91,37.27,118653
ABX,20100224,37.07,37.79,36.55,36.71,105963
ABX,20100225,36.37,37.69,35.79,37.44,157176
ABX,20100226,37.84,37.96,37.22,37.66,103508
ABX,20100301,38.10,38.55,37.31,38.45,95172
ABX,20100302,38.97,40.11,38.71,39.47,140671
ABX,20100303,39.99,40.54,39.53,40.14,107867
ABX,20100304,40.11,40.33,39.34,39.80,113805
ABX,20100305,40.20,40.66,40.04,40.26,83255
ABX,20100308,40.31,40.80,39.52,39.68,76880
ABX,20100309,39.22,39.89,39.14,39.54,79380
ABX,20100310,39.55,39.79,38.48,38.75,106383
ABX,20100311,38.55,39.19,38.36,39.18,77401
ABX,20100312,39.27,39.52,38.63,39.06,85144
ABX,20100315,39.22,39.27,38.52,39.01,71275
ABX,20100316,39.68,40.35,39.46,40.09,107180
ABX,20100317,40.29,40.61,40.08,40.16,91157
ABX,20100318,40.10,40.57,39.43,39.78,75722
ABX,20100319,39.73,39.89,38.81,39.42,124868
ABX,20100322,38.90,39.42,38.50,39.41,88672
ABX,20100323,39.24,39.76,38.62,38.82,135484
ABX,20100324,38.24,38.30,37.11,37.24,173423
ABX,20100325,37.79,37.80,36.75,36.77,123102
ABX,20100326,36.95,37.58,36.69,37.41,102293
ABX,20100329,37.64,37.97,37.34,37.81,90913
ABX,20100330,37.92,38.05,37.41,37.76,67817
ABX,20100331,38.39,38.71,38.05,38.34,101596
ABX,20100401,38.95,39.52,38.61,39.45,101286
ABX,20100405,39.65,39.90,39.25,39.65,60735
ABX,20100406,39.48,39.71,39.28,39.42,73810
ABX,20100407,39.84,40.96,39.78,40.70,144225
ABX,20100408,40.55,41.11,40.17,40.95,91168
ABX,20100409,41.21,41.85,40.87,41.29,92747
ABX,20100412,40.97,41.72,40.59,40.76,106868
ABX,20100413,40.47,40.56,39.55,40.43,89686
ABX,20100414,41.17,41.36,40.36,40.67,79439
ABX,20100415,40.52,40.86,39.94,40.00,88625
ABX,20100416,39.61,39.92,38.44,39.11,135053
ABX,20100419,38.50,39.14,38.14,39.14,69210
ABX,20100420,39.70,39.84,39.11,39.13,58420
ABX,20100421,39.33,39.87,39.02,39.50,65328
ABX,20100422,39.11,40.23,38.80,40.17,97833
ABX,20100423,40.05,40.63,39.47,40.46,71128
ABX,20100426,40.53,40.84,40.21,40.46,49932
ABX,20100427,39.93,40.94,39.79,40.67,105486
ABX,20100428,41.63,42.80,41.35,42.17,208713
ABX,20100429,42.81,43.50,42.47,42.87,141687
ABX,20100430,43.40,44.37,43.27,43.55,147320
ABX,20100503,43.95,44.11,42.32,42.82,81240
ABX,20100504,43.20,43.56,41.95,42.91,136685
ABX,20100505,41.76,43.27,41.63,42.88,114153
ABX,20100506,42.73,44.33,42.53,43.68,220705
ABX,20100507,43.28,44.24,42.46,42.82,226656
ABX,20100510,43.06,43.99,42.30,43.91,139586
ABX,20100511,44.89,46.55,44.85,45.88,210664
ABX,20100512,46.68,47.21,45.62,45.66,191860
ABX,20100513,45.54,45.74,44.59,44.81,104894
ABX,20100514,45.34,46.05,44.11,45.62,155960
ABX,20100517,45.80,45.80,43.89,44.43,108732
ABX,20100518,43.97,44.99,43.90,44.48,105503
ABX,20100519,43.87,44.09,41.51,42.70,168040
ABX,20100520,41.67,42.37,40.75,41.00,171544
ABX,20100521,40.18,41.40,39.95,41.02,121021
ABX,20100524,41.66,42.11,41.07,41.12,67380
ABX,20100525,40.83,42.48,40.60,42.35,141004
ABX,20100526,42.94,43.10,41.80,41.81,106958
ABX,20100527,42.22,42.92,42.13,42.44,76786
ABX,20100528,42.52,42.66,41.76,42.08,72766
ABX,20100601,42.62,43.73,42.50,42.59,137578
ABX,20100602,42.83,43.24,42.60,43.10,92542
ABX,20100603,43.39,43.42,41.82,42.30,81662
ABX,20100604,41.82,42.25,41.17,41.42,112242
ABX,20100607,41.43,43.57,41.13,43.12,123984
ABX,20100608,43.55,44.60,43.22,43.34,142421
ABX,20100609,43.20,43.53,42.43,42.72,90447
ABX,20100610,42.58,43.42,42.54,42.92,81635
ABX,20100611,43.10,43.50,42.88,43.11,68171
ABX,20100614,42.93,43.00,41.84,42.00,103129
ABX,20100615,41.82,42.94,41.75,42.94,65606
ABX,20100616,42.78,43.47,42.71,43.19,70155
ABX,20100617,44.06,44.94,43.89,44.82,135235
ABX,20100618,45.50,46.46,45.30,46.38,159192
ABX,20100621,46.22,46.36,44.47,44.80,106663
ABX,20100622,45.07,45.53,44.62,44.73,72229
ABX,20100623,44.29,44.96,43.91,44.74,82695
ABX,20100624,44.81,45.35,44.48,44.59,78688
ABX,20100625,45.36,46.88,45.12,46.33,100283
ABX,20100628,46.50,47.25,45.72,46.19,107591
ABX,20100629,45.50,45.74,44.72,45.00,96391
ABX,20100630,44.90,46.00,44.84,45.41,92360
ABX,20100701,45.00,45.34,42.40,43.10,131668
ABX,20100702,43.48,44.03,42.96,43.24,88814
ABX,20100706,43.83,43.87,42.44,42.98,110601
ABX,20100707,42.70,43.88,42.41,43.88,82432
ABX,20100708,44.05,44.29,42.01,42.58,133107
ABX,20100709,43.44,44.14,43.19,43.57,88762
ABX,20100712,43.45,44.38,43.35,43.57,85519
ABX,20100713,44.71,44.78,43.09,43.13,111224
ABX,20100714,43.35,43.77,42.74,42.99,74736
ABX,20100715,43.11,43.35,42.43,43.07,79552
ABX,20100716,42.15,42.23,41.56,41.75,92196
ABX,20100719,41.32,41.46,40.58,41.15,80609
ABX,20100720,41.14,42.00,40.88,41.81,63007
ABX,20100721,42.15,42.43,41.43,41.73,70828
ABX,20100722,42.20,42.83,42.00,42.23,73236
ABX,20100723,42.50,42.76,42.10,42.37,74829
ABX,20100726,42.53,42.66,41.69,41.75,78206
ABX,20100727,41.50,41.65,39.90,40.03,151097
ABX,20100728,39.85,40.29,39.67,40.03,126149
ABX,20100729,40.85,41.00,40.04,40.54,91784
ABX,20100730,41.01,41.35,40.42,41.10,67366
ABX,20100802,41.98,41.98,40.66,40.95,62151
ABX,20100803,41.40,41.89,41.09,41.37,67568
ABX,20100804,42.34,42.88,42.07,42.61,87914
ABX,20100805,42.79,42.85,42.30,42.73,48058
ABX,20100806,43.21,43.97,43.06,43.39,78869
ABX,20100809,43.42,43.48,42.78,43.35,43385
ABX,20100810,42.63,43.56,42.28,43.49,86151
ABX,20100811,43.42,43.62,42.23,42.40,75852
ABX,20100812,42.98,43.30,42.82,43.20,92834
ABX,20100813,43.34,43.45,42.83,42.92,55381
ABX,20100816,43.40,43.69,43.20,43.63,64176
ABX,20100817,43.85,44.48,43.53,44.29,65808
ABX,20100818,43.96,45.49,43.86,45.26,73887
ABX,20100819,45.30,45.75,44.40,44.88,52317
ABX,20100820,44.29,44.79,44.00,44.78,47532
ABX,20100823,44.53,44.65,43.80,44.11,42245
ABX,20100824,43.00,44.39,42.80,43.78,70230
ABX,20100825,44.10,45.27,43.87,45.13,66115
ABX,20100826,45.21,46.24,45.14,46.13,90372
ABX,20100827,45.84,46.54,45.41,46.50,97191
ABX,20100830,46.33,46.83,46.24,46.34,50386
ABX,20100831,46.88,47.50,46.60,46.76,88292
ABX,20100901,47.41,47.56,45.28,45.33,106833
ABX,20100902,45.74,45.75,44.71,45.22,93146
ABX,20100903,45.10,45.37,44.62,45.30,78836
ABX,20100907,45.80,46.34,45.50,45.75,63225
ABX,20100908,46.05,46.35,45.45,45.45,58745
ABX,20100909,45.62,45.80,44.02,44.19,88087
ABX,20100910,43.91,44.96,43.83,44.72,43116
ABX,20100913,44.60,44.95,44.09,44.21,57557
ABX,20100914,45.19,45.87,44.93,45.22,129140
ABX,20100915,45.31,45.66,44.88,44.99,89664
ABX,20100916,45.50,45.94,45.25,45.90,100683
ABX,20100917,46.46,46.75,45.90,45.99,81825
ABX,20100920,46.42,47.11,46.14,46.45,72352
ABX,20100921,46.32,46.97,44.91,46.82,158448
ABX,20100922,47.41,47.55,46.85,47.22,102209
ABX,20100923,46.92,47.47,46.45,46.71,83902
ABX,20100924,47.11,47.51,46.19,46.37,71570
ABX,20100927,46.70,46.80,45.66,45.76,61234
ABX,20100928,45.43,46.86,44.76,46.76,126458
ABX,20100929,46.88,47.10,46.47,46.96,74698
ABX,20100930,46.95,47.29,45.52,46.29,119478
ABX,20101001,46.79,47.28,46.55,47.01,86491
ABX,20101004,46.80,46.90,45.75,45.98,58629
ABX,20101005,47.20,47.81,46.77,47.32,107331
ABX,20101006,47.59,48.81,47.51,48.59,121779
ABX,20101007,48.56,48.99,47.21,47.68,130095
ABX,20101008,47.90,48.65,47.78,48.57,86340
ABX,20101011,48.57,49.13,48.00,48.71,59566
ABX,20101012,48.59,48.63,47.86,48.44,82433
ABX,20101013,49.36,49.66,49.10,49.25,123536
ABX,20101014,49.29,49.34,48.44,48.74,88898
ABX,20101015,48.50,48.82,47.54,47.99,91768
ABX,20101018,47.51,47.97,47.08,47.82,79729
ABX,20101019,45.55,45.99,45.01,45.46,156590
ABX,20101020,45.50,46.50,45.42,45.90,95171
ABX,20101021,46.00,46.45,44.86,45.45,94706
ABX,20101022,45.44,46.00,45.10,45.97,52938
ABX,20101025,46.99,47.11,46.21,46.53,74779
ABX,20101026,45.99,46.91,45.90,46.62,58538
ABX,20101027,45.99,46.06,44.98,45.60,108228
ABX,20101028,46.40,47.23,45.67,47.02,96652
ABX,20101029,47.64,48.31,47.47,48.09,82582
ABX,20101101,48.47,48.50,47.65,48.05,53798
ABX,20101102,48.65,49.03,48.14,48.74,61912
ABX,20101103,48.54,48.89,47.63,48.38,100466
ABX,20101104,50.00,50.07,49.19,49.31,170543
ABX,20101105,49.07,49.95,48.80,49.21,99767
ABX,20101108,49.01,51.27,48.94,51.21,120330
ABX,20101109,51.98,53.44,50.35,50.89,234790
ABX,20101110,51.53,51.93,50.29,51.81,133929
ABX,20101111,52.00,52.20,50.96,51.88,82781
ABX,20101112,50.97,51.80,50.22,50.73,99111
ABX,20101115,50.90,51.04,50.10,50.15,71999
ABX,20101116,49.72,50.08,48.57,48.85,138093
ABX,20101117,48.76,49.90,48.66,49.17,81082
ABX,20101118,50.11,50.28,49.40,49.55,85525
ABX,20101119,49.27,49.89,49.03,49.77,57021
ABX,20101122,49.60,50.47,49.37,50.25,65329
ABX,20101123,50.28,50.99,50.00,50.82,93765
ABX,20101124,51.15,51.27,50.51,50.98,54200
ABX,20101126,50.03,50.56,49.93,50.43,35931
ABX,20101129,50.16,50.49,49.38,50.33,67027
ABX,20101130,50.67,52.14,50.50,51.65,110456
ABX,20101201,52.17,52.59,51.57,52.44,73518
ABX,20101202,52.94,53.77,52.78,53.29,92174
ABX,20101203,53.80,55.38,53.78,54.00,120222
ABX,20101206,54.37,54.98,54.02,54.83,100051
ABX,20101207,55.65,55.72,53.91,54.16,94917
ABX,20101208,53.29,54.14,52.67,52.95,107656
ABX,20101209,53.60,53.74,52.84,53.38,59953
ABX,20101210,53.15,53.67,52.66,53.30,62702
ABX,20101213,54.00,54.47,53.59,53.88,62493
ABX,20101214,53.98,54.04,52.86,53.15,69781
ABX,20101215,52.70,53.20,52.29,52.53,72172
ABX,20101216,52.05,52.22,50.72,51.63,108103
ABX,20101217,51.85,52.00,50.65,51.63,75700
ABX,20101220,52.08,52.28,51.62,51.89,38358
ABX,20101221,51.97,52.01,51.38,51.68,35880
ABX,20101222,51.71,51.80,51.17,51.22,33833
ABX,20101223,51.07,51.97,50.70,51.63,36817
ABX,20101227,51.58,51.72,50.96,51.60,20078
ABX,20101228,52.57,53.20,52.18,52.96,42502
ABX,20101229,53.30,53.38,52.67,53.08,40440
ABX,20101230,53.12,53.26,52.45,52.60,29437
ABX,20101231,52.81,53.46,52.60,53.18,35792
ABX,20110103,53.92,53.93,52.39,52.59,60888
ABX,20110104,52.23,52.42,50.60,51.67,118964
ABX,20110105,51.14,51.24,49.89,49.90,161683
ABX,20110106,50.17,50.26,48.69,49.26,141612
ABX,20110107,49.06,49.96,48.97,49.10,81048
