AGCO,20090115,20.95,21.14,19.57,20.73,28820
AGCO,20090116,21.44,21.90,20.02,20.96,26346
AGCO,20090120,20.64,20.89,19.22,19.61,23350
AGCO,20090121,20.10,21.60,19.82,21.45,35260
AGCO,20090122,20.93,21.51,19.45,19.96,36749
AGCO,20090123,19.17,20.52,19.17,19.83,27551
AGCO,20090126,18.51,21.15,18.51,20.32,23048
AGCO,20090127,20.46,21.99,20.46,21.17,19890
AGCO,20090128,21.91,23.49,21.83,22.83,23875
AGCO,20090129,22.31,22.75,21.57,21.85,14409
AGCO,20090130,21.88,21.88,20.27,21.28,24612
AGCO,20090202,20.91,21.50,20.34,21.41,20030
AGCO,20090203,21.63,21.94,21.10,21.69,14778
AGCO,20090204,21.80,23.12,21.77,22.94,23600
AGCO,20090205,23.05,24.44,22.25,24.10,31321
AGCO,20090206,24.20,25.54,24.20,25.04,28435
AGCO,20090209,26.42,26.42,23.22,23.89,38777
AGCO,20090210,22.38,23.92,21.45,22.08,31123
AGCO,20090211,22.32,22.90,21.27,21.92,20148
AGCO,20090212,21.02,21.49,20.55,21.37,28238
AGCO,20090213,21.58,21.66,20.25,20.47,29389
AGCO,20090217,19.50,19.70,18.45,18.52,34836
AGCO,20090218,18.24,19.74,17.89,18.94,37076
AGCO,20090219,19.47,19.47,18.16,18.23,18762
AGCO,20090220,16.18,17.80,16.18,16.95,33295
AGCO,20090223,17.46,17.66,16.16,16.17,30182
AGCO,20090224,16.25,17.63,16.00,17.43,23909
AGCO,20090225,17.35,17.64,16.27,16.70,21723
AGCO,20090226,16.73,17.61,16.64,17.36,34855
AGCO,20090227,16.91,17.73,16.60,17.14,27192
AGCO,20090302,16.49,16.62,15.26,15.37,23885
AGCO,20090303,15.65,16.33,15.14,15.81,34685
AGCO,20090304,16.35,16.98,16.05,16.33,25626
AGCO,20090305,15.80,16.22,14.84,15.11,22520
AGCO,20090306,15.38,15.88,14.62,15.10,17146
AGCO,20090309,14.86,15.90,14.69,15.53,21973
AGCO,20090310,16.00,16.69,15.75,16.58,31356
AGCO,20090311,16.74,17.23,16.23,16.75,21210
AGCO,20090312,16.66,17.63,16.11,17.60,21198
AGCO,20090313,17.73,17.83,16.81,17.09,18246
AGCO,20090316,17.35,17.95,17.32,17.46,28407
AGCO,20090317,17.46,18.58,16.93,18.58,26403
AGCO,20090318,18.68,19.59,17.73,19.30,27244
AGCO,20090319,19.73,20.00,19.24,19.57,21957
AGCO,20090320,19.62,19.72,17.71,17.88,25512
AGCO,20090323,18.76,20.12,18.53,20.12,27019
AGCO,20090324,19.43,20.30,18.99,19.90,20717
AGCO,20090325,20.10,20.65,18.79,19.66,18702
AGCO,20090326,20.37,21.23,19.85,21.17,23194
AGCO,20090327,20.76,21.53,20.68,21.08,17784
AGCO,20090330,20.38,20.40,18.90,19.35,24209
AGCO,20090331,19.62,20.11,19.10,19.60,16628
AGCO,20090401,19.21,20.90,18.94,20.63,26109
AGCO,20090402,21.25,22.65,21.24,22.29,23450
AGCO,20090403,22.22,23.06,21.87,22.93,16841
AGCO,20090406,22.48,23.00,21.66,22.89,22506
AGCO,20090407,22.28,22.32,21.24,21.44,10375
AGCO,20090408,21.54,21.85,20.96,21.39,9367
AGCO,20090409,22.09,23.30,22.03,23.30,13991
AGCO,20090413,23.05,23.78,22.58,23.61,13578
AGCO,20090414,23.39,24.29,23.05,23.36,14578
AGCO,20090415,23.06,23.87,23.05,23.87,8983
AGCO,20090416,23.95,25.11,23.50,24.90,11930
AGCO,20090417,24.94,24.94,23.55,24.16,15586
AGCO,20090420,23.62,23.93,22.17,22.28,12216
AGCO,20090421,21.65,23.08,21.65,22.92,13429
AGCO,20090422,22.56,24.67,22.56,23.92,14025
AGCO,20090423,23.66,24.25,22.95,23.60,16065
AGCO,20090424,24.11,26.23,23.82,25.58,33484
AGCO,20090427,25.35,25.57,23.97,24.25,23050
AGCO,20090428,23.18,24.30,23.03,23.68,19536
AGCO,20090429,24.16,24.35,23.31,24.08,25695
AGCO,20090430,24.75,25.52,24.13,24.30,26191
AGCO,20090501,25.54,25.90,24.57,25.51,27363
AGCO,20090504,24.55,26.49,24.55,25.53,10916
AGCO,20090505,25.50,27.07,25.37,26.92,16279
AGCO,20090506,28.11,28.11,26.27,27.39,15441
AGCO,20090507,27.67,27.82,25.04,25.53,13698
AGCO,20090508,25.55,26.67,25.35,26.21,11202
AGCO,20090511,25.64,26.07,24.70,24.74,12608
AGCO,20090512,24.80,25.70,24.69,25.47,11987
AGCO,20090513,24.97,25.19,24.16,24.22,15940
AGCO,20090514,24.30,25.27,24.09,25.09,13341
AGCO,20090515,25.04,25.94,24.75,25.22,15738
AGCO,20090518,25.23,27.40,25.10,27.33,16516
AGCO,20090519,27.39,28.20,27.09,27.89,14121
AGCO,20090520,28.27,29.79,27.51,27.74,20084
AGCO,20090521,27.61,27.73,25.97,26.32,11468
AGCO,20090522,26.43,26.99,26.13,26.36,9696
AGCO,20090526,25.90,27.22,25.67,27.04,8437
AGCO,20090527,26.70,27.87,26.61,27.38,13627
AGCO,20090528,27.60,27.98,26.96,27.67,10994
AGCO,20090529,27.86,28.86,27.86,28.86,12176
AGCO,20090601,28.80,30.96,28.80,30.79,12792
AGCO,20090602,30.41,31.28,29.97,30.34,12081
AGCO,20090603,29.95,30.07,28.67,28.93,9401
AGCO,20090604,29.02,30.60,28.72,30.40,10518
AGCO,20090605,31.26,31.26,28.91,29.48,16011
AGCO,20090608,29.08,29.08,28.18,28.81,7631
AGCO,20090609,29.10,29.44,28.47,29.21,7741
AGCO,20090610,30.04,30.08,28.31,28.77,13690
AGCO,20090611,28.86,29.35,28.50,28.71,8749
AGCO,20090612,28.71,28.73,27.84,28.39,6824
AGCO,20090615,29.50,29.50,27.64,28.23,14431
AGCO,20090616,28.61,28.99,26.86,26.98,38083
AGCO,20090617,26.88,27.43,25.90,27.26,18908
AGCO,20090618,27.21,27.88,26.40,27.55,15756
AGCO,20090619,27.57,28.58,27.56,27.88,11841
AGCO,20090622,27.50,28.19,26.31,26.35,12027
AGCO,20090623,26.39,26.94,25.81,26.69,13228
AGCO,20090624,27.50,28.69,27.21,28.28,15148
AGCO,20090625,27.77,29.79,27.77,29.70,10649
AGCO,20090626,29.40,30.06,29.33,29.65,21048
AGCO,20090629,29.75,30.54,29.68,30.26,7369
AGCO,20090630,29.70,30.11,28.62,29.07,18020
AGCO,20090701,29.18,30.12,29.18,29.29,7648
AGCO,20090702,28.57,28.77,28.03,28.03,6505
AGCO,20090706,27.60,28.12,26.89,27.42,8470
AGCO,20090707,27.34,27.34,25.54,25.55,14391
AGCO,20090708,25.68,26.12,25.13,25.65,14044
AGCO,20090709,25.62,26.37,25.58,25.96,10739
AGCO,20090710,25.65,25.77,24.95,25.06,12504
AGCO,20090713,25.28,26.26,24.61,26.21,13043
AGCO,20090714,26.20,26.64,25.79,26.59,7738
AGCO,20090715,26.98,27.95,26.82,27.88,10619
AGCO,20090716,27.77,29.63,27.77,29.36,16915
AGCO,20090717,29.68,29.94,29.07,29.23,9612
AGCO,20090720,29.55,30.39,29.20,29.87,10576
AGCO,20090721,30.40,31.47,29.19,29.59,13214
AGCO,20090722,29.22,29.58,28.37,28.74,13262
AGCO,20090723,28.69,30.91,28.32,30.79,12575
AGCO,20090724,30.17,31.62,29.81,31.59,12349
AGCO,20090727,31.35,31.78,31.00,31.56,12178
AGCO,20090728,30.99,31.70,30.67,31.34,10245
AGCO,20090729,30.89,31.54,30.44,31.13,12560
AGCO,20090730,31.11,32.15,30.97,31.04,9691
AGCO,20090731,30.80,31.85,30.57,31.46,10697
AGCO,20090803,32.06,33.18,31.74,32.84,14861
AGCO,20090804,32.76,33.49,32.76,33.31,16404
AGCO,20090805,33.47,33.51,32.19,32.50,9509
AGCO,20090806,32.77,33.52,32.61,32.81,13606
AGCO,20090807,33.06,33.83,33.04,33.50,10150
AGCO,20090810,33.34,33.42,32.60,32.86,12131
AGCO,20090811,32.84,32.84,31.97,32.04,8733
AGCO,20090812,31.76,32.41,31.65,31.92,16764
AGCO,20090813,31.92,32.21,31.00,31.48,20759
AGCO,20090814,31.59,31.73,30.17,30.66,21520
AGCO,20090817,30.15,30.15,29.11,29.45,12703
AGCO,20090818,29.80,30.59,29.80,30.55,11029
AGCO,20090819,30.25,30.46,29.53,30.03,9862
AGCO,20090820,30.05,30.73,29.90,30.59,5871
AGCO,20090821,30.80,31.63,30.54,31.54,10583
AGCO,20090824,31.74,32.01,31.14,31.28,4834
AGCO,20090825,31.56,32.46,31.22,32.20,8795
AGCO,20090826,31.89,32.00,31.25,31.83,10566
AGCO,20090827,31.80,32.53,31.10,32.38,8880
AGCO,20090828,32.76,32.85,31.38,31.56,8182
AGCO,20090831,30.84,31.26,30.55,31.24,8228
AGCO,20090901,30.93,31.84,30.21,30.37,8439
AGCO,20090902,30.38,30.53,28.23,29.06,28951
AGCO,20090903,29.40,29.68,28.72,29.49,8086
AGCO,20090904,29.71,29.81,29.22,29.67,7032
AGCO,20090908,30.17,30.40,29.76,30.04,8514
AGCO,20090909,29.95,31.10,29.90,30.86,5143
AGCO,20090910,30.76,31.26,30.33,30.97,9358
AGCO,20090911,30.99,31.97,30.99,31.63,7255
AGCO,20090914,31.41,32.51,31.21,32.45,7441
AGCO,20090915,32.37,32.90,32.04,32.56,6959
AGCO,20090916,30.54,30.60,27.92,29.45,87215
AGCO,20090917,29.18,30.60,28.70,30.19,33579
AGCO,20090918,30.30,30.46,28.37,29.01,28447
AGCO,20090921,28.70,28.86,28.26,28.43,19387
AGCO,20090922,28.61,29.00,28.16,28.23,19794
AGCO,20090923,28.23,28.72,27.82,27.90,20002
AGCO,20090924,28.04,28.19,26.81,27.27,19110
AGCO,20090925,27.29,27.40,26.75,27.26,13715
AGCO,20090928,27.61,27.89,27.10,27.43,7260
AGCO,20090929,27.71,28.06,27.25,27.57,18527
AGCO,20090930,27.85,28.38,27.00,27.63,14365
AGCO,20091001,27.38,27.59,26.06,26.15,20826
AGCO,20091002,26.06,26.84,25.77,26.54,19722
AGCO,20091005,26.82,27.23,26.74,27.02,14415
AGCO,20091006,27.24,28.34,27.24,27.52,14357
AGCO,20091007,27.50,27.50,26.33,26.69,23960
AGCO,20091008,26.95,27.37,26.65,27.05,20335
AGCO,20091009,27.05,27.41,26.35,27.36,20714
AGCO,20091012,27.72,27.74,26.56,26.92,12316
AGCO,20091013,26.88,27.13,26.52,26.97,13654
AGCO,20091014,26.50,26.99,26.46,26.93,21462
AGCO,20091015,26.57,27.15,26.57,26.92,20689
AGCO,20091016,26.68,26.84,26.32,26.67,11777
AGCO,20091019,26.80,28.48,26.65,28.40,19274
AGCO,20091020,28.68,29.12,28.41,28.70,28936
AGCO,20091021,28.41,30.78,28.27,29.46,32150
AGCO,20091022,29.31,29.56,28.70,29.56,17727
AGCO,20091023,29.53,29.99,28.91,29.54,13788
AGCO,20091026,29.55,30.35,28.49,28.65,18285
AGCO,20091027,30.76,30.76,28.47,28.75,13257
AGCO,20091028,28.50,28.89,27.75,27.78,14788
AGCO,20091029,28.13,29.18,28.06,29.05,13200
AGCO,20091030,28.94,29.19,27.69,28.11,13416
AGCO,20091102,28.20,28.74,27.77,28.46,16416
AGCO,20091103,28.25,28.86,27.83,28.85,12276
AGCO,20091104,29.12,29.43,28.32,28.44,12577
AGCO,20091105,28.53,29.61,28.35,29.59,9102
AGCO,20091106,29.39,29.70,28.81,29.01,7117
AGCO,20091109,29.35,30.09,29.35,30.00,8253
AGCO,20091110,29.76,30.24,29.25,29.36,11048
AGCO,20091111,29.38,29.98,29.38,29.64,7591
AGCO,20091112,29.66,29.90,28.98,29.03,6843
AGCO,20091113,29.21,29.44,28.81,29.09,10031
AGCO,20091116,29.46,29.93,29.24,29.43,10137
AGCO,20091117,29.16,29.43,29.00,29.35,8348
AGCO,20091118,29.48,30.95,29.47,30.60,26431
AGCO,20091119,30.27,30.40,29.43,29.58,16166
AGCO,20091120,29.46,29.57,28.58,29.00,12208
AGCO,20091123,29.63,30.03,29.14,29.34,20342
AGCO,20091124,29.26,29.56,29.18,29.39,12967
AGCO,20091125,29.35,30.83,29.06,30.82,16872
AGCO,20091127,29.85,30.81,29.63,30.15,8789
AGCO,20091130,30.19,30.58,29.72,30.31,14555
AGCO,20091201,30.66,32.24,30.31,31.91,26549
AGCO,20091202,32.04,32.35,31.61,32.31,25408
AGCO,20091203,32.30,32.64,32.16,32.29,19771
AGCO,20091204,32.50,33.10,32.00,32.18,17095
AGCO,20091207,32.05,32.36,31.20,31.37,18756
AGCO,20091208,30.94,31.71,30.38,30.95,25130
AGCO,20091209,31.16,31.24,30.10,30.64,13314
AGCO,20091210,30.79,31.22,30.11,30.19,9379
AGCO,20091211,30.41,30.59,29.71,29.82,13947
AGCO,20091214,30.12,30.34,29.69,30.00,11367
AGCO,20091215,29.80,30.42,29.72,30.05,9725
AGCO,20091216,29.96,30.93,29.95,30.77,8206
AGCO,20091217,30.39,30.70,30.04,30.36,8459
AGCO,20091218,30.86,31.03,30.23,31.03,13429
AGCO,20091221,31.27,31.80,31.02,31.80,7200
AGCO,20091222,31.86,32.80,31.83,32.78,10697
AGCO,20091223,32.80,32.92,32.35,32.66,9759
AGCO,20091224,32.68,32.98,32.62,32.77,3543
AGCO,20091228,32.86,32.98,32.39,32.51,6782
AGCO,20091229,32.55,32.76,32.23,32.28,8133
AGCO,20091230,32.08,32.61,31.90,32.42,9195
AGCO,20091231,32.57,32.87,32.26,32.34,7843
AGCO,20100104,32.70,33.57,32.50,33.03,13388
AGCO,20100105,33.02,33.62,32.76,33.16,9256
AGCO,20100106,33.06,33.58,32.76,32.99,10938
AGCO,20100107,32.90,33.49,32.62,33.39,7611
AGCO,20100108,33.42,35.70,33.12,35.69,19999
AGCO,20100111,35.60,37.41,35.60,36.86,18462
AGCO,20100112,36.46,36.46,34.37,35.24,24066
AGCO,20100113,35.17,35.52,34.16,35.41,13093
AGCO,20100114,35.04,35.37,34.21,34.97,9818
AGCO,20100115,34.85,34.85,34.05,34.58,8960
AGCO,20100119,34.65,34.98,34.40,34.54,5519
AGCO,20100120,34.21,34.50,33.14,33.65,17871
AGCO,20100121,33.71,33.87,32.54,32.95,10007
AGCO,20100122,32.93,33.01,31.63,31.68,7021
AGCO,20100125,32.07,32.52,32.00,32.07,12674
AGCO,20100126,31.73,33.11,31.61,32.61,17434
AGCO,20100127,32.01,32.58,31.61,32.38,6326
AGCO,20100128,32.37,32.58,31.27,31.33,8024
AGCO,20100129,31.49,32.00,30.90,30.91,7985
AGCO,20100201,31.10,31.93,31.06,31.93,7089
AGCO,20100202,32.00,32.26,31.55,31.95,11758
AGCO,20100203,31.80,32.29,31.61,31.78,3335
AGCO,20100204,31.52,31.57,30.11,30.22,9782
AGCO,20100205,30.17,30.54,29.60,30.44,9674
AGCO,20100208,30.43,30.89,29.89,30.44,7089
AGCO,20100209,31.99,32.59,31.08,31.81,20980
AGCO,20100210,31.69,32.06,31.05,31.72,12703
AGCO,20100211,31.75,33.64,31.54,33.46,17244
AGCO,20100212,33.07,33.88,32.73,33.79,8826
AGCO,20100216,34.51,34.75,33.94,34.49,12743
AGCO,20100217,35.70,35.76,34.69,34.84,8276
AGCO,20100218,34.99,35.29,34.51,34.59,7069
AGCO,20100219,34.44,34.92,34.21,34.75,5432
AGCO,20100222,34.95,34.98,34.48,34.71,4180
AGCO,20100223,34.50,34.90,33.63,33.71,11724
AGCO,20100224,33.69,34.21,33.28,33.42,8509
AGCO,20100225,32.81,33.91,32.65,33.62,8797
AGCO,20100226,33.71,34.31,33.29,34.25,7080
AGCO,20100301,34.29,35.01,34.29,34.78,6312
AGCO,20100302,35.00,35.21,34.54,34.72,4261
AGCO,20100303,34.92,35.81,34.82,35.42,7752
AGCO,20100304,35.65,35.81,34.70,34.92,7869
AGCO,20100305,35.27,35.70,35.08,35.27,8031
AGCO,20100308,35.17,35.36,34.73,35.17,5292
AGCO,20100309,35.04,35.70,34.87,35.57,7001
AGCO,20100310,35.72,35.93,35.10,35.56,11522
AGCO,20100311,35.42,35.42,33.86,34.20,13056
AGCO,20100312,34.43,35.06,34.23,34.73,11571
AGCO,20100315,34.70,34.70,34.13,34.59,6449
AGCO,20100316,34.86,35.01,34.41,34.90,5804
AGCO,20100317,35.09,35.79,35.00,35.42,6619
AGCO,20100318,34.97,35.39,34.50,34.91,7624
AGCO,20100319,35.12,35.21,34.34,34.55,9639
AGCO,20100322,34.29,35.03,33.95,34.80,6924
AGCO,20100323,34.90,36.15,34.81,35.82,11308
AGCO,20100324,35.65,36.09,35.36,35.77,7830
AGCO,20100325,36.23,36.79,35.88,35.92,11144
AGCO,20100326,36.12,36.59,35.69,35.95,5421
AGCO,20100329,36.04,36.44,35.93,36.22,6090
AGCO,20100330,36.47,37.10,36.47,36.65,19049
AGCO,20100331,36.64,36.85,35.84,35.87,8337
AGCO,20100401,36.09,36.60,35.94,36.21,5278
AGCO,20100405,36.46,37.27,36.45,37.25,7000
AGCO,20100406,37.32,37.53,37.12,37.38,14875
AGCO,20100407,37.39,37.84,37.11,37.51,13464
AGCO,20100408,37.37,38.07,37.07,37.68,18497
AGCO,20100409,37.86,38.72,37.79,38.63,10675
AGCO,20100412,38.76,39.06,38.46,38.99,13785
AGCO,20100413,38.88,39.62,38.74,39.61,11336
AGCO,20100414,39.76,39.90,38.07,39.20,16789
AGCO,20100415,39.20,39.35,38.26,38.33,17121
AGCO,20100416,38.46,39.00,37.65,38.32,19836
AGCO,20100419,38.07,38.83,37.67,38.15,11540
AGCO,20100420,38.30,39.27,38.30,38.90,10755
AGCO,20100421,38.83,39.08,37.69,37.98,12625
AGCO,20100422,37.56,38.70,37.20,38.48,13874
AGCO,20100423,38.47,39.09,38.08,38.88,11672
AGCO,20100426,38.88,40.29,38.74,39.77,14964
AGCO,20100427,39.38,39.38,35.72,35.92,38771
AGCO,20100428,36.04,36.98,35.56,35.86,17157
AGCO,20100429,36.12,36.40,35.69,36.23,10463
AGCO,20100430,36.27,36.50,35.01,35.02,11195
AGCO,20100503,35.13,35.67,35.13,35.63,10206
AGCO,20100504,35.04,35.13,34.14,34.71,19537
AGCO,20100505,34.18,34.70,33.15,34.17,14814
AGCO,20100506,33.92,34.65,31.81,33.17,19546
AGCO,20100507,33.16,33.56,31.47,32.96,25483
AGCO,20100510,34.83,35.73,34.38,34.55,17886
AGCO,20100511,33.36,34.35,33.36,33.86,16989
AGCO,20100512,33.89,34.51,33.65,33.78,20229
AGCO,20100513,33.74,33.89,32.98,33.12,21154
AGCO,20100514,32.64,32.84,29.63,30.30,51469
AGCO,20100517,30.55,30.85,29.48,29.90,27369
AGCO,20100518,30.09,30.71,29.50,29.57,15151
AGCO,20100519,29.70,30.24,28.78,29.94,25687
AGCO,20100520,29.02,29.51,28.34,28.37,17927
AGCO,20100521,28.12,29.75,27.80,29.35,24790
AGCO,20100524,29.00,29.08,28.29,28.40,18927
AGCO,20100525,27.64,28.54,26.98,28.41,14942
AGCO,20100526,28.58,29.25,28.26,28.33,14543
AGCO,20100527,28.92,29.35,28.81,29.15,10715
AGCO,20100528,28.96,29.26,28.43,28.77,17676
AGCO,20100601,28.55,28.98,27.58,27.64,11989
AGCO,20100602,28.01,28.43,27.37,28.43,14936
AGCO,20100603,28.72,28.88,27.96,28.43,8561
AGCO,20100604,27.58,28.00,26.63,26.76,23545
AGCO,20100607,26.74,26.84,25.66,25.86,19579
AGCO,20100608,25.86,26.34,25.48,26.00,28848
AGCO,20100609,26.24,27.10,26.14,26.45,18931
AGCO,20100610,27.20,28.17,27.05,28.15,17556
AGCO,20100611,28.13,28.72,27.46,27.94,15137
AGCO,20100614,28.21,28.49,27.75,27.94,12414
AGCO,20100615,28.25,29.47,28.07,29.41,14164
AGCO,20100616,29.30,29.64,28.87,29.30,10595
AGCO,20100617,29.62,29.90,28.85,29.13,13395
AGCO,20100618,29.25,29.54,28.78,29.37,9967
AGCO,20100621,29.94,30.12,29.03,29.16,11542
AGCO,20100622,29.12,29.36,28.05,28.09,15103
AGCO,20100623,28.06,28.78,27.73,28.51,11273
AGCO,20100624,28.26,28.68,28.03,28.31,16670
AGCO,20100625,28.49,28.99,28.03,28.72,12407
AGCO,20100628,28.69,29.04,28.16,28.58,11014
AGCO,20100629,27.92,27.98,26.86,27.10,14114
AGCO,20100630,26.92,27.73,26.82,26.97,35062
AGCO,20100701,26.91,27.12,26.24,26.59,15998
AGCO,20100702,26.68,26.89,26.31,26.50,10710
AGCO,20100706,26.89,27.46,26.58,26.96,16148
AGCO,20100707,27.01,28.08,26.84,28.03,15429
AGCO,20100708,28.21,28.95,28.00,28.79,20510
AGCO,20100709,28.83,29.44,28.72,29.13,10154
AGCO,20100712,29.05,29.42,28.71,29.35,16127
AGCO,20100713,29.76,30.66,29.70,30.52,16493
AGCO,20100714,30.35,30.61,29.97,30.33,12759
AGCO,20100715,30.20,30.28,29.40,29.86,22404
AGCO,20100716,29.50,29.92,29.31,29.53,16569
AGCO,20100719,29.56,30.25,29.45,30.07,12544
AGCO,20100720,29.59,31.47,29.53,31.33,18587
AGCO,20100721,31.55,32.22,31.16,31.32,12863
AGCO,20100722,31.90,32.26,31.65,32.01,13580
AGCO,20100723,31.91,32.84,31.78,32.84,13373
AGCO,20100726,32.89,33.68,32.68,33.62,16941
AGCO,20100727,34.60,34.72,33.45,34.11,35754
AGCO,20100728,34.72,34.95,33.94,34.52,21119
AGCO,20100729,34.97,35.23,33.66,33.93,33683
AGCO,20100730,33.45,34.97,33.34,34.76,18238
AGCO,20100802,35.19,35.59,34.71,35.45,19144
AGCO,20100803,35.54,36.00,35.30,35.73,16849
AGCO,20100804,35.71,36.52,35.30,36.39,23293
AGCO,20100805,36.18,37.68,36.10,36.75,29764
AGCO,20100806,36.41,37.03,36.21,36.71,20177
AGCO,20100809,36.75,37.10,36.20,36.28,15588
AGCO,20100810,35.93,36.41,35.57,36.08,13217
AGCO,20100811,35.12,35.33,33.98,34.68,24160
AGCO,20100812,34.09,34.60,33.91,34.06,25602
AGCO,20100813,33.84,34.24,33.66,33.88,13818
AGCO,20100816,33.75,35.04,33.40,34.77,16753
AGCO,20100817,35.33,36.90,35.28,36.63,26299
AGCO,20100818,36.39,36.49,35.22,35.46,18406
AGCO,20100819,35.31,35.81,34.54,34.85,11541
AGCO,20100820,34.58,35.35,34.45,35.25,9266
AGCO,20100823,35.35,35.51,33.37,33.66,18703
AGCO,20100824,33.00,34.06,32.78,33.92,29670
AGCO,20100825,33.20,33.56,32.36,33.31,26635
AGCO,20100826,33.42,34.10,32.81,32.81,14650
AGCO,20100827,33.15,33.52,32.43,33.43,14349
AGCO,20100830,33.41,33.57,32.66,32.66,7757
AGCO,20100831,32.43,33.54,32.38,33.05,16746
AGCO,20100901,33.48,34.42,32.91,34.37,21816
AGCO,20100902,34.40,36.13,34.20,35.93,19671
AGCO,20100903,36.57,37.43,36.37,36.90,13876
AGCO,20100907,36.80,36.94,36.14,36.21,11342
AGCO,20100908,36.35,36.78,36.24,36.64,18344
AGCO,20100909,37.12,37.76,36.91,37.50,16576
AGCO,20100910,37.43,38.37,37.13,38.13,25209
AGCO,20100913,38.41,39.75,38.37,38.93,22284
AGCO,20100914,39.01,39.28,38.72,38.84,12652
AGCO,20100915,38.70,39.03,38.22,38.92,6914
AGCO,20100916,38.91,39.09,38.62,38.66,4916
AGCO,20100917,38.66,40.29,38.31,39.98,14023
AGCO,20100920,40.00,40.18,39.61,40.06,13120
AGCO,20100921,40.12,40.70,39.61,39.93,16131
AGCO,20100922,39.86,40.06,39.49,39.55,12696
AGCO,20100923,39.25,39.95,39.13,39.50,14148
AGCO,20100924,39.87,40.34,39.69,40.19,13054
AGCO,20100927,40.20,40.73,39.93,39.97,18928
AGCO,20100928,40.13,40.27,39.30,40.00,10485
AGCO,20100929,39.98,40.11,39.57,39.73,7974
AGCO,20100930,40.15,40.17,38.44,39.01,16527
AGCO,20101001,39.07,39.35,37.68,37.77,27288
AGCO,20101004,37.60,37.91,36.52,37.11,18730
AGCO,20101005,37.50,38.51,37.38,38.38,19966
AGCO,20101006,38.19,39.03,38.09,38.48,15460
AGCO,20101007,38.61,39.22,38.38,39.21,19089
AGCO,20101008,40.67,43.27,40.15,40.63,64305
AGCO,20101011,41.00,42.39,40.64,41.58,22445
AGCO,20101012,41.81,42.52,41.10,42.43,16244
AGCO,20101013,42.70,43.25,42.52,42.58,16192
AGCO,20101014,42.74,42.82,41.74,41.76,28774
AGCO,20101015,41.99,42.98,41.48,42.90,13451
AGCO,20101018,42.88,42.88,42.35,42.73,12119
AGCO,20101019,42.07,42.26,41.02,41.51,17058
AGCO,20101020,41.51,43.06,41.49,42.53,13769
AGCO,20101021,43.13,44.23,42.86,43.43,22847
AGCO,20101022,44.49,44.49,43.62,44.02,16664
AGCO,20101025,44.26,46.06,43.81,43.83,30892
AGCO,20101026,44.40,44.55,42.68,42.81,31879
AGCO,20101027,41.61,42.34,40.86,42.24,24834
AGCO,20101028,42.41,42.85,41.63,42.09,7654
AGCO,20101029,41.90,42.80,41.85,42.47,10031
AGCO,20101101,42.58,43.10,41.75,42.21,13415
AGCO,20101102,42.49,43.07,42.43,42.74,9956
AGCO,20101103,42.77,43.33,41.81,42.75,11149
AGCO,20101104,43.16,44.43,43.10,44.31,15481
AGCO,20101105,44.13,44.45,43.98,44.45,7724
AGCO,20101108,44.25,44.48,44.01,44.42,8980
AGCO,20101109,44.85,46.50,44.58,45.21,29734
AGCO,20101110,45.07,46.10,44.72,45.90,15653
AGCO,20101111,45.51,47.23,45.47,46.65,19953
AGCO,20101112,46.16,46.66,44.80,45.46,19354
AGCO,20101115,46.25,46.97,45.65,45.74,20282
AGCO,20101116,45.26,45.41,43.56,44.57,13850
AGCO,20101117,44.48,45.52,44.38,45.09,11327
AGCO,20101118,45.61,46.23,45.45,45.80,9226
AGCO,20101119,46.15,47.25,45.81,47.21,13692
AGCO,20101122,47.00,47.00,45.86,46.32,13227
AGCO,20101123,45.80,45.86,45.04,45.80,10276
AGCO,20101124,46.00,46.76,45.62,46.56,11942
AGCO,20101126,46.19,46.40,45.72,46.02,5488
AGCO,20101129,45.62,45.75,44.33,44.64,15465
AGCO,20101130,44.09,45.48,43.81,45.14,17888
AGCO,20101201,46.00,47.29,44.18,44.55,22453
AGCO,20101202,44.63,46.00,44.57,45.96,9442
AGCO,20101203,45.64,46.30,45.52,46.16,11732
AGCO,20101206,45.99,46.20,45.65,46.09,13481
AGCO,20101207,46.42,49.34,46.11,47.84,38223
AGCO,20101208,47.93,48.08,46.28,47.04,15700
AGCO,20101209,47.30,48.06,47.22,47.50,14443
AGCO,20101210,47.52,47.88,46.86,47.19,8130
AGCO,20101213,47.59,48.63,47.55,48.05,8825
AGCO,20101214,48.18,49.35,47.86,48.17,18635
AGCO,20101215,48.07,48.34,46.59,46.72,16549
AGCO,20101216,46.78,46.93,46.12,46.58,11612
AGCO,20101217,46.70,47.74,46.45,47.06,21198
AGCO,20101220,47.38,48.50,46.95,48.43,12471
AGCO,20101221,48.70,50.49,48.34,50.33,16111
AGCO,20101222,50.45,50.79,50.21,50.62,10886
AGCO,20101223,50.53,50.75,50.28,50.55,5607
AGCO,20101227,50.29,50.67,50.21,50.51,3239
AGCO,20101228,50.91,50.91,50.29,50.67,3945
AGCO,20101229,50.83,51.51,50.65,50.94,5086
AGCO,20101230,51.02,51.32,50.72,50.77,4953
AGCO,20101231,50.68,51.10,50.53,50.66,6789
AGCO,20110103,51.21,53.22,51.09,52.89,22810
AGCO,20110104,53.14,53.21,51.17,52.22,11768
AGCO,20110105,52.06,53.18,51.60,52.89,13253
AGCO,20110106,53.03,53.69,51.85,52.34,15611
AGCO,20110107,52.49,52.78,50.78,51.98,15254
