AN,20090115,8.24,8.68,7.70,8.35,28607
AN,20090116,8.58,8.80,8.15,8.42,17625
AN,20090120,8.41,8.64,7.80,7.91,23899
AN,20090121,7.87,8.46,7.67,8.11,19097
AN,20090122,7.87,8.37,7.79,8.06,14262
AN,20090123,7.77,8.40,7.62,8.14,9401
AN,20090126,8.12,9.05,8.07,8.97,25104
AN,20090127,8.90,9.18,8.51,8.79,17745
AN,20090128,9.00,9.40,8.65,9.24,34957
AN,20090129,9.70,10.65,9.47,9.67,58352
AN,20090130,9.57,9.91,9.06,9.28,27924
AN,20090202,9.04,9.76,8.88,9.36,21983
AN,20090203,9.33,9.89,9.25,9.73,22964
AN,20090204,9.78,10.00,9.44,9.86,24702
AN,20090205,9.92,10.60,9.69,10.30,21117
AN,20090206,10.57,11.97,10.50,11.38,35200
AN,20090209,11.50,11.63,11.05,11.33,11333
AN,20090210,11.17,11.84,10.67,10.71,20978
AN,20090211,10.80,11.11,10.48,10.86,12640
AN,20090212,10.76,11.14,10.14,11.03,23918
AN,20090213,10.97,11.04,10.59,10.68,11469
AN,20090217,10.44,10.90,9.45,10.16,27223
AN,20090218,10.25,10.51,10.02,10.20,20969
AN,20090219,10.22,10.55,10.04,10.14,27208
AN,20090220,9.88,10.07,9.51,9.78,37901
AN,20090223,9.91,10.14,9.50,9.57,24666
AN,20090224,9.67,10.29,9.67,10.14,29924
AN,20090225,10.04,10.54,9.59,10.15,29960
AN,20090226,10.25,10.70,10.09,10.17,26806
AN,20090227,9.79,10.44,9.79,9.98,34219
AN,20090302,9.75,10.12,9.60,9.92,25495
AN,20090303,10.18,10.31,9.40,9.72,28539
AN,20090304,9.92,10.10,9.25,9.64,33656
AN,20090305,9.21,9.64,9.21,9.47,23916
AN,20090306,9.73,9.93,9.31,9.72,39487
AN,20090309,9.55,10.63,9.52,10.40,41736
AN,20090310,10.71,11.40,10.50,11.22,34953
AN,20090311,11.42,11.89,11.26,11.51,32222
AN,20090312,11.69,11.91,11.34,11.78,42081
AN,20090313,11.95,12.29,11.75,12.10,31101
AN,20090316,12.26,12.39,11.80,11.85,16840
AN,20090317,11.74,12.81,11.74,12.79,37889
AN,20090318,12.69,13.82,12.64,13.50,37693
AN,20090319,14.10,14.13,13.45,13.70,30148
AN,20090320,13.07,13.28,11.70,12.07,49274
AN,20090323,12.39,13.03,11.56,13.03,35922
AN,20090324,12.84,13.55,12.72,13.04,32290
AN,20090325,13.21,14.61,13.16,13.74,40575
AN,20090326,13.83,14.50,13.76,14.08,31891
AN,20090327,13.99,14.63,13.82,14.29,27209
AN,20090330,13.78,13.98,13.23,13.85,28992
AN,20090331,14.03,14.24,13.41,13.88,23235
AN,20090401,13.61,14.08,13.40,13.97,21838
AN,20090402,14.37,15.83,14.37,15.15,53548
AN,20090403,15.09,15.46,14.75,15.38,17006
AN,20090406,15.23,15.67,14.64,15.35,32389
AN,20090407,14.96,15.17,14.64,14.69,19669
AN,20090408,14.81,15.40,14.59,15.24,31514
AN,20090409,15.67,16.01,15.52,16.00,27955
AN,20090413,15.96,16.38,15.34,16.21,24969
AN,20090414,15.56,15.85,15.13,15.66,34909
AN,20090415,15.45,16.00,15.38,15.72,17517
AN,20090416,15.92,16.51,15.65,16.31,34267
AN,20090417,16.38,16.87,15.98,16.64,23142
AN,20090420,16.12,16.12,15.07,15.69,37343
AN,20090421,14.81,15.12,14.39,15.00,38033
AN,20090422,15.00,15.78,14.73,15.37,34117
AN,20090423,16.99,17.33,15.91,16.94,80222
AN,20090424,17.00,17.20,16.19,16.19,54280
AN,20090427,15.91,17.25,15.91,16.95,45025
AN,20090428,16.88,17.75,16.83,17.47,49109
AN,20090429,17.64,18.10,17.57,17.86,43984
AN,20090430,18.05,18.57,17.41,17.71,49096
AN,20090501,17.61,17.83,17.20,17.43,61872
AN,20090504,17.68,18.13,17.20,17.56,47771
AN,20090505,17.59,17.59,16.66,17.39,31412
AN,20090506,17.49,17.50,16.60,17.27,44227
AN,20090507,17.49,17.74,16.73,16.92,48344
AN,20090508,17.25,17.29,16.33,16.63,29653
AN,20090511,16.35,16.78,15.89,16.24,31027
AN,20090512,16.49,16.61,15.36,15.92,27629
AN,20090513,15.46,15.65,14.84,15.06,35805
AN,20090514,15.07,15.79,14.88,15.46,29252
AN,20090515,15.56,16.59,15.37,15.97,43504
AN,20090518,14.92,15.74,14.92,15.66,46905
AN,20090519,15.89,16.40,15.36,16.15,35924
AN,20090520,16.29,16.75,15.24,15.39,35756
AN,20090521,15.08,15.36,14.90,15.09,25524
AN,20090522,15.26,15.62,14.94,15.23,17403
AN,20090526,15.11,16.33,14.95,16.26,30322
AN,20090527,16.29,16.52,15.58,15.68,26197
AN,20090528,15.89,16.33,15.13,15.56,28352
AN,20090529,15.63,16.04,15.48,15.88,49919
AN,20090601,16.10,17.09,16.10,16.99,39822
AN,20090602,16.98,17.75,16.87,17.62,30814
AN,20090603,17.52,17.61,17.08,17.37,23138
AN,20090604,17.50,17.50,16.82,17.38,27151
AN,20090605,17.57,18.12,17.33,17.44,29455
AN,20090608,17.34,18.04,16.97,17.84,22231
AN,20090609,17.69,18.01,17.53,17.78,17622
AN,20090610,18.05,18.92,17.83,18.05,31271
AN,20090611,17.99,18.41,17.72,17.93,38675
AN,20090612,17.87,18.00,17.31,17.57,30783
AN,20090615,17.36,17.50,16.80,17.10,21142
AN,20090616,17.27,17.30,16.14,16.26,27425
AN,20090617,16.24,16.73,15.84,16.48,30803
AN,20090618,16.41,16.83,16.07,16.76,22647
AN,20090619,16.98,17.26,16.78,17.06,44167
AN,20090622,16.87,16.95,16.51,16.57,27542
AN,20090623,16.53,16.53,16.05,16.10,23083
AN,20090624,16.22,16.47,15.92,16.05,24327
AN,20090625,15.93,17.03,15.90,16.96,28025
AN,20090626,16.85,17.33,16.74,17.23,43541
AN,20090629,17.28,17.78,16.93,17.55,29416
AN,20090630,17.62,17.92,17.17,17.35,18387
AN,20090701,17.36,18.17,17.31,17.77,31579
AN,20090702,17.32,17.62,16.69,16.88,22936
AN,20090706,16.75,17.43,16.52,16.95,23699
AN,20090707,16.75,17.09,16.31,16.35,22640
AN,20090708,16.50,16.98,16.07,16.83,36694
AN,20090709,16.97,17.05,16.54,16.70,20798
AN,20090710,16.54,16.91,16.14,16.53,21744
AN,20090713,16.65,17.36,16.43,17.33,20377
AN,20090714,17.39,17.77,17.38,17.57,30018
AN,20090715,17.80,18.19,17.68,18.04,22104
AN,20090716,18.02,18.15,17.53,18.10,20673
AN,20090717,18.15,18.45,17.91,18.23,16315
AN,20090720,18.30,18.70,18.08,18.69,30445
AN,20090721,18.70,18.88,18.31,18.82,25837
AN,20090722,18.65,19.29,18.65,18.89,31570
AN,20090723,19.02,19.97,18.95,19.59,38341
AN,20090724,19.49,20.05,19.39,20.01,40636
AN,20090727,20.03,20.03,19.39,19.75,33493
AN,20090728,19.56,19.82,19.38,19.67,22829
AN,20090729,19.74,20.24,19.41,20.20,34739
AN,20090730,20.28,21.33,20.22,20.63,46609
AN,20090731,20.47,20.73,19.67,20.68,62902
AN,20090803,21.15,21.25,20.45,20.69,47762
AN,20090804,20.60,20.60,19.55,19.68,55539
AN,20090805,19.69,19.80,19.31,19.50,36913
AN,20090806,19.45,20.13,19.39,19.47,30330
AN,20090807,19.77,20.28,19.31,19.98,38154
AN,20090810,19.78,19.86,18.95,19.19,31393
AN,20090811,19.10,19.18,18.66,19.06,20839
AN,20090812,18.98,19.50,18.98,19.30,26857
AN,20090813,19.35,19.43,18.60,19.27,35497
AN,20090814,19.30,19.30,18.37,18.49,27552
AN,20090817,18.49,19.18,18.16,18.72,41095
AN,20090818,18.77,19.09,18.66,18.90,30947
AN,20090819,18.69,19.40,18.61,19.21,19266
AN,20090820,19.27,19.49,18.90,19.10,23761
AN,20090821,19.26,19.29,18.86,19.11,22686
AN,20090824,19.16,19.26,18.48,18.51,23887
AN,20090825,18.57,19.89,18.57,19.57,30200
AN,20090826,19.58,20.00,19.33,19.74,23769
AN,20090827,19.64,19.95,19.19,19.73,20653
AN,20090828,20.02,20.12,19.44,19.63,16454
AN,20090831,19.40,19.47,18.81,18.98,26026
AN,20090901,18.86,19.34,17.98,18.02,39352
AN,20090902,17.82,17.90,17.25,17.75,58990
AN,20090903,17.83,18.05,17.59,17.89,38270
AN,20090904,17.99,17.99,17.44,17.67,30901
AN,20090908,17.85,18.34,17.68,18.26,31556
AN,20090909,18.33,18.64,18.05,18.32,27100
AN,20090910,18.31,18.60,18.05,18.46,16437
AN,20090911,18.34,18.53,17.74,17.86,28300
AN,20090914,17.65,17.92,17.38,17.81,19710
AN,20090915,17.98,18.49,17.77,18.42,25327
AN,20090916,18.49,18.49,18.00,18.40,21215
AN,20090917,18.28,18.35,17.58,17.80,27330
AN,20090918,17.93,18.03,17.68,17.92,40031
AN,20090921,17.66,18.17,17.49,17.93,21618
AN,20090922,18.29,18.57,18.12,18.18,19732
AN,20090923,18.25,18.25,17.76,17.76,21893
AN,20090924,17.79,17.95,17.35,17.52,20830
AN,20090925,17.47,17.87,17.40,17.66,28304
AN,20090928,17.62,17.96,17.57,17.81,16274
AN,20090929,17.78,18.25,17.73,17.99,23624
AN,20090930,17.94,18.30,17.52,18.08,27251
AN,20091001,17.83,18.06,17.25,17.40,32975
AN,20091002,17.16,17.41,16.68,17.25,38446
AN,20091005,17.28,17.88,17.24,17.73,26540
AN,20091006,17.80,18.25,17.71,17.95,23034
AN,20091007,17.93,18.18,17.76,18.04,21784
AN,20091008,18.14,18.59,18.00,18.09,31109
AN,20091009,18.11,18.15,17.84,17.99,21824
AN,20091012,18.20,18.65,18.14,18.25,18399
AN,20091013,18.21,18.47,18.05,18.29,18900
AN,20091014,18.72,19.71,18.72,19.53,41739
AN,20091015,19.62,19.88,19.37,19.80,29099
AN,20091016,19.64,20.12,19.35,19.69,29119
AN,20091019,20.32,20.89,20.30,20.74,43775
AN,20091020,20.75,20.75,20.35,20.56,28304
AN,20091021,20.41,21.60,20.36,20.56,42411
AN,20091022,20.46,21.32,20.22,21.17,27689
AN,20091023,21.38,21.38,20.50,20.53,25906
AN,20091026,20.46,20.88,19.91,20.04,53168
AN,20091027,19.90,19.90,18.69,18.78,59900
AN,20091028,18.90,18.99,18.01,18.09,63687
AN,20091029,18.45,18.62,17.09,18.09,97699
AN,20091030,18.02,18.15,17.10,17.24,46644
AN,20091102,17.22,17.82,17.13,17.56,48953
AN,20091103,17.58,18.26,17.34,18.08,38874
AN,20091104,18.19,18.87,18.10,18.20,31846
AN,20091105,17.91,18.73,17.91,18.02,40209
AN,20091106,17.98,18.62,17.92,18.56,27714
AN,20091109,18.75,19.17,18.56,19.11,18856
AN,20091110,19.08,19.08,18.50,18.76,28695
AN,20091111,18.98,19.22,18.66,18.75,30678
AN,20091112,18.71,18.79,18.20,18.36,29221
AN,20091113,18.43,18.66,18.09,18.28,31137
AN,20091116,18.46,18.90,18.36,18.72,21755
AN,20091117,18.82,18.82,18.21,18.59,23584
AN,20091118,18.53,18.66,18.34,18.47,13998
AN,20091119,18.30,18.37,17.80,18.03,16169
AN,20091120,17.92,18.33,17.64,17.78,25370
AN,20091123,18.07,18.23,17.68,17.75,29241
AN,20091124,17.65,17.77,17.37,17.45,25235
AN,20091125,17.50,17.69,17.44,17.63,20859
AN,20091127,17.22,17.78,16.99,17.44,12577
AN,20091130,17.41,17.69,17.26,17.65,36093
AN,20091201,17.65,18.15,17.59,17.70,39999
AN,20091202,17.77,17.97,17.53,17.72,31642
AN,20091203,17.91,18.02,17.60,17.60,36585
AN,20091204,17.81,18.42,17.61,18.06,32644
AN,20091207,18.03,18.21,17.96,18.07,21490
AN,20091208,18.04,18.17,17.84,18.07,19173
AN,20091209,17.98,18.09,17.74,18.05,16559
AN,20091210,18.16,18.31,18.07,18.16,13215
AN,20091211,18.28,18.44,18.09,18.35,12593
AN,20091214,18.46,18.48,18.17,18.41,10207
AN,20091215,18.30,18.39,17.97,18.01,16706
AN,20091216,18.15,18.24,18.08,18.16,12171
AN,20091217,18.08,18.47,18.05,18.43,21646
AN,20091218,18.50,18.92,18.34,18.90,27479
AN,20091221,19.01,19.58,18.91,19.31,21698
AN,20091222,19.40,19.62,19.35,19.55,15559
AN,20091223,19.57,19.77,19.47,19.66,16411
AN,20091224,19.70,19.89,19.58,19.88,8232
AN,20091228,19.92,20.07,19.38,19.51,16677
AN,20091229,19.52,19.56,19.30,19.35,10381
AN,20091230,19.27,19.39,19.19,19.25,10602
AN,20091231,19.22,19.27,19.07,19.15,9988
AN,20100104,19.46,19.62,19.21,19.27,16503
AN,20100105,19.18,19.68,19.01,19.57,25322
AN,20100106,19.57,20.36,19.46,20.32,29401
AN,20100107,20.24,20.76,20.24,20.68,21301
AN,20100108,20.58,20.75,20.41,20.69,15275
AN,20100111,20.82,20.87,20.42,20.45,16616
AN,20100112,20.26,20.40,19.92,20.00,20194
AN,20100113,20.05,20.05,19.52,19.91,22505
AN,20100114,19.94,19.98,19.41,19.53,13703
AN,20100115,19.42,19.68,19.13,19.18,17695
AN,20100119,19.32,19.49,19.20,19.34,11829
AN,20100120,19.12,19.38,18.92,19.19,13062
AN,20100121,18.33,19.39,18.33,18.67,23070
AN,20100122,18.63,18.90,18.27,18.36,21560
AN,20100125,18.59,18.79,18.44,18.61,16020
AN,20100126,18.53,18.82,18.45,18.55,24667
AN,20100127,18.45,18.50,17.96,18.34,21628
AN,20100128,18.33,18.35,17.99,18.03,17757
AN,20100129,18.12,18.33,17.98,18.00,20134
AN,20100201,18.07,18.27,17.96,18.25,17572
AN,20100202,18.19,18.60,18.14,18.55,14706
AN,20100203,18.53,18.56,18.19,18.48,16129
AN,20100204,18.27,18.27,17.54,17.60,26013
AN,20100205,17.61,17.64,17.18,17.59,17855
AN,20100208,17.62,17.88,17.46,17.61,13542
AN,20100209,17.85,18.06,17.59,17.96,16560
AN,20100210,17.99,18.30,17.86,18.23,22027
AN,20100211,18.05,18.09,17.46,17.69,42749
AN,20100212,17.56,17.80,17.46,17.72,34841
AN,20100216,17.83,18.17,17.79,18.11,18667
AN,20100217,18.23,18.53,18.14,18.46,18146
AN,20100218,18.52,18.55,18.37,18.50,16747
AN,20100219,18.46,18.62,18.38,18.42,17618
AN,20100222,18.45,18.59,18.31,18.36,11062
AN,20100223,18.28,18.36,17.97,18.02,18037
AN,20100224,18.15,18.23,17.96,18.13,14897
AN,20100225,17.81,18.03,17.65,17.97,16924
AN,20100226,17.94,17.97,17.58,17.75,15676
AN,20100301,17.78,18.20,17.62,18.20,13807
AN,20100302,18.25,18.26,17.97,18.01,15427
AN,20100303,18.12,18.37,18.08,18.08,10449
AN,20100304,18.02,18.49,18.01,18.40,16813
AN,20100305,18.54,18.84,18.48,18.76,20495
AN,20100308,18.79,19.05,18.79,18.90,14915
AN,20100309,18.96,19.06,18.82,18.95,15882
AN,20100310,18.93,19.12,18.88,19.01,18553
AN,20100311,18.90,18.95,18.61,18.79,17683
AN,20100312,18.86,18.90,18.48,18.54,10445
AN,20100315,18.50,18.50,18.10,18.30,13534
AN,20100316,18.30,18.45,18.11,18.45,17096
AN,20100317,18.43,18.56,18.32,18.47,13482
AN,20100318,18.49,18.52,18.21,18.29,18973
AN,20100319,18.41,18.60,18.15,18.56,38508
AN,20100322,18.41,18.99,18.36,18.92,14840
AN,20100323,19.00,19.77,18.94,19.71,27363
AN,20100324,19.67,19.70,19.12,19.18,18994
AN,20100325,19.35,19.49,18.99,19.03,19945
AN,20100326,19.00,19.25,18.90,19.00,16128
AN,20100329,19.14,19.21,18.94,19.02,11391
AN,20100330,18.95,19.22,18.93,18.97,9728
AN,20100331,18.91,19.00,18.03,18.08,37833
AN,20100401,18.47,18.57,18.00,18.16,30133
AN,20100405,18.20,18.53,17.99,18.04,25885
AN,20100406,18.64,18.81,18.28,18.65,46746
AN,20100407,18.68,18.88,18.48,18.65,33783
AN,20100408,18.63,18.73,18.04,18.53,22621
AN,20100409,18.52,18.63,18.24,18.36,19765
AN,20100412,18.33,18.49,18.16,18.37,17953
AN,20100413,18.36,18.47,18.18,18.28,17274
AN,20100414,18.54,19.67,18.48,19.59,46518
AN,20100415,19.36,19.70,18.96,19.56,26707
AN,20100416,19.49,19.68,18.99,19.08,27260
AN,20100419,19.04,19.29,18.79,19.18,21617
AN,20100420,19.37,19.70,19.33,19.59,21549
AN,20100421,19.61,20.81,19.51,20.77,52669
AN,20100422,20.73,20.95,20.10,20.55,34235
AN,20100423,20.64,21.09,20.45,21.06,22908
AN,20100426,21.10,21.30,20.85,21.10,24538
AN,20100427,21.00,21.17,20.52,20.57,28778
AN,20100428,20.66,20.88,20.16,20.29,30745
AN,20100429,20.44,20.66,20.37,20.53,25771
AN,20100430,20.57,20.81,19.99,20.20,29677
AN,20100503,20.26,20.63,20.12,20.52,26189
AN,20100504,20.25,20.40,20.00,20.28,41227
AN,20100505,19.96,20.60,19.94,20.01,29441
AN,20100506,19.97,20.14,18.06,19.32,54212
AN,20100507,19.21,19.78,18.87,19.03,53744
AN,20100510,19.91,20.17,19.69,20.14,26650
AN,20100511,19.89,20.73,19.89,20.41,21617
AN,20100512,20.45,20.89,20.22,20.86,22932
AN,20100513,20.84,20.88,19.93,20.05,30002
AN,20100514,19.84,19.92,19.28,19.46,34900
AN,20100517,19.52,19.76,19.06,19.46,36345
AN,20100518,19.62,20.00,18.93,18.99,23352
AN,20100519,19.00,19.33,18.74,19.11,38912
AN,20100520,18.78,19.05,18.26,18.40,40724
AN,20100521,18.11,19.57,18.11,19.28,47452
AN,20100524,19.30,19.40,18.79,18.85,38104
AN,20100525,18.54,19.29,18.27,19.16,44085
AN,20100526,19.36,19.64,19.03,19.05,59118
AN,20100527,19.58,20.06,19.36,20.05,26826
AN,20100528,19.95,20.46,19.82,20.03,24494
AN,20100601,19.83,20.36,19.64,19.64,31695
AN,20100602,19.68,20.50,19.68,20.48,22493
AN,20100603,21.44,21.96,21.19,21.32,39836
AN,20100604,20.81,21.07,20.64,20.86,39872
AN,20100607,20.94,20.99,19.86,19.90,36849
AN,20100608,20.01,20.47,19.80,20.42,34060
AN,20100609,20.69,21.12,20.33,20.41,19084
AN,20100610,20.81,21.10,20.71,21.06,11270
AN,20100611,20.83,21.38,20.73,21.33,15342
AN,20100614,21.61,21.79,21.31,21.41,16824
AN,20100615,21.58,21.85,21.27,21.80,18828
AN,20100616,21.35,21.52,20.79,21.36,31484
AN,20100617,21.50,21.59,20.64,20.96,29191
AN,20100618,21.04,21.26,20.90,21.18,28542
AN,20100621,21.35,21.42,20.53,20.67,22468
AN,20100622,20.76,21.05,19.95,20.21,38579
AN,20100623,20.43,20.72,20.16,20.42,25278
AN,20100624,20.44,20.45,19.61,19.79,19748
AN,20100625,19.95,20.19,19.69,20.03,23850
AN,20100628,20.14,20.26,19.90,19.94,16290
AN,20100629,19.59,19.98,19.33,19.53,26026
AN,20100630,19.55,19.94,19.41,19.50,24714
AN,20100701,19.49,19.69,19.00,19.46,27959
AN,20100702,19.59,19.71,18.78,18.90,24182
AN,20100706,19.07,19.37,18.08,18.30,32159
AN,20100707,18.42,19.05,18.30,18.95,21214
AN,20100708,19.21,19.50,19.02,19.22,16685
AN,20100709,19.23,19.46,19.12,19.37,8814
AN,20100712,19.30,19.48,18.88,19.30,12319
AN,20100713,19.42,19.84,19.32,19.73,16817
AN,20100714,19.59,20.09,19.38,19.82,15869
AN,20100715,19.89,20.07,19.47,20.00,9271
AN,20100716,20.15,20.36,19.92,19.99,21077
AN,20100719,20.00,20.13,19.78,20.05,10129
AN,20100720,19.66,22.07,19.61,21.64,32548
AN,20100721,21.83,21.97,20.91,21.27,22982
AN,20100722,21.92,22.74,21.82,22.54,24536
AN,20100723,22.39,23.19,22.22,23.14,22925
AN,20100726,23.31,24.74,23.30,24.34,27414
AN,20100727,24.41,24.65,23.84,24.25,18262
AN,20100728,24.10,24.57,23.73,23.91,15810
AN,20100729,24.12,24.50,23.43,24.33,18179
AN,20100730,23.94,24.53,23.66,24.43,21624
AN,20100802,24.67,24.88,24.31,24.64,19959
AN,20100803,24.48,24.57,23.69,23.71,20338
AN,20100804,24.12,24.62,23.72,24.53,37401
AN,20100805,24.25,24.64,24.02,24.55,18046
AN,20100806,24.16,24.53,23.93,24.43,15742
AN,20100809,24.70,25.05,24.60,24.85,16636
AN,20100810,24.38,24.54,23.89,24.02,12337
AN,20100811,23.52,23.64,23.18,23.26,14519
AN,20100812,22.49,23.29,22.44,23.11,17888
AN,20100813,22.90,23.11,22.59,22.68,10834
AN,20100816,22.45,23.03,22.45,22.80,9368
AN,20100817,23.08,23.76,22.88,23.37,12886
AN,20100818,23.26,23.93,23.16,23.82,11435
AN,20100819,23.66,23.99,22.91,23.42,14413
AN,20100820,23.30,23.47,22.98,23.42,8423
AN,20100823,23.55,23.77,23.16,23.23,8640
AN,20100824,22.73,24.02,22.66,23.49,29451
AN,20100825,23.10,23.60,22.91,23.50,13323
AN,20100826,23.55,23.67,22.88,22.98,13808
AN,20100827,23.15,23.28,22.58,23.24,14508
AN,20100830,23.10,23.17,22.57,22.58,9610
AN,20100831,22.51,23.03,22.38,22.56,18045
AN,20100901,22.85,23.42,22.83,23.21,18767
AN,20100902,23.40,24.26,23.39,23.88,15175
AN,20100903,24.45,24.75,24.06,24.54,13387
AN,20100907,24.49,24.54,23.72,23.92,13099
AN,20100908,23.90,24.14,23.74,23.90,10883
AN,20100909,24.21,24.42,23.35,23.45,7367
AN,20100910,23.43,23.85,23.28,23.35,7425
AN,20100913,23.67,23.78,23.33,23.50,7353
AN,20100914,23.65,24.00,23.37,23.54,10828
AN,20100915,23.43,23.60,23.13,23.57,7726
AN,20100916,23.40,23.50,23.19,23.26,8382
AN,20100917,23.41,23.52,22.87,23.34,26255
AN,20100920,23.45,23.79,23.34,23.69,9704
AN,20100921,23.57,23.72,23.10,23.26,13177
AN,20100922,23.18,23.55,22.83,23.12,12115
AN,20100923,22.82,23.34,22.81,23.00,13022
AN,20100924,23.41,23.76,23.31,23.70,12235
AN,20100927,23.75,23.75,23.20,23.23,8879
AN,20100928,23.11,23.29,22.74,23.22,10445
AN,20100929,23.06,23.43,23.00,23.08,10454
AN,20100930,23.32,23.38,22.87,23.25,11660
AN,20101001,23.45,23.67,23.20,23.59,11875
AN,20101004,23.60,24.03,23.23,23.51,12353
AN,20101005,23.77,24.06,23.49,23.59,12449
AN,20101006,23.51,23.69,23.04,23.20,10832
AN,20101007,23.29,23.45,22.90,23.35,8195
AN,20101008,23.39,23.68,23.19,23.27,14670
AN,20101011,23.25,23.36,22.91,22.94,10620
AN,20101012,22.72,22.97,22.22,22.86,16522
AN,20101013,22.94,23.08,22.42,23.07,23629
AN,20101014,23.09,23.37,22.85,23.37,15136
AN,20101015,23.67,24.25,23.22,23.74,16953
AN,20101018,23.77,24.01,23.29,23.89,12487
AN,20101019,23.67,23.93,23.29,23.51,12293
AN,20101020,23.54,23.95,23.49,23.84,6535
AN,20101021,24.00,24.29,23.53,23.72,6925
AN,20101022,23.63,23.93,23.53,23.82,4197
AN,20101025,24.05,24.34,23.98,24.20,7683
AN,20101026,24.05,24.64,23.96,24.55,9261
AN,20101027,24.35,24.88,24.23,24.80,17164
AN,20101028,23.76,24.16,22.93,22.95,32886
AN,20101029,22.67,23.31,22.28,23.22,17748
AN,20101101,23.40,23.83,23.21,23.52,15195
AN,20101102,23.74,23.94,23.13,23.80,17049
AN,20101103,24.00,24.98,23.96,24.97,22906
AN,20101104,25.02,25.70,24.85,25.69,15343
AN,20101105,25.75,26.86,25.73,26.38,17003
AN,20101108,26.41,26.71,26.06,26.54,8036
AN,20101109,26.67,27.00,26.15,26.28,9091
AN,20101110,26.49,26.92,26.09,26.84,8359
AN,20101111,26.67,26.76,26.23,26.63,7945
AN,20101112,26.49,26.77,26.37,26.40,10260
AN,20101115,26.63,26.90,26.33,26.36,7506
AN,20101116,26.16,26.62,25.69,25.74,10575
AN,20101117,25.81,26.09,25.78,25.96,9961
AN,20101118,26.24,26.49,25.84,25.89,9092
AN,20101119,25.81,26.13,25.65,26.13,5794
AN,20101122,25.91,26.49,25.85,26.06,6387
AN,20101123,25.77,26.13,25.62,25.98,7318
AN,20101124,26.16,26.60,26.08,26.33,9221
AN,20101126,26.11,26.43,26.02,26.04,5779
AN,20101129,25.89,26.22,25.43,26.03,10800
AN,20101130,25.74,26.52,25.60,26.13,33283
AN,20101201,26.60,26.74,26.33,26.49,9155
AN,20101202,26.58,27.04,26.51,26.91,9787
AN,20101203,26.78,26.95,26.37,26.89,8275
AN,20101206,26.75,26.88,26.53,26.66,9076
AN,20101207,26.90,27.00,26.29,26.32,13302
AN,20101208,26.44,26.53,26.05,26.27,9112
AN,20101209,26.46,26.54,26.10,26.34,9988
AN,20101210,26.38,26.56,26.11,26.50,8699
AN,20101213,26.65,26.96,26.45,26.66,15463
AN,20101214,26.82,27.16,26.65,26.93,24899
AN,20101215,26.91,27.14,26.83,27.00,9868
AN,20101216,27.05,27.49,27.02,27.41,10019
AN,20101217,27.29,27.36,26.94,27.18,15226
AN,20101220,27.31,27.47,27.09,27.41,5930
AN,20101221,27.47,27.81,27.28,27.64,10142
AN,20101222,28.00,28.18,27.73,28.00,12167
AN,20101223,28.07,28.34,27.97,28.10,4395
AN,20101227,28.09,28.20,27.74,28.07,5364
AN,20101228,28.08,28.24,27.89,28.02,3500
AN,20101229,28.01,28.48,28.00,28.38,3849
AN,20101230,28.32,28.50,28.08,28.46,6001
AN,20101231,28.37,28.42,28.06,28.20,6649
AN,20110103,28.46,28.61,27.98,28.48,8276
AN,20110104,28.47,28.47,27.65,28.04,10427
AN,20110105,27.89,28.47,27.88,28.19,10926
AN,20110106,28.15,28.15,27.50,27.53,8922
AN,20110107,27.56,27.85,27.32,27.76,10425
