APOL,20090115,81.13,88.43,80.77,86.95,96169
APOL,20090116,87.09,89.58,86.60,89.22,67039
APOL,20090120,88.71,89.68,86.27,86.54,39304
APOL,20090121,87.29,88.54,82.96,85.54,55578
APOL,20090122,85.71,90.00,85.58,87.44,62170
APOL,20090123,84.52,85.12,82.33,84.01,40887
APOL,20090126,83.00,83.00,78.65,82.46,54845
APOL,20090127,82.01,83.35,78.72,79.87,42841
APOL,20090128,81.17,81.30,77.92,80.76,37453
APOL,20090129,80.50,84.91,80.31,82.83,40051
APOL,20090130,83.56,83.99,80.90,81.46,27685
APOL,20090202,82.07,87.56,81.51,86.11,56540
APOL,20090203,87.09,88.76,84.80,88.40,33329
APOL,20090204,87.98,89.36,84.93,85.70,36549
APOL,20090205,83.99,85.76,83.61,84.72,32370
APOL,20090206,83.99,84.05,81.84,83.48,46471
APOL,20090209,83.90,85.75,83.14,84.23,27165
APOL,20090210,84.15,84.23,80.77,81.57,28438
APOL,20090211,81.61,83.99,81.61,82.05,23706
APOL,20090212,76.78,82.96,76.35,82.26,66390
APOL,20090213,81.67,82.79,80.85,81.45,17698
APOL,20090217,80.01,81.90,79.23,80.96,24808
APOL,20090218,82.70,82.95,80.39,82.27,24733
APOL,20090219,83.07,84.22,75.72,76.25,80244
APOL,20090220,76.75,80.61,76.30,80.20,57845
APOL,20090223,80.16,81.13,78.30,78.57,26763
APOL,20090224,79.01,80.35,74.68,77.01,51384
APOL,20090225,76.12,77.92,74.20,75.77,35735
APOL,20090226,75.98,76.73,70.17,73.77,78914
APOL,20090227,72.15,75.48,72.12,72.50,37013
APOL,20090302,73.33,73.44,71.03,71.33,35172
APOL,20090303,71.93,72.80,71.14,72.11,29573
APOL,20090304,72.25,74.70,66.23,66.51,103509
APOL,20090305,65.54,67.66,64.63,66.79,63516
APOL,20090306,66.36,67.61,63.35,64.69,43523
APOL,20090309,64.32,67.67,63.77,66.38,30595
APOL,20090310,68.28,70.20,66.62,68.96,39561
APOL,20090311,68.10,71.00,68.06,68.47,34775
APOL,20090312,68.00,69.94,67.57,69.40,34820
APOL,20090313,68.90,68.91,64.13,68.80,57820
APOL,20090316,69.02,69.21,61.99,65.32,66067
APOL,20090317,66.20,69.51,65.90,69.50,45132
APOL,20090318,69.07,71.62,68.30,70.43,29809
APOL,20090319,70.94,71.55,69.12,71.09,31693
APOL,20090320,71.62,75.46,70.77,72.96,57718
APOL,20090323,73.52,76.18,71.80,76.12,39599
APOL,20090324,75.05,78.43,74.48,77.08,42404
APOL,20090325,78.11,79.73,74.90,76.52,34756
APOL,20090326,78.03,79.07,77.16,77.83,33657
APOL,20090327,77.00,78.27,75.91,76.65,24047
APOL,20090330,75.44,79.54,74.75,78.94,55736
APOL,20090331,79.97,81.20,76.94,78.33,79629
APOL,20090401,71.78,71.84,63.44,66.46,247533
APOL,20090402,68.00,70.72,67.36,67.71,84684
APOL,20090403,67.60,68.85,67.03,68.75,48163
APOL,20090406,68.46,70.25,68.31,69.44,51490
APOL,20090407,69.10,69.56,62.56,63.33,86586
APOL,20090408,64.25,64.30,62.00,62.92,65519
APOL,20090409,63.89,64.20,60.17,61.51,78483
APOL,20090413,61.67,62.42,59.63,60.56,51726
APOL,20090414,60.22,63.87,59.97,63.05,67017
APOL,20090415,62.38,65.26,62.38,63.81,40701
APOL,20090416,64.29,66.86,63.65,66.55,39788
APOL,20090417,66.76,67.80,64.97,66.33,32785
APOL,20090420,66.33,66.55,64.94,65.77,28312
APOL,20090421,61.74,62.04,59.85,61.15,72300
APOL,20090422,60.69,64.35,60.69,61.57,47616
APOL,20090423,63.25,63.70,59.16,59.46,62460
APOL,20090424,59.97,62.93,59.18,61.16,43333
APOL,20090427,61.33,63.37,60.69,62.08,26826
APOL,20090428,61.10,62.42,60.70,61.54,18722
APOL,20090429,61.70,62.92,61.17,62.48,18351
APOL,20090430,63.69,65.75,62.53,62.95,32684
APOL,20090501,63.18,63.18,59.20,59.45,30747
APOL,20090504,60.18,60.31,56.95,58.36,64731
APOL,20090505,58.20,59.75,58.00,59.05,29728
APOL,20090506,59.21,59.44,58.34,59.00,39212
APOL,20090507,59.52,59.58,55.35,56.74,59328
APOL,20090508,57.10,57.81,56.49,57.07,29617
APOL,20090511,56.68,60.58,56.50,59.91,42255
APOL,20090512,60.20,60.40,58.29,59.82,27522
APOL,20090513,59.28,61.23,59.00,61.01,47274
APOL,20090514,61.44,64.60,61.10,64.18,49500
APOL,20090515,63.88,64.79,63.25,63.70,21042
APOL,20090518,63.50,64.21,61.10,63.25,32578
APOL,20090519,62.94,63.71,62.00,62.91,19602
APOL,20090520,62.91,63.59,61.23,61.44,26216
APOL,20090521,60.90,62.73,60.80,61.97,20161
APOL,20090522,62.02,62.31,60.80,60.95,13185
APOL,20090526,60.59,63.74,60.50,61.12,31872
APOL,20090527,60.89,60.93,58.00,58.25,45998
APOL,20090528,58.52,58.53,56.18,56.43,56778
APOL,20090529,59.00,60.50,57.06,59.10,68387
APOL,20090601,59.49,61.30,59.49,60.86,30221
APOL,20090602,60.44,64.69,60.33,64.18,43464
APOL,20090603,64.30,65.43,63.75,64.73,26702
APOL,20090604,63.35,64.36,61.25,62.86,36061
APOL,20090605,63.00,63.15,61.10,62.98,22356
APOL,20090608,63.84,65.83,62.19,65.18,40424
APOL,20090609,65.30,65.70,64.34,64.75,24101
APOL,20090610,64.91,65.70,63.73,64.56,17682
APOL,20090611,65.44,65.68,64.06,64.10,16042
APOL,20090612,64.00,64.54,62.64,64.41,20747
APOL,20090615,64.07,64.39,62.38,63.62,17149
APOL,20090616,64.09,65.23,63.45,63.52,21309
APOL,20090617,63.80,67.10,63.50,66.40,34546
APOL,20090618,66.13,67.10,65.42,66.94,24062
APOL,20090619,67.10,67.98,65.53,66.19,38614
APOL,20090622,65.39,66.50,63.98,64.35,28782
APOL,20090623,66.15,66.15,63.59,64.41,20096
APOL,20090624,64.86,65.13,64.33,64.54,16830
APOL,20090625,64.08,67.63,63.88,67.32,30452
APOL,20090626,66.90,68.63,66.69,68.50,32011
APOL,20090629,69.68,69.84,65.31,65.99,70922
APOL,20090630,71.30,72.50,70.21,71.12,119758
APOL,20090701,71.99,72.15,69.27,69.60,38313
APOL,20090702,69.39,69.85,67.77,67.90,31504
APOL,20090706,67.81,68.00,65.38,66.59,37006
APOL,20090707,66.75,67.18,65.18,66.34,29133
APOL,20090708,66.90,67.61,65.34,66.13,33303
APOL,20090709,66.60,66.80,63.68,65.12,28043
APOL,20090710,65.04,66.42,64.67,65.05,24518
APOL,20090713,64.98,65.44,62.85,65.26,26383
APOL,20090714,65.26,67.52,65.10,66.89,35150
APOL,20090715,67.03,67.11,65.02,66.35,36525
APOL,20090716,66.33,66.57,65.15,66.26,24227
APOL,20090717,66.48,67.16,65.54,66.97,17995
APOL,20090720,66.98,67.44,66.00,67.35,23021
APOL,20090721,67.00,67.83,65.56,67.75,32543
APOL,20090722,68.01,70.17,67.88,68.47,29147
APOL,20090723,68.85,68.85,66.34,67.48,33133
APOL,20090724,66.77,67.89,66.40,66.97,16789
APOL,20090727,66.64,67.33,65.60,66.43,13238
APOL,20090728,66.09,67.35,66.08,67.15,15357
APOL,20090729,66.85,70.08,66.45,69.64,31915
APOL,20090730,69.94,70.68,68.61,69.40,18305
APOL,20090731,70.05,70.19,69.00,69.04,16888
APOL,20090803,69.11,70.16,68.15,69.97,15676
APOL,20090804,69.25,71.39,69.03,71.22,20098
APOL,20090805,71.29,71.47,69.79,70.24,19993
APOL,20090806,70.19,70.21,68.25,68.43,17723
APOL,20090807,69.18,69.44,67.29,67.58,23651
APOL,20090810,67.54,68.03,67.14,67.82,15603
APOL,20090811,68.85,68.85,66.43,66.92,12857
APOL,20090812,66.75,67.00,65.74,66.46,21270
APOL,20090813,66.50,66.83,65.69,66.13,14952
APOL,20090814,67.00,67.00,64.60,65.73,16339
APOL,20090817,64.99,65.96,64.71,64.80,19714
APOL,20090818,64.95,65.08,63.91,64.33,18426
APOL,20090819,63.63,64.51,63.42,63.85,24798
APOL,20090820,64.49,64.69,63.72,64.47,22333
APOL,20090821,64.52,65.10,63.89,64.84,17594
APOL,20090824,65.12,65.51,64.53,64.56,22682
APOL,20090825,65.49,66.64,64.93,65.69,21876
APOL,20090826,65.69,67.18,65.66,66.30,16996
APOL,20090827,66.02,67.38,65.55,67.20,13705
APOL,20090828,67.45,67.95,66.85,67.56,19222
APOL,20090831,66.92,67.59,64.59,64.84,36044
APOL,20090901,64.80,65.78,63.10,63.63,24765
APOL,20090902,63.48,64.68,63.36,64.30,24501
APOL,20090903,64.26,66.00,63.73,65.88,18872
APOL,20090904,65.32,65.91,64.46,65.57,17582
APOL,20090908,64.65,65.59,64.27,65.43,30208
APOL,20090909,65.02,66.85,65.02,66.63,25265
APOL,20090910,66.67,67.32,66.15,67.30,16025
APOL,20090911,67.50,67.50,65.48,65.87,16162
APOL,20090914,65.86,66.75,65.55,66.60,19185
APOL,20090915,66.90,67.91,66.11,67.70,23722
APOL,20090916,67.68,67.69,66.14,67.44,22974
APOL,20090917,67.41,69.40,66.73,69.27,36864
APOL,20090918,69.64,69.64,68.20,69.02,63920
APOL,20090921,68.83,74.77,68.23,74.74,68642
APOL,20090922,73.18,73.50,70.70,71.32,48039
APOL,20090923,71.71,71.75,70.36,70.51,17424
APOL,20090924,70.54,71.23,69.75,70.51,17923
APOL,20090925,70.65,71.63,70.13,70.65,17313
APOL,20090928,70.79,71.86,69.81,71.07,15525
APOL,20090929,70.07,73.76,70.07,72.61,22276
APOL,20090930,72.62,74.38,71.68,73.67,30871
APOL,20091001,74.59,74.60,71.98,72.37,21451
APOL,20091002,71.53,72.00,70.75,71.00,22988
APOL,20091005,70.90,71.16,70.15,70.97,14220
APOL,20091006,71.18,72.60,70.71,71.36,20323
APOL,20091007,71.25,73.23,70.88,73.10,19497
APOL,20091008,73.76,74.93,73.14,74.23,22100
APOL,20091009,74.92,74.92,73.25,73.95,12481
APOL,20091012,73.95,74.66,73.23,73.50,9691
APOL,20091013,73.52,73.61,72.75,73.47,17516
APOL,20091014,73.53,75.54,71.59,75.32,37871
APOL,20091015,75.32,76.86,74.22,74.60,29879
APOL,20091016,74.67,74.82,73.09,73.98,18393
APOL,20091019,73.98,74.81,72.93,73.91,18280
APOL,20091020,74.64,75.60,72.50,75.52,19383
APOL,20091021,75.01,76.69,74.99,75.39,18955
APOL,20091022,73.93,76.28,71.93,74.81,35866
APOL,20091023,73.97,75.31,73.84,74.03,13777
APOL,20091026,73.76,75.10,72.83,73.20,18670
APOL,20091027,73.18,74.37,72.16,72.97,75813
APOL,20091028,61.98,64.95,58.84,60.06,242541
APOL,20091029,60.88,61.74,56.63,58.15,101110
APOL,20091030,57.60,59.12,56.37,57.10,70962
APOL,20091102,57.72,58.42,56.93,57.36,33576
APOL,20091103,57.30,58.34,57.00,57.29,31064
APOL,20091104,57.03,57.73,56.68,56.80,31321
APOL,20091105,57.11,57.39,56.14,56.47,31045
APOL,20091106,56.27,56.42,55.63,55.99,28869
APOL,20091109,55.99,56.03,52.79,55.88,67552
APOL,20091110,55.19,56.34,54.24,54.51,42413
APOL,20091111,55.00,55.54,54.29,54.70,30877
APOL,20091112,54.90,55.78,54.25,54.54,30669
APOL,20091113,55.14,55.14,52.88,53.86,41703
APOL,20091116,56.98,58.49,56.41,57.00,49256
APOL,20091117,57.54,57.56,56.21,56.39,18689
APOL,20091118,56.28,56.50,55.75,56.23,16391
APOL,20091119,55.76,56.00,54.55,55.15,27323
APOL,20091120,55.47,55.69,54.89,55.10,18954
APOL,20091123,55.21,55.72,54.80,55.57,20910
APOL,20091124,55.66,56.11,55.04,55.81,19553
APOL,20091125,55.33,55.80,54.80,55.63,15080
APOL,20091127,54.99,56.18,54.82,55.76,10324
APOL,20091130,56.37,57.58,55.13,57.07,37655
APOL,20091201,56.45,57.10,54.76,55.81,57819
APOL,20091202,55.75,56.58,55.67,56.40,22409
APOL,20091203,56.37,56.59,54.51,54.65,29628
APOL,20091204,54.94,55.77,54.52,54.76,29068
APOL,20091207,54.96,55.15,54.26,54.31,15517
APOL,20091208,54.16,55.12,53.81,54.67,19894
APOL,20091209,54.41,55.64,53.59,55.34,24774
APOL,20091210,55.75,56.00,55.20,55.89,19732
APOL,20091211,56.38,56.86,56.03,56.58,21357
APOL,20091214,57.00,62.29,55.76,62.06,93929
APOL,20091215,61.66,62.48,60.51,60.93,44977
APOL,20091216,61.27,62.00,60.31,60.45,23734
APOL,20091217,60.39,60.47,57.27,57.38,53052
APOL,20091218,57.58,58.84,55.81,58.40,44061
APOL,20091221,58.52,58.52,57.12,57.83,28484
APOL,20091222,58.00,58.03,57.50,57.85,22953
APOL,20091223,58.03,58.50,57.90,58.44,13372
APOL,20091224,58.33,59.74,58.11,59.27,7264
APOL,20091228,59.54,61.81,59.20,61.63,29641
APOL,20091229,61.68,61.70,60.77,61.02,13153
APOL,20091230,60.80,61.81,60.45,61.22,11705
APOL,20091231,61.03,61.57,60.58,60.58,10669
APOL,20100104,61.44,62.22,60.47,61.65,30064
APOL,20100105,62.29,62.94,61.36,61.75,45330
APOL,20100106,61.75,64.50,61.75,63.70,48969
APOL,20100107,64.36,65.72,63.69,63.94,80630
APOL,20100108,59.41,61.21,58.38,60.50,112486
APOL,20100111,60.35,60.47,58.80,59.97,50753
APOL,20100112,59.73,60.17,59.05,59.65,39558
APOL,20100113,59.57,60.01,58.80,59.95,24097
APOL,20100114,59.50,60.30,59.03,60.24,20171
APOL,20100115,60.48,60.48,59.67,60.37,51992
APOL,20100119,60.12,60.27,59.07,60.26,31313
APOL,20100120,59.50,59.84,58.31,59.33,20088
APOL,20100121,60.23,61.88,59.82,60.90,39331
APOL,20100122,60.10,62.16,60.05,61.19,24531
APOL,20100125,62.01,62.01,60.42,60.90,21371
APOL,20100126,60.42,62.19,60.00,61.88,36120
APOL,20100127,62.06,64.60,61.87,64.15,46199
APOL,20100128,63.58,63.58,62.30,62.45,29598
APOL,20100129,62.80,62.94,60.41,60.59,45619
APOL,20100201,60.45,60.75,59.77,60.20,34388
APOL,20100202,60.68,60.76,59.90,60.39,25672
APOL,20100203,60.18,61.32,59.99,61.08,17447
APOL,20100204,60.80,61.09,60.41,60.41,32358
APOL,20100205,61.00,61.00,59.40,59.93,32526
APOL,20100208,59.89,60.24,59.27,59.28,18534
APOL,20100209,59.47,59.95,58.70,59.45,26972
APOL,20100210,59.22,59.85,58.43,59.46,19960
APOL,20100211,59.19,59.30,57.32,58.30,39028
APOL,20100212,57.84,59.32,57.73,59.22,22863
APOL,20100216,59.36,60.21,59.31,60.16,22130
APOL,20100217,60.24,60.85,60.10,60.47,19595
APOL,20100218,60.69,61.74,60.40,61.45,20199
APOL,20100219,55.32,58.16,55.25,56.92,133820
APOL,20100222,56.92,58.10,56.92,57.90,37431
APOL,20100223,57.64,59.09,57.64,58.80,35944
APOL,20100224,59.16,60.00,58.83,59.54,20031
APOL,20100225,59.29,59.78,58.44,59.69,18958
APOL,20100226,59.77,60.23,59.32,59.88,17705
APOL,20100301,60.17,60.31,59.62,60.00,23327
APOL,20100302,59.84,60.17,59.21,59.48,17040
APOL,20100303,59.54,61.14,58.76,60.93,32861
APOL,20100304,61.23,61.50,60.95,61.17,16942
APOL,20100305,61.08,62.59,60.98,62.39,18761
APOL,20100308,62.96,62.96,62.08,62.25,12973
APOL,20100309,62.07,62.53,62.01,62.13,22209
APOL,20100310,61.96,63.54,61.85,63.36,16188
APOL,20100311,63.06,63.90,62.89,63.44,17609
APOL,20100312,63.39,63.39,62.53,63.02,15738
APOL,20100315,62.90,63.53,62.60,63.21,14902
APOL,20100316,63.60,64.80,63.22,64.65,16920
APOL,20100317,64.58,64.65,63.69,64.01,16010
APOL,20100318,64.26,65.69,63.91,64.63,16682
APOL,20100319,65.23,65.47,63.98,64.37,20021
APOL,20100322,64.47,64.83,63.95,64.47,16056
APOL,20100323,64.31,64.48,63.75,63.97,30048
APOL,20100324,63.99,64.30,62.95,63.27,19402
APOL,20100325,63.32,63.40,62.26,62.43,21367
APOL,20100326,62.23,62.67,60.80,61.28,42018
APOL,20100329,65.00,65.04,62.55,63.16,64534
APOL,20100330,63.87,63.89,61.61,62.28,29267
APOL,20100331,62.19,62.19,61.15,61.29,25332
APOL,20100401,61.33,61.89,61.01,61.50,26470
APOL,20100405,61.51,62.64,61.45,62.56,22967
APOL,20100406,62.09,64.39,62.08,63.76,32245
APOL,20100407,64.22,65.24,63.39,64.47,36808
APOL,20100408,64.30,64.49,62.80,63.00,27447
APOL,20100409,63.05,63.21,62.31,63.14,18445
APOL,20100412,63.47,63.65,62.28,62.57,15283
APOL,20100413,63.06,65.17,62.77,64.88,42269
APOL,20100414,64.74,64.89,62.90,63.84,35582
APOL,20100415,63.58,64.21,63.41,64.02,15749
APOL,20100416,63.81,64.75,63.66,64.61,20758
APOL,20100419,64.72,65.19,63.81,65.12,20648
APOL,20100420,65.01,65.70,63.40,64.87,21797
APOL,20100421,64.75,65.93,64.75,65.74,18059
APOL,20100422,65.79,66.69,64.34,64.88,20168
APOL,20100423,64.40,64.65,62.64,63.53,18522
APOL,20100426,62.95,62.95,61.71,62.75,19207
APOL,20100427,62.42,62.99,61.80,61.91,17199
APOL,20100428,61.95,62.17,61.26,61.50,15572
APOL,20100429,61.23,61.25,57.38,57.73,56654
APOL,20100430,57.96,58.48,57.37,57.41,44293
APOL,20100503,57.87,58.36,57.08,58.32,18011
APOL,20100504,57.64,57.79,55.67,56.10,27390
APOL,20100505,55.99,57.65,55.81,56.99,17774
APOL,20100506,57.09,57.33,54.00,55.02,21104
APOL,20100507,55.21,55.60,54.00,54.41,38144
APOL,20100510,55.99,55.99,54.65,55.24,27279
APOL,20100511,54.81,55.38,53.63,54.16,37185
APOL,20100512,54.15,55.85,54.00,55.74,20269
APOL,20100513,55.44,55.74,54.54,54.61,17380
APOL,20100514,54.61,54.69,52.20,52.78,36392
APOL,20100517,52.93,58.38,52.45,57.85,87817
APOL,20100518,58.58,58.80,53.71,54.52,87163
APOL,20100519,54.42,56.68,54.10,56.18,48261
APOL,20100520,55.39,59.05,55.39,55.61,53073
APOL,20100521,55.25,56.17,54.80,55.50,37975
APOL,20100524,55.34,55.86,54.86,55.06,16282
APOL,20100525,54.43,55.08,53.39,55.06,20805
APOL,20100526,54.66,55.68,52.84,53.40,43191
APOL,20100527,52.59,53.63,52.30,53.18,42683
APOL,20100528,53.02,53.78,52.85,53.16,30035
APOL,20100601,52.73,53.18,51.36,51.40,28499
APOL,20100602,51.49,51.78,51.07,51.47,39464
APOL,20100603,52.08,53.07,51.45,52.85,38009
APOL,20100604,51.80,53.21,51.39,51.48,26419
APOL,20100607,51.56,51.89,49.75,49.76,37894
APOL,20100608,49.66,50.68,49.66,50.44,32141
APOL,20100609,50.73,50.82,49.88,50.03,19244
APOL,20100610,50.97,51.51,49.73,50.26,31921
APOL,20100611,50.11,52.31,50.00,51.10,31860
APOL,20100614,51.61,51.61,47.50,47.60,72367
APOL,20100615,47.86,48.65,47.71,48.30,42330
APOL,20100616,48.66,50.24,48.65,49.36,52240
APOL,20100617,49.39,49.70,48.27,48.58,25360
APOL,20100618,48.61,49.32,48.25,48.39,29469
APOL,20100621,49.32,49.53,47.74,48.01,29510
APOL,20100622,47.89,48.02,46.49,46.55,36140
APOL,20100623,46.55,47.06,46.00,46.33,31155
APOL,20100624,45.70,47.65,44.61,45.97,63269
APOL,20100625,46.05,46.11,43.49,43.75,50090
APOL,20100628,43.92,44.75,43.60,44.51,36848
APOL,20100629,44.04,44.23,42.88,43.13,36517
APOL,20100630,43.44,44.34,42.41,42.47,45192
APOL,20100701,41.60,44.69,41.45,43.34,80415
APOL,20100702,43.25,43.45,41.84,41.86,30707
APOL,20100706,42.28,43.17,41.90,42.27,35117
APOL,20100707,42.44,43.04,41.65,42.97,26386
APOL,20100708,43.32,44.13,43.05,44.06,27726
APOL,20100709,43.87,44.51,43.49,44.44,18601
APOL,20100712,44.26,44.63,43.73,43.87,17821
APOL,20100713,44.18,44.77,43.55,43.92,17697
APOL,20100714,44.12,44.85,43.63,44.69,16300
APOL,20100715,44.38,44.90,43.90,44.78,19537
APOL,20100716,44.67,47.05,44.40,45.57,52780
APOL,20100719,46.75,49.98,46.39,48.03,89667
APOL,20100720,47.68,48.30,47.09,48.08,28349
APOL,20100721,48.01,48.57,46.50,47.10,34108
APOL,20100722,46.78,46.95,45.73,46.32,47128
APOL,20100723,48.14,51.28,47.64,49.27,84868
APOL,20100726,49.28,49.49,47.86,48.32,23399
APOL,20100727,48.63,48.77,47.19,47.76,22534
APOL,20100728,48.01,48.29,47.54,47.81,14875
APOL,20100729,48.11,48.33,46.37,47.07,28456
APOL,20100730,46.73,47.18,45.32,46.13,30042
APOL,20100802,46.80,47.22,46.01,47.14,18881
APOL,20100803,45.99,46.29,44.56,44.81,38729
APOL,20100804,44.85,45.64,44.11,44.76,44018
APOL,20100805,44.49,44.70,42.50,42.83,61009
APOL,20100806,41.91,42.83,41.11,42.49,57618
APOL,20100809,42.66,42.81,41.98,42.57,16419
APOL,20100810,42.31,42.65,41.52,41.84,19935
APOL,20100811,41.51,42.79,41.00,41.30,36775
APOL,20100812,41.00,41.30,40.38,40.47,30117
APOL,20100813,40.51,41.13,38.39,38.94,59869
APOL,20100816,39.36,44.54,39.34,40.98,147027
APOL,20100817,41.27,41.58,39.43,40.36,64595
APOL,20100818,40.17,42.25,40.08,40.98,49622
APOL,20100819,40.65,40.79,39.75,40.59,32517
APOL,20100820,40.30,40.91,39.37,40.72,48616
APOL,20100823,41.00,41.59,40.77,41.36,31914
APOL,20100824,41.39,43.50,41.11,41.49,59520
APOL,20100825,41.20,43.20,41.00,42.94,38641
APOL,20100826,43.08,43.18,42.02,42.32,27874
APOL,20100827,42.66,43.11,41.55,42.77,19872
APOL,20100830,42.77,43.73,42.56,43.20,24046
APOL,20100831,42.85,43.01,41.73,42.49,38332
APOL,20100901,42.69,43.77,42.62,43.39,20356
APOL,20100902,43.20,44.68,43.13,44.67,23022
APOL,20100903,45.06,45.48,44.95,45.38,16870
APOL,20100907,45.01,45.51,44.92,45.17,25628
APOL,20100908,45.31,46.07,45.25,46.05,19750
APOL,20100909,45.95,47.05,45.50,46.89,23968
APOL,20100910,47.12,48.39,46.92,47.56,23309
APOL,20100913,48.80,49.33,47.28,47.88,36719
APOL,20100914,47.99,48.14,46.91,47.74,30297
APOL,20100915,47.81,49.23,46.72,48.66,43999
APOL,20100916,48.47,49.20,48.28,48.34,47330
APOL,20100917,48.38,49.95,48.28,49.10,53750
APOL,20100920,49.77,51.72,49.59,51.66,46875
APOL,20100921,51.59,51.59,50.01,50.37,37000
APOL,20100922,50.67,51.42,49.25,50.45,33381
APOL,20100923,49.78,53.61,49.78,50.79,61873
APOL,20100924,51.86,53.53,49.40,50.53,87133
APOL,20100927,49.99,50.25,48.72,49.32,34652
APOL,20100928,49.35,50.33,49.27,49.80,21241
APOL,20100929,49.60,50.70,49.45,50.29,22399
APOL,20100930,50.82,51.68,49.82,51.35,42535
APOL,20101001,51.21,53.60,51.18,51.93,33323
APOL,20101004,51.58,51.95,50.19,50.21,25025
APOL,20101005,50.69,51.10,50.28,50.49,25028
APOL,20101006,50.50,50.76,50.02,50.47,18268
APOL,20101007,50.63,50.96,49.78,49.85,16328
APOL,20101008,49.58,50.33,49.35,50.12,22914
APOL,20101011,49.92,50.45,49.73,50.15,22062
APOL,20101012,50.06,50.24,49.24,49.98,34598
APOL,20101013,50.10,50.45,49.40,49.50,71811
APOL,20101014,38.75,39.00,36.43,38.00,344825
APOL,20101015,37.90,37.95,35.76,36.58,123192
APOL,20101018,36.59,37.66,36.04,37.27,65287
APOL,20101019,37.22,37.59,36.82,37.36,42589
APOL,20101020,37.23,37.74,36.73,36.86,30679
APOL,20101021,36.73,37.30,36.20,36.27,34784
APOL,20101022,36.51,36.53,35.54,36.00,48986
APOL,20101025,36.36,36.80,36.14,36.44,35675
APOL,20101026,35.56,37.34,35.50,36.94,63026
APOL,20101027,36.79,37.60,36.62,37.55,32317
APOL,20101028,37.70,38.34,37.50,37.59,32915
APOL,20101029,37.55,37.78,37.35,37.48,38974
APOL,20101101,37.80,39.10,37.49,38.24,52112
APOL,20101102,38.49,39.02,37.79,38.79,42944
APOL,20101103,38.81,39.25,37.75,38.47,39236
APOL,20101104,38.00,38.00,34.82,35.38,123819
APOL,20101105,35.43,37.00,35.26,35.73,55294
APOL,20101108,35.92,36.90,35.89,36.77,30675
APOL,20101109,36.90,37.38,36.61,36.84,19508
APOL,20101110,36.88,37.12,36.45,36.63,18348
APOL,20101111,36.23,36.95,36.05,36.63,19456
APOL,20101112,36.58,36.80,35.55,35.85,19944
APOL,20101115,36.19,36.40,35.40,35.97,16028
APOL,20101116,35.72,36.33,35.51,35.71,19049
APOL,20101117,35.86,36.23,35.57,35.64,30648
APOL,20101118,35.90,36.15,35.37,35.48,26008
APOL,20101119,35.43,35.56,34.99,35.36,19244
APOL,20101122,35.09,35.40,34.80,35.36,15649
APOL,20101123,35.00,35.00,34.20,34.37,23643
APOL,20101124,34.54,34.88,34.41,34.46,18285
APOL,20101126,34.30,34.46,34.07,34.46,6031
APOL,20101129,34.28,34.50,33.80,34.30,17844
APOL,20101130,34.06,34.18,33.75,34.00,46357
APOL,20101201,34.24,34.83,34.10,34.45,26215
APOL,20101202,34.45,35.54,34.35,35.35,26734
APOL,20101203,35.35,37.48,35.18,36.38,38122
APOL,20101206,36.28,36.78,36.08,36.50,19571
APOL,20101207,36.83,37.05,36.49,36.97,28751
APOL,20101208,37.17,38.43,37.04,38.05,39591
APOL,20101209,38.19,38.26,36.55,36.93,32079
APOL,20101210,37.03,38.98,36.82,37.95,58360
APOL,20101213,38.19,39.58,38.14,38.65,45496
APOL,20101214,38.65,38.84,37.81,37.86,22594
APOL,20101215,38.00,38.56,37.70,37.95,22885
APOL,20101216,37.98,38.60,37.87,38.40,22501
APOL,20101217,38.50,38.68,38.24,38.48,30358
APOL,20101220,38.75,39.20,38.62,38.80,20716
APOL,20101221,38.95,39.12,38.31,38.52,14099
APOL,20101222,38.60,39.18,38.45,38.96,15841
APOL,20101223,38.98,39.18,38.67,39.11,9835
APOL,20101227,38.90,39.00,38.41,38.59,8277
APOL,20101228,38.70,38.74,38.27,38.38,8931
APOL,20101229,38.58,40.21,38.49,39.49,26400
APOL,20101230,39.65,39.93,39.22,39.70,11088
APOL,20101231,39.75,39.97,38.77,39.49,16093
APOL,20110103,39.87,40.47,39.79,39.98,15330
APOL,20110104,39.72,39.98,38.63,39.15,22963
APOL,20110105,38.96,39.92,38.93,39.82,24146
APOL,20110106,39.90,39.91,39.41,39.47,24436
APOL,20110107,39.57,39.60,37.87,37.98,37630
