BPO,20090115,6.23,6.39,5.49,5.74,73753
BPO,20090116,5.94,5.95,5.46,5.74,48015
BPO,20090120,5.77,5.86,5.13,5.16,67375
BPO,20090121,5.30,5.72,5.12,5.67,60224
BPO,20090122,5.34,5.60,5.19,5.29,62492
BPO,20090123,5.16,5.63,5.01,5.55,39992
BPO,20090126,5.54,5.80,5.35,5.57,29106
BPO,20090127,5.57,5.76,5.56,5.62,18633
BPO,20090128,5.91,6.35,5.81,6.31,49453
BPO,20090129,6.11,6.11,5.64,5.66,50157
BPO,20090130,5.72,5.85,5.25,5.39,50857
BPO,20090202,5.30,5.48,5.22,5.42,54706
BPO,20090203,5.38,5.54,5.24,5.29,46042
BPO,20090204,5.44,5.44,5.16,5.16,63657
BPO,20090205,5.35,6.43,5.32,6.06,97325
BPO,20090206,6.00,6.87,5.97,6.76,58536
BPO,20090209,6.75,6.87,6.39,6.76,30156
BPO,20090210,6.68,6.83,6.22,6.30,78734
BPO,20090211,6.32,6.54,5.92,6.50,50889
BPO,20090212,6.26,6.42,6.03,6.38,60902
BPO,20090213,6.32,6.49,6.08,6.18,52785
BPO,20090217,5.89,6.19,5.47,5.55,76962
BPO,20090218,5.72,5.74,5.29,5.61,44783
BPO,20090219,5.61,5.82,5.30,5.36,46101
BPO,20090220,5.27,5.58,4.98,5.41,81973
BPO,20090223,5.55,5.60,5.01,5.05,60888
BPO,20090224,5.21,5.53,4.92,5.51,80734
BPO,20090225,5.51,5.69,5.22,5.38,50595
BPO,20090226,5.39,5.65,5.04,5.31,56679
BPO,20090227,5.12,5.26,4.92,4.95,47754
BPO,20090302,4.94,5.04,4.60,4.64,85883
BPO,20090303,4.88,4.92,4.52,4.73,73146
BPO,20090304,4.97,5.11,4.73,4.98,79270
BPO,20090305,4.75,4.94,4.65,4.71,99825
BPO,20090306,4.83,4.94,4.11,4.48,78453
BPO,20090309,4.53,4.83,4.27,4.60,34899
BPO,20090310,4.70,5.51,4.63,5.51,88699
BPO,20090311,5.51,5.51,5.20,5.29,59965
BPO,20090312,5.28,5.89,5.15,5.82,49282
BPO,20090313,5.77,5.90,5.49,5.70,24995
BPO,20090316,5.65,5.91,5.41,5.41,55573
BPO,20090317,5.49,5.98,5.36,5.97,49973
BPO,20090318,5.96,6.41,5.57,6.38,42709
BPO,20090319,6.50,6.51,5.77,5.85,53908
BPO,20090320,5.80,5.83,5.23,5.26,45392
BPO,20090323,5.57,5.98,5.41,5.96,79103
BPO,20090324,5.85,6.05,5.50,5.60,60536
BPO,20090325,5.88,5.93,5.50,5.93,82884
BPO,20090326,6.04,6.16,5.73,6.13,53419
BPO,20090327,5.89,6.10,5.69,5.91,34493
BPO,20090330,5.72,5.75,5.36,5.48,63915
BPO,20090331,5.68,5.83,5.47,5.74,69828
BPO,20090401,5.76,5.76,5.41,5.56,62813
BPO,20090402,5.80,6.11,5.65,5.96,56170
BPO,20090403,5.82,6.71,5.71,6.71,91642
BPO,20090406,6.56,6.58,6.19,6.46,56231
BPO,20090407,6.28,6.29,5.85,5.96,54821
BPO,20090408,6.09,6.30,5.77,5.89,70085
BPO,20090409,6.18,6.60,6.09,6.52,90062
BPO,20090413,6.46,6.95,6.32,6.84,45781
BPO,20090414,6.82,7.01,6.56,6.62,73111
BPO,20090415,6.47,7.00,6.42,6.95,60685
BPO,20090416,6.91,7.43,6.71,7.23,50713
BPO,20090417,7.23,7.89,7.21,7.78,71901
BPO,20090420,7.50,7.52,6.73,6.82,65782
BPO,20090421,6.65,7.49,6.48,7.34,72723
BPO,20090422,7.27,7.59,7.04,7.08,66674
BPO,20090423,7.31,7.47,6.95,7.46,41916
BPO,20090424,7.49,8.11,7.31,7.90,73263
BPO,20090427,7.62,7.90,7.25,7.38,54005
BPO,20090428,7.18,7.54,7.18,7.39,30007
BPO,20090429,7.55,7.68,7.41,7.58,70856
BPO,20090430,7.72,7.85,7.35,7.47,60591
BPO,20090501,7.63,7.78,7.22,7.25,48344
BPO,20090504,7.62,7.90,7.51,7.74,85968
BPO,20090505,7.77,7.96,7.70,7.75,56823
BPO,20090506,7.97,8.40,7.81,8.31,80280
BPO,20090507,8.72,8.72,7.83,7.96,79947
BPO,20090508,8.23,8.60,7.97,8.52,65675
BPO,20090511,8.27,8.42,8.09,8.14,48668
BPO,20090512,8.33,8.33,7.63,7.91,40604
BPO,20090513,7.60,7.70,7.24,7.32,62273
BPO,20090514,7.29,7.65,7.08,7.51,63688
BPO,20090515,7.35,7.59,7.07,7.22,52581
BPO,20090518,7.25,7.86,7.25,7.79,55724
BPO,20090519,7.72,7.75,7.51,7.57,41565
BPO,20090520,7.69,7.95,7.37,7.42,58691
BPO,20090521,7.29,7.46,7.20,7.34,35614
BPO,20090522,7.52,7.60,7.26,7.36,38394
BPO,20090526,7.37,7.96,7.31,7.88,59198
BPO,20090527,7.95,7.95,7.60,7.68,58536
BPO,20090528,7.63,7.68,7.28,7.47,67335
BPO,20090529,7.50,7.60,7.40,7.56,52691
BPO,20090601,7.57,8.12,7.57,8.02,56765
BPO,20090602,7.98,8.00,7.84,7.90,20352
BPO,20090603,7.82,7.82,7.38,7.46,29483
BPO,20090604,7.59,7.71,7.44,7.69,31163
BPO,20090605,7.81,7.96,7.66,7.89,43473
BPO,20090608,7.89,7.91,7.56,7.83,28464
BPO,20090609,8.00,8.06,7.75,7.92,33728
BPO,20090610,7.97,8.52,7.93,8.46,83275
BPO,20090611,8.53,8.70,8.39,8.55,45563
BPO,20090612,8.56,8.67,8.40,8.67,24888
BPO,20090615,8.54,8.54,8.00,8.03,42789
BPO,20090616,8.17,8.35,7.84,7.98,27227
BPO,20090617,7.99,7.99,7.53,7.72,26834
BPO,20090618,7.79,7.87,7.51,7.78,32433
BPO,20090619,7.81,7.94,7.67,7.82,28080
BPO,20090622,7.69,7.69,7.02,7.07,43753
BPO,20090623,7.08,7.42,6.96,7.28,34760
BPO,20090624,7.47,7.63,7.34,7.52,31670
BPO,20090625,7.51,7.57,7.33,7.57,28515
BPO,20090626,7.62,7.62,7.38,7.58,31606
BPO,20090629,7.66,7.82,7.52,7.78,29968
BPO,20090630,7.74,8.00,7.74,7.97,26399
BPO,20090701,8.05,8.13,7.85,7.91,14823
BPO,20090702,7.74,7.93,7.40,7.40,30866
BPO,20090706,7.39,7.46,7.08,7.41,34996
BPO,20090707,7.37,7.48,7.10,7.13,38789
BPO,20090708,7.13,7.28,6.78,6.98,38951
BPO,20090709,7.02,7.22,6.96,7.06,37103
BPO,20090710,6.98,7.27,6.93,7.17,30678
BPO,20090713,7.10,7.41,6.91,7.38,45266
BPO,20090714,7.35,7.52,7.22,7.52,20095
BPO,20090715,7.59,8.23,7.59,8.09,41488
BPO,20090716,7.95,8.21,7.80,8.18,23410
BPO,20090717,8.19,8.24,8.01,8.09,29192
BPO,20090720,8.17,8.36,8.16,8.36,26979
BPO,20090721,8.33,8.44,8.13,8.38,29328
BPO,20090722,8.30,8.47,8.17,8.38,28682
BPO,20090723,8.32,8.86,8.32,8.81,38643
BPO,20090724,8.72,8.95,8.65,8.88,28615
BPO,20090727,8.86,9.28,8.65,9.23,29252
BPO,20090728,9.17,9.28,9.02,9.24,33221
BPO,20090729,9.19,9.40,8.81,9.00,52156
BPO,20090730,9.23,9.45,9.05,9.35,42189
BPO,20090731,9.22,9.50,9.18,9.46,33338
BPO,20090803,9.74,9.74,9.37,9.58,25760
BPO,20090804,9.51,10.64,9.35,10.30,97758
BPO,20090805,10.35,10.67,9.99,10.66,71799
BPO,20090806,10.73,11.22,10.51,10.69,69644
BPO,20090807,10.81,11.43,10.74,11.24,67213
BPO,20090810,11.22,11.52,10.64,10.79,30916
BPO,20090811,10.63,10.63,10.08,10.26,39334
BPO,20090812,9.84,10.76,9.82,10.45,207121
BPO,20090813,10.72,10.73,10.24,10.31,55132
BPO,20090814,10.35,10.41,9.96,10.15,32435
BPO,20090817,9.78,9.91,9.67,9.81,52700
BPO,20090818,10.52,10.53,9.90,10.37,48100
BPO,20090819,10.26,10.36,10.04,10.29,32752
BPO,20090820,10.33,10.93,10.26,10.86,50884
BPO,20090821,11.11,11.47,10.96,11.27,47207
BPO,20090824,11.67,11.67,11.23,11.34,57364
BPO,20090825,11.39,11.50,11.04,11.11,61143
BPO,20090826,11.12,11.33,10.95,11.31,27261
BPO,20090827,11.41,11.41,10.90,11.21,31115
BPO,20090828,11.31,11.36,11.06,11.35,44012
BPO,20090831,11.15,11.28,10.73,10.97,54389
BPO,20090901,10.89,11.04,10.18,10.21,68532
BPO,20090902,10.12,10.27,9.72,9.74,68302
BPO,20090903,9.87,10.23,9.73,10.19,59410
BPO,20090904,10.17,10.49,10.06,10.49,28955
BPO,20090908,10.60,10.93,10.44,10.85,40337
BPO,20090909,10.90,11.00,10.68,10.84,31882
BPO,20090910,10.83,10.90,10.64,10.87,40493
BPO,20090911,10.93,11.00,10.56,10.79,30845
BPO,20090914,10.70,10.90,10.54,10.84,33732
BPO,20090915,10.77,11.07,10.74,11.06,58241
BPO,20090916,11.08,11.48,10.95,11.40,61044
BPO,20090917,11.35,11.69,11.31,11.67,55899
BPO,20090918,11.69,11.75,11.37,11.64,26596
BPO,20090921,11.51,11.52,11.12,11.30,40595
BPO,20090922,11.35,11.68,11.35,11.68,54390
BPO,20090923,11.67,11.74,11.25,11.25,43748
BPO,20090924,11.39,11.42,10.60,10.66,47975
BPO,20090925,10.59,10.73,10.32,10.63,47782
BPO,20090928,10.92,11.37,10.88,11.32,50712
BPO,20090929,11.40,11.42,11.09,11.09,48678
BPO,20090930,11.24,11.44,10.92,11.26,59983
BPO,20091001,11.20,11.46,10.60,10.61,48922
BPO,20091002,10.37,10.91,10.14,10.60,72581
BPO,20091005,10.77,11.31,10.65,11.26,47482
BPO,20091006,11.46,11.74,11.18,11.34,43300
BPO,20091007,11.23,11.39,11.02,11.27,28560
BPO,20091008,11.44,11.86,11.35,11.71,38957
BPO,20091009,11.75,11.89,11.54,11.84,28219
BPO,20091012,11.94,12.00,11.55,11.57,13811
BPO,20091013,11.67,11.68,11.34,11.44,29299
BPO,20091014,11.71,12.16,11.68,12.12,41488
BPO,20091015,12.07,12.07,11.73,11.80,35272
BPO,20091016,11.67,11.73,11.36,11.42,28368
BPO,20091019,11.48,11.65,11.43,11.50,22386
BPO,20091020,11.46,11.52,10.94,11.01,49651
BPO,20091021,10.94,11.17,10.80,10.91,57076
BPO,20091022,10.84,11.14,10.65,11.12,43393
BPO,20091023,11.24,11.28,10.75,10.86,30659
BPO,20091026,10.86,11.25,10.71,10.72,42795
BPO,20091027,10.71,10.78,10.19,10.28,35543
BPO,20091028,10.39,10.43,10.01,10.04,43883
BPO,20091029,10.20,10.55,10.13,10.47,40415
BPO,20091030,10.44,10.59,10.03,10.16,59860
BPO,20091102,10.27,10.61,9.95,10.27,43345
BPO,20091103,10.10,10.49,10.04,10.48,38205
BPO,20091104,10.60,10.75,10.44,10.45,41710
BPO,20091105,10.60,10.66,10.37,10.57,31993
BPO,20091106,10.42,10.57,10.27,10.36,34599
BPO,20091109,10.52,10.82,10.52,10.81,31971
BPO,20091110,10.73,10.90,10.57,10.81,24787
BPO,20091111,10.90,11.10,10.81,10.99,24104
BPO,20091112,11.03,11.09,10.75,10.75,25157
BPO,20091113,10.88,11.03,10.82,11.02,22992
BPO,20091116,11.16,11.34,11.06,11.26,21231
BPO,20091117,11.29,11.38,11.15,11.23,27256
BPO,20091118,11.23,11.62,11.23,11.58,29003
BPO,20091119,11.42,11.62,11.20,11.53,42684
BPO,20091120,11.40,11.54,11.22,11.51,24703
BPO,20091123,11.66,11.93,11.66,11.74,40450
BPO,20091124,11.70,11.74,11.36,11.52,33906
BPO,20091125,11.60,11.67,11.50,11.57,15077
BPO,20091127,10.96,11.29,10.96,11.01,16728
BPO,20091130,11.20,11.31,11.01,11.26,36451
BPO,20091201,11.41,11.53,11.30,11.38,23398
BPO,20091202,11.55,11.67,11.37,11.64,43486
BPO,20091203,11.61,11.67,11.49,11.50,35644
BPO,20091204,11.79,11.88,11.54,11.82,45251
BPO,20091207,11.78,11.87,11.51,11.61,31985
BPO,20091208,11.47,11.64,11.38,11.44,20266
BPO,20091209,11.52,11.68,11.36,11.54,22280
BPO,20091210,11.63,11.63,11.47,11.51,15392
BPO,20091211,11.56,11.75,11.52,11.72,19465
BPO,20091214,11.77,12.52,11.70,12.45,43675
BPO,20091215,12.38,12.72,12.28,12.43,37732
BPO,20091216,12.54,12.70,12.36,12.45,24853
BPO,20091217,12.33,12.54,12.22,12.48,15702
BPO,20091218,12.60,12.60,12.18,12.33,19675
BPO,20091221,12.44,12.48,12.21,12.43,16510
BPO,20091222,12.41,12.65,12.41,12.63,23188
BPO,20091223,12.73,12.91,12.54,12.85,20290
BPO,20091224,12.83,12.97,12.77,12.87,9172
BPO,20091228,12.89,13.02,12.68,12.78,11249
BPO,20091229,12.76,13.02,12.54,12.57,13352
BPO,20091230,12.51,12.56,12.31,12.45,16994
BPO,20091231,12.54,12.58,12.07,12.12,25164
BPO,20100104,12.30,12.49,12.27,12.48,35033
BPO,20100105,12.54,12.63,12.27,12.51,20640
BPO,20100106,12.56,12.64,12.46,12.54,21498
BPO,20100107,12.52,12.61,12.33,12.47,21374
BPO,20100108,12.37,12.55,12.37,12.41,22744
BPO,20100111,12.57,12.57,12.42,12.50,20029
BPO,20100112,12.43,12.53,12.14,12.19,24706
BPO,20100113,12.22,12.47,12.18,12.43,20170
BPO,20100114,12.36,12.48,12.36,12.42,12131
BPO,20100115,12.37,12.52,12.26,12.47,23796
BPO,20100119,12.41,12.68,12.36,12.65,29422
BPO,20100120,12.56,12.82,12.40,12.64,41657
BPO,20100121,12.64,12.80,12.14,12.20,43148
BPO,20100122,12.25,12.29,11.91,11.98,31416
BPO,20100125,12.21,12.28,11.79,12.25,32383
BPO,20100126,12.21,12.25,12.14,12.20,29353
BPO,20100127,12.13,12.16,11.93,12.06,33943
BPO,20100128,12.19,12.22,11.97,12.07,30058
BPO,20100129,12.06,12.20,11.93,11.97,59695
BPO,20100201,12.01,12.23,12.01,12.17,27924
BPO,20100202,12.20,12.64,12.20,12.49,52828
BPO,20100203,12.41,12.80,12.41,12.74,60453
BPO,20100204,12.67,12.70,12.19,12.21,60968
BPO,20100205,12.50,12.87,12.35,12.74,76780
BPO,20100208,12.81,13.06,12.61,12.65,38238
BPO,20100209,12.97,12.99,12.40,12.66,39622
BPO,20100210,12.73,12.95,12.47,12.84,51763
BPO,20100211,12.80,13.03,12.63,12.95,42444
BPO,20100212,12.83,12.95,12.67,12.93,27881
BPO,20100216,13.01,13.17,12.98,13.12,35035
BPO,20100217,13.18,13.33,13.10,13.18,25772
BPO,20100218,13.18,13.28,13.01,13.21,44298
BPO,20100219,13.09,13.36,12.94,13.35,23226
BPO,20100222,13.40,13.47,13.33,13.40,30024
BPO,20100223,13.38,13.44,12.97,13.12,21997
BPO,20100224,13.15,13.63,13.15,13.54,45453
BPO,20100225,13.18,13.62,13.06,13.62,25316
BPO,20100226,13.85,14.03,13.62,13.87,50054
BPO,20100301,13.98,14.31,13.98,14.13,34836
BPO,20100302,14.31,14.52,14.23,14.31,29989
BPO,20100303,14.33,14.59,14.33,14.58,28807
BPO,20100304,14.56,14.56,13.90,14.06,44019
BPO,20100305,14.18,14.21,14.00,14.16,37388
BPO,20100308,14.16,14.53,14.05,14.36,36457
BPO,20100309,14.39,14.66,14.31,14.55,30813
BPO,20100310,14.56,14.70,14.49,14.65,22900
BPO,20100311,14.55,14.66,14.44,14.64,12111
BPO,20100312,14.71,14.76,14.54,14.72,13729
BPO,20100315,14.76,14.80,14.33,14.44,18608
BPO,20100316,14.55,14.90,14.42,14.86,21375
BPO,20100317,14.86,15.15,14.86,15.10,23187
BPO,20100318,15.09,15.21,15.03,15.18,27274
BPO,20100319,15.19,15.32,15.19,15.24,50956
BPO,20100322,15.23,15.43,15.01,15.40,23177
BPO,20100323,15.41,15.45,15.27,15.40,21599
BPO,20100324,15.34,15.50,15.33,15.39,48218
BPO,20100325,15.55,15.72,15.51,15.57,40168
BPO,20100326,15.60,15.70,15.29,15.51,20713
BPO,20100329,15.61,15.75,15.43,15.70,14627
BPO,20100330,15.74,15.75,15.47,15.62,12121
BPO,20100331,15.66,15.80,15.34,15.36,19485
BPO,20100401,15.42,15.72,15.32,15.45,21685
BPO,20100405,15.48,15.72,15.38,15.72,18326
BPO,20100406,15.70,16.20,15.60,15.95,37042
BPO,20100407,15.91,15.97,15.51,15.69,27925
BPO,20100408,15.61,15.75,15.44,15.48,19747
BPO,20100409,15.50,15.68,15.39,15.68,41105
BPO,20100412,15.68,15.73,15.55,15.65,16788
BPO,20100413,15.64,16.02,15.54,15.98,26365
BPO,20100414,16.09,16.22,15.97,16.22,25435
BPO,20100415,16.22,16.22,15.87,15.87,24381
BPO,20100416,15.83,15.88,15.42,15.47,31955
BPO,20100419,15.40,15.84,15.35,15.81,27756
BPO,20100420,15.87,16.13,15.76,16.12,24636
BPO,20100421,16.13,16.54,16.11,16.48,36591
BPO,20100422,16.24,16.47,16.02,16.39,49612
BPO,20100423,16.30,16.53,16.18,16.36,32924
BPO,20100426,16.45,16.45,16.18,16.35,37448
BPO,20100427,16.18,16.25,15.66,15.70,52462
BPO,20100428,15.72,15.93,15.59,15.79,25222
BPO,20100429,15.94,16.28,15.91,16.21,33202
BPO,20100430,16.17,16.31,15.83,15.98,45513
BPO,20100503,16.01,16.73,16.00,16.54,37170
BPO,20100504,16.32,16.40,16.17,16.34,48160
BPO,20100505,15.95,16.10,15.74,15.98,47536
BPO,20100506,15.70,15.93,11.63,15.09,77118
BPO,20100507,15.16,15.35,14.53,14.79,67752
BPO,20100510,15.52,15.74,15.33,15.60,51932
BPO,20100511,15.30,15.75,15.24,15.57,30497
BPO,20100512,15.69,15.91,15.52,15.89,29331
BPO,20100513,15.92,16.20,15.80,15.97,29289
BPO,20100514,15.74,15.78,15.25,15.49,29543
BPO,20100517,15.57,15.76,15.10,15.59,29777
BPO,20100518,15.79,15.84,14.88,14.90,40251
BPO,20100519,14.74,14.87,14.29,14.68,37982
BPO,20100520,14.09,14.34,13.79,13.86,42458
BPO,20100521,13.62,14.32,13.57,14.20,66307
BPO,20100524,14.15,14.36,13.86,13.90,26719
BPO,20100525,13.32,13.91,13.25,13.88,31418
BPO,20100526,14.01,14.41,13.86,13.94,27427
BPO,20100527,14.20,14.75,14.11,14.68,49146
BPO,20100528,14.85,14.91,14.45,14.63,31323
BPO,20100601,14.41,14.67,14.29,14.45,30647
BPO,20100602,14.59,14.86,14.27,14.84,39329
BPO,20100603,14.86,15.12,14.58,14.68,27255
BPO,20100604,14.33,14.48,13.93,13.99,34020
BPO,20100607,14.14,14.22,13.72,13.72,28313
BPO,20100608,13.79,13.97,13.35,13.84,55204
BPO,20100609,13.97,14.32,13.84,13.90,27862
BPO,20100610,14.20,14.42,14.03,14.40,29380
BPO,20100611,14.24,14.77,14.14,14.77,18683
BPO,20100614,14.77,14.91,14.49,14.74,37911
BPO,20100615,14.83,15.15,14.73,15.15,25063
BPO,20100616,14.99,15.58,14.88,15.47,24005
BPO,20100617,15.60,15.66,14.91,15.07,33791
BPO,20100618,15.09,15.12,14.74,14.79,19991
BPO,20100621,15.02,15.21,14.73,14.81,12205
BPO,20100622,14.78,14.99,14.49,14.53,25500
BPO,20100623,14.49,14.75,14.25,14.57,16027
BPO,20100624,14.53,14.64,14.22,14.27,14342
BPO,20100625,14.34,14.64,14.31,14.39,35722
BPO,20100628,14.40,14.51,14.33,14.38,15397
BPO,20100629,14.13,14.14,13.70,13.89,30148
BPO,20100630,13.86,14.18,13.81,14.04,26632
BPO,20100701,14.08,14.16,13.63,14.02,24524
BPO,20100702,14.02,14.07,13.38,13.42,24696
BPO,20100706,13.67,13.99,13.14,13.19,40667
BPO,20100707,13.28,13.85,13.26,13.74,33658
BPO,20100708,13.88,13.99,13.59,13.83,21706
BPO,20100709,13.85,14.24,13.81,14.16,23696
BPO,20100712,14.08,14.22,13.95,14.15,15756
BPO,20100713,14.33,14.56,14.28,14.47,16597
BPO,20100714,14.45,14.55,14.26,14.46,19494
BPO,20100715,14.46,14.68,14.29,14.65,29182
BPO,20100716,14.51,14.55,14.12,14.23,27719
BPO,20100719,14.29,14.33,13.94,14.27,20240
BPO,20100720,14.04,14.52,14.03,14.51,22663
BPO,20100721,14.65,14.75,14.43,14.53,38796
BPO,20100722,14.71,15.13,14.69,15.13,28397
BPO,20100723,15.14,15.37,14.89,15.35,20183
BPO,20100726,15.33,15.92,15.32,15.88,37236
BPO,20100727,16.04,16.09,15.54,15.59,35311
BPO,20100728,15.68,15.74,15.41,15.50,23615
BPO,20100729,15.70,15.88,15.36,15.55,26583
BPO,20100730,16.16,16.28,14.87,15.04,133831
BPO,20100802,14.84,15.18,14.50,15.07,61773
BPO,20100803,15.08,15.14,14.72,14.77,62248
BPO,20100804,14.86,14.89,14.68,14.77,54218
BPO,20100805,14.68,14.76,14.39,14.53,54359
BPO,20100806,14.38,14.58,14.27,14.54,34442
BPO,20100809,14.64,14.77,14.49,14.69,22478
BPO,20100810,14.48,14.61,14.32,14.54,31680
BPO,20100811,14.46,14.51,13.99,14.16,29548
BPO,20100812,14.03,14.26,13.95,14.09,22933
BPO,20100813,14.06,14.22,13.94,13.98,18750
BPO,20100816,14.01,14.56,13.97,14.47,37518
BPO,20100817,14.63,14.69,14.49,14.55,21328
BPO,20100818,14.62,14.67,14.41,14.52,16917
BPO,20100819,14.48,14.53,14.19,14.28,17670
BPO,20100820,14.15,14.20,14.01,14.12,11735
BPO,20100823,14.19,14.29,14.12,14.21,10937
BPO,20100824,14.00,14.42,13.95,14.32,30328
BPO,20100825,14.25,14.51,14.16,14.48,22067
BPO,20100826,14.68,14.68,14.23,14.27,20823
BPO,20100827,14.35,14.50,14.09,14.50,15376
BPO,20100830,14.33,14.41,14.23,14.25,18044
BPO,20100831,14.22,14.54,14.14,14.44,24506
BPO,20100901,14.64,15.12,14.58,14.96,43700
BPO,20100902,14.95,15.22,14.88,15.13,17591
BPO,20100903,15.31,15.46,15.13,15.19,20190
BPO,20100907,15.06,15.17,14.93,15.03,18448
BPO,20100908,15.12,15.23,14.77,15.00,19246
BPO,20100909,15.14,15.38,15.03,15.11,18726
BPO,20100910,15.17,15.35,15.12,15.23,12656
BPO,20100913,15.43,15.59,15.38,15.57,8542
BPO,20100914,15.52,15.59,15.40,15.43,9974
BPO,20100915,15.32,15.68,15.19,15.63,22580
BPO,20100916,15.55,15.65,15.43,15.58,16280
BPO,20100917,15.57,15.71,15.45,15.53,28336
BPO,20100920,15.57,15.98,15.54,15.87,21619
BPO,20100921,15.85,15.87,15.40,15.50,20528
BPO,20100922,15.45,15.50,15.16,15.34,11999
BPO,20100923,15.22,15.42,15.06,15.06,11879
BPO,20100924,15.29,15.78,15.26,15.67,19142
BPO,20100927,15.67,15.76,15.53,15.57,15913
BPO,20100928,15.61,15.70,15.39,15.57,13835
BPO,20100929,15.55,15.65,15.34,15.39,9346
BPO,20100930,15.47,15.58,15.36,15.57,16969
BPO,20101001,15.70,16.18,15.62,15.91,32994
BPO,20101004,16.06,16.48,16.00,16.41,53065
BPO,20101005,16.58,16.92,16.51,16.77,33223
BPO,20101006,16.88,16.93,16.59,16.73,32572
BPO,20101007,16.85,16.96,16.80,16.91,19010
BPO,20101008,16.89,16.96,16.69,16.93,21673
BPO,20101011,16.83,16.93,16.52,16.76,11394
BPO,20101012,16.80,16.93,16.65,16.87,22639
BPO,20101013,16.96,17.31,16.90,17.12,36668
BPO,20101014,17.13,17.27,17.06,17.19,22409
BPO,20101015,17.27,17.30,17.06,17.18,19672
BPO,20101018,17.18,17.38,17.09,17.37,14199
BPO,20101019,17.05,17.12,16.74,16.92,34988
BPO,20101020,16.98,17.74,16.96,17.59,27977
BPO,20101021,17.62,17.74,17.33,17.53,15692
BPO,20101022,17.54,17.71,17.43,17.69,12778
BPO,20101025,17.79,17.92,17.76,17.85,23778
BPO,20101026,17.72,17.85,17.67,17.76,10773
BPO,20101027,17.66,17.72,17.33,17.39,38939
BPO,20101028,17.53,17.69,17.41,17.52,39743
BPO,20101029,17.58,17.74,17.38,17.39,29694
BPO,20101101,17.54,17.68,17.45,17.52,14472
BPO,20101102,17.70,17.90,17.59,17.89,24264
BPO,20101103,17.94,18.00,17.70,17.93,34889
BPO,20101104,18.01,18.25,17.91,18.24,27334
BPO,20101105,18.25,18.87,18.18,18.57,34021
BPO,20101108,18.57,18.68,18.44,18.63,23736
BPO,20101109,18.70,18.84,18.01,18.01,26575
BPO,20101110,18.07,18.14,17.86,18.01,19336
BPO,20101111,17.88,18.11,17.79,17.89,10478
BPO,20101112,17.79,17.85,17.46,17.50,19524
BPO,20101115,17.63,17.69,17.34,17.35,10798
BPO,20101116,17.24,17.28,16.79,16.92,22836
BPO,20101117,16.96,17.17,16.92,17.17,18979
BPO,20101118,17.41,17.50,17.06,17.09,15133
BPO,20101119,17.02,17.12,16.69,17.11,18222
BPO,20101122,17.06,17.14,16.82,16.98,16922
BPO,20101123,16.78,16.91,16.61,16.66,16894
BPO,20101124,16.85,17.03,16.78,16.87,14662
BPO,20101126,16.69,16.83,16.63,16.68,4329
BPO,20101129,16.48,16.52,16.22,16.45,19857
BPO,20101130,16.27,16.41,16.11,16.17,28169
BPO,20101201,16.47,16.78,16.39,16.64,26166
BPO,20101202,16.73,16.89,16.60,16.88,24815
BPO,20101203,16.80,17.05,16.74,17.04,26047
BPO,20101206,16.94,17.18,16.88,17.15,21394
BPO,20101207,17.32,17.38,17.10,17.11,10851
BPO,20101208,17.11,17.21,16.78,16.84,13733
BPO,20101209,16.90,17.07,16.71,16.75,12319
BPO,20101210,16.79,17.02,16.71,17.01,11465
BPO,20101213,17.08,17.13,17.00,17.09,9647
BPO,20101214,17.09,17.53,17.03,17.17,27233
BPO,20101215,17.18,17.26,16.80,16.81,14698
BPO,20101216,16.83,17.07,16.73,17.01,14900
BPO,20101217,16.96,16.96,16.61,16.74,31287
BPO,20101220,16.71,16.95,16.63,16.94,7416
BPO,20101221,17.00,17.29,16.93,17.11,12212
BPO,20101222,17.13,17.50,17.13,17.45,12211
BPO,20101223,17.42,17.50,17.35,17.36,7796
BPO,20101227,17.32,17.48,17.25,17.48,3905
BPO,20101228,17.45,17.51,17.25,17.28,8154
BPO,20101229,17.32,17.45,17.19,17.45,7617
BPO,20101230,17.44,17.65,17.42,17.52,7049
BPO,20101231,17.56,17.65,17.45,17.53,3667
BPO,20110103,17.65,17.97,17.65,17.81,11070
BPO,20110104,17.94,18.01,17.43,17.62,32313
BPO,20110105,17.53,17.68,17.40,17.54,17933
BPO,20110106,17.55,17.58,17.29,17.37,12749
BPO,20110107,17.39,17.46,17.06,17.22,16339
