BPZ,20090115,5.93,6.00,5.40,5.83,11741
BPZ,20090116,5.95,6.30,5.52,5.59,7511
BPZ,20090120,5.58,5.75,4.83,4.83,10251
BPZ,20090121,5.19,5.80,4.73,5.80,11031
BPZ,20090122,5.70,5.70,5.03,5.35,5292
BPZ,20090123,5.08,5.88,5.00,5.63,5939
BPZ,20090126,5.47,6.00,5.47,5.77,3935
BPZ,20090127,5.70,6.00,5.58,5.62,4188
BPZ,20090128,5.76,6.17,5.70,6.07,5048
BPZ,20090129,6.06,6.40,5.90,6.15,5701
BPZ,20090130,6.21,6.50,5.72,5.76,5146
BPZ,20090202,6.01,6.02,5.53,5.84,5106
BPZ,20090203,5.67,6.04,5.67,5.99,5099
BPZ,20090204,5.99,6.10,5.81,5.89,5268
BPZ,20090205,4.75,4.75,3.77,4.38,51710
BPZ,20090206,4.59,4.75,4.19,4.30,18947
BPZ,20090209,4.35,4.40,4.16,4.16,6227
BPZ,20090210,4.25,4.36,3.82,3.82,7661
BPZ,20090211,4.27,4.27,3.48,3.53,10789
BPZ,20090212,3.59,3.61,3.15,3.35,12161
BPZ,20090213,3.34,4.55,3.25,4.27,29087
BPZ,20090217,4.00,4.05,3.66,3.77,8425
BPZ,20090218,3.87,3.95,3.61,3.71,5679
BPZ,20090219,3.85,3.97,3.70,3.85,4250
BPZ,20090220,3.79,3.89,3.33,3.66,5513
BPZ,20090223,3.74,3.82,3.36,3.40,4470
BPZ,20090224,3.70,3.79,3.38,3.74,6224
BPZ,20090225,3.70,3.84,3.58,3.65,3868
BPZ,20090226,3.85,3.92,3.59,3.59,4706
BPZ,20090227,3.50,3.68,3.41,3.44,3324
BPZ,20090302,3.35,3.40,2.87,2.96,10012
BPZ,20090303,3.00,3.13,2.82,2.99,5008
BPZ,20090304,3.07,3.30,2.76,3.07,8032
BPZ,20090305,3.08,3.20,2.71,2.72,7588
BPZ,20090306,2.82,3.00,2.38,2.41,7371
BPZ,20090309,2.43,2.81,2.25,2.55,9954
BPZ,20090310,2.78,2.92,2.65,2.70,10676
BPZ,20090311,2.89,2.96,2.65,2.70,4954
BPZ,20090312,2.60,3.24,2.59,3.24,6466
BPZ,20090313,3.28,3.28,3.03,3.12,7187
BPZ,20090316,3.10,3.27,2.87,3.11,9214
BPZ,20090317,3.10,3.44,3.06,3.35,6419
BPZ,20090318,3.34,3.53,3.06,3.48,6041
BPZ,20090319,3.67,4.10,3.54,4.03,14942
BPZ,20090320,3.95,4.10,3.66,3.72,10231
BPZ,20090323,3.80,4.20,3.80,4.17,7390
BPZ,20090324,4.07,4.15,3.83,3.85,4527
BPZ,20090325,4.00,4.06,3.70,4.00,4947
BPZ,20090326,4.07,4.47,4.02,4.47,8010
BPZ,20090327,4.35,4.38,3.92,3.92,4550
BPZ,20090330,3.89,3.95,3.53,3.77,6977
BPZ,20090331,3.85,4.25,3.65,3.70,13885
BPZ,20090401,3.69,4.15,3.60,4.15,6063
BPZ,20090402,4.25,4.32,3.92,4.03,7647
BPZ,20090403,4.03,4.22,3.94,4.14,4412
BPZ,20090406,4.23,4.23,3.92,4.23,5788
BPZ,20090407,4.21,4.21,3.91,4.00,7221
BPZ,20090408,4.03,4.32,3.88,4.32,6622
BPZ,20090409,4.41,4.90,4.34,4.73,9449
BPZ,20090413,4.47,4.99,4.26,4.94,8951
BPZ,20090414,4.79,5.34,4.79,5.12,10806
BPZ,20090415,5.12,5.45,5.12,5.45,10377
BPZ,20090416,5.46,5.81,5.25,5.71,8864
BPZ,20090417,5.73,5.95,5.65,5.75,9407
BPZ,20090420,5.71,5.71,5.02,5.34,8677
BPZ,20090421,5.41,5.82,5.20,5.82,8743
BPZ,20090422,5.75,5.84,5.43,5.59,5619
BPZ,20090423,5.70,5.79,5.32,5.40,4690
BPZ,20090424,5.46,5.59,5.26,5.40,5682
BPZ,20090427,5.16,5.30,5.05,5.17,4705
BPZ,20090428,5.07,5.15,4.50,4.88,8921
BPZ,20090429,4.90,5.28,4.80,5.28,8799
BPZ,20090430,5.39,5.77,5.25,5.45,11652
BPZ,20090501,5.45,5.75,5.41,5.65,8167
BPZ,20090504,5.75,6.75,5.70,6.55,16400
BPZ,20090505,6.50,6.65,6.05,6.58,10864
BPZ,20090506,6.70,6.99,6.59,6.70,10217
BPZ,20090507,6.74,6.98,6.15,6.45,13236
BPZ,20090508,6.46,7.05,6.46,7.00,11282
BPZ,20090511,6.99,6.99,6.03,6.53,10253
BPZ,20090512,6.57,6.61,6.20,6.33,5888
BPZ,20090513,6.16,6.35,5.78,5.90,10227
BPZ,20090514,5.71,6.46,5.52,6.15,8117
BPZ,20090515,6.28,6.28,5.68,5.86,4978
BPZ,20090518,5.99,6.42,5.95,6.37,6825
BPZ,20090519,6.35,6.60,6.09,6.41,4190
BPZ,20090520,6.41,6.90,6.41,6.72,7541
BPZ,20090521,6.69,6.69,5.98,6.09,7029
BPZ,20090522,6.16,6.38,5.88,6.21,6664
BPZ,20090526,6.07,6.45,5.90,6.45,3428
BPZ,20090527,6.46,6.65,6.33,6.38,3788
BPZ,20090528,6.72,6.99,6.18,6.90,10701
BPZ,20090529,7.00,7.25,6.31,7.15,16519
BPZ,20090601,7.35,7.65,7.13,7.31,10426
BPZ,20090602,7.05,7.49,7.05,7.47,5001
BPZ,20090603,7.39,7.39,6.83,6.99,6107
BPZ,20090604,7.10,7.29,7.00,7.15,5279
BPZ,20090605,7.20,7.33,6.74,6.92,4814
BPZ,20090608,6.72,6.99,6.50,6.83,3426
BPZ,20090609,6.87,7.05,6.56,6.59,5874
BPZ,20090610,6.63,6.76,6.44,6.59,6037
BPZ,20090611,6.60,6.75,6.23,6.52,14265
BPZ,20090612,6.54,6.77,6.20,6.60,7620
BPZ,20090615,6.41,6.70,5.90,6.24,7819
BPZ,20090616,6.69,6.69,5.86,6.00,9848
BPZ,20090617,6.01,6.02,5.59,5.75,6883
BPZ,20090618,5.72,6.08,5.61,5.64,4920
BPZ,20090619,5.80,5.83,5.32,5.51,8646
BPZ,20090622,5.38,5.38,5.00,5.00,5659
BPZ,20090623,5.00,5.25,5.00,5.18,4702
BPZ,20090624,5.23,5.36,5.15,5.18,6418
BPZ,20090625,5.19,5.38,5.05,5.33,5706
BPZ,20090626,5.08,5.47,4.82,5.27,40168
BPZ,20090629,5.28,5.28,5.01,5.12,9653
BPZ,20090630,5.11,5.24,4.89,4.89,6919
BPZ,20090701,5.01,5.17,4.96,4.97,4736
BPZ,20090702,4.90,4.97,4.83,4.89,6229
BPZ,20090706,4.77,4.80,4.52,4.78,8332
BPZ,20090707,4.90,4.90,4.54,4.58,6523
BPZ,20090708,4.63,5.25,4.63,4.98,12238
BPZ,20090709,5.13,5.49,5.02,5.32,6614
BPZ,20090710,5.25,5.41,5.03,5.39,3392
BPZ,20090713,5.43,5.69,5.15,5.68,6135
BPZ,20090714,5.69,5.97,5.65,5.90,3439
BPZ,20090715,6.10,6.39,6.00,6.24,6560
BPZ,20090716,6.03,6.30,5.78,6.26,4257
BPZ,20090717,6.30,6.45,6.10,6.24,4378
BPZ,20090720,6.31,6.45,6.13,6.30,4974
BPZ,20090721,6.39,6.39,5.84,6.28,5139
BPZ,20090722,6.00,6.22,5.95,6.17,1924
BPZ,20090723,6.15,6.49,5.89,6.40,5100
BPZ,20090724,6.31,6.55,6.02,6.52,2878
BPZ,20090727,6.50,7.03,6.50,6.98,6971
BPZ,20090728,6.85,7.18,6.76,7.18,7144
BPZ,20090729,6.97,7.08,6.60,6.84,7052
BPZ,20090730,6.90,7.55,6.90,7.26,10564
BPZ,20090731,7.25,7.50,7.11,7.20,17792
BPZ,20090803,7.37,7.44,7.19,7.27,6225
BPZ,20090804,7.20,7.45,7.05,7.25,4891
BPZ,20090805,7.24,7.31,7.01,7.17,4943
BPZ,20090806,7.20,7.20,6.67,6.79,6645
BPZ,20090807,6.71,7.13,6.65,7.08,4478
BPZ,20090810,6.99,6.99,6.20,6.23,11185
BPZ,20090811,6.17,6.20,5.81,5.95,7704
BPZ,20090812,5.85,6.43,5.85,6.13,9372
BPZ,20090813,6.21,6.65,6.01,6.50,9299
BPZ,20090814,6.50,6.60,6.02,6.22,5254
BPZ,20090817,6.08,6.10,5.75,5.81,8625
BPZ,20090818,5.85,6.15,5.81,5.98,3755
BPZ,20090819,5.92,6.23,5.85,6.20,3830
BPZ,20090820,6.20,6.31,6.01,6.09,3144
BPZ,20090821,6.20,6.40,6.20,6.22,7202
BPZ,20090824,6.22,6.50,6.16,6.23,5595
BPZ,20090825,6.39,6.39,6.01,6.10,3576
BPZ,20090826,6.11,6.11,5.93,6.08,3705
BPZ,20090827,6.04,6.19,5.90,6.19,3300
BPZ,20090828,6.06,6.36,6.05,6.16,2307
BPZ,20090831,5.97,6.09,5.90,6.08,4087
BPZ,20090901,6.05,6.09,5.70,5.73,5241
BPZ,20090902,5.90,6.01,5.70,6.00,4275
BPZ,20090903,6.17,6.17,5.99,6.11,3611
BPZ,20090904,6.07,6.29,6.02,6.27,3651
BPZ,20090908,6.30,6.51,6.14,6.18,5671
BPZ,20090909,6.20,6.54,6.18,6.42,5436
BPZ,20090910,6.39,7.05,6.37,7.05,11007
BPZ,20090911,7.12,7.40,6.85,7.24,12101
BPZ,20090914,7.14,7.30,7.03,7.23,5712
BPZ,20090915,7.23,7.34,7.13,7.21,6958
BPZ,20090916,7.27,7.53,7.20,7.40,6356
BPZ,20090917,7.50,7.50,7.18,7.45,4209
BPZ,20090918,7.25,7.57,7.25,7.56,9179
BPZ,20090921,7.09,7.46,7.02,7.28,5195
BPZ,20090922,7.28,8.00,7.28,7.77,12784
BPZ,20090923,7.87,8.07,7.44,7.97,16304
BPZ,20090924,8.07,8.07,7.26,7.41,9162
BPZ,20090925,7.42,7.59,7.14,7.27,6840
BPZ,20090928,7.31,7.40,7.10,7.29,4938
BPZ,20090929,7.10,7.38,7.06,7.35,5309
BPZ,20090930,7.41,7.60,7.20,7.52,10285
BPZ,20091001,7.57,7.57,6.95,7.01,8797
BPZ,20091002,6.93,7.13,6.50,6.88,7208
BPZ,20091005,6.91,7.24,6.81,7.13,4896
BPZ,20091006,7.18,7.28,6.80,7.14,8672
BPZ,20091007,7.13,7.25,6.83,6.96,9483
BPZ,20091008,6.94,7.25,6.94,7.22,7727
BPZ,20091009,7.22,7.34,7.05,7.23,3418
BPZ,20091012,7.20,7.59,7.18,7.20,4842
BPZ,20091013,7.22,7.25,6.90,7.17,4173
BPZ,20091014,7.30,7.38,7.17,7.38,5227
BPZ,20091015,7.36,7.88,7.20,7.87,11652
BPZ,20091016,7.65,7.80,7.54,7.63,9665
BPZ,20091019,7.69,7.75,7.55,7.56,4936
BPZ,20091020,7.54,7.68,7.15,7.42,5680
BPZ,20091021,7.33,7.75,7.29,7.42,6457
BPZ,20091022,7.51,7.51,7.21,7.30,6488
BPZ,20091023,7.36,7.43,7.15,7.19,5524
BPZ,20091026,7.22,7.52,6.91,7.01,7269
BPZ,20091027,7.00,7.10,6.80,6.83,5109
BPZ,20091028,6.79,6.90,6.14,6.30,9118
BPZ,20091029,6.39,6.84,6.36,6.68,6035
BPZ,20091030,6.57,6.59,6.18,6.30,10072
BPZ,20091102,6.29,6.54,6.05,6.24,7115
BPZ,20091103,6.15,6.59,6.15,6.50,3713
BPZ,20091104,6.57,6.60,6.40,6.55,5981
BPZ,20091105,6.55,6.93,6.51,6.93,5122
BPZ,20091106,6.80,7.00,6.74,6.84,6279
BPZ,20091109,6.29,7.15,6.29,6.80,12340
BPZ,20091110,6.74,6.80,6.45,6.62,7967
BPZ,20091111,6.69,6.86,6.50,6.80,7810
BPZ,20091112,6.85,7.38,6.83,7.33,24370
BPZ,20091113,7.33,7.40,7.06,7.34,12220
BPZ,20091116,7.37,7.64,7.32,7.44,11605
BPZ,20091117,7.69,7.69,7.10,7.27,5839
BPZ,20091118,7.25,7.34,7.02,7.15,7289
BPZ,20091119,7.00,7.08,6.81,6.93,9865
BPZ,20091120,6.90,7.20,6.86,7.19,6896
BPZ,20091123,7.32,7.50,7.23,7.28,7683
BPZ,20091124,7.25,7.34,7.10,7.23,5472
BPZ,20091125,7.26,7.61,7.16,7.58,11063
BPZ,20091127,7.38,7.47,7.20,7.40,4335
BPZ,20091130,7.35,7.40,7.20,7.28,7859
BPZ,20091201,7.36,7.79,7.31,7.55,14150
BPZ,20091202,7.71,8.25,7.71,8.24,20932
BPZ,20091203,8.27,8.49,8.11,8.18,13523
BPZ,20091204,8.35,8.58,8.19,8.42,24742
BPZ,20091207,8.05,8.37,8.05,8.13,12649
BPZ,20091208,8.08,8.17,7.86,7.89,7299
BPZ,20091209,7.92,8.23,7.70,7.92,8950
BPZ,20091210,7.93,8.11,7.81,7.92,6487
BPZ,20091211,7.97,8.04,7.50,8.01,20454
BPZ,20091214,8.10,8.39,8.05,8.33,7677
BPZ,20091215,8.27,8.50,8.24,8.47,10467
BPZ,20091216,8.60,8.68,8.45,8.58,5749
BPZ,20091217,8.47,8.61,8.21,8.45,7248
BPZ,20091218,8.48,8.90,8.48,8.90,17341
BPZ,20091221,8.94,9.58,8.83,9.55,22923
BPZ,20091222,9.67,9.68,9.15,9.40,18276
BPZ,20091223,9.53,9.64,9.39,9.54,7649
BPZ,20091224,9.58,9.70,9.42,9.49,3761
BPZ,20091228,9.51,9.55,9.25,9.51,6507
BPZ,20091229,9.55,9.63,9.36,9.58,6278
BPZ,20091230,9.50,9.92,9.36,9.92,12997
BPZ,20091231,9.92,9.98,9.48,9.50,9234
BPZ,20100104,9.80,9.85,8.14,8.32,53287
BPZ,20100105,8.41,8.92,8.41,8.74,29365
BPZ,20100106,8.79,8.79,8.40,8.54,15008
BPZ,20100107,8.56,8.56,7.95,7.97,26097
BPZ,20100108,7.90,8.09,7.72,7.98,11641
BPZ,20100111,8.10,8.10,7.52,7.69,14035
BPZ,20100112,7.63,7.82,7.40,7.77,14776
BPZ,20100113,7.71,7.82,7.65,7.70,10767
BPZ,20100114,7.75,7.87,7.66,7.75,4844
BPZ,20100115,7.78,7.89,7.62,7.70,10189
BPZ,20100119,7.71,7.79,7.46,7.56,9268
BPZ,20100120,7.44,7.48,7.07,7.18,10567
BPZ,20100121,7.17,7.29,6.83,6.90,15657
BPZ,20100122,6.92,7.43,6.86,6.92,11459
BPZ,20100125,7.01,7.24,7.01,7.19,7743
BPZ,20100126,7.01,7.40,7.01,7.03,10471
BPZ,20100127,7.00,7.00,6.11,6.45,29094
BPZ,20100128,6.41,6.65,6.09,6.11,15158
BPZ,20100129,6.22,6.36,5.87,5.94,9642
BPZ,20100201,6.00,6.19,5.80,5.97,13882
BPZ,20100202,5.99,6.29,5.86,6.24,10354
BPZ,20100203,5.75,6.60,5.70,6.19,43665
BPZ,20100204,6.19,6.23,5.65,5.71,24233
BPZ,20100205,5.69,5.91,5.63,5.87,19105
BPZ,20100208,5.85,6.15,5.68,5.90,15529
BPZ,20100209,6.06,6.32,5.98,6.23,16663
BPZ,20100210,6.23,6.34,6.00,6.34,11897
BPZ,20100211,6.34,6.68,6.30,6.67,13789
BPZ,20100212,6.59,6.69,6.38,6.65,11028
BPZ,20100216,6.81,6.88,6.68,6.86,10088
BPZ,20100217,6.98,7.44,6.91,7.31,25349
BPZ,20100218,7.24,7.45,7.11,7.45,10019
BPZ,20100219,7.50,7.64,7.42,7.53,18155
BPZ,20100222,7.89,7.90,7.50,7.63,15212
BPZ,20100223,7.60,7.63,7.30,7.47,14581
BPZ,20100224,7.40,7.65,7.40,7.52,6788
BPZ,20100225,7.41,7.88,7.33,7.86,10526
BPZ,20100226,7.96,7.97,7.62,7.82,9338
BPZ,20100301,7.90,8.14,7.87,8.11,9454
BPZ,20100302,8.24,8.24,7.92,7.95,14695
BPZ,20100303,8.01,8.07,7.65,7.73,9159
BPZ,20100304,7.76,7.84,7.51,7.60,5687
BPZ,20100305,7.63,7.81,7.61,7.71,6523
BPZ,20100308,7.66,7.77,7.55,7.59,8548
BPZ,20100309,7.55,7.55,7.20,7.28,19480
BPZ,20100310,7.25,7.40,7.00,7.29,19162
BPZ,20100311,7.13,7.75,7.13,7.71,14796
BPZ,20100312,7.75,7.87,7.64,7.69,13621
BPZ,20100315,7.69,7.70,7.37,7.51,16905
BPZ,20100316,7.52,7.60,7.38,7.50,7179
BPZ,20100317,7.55,7.56,7.40,7.48,6970
BPZ,20100318,7.51,7.54,7.25,7.33,5361
BPZ,20100319,7.38,7.69,7.14,7.17,11442
BPZ,20100322,7.09,7.36,7.00,7.34,5701
BPZ,20100323,7.37,7.42,7.17,7.21,7446
BPZ,20100324,7.23,7.28,7.15,7.22,8748
BPZ,20100325,7.27,7.33,7.05,7.05,5685
BPZ,20100326,7.05,7.15,7.00,7.10,8488
BPZ,20100329,7.15,7.35,7.15,7.24,14274
BPZ,20100330,7.25,7.71,7.21,7.43,18162
BPZ,20100331,7.68,7.74,7.31,7.35,18082
BPZ,20100401,7.33,7.36,7.10,7.21,15642
BPZ,20100405,7.21,7.47,7.21,7.36,8983
BPZ,20100406,7.26,7.44,7.25,7.27,7035
BPZ,20100407,7.23,7.35,7.15,7.22,10035
BPZ,20100408,7.22,7.24,7.04,7.05,12382
BPZ,20100409,7.07,7.25,6.91,7.12,16105
BPZ,20100412,7.15,7.19,7.00,7.09,12044
BPZ,20100413,7.05,7.20,6.98,7.17,6874
BPZ,20100414,7.24,7.41,7.20,7.41,9829
BPZ,20100415,7.42,7.42,7.25,7.33,6479
BPZ,20100416,7.24,7.33,7.01,7.08,7383
BPZ,20100419,7.02,7.02,6.68,6.91,22105
BPZ,20100420,6.97,7.01,6.90,6.95,7042
BPZ,20100421,6.94,6.98,6.78,6.93,6243
BPZ,20100422,6.87,7.00,6.80,6.97,4798
BPZ,20100423,7.02,7.24,6.90,7.20,9704
BPZ,20100426,7.18,7.27,6.82,6.91,8811
BPZ,20100427,6.89,6.96,6.62,6.65,10436
BPZ,20100428,6.68,6.92,6.56,6.82,9057
BPZ,20100429,6.85,6.98,6.68,6.84,8216
BPZ,20100430,6.86,6.88,6.61,6.62,7379
BPZ,20100503,6.70,6.85,6.56,6.82,7006
BPZ,20100504,6.68,6.70,6.45,6.58,8683
BPZ,20100505,6.41,6.48,6.16,6.24,9399
BPZ,20100506,6.23,6.33,5.41,5.98,13100
BPZ,20100507,5.92,6.05,5.46,5.62,10891
BPZ,20100510,6.07,6.13,5.91,6.01,9550
BPZ,20100511,5.90,6.27,5.07,5.15,39867
BPZ,20100512,5.36,5.51,5.20,5.49,30436
BPZ,20100513,5.49,5.65,5.40,5.50,13147
BPZ,20100514,5.43,5.52,5.21,5.34,11730
BPZ,20100517,5.34,5.35,4.70,5.22,28483
BPZ,20100518,5.30,5.48,5.15,5.17,12698
BPZ,20100519,5.27,5.38,4.98,5.21,13694
BPZ,20100520,5.05,5.11,4.81,4.81,13203
BPZ,20100521,4.71,5.10,4.69,4.89,15669
BPZ,20100524,4.92,4.95,4.62,4.64,11801
BPZ,20100525,4.50,4.70,4.31,4.68,18011
BPZ,20100526,4.82,5.04,4.80,4.80,18078
BPZ,20100527,5.10,5.28,5.04,5.19,17485
BPZ,20100528,5.19,5.32,5.08,5.12,12037
BPZ,20100601,5.19,5.27,4.87,4.87,12798
BPZ,20100602,4.87,5.04,4.75,5.00,12186
BPZ,20100603,4.99,5.10,4.85,5.03,12594
BPZ,20100604,4.94,4.98,4.73,4.73,13293
BPZ,20100607,4.76,4.88,4.46,4.47,14156
BPZ,20100608,4.52,4.60,4.25,4.46,14239
BPZ,20100609,4.52,4.72,4.42,4.47,13723
BPZ,20100610,4.64,4.71,4.48,4.56,13047
BPZ,20100611,4.54,4.56,4.42,4.54,10299
BPZ,20100614,4.66,4.99,4.61,4.79,18500
BPZ,20100615,4.85,4.98,4.78,4.91,12160
BPZ,20100616,4.87,4.99,4.78,4.91,7406
BPZ,20100617,4.98,5.05,4.70,4.75,6359
BPZ,20100618,4.79,4.99,4.71,4.99,9670
BPZ,20100621,5.06,5.15,4.76,4.82,6830
BPZ,20100622,4.86,4.98,4.69,4.72,8973
BPZ,20100623,4.72,4.72,4.54,4.66,8602
BPZ,20100624,4.66,4.66,4.50,4.51,4806
BPZ,20100625,4.46,4.81,4.41,4.80,24915
BPZ,20100628,4.77,4.80,4.59,4.60,5229
BPZ,20100629,4.53,4.53,4.27,4.30,8167
BPZ,20100630,4.27,4.38,4.08,4.15,7919
BPZ,20100701,4.12,4.41,3.94,4.32,13828
BPZ,20100702,4.38,4.39,4.14,4.19,4326
BPZ,20100706,4.30,4.42,3.99,4.03,10280
BPZ,20100707,4.04,4.15,3.93,4.11,14132
BPZ,20100708,4.13,4.17,3.90,4.11,9109
BPZ,20100709,4.00,4.09,3.73,3.85,17706
BPZ,20100712,3.86,3.89,3.63,3.82,16903
BPZ,20100713,3.63,3.69,3.03,3.39,55373
BPZ,20100714,3.31,3.58,3.25,3.28,37312
BPZ,20100715,3.31,3.56,3.17,3.53,20323
BPZ,20100716,3.48,3.51,3.24,3.25,17451
BPZ,20100719,3.30,3.42,3.10,3.42,21071
BPZ,20100720,3.35,3.48,3.26,3.45,12054
BPZ,20100721,3.51,3.53,3.30,3.34,15163
BPZ,20100722,3.43,3.90,3.40,3.86,27234
BPZ,20100723,3.84,4.68,3.81,4.34,37386
BPZ,20100726,4.39,4.41,4.18,4.33,25016
BPZ,20100727,4.42,4.47,4.12,4.27,11797
BPZ,20100728,4.29,4.33,4.15,4.32,11565
BPZ,20100729,4.34,4.49,4.26,4.37,13594
BPZ,20100730,4.28,4.56,4.25,4.53,12156
BPZ,20100802,4.64,4.74,4.55,4.67,11974
BPZ,20100803,4.66,4.80,4.53,4.77,18865
BPZ,20100804,4.79,4.85,4.64,4.67,7581
BPZ,20100805,4.64,4.71,4.57,4.60,6356
BPZ,20100806,4.61,4.68,4.34,4.68,10539
BPZ,20100809,4.65,4.73,4.50,4.52,7284
BPZ,20100810,4.39,4.48,4.27,4.40,10522
BPZ,20100811,4.29,4.34,4.07,4.15,22451
BPZ,20100812,4.14,4.19,4.01,4.02,17696
BPZ,20100813,4.04,4.12,4.00,4.00,9879
BPZ,20100816,3.96,4.27,3.95,4.24,9808
BPZ,20100817,4.35,4.45,4.25,4.25,8597
BPZ,20100818,4.23,4.30,4.19,4.21,6774
BPZ,20100819,4.24,4.25,4.11,4.15,10530
BPZ,20100820,4.08,4.15,4.04,4.13,6883
BPZ,20100823,4.13,4.16,3.81,3.81,10355
BPZ,20100824,3.76,3.91,3.62,3.88,23853
BPZ,20100825,3.84,4.13,3.79,4.07,13067
BPZ,20100826,4.06,4.15,3.96,3.97,10040
BPZ,20100827,4.04,4.05,3.88,3.93,9490
BPZ,20100830,3.90,4.05,3.85,3.87,5891
BPZ,20100831,3.86,4.05,3.85,3.95,8650
BPZ,20100901,4.00,4.15,3.97,4.15,8204
BPZ,20100902,4.12,4.21,4.07,4.21,4123
BPZ,20100903,4.24,4.28,4.18,4.28,8171
BPZ,20100907,4.26,4.28,4.08,4.13,6119
BPZ,20100908,4.12,4.34,4.12,4.25,5085
BPZ,20100909,4.37,4.42,4.31,4.34,6209
BPZ,20100910,4.33,4.43,4.32,4.36,3657
BPZ,20100913,4.43,4.74,4.40,4.60,13551
BPZ,20100914,4.63,4.63,4.32,4.33,7873
BPZ,20100915,4.28,4.38,4.17,4.29,6536
BPZ,20100916,4.28,4.32,4.19,4.20,4462
BPZ,20100917,4.20,4.26,4.05,4.10,9147
BPZ,20100920,4.10,4.38,4.08,4.36,9373
BPZ,20100921,4.38,4.40,4.11,4.19,9015
BPZ,20100922,4.26,4.26,4.12,4.16,4154
BPZ,20100923,4.11,4.18,4.04,4.11,9232
BPZ,20100924,4.11,4.17,4.07,4.17,6685
BPZ,20100927,3.95,4.02,3.50,3.70,42976
BPZ,20100928,3.66,3.70,3.47,3.56,32223
BPZ,20100929,3.59,3.77,3.56,3.74,18754
BPZ,20100930,3.78,3.87,3.71,3.83,12011
BPZ,20101001,3.87,3.93,3.82,3.89,7442
BPZ,20101004,3.64,3.81,3.38,3.47,33254
BPZ,20101005,3.42,3.44,3.26,3.43,19941
BPZ,20101006,3.45,3.47,3.30,3.32,20333
BPZ,20101007,3.38,3.39,3.28,3.36,9718
BPZ,20101008,3.37,3.50,3.34,3.49,7373
BPZ,20101011,3.50,3.54,3.38,3.42,5847
BPZ,20101012,3.34,3.42,3.32,3.33,6088
BPZ,20101013,3.36,3.40,3.32,3.34,8939
BPZ,20101014,3.33,3.36,3.27,3.33,11061
BPZ,20101015,3.35,3.41,3.30,3.40,9939
BPZ,20101018,3.43,3.52,3.41,3.45,7643
BPZ,20101019,3.43,3.52,3.37,3.51,15307
BPZ,20101020,3.53,3.60,3.50,3.52,25392
BPZ,20101021,3.50,3.60,3.46,3.57,9765
BPZ,20101022,3.57,3.77,3.52,3.77,10934
BPZ,20101025,3.79,3.85,3.54,3.57,9310
BPZ,20101026,3.54,3.60,3.52,3.60,3340
BPZ,20101027,3.58,3.67,3.53,3.66,6081
BPZ,20101028,3.66,3.70,3.54,3.60,5204
BPZ,20101029,3.57,3.74,3.56,3.72,6602
BPZ,20101101,3.75,3.77,3.60,3.66,8702
BPZ,20101102,3.65,3.77,3.64,3.77,4638
BPZ,20101103,3.77,3.84,3.72,3.84,4155
BPZ,20101104,3.85,4.00,3.84,4.00,7768
BPZ,20101105,4.07,4.27,4.01,4.12,13456
BPZ,20101108,4.19,4.25,4.07,4.17,6510
BPZ,20101109,3.69,4.00,3.50,3.93,21006
BPZ,20101110,3.89,4.03,3.87,4.02,8741
BPZ,20101111,3.95,4.03,3.90,3.95,4353
BPZ,20101112,3.93,4.01,3.88,3.94,5724
BPZ,20101115,3.98,4.01,3.81,3.83,13526
BPZ,20101116,3.79,3.88,3.67,3.69,20180
BPZ,20101117,3.71,3.75,3.60,3.72,13781
BPZ,20101118,3.74,3.84,3.72,3.73,6322
BPZ,20101119,3.72,3.98,3.71,3.95,18884
BPZ,20101122,3.92,4.03,3.84,4.01,10625
BPZ,20101123,3.93,4.02,3.90,3.91,10884
BPZ,20101124,3.98,4.00,3.94,3.98,6957
BPZ,20101126,3.89,3.99,3.88,3.94,2868
BPZ,20101129,3.91,4.04,3.87,4.02,6318
BPZ,20101130,3.98,3.99,3.88,3.94,5535
BPZ,20101201,4.04,4.72,4.00,4.42,41969
BPZ,20101202,4.41,4.45,4.33,4.42,7728
BPZ,20101203,4.38,4.54,4.35,4.51,8976
BPZ,20101206,4.47,4.58,4.40,4.45,6531
BPZ,20101207,4.45,4.49,4.39,4.42,8197
BPZ,20101208,4.41,4.46,4.20,4.25,7976
BPZ,20101209,4.25,4.32,4.12,4.19,7340
BPZ,20101210,4.19,4.25,4.05,4.16,11761
BPZ,20101213,4.19,4.23,4.08,4.08,7568
BPZ,20101214,4.09,4.19,4.07,4.10,7206
BPZ,20101215,4.21,4.31,4.00,4.04,18866
BPZ,20101216,4.07,4.10,4.00,4.03,6042
BPZ,20101217,4.10,4.21,4.05,4.21,13815
BPZ,20101220,4.24,4.53,4.22,4.35,15852
BPZ,20101221,4.36,4.49,4.31,4.45,9854
BPZ,20101222,4.48,4.50,4.36,4.45,6123
BPZ,20101223,4.48,4.64,4.39,4.57,6667
BPZ,20101227,4.57,4.67,4.55,4.62,5308
BPZ,20101228,4.65,4.78,4.49,4.50,7356
BPZ,20101229,4.56,4.70,4.50,4.61,4829
BPZ,20101230,4.66,4.68,4.62,4.65,5631
BPZ,20101231,4.65,4.94,4.62,4.76,11188
BPZ,20110103,4.83,4.89,4.77,4.86,9470
BPZ,20110104,4.86,4.89,4.65,4.69,12041
BPZ,20110105,4.66,4.66,4.41,4.58,8677
BPZ,20110106,4.67,5.03,4.65,4.96,30793
BPZ,20110107,4.98,4.99,4.72,4.95,22170
