CCG,20101014,12.55,12.64,12.48,12.51,82502
CCG,20101015,12.57,12.85,12.50,12.58,23849
CCG,20101018,12.60,12.77,12.52,12.70,4075
CCG,20101019,12.61,12.70,12.50,12.53,5759
CCG,20101020,12.53,12.80,12.50,12.64,12594
CCG,20101021,12.57,12.69,12.50,12.50,8975
CCG,20101022,12.52,12.56,12.50,12.55,2983
CCG,20101025,12.56,12.66,12.52,12.61,2034
CCG,20101026,12.56,12.60,12.48,12.51,8257
CCG,20101027,12.53,12.60,12.51,12.52,1497
CCG,20101028,12.54,12.56,12.50,12.51,7186
CCG,20101029,12.51,12.55,12.50,12.50,2168
CCG,20101101,12.51,12.52,12.50,12.50,10286
CCG,20101102,12.52,12.58,12.50,12.54,2050
CCG,20101103,12.51,12.54,12.50,12.53,4759
CCG,20101104,12.52,12.55,12.51,12.51,3368
CCG,20101105,12.51,12.52,12.50,12.50,5991
CCG,20101108,12.51,12.53,12.50,12.50,2189
CCG,20101109,12.52,12.52,12.50,12.50,6609
CCG,20101110,12.46,12.51,12.22,12.30,10643
CCG,20101111,12.24,12.35,12.16,12.30,6366
CCG,20101112,12.31,12.35,12.09,12.16,5686
CCG,20101115,12.32,12.35,12.15,12.16,2918
CCG,20101116,12.01,12.05,11.70,11.96,5659
CCG,20101117,12.03,12.33,11.90,12.30,4595
CCG,20101118,12.37,12.43,12.02,12.17,4113
CCG,20101119,12.24,12.35,12.10,12.29,4188
CCG,20101122,12.17,12.45,12.11,12.42,1353
CCG,20101123,12.44,12.62,12.30,12.50,7125
CCG,20101124,12.53,12.59,12.40,12.57,3074
CCG,20101126,12.57,12.67,12.47,12.55,1071
CCG,20101129,12.49,12.61,12.36,12.61,1516
CCG,20101130,12.50,12.65,12.36,12.61,2039
CCG,20101201,12.60,12.79,12.40,12.70,3580
CCG,20101202,12.59,12.88,12.52,12.81,6250
CCG,20101203,12.79,13.46,12.60,12.95,6061
CCG,20101206,12.95,13.16,12.80,12.94,3573
CCG,20101207,13.02,13.07,12.74,12.74,4822
CCG,20101208,12.62,12.90,12.54,12.85,2408
CCG,20101209,12.77,13.08,12.65,12.92,3258
CCG,20101210,12.85,13.00,12.80,12.92,2503
CCG,20101213,12.82,12.92,12.27,12.85,3778
CCG,20101214,12.67,12.80,12.30,12.67,5136
CCG,20101215,12.35,12.60,12.30,12.55,2920
CCG,20101216,12.59,13.38,12.47,12.76,7235
CCG,20101217,12.73,13.15,12.63,13.07,33207
CCG,20101220,12.96,13.27,12.79,13.15,6053
CCG,20101221,12.99,13.35,12.94,13.07,3492
CCG,20101222,13.10,13.35,12.75,13.30,3094
CCG,20101223,13.28,13.44,13.04,13.26,1636
CCG,20101227,13.04,13.39,12.85,13.26,2070
CCG,20101228,13.30,13.56,13.15,13.53,2629
CCG,20101229,13.55,13.90,13.45,13.72,3463
CCG,20101230,13.75,13.77,13.49,13.72,1736
CCG,20101231,13.85,14.18,13.60,14.02,4919
CCG,20110103,14.12,14.16,13.70,13.87,4271
CCG,20110104,13.84,13.86,12.94,13.50,3388
CCG,20110105,13.44,13.55,13.23,13.51,1798
CCG,20110106,13.50,13.55,13.23,13.24,2856
CCG,20110107,13.29,13.54,13.02,13.16,3842
