CCL,20090115,21.05,21.47,20.11,20.95,74702
CCL,20090116,21.26,21.55,20.30,21.11,54853
CCL,20090120,20.39,20.74,19.09,19.11,69413
CCL,20090121,19.61,19.96,18.92,19.88,73176
CCL,20090122,19.26,19.86,18.98,19.44,80310
CCL,20090123,18.85,19.59,18.60,19.38,70184
CCL,20090126,19.19,19.88,18.80,19.04,62358
CCL,20090127,19.34,19.89,19.24,19.58,32460
CCL,20090128,20.12,20.32,19.15,19.97,89587
CCL,20090129,19.25,19.46,18.48,18.60,114367
CCL,20090130,18.95,19.10,18.14,18.19,93917
CCL,20090202,17.80,18.16,17.59,18.01,49263
CCL,20090203,18.43,19.09,17.84,18.89,61354
CCL,20090204,19.07,19.56,18.41,18.48,52486
CCL,20090205,18.92,19.56,18.50,19.33,57816
CCL,20090206,19.71,21.09,19.52,20.70,66750
CCL,20090209,20.59,21.63,20.24,21.45,70332
CCL,20090210,20.84,21.67,20.79,21.21,120685
CCL,20090211,21.20,21.99,21.11,21.64,81241
CCL,20090212,21.13,21.30,20.20,21.20,71850
CCL,20090213,21.07,21.54,20.83,20.87,60514
CCL,20090217,20.00,20.34,19.64,20.02,63978
CCL,20090218,20.00,20.03,19.37,19.72,63031
CCL,20090219,19.91,20.13,19.27,19.39,45021
CCL,20090220,18.99,19.72,18.83,19.40,68256
CCL,20090223,19.79,19.82,18.51,18.57,70445
CCL,20090224,19.12,20.71,18.90,20.25,97395
CCL,20090225,20.63,20.63,19.50,19.79,96296
CCL,20090226,20.68,20.97,19.92,19.99,78447
CCL,20090227,20.09,20.10,19.21,19.56,126957
CCL,20090302,19.16,19.33,18.04,18.21,94846
CCL,20090303,18.60,18.68,17.66,18.10,100648
CCL,20090304,18.99,20.03,18.71,19.52,106300
CCL,20090305,19.23,19.62,17.88,18.10,94620
CCL,20090306,17.98,18.19,16.87,17.30,98057
CCL,20090309,17.17,18.00,16.80,16.98,72523
CCL,20090310,17.85,19.19,17.57,19.18,122824
CCL,20090311,19.83,20.35,19.35,19.67,72208
CCL,20090312,19.17,20.78,18.96,20.74,73021
CCL,20090313,20.87,21.05,20.03,20.54,63501
CCL,20090316,21.00,21.48,20.48,20.50,53441
CCL,20090317,20.15,21.58,20.15,21.58,48088
CCL,20090318,21.49,22.60,21.14,22.07,59924
CCL,20090319,22.51,22.75,22.15,22.39,58180
CCL,20090320,22.24,22.39,20.88,21.30,67133
CCL,20090323,21.88,23.50,21.24,23.31,122241
CCL,20090324,23.01,24.94,22.58,22.83,152746
CCL,20090325,22.50,23.09,21.97,22.71,94821
CCL,20090326,22.67,23.53,22.51,23.14,103039
CCL,20090327,22.49,22.79,21.94,22.17,53590
CCL,20090330,21.37,21.55,20.70,20.92,50192
CCL,20090331,21.48,21.99,21.14,21.60,57921
CCL,20090401,21.43,23.21,21.25,23.04,66846
CCL,20090402,23.46,24.93,23.19,24.19,77267
CCL,20090403,24.26,25.64,24.04,25.52,65528
CCL,20090406,25.20,25.20,24.26,24.75,55456
CCL,20090407,23.98,24.06,23.36,23.50,52675
CCL,20090408,23.92,24.20,23.56,23.99,37507
CCL,20090409,24.87,25.93,24.34,25.60,67113
CCL,20090413,25.29,26.51,24.83,26.20,53557
CCL,20090414,25.64,26.01,25.09,25.28,45374
CCL,20090415,24.87,25.89,24.85,25.82,60669
CCL,20090416,25.66,27.83,25.45,27.41,74495
CCL,20090417,27.47,28.00,26.61,27.25,76176
CCL,20090420,25.94,26.20,25.23,25.25,59837
CCL,20090421,25.04,25.61,24.85,25.57,51362
CCL,20090422,24.85,27.09,24.60,26.59,93643
CCL,20090423,27.26,28.42,26.66,27.72,91523
CCL,20090424,27.92,28.75,27.60,28.43,62531
CCL,20090427,25.86,26.21,23.76,24.59,186407
CCL,20090428,24.06,26.25,23.93,25.55,106871
CCL,20090429,26.12,26.90,25.83,26.53,65005
CCL,20090430,27.01,27.67,26.82,26.88,84233
CCL,20090501,27.10,27.17,26.04,26.14,41714
CCL,20090504,26.49,29.59,26.29,29.57,106968
CCL,20090505,29.21,29.65,28.77,29.32,53079
CCL,20090506,29.41,29.53,28.83,29.47,64580
CCL,20090507,29.59,29.76,28.03,28.13,101124
CCL,20090508,27.95,28.50,27.41,27.87,78995
CCL,20090511,27.23,27.71,26.95,27.26,39447
CCL,20090512,27.99,27.99,26.40,26.86,39860
CCL,20090513,25.96,26.00,25.00,25.28,47144
CCL,20090514,25.47,26.15,25.00,25.56,53435
CCL,20090515,25.53,25.79,24.64,25.00,46230
CCL,20090518,26.18,26.60,25.81,26.49,62669
CCL,20090519,26.80,27.15,26.37,26.54,45498
CCL,20090520,26.53,26.77,24.92,25.05,58105
CCL,20090521,24.85,24.97,24.29,24.68,44363
CCL,20090522,25.05,25.30,24.45,24.95,36798
CCL,20090526,24.69,26.01,24.69,25.91,67403
CCL,20090527,26.02,26.28,24.65,24.80,51891
CCL,20090528,24.98,25.05,23.79,24.39,74220
CCL,20090529,24.69,25.48,24.49,25.44,47988
CCL,20090601,25.87,27.09,25.75,26.68,54860
CCL,20090602,26.55,27.00,26.28,26.80,41600
CCL,20090603,26.08,26.46,25.82,26.24,32880
CCL,20090604,26.00,26.28,25.52,25.99,36782
CCL,20090605,25.86,26.22,25.41,25.56,39612
CCL,20090608,25.17,25.31,24.63,25.00,55692
CCL,20090609,25.25,25.25,24.80,25.03,41875
CCL,20090610,25.47,25.47,23.35,23.85,95462
CCL,20090611,24.48,24.48,23.42,23.73,78503
CCL,20090612,24.11,24.20,23.58,24.17,51084
CCL,20090615,23.63,23.63,22.84,23.16,56465
CCL,20090616,23.28,23.38,22.41,22.53,51718
CCL,20090617,22.59,23.55,22.18,23.05,66492
CCL,20090618,24.01,25.32,23.81,24.77,124973
CCL,20090619,26.73,27.09,26.07,26.60,120523
CCL,20090622,26.04,26.16,24.52,24.56,65755
CCL,20090623,24.89,25.05,24.29,24.54,48673
CCL,20090624,25.05,26.38,24.98,25.48,72733
CCL,20090625,24.91,26.14,24.91,25.74,55606
CCL,20090626,25.43,25.72,25.25,25.35,52004
CCL,20090629,25.48,26.35,25.32,26.09,43775
CCL,20090630,25.96,25.99,25.11,25.77,46271
CCL,20090701,25.81,26.39,25.50,26.27,43489
CCL,20090702,25.55,26.27,25.17,25.35,69610
CCL,20090706,25.16,25.45,24.92,25.44,53055
CCL,20090707,25.30,25.56,24.85,24.93,44797
CCL,20090708,25.00,25.14,23.99,24.51,54040
CCL,20090709,24.80,25.41,24.69,25.28,37808
CCL,20090710,25.14,25.26,24.42,24.68,49220
CCL,20090713,24.64,25.07,24.27,25.07,45262
CCL,20090714,25.24,25.50,24.96,25.49,33831
CCL,20090715,25.74,27.28,25.58,27.26,71953
CCL,20090716,27.03,27.43,26.27,27.24,54222
CCL,20090717,26.80,26.86,26.08,26.34,58135
CCL,20090720,26.90,27.89,26.76,27.68,54992
CCL,20090721,27.66,27.76,27.10,27.63,39227
CCL,20090722,26.92,27.95,26.92,27.81,30742
CCL,20090723,27.30,28.91,27.23,28.55,48918
CCL,20090724,28.19,28.52,27.83,28.50,34432
CCL,20090727,27.94,28.50,27.53,28.24,34385
CCL,20090728,27.50,28.43,27.37,28.43,41720
CCL,20090729,27.19,27.57,26.91,27.29,69286
CCL,20090730,27.56,28.49,27.43,28.16,46771
CCL,20090731,28.30,28.71,27.94,27.99,42078
CCL,20090803,28.64,29.24,28.54,29.00,46479
CCL,20090804,28.93,29.58,28.66,29.42,41478
CCL,20090805,29.89,29.98,28.87,28.96,41987
CCL,20090806,29.54,29.65,28.83,28.91,31707
CCL,20090807,29.41,30.75,29.06,30.35,53834
CCL,20090810,30.20,30.38,29.58,29.87,32065
CCL,20090811,29.28,29.74,29.06,29.51,34387
CCL,20090812,29.19,30.91,29.13,30.47,51804
CCL,20090813,29.99,30.37,29.46,30.34,38352
CCL,20090814,30.36,30.46,29.40,29.85,30928
CCL,20090817,28.69,28.80,28.10,28.25,33853
CCL,20090818,28.43,28.98,28.36,28.86,30799
CCL,20090819,28.38,29.67,28.26,29.38,39331
CCL,20090820,29.54,30.37,29.42,30.13,44924
CCL,20090821,30.48,31.12,30.37,30.88,43249
CCL,20090824,31.62,31.64,30.59,30.69,29140
CCL,20090825,31.31,31.32,30.71,31.06,53425
CCL,20090826,30.80,30.80,30.20,30.51,35686
CCL,20090827,30.35,30.42,29.70,30.06,42012
CCL,20090828,30.65,30.75,30.06,30.34,29043
CCL,20090831,30.13,30.21,29.15,29.25,46623
CCL,20090901,29.34,29.84,28.42,28.61,43568
CCL,20090902,28.58,28.73,28.26,28.51,33727
CCL,20090903,29.32,29.47,28.97,29.33,45000
CCL,20090904,29.42,29.69,29.29,29.35,48598
CCL,20090908,31.00,31.06,30.55,30.84,53475
CCL,20090909,31.33,32.42,31.21,31.88,55189
CCL,20090910,31.96,32.35,31.65,32.23,48986
CCL,20090911,32.74,33.02,32.43,32.65,40276
CCL,20090914,32.15,32.60,32.15,32.44,31415
CCL,20090915,33.16,33.37,32.80,32.94,57307
CCL,20090916,33.38,33.80,32.97,33.22,54481
CCL,20090917,33.39,33.66,32.55,32.86,38544
CCL,20090918,33.12,33.26,32.14,32.26,53992
CCL,20090921,32.03,32.39,31.57,32.00,59344
CCL,20090922,33.87,34.95,33.41,33.52,105410
CCL,20090923,33.82,33.99,33.06,33.12,77719
CCL,20090924,34.15,34.23,33.36,33.95,74357
CCL,20090925,33.70,34.00,32.94,33.01,69334
CCL,20090928,33.17,33.64,32.90,33.62,36963
CCL,20090929,33.62,33.90,33.28,33.50,46892
CCL,20090930,33.50,33.51,32.33,33.28,67737
CCL,20091001,33.06,33.21,32.29,32.73,96028
CCL,20091002,32.32,32.93,32.20,32.45,71396
CCL,20091005,32.64,32.70,32.21,32.56,76394
CCL,20091006,33.04,33.09,32.56,32.63,53583
CCL,20091007,32.79,33.09,32.41,32.56,34981
CCL,20091008,33.17,33.76,32.92,33.26,55344
CCL,20091009,33.31,33.33,32.57,32.65,37763
CCL,20091012,32.95,33.15,32.38,32.65,49762
CCL,20091013,32.69,32.84,32.31,32.63,50584
CCL,20091014,33.50,33.63,33.02,33.32,52441
CCL,20091015,33.35,33.47,33.23,33.37,49597
CCL,20091016,33.09,33.33,32.82,33.07,48073
CCL,20091019,33.62,34.06,33.16,33.34,51502
CCL,20091020,33.61,33.75,33.00,33.15,37761
CCL,20091021,33.42,33.92,32.09,32.09,65930
CCL,20091022,32.42,33.16,31.79,33.01,49188
CCL,20091023,32.99,32.99,31.81,32.03,36636
CCL,20091026,32.00,32.08,30.35,30.59,74087
CCL,20091027,30.79,30.87,30.19,30.23,50098
CCL,20091028,30.09,30.09,29.04,29.18,56025
CCL,20091029,29.78,30.69,29.73,30.68,54763
CCL,20091030,30.49,30.60,29.12,29.12,64459
CCL,20091102,29.39,30.01,29.02,29.48,49254
CCL,20091103,29.18,29.43,28.71,29.31,71730
CCL,20091104,30.12,30.68,29.66,29.75,49803
CCL,20091105,30.30,30.82,30.14,30.82,44640
CCL,20091106,30.40,30.90,30.37,30.57,32368
CCL,20091109,31.03,31.92,30.84,31.92,40617
CCL,20091110,31.27,31.75,31.22,31.69,39227
CCL,20091111,31.85,32.11,31.40,31.60,43675
CCL,20091112,31.74,31.93,31.24,31.38,33481
CCL,20091113,31.82,32.50,31.73,32.28,39240
CCL,20091116,32.49,32.99,32.41,32.96,33958
CCL,20091117,32.85,32.85,32.38,32.74,24721
CCL,20091118,32.96,33.00,32.52,32.75,35286
CCL,20091119,32.29,32.36,31.81,31.88,29479
CCL,20091120,31.78,32.15,31.58,32.09,30801
CCL,20091123,32.46,32.85,32.17,32.29,28567
CCL,20091124,32.23,32.32,31.79,32.11,27444
CCL,20091125,32.48,33.07,32.15,33.03,32588
CCL,20091127,31.59,32.30,31.50,32.02,18262
CCL,20091130,31.84,32.34,31.51,32.03,28390
CCL,20091201,32.43,32.74,31.94,32.13,39350
CCL,20091202,32.53,32.77,32.32,32.71,53200
CCL,20091203,32.84,33.28,32.57,32.65,43327
CCL,20091204,32.91,33.35,32.35,32.86,43533
CCL,20091207,32.59,32.89,32.25,32.41,44545
CCL,20091208,32.12,32.18,31.70,31.83,40519
CCL,20091209,32.03,32.09,31.14,31.34,43237
CCL,20091210,31.64,32.43,31.52,32.19,31372
CCL,20091211,32.48,32.69,32.25,32.43,23984
CCL,20091214,32.81,33.93,32.60,33.70,45635
CCL,20091215,33.30,34.10,33.30,33.88,36252
CCL,20091216,34.45,34.64,33.61,33.82,45440
CCL,20091217,33.32,33.75,33.14,33.36,54178
CCL,20091218,32.33,32.65,31.85,32.22,107877
CCL,20091221,32.79,32.95,32.24,32.37,32349
CCL,20091222,32.47,33.09,32.25,32.73,39906
CCL,20091223,32.80,32.83,32.32,32.53,23760
CCL,20091224,32.52,32.70,32.41,32.48,6720
CCL,20091228,32.68,32.91,32.13,32.25,19986
CCL,20091229,32.74,32.88,32.22,32.32,22249
CCL,20091230,32.28,32.35,31.97,32.10,22393
CCL,20091231,32.16,32.19,31.67,31.69,19877
CCL,20100104,32.29,32.76,31.96,32.06,53727
CCL,20100105,32.28,32.54,32.20,32.37,31999
CCL,20100106,32.29,32.57,31.75,31.79,61714
CCL,20100107,32.12,32.36,31.90,32.14,34694
CCL,20100108,32.82,33.29,32.64,33.22,49505
CCL,20100111,33.59,33.66,33.30,33.42,39707
CCL,20100112,32.97,33.11,32.50,32.88,35663
CCL,20100113,33.09,34.11,32.96,34.05,51237
CCL,20100114,33.98,35.27,33.97,35.07,54176
CCL,20100115,34.88,35.07,33.95,34.23,37985
CCL,20100119,34.63,35.22,34.41,35.01,31596
CCL,20100120,34.91,35.00,34.00,34.31,40150
CCL,20100121,35.13,35.40,34.14,34.21,56616
CCL,20100122,33.96,34.09,33.28,33.30,39379
CCL,20100125,34.17,34.17,33.44,33.56,27501
CCL,20100126,34.01,34.14,33.67,33.74,28645
CCL,20100127,33.73,33.94,33.36,33.88,31433
CCL,20100128,34.55,34.84,34.01,34.41,44638
CCL,20100129,34.54,34.54,33.27,33.33,49522
CCL,20100201,33.76,34.16,33.76,34.14,36684
CCL,20100202,34.71,34.71,34.33,34.59,36204
CCL,20100203,34.43,34.75,34.34,34.59,35530
CCL,20100204,33.83,34.16,32.87,32.90,49302
CCL,20100205,32.72,32.82,31.84,32.53,46820
CCL,20100208,32.44,33.58,32.20,33.16,54914
CCL,20100209,33.40,33.53,32.73,32.80,50751
CCL,20100210,33.02,33.12,32.50,32.61,42051
CCL,20100211,32.58,33.22,32.32,33.18,41444
CCL,20100212,32.74,32.91,32.49,32.82,39061
CCL,20100216,33.21,33.61,33.08,33.48,32291
CCL,20100217,33.85,34.13,33.75,34.01,41501
CCL,20100218,33.95,34.07,33.71,33.78,55360
CCL,20100219,34.04,34.21,33.79,33.89,54161
CCL,20100222,34.18,34.34,33.90,34.11,28706
CCL,20100223,33.82,34.02,33.44,33.67,25535
CCL,20100224,34.32,35.91,34.25,35.80,130625
CCL,20100225,34.92,35.71,34.88,35.66,58507
CCL,20100226,34.96,36.16,34.96,35.96,52444
CCL,20100301,35.71,36.10,35.62,36.10,24595
CCL,20100302,36.60,36.78,35.71,35.75,57620
CCL,20100303,36.14,36.17,35.55,35.71,35142
CCL,20100304,35.99,36.23,35.83,36.15,36284
CCL,20100305,36.39,37.11,36.26,37.04,48587
CCL,20100308,36.89,37.24,36.76,36.94,28620
CCL,20100309,36.49,37.19,36.32,36.94,27610
CCL,20100310,36.62,37.36,36.57,37.17,26652
CCL,20100311,36.95,37.27,36.70,37.25,26409
CCL,20100312,37.45,37.60,37.04,37.49,26577
CCL,20100315,37.10,37.20,36.82,37.15,31365
CCL,20100316,37.15,37.23,36.78,37.12,36966
CCL,20100317,37.44,37.78,37.19,37.60,34847
CCL,20100318,37.58,37.78,37.35,37.66,19362
CCL,20100319,38.04,38.37,37.43,37.62,33406
CCL,20100322,37.01,38.09,36.89,37.91,32304
CCL,20100323,38.90,39.35,38.34,38.81,72079
CCL,20100324,38.42,38.58,38.06,38.46,31781
CCL,20100325,38.79,39.00,38.49,38.54,37357
CCL,20100326,38.61,39.00,38.51,38.80,29094
CCL,20100329,39.03,39.10,38.63,38.98,24705
CCL,20100330,39.15,39.32,38.90,39.19,31499
CCL,20100331,39.07,39.17,38.71,38.88,30785
CCL,20100401,39.39,39.54,38.92,39.24,25372
CCL,20100405,39.34,39.80,39.19,39.39,28838
CCL,20100406,39.11,39.41,39.02,39.33,28443
CCL,20100407,38.75,39.01,38.01,38.30,53110
CCL,20100408,37.93,38.82,37.84,38.59,44691
CCL,20100409,38.86,38.98,38.48,38.98,29541
CCL,20100412,39.17,39.29,38.71,38.82,39369
CCL,20100413,39.08,39.10,38.21,38.86,52954
CCL,20100414,38.89,39.16,38.54,39.16,39094
CCL,20100415,39.12,39.80,38.93,39.48,41529
CCL,20100416,39.43,39.45,38.43,38.97,45828
CCL,20100419,38.30,39.04,38.23,38.90,40380
CCL,20100420,38.99,40.05,38.99,39.92,58130
CCL,20100421,39.65,40.32,39.52,40.23,43126
CCL,20100422,39.68,41.77,39.51,41.60,81591
CCL,20100423,41.86,42.81,41.74,42.77,82495
CCL,20100426,43.09,44.21,42.95,43.85,90827
CCL,20100427,43.17,43.62,42.28,42.43,74575
CCL,20100428,41.93,42.11,41.38,41.59,86045
CCL,20100429,42.00,43.19,42.00,43.16,45079
CCL,20100430,42.78,43.14,41.57,41.70,59738
CCL,20100503,42.06,42.50,41.91,42.42,31553
CCL,20100504,41.54,41.60,40.34,40.60,47732
CCL,20100505,39.69,40.35,39.23,39.60,63980
CCL,20100506,39.21,39.74,35.62,38.03,79320
CCL,20100507,37.35,37.66,35.69,36.68,98149
CCL,20100510,39.01,39.47,38.29,39.21,55464
CCL,20100511,38.63,39.53,38.46,38.88,48128
CCL,20100512,39.46,40.15,39.23,40.08,34516
CCL,20100513,39.61,39.95,38.78,38.90,32856
CCL,20100514,38.75,38.83,37.25,37.57,59421
CCL,20100517,37.87,38.22,36.74,38.12,42541
CCL,20100518,38.63,38.86,37.17,37.42,45192
CCL,20100519,37.15,37.47,36.31,37.02,69347
CCL,20100520,35.70,36.14,35.08,35.12,81919
CCL,20100521,35.08,36.14,35.00,35.61,89895
CCL,20100524,35.69,36.11,35.22,35.36,64698
CCL,20100525,34.44,35.36,34.06,35.22,92971
CCL,20100526,35.81,35.99,34.79,34.96,87162
CCL,20100527,35.94,36.82,35.62,36.78,55704
CCL,20100528,36.75,37.12,35.84,36.23,53355
CCL,20100601,36.30,36.79,35.66,35.67,39611
CCL,20100602,36.41,37.04,36.10,37.04,43604
CCL,20100603,37.37,37.53,36.69,37.17,28547
CCL,20100604,36.35,36.49,35.17,35.29,51043
CCL,20100607,35.56,35.85,34.47,34.56,55732
CCL,20100608,34.46,35.07,33.76,34.96,52515
CCL,20100609,35.20,35.84,34.53,34.71,56347
CCL,20100610,35.69,36.36,35.50,36.33,41209
CCL,20100611,35.67,36.35,35.53,36.31,23831
CCL,20100614,36.94,37.41,36.34,36.37,43415
CCL,20100615,37.33,37.48,37.09,37.43,69986
CCL,20100616,37.27,37.41,36.52,36.75,64957
CCL,20100617,36.90,36.96,35.73,36.00,63275
CCL,20100618,36.01,36.27,35.24,35.41,61448
CCL,20100621,35.96,36.05,34.47,34.74,59136
CCL,20100622,33.70,34.29,33.12,33.19,126472
CCL,20100623,33.35,33.60,32.90,33.31,81625
CCL,20100624,33.45,33.62,32.16,32.35,67057
CCL,20100625,32.65,32.91,32.19,32.58,87288
CCL,20100628,32.83,32.90,32.07,32.10,49894
CCL,20100629,31.68,31.76,29.98,30.14,127286
CCL,20100630,30.20,30.97,30.13,30.24,95479
CCL,20100701,30.32,31.42,29.68,31.31,129868
CCL,20100702,31.36,31.37,30.34,30.62,63264
CCL,20100706,31.14,31.50,30.21,30.49,55915
CCL,20100707,30.70,31.57,30.62,31.56,57656
CCL,20100708,31.66,31.72,31.09,31.58,47828
CCL,20100709,31.46,32.20,31.34,32.12,56322
CCL,20100712,31.75,32.09,31.56,31.67,39680
CCL,20100713,32.33,32.99,32.28,32.82,52471
CCL,20100714,32.56,32.93,32.22,32.75,43287
CCL,20100715,32.84,32.92,32.25,32.80,47837
CCL,20100716,32.62,32.62,31.30,31.41,59246
CCL,20100719,31.53,31.70,30.82,31.40,36264
CCL,20100720,30.87,31.76,30.69,31.71,54755
CCL,20100721,31.82,32.36,31.32,31.43,58728
CCL,20100722,32.77,33.84,32.61,33.67,62096
CCL,20100723,33.78,34.28,33.53,34.19,52322
CCL,20100726,34.11,35.17,33.89,35.15,47835
CCL,20100727,34.86,35.06,34.43,34.52,44790
CCL,20100728,34.51,34.88,34.37,34.63,35425
CCL,20100729,35.07,35.19,34.08,34.40,30439
CCL,20100730,33.99,34.86,33.97,34.68,37401
CCL,20100802,35.31,35.59,35.10,35.52,41430
CCL,20100803,35.41,35.52,34.96,35.39,33388
CCL,20100804,35.42,36.08,35.34,35.98,32520
CCL,20100805,35.51,35.88,35.25,35.84,28833
CCL,20100806,35.32,35.94,34.99,35.63,36248
CCL,20100809,35.61,35.72,35.15,35.16,34682
CCL,20100810,34.08,34.48,33.55,34.32,58503
CCL,20100811,33.04,33.16,32.72,32.88,50375
CCL,20100812,32.50,33.06,32.43,32.62,45375
CCL,20100813,32.28,32.82,32.13,32.51,40164
CCL,20100816,32.14,32.64,32.02,32.47,28463
CCL,20100817,32.76,33.39,32.54,33.11,38552
CCL,20100818,32.97,33.30,32.65,33.04,44737
CCL,20100819,33.04,33.13,31.90,32.16,39876
CCL,20100820,31.70,31.88,31.19,31.79,33989
CCL,20100823,31.87,32.10,31.46,31.52,26564
CCL,20100824,30.72,30.78,30.25,30.44,60930
CCL,20100825,30.07,30.82,29.95,30.65,54382
CCL,20100826,30.78,31.15,30.45,30.56,34684
CCL,20100827,31.05,31.58,30.38,31.46,47610
CCL,20100830,31.31,31.53,30.84,30.84,22295
CCL,20100831,30.68,31.41,30.50,31.18,41252
CCL,20100901,31.86,32.91,31.74,32.90,47446
CCL,20100902,33.00,33.89,32.91,33.81,42597
CCL,20100903,34.44,34.76,34.09,34.67,37823
CCL,20100907,33.88,34.11,33.72,33.87,35139
CCL,20100908,34.08,34.80,33.86,34.57,55304
CCL,20100909,35.13,35.65,34.57,35.18,53992
CCL,20100910,35.23,35.43,35.07,35.28,24245
CCL,20100913,35.75,35.92,35.50,35.83,22766
CCL,20100914,35.84,36.31,35.55,35.89,28689
CCL,20100915,35.67,35.92,35.38,35.60,48598
CCL,20100916,35.63,35.74,35.21,35.52,33486
CCL,20100917,35.62,36.06,35.57,35.92,43029
CCL,20100920,36.25,37.75,36.23,37.06,78761
CCL,20100921,38.63,38.92,36.94,37.57,89344
CCL,20100922,37.75,38.02,36.95,37.05,50499
CCL,20100923,36.77,37.45,36.64,36.75,37993
CCL,20100924,37.36,38.18,37.27,37.79,54414
CCL,20100927,37.83,38.15,37.55,38.02,38406
CCL,20100928,37.90,38.44,37.27,38.34,46554
CCL,20100929,39.00,39.08,38.40,38.78,66568
CCL,20100930,38.90,38.95,37.90,38.19,44457
CCL,20101001,38.56,38.81,38.01,38.39,39676
CCL,20101004,38.25,38.56,37.65,38.09,38495
CCL,20101005,38.69,39.90,38.52,39.86,81908
CCL,20101006,39.71,40.05,39.41,39.95,58131
CCL,20101007,40.00,40.18,39.48,40.12,48801
CCL,20101008,40.01,40.37,39.77,40.28,52600
CCL,20101011,40.21,40.29,39.84,40.11,27449
CCL,20101012,39.83,40.37,39.51,40.18,46644
CCL,20101013,40.48,40.59,40.15,40.19,47986
CCL,20101014,40.37,40.40,39.46,39.65,48144
CCL,20101015,40.00,40.03,39.24,39.33,68017
CCL,20101018,39.48,39.80,39.27,39.69,54911
CCL,20101019,39.18,39.47,38.92,39.23,79824
CCL,20101020,39.11,39.79,38.97,39.71,58726
CCL,20101021,39.88,40.23,39.68,39.93,76051
CCL,20101022,40.04,40.19,39.84,40.14,42406
CCL,20101025,40.66,40.93,40.47,40.50,56931
CCL,20101026,41.68,43.67,41.33,43.08,128895
CCL,20101027,42.39,42.64,41.62,42.47,62369
CCL,20101028,42.79,43.10,42.03,43.07,44899
CCL,20101029,42.58,43.19,42.42,43.17,49803
CCL,20101101,43.67,43.74,42.44,43.26,58769
CCL,20101102,43.40,43.73,43.25,43.34,30939
CCL,20101103,43.48,43.64,42.78,43.57,45021
CCL,20101104,43.88,44.75,43.77,44.56,51416
CCL,20101105,44.63,44.90,44.38,44.70,33592
CCL,20101108,44.38,44.51,43.66,43.95,37262
CCL,20101109,43.94,44.15,43.11,43.37,40801
CCL,20101110,43.32,43.51,42.78,43.50,27955
CCL,20101111,42.93,43.27,42.63,42.82,41456
CCL,20101112,42.71,43.19,42.16,42.54,43972
CCL,20101115,42.50,42.62,42.07,42.12,24493
CCL,20101116,41.63,42.22,41.14,41.32,37496
CCL,20101117,41.19,41.82,40.97,41.61,34247
CCL,20101118,42.09,42.32,41.89,42.09,32174
CCL,20101119,41.90,42.02,41.52,41.92,30326
CCL,20101122,41.74,42.16,41.50,42.10,25316
CCL,20101123,41.36,41.39,40.79,40.94,48174
CCL,20101124,41.25,42.51,41.22,42.49,38699
CCL,20101126,41.53,42.01,41.40,41.76,16162
CCL,20101129,41.18,41.39,40.64,41.14,37256
CCL,20101130,40.67,41.72,40.56,41.31,59858
CCL,20101201,41.89,42.66,41.62,42.57,39701
CCL,20101202,42.51,43.46,42.43,43.22,29893
CCL,20101203,43.30,43.42,42.76,43.29,24745
CCL,20101206,42.89,43.24,42.77,42.99,27235
CCL,20101207,43.47,43.59,42.94,43.00,31027
CCL,20101208,43.25,43.59,43.00,43.55,25792
CCL,20101209,43.78,43.96,43.50,43.74,22032
CCL,20101210,44.03,44.44,43.59,43.97,32838
CCL,20101213,44.40,44.47,43.38,43.38,35753
CCL,20101214,43.35,43.38,42.69,42.80,30214
CCL,20101215,42.70,42.82,42.09,42.15,42608
CCL,20101216,42.56,42.72,42.15,42.54,40144
CCL,20101217,42.36,42.73,42.30,42.51,52771
CCL,20101220,43.00,43.38,42.58,43.25,48359
CCL,20101221,44.33,45.26,43.80,45.18,75977
CCL,20101222,45.81,47.22,45.80,46.59,49838
CCL,20101223,46.65,46.75,46.02,46.30,26345
CCL,20101227,46.02,46.20,45.69,45.96,18189
CCL,20101228,46.06,46.25,45.78,45.98,14865
CCL,20101229,46.06,46.39,45.95,46.12,14816
CCL,20101230,45.98,46.10,45.80,45.92,12143
CCL,20101231,45.93,46.34,45.66,46.11,19521
CCL,20110103,46.44,47.06,46.32,46.81,26337
CCL,20110104,47.84,47.95,46.82,47.09,44016
CCL,20110105,47.48,47.96,47.37,47.55,35302
CCL,20110106,48.12,48.14,47.02,47.27,23336
CCL,20110107,47.62,47.83,46.52,47.14,32423
