CEG,20090115,26.83,27.63,26.37,27.16,24596
CEG,20090116,27.25,27.80,27.21,27.61,20387
CEG,20090120,27.57,27.97,26.58,26.85,24571
CEG,20090121,27.05,27.07,26.63,26.94,21128
CEG,20090122,26.52,27.30,26.52,27.11,21455
CEG,20090123,26.69,26.80,26.19,26.69,10565
CEG,20090126,26.59,27.20,26.23,27.05,18045
CEG,20090127,27.10,27.19,26.50,26.91,13644
CEG,20090128,27.20,27.35,26.33,27.23,16184
CEG,20090129,27.00,27.70,26.44,27.01,19385
CEG,20090130,27.08,27.09,25.94,26.30,24698
CEG,20090202,26.04,26.78,25.69,26.49,11935
CEG,20090203,26.66,26.66,25.80,26.00,21335
CEG,20090204,26.03,26.65,25.98,26.45,10966
CEG,20090205,26.32,27.27,26.28,26.75,23170
CEG,20090206,26.67,27.51,26.64,26.90,31241
CEG,20090209,26.89,27.13,26.20,26.40,14750
CEG,20090210,26.21,26.60,25.25,25.49,22108
CEG,20090211,25.26,25.54,24.66,25.29,15598
CEG,20090212,24.72,25.24,24.08,25.24,19271
CEG,20090213,25.23,25.39,24.65,25.14,9496
CEG,20090217,24.47,24.86,23.87,24.27,22254
CEG,20090218,23.67,24.46,21.68,22.30,57907
CEG,20090219,22.47,23.05,22.30,22.82,21503
CEG,20090220,22.77,22.77,19.93,21.60,47078
CEG,20090223,21.69,22.07,20.55,20.66,31214
CEG,20090224,20.23,20.63,18.79,20.02,37596
CEG,20090225,20.10,20.50,19.71,20.26,19537
CEG,20090226,20.47,20.87,19.94,20.06,16599
CEG,20090227,19.69,20.16,18.00,19.76,22253
CEG,20090302,19.52,19.70,17.95,18.02,24204
CEG,20090303,18.01,18.46,16.56,16.59,38814
CEG,20090304,16.63,17.59,16.40,16.89,23974
CEG,20090305,16.88,16.94,15.39,16.03,17210
CEG,20090306,15.99,16.44,15.12,15.50,20631
CEG,20090309,15.53,15.94,15.11,15.60,20089
CEG,20090310,15.71,16.38,15.05,16.06,21174
CEG,20090311,16.14,16.52,15.68,16.25,18354
CEG,20090312,16.20,17.09,15.86,17.01,21965
CEG,20090313,16.99,18.11,16.99,18.05,20757
CEG,20090316,18.28,19.13,17.89,18.03,16423
CEG,20090317,18.07,18.08,17.01,17.48,15448
CEG,20090318,17.58,19.12,17.35,18.86,22315
CEG,20090319,19.20,19.70,18.83,19.63,18555
CEG,20090320,19.63,19.89,18.89,19.42,20481
CEG,20090323,19.70,20.61,19.41,20.50,17380
CEG,20090324,20.37,20.46,19.61,20.21,11652
CEG,20090325,20.21,21.34,19.94,20.39,14094
CEG,20090326,20.41,21.21,20.17,21.20,14623
CEG,20090327,21.07,21.41,20.33,20.62,11050
CEG,20090330,20.33,20.54,19.57,19.90,9395
CEG,20090331,20.04,20.88,19.76,20.66,13676
CEG,20090401,20.37,21.02,20.18,20.96,14975
CEG,20090402,21.27,22.00,20.97,21.77,18889
CEG,20090403,21.82,22.64,21.32,22.61,14078
CEG,20090406,22.52,22.85,21.77,22.11,15936
CEG,20090407,21.59,22.21,21.26,21.94,10765
CEG,20090408,21.94,22.92,21.73,22.92,15671
CEG,20090409,22.98,23.23,22.29,23.20,11527
CEG,20090413,23.11,23.11,22.58,22.92,6496
CEG,20090414,22.74,22.74,22.02,22.11,12547
CEG,20090415,22.11,23.23,22.11,23.06,18535
CEG,20090416,23.10,23.15,22.56,23.01,15185
CEG,20090417,22.98,23.13,22.71,22.90,14233
CEG,20090420,22.69,22.79,21.40,21.70,21076
CEG,20090421,21.68,22.68,21.51,22.52,14096
CEG,20090422,22.18,22.93,22.10,22.44,15298
CEG,20090423,22.22,23.01,22.14,22.89,14403
CEG,20090424,22.98,23.16,22.70,23.01,17914
CEG,20090427,22.79,23.09,22.34,23.05,12020
CEG,20090428,22.91,23.27,22.44,22.55,14383
CEG,20090429,22.66,23.39,22.66,23.31,31197
CEG,20090430,23.25,24.13,23.12,24.08,23255
CEG,20090501,24.09,25.22,23.97,24.88,24525
CEG,20090504,24.77,25.23,24.61,25.23,32829
CEG,20090505,24.11,24.89,22.35,24.51,22022
CEG,20090506,24.59,25.07,23.97,24.92,26205
CEG,20090507,25.14,25.78,24.92,25.72,35759
CEG,20090508,25.81,26.33,25.58,26.14,29391
CEG,20090511,26.00,26.58,25.77,26.00,22747
CEG,20090512,26.11,26.76,25.55,26.25,25725
CEG,20090513,26.00,26.07,25.30,25.64,17466
CEG,20090514,25.68,25.99,25.22,25.60,26112
CEG,20090515,25.40,25.44,24.33,24.80,21669
CEG,20090518,24.91,25.20,24.76,25.12,13628
CEG,20090519,25.15,26.17,25.03,25.70,15810
CEG,20090520,25.96,26.09,25.34,25.58,17921
CEG,20090521,25.31,25.85,25.11,25.42,14526
CEG,20090522,25.41,25.98,25.41,25.62,19893
CEG,20090526,25.62,26.22,25.25,26.21,18205
CEG,20090527,26.26,26.29,25.62,26.00,13309
CEG,20090528,26.06,26.57,25.58,26.25,14101
CEG,20090529,26.30,27.41,26.25,27.28,32925
CEG,20090601,27.45,28.05,26.70,27.51,31356
CEG,20090602,27.55,27.89,27.20,27.37,16802
CEG,20090603,27.36,27.44,26.38,26.68,15290
CEG,20090604,26.82,27.34,26.82,27.22,19020
CEG,20090605,27.55,27.73,26.52,27.31,25040
CEG,20090608,27.00,27.44,26.43,27.23,12604
CEG,20090609,27.25,27.30,26.35,26.62,13574
CEG,20090610,26.75,27.29,26.64,27.02,20992
CEG,20090611,27.11,27.65,25.68,26.96,60708
CEG,20090612,26.90,27.47,26.70,27.23,30960
CEG,20090615,27.01,27.08,26.36,26.70,16697
CEG,20090616,26.80,27.30,26.41,26.67,14611
CEG,20090617,26.58,26.97,26.45,26.63,21371
CEG,20090618,26.55,26.94,26.51,26.85,18969
CEG,20090619,27.00,27.16,26.63,26.82,19692
CEG,20090622,26.53,26.82,26.12,26.19,11546
CEG,20090623,26.14,26.27,25.33,25.88,14488
CEG,20090624,26.02,26.46,25.78,26.00,13815
CEG,20090625,25.92,26.49,25.67,26.25,13620
CEG,20090626,26.19,26.57,25.68,26.52,32089
CEG,20090629,26.51,26.84,26.38,26.81,12882
CEG,20090630,26.84,26.84,26.08,26.58,12093
CEG,20090701,26.65,27.51,26.60,27.23,21434
CEG,20090702,26.76,27.52,26.14,26.19,21743
CEG,20090706,25.96,26.23,25.76,26.18,9599
CEG,20090707,26.09,26.27,25.85,26.07,12558
CEG,20090708,26.13,26.67,26.02,26.22,19627
CEG,20090709,26.33,27.04,26.16,26.81,19231
CEG,20090710,26.59,27.20,26.51,26.75,14866
CEG,20090713,26.75,27.00,26.13,26.83,12972
CEG,20090714,26.90,27.32,26.72,27.32,12592
CEG,20090715,27.50,27.98,27.31,27.98,15670
CEG,20090716,27.84,28.06,27.42,27.89,14904
CEG,20090717,27.83,27.85,27.39,27.64,11979
CEG,20090720,27.73,27.93,27.50,27.85,16178
CEG,20090721,28.00,28.39,27.57,28.20,21920
CEG,20090722,28.06,28.12,27.74,27.89,9005
CEG,20090723,27.89,29.22,27.67,29.01,20210
CEG,20090724,28.86,29.60,28.86,29.50,18318
CEG,20090727,29.40,29.55,29.20,29.44,7421
CEG,20090728,29.33,29.46,28.77,29.04,12967
CEG,20090729,28.90,29.00,28.41,28.90,7355
CEG,20090730,29.14,29.56,28.56,29.03,17439
CEG,20090731,29.79,29.79,28.12,28.70,25428
CEG,20090803,29.00,29.55,28.58,29.48,18100
CEG,20090804,29.36,29.69,29.21,29.60,26241
CEG,20090805,29.57,29.57,29.12,29.46,11308
CEG,20090806,29.42,29.57,29.35,29.49,19606
CEG,20090807,29.59,29.60,29.29,29.30,15254
CEG,20090810,29.23,29.76,29.10,29.70,15406
CEG,20090811,29.56,29.68,29.40,29.53,8970
CEG,20090812,29.50,30.45,29.50,30.26,26370
CEG,20090813,30.40,30.46,28.24,29.03,41910
CEG,20090814,29.10,29.19,28.45,29.10,16790
CEG,20090817,28.92,28.99,28.25,28.52,14468
CEG,20090818,28.50,29.13,28.32,29.02,16279
CEG,20090819,28.92,30.10,28.62,29.69,31271
CEG,20090820,29.63,30.16,29.58,30.10,13344
CEG,20090821,30.29,31.32,30.02,31.32,23645
CEG,20090824,31.22,31.65,30.94,31.28,19141
CEG,20090825,31.29,31.55,30.98,31.02,11830
CEG,20090826,31.03,31.52,30.76,31.49,16114
CEG,20090827,31.48,31.80,31.23,31.59,18011
CEG,20090828,31.76,31.77,31.19,31.69,12692
CEG,20090831,31.61,31.74,31.13,31.65,16582
CEG,20090901,31.64,32.27,31.40,31.67,19909
CEG,20090902,31.63,31.73,31.11,31.54,13664
CEG,20090903,31.62,31.79,30.88,31.08,14998
CEG,20090904,31.13,31.47,30.90,31.45,10641
CEG,20090908,31.40,31.75,31.14,31.72,10832
CEG,20090909,31.60,31.94,31.49,31.86,12131
CEG,20090910,31.71,32.28,31.50,32.28,11764
CEG,20090911,32.18,32.68,31.77,31.79,9333
CEG,20090914,31.77,32.92,31.50,32.90,15252
CEG,20090915,32.67,32.82,32.21,32.72,17844
CEG,20090916,32.74,33.33,32.51,33.00,15473
CEG,20090917,32.89,33.10,31.64,32.04,28188
CEG,20090918,32.17,32.87,32.12,32.57,19654
CEG,20090921,32.49,32.57,32.15,32.37,7959
CEG,20090922,32.29,32.75,32.29,32.61,14274
CEG,20090923,32.62,33.37,32.47,32.76,12963
CEG,20090924,32.84,33.02,32.12,32.31,7368
CEG,20090925,32.27,32.34,31.60,31.84,11696
CEG,20090928,32.02,32.40,31.73,32.28,5522
CEG,20090929,32.25,32.61,32.01,32.53,18166
CEG,20090930,32.53,32.58,31.91,32.37,17430
CEG,20091001,32.24,32.38,31.41,31.41,8224
CEG,20091002,31.17,31.34,30.58,30.69,12708
CEG,20091005,30.75,31.85,30.24,31.69,11309
CEG,20091006,31.73,32.51,31.48,32.49,14755
CEG,20091007,32.37,32.75,32.08,32.72,10296
CEG,20091008,32.93,32.99,32.45,32.62,7776
CEG,20091009,32.68,32.99,32.61,32.96,7168
CEG,20091012,33.00,33.36,32.80,33.12,7084
CEG,20091013,33.08,33.42,32.94,33.36,7323
CEG,20091014,33.58,33.87,33.16,33.46,6188
CEG,20091015,33.35,33.56,33.13,33.53,11733
CEG,20091016,33.27,33.50,32.95,33.16,8110
CEG,20091019,33.16,33.57,32.81,33.41,6248
CEG,20091020,33.36,33.43,33.00,33.28,10792
CEG,20091021,33.27,33.79,32.96,33.15,11433
CEG,20091022,33.11,33.31,32.66,33.30,11114
CEG,20091023,33.37,33.37,31.78,31.83,20724
CEG,20091026,32.13,32.79,31.78,31.90,27055
CEG,20091027,32.03,32.42,31.81,31.88,14557
CEG,20091028,31.86,31.98,30.94,31.00,18296
CEG,20091029,31.02,31.60,30.79,31.13,15367
CEG,20091030,32.00,32.41,30.84,30.92,36879
CEG,20091102,31.23,32.46,31.06,31.81,20197
CEG,20091103,31.77,31.90,31.34,31.57,14234
CEG,20091104,31.80,32.32,31.68,31.88,17752
CEG,20091105,31.98,32.78,31.85,32.77,16025
CEG,20091106,32.54,32.79,32.18,32.22,19441
CEG,20091109,32.45,32.67,32.33,32.56,20459
CEG,20091110,32.51,32.87,32.40,32.44,20181
CEG,20091111,32.63,32.73,31.98,32.28,23254
CEG,20091112,32.20,32.54,32.04,32.11,25651
CEG,20091113,32.11,32.50,31.88,32.38,15766
CEG,20091116,32.53,32.76,32.32,32.47,17178
CEG,20091117,32.41,32.43,31.90,32.12,14620
CEG,20091118,31.98,32.03,31.46,31.53,18348
CEG,20091119,31.42,31.56,31.00,31.22,11743
CEG,20091120,31.07,31.46,30.91,31.29,14867
CEG,20091123,31.44,32.00,31.44,31.82,14744
CEG,20091124,31.86,32.11,31.70,32.03,18636
CEG,20091125,31.98,32.79,31.90,32.69,15730
CEG,20091127,32.11,32.33,31.69,32.08,7918
CEG,20091130,32.12,32.44,31.79,31.82,16444
CEG,20091201,31.92,32.62,31.92,32.52,33652
CEG,20091202,32.64,33.53,32.52,33.51,20622
CEG,20091203,33.63,34.28,33.52,34.00,20923
CEG,20091204,34.34,34.71,33.06,33.56,27689
CEG,20091207,33.63,34.20,33.63,33.72,15228
CEG,20091208,33.38,33.38,32.74,33.02,22235
CEG,20091209,33.08,33.17,32.69,33.02,23437
CEG,20091210,33.18,33.54,32.98,33.25,28120
CEG,20091211,33.36,34.21,33.36,34.21,9548
CEG,20091214,34.28,35.23,34.22,35.09,19581
CEG,20091215,34.91,35.34,34.86,34.97,12958
CEG,20091216,35.09,35.09,34.57,34.76,13578
CEG,20091217,34.78,34.94,34.32,34.83,11545
CEG,20091218,35.13,35.53,34.75,35.05,16638
CEG,20091221,35.20,35.47,35.12,35.31,8188
CEG,20091222,35.31,35.54,35.12,35.37,10458
CEG,20091223,35.39,35.94,35.35,35.92,12672
CEG,20091224,35.89,36.31,35.89,36.31,4101
CEG,20091228,36.29,36.55,35.87,36.02,7692
CEG,20091229,36.09,36.24,35.60,35.70,7947
CEG,20091230,35.52,35.78,35.48,35.70,7432
CEG,20091231,35.80,35.88,35.11,35.17,5771
CEG,20100104,34.97,35.23,34.54,34.89,23324
CEG,20100105,34.81,35.03,34.44,34.62,19555
CEG,20100106,34.62,35.07,34.51,34.82,13385
CEG,20100107,34.59,34.98,34.15,34.33,11109
CEG,20100108,34.22,34.44,33.71,34.04,11399
CEG,20100111,34.01,34.75,34.01,34.71,10092
CEG,20100112,34.52,34.84,34.24,34.44,7722
CEG,20100113,34.48,35.00,34.21,34.80,9678
CEG,20100114,34.61,34.85,34.40,34.73,12103
CEG,20100115,34.29,34.62,33.77,34.45,13218
CEG,20100119,34.45,35.30,34.34,35.29,11487
CEG,20100120,35.05,35.05,34.35,34.73,10175
CEG,20100121,34.66,35.03,33.56,33.61,13307
CEG,20100122,33.54,33.54,32.51,32.54,12587
CEG,20100125,32.80,33.48,32.50,33.24,14278
CEG,20100126,33.08,33.28,32.76,32.95,7549
CEG,20100127,32.92,32.92,32.13,32.66,8602
CEG,20100128,32.71,32.89,31.95,32.67,11423
CEG,20100129,32.65,32.91,32.28,32.28,9490
CEG,20100201,33.20,33.93,32.70,33.93,22996
CEG,20100202,33.99,34.12,33.34,34.05,9819
CEG,20100203,34.06,34.41,33.80,34.25,10333
CEG,20100204,34.00,34.04,32.70,32.75,15265
CEG,20100205,32.67,32.81,31.08,32.04,27923
CEG,20100208,31.97,32.45,31.82,31.90,11779
CEG,20100209,32.17,32.75,32.14,32.28,9959
CEG,20100210,32.27,32.50,31.88,32.26,7082
CEG,20100211,32.13,33.14,32.07,33.01,16673
CEG,20100212,32.66,32.72,32.05,32.39,22368
CEG,20100216,32.83,33.75,32.78,33.69,14662
CEG,20100217,33.86,34.00,33.46,33.69,10961
CEG,20100218,33.69,33.99,33.44,33.87,13687
CEG,20100219,33.71,34.67,33.66,34.58,13871
CEG,20100222,35.00,35.68,33.94,34.05,20809
CEG,20100223,34.02,34.49,33.76,34.15,23897
CEG,20100224,34.32,34.76,33.93,34.75,24995
CEG,20100225,34.27,35.11,34.14,35.00,25246
CEG,20100226,35.07,35.28,34.85,35.07,28580
CEG,20100301,35.07,35.62,35.05,35.35,18582
CEG,20100302,35.53,35.71,35.24,35.32,23695
CEG,20100303,35.45,35.57,35.06,35.47,27540
CEG,20100304,35.43,35.97,35.29,35.94,19224
CEG,20100305,36.48,36.99,36.21,36.65,23828
CEG,20100308,36.50,36.93,36.47,36.63,21622
CEG,20100309,36.42,36.69,36.20,36.20,17765
CEG,20100310,36.38,36.99,36.23,36.79,33605
CEG,20100311,36.73,36.95,36.50,36.60,17746
CEG,20100312,36.65,36.77,35.89,35.89,25565
CEG,20100315,36.03,36.10,35.43,35.84,26294
CEG,20100316,35.99,36.45,35.90,36.39,19926
CEG,20100317,36.53,36.53,36.01,36.38,22066
CEG,20100318,36.30,36.56,36.12,36.15,13292
CEG,20100319,36.19,36.69,35.84,35.91,25019
CEG,20100322,35.77,36.36,35.50,36.30,24248
CEG,20100323,36.32,36.54,36.10,36.23,19360
CEG,20100324,36.17,36.46,36.00,36.29,17212
CEG,20100325,36.46,36.49,35.56,35.67,20946
CEG,20100326,35.68,35.82,35.49,35.50,21171
CEG,20100329,35.71,35.99,35.21,35.44,33652
CEG,20100330,35.39,35.78,35.31,35.56,27926
CEG,20100331,35.32,35.51,35.00,35.11,19835
CEG,20100401,35.28,36.29,35.25,36.05,21076
CEG,20100405,36.21,37.06,36.10,36.97,22489
CEG,20100406,36.69,38.00,36.69,37.90,27201
CEG,20100407,37.87,37.91,37.28,37.40,16108
CEG,20100408,37.21,37.36,36.84,36.90,25159
CEG,20100409,37.02,37.44,36.92,37.38,22287
CEG,20100412,37.57,38.47,37.45,38.02,37017
CEG,20100413,38.01,38.16,37.66,37.96,31491
CEG,20100414,38.04,38.73,38.02,38.39,27627
CEG,20100415,38.53,38.69,38.32,38.47,16608
CEG,20100416,38.41,38.56,36.95,36.98,32552
CEG,20100419,36.73,37.13,36.43,36.75,20357
CEG,20100420,36.98,37.16,36.85,37.09,14732
CEG,20100421,37.19,37.67,37.08,37.47,15491
CEG,20100422,36.38,37.36,36.38,37.32,15023
CEG,20100423,37.23,37.41,36.91,37.35,25764
CEG,20100426,37.33,37.68,37.11,37.11,19391
CEG,20100427,37.03,37.48,36.32,36.43,23547
CEG,20100428,36.70,36.95,36.44,36.60,30275
CEG,20100429,36.79,37.79,36.79,37.56,27713
CEG,20100430,37.50,37.50,34.69,35.35,73808
CEG,20100503,35.48,36.54,35.23,36.42,35358
CEG,20100504,35.96,36.26,35.40,36.00,37701
CEG,20100505,35.69,36.23,35.40,35.46,30746
CEG,20100506,35.36,35.73,32.69,34.63,55818
CEG,20100507,34.50,35.16,33.52,34.48,38609
CEG,20100510,36.50,37.23,35.71,36.10,34791
CEG,20100511,35.38,36.11,35.35,35.70,21780
CEG,20100512,35.67,36.52,35.67,36.48,27531
CEG,20100513,36.27,36.95,36.18,36.45,20628
CEG,20100514,36.23,36.55,35.62,36.46,32419
CEG,20100517,36.60,37.36,36.00,36.54,22617
CEG,20100518,36.19,36.70,35.10,35.34,28817
CEG,20100519,35.11,35.12,34.24,34.68,22430
CEG,20100520,34.01,34.02,32.79,32.86,30962
CEG,20100521,32.42,33.35,32.09,33.35,33310
CEG,20100524,33.13,34.21,33.06,33.62,28319
CEG,20100525,32.74,33.11,32.13,33.10,33062
CEG,20100526,33.40,34.40,33.34,34.19,89904
CEG,20100527,34.55,35.07,34.38,34.97,25134
CEG,20100528,35.01,35.73,35.01,35.38,25742
CEG,20100601,35.12,35.42,34.61,34.66,32392
CEG,20100602,34.77,35.73,34.77,35.73,31780
CEG,20100603,35.91,36.11,35.57,36.07,19239
CEG,20100604,35.58,35.65,34.38,34.57,36992
CEG,20100607,34.57,35.42,34.54,34.94,27062
CEG,20100608,34.74,34.97,34.16,34.74,30662
CEG,20100609,35.13,35.42,34.57,34.76,23166
CEG,20100610,35.29,35.97,35.22,35.42,27838
CEG,20100611,35.07,35.70,34.92,35.59,16006
CEG,20100614,36.21,36.64,35.91,35.96,24198
CEG,20100615,36.34,36.67,36.07,36.62,20640
CEG,20100616,36.31,36.98,36.30,36.62,13400
CEG,20100617,36.62,36.81,36.12,36.81,17402
CEG,20100618,36.95,37.01,36.60,36.64,14507
CEG,20100621,37.15,37.25,36.10,36.36,17772
CEG,20100622,36.33,36.44,34.79,34.95,26425
CEG,20100623,34.91,35.27,34.12,34.73,27258
CEG,20100624,34.63,35.18,34.25,34.33,24815
CEG,20100625,34.46,34.56,34.05,34.31,45292
CEG,20100628,34.50,34.55,34.04,34.16,14619
CEG,20100629,33.78,33.80,32.93,33.09,20139
CEG,20100630,32.92,33.31,32.14,32.25,34590
CEG,20100701,31.76,32.08,31.43,31.67,40035
CEG,20100702,31.71,31.98,31.08,31.21,26355
CEG,20100706,31.65,31.89,31.03,31.48,26498
CEG,20100707,31.48,32.59,31.44,32.56,28099
CEG,20100708,32.76,33.15,32.59,32.94,16448
CEG,20100709,33.05,33.68,32.93,33.51,15212
CEG,20100712,33.36,33.75,33.29,33.68,14810
CEG,20100713,33.98,34.45,33.61,33.82,14729
CEG,20100714,33.65,34.03,33.41,33.80,11573
CEG,20100715,33.80,33.95,33.10,33.52,19969
CEG,20100716,33.33,33.46,32.56,32.59,19917
CEG,20100719,32.72,33.03,32.42,32.91,12879
CEG,20100720,32.56,33.65,32.33,33.65,23609
CEG,20100721,33.75,33.85,32.71,32.89,20835
CEG,20100722,33.19,34.14,33.12,34.10,23073
CEG,20100723,33.89,34.26,33.84,34.15,21555
CEG,20100726,34.09,34.62,34.09,34.46,18083
CEG,20100727,34.57,35.10,34.34,34.91,36593
CEG,20100728,34.23,34.99,32.95,33.28,44798
CEG,20100729,32.90,33.05,31.27,31.75,52528
CEG,20100730,31.66,32.30,31.23,31.60,30423
CEG,20100802,32.02,32.14,31.41,31.63,24019
CEG,20100803,31.48,32.09,31.07,31.15,30086
CEG,20100804,31.34,31.53,30.79,31.44,24245
CEG,20100805,31.20,31.22,30.41,30.77,27237
CEG,20100806,30.41,30.66,30.07,30.25,28001
CEG,20100809,30.31,30.43,30.12,30.16,26045
CEG,20100810,30.00,30.35,29.84,30.00,26185
CEG,20100811,29.28,29.57,29.08,29.30,28363
CEG,20100812,28.94,29.72,28.80,29.59,39137
CEG,20100813,29.59,30.23,29.53,29.66,24383
CEG,20100816,29.54,30.07,29.15,29.58,23620
CEG,20100817,29.88,30.15,29.55,29.61,24285
CEG,20100818,29.69,30.04,29.54,29.75,27197
CEG,20100819,29.58,29.68,28.98,29.20,20796
CEG,20100820,29.13,29.13,28.65,28.90,47450
CEG,20100823,29.05,29.35,28.64,28.93,27838
CEG,20100824,28.76,29.04,28.21,28.85,25005
CEG,20100825,28.70,29.23,28.50,29.12,21863
CEG,20100826,29.19,29.69,29.10,29.13,26478
CEG,20100827,29.34,29.86,28.90,29.81,17904
CEG,20100830,29.74,29.74,29.10,29.12,16534
CEG,20100831,29.05,29.40,28.75,29.33,23837
CEG,20100901,29.63,30.64,29.63,30.57,23109
CEG,20100902,30.65,31.07,30.30,30.98,28287
CEG,20100903,30.93,31.27,30.67,31.11,31288
CEG,20100907,30.91,31.08,30.32,30.36,19478
CEG,20100908,30.31,30.79,30.19,30.39,33235
CEG,20100909,30.85,30.89,30.43,30.77,22661
CEG,20100910,30.77,31.12,30.63,31.06,22666
CEG,20100913,31.25,31.45,31.12,31.24,13248
CEG,20100914,31.19,31.28,30.92,30.99,20747
CEG,20100915,30.71,31.48,30.63,31.44,22118
CEG,20100916,31.48,31.53,30.41,30.65,29926
CEG,20100917,30.65,30.91,30.15,30.81,46481
CEG,20100920,30.75,31.24,30.47,31.23,17681
CEG,20100921,31.09,31.44,30.92,31.27,28376
CEG,20100922,31.18,32.41,31.18,32.00,46211
CEG,20100923,31.86,32.33,31.66,32.04,21281
CEG,20100924,32.49,32.49,32.00,32.28,21465
CEG,20100927,32.16,32.56,32.01,32.08,22166
CEG,20100928,32.13,32.70,31.97,32.56,19686
CEG,20100929,32.44,32.85,32.17,32.52,26533
CEG,20100930,33.03,33.10,32.05,32.24,29089
CEG,20101001,32.57,32.66,32.22,32.42,20418
CEG,20101004,32.35,32.52,30.96,31.25,39336
CEG,20101005,31.50,31.65,31.01,31.56,26772
CEG,20101006,31.49,31.68,31.23,31.46,13495
CEG,20101007,31.93,32.37,31.66,31.97,32137
CEG,20101008,32.08,32.29,31.94,32.15,11617
CEG,20101011,32.69,32.85,32.14,32.30,16154
CEG,20101012,32.34,32.58,32.14,32.44,23238
CEG,20101013,32.56,32.98,32.37,32.73,21608
CEG,20101014,32.59,32.97,32.14,32.80,20764
CEG,20101015,32.96,33.18,32.60,32.74,22564
CEG,20101018,32.66,32.98,32.42,32.93,18393
CEG,20101019,32.43,32.79,31.84,32.05,34199
CEG,20101020,32.27,32.56,31.88,32.28,16096
CEG,20101021,32.26,32.52,31.62,31.77,18630
CEG,20101022,31.96,31.99,31.19,31.38,21005
CEG,20101025,31.60,31.93,31.18,31.24,25888
CEG,20101026,31.10,31.25,30.78,31.21,19385
CEG,20101027,30.69,31.54,30.55,31.13,35685
CEG,20101028,31.33,31.49,30.79,30.84,25020
CEG,20101029,30.20,30.84,29.74,30.24,30234
CEG,20101101,30.22,30.37,29.30,29.42,24133
CEG,20101102,29.68,30.27,29.28,30.20,38276
CEG,20101103,30.26,30.51,30.01,30.51,30945
CEG,20101104,30.79,31.31,30.65,30.77,27916
CEG,20101105,30.84,30.88,30.45,30.72,16564
CEG,20101108,30.57,30.76,30.33,30.58,17499
CEG,20101109,30.51,31.02,29.87,29.95,17909
CEG,20101110,29.94,30.00,29.57,29.62,16280
CEG,20101111,29.42,29.63,29.18,29.38,26296
CEG,20101112,29.23,29.41,28.85,28.94,15377
CEG,20101115,29.00,29.19,28.60,28.92,24933
CEG,20101116,28.68,28.92,28.11,28.63,34275
CEG,20101117,28.63,29.07,28.55,29.04,19964
CEG,20101118,29.31,29.72,29.08,29.57,22132
CEG,20101119,29.43,29.48,28.72,29.17,20344
CEG,20101122,28.88,29.14,28.70,29.05,12590
CEG,20101123,28.65,28.67,28.00,28.42,24318
CEG,20101124,28.52,28.97,28.30,28.96,20341
CEG,20101126,28.73,29.00,28.71,29.00,6343
CEG,20101129,28.59,28.79,28.27,28.54,27027
CEG,20101130,28.23,28.53,28.12,28.36,36384
CEG,20101201,28.74,28.78,28.42,28.72,28778
CEG,20101202,28.81,29.00,28.73,28.92,26338
CEG,20101203,28.94,28.96,28.44,28.80,11815
CEG,20101206,28.62,28.74,28.34,28.39,14268
CEG,20101207,28.60,28.82,28.24,28.30,22749
CEG,20101208,28.21,28.46,27.94,28.08,16125
CEG,20101209,28.36,28.87,28.20,28.54,24559
CEG,20101210,28.57,28.66,28.28,28.37,25266
CEG,20101213,28.55,28.67,27.98,28.09,29728
CEG,20101214,27.98,28.50,27.81,28.28,29574
CEG,20101215,28.30,28.30,27.66,27.68,20206
CEG,20101216,27.72,28.52,27.64,28.45,22263
CEG,20101217,28.60,28.92,28.51,28.75,30129
CEG,20101220,28.86,28.95,28.45,28.81,16963
CEG,20101221,28.62,29.97,28.51,29.62,44051
CEG,20101222,30.05,30.75,29.95,30.75,32611
CEG,20101223,30.93,31.43,30.74,31.09,29258
CEG,20101227,31.02,31.54,30.77,31.35,18975
CEG,20101228,31.39,31.50,31.26,31.26,10929
CEG,20101229,31.30,31.39,31.06,31.23,13209
CEG,20101230,31.25,31.39,30.54,30.74,19495
CEG,20101231,30.69,30.93,30.59,30.63,10457
CEG,20110103,30.93,31.21,30.75,30.85,17878
CEG,20110104,30.84,31.54,30.47,31.32,23819
CEG,20110105,31.09,31.28,30.71,30.81,29415
CEG,20110106,30.78,31.14,30.50,31.01,29886
CEG,20110107,30.98,32.07,30.87,32.01,39570
