COST,20090115,47.52,48.94,47.25,48.47,60159
COST,20090116,49.31,49.31,47.86,48.80,64130
COST,20090120,49.17,49.21,47.15,47.22,73703
COST,20090121,47.26,48.04,46.58,47.90,62426
COST,20090122,47.55,47.88,46.67,47.45,61449
COST,20090123,46.90,47.51,46.21,46.97,49157
COST,20090126,47.48,48.03,46.94,47.35,40921
COST,20090127,47.39,48.08,47.08,47.90,40854
COST,20090128,48.07,48.52,47.39,47.81,51634
COST,20090129,47.99,48.00,46.34,46.45,47066
COST,20090130,46.55,46.66,44.79,45.03,66828
COST,20090202,44.78,45.67,44.53,45.30,47826
COST,20090203,45.47,46.18,44.87,46.12,53264
COST,20090204,42.74,43.50,41.83,42.98,209718
COST,20090205,42.85,43.96,42.41,43.83,98861
COST,20090206,44.10,45.48,44.00,45.21,82624
COST,20090209,44.78,45.41,44.57,45.17,53327
COST,20090210,44.80,45.60,43.78,43.97,65904
COST,20090211,44.17,44.46,43.08,43.54,47788
COST,20090212,43.50,44.39,42.89,44.32,65729
COST,20090213,44.28,44.29,42.62,42.76,48730
COST,20090217,42.15,42.74,41.90,42.12,61944
COST,20090218,42.20,42.63,41.72,42.38,61915
COST,20090219,42.74,43.47,42.59,42.62,54514
COST,20090220,42.53,43.29,42.10,42.76,69962
COST,20090223,42.80,43.23,41.04,41.17,64301
COST,20090224,41.12,42.78,41.05,42.55,60848
COST,20090225,42.22,42.79,41.32,42.00,69326
COST,20090226,42.35,42.44,41.55,41.55,49080
COST,20090227,41.29,43.03,41.25,42.34,73858
COST,20090302,41.71,42.86,40.72,40.84,76252
COST,20090303,41.31,41.86,40.25,40.69,81391
COST,20090304,41.11,41.90,40.15,40.81,144759
COST,20090305,40.54,40.95,39.26,39.56,89418
COST,20090306,39.58,39.74,38.17,38.98,70872
COST,20090309,38.44,39.47,38.18,38.44,64744
COST,20090310,39.03,40.19,38.65,40.14,85810
COST,20090311,40.12,40.43,39.34,39.56,63564
COST,20090312,39.96,40.99,39.33,40.86,60202
COST,20090313,40.99,42.40,40.50,42.20,63875
COST,20090316,42.13,43.02,42.00,42.12,48790
COST,20090317,43.09,44.02,42.81,43.98,61683
COST,20090318,43.90,45.04,43.08,44.46,70826
COST,20090319,44.60,45.27,44.25,45.12,67986
COST,20090320,45.57,45.64,44.00,44.83,72076
COST,20090323,45.48,47.54,45.25,47.54,62744
COST,20090324,47.42,48.00,46.26,46.36,50458
COST,20090325,46.51,47.76,45.57,46.81,61188
COST,20090326,47.37,49.35,47.06,48.46,68265
COST,20090327,47.68,48.15,47.06,47.40,48662
COST,20090330,46.56,46.90,45.65,46.25,44787
COST,20090331,46.48,46.87,45.19,46.32,53635
COST,20090401,45.67,46.50,45.02,46.35,46373
COST,20090402,46.82,48.60,46.50,48.07,51224
COST,20090403,47.86,48.97,47.85,48.91,42257
COST,20090406,48.16,48.86,47.28,47.74,43382
COST,20090407,47.03,47.21,46.31,46.39,45851
COST,20090408,46.66,48.39,46.63,47.70,53406
COST,20090409,45.85,47.42,45.54,46.90,105976
COST,20090413,46.92,47.23,46.22,46.41,41858
COST,20090414,46.11,46.25,45.18,45.35,46749
COST,20090415,45.37,45.80,45.05,45.66,36771
COST,20090416,45.77,46.75,45.74,46.23,46681
COST,20090417,46.10,46.50,45.61,45.77,47424
COST,20090420,45.35,45.59,44.10,44.34,54034
COST,20090421,44.48,46.58,44.03,46.46,63801
COST,20090422,45.92,47.77,45.61,47.07,61352
COST,20090423,46.60,48.13,46.27,46.83,55484
COST,20090424,47.19,48.63,46.50,48.17,67281
COST,20090427,47.93,48.33,47.02,47.64,41384
COST,20090428,47.10,48.14,46.68,47.07,44145
COST,20090429,47.89,48.44,47.30,47.67,58459
COST,20090430,47.92,48.97,47.03,48.60,75547
COST,20090501,48.39,48.44,47.35,47.69,44402
COST,20090504,47.80,47.96,47.30,47.71,47431
COST,20090505,48.14,48.27,47.13,47.65,38486
COST,20090506,47.82,48.20,46.59,46.87,50779
COST,20090507,47.66,47.93,45.66,45.93,81103
COST,20090508,46.50,46.81,45.52,46.60,64871
COST,20090511,45.70,46.76,45.25,46.02,51673
COST,20090512,46.57,47.25,45.77,46.91,53751
COST,20090513,46.25,46.55,45.30,45.65,59082
COST,20090514,45.80,46.10,44.61,44.80,65828
COST,20090515,44.78,45.58,44.70,44.75,51873
COST,20090518,45.21,46.17,45.06,46.09,42430
COST,20090519,46.23,47.74,45.72,47.21,60076
COST,20090520,48.50,49.61,48.26,48.78,96221
COST,20090521,48.42,49.28,47.86,48.31,47027
COST,20090522,48.30,48.83,48.07,48.30,40386
COST,20090526,47.75,49.92,47.60,49.14,75873
COST,20090527,48.85,49.70,48.20,48.83,62739
COST,20090528,47.94,48.79,46.54,47.97,109275
COST,20090529,48.20,48.52,47.21,48.52,47132
COST,20090601,49.20,49.98,48.75,49.70,46811
COST,20090602,49.52,50.14,49.30,49.45,38206
COST,20090603,49.22,49.25,48.00,48.47,93215
COST,20090604,47.13,48.00,46.25,47.87,88154
COST,20090605,48.40,48.59,47.18,47.64,54730
COST,20090608,47.40,47.84,46.96,47.53,32929
COST,20090609,47.56,47.96,46.89,47.13,49941
COST,20090610,47.22,47.45,46.38,46.59,51818
COST,20090611,46.71,47.05,46.22,46.27,64748
COST,20090612,46.35,47.10,45.96,47.03,47356
COST,20090615,46.75,46.83,45.99,46.33,43387
COST,20090616,46.36,46.54,45.80,45.95,46753
COST,20090617,46.06,47.20,45.88,46.59,58622
COST,20090618,46.69,46.86,45.90,46.24,46285
COST,20090619,46.70,46.70,45.91,46.11,51229
COST,20090622,45.81,46.22,45.25,45.35,54466
COST,20090623,46.02,46.05,44.98,45.07,43970
COST,20090624,45.21,45.33,44.78,45.04,42483
COST,20090625,44.82,46.34,44.82,46.28,54397
COST,20090626,46.03,46.60,45.83,46.41,36757
COST,20090629,46.73,46.80,46.01,46.20,35453
COST,20090630,46.09,46.29,45.64,45.78,51359
COST,20090701,45.81,46.38,45.71,45.79,30440
COST,20090702,45.64,45.64,44.59,44.64,49205
COST,20090706,44.57,45.79,44.50,45.70,47458
COST,20090707,45.21,45.44,44.48,44.54,42680
COST,20090708,44.83,46.11,44.63,46.02,74961
COST,20090709,46.40,46.50,45.25,45.50,56976
COST,20090710,45.30,45.51,44.65,44.97,37914
COST,20090713,44.92,45.12,44.50,44.97,46864
COST,20090714,44.81,45.17,44.37,45.03,38805
COST,20090715,45.40,47.00,45.06,46.90,72463
COST,20090716,46.73,47.59,46.52,47.49,39037
COST,20090717,47.37,47.49,46.97,47.48,32935
COST,20090720,47.50,48.50,47.03,48.47,48811
COST,20090721,48.29,48.59,47.61,48.38,39119
COST,20090722,48.18,49.09,48.00,48.82,37993
COST,20090723,48.50,49.23,47.77,48.60,62341
COST,20090724,48.12,49.24,48.11,49.13,45897
COST,20090727,48.99,49.13,48.03,48.68,29051
COST,20090728,48.44,48.92,48.10,48.84,32688
COST,20090729,48.53,49.41,48.41,48.77,35795
COST,20090730,49.26,49.73,48.88,49.25,32955
COST,20090731,49.01,49.93,49.00,49.50,33840
COST,20090803,49.75,50.04,49.51,50.00,35827
COST,20090804,49.60,50.00,49.15,49.48,38056
COST,20090805,49.73,49.75,48.69,49.06,35243
COST,20090806,48.56,49.36,48.25,48.75,47502
COST,20090807,49.45,50.24,48.91,50.10,42212
COST,20090810,49.84,49.96,49.00,49.40,31652
COST,20090811,49.03,49.39,48.80,48.92,26131
COST,20090812,48.94,49.49,48.91,49.15,28811
COST,20090813,49.16,49.20,48.21,48.88,36946
COST,20090814,48.79,49.03,48.19,48.63,33183
COST,20090817,48.10,48.39,47.39,47.47,44961
COST,20090818,47.54,47.90,47.10,47.40,34104
COST,20090819,47.21,48.07,47.16,47.94,34591
COST,20090820,48.09,48.09,47.50,47.91,23357
COST,20090821,48.23,48.82,47.89,48.56,39522
COST,20090824,48.78,48.78,48.01,48.12,28395
COST,20090825,48.78,50.08,48.46,49.62,62594
COST,20090826,49.87,50.36,49.54,50.23,55749
COST,20090827,49.91,51.65,49.87,51.31,58905
COST,20090828,51.50,52.00,51.35,51.77,49940
COST,20090831,51.35,51.70,50.86,50.98,37888
COST,20090901,51.34,51.37,50.18,50.65,55056
COST,20090902,50.40,50.82,49.95,50.65,42680
COST,20090903,54.23,55.23,54.17,54.99,122304
COST,20090904,54.68,55.53,54.54,55.47,45933
COST,20090908,56.86,57.00,56.15,56.73,55262
COST,20090909,56.49,57.08,56.29,57.06,39311
COST,20090910,57.04,57.05,56.66,56.91,38869
COST,20090911,56.86,56.99,56.52,56.81,30315
COST,20090914,56.22,57.02,56.16,56.99,30852
COST,20090915,56.78,57.00,56.42,56.82,33299
COST,20090916,56.82,57.77,56.69,57.70,39235
COST,20090917,57.86,58.23,57.32,57.96,39791
COST,20090918,58.20,58.20,57.46,57.55,45616
COST,20090921,57.61,58.73,57.38,58.58,48478
COST,20090922,58.72,58.86,58.34,58.40,28338
COST,20090923,57.86,58.80,57.86,57.98,29521
COST,20090924,58.03,58.24,57.07,57.43,33894
COST,20090925,57.72,57.72,56.00,56.28,61371
COST,20090928,56.50,56.66,56.31,56.56,47861
COST,20090929,56.56,56.93,56.25,56.49,49395
COST,20090930,57.12,57.44,55.98,56.38,122359
COST,20091001,56.15,56.69,55.40,55.69,50980
COST,20091002,55.92,56.68,55.73,56.47,57607
COST,20091005,56.59,57.25,56.30,56.88,44802
COST,20091006,57.02,58.37,57.02,57.93,58676
COST,20091007,59.76,60.30,58.86,59.00,111168
COST,20091008,59.28,59.38,58.39,58.63,50327
COST,20091009,58.20,58.69,57.72,58.64,57518
COST,20091012,58.38,58.83,57.76,58.03,29156
COST,20091013,57.90,58.87,57.75,58.48,47232
COST,20091014,59.00,59.00,58.44,58.77,34478
COST,20091015,58.39,59.04,58.39,58.97,28804
COST,20091016,58.85,58.90,58.12,58.48,32306
COST,20091019,58.82,59.35,58.36,59.23,35024
COST,20091020,59.26,59.27,58.42,59.09,33843
COST,20091021,58.76,59.25,57.71,57.71,41533
COST,20091022,57.76,58.49,57.57,58.27,29216
COST,20091023,58.08,58.43,57.56,57.81,21526
COST,20091026,57.69,58.36,57.52,57.65,27666
COST,20091027,57.61,57.82,56.77,57.15,28767
COST,20091028,57.05,57.50,56.72,56.72,30270
COST,20091029,57.31,57.94,56.76,57.92,39320
COST,20091030,57.73,57.95,56.81,56.85,39027
COST,20091102,56.85,57.88,56.76,57.75,38839
COST,20091103,57.55,58.37,57.31,57.65,41222
COST,20091104,57.68,59.27,57.68,58.81,47568
COST,20091105,58.11,59.49,57.98,59.41,46687
COST,20091106,59.15,59.66,58.80,59.41,27493
COST,20091109,58.96,60.46,58.96,60.44,36982
COST,20091110,59.92,60.40,59.52,60.04,30787
COST,20091111,60.46,60.69,59.78,60.40,31565
COST,20091112,60.16,60.65,60.00,60.12,36877
COST,20091113,60.35,60.63,59.96,60.47,24676
COST,20091116,60.79,61.25,60.50,61.12,32502
COST,20091117,61.06,61.23,60.22,60.62,33075
COST,20091118,60.38,60.83,59.67,60.77,31169
COST,20091119,60.36,60.59,59.78,60.48,22407
COST,20091120,60.26,60.84,59.80,60.06,26963
COST,20091123,60.10,60.86,59.93,60.57,27505
COST,20091124,60.81,60.83,60.33,60.51,25780
COST,20091125,60.40,60.99,60.40,60.89,24698
COST,20091127,59.50,60.51,59.20,60.03,14803
COST,20091130,60.15,60.29,59.41,59.91,33991
COST,20091201,60.13,60.79,60.10,60.73,44185
COST,20091202,60.65,61.15,60.29,60.87,43162
COST,20091203,59.40,59.57,58.90,59.02,83261
COST,20091204,59.40,59.99,58.67,59.19,49359
COST,20091207,59.13,59.74,59.05,59.35,24224
COST,20091208,58.85,58.96,58.00,58.75,38533
COST,20091209,58.71,59.00,58.10,58.66,37456
COST,20091210,59.15,59.36,58.23,58.76,55765
COST,20091211,59.04,59.49,58.97,59.32,31970
COST,20091214,59.57,59.72,59.17,59.47,21749
COST,20091215,59.42,59.47,58.86,58.98,27948
COST,20091216,59.15,59.50,58.72,58.77,28596
COST,20091217,58.53,58.58,57.80,57.80,28768
COST,20091218,58.03,58.46,57.52,58.43,45408
COST,20091221,58.78,59.55,58.64,59.27,21139
COST,20091222,59.03,59.80,59.03,59.57,30262
COST,20091223,59.60,60.31,59.60,60.07,29457
COST,20091224,60.29,60.60,60.09,60.40,16813
COST,20091228,60.40,60.75,60.33,60.56,17482
COST,20091229,60.49,60.69,60.20,60.26,17944
COST,20091230,60.13,60.49,59.87,60.05,16785
COST,20091231,60.24,60.30,59.11,59.17,18628
COST,20100104,59.13,60.07,59.13,59.41,32801
COST,20100105,59.26,59.42,58.84,59.23,27758
COST,20100106,59.07,60.05,59.00,60.00,37228
COST,20100107,60.08,60.44,59.26,59.71,45275
COST,20100108,59.47,59.61,59.10,59.28,23483
COST,20100111,59.21,59.42,59.00,59.35,18303
COST,20100112,59.23,59.39,58.72,59.03,21132
COST,20100113,59.11,59.59,58.94,59.40,20515
COST,20100114,59.12,59.25,58.71,58.72,21456
COST,20100115,58.99,58.99,58.43,58.79,30816
COST,20100119,59.17,59.28,58.79,58.95,25581
COST,20100120,58.48,58.68,57.62,58.27,44848
COST,20100121,58.13,58.60,57.35,57.52,34280
COST,20100122,57.40,57.96,57.04,57.07,42209
COST,20100125,57.35,57.82,56.75,57.55,26905
COST,20100126,57.20,58.48,57.14,57.93,35304
COST,20100127,57.71,58.04,57.28,57.53,37761
COST,20100128,57.73,57.82,57.06,57.35,31969
COST,20100129,57.59,58.54,57.40,57.43,54138
COST,20100201,57.80,57.92,57.36,57.91,42957
COST,20100202,58.00,58.88,57.60,58.77,52315
COST,20100203,58.59,58.95,58.38,58.42,52691
COST,20100204,58.17,58.94,58.10,58.52,59626
COST,20100205,58.59,58.90,58.07,58.58,47937
COST,20100208,58.27,58.78,58.13,58.14,33197
COST,20100209,58.80,59.00,58.20,58.76,34868
COST,20100210,58.66,59.32,58.38,59.15,45204
COST,20100211,58.86,59.78,58.67,59.67,40308
COST,20100212,59.19,59.42,58.95,59.28,43376
COST,20100216,59.62,60.85,59.30,60.67,40523
COST,20100217,60.79,61.30,60.74,61.05,26630
COST,20100218,60.93,61.13,60.58,60.96,22751
COST,20100219,60.73,61.36,60.66,61.14,25101
COST,20100222,61.40,61.45,60.69,60.79,30043
COST,20100223,60.64,60.92,60.41,60.51,30811
COST,20100224,60.80,61.22,60.61,60.86,29081
COST,20100225,60.29,61.52,60.21,61.40,35339
COST,20100226,61.36,61.47,60.78,60.97,36816
COST,20100301,61.00,62.11,60.68,61.65,40311
COST,20100302,62.12,62.12,61.20,61.38,41265
COST,20100303,59.75,61.58,59.64,60.68,101535
COST,20100304,60.75,61.16,60.48,60.80,32861
COST,20100305,60.85,60.97,60.50,60.68,35148
COST,20100308,60.54,61.00,60.52,60.67,30203
COST,20100309,60.38,60.57,60.04,60.13,31869
COST,20100310,60.21,60.41,59.76,59.84,32484
COST,20100311,59.78,60.06,59.77,59.90,39572
COST,20100312,59.88,60.48,59.81,60.17,39284
COST,20100315,60.07,60.62,60.05,60.55,25847
COST,20100316,60.71,60.96,60.59,60.91,24806
COST,20100317,60.96,61.46,60.90,61.33,31153
COST,20100318,61.00,61.43,60.92,61.27,31562
COST,20100319,61.38,61.50,60.49,60.72,46875
COST,20100322,60.54,61.09,60.43,60.88,23689
COST,20100323,60.76,60.89,60.36,60.76,29377
COST,20100324,60.74,60.74,60.02,60.07,29099
COST,20100325,60.42,60.42,60.01,60.05,25915
COST,20100326,60.25,60.42,59.91,60.13,23020
COST,20100329,60.14,60.43,59.96,60.14,23755
COST,20100330,60.27,60.50,60.04,60.17,20670
COST,20100331,60.06,60.11,59.68,59.71,25481
COST,20100401,59.73,60.30,59.71,60.14,26382
COST,20100405,60.33,60.87,60.00,60.82,21523
COST,20100406,61.05,61.85,60.75,61.74,35891
COST,20100407,61.65,61.96,61.50,61.72,38971
COST,20100408,61.60,61.62,60.82,60.98,44763
COST,20100409,61.04,61.41,60.92,61.21,28048
COST,20100412,60.89,61.21,60.26,60.35,45507
COST,20100413,60.22,60.55,59.76,59.89,41914
COST,20100414,59.79,59.87,58.94,59.62,67321
COST,20100415,59.41,59.44,58.90,59.03,57543
COST,20100416,58.96,59.52,58.93,59.19,54437
COST,20100419,59.29,59.53,58.61,59.47,40407
COST,20100420,59.70,59.92,59.33,59.49,37033
COST,20100421,59.40,59.56,59.04,59.51,30331
COST,20100422,59.23,60.41,59.12,60.22,39179
COST,20100423,60.07,60.48,60.00,60.20,40174
COST,20100426,60.20,60.30,60.01,60.07,28745
COST,20100427,60.25,60.25,59.11,59.17,39488
COST,20100428,59.30,59.49,58.74,58.85,34624
COST,20100429,59.01,59.45,58.92,59.35,28837
COST,20100430,59.13,59.68,59.02,59.08,49607
COST,20100503,59.03,59.50,58.90,59.31,40514
COST,20100504,58.83,60.37,58.31,59.88,60461
COST,20100505,59.75,60.83,59.72,60.36,64386
COST,20100506,58.95,59.11,55.00,58.03,111750
COST,20100507,57.86,58.70,56.83,57.31,92867
COST,20100510,58.62,58.99,57.10,57.52,83793
COST,20100511,57.40,58.30,57.33,57.94,54432
COST,20100512,58.06,58.19,57.66,57.88,41518
COST,20100513,57.81,58.49,57.60,57.67,50077
COST,20100514,57.27,58.12,57.21,57.74,48762
COST,20100517,57.82,58.44,57.53,58.35,41302
COST,20100518,58.64,58.99,57.68,57.78,43088
COST,20100519,57.49,58.48,57.49,57.77,43502
COST,20100520,57.00,57.52,56.55,56.59,67558
COST,20100521,55.93,57.73,55.79,57.44,59660
COST,20100524,57.18,57.41,56.68,56.76,33643
COST,20100525,55.96,56.50,55.39,56.50,61203
COST,20100526,56.60,56.70,55.71,55.98,61466
COST,20100527,57.34,59.26,57.04,58.74,87645
COST,20100528,58.79,58.92,58.02,58.25,35010
COST,20100601,58.24,58.85,57.73,57.98,32056
COST,20100602,58.35,58.98,57.95,58.95,38989
COST,20100603,58.13,59.16,57.30,57.93,72204
COST,20100604,57.40,57.97,56.01,56.17,54985
COST,20100607,56.01,56.62,55.76,55.85,34148
COST,20100608,55.68,56.72,55.55,56.66,37265
COST,20100609,56.73,57.75,56.58,57.40,49269
COST,20100610,57.81,58.06,57.30,57.65,32772
COST,20100611,57.18,57.65,57.00,57.52,30929
COST,20100614,57.83,57.90,57.30,57.52,25107
COST,20100615,57.95,59.18,57.92,59.16,51000
COST,20100616,58.43,58.89,58.12,58.34,28769
COST,20100617,58.55,58.72,57.99,58.58,28289
COST,20100618,58.50,58.73,58.05,58.21,36573
COST,20100621,58.50,58.70,57.55,57.78,27956
COST,20100622,57.87,58.31,57.54,57.61,27163
COST,20100623,57.60,57.68,57.02,57.44,25412
COST,20100624,57.35,57.45,56.00,56.22,37725
COST,20100625,56.17,56.86,55.87,56.44,44889
COST,20100628,56.50,57.20,56.22,56.65,30436
COST,20100629,56.18,56.37,55.39,55.63,42984
COST,20100630,55.53,55.67,54.69,54.83,46096
COST,20100701,54.92,55.16,54.23,54.90,53767
COST,20100702,55.01,55.18,53.76,54.23,33852
COST,20100706,54.69,54.71,53.51,54.00,33646
COST,20100707,53.74,54.33,53.41,54.29,48130
COST,20100708,54.62,55.79,54.52,55.71,75927
COST,20100709,56.21,56.29,55.60,56.19,38956
COST,20100712,56.05,56.43,55.73,55.93,26446
COST,20100713,56.30,56.75,56.15,56.51,32072
COST,20100714,56.36,56.40,55.87,56.35,34282
COST,20100715,56.39,56.59,55.85,56.55,29493
COST,20100716,56.56,56.60,54.95,54.98,50202
COST,20100719,55.13,55.29,54.60,54.82,35750
COST,20100720,54.26,55.09,54.11,55.09,63434
COST,20100721,55.00,55.10,53.49,53.61,49773
COST,20100722,54.17,55.08,53.84,54.90,52840
COST,20100723,55.10,56.00,54.78,55.95,49058
COST,20100726,55.90,56.00,55.45,55.71,34943
COST,20100727,56.47,57.36,56.39,57.21,69300
COST,20100728,57.25,57.40,56.41,56.51,30778
COST,20100729,56.74,57.00,55.77,56.21,34397
COST,20100730,55.71,56.89,55.71,56.71,29739
COST,20100802,57.06,57.34,56.76,56.84,36220
COST,20100803,56.79,56.91,56.38,56.55,32467
COST,20100804,56.46,57.61,56.24,57.40,43645
COST,20100805,56.63,56.74,55.86,56.46,43582
COST,20100806,56.12,56.64,55.76,56.54,30299
COST,20100809,56.59,57.49,56.54,57.16,23918
COST,20100810,56.84,57.32,56.63,56.98,24335
COST,20100811,56.52,56.62,55.81,55.87,28474
COST,20100812,55.43,55.96,55.37,55.67,32689
COST,20100813,55.45,55.71,55.06,55.31,22705
COST,20100816,55.13,55.50,55.00,55.37,23953
COST,20100817,55.46,56.29,55.38,55.83,26417
COST,20100818,55.25,55.99,54.99,55.68,29091
COST,20100819,55.57,55.63,54.61,55.01,29461
COST,20100820,54.91,55.12,54.48,55.04,28961
COST,20100823,55.37,55.65,54.85,54.90,24074
COST,20100824,54.51,55.67,54.05,55.60,66585
COST,20100825,55.34,57.40,55.20,57.07,59465
COST,20100826,56.99,57.15,56.15,56.28,38544
COST,20100827,56.40,56.53,55.41,56.19,42554
COST,20100830,56.14,56.85,56.07,56.07,28430
COST,20100831,55.88,57.06,55.74,56.50,43586
COST,20100901,56.76,57.89,56.76,57.79,39664
COST,20100902,58.41,58.83,57.65,58.59,50112
COST,20100903,59.02,59.05,58.19,58.57,27793
COST,20100907,58.23,59.00,58.20,58.64,25985
COST,20100908,59.31,59.42,58.80,59.21,34126
COST,20100909,59.45,59.51,58.83,58.94,26228
COST,20100910,59.23,59.79,59.14,59.54,26086
COST,20100913,59.82,60.23,59.41,60.05,31077
COST,20100914,60.12,61.21,59.94,61.04,41348
COST,20100915,60.97,61.27,60.91,61.19,35230
COST,20100916,61.11,61.33,60.82,61.24,22306
COST,20100917,61.47,61.50,60.95,61.29,34957
COST,20100920,61.50,61.78,60.97,61.28,34725
COST,20100921,61.21,61.53,60.86,61.27,31985
COST,20100922,61.53,62.45,61.52,62.33,48065
COST,20100923,62.05,62.82,61.88,62.50,33992
COST,20100924,63.00,64.31,62.78,64.05,44815
COST,20100927,63.82,64.14,63.63,63.73,47044
COST,20100928,63.81,65.11,63.69,65.00,54534
COST,20100929,64.85,65.22,64.39,64.67,35852
COST,20100930,64.91,65.00,64.07,64.49,40902
COST,20101001,64.92,65.25,64.50,65.05,40376
COST,20101004,65.05,65.24,64.53,64.56,45029
COST,20101005,65.00,65.00,64.33,64.66,56986
COST,20101006,63.00,65.46,62.81,65.41,115030
COST,20101007,65.23,65.27,64.43,65.26,50479
COST,20101008,64.40,64.95,63.94,64.29,56319
COST,20101011,63.39,64.49,63.28,64.32,25848
COST,20101012,63.94,64.09,63.31,63.34,44543
COST,20101013,63.21,63.96,63.00,63.36,50064
COST,20101014,63.11,63.86,62.91,63.18,42145
COST,20101015,63.46,63.77,63.21,63.70,40333
COST,20101018,63.44,63.81,63.13,63.21,24169
COST,20101019,62.66,63.14,61.90,62.21,39706
COST,20101020,62.49,63.07,62.25,62.61,27858
COST,20101021,62.64,63.89,62.54,63.60,41720
COST,20101022,63.47,64.10,63.22,64.03,24063
COST,20101025,64.13,64.77,64.01,64.11,27640
COST,20101026,63.62,64.19,63.44,63.68,28261
COST,20101027,63.06,63.38,62.51,62.98,33787
COST,20101028,63.06,63.25,62.50,62.80,23854
COST,20101029,62.66,62.90,62.52,62.77,23509
COST,20101101,63.56,63.62,62.78,63.28,27906
COST,20101102,63.64,64.18,63.35,63.72,29883
COST,20101103,63.78,63.86,62.71,63.16,40809
COST,20101104,63.89,65.63,63.89,65.48,58014
COST,20101105,65.53,66.04,65.23,65.40,30398
COST,20101108,64.83,64.87,64.24,64.81,26138
COST,20101109,64.70,64.78,63.96,64.22,26027
COST,20101110,64.16,64.50,63.94,64.45,26808
COST,20101111,64.10,65.42,63.91,65.35,37988
COST,20101112,64.87,65.70,64.65,65.20,37032
COST,20101115,65.44,65.99,65.40,65.48,29489
COST,20101116,65.23,66.40,64.57,65.74,61986
COST,20101117,66.02,67.13,66.02,67.02,54845
COST,20101118,67.26,67.49,66.32,66.41,36711
COST,20101119,66.32,66.72,66.12,66.56,27103
COST,20101122,66.25,67.34,66.18,67.26,28271
COST,20101123,66.89,67.07,66.27,66.90,29858
COST,20101124,67.17,68.00,67.17,67.54,26880
COST,20101126,67.11,67.47,67.03,67.22,9525
COST,20101129,66.84,67.00,66.33,66.97,23502
COST,20101130,66.65,67.92,66.51,67.61,33049
COST,20101201,68.17,68.80,68.01,68.31,30381
COST,20101202,68.55,69.11,68.13,69.01,32888
COST,20101203,68.87,69.26,68.24,68.39,30933
COST,20101206,68.48,69.41,68.33,69.19,33659
COST,20101207,69.87,70.06,69.12,69.64,51153
COST,20101208,69.38,69.71,68.53,69.25,36913
COST,20101209,69.68,71.13,69.28,71.02,67769
COST,20101210,70.76,71.28,70.62,71.25,35559
COST,20101213,71.21,71.49,70.53,70.74,57970
COST,20101214,70.72,71.54,70.60,71.21,26824
COST,20101215,71.04,71.45,70.89,71.05,35227
COST,20101216,71.03,72.23,71.01,72.12,34496
COST,20101217,71.85,72.44,71.70,71.84,64623
COST,20101220,72.00,72.55,71.76,72.31,26318
COST,20101221,72.54,72.77,72.26,72.32,22005
COST,20101222,72.45,72.54,72.00,72.27,19478
COST,20101223,72.16,72.45,71.94,72.24,13793
COST,20101227,71.84,72.27,71.72,72.08,11557
COST,20101228,72.25,72.87,72.14,72.71,19744
COST,20101229,72.89,73.16,72.57,72.70,15263
COST,20101230,72.71,72.97,72.61,72.85,14247
COST,20101231,72.74,72.99,72.19,72.21,13042
COST,20110103,72.75,73.45,72.39,72.47,34054
COST,20110104,72.53,72.53,71.76,72.33,39667
COST,20110105,71.99,72.10,70.90,70.99,42701
COST,20110106,70.50,71.25,70.01,70.65,32804
COST,20110107,70.95,71.19,70.45,70.65,23427
