CRI,20090115,16.17,17.32,15.80,17.02,7832
CRI,20090116,17.30,17.64,16.97,17.29,7428
CRI,20090120,17.10,17.13,16.34,16.55,7418
CRI,20090121,16.80,17.20,16.01,17.13,5453
CRI,20090122,16.68,17.56,16.45,17.03,4971
CRI,20090123,16.63,17.27,16.32,16.98,5311
CRI,20090126,16.96,17.71,16.86,17.22,4505
CRI,20090127,17.22,17.65,17.05,17.29,2109
CRI,20090128,17.52,18.42,17.47,18.09,3715
CRI,20090129,17.72,18.14,17.44,17.50,4260
CRI,20090130,17.60,17.63,16.55,16.99,4941
CRI,20090202,16.81,17.42,16.61,16.99,7497
CRI,20090203,17.01,17.21,16.57,16.90,6597
CRI,20090204,16.93,17.00,16.04,16.23,6231
CRI,20090205,16.16,16.53,16.07,16.23,8523
CRI,20090206,16.19,17.39,16.16,16.84,8078
CRI,20090209,16.82,16.90,16.47,16.60,3563
CRI,20090210,16.52,17.00,15.74,15.95,9498
CRI,20090211,15.98,16.48,15.98,16.11,5437
CRI,20090212,16.13,16.15,15.67,16.12,6447
CRI,20090213,16.21,16.28,15.66,15.70,4809
CRI,20090217,15.21,15.49,15.00,15.01,8904
CRI,20090218,15.19,15.23,14.56,14.79,9578
CRI,20090219,15.04,15.21,14.33,14.99,18235
CRI,20090220,14.78,15.10,13.86,14.19,21703
CRI,20090223,14.27,14.48,13.99,14.13,12522
CRI,20090224,14.35,14.62,14.05,14.42,14530
CRI,20090225,15.92,16.50,15.50,15.94,37504
CRI,20090226,16.31,17.33,16.17,16.28,18098
CRI,20090227,16.11,17.01,15.99,16.31,12986
CRI,20090302,16.10,16.84,16.10,16.43,11867
CRI,20090303,16.73,17.17,16.33,16.35,13889
CRI,20090304,16.58,17.11,16.18,16.54,9109
CRI,20090305,16.11,16.54,15.91,16.26,13206
CRI,20090306,16.37,16.72,15.99,16.30,7249
CRI,20090309,16.18,16.65,15.73,15.83,11054
CRI,20090310,16.03,17.07,15.90,16.50,10802
CRI,20090311,17.10,18.26,16.70,17.90,18356
CRI,20090312,17.90,18.31,17.49,18.14,15266
CRI,20090313,18.14,18.36,17.60,18.28,7979
CRI,20090316,18.49,18.49,17.88,17.95,7953
CRI,20090317,17.98,19.14,17.98,19.02,13478
CRI,20090318,18.82,19.60,18.58,19.18,13555
CRI,20090319,19.39,19.53,18.81,19.11,5354
CRI,20090320,19.20,19.54,18.58,18.66,6682
CRI,20090323,19.12,19.14,18.28,19.05,11149
CRI,20090324,18.84,19.14,18.74,18.76,10598
CRI,20090325,18.97,19.50,18.20,18.90,8590
CRI,20090326,19.11,19.29,18.82,19.08,11419
CRI,20090327,18.78,18.91,18.40,18.76,7874
CRI,20090330,18.31,18.70,17.89,18.62,6229
CRI,20090331,18.80,19.22,18.20,18.81,12139
CRI,20090401,18.53,19.39,18.33,19.08,10120
CRI,20090402,19.46,20.10,19.27,19.81,19653
CRI,20090403,19.82,20.01,19.35,19.98,6310
CRI,20090406,19.77,20.00,19.39,19.91,6514
CRI,20090407,19.68,19.99,19.37,19.57,8140
CRI,20090408,19.57,20.15,19.57,20.12,5432
CRI,20090409,20.68,21.63,20.63,21.61,9503
CRI,20090413,21.41,22.08,21.24,21.89,12109
CRI,20090414,21.53,21.53,20.81,20.99,7392
CRI,20090415,20.74,20.94,20.30,20.79,7763
CRI,20090416,20.95,21.64,20.60,21.45,5427
CRI,20090417,21.42,21.75,20.95,21.62,7934
CRI,20090420,21.20,21.39,20.72,21.17,6433
CRI,20090421,21.13,22.24,21.13,22.01,7385
CRI,20090422,21.95,22.40,21.64,21.82,10817
CRI,20090423,21.91,22.04,21.36,21.84,11158
CRI,20090424,22.00,22.78,21.92,22.46,12241
CRI,20090427,22.14,22.96,21.88,22.20,12744
CRI,20090428,22.25,23.50,21.98,23.20,13683
CRI,20090429,23.47,23.87,20.39,21.07,54348
CRI,20090430,21.20,22.32,21.01,21.38,19049
CRI,20090501,21.42,21.66,20.98,21.61,13866
CRI,20090504,21.75,23.37,21.70,23.27,19581
CRI,20090505,23.19,23.77,22.73,23.45,18016
CRI,20090506,23.60,23.76,22.82,23.13,10409
CRI,20090507,23.31,23.58,22.64,22.78,12634
CRI,20090508,23.06,23.15,22.05,22.58,9072
CRI,20090511,22.20,22.52,21.37,22.11,7907
CRI,20090512,22.20,22.21,20.64,20.82,14416
CRI,20090513,20.60,20.83,19.83,20.63,12134
CRI,20090514,20.77,21.52,20.43,20.80,10692
CRI,20090515,20.86,21.15,20.23,20.59,8794
CRI,20090518,20.77,22.02,20.77,22.01,11816
CRI,20090519,21.94,22.21,21.51,21.63,9302
CRI,20090520,21.85,22.01,21.13,21.24,10486
CRI,20090521,21.05,21.24,20.36,21.08,9597
CRI,20090522,21.13,21.43,20.52,20.93,8059
CRI,20090526,21.07,22.67,20.75,22.36,12058
CRI,20090527,22.30,22.82,21.67,21.88,8639
CRI,20090528,22.17,22.21,21.31,21.85,10119
CRI,20090529,21.99,23.75,21.88,23.65,21032
CRI,20090601,23.95,25.36,23.91,25.00,11358
CRI,20090602,25.15,25.15,24.26,24.58,9692
CRI,20090603,24.45,24.70,24.23,24.65,7021
CRI,20090604,24.71,24.71,24.02,24.68,6176
CRI,20090605,25.03,25.18,24.11,24.48,6582
CRI,20090608,24.24,24.48,23.71,24.26,7110
CRI,20090609,24.25,25.05,24.18,24.83,5342
CRI,20090610,25.06,25.21,24.00,24.39,6861
CRI,20090611,24.38,24.68,24.15,24.37,5509
CRI,20090612,24.26,24.47,23.96,24.44,3460
CRI,20090615,24.40,24.40,23.79,24.09,7991
CRI,20090616,24.00,24.68,23.15,23.21,8424
CRI,20090617,23.19,23.94,22.94,23.51,9275
CRI,20090618,23.46,23.83,23.26,23.50,5206
CRI,20090619,23.86,24.01,23.67,23.90,5962
CRI,20090622,23.62,23.82,23.30,23.63,8896
CRI,20090623,23.58,23.82,22.90,22.92,6926
CRI,20090624,23.02,23.31,22.69,22.77,4980
CRI,20090625,22.77,23.58,22.65,23.32,4436
CRI,20090626,23.26,23.80,23.02,23.57,19644
CRI,20090629,23.83,23.89,23.15,23.38,5777
CRI,20090630,23.45,24.88,23.45,24.61,13287
CRI,20090701,24.70,25.22,24.53,24.77,5287
CRI,20090702,24.34,24.48,23.07,23.18,8734
CRI,20090706,22.82,23.13,22.29,23.08,6267
CRI,20090707,22.93,23.84,22.93,23.40,4889
CRI,20090708,23.55,23.61,22.85,23.48,4545
CRI,20090709,23.73,23.73,22.66,22.70,6034
CRI,20090710,22.52,22.97,22.42,22.71,4926
CRI,20090713,22.91,23.34,22.29,23.24,5787
CRI,20090714,23.30,23.39,22.87,23.23,3895
CRI,20090715,23.58,24.64,23.41,24.53,5571
CRI,20090716,24.34,24.69,23.91,24.54,3327
CRI,20090717,24.60,24.60,24.11,24.56,3172
CRI,20090720,24.58,25.17,24.57,24.95,6366
CRI,20090721,25.15,25.31,24.26,24.72,3388
CRI,20090722,24.83,25.32,24.55,25.00,4822
CRI,20090723,24.87,26.58,24.46,26.16,7704
CRI,20090724,26.05,26.34,25.15,26.28,4999
CRI,20090727,26.17,27.02,25.85,27.01,8371
CRI,20090728,26.91,27.19,26.50,26.92,13357
CRI,20090729,27.72,28.31,26.52,27.01,22838
CRI,20090730,27.49,29.49,27.09,28.74,22960
CRI,20090731,28.08,28.96,28.08,28.34,8425
CRI,20090803,28.78,28.78,27.23,27.44,11312
CRI,20090804,27.34,27.35,26.60,26.77,8435
CRI,20090805,26.86,27.02,26.06,26.49,5218
CRI,20090806,26.65,26.74,25.58,25.82,6096
CRI,20090807,26.20,26.29,25.56,26.06,9752
CRI,20090810,25.98,26.31,25.30,25.37,7441
CRI,20090811,25.32,25.75,25.06,25.59,4015
CRI,20090812,25.45,26.63,25.33,26.28,9456
CRI,20090813,26.53,26.74,25.74,25.86,8133
CRI,20090814,25.91,26.01,24.67,24.89,9112
CRI,20090817,24.38,24.80,23.86,24.71,4653
CRI,20090818,24.86,25.74,24.71,25.68,7628
CRI,20090819,25.46,25.83,25.15,25.57,3490
CRI,20090820,25.59,26.14,25.42,26.07,5236
CRI,20090821,26.51,27.48,26.46,26.65,12821
CRI,20090824,26.78,26.90,25.47,25.68,9048
CRI,20090825,25.93,26.35,25.65,25.73,9762
CRI,20090826,25.76,25.98,25.48,25.71,7374
CRI,20090827,25.61,25.76,25.08,25.75,3255
CRI,20090828,25.83,25.92,25.31,25.54,4489
CRI,20090831,25.49,25.49,24.88,25.16,9376
CRI,20090901,25.05,25.05,24.50,24.80,8564
CRI,20090902,24.76,24.78,24.39,24.45,4435
CRI,20090903,24.49,24.82,24.38,24.74,3473
CRI,20090904,24.71,25.26,24.38,25.14,4881
CRI,20090908,25.39,25.67,25.04,25.64,5197
CRI,20090909,25.62,26.41,25.41,26.18,7033
CRI,20090910,26.08,26.26,25.82,25.95,5645
CRI,20090911,25.95,26.09,25.72,25.80,3510
CRI,20090914,25.60,25.75,25.20,25.59,6007
CRI,20090915,25.62,26.19,25.48,26.16,4573
CRI,20090916,26.20,26.20,25.56,25.94,4226
CRI,20090917,26.01,26.58,25.81,26.55,7630
CRI,20090918,26.61,26.70,26.23,26.62,5569
CRI,20090921,26.48,27.18,26.31,27.15,7118
CRI,20090922,27.24,27.64,26.99,27.04,7812
CRI,20090923,27.07,27.15,26.57,26.81,7461
CRI,20090924,26.84,26.85,26.18,26.20,4927
CRI,20090925,26.00,26.19,25.80,26.09,5738
CRI,20090928,26.18,26.41,25.93,26.31,6529
CRI,20090929,26.40,27.06,26.33,26.84,4797
CRI,20090930,26.99,27.07,26.26,26.70,6880
CRI,20091001,26.46,26.46,25.89,25.95,5388
CRI,20091002,25.70,26.26,25.52,26.11,8301
CRI,20091005,26.29,26.70,25.86,26.11,7141
CRI,20091006,26.22,26.42,25.67,25.91,10609
CRI,20091007,25.91,26.52,25.68,26.48,8203
CRI,20091008,27.47,27.95,27.23,27.85,12517
CRI,20091009,28.00,28.01,27.50,27.84,4688
CRI,20091012,27.93,28.17,27.75,28.00,5417
CRI,20091013,27.91,28.31,27.91,28.30,4618
CRI,20091014,28.61,28.82,28.35,28.81,5494
CRI,20091015,28.56,28.92,28.39,28.60,4992
CRI,20091016,28.40,28.65,28.19,28.58,6540
CRI,20091019,28.45,28.95,28.30,28.92,5262
CRI,20091020,29.00,29.00,28.25,28.58,7011
CRI,20091021,28.39,29.00,28.26,28.31,8104
CRI,20091022,28.36,29.32,28.26,29.13,4952
CRI,20091023,29.30,29.30,28.35,28.46,9901
CRI,20091026,28.56,29.16,28.28,28.44,6764
CRI,20091027,28.23,28.23,19.17,21.66,142020
CRI,20091028,21.74,23.93,21.66,23.00,59982
CRI,20091029,23.26,24.60,23.16,24.12,23120
CRI,20091030,23.90,24.08,23.32,23.60,10718
CRI,20091102,23.66,23.83,22.83,23.35,10066
CRI,20091103,22.98,23.59,22.73,23.50,15622
CRI,20091104,23.54,23.95,23.00,23.02,10346
CRI,20091105,23.24,23.78,23.11,23.68,10176
CRI,20091106,23.54,23.94,23.31,23.78,6988
CRI,20091109,24.00,24.20,23.62,24.04,13399
CRI,20091110,21.91,22.00,20.32,21.86,54983
CRI,20091111,22.23,22.96,22.23,22.78,17455
CRI,20091112,22.80,22.80,22.45,22.62,9582
CRI,20091113,22.62,22.80,22.50,22.73,5911
CRI,20091116,22.83,23.03,22.45,22.70,15093
CRI,20091117,22.56,22.60,22.01,22.13,8174
CRI,20091118,22.18,22.30,21.96,22.29,7479
CRI,20091119,22.05,22.11,21.66,21.84,11226
CRI,20091120,21.66,22.09,21.47,21.84,4955
CRI,20091123,22.15,22.49,21.78,21.84,8175
CRI,20091124,21.85,21.94,21.56,21.72,7722
CRI,20091125,21.69,21.80,21.42,21.77,7653
CRI,20091127,21.32,22.24,21.24,21.85,3208
CRI,20091130,21.86,21.96,21.45,21.75,8269
CRI,20091201,22.00,22.44,21.93,22.32,9756
CRI,20091202,22.49,23.04,22.46,22.90,10017
CRI,20091203,22.66,23.03,22.42,22.46,11813
CRI,20091204,23.06,23.18,22.30,22.77,8474
CRI,20091207,22.79,22.86,22.28,22.85,8885
CRI,20091208,22.66,22.86,22.56,22.75,7750
CRI,20091209,22.66,22.88,22.57,22.85,5653
CRI,20091210,22.91,23.62,22.91,23.33,11338
CRI,20091211,23.44,23.94,23.31,23.90,6944
CRI,20091214,23.96,24.44,23.94,24.38,7921
CRI,20091215,24.08,24.37,23.68,23.77,10250
CRI,20091216,23.77,24.77,23.44,24.51,8693
CRI,20091217,24.43,24.47,23.94,24.11,4496
CRI,20091218,24.35,24.88,24.17,24.81,14422
CRI,20091221,24.83,25.08,24.71,24.78,5931
CRI,20091222,24.72,25.06,24.43,24.99,5411
CRI,20091223,27.17,27.39,25.81,25.96,22313
CRI,20091224,25.95,26.28,25.95,26.24,1760
CRI,20091228,26.27,26.27,25.48,25.75,3571
CRI,20091229,25.83,25.99,25.49,25.83,4073
CRI,20091230,25.85,26.36,25.73,26.36,4051
CRI,20091231,26.40,26.45,26.05,26.25,4215
CRI,20100104,26.53,26.75,26.23,26.43,7412
CRI,20100105,26.34,27.34,26.18,26.72,12020
CRI,20100106,26.78,27.19,26.47,26.89,6389
CRI,20100107,26.87,27.11,26.64,26.90,7474
CRI,20100108,26.87,26.94,26.44,26.64,5453
CRI,20100111,26.80,26.83,26.28,26.41,5110
CRI,20100112,26.25,26.35,25.44,25.67,7118
CRI,20100113,25.52,26.93,25.42,26.54,9133
CRI,20100114,26.56,27.00,26.56,26.85,6610
CRI,20100115,27.39,27.39,25.51,26.06,22030
CRI,20100119,26.16,26.34,25.79,26.10,10264
CRI,20100120,25.90,26.27,25.90,26.00,15445
CRI,20100121,26.11,26.28,25.73,25.75,9583
CRI,20100122,25.83,26.45,25.46,25.51,6075
CRI,20100125,25.82,26.15,25.78,26.05,8344
CRI,20100126,26.13,26.33,25.99,26.03,3831
CRI,20100127,26.03,26.30,25.89,26.26,6261
CRI,20100128,26.40,26.40,25.69,25.83,9036
CRI,20100129,25.89,26.19,25.75,25.86,11603
CRI,20100201,26.04,26.31,25.81,26.30,7978
CRI,20100202,26.27,27.40,26.23,26.77,10058
CRI,20100203,26.77,26.90,26.60,26.79,6634
CRI,20100204,26.58,26.84,26.02,26.04,10937
CRI,20100205,26.05,26.29,25.69,26.20,5967
CRI,20100208,26.25,26.36,26.00,26.27,6873
CRI,20100209,26.60,26.99,26.31,26.90,7171
CRI,20100210,26.75,27.08,26.75,26.92,7761
CRI,20100211,26.76,27.13,26.63,27.05,5524
CRI,20100212,26.79,27.77,26.61,27.74,7353
CRI,20100216,27.89,28.04,27.46,28.04,3867
CRI,20100217,28.06,28.74,28.06,28.64,5932
CRI,20100218,28.55,28.63,28.14,28.39,4448
CRI,20100219,28.25,28.37,27.94,28.29,9110
CRI,20100222,28.29,28.56,28.07,28.50,4948
CRI,20100223,28.45,28.73,28.14,28.37,6654
CRI,20100224,28.51,28.80,28.35,28.50,11813
CRI,20100225,28.81,29.16,27.64,28.43,12089
CRI,20100226,28.34,28.75,28.20,28.66,5582
CRI,20100301,28.83,29.64,28.75,29.61,13016
CRI,20100302,29.58,29.78,29.23,29.53,8720
CRI,20100303,29.67,29.69,29.22,29.50,5315
CRI,20100304,29.50,29.59,29.19,29.25,4713
CRI,20100305,29.44,29.61,29.31,29.48,7690
CRI,20100308,29.54,29.67,29.41,29.48,2647
CRI,20100309,29.50,29.96,29.44,29.74,4329
CRI,20100310,29.78,30.41,29.70,30.35,4887
CRI,20100311,30.22,30.93,30.13,30.67,5256
CRI,20100312,30.83,31.24,30.18,30.50,5629
CRI,20100315,30.55,30.96,30.47,30.94,3001
CRI,20100316,30.96,30.96,30.38,30.69,7828
CRI,20100317,30.75,31.10,30.72,31.06,7311
CRI,20100318,31.02,31.06,30.41,30.50,4285
CRI,20100319,30.63,30.63,30.16,30.35,6539
CRI,20100322,30.15,30.76,29.95,30.57,3747
CRI,20100323,30.61,31.15,30.39,31.08,3972
CRI,20100324,31.07,31.07,30.37,30.55,4011
CRI,20100325,30.77,31.07,30.46,30.46,2477
CRI,20100326,30.49,31.00,30.49,30.74,2581
CRI,20100329,30.95,30.95,30.35,30.55,2723
CRI,20100330,30.48,30.78,30.14,30.65,2822
CRI,20100331,30.66,30.72,30.13,30.15,2603
CRI,20100401,30.32,31.23,30.29,31.14,5930
CRI,20100405,31.35,31.82,31.11,31.82,5371
CRI,20100406,31.77,32.13,31.57,32.10,8034
CRI,20100407,31.98,32.10,31.62,31.77,4768
CRI,20100408,31.76,32.02,31.60,31.87,3970
CRI,20100409,31.85,32.07,31.59,31.64,7876
CRI,20100412,31.73,31.82,31.18,31.54,5301
CRI,20100413,31.51,31.76,31.25,31.73,3738
CRI,20100414,31.78,32.99,31.78,32.71,6312
CRI,20100415,32.57,32.81,32.32,32.45,5469
CRI,20100416,32.21,32.60,32.07,32.24,5928
CRI,20100419,31.97,32.32,31.42,32.16,4682
CRI,20100420,32.16,32.18,31.57,31.62,6815
CRI,20100421,31.73,32.13,31.60,32.05,6789
CRI,20100422,31.73,33.04,31.71,33.00,6271
CRI,20100423,33.00,33.75,32.86,33.63,6886
CRI,20100426,33.69,33.97,33.01,33.02,3290
CRI,20100427,33.54,33.59,32.49,32.74,11635
CRI,20100428,33.59,34.24,32.17,32.30,19754
CRI,20100429,32.40,33.74,32.36,33.44,13993
CRI,20100430,33.56,33.87,32.21,32.22,7025
CRI,20100503,32.49,33.50,32.49,33.32,6087
CRI,20100504,32.94,32.94,32.25,32.81,7470
CRI,20100505,32.64,33.49,32.12,32.50,11392
CRI,20100506,32.27,32.65,29.49,31.05,12613
CRI,20100507,31.11,31.21,29.86,30.26,11172
CRI,20100510,31.36,31.90,31.04,31.50,7746
CRI,20100511,31.20,32.83,31.15,32.56,8196
CRI,20100512,32.84,33.49,32.65,33.44,6025
CRI,20100513,33.27,33.53,32.96,33.29,9458
CRI,20100514,33.04,33.20,32.43,32.99,10596
CRI,20100517,33.11,33.61,32.05,33.12,9286
CRI,20100518,33.46,33.59,32.39,32.43,7062
CRI,20100519,32.34,32.86,31.84,32.16,4677
CRI,20100520,31.49,31.71,30.49,30.56,7090
CRI,20100521,30.11,30.82,29.64,30.22,15860
CRI,20100524,30.11,30.42,29.66,30.00,9918
CRI,20100525,29.32,30.20,28.71,30.14,11564
CRI,20100526,30.34,30.59,29.91,30.24,5777
CRI,20100527,30.87,31.54,30.52,31.49,4894
CRI,20100528,31.41,31.57,30.45,30.56,6571
CRI,20100601,30.24,30.84,29.96,30.01,5944
CRI,20100602,30.07,30.25,29.65,30.25,7233
CRI,20100603,30.38,31.42,30.38,31.33,5931
CRI,20100604,30.58,31.20,29.92,30.11,6868
CRI,20100607,30.05,30.41,29.31,29.38,5962
CRI,20100608,29.36,29.51,28.19,29.23,9344
CRI,20100609,29.49,29.99,29.20,29.54,5785
CRI,20100610,29.94,30.68,29.65,30.45,4500
CRI,20100611,30.25,31.20,30.12,31.01,3576
CRI,20100614,31.32,31.45,30.89,30.99,4488
CRI,20100615,31.17,31.98,30.93,31.88,6158
CRI,20100616,31.44,32.13,31.23,31.49,6296
CRI,20100617,31.69,31.71,30.96,31.24,3289
CRI,20100618,31.40,31.61,31.07,31.17,4688
CRI,20100621,31.60,31.73,30.00,30.29,6399
CRI,20100622,30.24,30.42,28.52,28.66,10771
CRI,20100623,28.54,28.73,28.11,28.40,12006
CRI,20100624,28.27,28.39,27.65,27.69,10649
CRI,20100625,27.72,27.88,27.01,27.14,18025
CRI,20100628,27.14,27.69,26.82,27.23,5813
CRI,20100629,26.65,26.80,25.62,25.68,20293
CRI,20100630,25.78,26.53,25.39,26.25,15704
CRI,20100701,26.16,27.17,25.90,26.79,16031
CRI,20100702,26.84,27.04,26.56,26.70,12216
CRI,20100706,26.99,27.17,25.17,25.41,17697
CRI,20100707,25.38,26.20,25.15,26.16,8373
CRI,20100708,26.34,26.74,26.24,26.69,10463
CRI,20100709,26.68,26.99,26.51,26.98,3909
CRI,20100712,26.72,26.82,25.80,25.88,8435
CRI,20100713,26.11,26.83,25.88,26.68,8404
CRI,20100714,26.58,26.78,26.17,26.67,6548
CRI,20100715,26.59,26.64,25.89,26.20,6569
CRI,20100716,25.99,26.12,24.95,25.25,10769
CRI,20100719,25.30,25.37,24.79,25.15,11619
CRI,20100720,24.77,25.97,24.62,25.88,15824
CRI,20100721,25.89,26.03,24.94,25.06,10246
CRI,20100722,25.67,26.02,25.41,25.94,12913
CRI,20100723,25.80,26.29,25.67,26.17,10561
CRI,20100726,26.22,27.05,26.08,26.97,9679
CRI,20100727,27.09,27.16,26.41,26.49,10032
CRI,20100728,26.34,26.97,25.90,26.01,11062
CRI,20100729,23.75,24.49,23.05,23.96,69072
CRI,20100730,23.55,24.28,23.55,24.24,19991
CRI,20100802,24.61,24.86,24.44,24.73,9551
CRI,20100803,24.55,24.81,24.13,24.18,12148
CRI,20100804,24.43,24.72,24.17,24.62,12492
CRI,20100805,24.35,24.60,24.19,24.38,9816
CRI,20100806,24.12,24.40,23.93,24.15,8610
CRI,20100809,24.39,24.41,23.88,23.95,13407
CRI,20100810,23.66,23.96,23.25,23.39,12807
CRI,20100811,23.02,23.53,22.99,23.12,13355
CRI,20100812,22.87,23.89,22.82,23.65,23858
CRI,20100813,23.60,23.92,23.27,23.30,14686
CRI,20100816,23.08,23.60,22.99,23.08,10270
CRI,20100817,23.42,23.44,22.93,22.99,17357
CRI,20100818,23.03,24.07,22.96,23.77,18346
CRI,20100819,23.75,24.03,23.50,23.76,15393
CRI,20100820,23.55,24.13,23.46,24.00,8889
CRI,20100823,24.19,24.65,23.89,24.00,8241
CRI,20100824,23.72,23.81,23.37,23.56,9343
CRI,20100825,23.47,23.71,23.15,23.59,11189
CRI,20100826,23.82,23.96,23.19,23.19,7290
CRI,20100827,23.43,23.51,22.76,23.30,7978
CRI,20100830,23.10,23.37,22.62,22.66,9039
CRI,20100831,22.46,22.82,22.19,22.34,9698
CRI,20100901,22.70,23.21,22.70,23.07,8231
CRI,20100902,23.12,23.92,23.01,23.83,6478
CRI,20100903,24.05,24.62,23.82,24.10,5204
CRI,20100907,24.00,24.33,23.88,24.04,6387
CRI,20100908,24.20,24.30,23.45,23.55,10347
CRI,20100909,23.89,23.96,23.13,23.42,8268
CRI,20100910,23.43,23.65,23.14,23.33,6461
CRI,20100913,23.63,23.96,23.55,23.92,12900
CRI,20100914,24.02,24.64,23.73,24.48,9429
CRI,20100915,24.32,25.18,24.28,25.09,6591
CRI,20100916,25.01,25.19,24.68,24.92,9458
CRI,20100917,24.90,25.02,24.50,24.65,14443
CRI,20100920,24.75,24.86,24.50,24.75,10688
CRI,20100921,24.68,24.79,24.46,24.54,5943
CRI,20100922,24.54,24.64,23.97,24.24,5814
CRI,20100923,24.03,24.67,23.92,24.39,8216
CRI,20100924,24.67,25.30,24.64,25.30,5847
CRI,20100927,25.32,25.74,25.28,25.66,5422
CRI,20100928,25.91,26.81,25.77,26.76,15048
CRI,20100929,26.63,26.74,26.28,26.53,8090
CRI,20100930,26.61,26.73,26.24,26.33,5767
CRI,20101001,26.77,27.04,26.14,26.44,10835
CRI,20101004,26.37,26.49,25.71,25.81,5145
CRI,20101005,26.02,26.27,25.93,26.19,6359
CRI,20101006,26.10,26.25,25.99,25.99,5854
CRI,20101007,26.15,26.47,26.00,26.40,4176
CRI,20101008,26.50,26.88,26.12,26.66,4204
CRI,20101011,27.83,28.81,27.09,27.51,16523
CRI,20101012,27.56,28.06,27.36,28.00,5422
CRI,20101013,28.21,28.78,28.09,28.17,8659
CRI,20101014,28.23,28.30,26.88,27.03,9349
CRI,20101015,27.35,27.41,26.67,26.74,12497
CRI,20101018,26.80,26.90,26.35,26.45,9582
CRI,20101019,26.25,26.78,26.19,26.48,16400
CRI,20101020,26.63,27.03,26.18,26.34,12653
CRI,20101021,25.65,25.73,25.00,25.33,42238
CRI,20101022,25.49,26.00,25.13,25.25,15022
CRI,20101025,25.37,25.79,25.22,25.50,7843
CRI,20101026,25.38,25.89,25.25,25.46,15368
CRI,20101027,25.25,25.37,24.61,24.89,24347
CRI,20101028,23.91,25.28,23.53,24.61,35675
CRI,20101029,24.68,25.08,24.37,24.89,17247
CRI,20101101,24.96,25.52,24.88,25.10,18565
CRI,20101102,25.30,26.13,25.00,26.00,18369
CRI,20101103,25.91,26.09,25.41,25.85,18930
CRI,20101104,26.29,28.00,26.12,27.40,28541
CRI,20101105,27.48,28.12,27.33,28.05,15160
CRI,20101108,27.96,28.61,27.83,28.55,13866
CRI,20101109,30.12,30.99,29.38,29.57,36308
CRI,20101110,29.30,29.54,28.91,29.18,13748
CRI,20101111,28.93,29.72,28.91,29.30,16906
CRI,20101112,29.07,29.30,28.80,28.97,7314
CRI,20101115,29.29,29.57,29.03,29.29,9617
CRI,20101116,29.19,29.50,28.75,28.92,5654
CRI,20101117,28.88,29.58,28.88,29.43,5445
CRI,20101118,29.66,30.18,29.54,29.98,5165
CRI,20101119,29.99,30.14,29.81,30.00,4857
CRI,20101122,29.92,30.48,29.85,30.27,7421
CRI,20101123,30.12,30.95,30.04,30.72,10502
CRI,20101124,30.84,31.36,30.72,31.36,5480
CRI,20101126,31.15,31.38,31.03,31.06,1285
CRI,20101129,30.98,31.80,30.73,31.69,7589
CRI,20101130,31.37,32.33,31.21,31.66,8414
CRI,20101201,32.05,32.26,31.85,31.97,5724
CRI,20101202,32.01,32.37,31.89,32.16,4601
CRI,20101203,32.16,32.69,32.16,32.58,6373
CRI,20101206,32.39,32.50,32.04,32.33,3108
CRI,20101207,32.00,32.32,31.60,31.74,8568
CRI,20101208,31.92,32.02,31.58,31.88,6194
CRI,20101209,32.12,32.14,31.70,31.83,6348
CRI,20101210,31.90,32.03,31.60,31.71,10961
CRI,20101213,31.73,31.85,31.44,31.55,8916
CRI,20101214,31.39,31.62,31.28,31.37,4798
CRI,20101215,31.37,31.40,30.65,30.76,7703
CRI,20101216,30.99,31.09,30.74,31.03,7225
CRI,20101217,31.17,31.84,30.99,31.62,11323
CRI,20101220,31.78,32.06,31.14,31.45,5842
CRI,20101221,31.63,31.63,31.14,31.50,3270
CRI,20101222,31.33,31.39,30.23,30.49,8143
CRI,20101223,30.58,30.67,30.27,30.33,4267
CRI,20101227,30.30,30.38,29.90,30.34,3393
CRI,20101228,30.36,30.38,30.05,30.15,2376
CRI,20101229,30.19,30.20,29.84,29.86,2061
CRI,20101230,29.77,29.97,29.61,29.84,3203
CRI,20101231,29.65,29.90,29.50,29.51,2861
CRI,20110103,29.71,29.85,29.21,29.24,7367
CRI,20110104,29.30,29.40,28.27,28.67,13173
CRI,20110105,28.66,28.91,28.19,28.51,8945
CRI,20110106,28.61,28.70,28.04,28.59,7697
CRI,20110107,28.72,29.09,28.58,28.79,14258
