CTL,20090115,26.40,26.70,25.83,26.53,33924
CTL,20090116,26.91,27.41,26.74,27.16,23041
CTL,20090120,27.02,27.10,26.46,26.54,28035
CTL,20090121,26.88,27.80,26.57,27.80,27239
CTL,20090122,27.33,27.99,27.14,27.66,24655
CTL,20090123,27.09,28.39,26.91,28.26,25601
CTL,20090126,28.36,29.03,27.99,28.82,20137
CTL,20090127,28.74,29.22,28.54,28.75,17043
CTL,20090128,29.02,29.20,28.04,28.31,35951
CTL,20090129,28.28,28.28,27.22,27.31,22064
CTL,20090130,27.49,27.76,26.93,27.14,28369
CTL,20090202,26.80,27.64,26.77,27.51,21534
CTL,20090203,27.59,27.79,27.13,27.66,16946
CTL,20090204,27.73,27.86,27.10,27.25,15402
CTL,20090205,26.98,27.70,26.85,27.00,31417
CTL,20090206,27.17,27.80,27.08,27.75,19511
CTL,20090209,27.41,28.14,27.41,27.70,15742
CTL,20090210,27.55,27.98,26.62,26.78,21135
CTL,20090211,26.85,27.14,26.48,26.80,20155
CTL,20090212,26.30,26.75,26.04,26.74,21467
CTL,20090213,27.10,27.87,26.89,26.92,23845
CTL,20090217,26.53,26.53,24.84,25.13,32167
CTL,20090218,25.23,25.45,24.85,25.27,26502
CTL,20090219,25.82,26.02,25.05,25.12,33777
CTL,20090220,24.59,26.26,24.59,26.17,48469
CTL,20090223,26.16,26.55,25.57,25.67,32971
CTL,20090224,25.91,26.81,25.52,26.69,34294
CTL,20090225,26.54,27.28,25.88,26.89,28544
CTL,20090226,26.92,27.04,25.79,26.06,51061
CTL,20090227,25.75,26.83,25.57,26.33,36920
CTL,20090302,25.99,26.14,25.06,25.23,29907
CTL,20090303,25.58,25.58,23.82,23.83,43182
CTL,20090304,24.38,25.95,24.11,25.45,32001
CTL,20090305,25.15,25.45,24.72,25.15,37245
CTL,20090306,25.41,25.47,23.62,24.09,30857
CTL,20090309,24.10,24.26,23.41,23.56,23085
CTL,20090310,23.89,25.32,23.73,25.32,35954
CTL,20090311,25.55,25.86,24.86,25.22,22983
CTL,20090312,25.35,26.32,25.12,26.13,21242
CTL,20090313,25.33,25.78,24.39,25.04,26079
CTL,20090316,25.17,25.53,25.06,25.13,14169
CTL,20090317,24.91,26.38,24.91,26.37,21160
CTL,20090318,26.28,27.17,26.01,26.78,25382
CTL,20090319,26.79,26.99,26.17,26.46,14474
CTL,20090320,26.56,26.99,26.46,26.50,16521
CTL,20090323,26.93,27.30,26.46,27.29,26044
CTL,20090324,27.06,27.60,26.97,27.38,24962
CTL,20090325,27.70,28.13,27.18,27.88,23949
CTL,20090326,28.07,28.28,27.24,28.27,19367
CTL,20090327,28.01,28.49,27.67,28.29,12360
CTL,20090330,27.75,28.05,27.05,27.31,16917
CTL,20090331,27.46,28.61,27.46,28.12,22087
CTL,20090401,27.90,28.48,27.50,28.38,21597
CTL,20090402,28.49,28.99,27.71,27.83,27443
CTL,20090403,27.74,27.84,27.33,27.82,22560
CTL,20090406,27.81,28.41,27.48,28.28,17426
CTL,20090407,28.20,28.35,27.60,27.91,16520
CTL,20090408,28.06,28.16,26.64,26.91,34608
CTL,20090409,27.32,27.67,27.03,27.67,12837
CTL,20090413,27.64,27.67,26.65,27.04,17188
CTL,20090414,27.10,27.10,26.20,26.32,16901
CTL,20090415,26.19,26.48,26.10,26.48,10071
CTL,20090416,26.64,27.02,26.26,26.90,12950
CTL,20090417,27.06,27.28,26.57,26.67,16349
CTL,20090420,26.25,26.48,25.48,25.65,19209
CTL,20090421,25.32,25.88,25.32,25.84,10271
CTL,20090422,25.75,26.31,25.54,25.79,11195
CTL,20090423,25.76,25.84,25.26,25.76,14590
CTL,20090424,25.97,26.69,25.84,26.45,18853
CTL,20090427,26.25,26.82,26.00,26.38,17288
CTL,20090428,26.17,26.89,26.05,26.65,10316
CTL,20090429,26.86,27.34,26.72,26.95,17698
CTL,20090430,27.84,27.84,26.82,27.15,24447
CTL,20090501,27.18,28.18,26.95,28.11,18818
CTL,20090504,28.07,28.56,28.01,28.51,12783
CTL,20090505,28.67,28.86,28.54,28.78,22184
CTL,20090506,29.19,29.41,28.57,29.15,23240
CTL,20090507,29.41,30.36,29.18,30.20,25381
CTL,20090508,30.47,30.67,29.92,30.52,29318
CTL,20090511,30.54,31.17,30.22,30.98,24661
CTL,20090512,30.98,31.42,30.50,30.71,25115
CTL,20090513,30.40,31.18,30.22,30.87,19832
CTL,20090514,30.91,31.07,30.45,30.79,15306
CTL,20090515,30.79,30.79,30.01,30.19,16090
CTL,20090518,30.33,30.97,30.33,30.97,15309
CTL,20090519,31.04,31.17,30.60,30.63,16853
CTL,20090520,30.89,31.25,30.56,30.59,14459
CTL,20090521,30.22,30.65,29.36,29.66,22399
CTL,20090522,29.75,29.79,29.31,29.40,13138
CTL,20090526,29.60,30.58,29.41,30.46,22762
CTL,20090527,30.55,30.86,29.89,29.97,21284
CTL,20090528,30.23,30.92,29.84,30.63,17147
CTL,20090529,30.80,30.96,30.12,30.85,32125
CTL,20090601,31.22,32.04,31.07,31.29,32118
CTL,20090602,31.29,32.09,31.26,31.87,35823
CTL,20090603,31.84,31.84,31.00,31.15,32497
CTL,20090604,31.96,32.25,31.68,32.05,33288
CTL,20090605,32.26,32.40,31.61,31.69,30709
CTL,20090608,31.67,32.19,31.54,31.89,23135
CTL,20090609,32.10,32.25,31.90,32.10,21552
CTL,20090610,32.32,32.86,32.00,32.76,29787
CTL,20090611,32.82,33.62,32.50,33.21,26477
CTL,20090612,32.38,32.38,31.40,32.06,20820
CTL,20090615,31.93,32.20,31.70,32.15,23180
CTL,20090616,32.30,32.30,31.45,31.57,29842
CTL,20090617,31.48,31.78,31.37,31.52,28763
CTL,20090618,31.52,32.17,31.52,31.87,24690
CTL,20090619,32.03,32.03,31.03,31.03,33270
CTL,20090622,30.99,31.42,30.66,31.23,24360
CTL,20090623,31.34,31.75,31.07,31.49,23687
CTL,20090624,31.70,31.83,31.32,31.51,21348
CTL,20090625,31.45,32.25,31.35,32.16,31447
CTL,20090626,32.09,32.10,31.29,31.39,33433
CTL,20090629,31.45,31.91,31.39,31.77,19148
CTL,20090630,31.86,31.86,30.63,30.70,58331
CTL,20090701,31.25,31.25,30.40,30.94,36729
CTL,20090702,30.55,30.78,29.65,29.65,39104
CTL,20090706,29.66,30.19,29.30,30.06,43580
CTL,20090707,30.73,31.74,30.22,30.23,55929
CTL,20090708,30.22,30.22,29.13,29.65,50877
CTL,20090709,29.77,29.93,29.53,29.75,29970
CTL,20090710,29.70,30.08,29.01,29.20,43236
CTL,20090713,29.20,29.39,28.90,29.34,35347
CTL,20090714,29.35,29.62,28.92,29.25,38310
CTL,20090715,29.40,29.74,29.25,29.69,26008
CTL,20090716,29.70,29.92,29.25,29.83,35655
CTL,20090717,29.91,29.96,29.54,29.80,31228
CTL,20090720,29.95,30.11,29.34,29.60,38249
CTL,20090721,29.54,30.04,29.54,29.97,29540
CTL,20090722,29.92,30.03,29.60,29.72,32395
CTL,20090723,29.73,30.55,29.73,30.49,28510
CTL,20090724,30.29,30.63,30.04,30.58,21283
CTL,20090727,30.64,31.10,30.49,31.10,28064
CTL,20090728,30.90,31.33,30.72,31.24,26158
CTL,20090729,30.98,31.58,30.98,31.52,23020
CTL,20090730,31.64,32.12,31.45,31.83,24208
CTL,20090731,31.87,31.91,31.38,31.39,28281
CTL,20090803,31.49,31.84,31.12,31.47,32442
CTL,20090804,31.40,31.67,31.05,31.51,28980
CTL,20090805,31.59,31.83,31.29,31.60,29151
CTL,20090806,32.05,32.20,31.20,32.20,60095
CTL,20090807,32.20,32.48,31.73,31.92,28328
CTL,20090810,31.92,32.08,31.67,32.00,29048
CTL,20090811,31.84,32.08,31.61,31.65,26140
CTL,20090812,31.70,32.03,31.42,31.81,25168
CTL,20090813,31.93,32.00,31.46,31.80,25823
CTL,20090814,31.86,31.97,31.27,31.53,17496
CTL,20090817,31.42,31.42,30.60,30.82,25425
CTL,20090818,30.87,31.26,30.82,31.05,34031
CTL,20090819,30.80,31.05,30.47,31.01,31882
CTL,20090820,30.98,31.21,30.80,31.18,19989
CTL,20090821,31.39,31.83,31.18,31.73,18836
CTL,20090824,31.87,31.95,31.46,31.80,25554
CTL,20090825,31.98,32.61,31.82,32.20,32393
CTL,20090826,32.24,32.61,32.12,32.48,30308
CTL,20090827,32.49,32.63,32.18,32.38,20353
CTL,20090828,32.61,32.61,32.04,32.40,24167
CTL,20090831,32.32,32.72,32.12,32.23,40606
CTL,20090901,32.20,32.28,31.63,31.78,36928
CTL,20090902,31.70,32.04,31.59,31.87,27478
CTL,20090903,31.50,31.50,30.66,31.01,28705
CTL,20090904,31.03,31.18,30.70,31.18,24335
CTL,20090908,31.42,31.55,31.25,31.54,23523
CTL,20090909,31.55,31.60,31.26,31.37,19722
CTL,20090910,31.36,31.63,31.26,31.53,21268
CTL,20090911,31.53,31.59,31.26,31.51,16335
CTL,20090914,31.48,31.51,31.28,31.48,20216
CTL,20090915,31.56,31.81,31.31,31.68,18760
CTL,20090916,31.78,32.42,31.66,32.32,24202
CTL,20090917,32.32,32.70,31.73,31.75,26871
CTL,20090918,31.93,32.01,31.55,31.61,38563
CTL,20090921,31.55,31.69,31.15,31.46,28597
CTL,20090922,31.58,32.15,31.29,31.29,31984
CTL,20090923,32.49,33.23,32.00,32.57,51324
CTL,20090924,32.77,32.98,32.52,32.69,28476
CTL,20090925,32.69,33.12,32.60,32.95,35173
CTL,20090928,33.10,33.67,33.06,33.60,26657
CTL,20090929,33.69,34.00,33.44,33.78,38235
CTL,20090930,33.84,33.91,33.12,33.60,47151
CTL,20091001,33.60,33.73,33.27,33.48,30342
CTL,20091002,33.30,33.36,32.50,32.62,30244
CTL,20091005,32.81,33.41,32.67,33.40,41531
CTL,20091006,33.61,33.92,33.32,33.58,28779
CTL,20091007,33.63,33.66,32.70,32.96,19967
CTL,20091008,33.15,33.26,32.71,32.86,22215
CTL,20091009,32.86,32.96,32.42,32.58,15408
CTL,20091012,32.78,32.98,32.60,32.80,17566
CTL,20091013,32.70,33.43,32.55,33.34,24618
CTL,20091014,33.66,33.78,33.37,33.44,24924
CTL,20091015,33.37,34.00,33.20,33.98,25794
CTL,20091016,33.74,34.00,33.55,33.62,37454
CTL,20091019,34.21,34.36,33.82,34.34,24531
CTL,20091020,34.35,34.37,33.51,33.93,25291
CTL,20091021,33.88,34.23,33.53,33.56,21481
CTL,20091022,33.69,34.07,33.62,33.75,23511
CTL,20091023,33.95,33.95,33.05,33.12,22843
CTL,20091026,33.20,33.53,32.61,32.70,23982
CTL,20091027,32.71,33.03,32.52,32.62,17984
CTL,20091028,32.61,32.85,32.28,32.29,20555
CTL,20091029,32.42,33.03,32.25,32.98,21978
CTL,20091030,32.91,33.11,32.41,32.46,25219
CTL,20091102,32.56,32.93,32.27,32.74,16101
CTL,20091103,32.56,32.79,32.30,32.77,18259
CTL,20091104,32.97,33.38,32.91,33.18,22580
CTL,20091105,33.50,34.55,33.49,34.27,33609
CTL,20091106,34.09,34.66,33.75,34.54,19218
CTL,20091109,34.78,34.99,34.35,34.99,23364
CTL,20091110,34.80,35.00,34.66,34.74,63466
CTL,20091111,34.95,35.00,34.41,34.59,27300
CTL,20091112,34.49,34.81,34.06,34.21,27759
CTL,20091113,34.28,34.78,34.10,34.65,19881
CTL,20091116,34.84,34.99,34.66,34.78,23696
CTL,20091117,34.80,34.94,34.66,34.78,15526
CTL,20091118,34.83,34.94,34.52,34.65,19813
CTL,20091119,34.71,34.98,34.55,34.79,30625
CTL,20091120,34.85,35.75,34.80,35.61,45440
CTL,20091123,36.09,36.09,35.42,35.54,38086
CTL,20091124,35.64,35.80,35.31,35.67,33913
CTL,20091125,35.69,36.59,35.68,36.22,35081
CTL,20091127,35.63,36.48,35.60,36.31,17861
CTL,20091130,35.99,36.14,35.26,35.59,47021
CTL,20091201,35.86,36.09,35.70,35.95,30165
CTL,20091202,35.96,36.73,35.96,36.55,30054
CTL,20091203,36.63,36.63,36.09,36.22,32253
CTL,20091204,36.54,36.65,36.00,36.34,27670
CTL,20091207,36.41,37.16,36.36,36.70,28762
CTL,20091208,36.66,36.66,36.24,36.53,21877
CTL,20091209,36.44,36.44,35.61,35.87,31038
CTL,20091210,36.12,36.36,35.96,36.24,23823
CTL,20091211,36.30,36.93,36.14,36.82,108220
CTL,20091214,37.09,37.09,36.37,36.43,19151
CTL,20091215,36.42,36.42,35.75,35.96,29748
CTL,20091216,36.15,36.43,35.65,35.75,30413
CTL,20091217,35.63,35.71,34.90,35.15,54702
CTL,20091218,35.12,35.50,35.00,35.09,32671
CTL,20091221,35.26,35.79,35.16,35.53,16083
CTL,20091222,35.71,36.07,35.52,35.91,17525
CTL,20091223,35.97,36.14,35.75,36.11,17449
CTL,20091224,36.05,36.38,36.05,36.13,5304
CTL,20091228,36.30,36.53,36.25,36.49,11979
CTL,20091229,36.69,36.78,36.42,36.49,11080
CTL,20091230,36.30,36.61,36.14,36.54,14144
CTL,20091231,36.65,36.75,36.21,36.21,14091
CTL,20100104,36.54,37.00,36.37,36.66,20680
CTL,20100105,36.76,36.99,36.69,36.72,34501
CTL,20100106,36.54,36.54,35.22,35.28,53329
CTL,20100107,35.42,35.49,34.83,34.94,39939
CTL,20100108,34.99,34.99,34.51,34.84,22870
CTL,20100111,35.10,35.24,34.93,35.20,19767
CTL,20100112,35.10,35.43,34.98,35.11,22514
CTL,20100113,35.24,35.44,35.11,35.40,17800
CTL,20100114,35.45,35.60,35.29,35.43,17301
CTL,20100115,35.45,35.49,34.85,35.07,25958
CTL,20100119,35.16,35.48,35.02,35.44,26997
CTL,20100120,35.20,35.58,35.05,35.25,39360
CTL,20100121,35.24,35.42,34.37,34.43,31567
CTL,20100122,34.41,34.63,33.96,33.99,28418
CTL,20100125,34.18,34.96,34.02,34.77,29359
CTL,20100126,34.84,34.94,34.25,34.77,28135
CTL,20100127,34.80,34.97,34.12,34.50,37707
CTL,20100128,34.45,34.55,33.84,34.11,22953
CTL,20100129,34.29,34.44,33.91,34.01,20084
CTL,20100201,34.19,34.39,34.06,34.27,19785
CTL,20100202,34.36,34.36,34.00,34.16,29758
CTL,20100203,34.05,34.63,34.05,34.47,49313
CTL,20100204,34.25,34.49,33.63,33.63,22369
CTL,20100205,33.63,33.81,33.17,33.81,35416
CTL,20100208,34.31,35.14,34.00,34.35,30812
CTL,20100209,34.72,35.14,34.51,34.74,25893
CTL,20100210,34.84,35.21,34.68,35.01,19544
CTL,20100211,35.06,35.39,34.74,35.26,22772
CTL,20100212,34.88,34.99,34.28,34.57,39156
CTL,20100216,34.93,35.24,34.82,35.14,21612
CTL,20100217,35.27,35.34,34.92,35.10,29719
CTL,20100218,35.10,35.83,35.10,35.81,20335
CTL,20100219,35.79,35.79,35.00,35.10,33575
CTL,20100222,35.29,35.38,35.04,35.12,21286
CTL,20100223,35.14,35.40,34.90,35.07,23253
CTL,20100224,35.11,35.33,34.90,35.28,21395
CTL,20100225,34.48,34.74,34.10,34.65,42963
CTL,20100226,34.73,34.92,34.20,34.27,41557
CTL,20100301,34.29,34.69,34.25,34.68,29697
CTL,20100302,34.86,35.00,34.54,34.77,30593
CTL,20100303,34.90,34.99,34.42,34.58,40425
CTL,20100304,34.63,34.67,34.13,34.15,46981
CTL,20100305,33.68,33.70,32.98,33.38,52176
CTL,20100308,33.31,33.71,33.25,33.57,37567
CTL,20100309,33.59,34.16,33.56,34.02,32970
CTL,20100310,34.01,34.32,33.98,34.18,36800
CTL,20100311,34.23,34.75,34.23,34.73,37741
CTL,20100312,34.74,34.80,34.42,34.62,24074
CTL,20100315,34.54,34.79,34.54,34.79,27212
CTL,20100316,34.76,34.86,34.56,34.85,28911
CTL,20100317,34.90,35.21,34.87,35.07,27811
CTL,20100318,35.08,35.25,34.77,35.03,27336
CTL,20100319,34.98,35.24,34.72,34.86,26991
CTL,20100322,34.78,35.30,34.75,35.18,20222
CTL,20100323,35.28,35.40,35.04,35.34,16586
CTL,20100324,35.24,35.32,35.00,35.12,22287
CTL,20100325,35.36,35.39,34.90,34.91,24524
CTL,20100326,35.05,35.46,34.93,35.40,65411
CTL,20100329,35.49,35.53,35.19,35.52,28543
CTL,20100330,35.63,35.84,35.39,35.41,25984
CTL,20100331,35.41,35.68,35.30,35.46,24057
CTL,20100401,35.67,35.97,35.65,35.88,22840
CTL,20100405,36.00,36.24,35.94,36.20,22337
CTL,20100406,36.05,36.05,35.61,35.96,24396
CTL,20100407,36.11,36.13,35.65,35.83,28213
CTL,20100408,35.76,35.84,35.29,35.75,23775
CTL,20100409,35.69,36.04,35.50,36.02,23623
CTL,20100412,36.10,36.29,36.01,36.11,14904
CTL,20100413,36.17,36.29,35.85,36.10,18297
CTL,20100414,36.23,36.27,35.95,36.21,18313
CTL,20100415,36.22,36.47,36.07,36.34,19079
CTL,20100416,36.32,36.44,35.67,36.06,26479
CTL,20100419,36.01,36.22,35.91,36.20,15508
CTL,20100420,36.40,36.73,36.31,36.51,23825
CTL,20100421,36.37,36.47,36.00,36.20,23085
CTL,20100422,35.54,35.75,34.85,35.01,220616
CTL,20100423,35.01,35.01,33.50,34.33,145400
CTL,20100426,34.20,34.36,33.75,33.96,66691
CTL,20100427,33.80,33.91,33.55,33.67,58548
CTL,20100428,33.85,33.93,33.51,33.76,54799
CTL,20100429,33.83,34.21,33.80,34.10,48834
CTL,20100430,34.20,34.49,34.11,34.11,59490
CTL,20100503,34.30,34.62,34.25,34.50,49928
CTL,20100504,34.33,34.39,33.86,34.07,51092
CTL,20100505,34.25,34.75,34.00,34.67,54580
CTL,20100506,34.48,34.52,26.35,33.52,68075
CTL,20100507,32.14,33.64,32.11,33.03,74128
CTL,20100510,33.72,33.97,33.29,33.66,57677
CTL,20100511,33.50,33.97,33.41,33.70,49049
CTL,20100512,33.79,34.35,33.54,34.27,30853
CTL,20100513,34.27,34.57,34.00,34.25,31538
CTL,20100514,34.24,34.28,33.76,34.13,41612
CTL,20100517,34.29,34.32,33.73,34.17,33960
CTL,20100518,34.37,34.52,33.90,34.03,31778
CTL,20100519,33.75,34.01,33.62,33.85,32340
CTL,20100520,33.66,33.66,32.91,32.93,44278
CTL,20100521,32.63,33.25,32.46,33.25,39357
CTL,20100524,33.55,34.19,33.25,33.66,53826
CTL,20100525,33.30,33.61,32.95,33.58,55785
CTL,20100526,33.82,34.09,33.59,33.74,39347
CTL,20100527,34.22,34.50,34.11,34.50,24971
CTL,20100528,34.63,34.73,34.25,34.33,32896
CTL,20100601,34.28,34.78,34.16,34.16,29961
CTL,20100602,34.41,34.98,34.28,34.97,45919
CTL,20100603,35.10,35.12,34.72,34.93,55068
CTL,20100604,33.79,34.29,33.66,33.76,46659
CTL,20100607,33.76,34.06,33.42,33.42,32607
CTL,20100608,33.38,33.82,33.25,33.76,27824
CTL,20100609,33.97,34.23,33.71,33.86,35338
CTL,20100610,34.22,34.43,33.98,34.29,27111
CTL,20100611,34.16,34.46,33.98,34.41,22150
CTL,20100614,34.60,34.68,34.23,34.24,26376
CTL,20100615,34.58,34.74,34.38,34.71,26580
CTL,20100616,34.53,34.90,34.49,34.82,24177
CTL,20100617,34.86,35.02,34.55,35.02,23621
CTL,20100618,35.10,35.15,34.90,34.97,28848
CTL,20100621,35.22,35.24,34.79,34.95,20446
CTL,20100622,35.01,35.09,34.59,34.60,21762
CTL,20100623,34.66,34.82,34.37,34.47,23893
CTL,20100624,34.44,34.55,34.24,34.29,32761
CTL,20100625,34.29,34.45,33.82,33.94,57390
CTL,20100628,34.03,34.37,33.90,34.15,31036
CTL,20100629,33.90,33.96,33.60,33.73,36422
CTL,20100630,33.64,33.84,33.28,33.31,36754
CTL,20100701,33.31,33.47,32.98,33.25,52490
CTL,20100702,33.36,33.38,32.92,33.15,26551
CTL,20100706,33.30,33.59,33.14,33.40,35670
CTL,20100707,33.53,34.24,33.37,34.22,59854
CTL,20100708,34.30,34.44,34.05,34.34,38133
CTL,20100709,34.41,34.55,34.03,34.45,30070
CTL,20100712,34.24,34.54,34.24,34.43,26357
CTL,20100713,34.63,35.09,34.60,34.86,40270
CTL,20100714,34.65,35.02,34.62,35.02,26949
CTL,20100715,34.98,35.04,34.64,34.83,25783
CTL,20100716,34.75,35.01,34.48,34.58,43206
CTL,20100719,34.71,34.99,34.60,34.95,24373
CTL,20100720,34.76,35.08,34.52,35.05,31617
CTL,20100721,35.24,35.47,35.01,35.18,35001
CTL,20100722,35.40,35.76,35.37,35.54,28658
CTL,20100723,35.54,35.65,35.37,35.56,35378
CTL,20100726,35.56,35.88,35.44,35.87,29959
CTL,20100727,35.87,35.95,35.70,35.73,32470
CTL,20100728,35.69,35.78,35.52,35.60,23910
CTL,20100729,35.65,35.73,35.22,35.40,31259
CTL,20100730,35.21,35.80,35.10,35.62,22903
CTL,20100802,35.90,36.12,35.72,35.98,44004
CTL,20100803,35.93,36.09,35.81,35.87,19019
CTL,20100804,36.03,36.36,35.85,36.33,36406
CTL,20100805,36.09,36.30,35.99,36.26,37351
CTL,20100806,36.04,36.39,36.00,36.39,33338
CTL,20100809,36.50,36.50,36.28,36.35,27810
CTL,20100810,36.17,36.55,36.09,36.49,40556
CTL,20100811,36.15,36.31,36.04,36.24,44767
CTL,20100812,36.00,36.19,35.80,35.92,38297
CTL,20100813,35.99,36.24,35.93,36.05,27140
CTL,20100816,35.95,36.30,35.90,36.26,28769
CTL,20100817,36.37,36.49,36.04,36.19,39881
CTL,20100818,36.31,36.32,36.00,36.23,36545
CTL,20100819,36.19,36.19,35.86,36.05,32739
CTL,20100820,35.95,36.03,35.75,35.99,24652
CTL,20100823,36.12,36.19,35.86,35.91,27179
CTL,20100824,35.73,36.14,35.70,36.01,34649
CTL,20100825,35.96,36.05,35.79,35.97,64583
CTL,20100826,36.03,36.22,35.95,36.00,34512
CTL,20100827,36.05,36.15,35.54,36.12,42457
CTL,20100830,36.02,36.20,35.92,35.98,27138
CTL,20100831,35.99,36.21,35.91,36.16,41279
CTL,20100901,36.32,36.75,36.21,36.73,48052
CTL,20100902,36.11,36.30,35.93,36.17,35549
CTL,20100903,36.27,36.37,36.01,36.21,30503
CTL,20100907,36.17,36.33,35.97,36.00,26105
CTL,20100908,36.00,36.43,35.95,36.30,32318
CTL,20100909,36.49,36.60,36.42,36.47,20076
CTL,20100910,36.46,36.73,36.41,36.66,20325
CTL,20100913,36.79,37.02,36.68,36.92,30530
CTL,20100914,36.95,37.74,36.84,37.54,48284
CTL,20100915,37.50,38.00,37.42,37.93,34385
CTL,20100916,37.74,38.08,37.66,38.08,33022
CTL,20100917,38.46,39.03,38.21,38.79,62039
CTL,20100920,38.99,39.42,38.83,39.28,47703
CTL,20100921,39.34,39.49,38.96,39.33,31569
CTL,20100922,39.21,39.49,39.18,39.42,31862
CTL,20100923,39.25,39.26,38.65,38.75,51790
CTL,20100924,38.99,39.25,38.95,39.25,43095
CTL,20100927,39.32,39.48,38.90,39.30,31494
CTL,20100928,39.44,39.94,39.32,39.90,38123
CTL,20100929,39.93,39.93,39.54,39.62,23103
CTL,20100930,39.80,40.00,39.45,39.46,35620
CTL,20101001,39.55,39.89,39.39,39.77,23501
CTL,20101004,39.78,39.90,39.36,39.52,26924
CTL,20101005,39.84,40.29,39.62,40.09,39983
CTL,20101006,39.93,40.32,39.87,40.26,27856
CTL,20101007,40.21,40.34,39.71,40.06,36507
CTL,20101008,40.06,40.07,39.18,39.76,32657
CTL,20101011,39.76,39.79,39.59,39.76,16906
CTL,20101012,39.76,39.94,39.34,39.79,35150
CTL,20101013,39.97,40.18,39.81,39.89,30337
CTL,20101014,40.11,40.13,39.83,40.02,24738
CTL,20101015,40.20,40.42,39.74,39.88,61811
CTL,20101018,39.87,40.16,39.81,39.91,25912
CTL,20101019,39.76,39.79,39.31,39.52,58457
CTL,20101020,39.82,40.28,39.75,40.21,37545
CTL,20101021,40.43,40.78,40.30,40.47,28611
CTL,20101022,40.45,40.69,40.40,40.59,17089
CTL,20101025,40.82,41.15,40.76,40.92,30950
CTL,20101026,40.82,41.18,40.72,41.04,21800
CTL,20101027,40.91,40.99,40.54,40.88,33250
CTL,20101028,41.18,41.36,41.09,41.20,29027
CTL,20101029,41.18,41.54,41.10,41.38,49842
CTL,20101101,41.65,41.71,41.25,41.44,43326
CTL,20101102,41.69,41.83,41.46,41.83,32963
CTL,20101103,42.00,42.38,41.67,42.24,51474
CTL,20101104,42.05,43.09,41.95,43.05,53669
CTL,20101105,42.79,43.28,42.30,42.57,30481
CTL,20101108,42.43,42.45,41.95,42.43,19369
CTL,20101109,42.59,42.65,42.18,42.28,29852
CTL,20101110,42.30,43.00,42.18,42.93,27234
CTL,20101111,42.69,42.84,42.25,42.37,24107
CTL,20101112,42.18,42.34,41.88,42.08,18490
CTL,20101115,42.37,42.68,42.00,42.33,22898
CTL,20101116,42.06,42.21,41.40,41.69,31374
CTL,20101117,41.64,42.17,41.48,41.90,23220
CTL,20101118,42.31,42.64,42.22,42.57,27871
CTL,20101119,42.53,42.98,42.39,42.97,21677
CTL,20101122,42.70,42.77,42.35,42.53,28648
CTL,20101123,42.21,42.30,41.81,42.08,34406
CTL,20101124,42.38,42.73,42.24,42.66,31823
CTL,20101126,42.45,43.04,42.35,43.04,22202
CTL,20101129,42.91,42.92,42.22,42.90,34688
CTL,20101130,42.62,43.04,42.51,42.99,98056
CTL,20101201,43.50,43.91,43.14,43.91,103939
CTL,20101202,44.00,44.05,43.55,43.98,41301
CTL,20101203,43.00,43.51,42.93,43.43,53703
CTL,20101206,43.36,44.06,43.22,43.81,44729
CTL,20101207,43.97,44.18,43.53,43.74,38089
CTL,20101208,43.72,43.74,43.11,43.46,40177
CTL,20101209,43.60,44.16,43.34,44.15,31171
CTL,20101210,44.24,44.69,43.95,44.63,34522
CTL,20101213,44.85,45.35,44.65,45.22,43456
CTL,20101214,45.26,45.92,45.22,45.92,44468
CTL,20101215,45.90,46.26,45.60,45.79,55012
CTL,20101216,45.62,45.75,45.12,45.44,39544
CTL,20101217,45.37,45.52,45.12,45.13,63229
CTL,20101220,45.41,46.00,45.29,45.96,41274
CTL,20101221,46.20,46.87,46.05,46.80,46800
CTL,20101222,46.77,46.78,46.08,46.46,36809
CTL,20101223,46.48,46.65,46.00,46.28,40245
CTL,20101227,46.32,46.63,46.21,46.40,32623
CTL,20101228,46.51,46.60,46.09,46.09,28534
CTL,20101229,46.25,46.46,46.06,46.25,18560
CTL,20101230,46.18,46.44,46.10,46.36,16167
CTL,20101231,46.24,46.44,46.15,46.17,11030
CTL,20110103,46.35,46.66,46.31,46.58,32662
CTL,20110104,46.75,46.78,46.32,46.73,37272
CTL,20110105,46.45,46.70,46.29,46.39,40917
CTL,20110106,46.36,46.42,44.70,45.44,53162
CTL,20110107,45.20,45.43,44.76,44.81,39730
