CVC,20090115,17.62,18.50,16.72,17.92,41447
CVC,20090116,18.18,18.47,17.21,17.81,32095
CVC,20090120,17.61,17.75,16.20,16.31,33343
CVC,20090121,16.18,17.27,16.18,17.27,16522
CVC,20090122,17.08,17.21,16.43,16.59,24366
CVC,20090123,16.29,16.38,15.74,16.21,28266
CVC,20090126,16.67,17.05,15.60,15.94,25035
CVC,20090127,16.24,16.64,16.07,16.37,17610
CVC,20090128,16.64,17.46,16.42,17.35,31208
CVC,20090129,17.35,17.35,16.25,16.52,24570
CVC,20090130,16.68,16.95,15.83,16.03,17753
CVC,20090202,15.83,16.02,15.30,15.61,17163
CVC,20090203,15.70,16.03,14.87,15.36,26786
CVC,20090204,15.42,15.49,14.66,14.83,25413
CVC,20090205,14.57,14.97,14.25,14.69,21967
CVC,20090206,14.54,15.25,14.52,15.11,20237
CVC,20090209,15.00,15.57,14.84,15.13,22726
CVC,20090210,14.87,15.40,13.94,14.06,37165
CVC,20090211,14.13,14.47,13.63,13.91,22258
CVC,20090212,13.44,14.05,13.44,13.98,29537
CVC,20090213,13.80,14.20,13.62,13.90,26037
CVC,20090217,13.34,13.34,12.90,13.00,31335
CVC,20090218,12.89,13.23,12.09,12.28,22456
CVC,20090219,12.50,12.82,12.18,12.25,20314
CVC,20090220,12.00,12.38,11.67,12.12,23419
CVC,20090223,12.01,12.30,11.82,11.92,20031
CVC,20090224,12.01,13.07,11.89,12.91,44296
CVC,20090225,12.93,13.51,12.62,13.37,35092
CVC,20090226,13.00,14.46,12.43,13.31,44009
CVC,20090227,13.10,13.38,12.69,12.99,33136
CVC,20090302,12.73,12.73,11.86,11.93,30652
CVC,20090303,11.87,12.24,11.00,11.19,40632
CVC,20090304,11.40,11.96,11.26,11.60,32890
CVC,20090305,11.39,11.56,10.12,10.24,33855
CVC,20090306,10.23,10.77,9.96,10.35,36751
CVC,20090309,10.34,10.34,9.34,9.47,38104
CVC,20090310,9.78,11.05,9.76,11.00,42373
CVC,20090311,11.26,12.02,11.10,11.78,29708
CVC,20090312,11.60,12.62,11.46,12.48,26758
CVC,20090313,12.55,13.29,12.49,12.80,22552
CVC,20090316,13.04,13.08,12.05,12.06,18553
CVC,20090317,12.06,12.77,12.06,12.73,13452
CVC,20090318,12.50,13.41,12.42,13.10,24048
CVC,20090319,13.32,13.39,12.73,12.95,15730
CVC,20090320,12.95,13.06,12.39,12.60,17586
CVC,20090323,12.85,13.95,12.70,13.91,17746
CVC,20090324,13.79,14.16,13.65,13.67,15667
CVC,20090325,14.02,14.19,13.15,13.75,21466
CVC,20090326,13.76,14.24,13.49,14.13,40638
CVC,20090327,14.01,14.04,13.64,13.74,15031
CVC,20090330,13.28,13.60,12.47,12.67,17386
CVC,20090331,12.67,13.10,12.59,12.94,19400
CVC,20090401,12.77,13.45,12.61,13.40,13693
CVC,20090402,13.50,14.47,13.50,14.40,21995
CVC,20090403,14.17,14.83,14.01,14.71,12770
CVC,20090406,14.57,14.99,14.39,14.96,35671
CVC,20090407,14.59,14.81,14.44,14.53,21627
CVC,20090408,14.56,15.33,14.36,15.27,23215
CVC,20090409,15.47,16.74,15.46,16.58,31083
CVC,20090413,16.44,17.53,15.80,17.39,34815
CVC,20090414,17.03,17.32,16.11,16.47,30016
CVC,20090415,16.85,16.85,16.16,16.57,26644
CVC,20090416,16.71,17.20,16.45,17.07,23147
CVC,20090417,17.21,17.71,16.78,17.52,24447
CVC,20090420,17.33,17.33,15.68,15.93,23369
CVC,20090421,15.41,16.58,15.41,16.32,17686
CVC,20090422,16.06,17.00,16.06,16.42,23425
CVC,20090423,16.57,16.79,15.79,16.14,21369
CVC,20090424,16.24,16.56,15.97,16.36,12702
CVC,20090427,16.06,16.54,15.73,16.11,18619
CVC,20090428,15.72,16.11,15.67,15.73,11697
CVC,20090429,16.03,17.15,16.03,16.96,19263
CVC,20090430,17.31,18.01,17.07,17.16,21591
CVC,20090501,17.10,17.68,16.67,17.46,11140
CVC,20090504,17.37,18.21,17.37,18.17,18459
CVC,20090505,17.95,18.04,17.45,18.04,17761
CVC,20090506,18.25,18.66,17.74,18.33,31936
CVC,20090507,19.75,21.58,16.48,19.15,105339
CVC,20090508,19.17,19.65,18.80,19.46,33996
CVC,20090511,18.72,19.50,18.50,19.35,42224
CVC,20090512,19.50,19.52,18.08,18.71,26703
CVC,20090513,18.33,18.61,17.72,17.99,24616
CVC,20090514,18.09,18.26,17.63,17.86,24936
CVC,20090515,17.89,19.11,17.74,18.27,24959
CVC,20090518,18.34,19.74,18.34,19.65,26155
CVC,20090519,19.71,20.41,19.52,19.94,27842
CVC,20090520,20.00,20.49,19.79,19.88,13001
CVC,20090521,19.60,19.66,18.99,19.27,13758
CVC,20090522,19.30,19.41,19.01,19.19,10254
CVC,20090526,19.18,19.92,19.02,19.84,15908
CVC,20090527,19.71,19.84,18.93,18.95,16791
CVC,20090528,19.18,19.40,18.44,19.09,16113
CVC,20090529,19.00,19.09,18.31,19.03,30765
CVC,20090601,19.31,19.98,18.70,19.58,23127
CVC,20090602,19.36,19.65,19.21,19.56,16828
CVC,20090603,19.19,19.25,18.61,19.13,20834
CVC,20090604,19.01,19.01,18.32,18.52,29258
CVC,20090605,18.66,18.91,18.39,18.73,20332
CVC,20090608,18.52,18.96,18.15,18.74,14470
CVC,20090609,18.84,18.99,18.51,18.87,11727
CVC,20090610,18.97,19.11,17.87,18.41,15758
CVC,20090611,18.42,18.58,17.83,18.21,27259
CVC,20090612,18.20,18.92,17.87,18.91,28416
CVC,20090615,18.49,19.18,18.47,19.04,34943
CVC,20090616,18.99,19.00,18.37,18.53,18399
CVC,20090617,18.41,18.90,18.18,18.67,16226
CVC,20090618,18.61,18.73,18.17,18.53,15526
CVC,20090619,18.61,18.95,18.50,18.65,16063
CVC,20090622,18.32,18.46,17.65,17.83,22232
CVC,20090623,17.86,18.09,17.24,17.79,17978
CVC,20090624,17.79,18.33,17.67,18.04,17332
CVC,20090625,18.03,19.02,18.00,19.00,18897
CVC,20090626,18.90,19.21,18.51,18.86,16775
CVC,20090629,19.08,19.50,18.67,19.32,12235
CVC,20090630,19.54,19.57,18.74,19.41,14093
CVC,20090701,19.57,20.08,19.23,19.58,14658
CVC,20090702,19.31,19.58,18.48,18.48,13647
CVC,20090706,18.56,19.06,18.18,18.33,12476
CVC,20090707,18.32,18.39,17.52,17.62,17787
CVC,20090708,17.70,17.83,17.35,17.62,17512
CVC,20090709,17.79,17.93,17.37,17.82,17943
CVC,20090710,17.67,17.98,17.03,17.68,8637
CVC,20090713,17.68,17.85,17.17,17.84,10278
CVC,20090714,17.78,18.00,17.50,17.92,15503
CVC,20090715,18.26,18.69,18.00,18.69,13432
CVC,20090716,18.62,18.83,18.39,18.73,8501
CVC,20090717,18.63,18.75,18.37,18.69,6338
CVC,20090720,18.86,19.00,18.58,18.99,11902
CVC,20090721,19.30,19.35,18.46,18.88,10746
CVC,20090722,18.88,19.04,18.62,18.69,7570
CVC,20090723,18.76,19.26,18.42,18.96,27846
CVC,20090724,18.93,19.19,18.68,19.15,6275
CVC,20090727,19.05,19.25,18.82,19.20,6015
CVC,20090728,19.17,19.29,18.83,19.22,9045
CVC,20090729,19.27,19.33,18.78,18.93,17901
CVC,20090730,20.61,20.95,20.31,20.59,69244
CVC,20090731,20.79,20.79,20.44,20.47,32556
CVC,20090803,21.01,21.62,20.58,21.31,24569
CVC,20090804,21.04,21.49,20.84,20.95,18371
CVC,20090805,21.06,21.10,20.50,21.03,14049
CVC,20090806,21.20,21.58,20.71,20.88,9648
CVC,20090807,21.15,21.64,20.96,21.44,12556
CVC,20090810,21.34,21.50,20.74,20.86,11370
CVC,20090811,20.80,21.30,20.38,21.05,16923
CVC,20090812,21.00,21.45,20.75,21.11,14133
CVC,20090813,21.03,21.60,20.90,21.29,10042
CVC,20090814,21.33,21.38,20.70,21.10,10068
CVC,20090817,20.74,20.81,20.28,20.49,10297
CVC,20090818,20.49,20.64,20.29,20.46,6735
CVC,20090819,20.20,20.92,20.09,20.82,8294
CVC,20090820,20.84,21.06,20.71,20.93,5720
CVC,20090821,21.02,21.74,20.93,21.59,10406
CVC,20090824,21.59,21.88,21.00,21.18,7873
CVC,20090825,21.46,21.75,21.11,21.63,13280
CVC,20090826,21.53,21.64,21.28,21.50,4933
CVC,20090827,21.56,21.81,21.04,21.78,7563
CVC,20090828,21.79,22.76,21.78,22.61,23845
CVC,20090831,22.70,22.74,22.11,22.34,17232
CVC,20090901,22.25,22.97,22.05,22.37,24673
CVC,20090902,22.43,22.88,22.24,22.61,18382
CVC,20090903,22.59,22.85,22.33,22.75,8410
CVC,20090904,22.82,23.27,22.66,23.17,7670
CVC,20090908,23.40,23.98,23.34,23.87,17494
CVC,20090909,23.81,24.25,23.81,24.02,22515
CVC,20090910,24.01,24.47,23.89,24.37,20677
CVC,20090911,24.41,24.51,24.17,24.32,10927
CVC,20090914,24.74,25.00,24.40,24.60,23838
CVC,20090915,24.73,25.32,24.62,25.22,22830
CVC,20090916,25.41,25.76,25.10,25.76,14862
CVC,20090917,25.75,26.02,25.26,25.56,22863
CVC,20090918,25.76,26.07,25.02,25.08,23586
CVC,20090921,25.04,25.38,24.65,24.98,15500
CVC,20090922,25.22,25.50,24.97,25.07,15332
CVC,20090923,24.64,25.07,24.10,24.18,12575
CVC,20090924,24.08,24.38,23.50,23.72,14259
CVC,20090925,23.68,23.80,23.32,23.39,9401
CVC,20090928,23.54,24.17,23.52,24.12,6057
CVC,20090929,24.11,24.32,23.88,23.96,9632
CVC,20090930,24.08,24.10,23.44,23.75,11417
CVC,20091001,23.53,23.76,22.94,23.00,15918
CVC,20091002,22.70,22.91,22.50,22.64,9523
CVC,20091005,22.90,23.52,22.71,23.22,17073
CVC,20091006,23.47,23.88,23.34,23.44,8770
CVC,20091007,23.28,23.78,23.11,23.34,8595
CVC,20091008,23.61,24.19,23.42,24.14,17655
CVC,20091009,24.11,24.17,23.81,23.93,6153
CVC,20091012,24.09,24.12,23.54,23.75,8418
CVC,20091013,23.75,23.86,23.48,23.74,6124
CVC,20091014,23.98,24.12,23.67,24.00,10702
CVC,20091015,23.91,23.95,23.55,23.76,5715
CVC,20091016,23.58,23.65,23.33,23.50,7056
CVC,20091019,23.48,23.74,23.22,23.55,10200
CVC,20091020,24.62,24.67,23.83,23.89,17285
CVC,20091021,23.91,24.39,23.40,23.45,14096
CVC,20091022,23.44,23.90,23.33,23.90,11027
CVC,20091023,23.86,23.89,23.30,23.49,9345
CVC,20091026,23.40,24.00,22.88,23.08,12524
CVC,20091027,23.59,24.53,22.86,23.04,17405
CVC,20091028,22.84,22.91,22.19,22.34,15319
CVC,20091029,22.91,23.67,22.71,23.46,22959
CVC,20091030,23.32,23.63,22.88,22.96,17775
CVC,20091102,23.39,23.91,22.93,23.27,26383
CVC,20091103,24.62,24.83,23.55,24.02,38422
CVC,20091104,24.45,24.79,23.52,23.58,29684
CVC,20091105,23.93,24.79,23.89,24.65,16217
CVC,20091106,24.37,25.00,24.22,24.73,9658
CVC,20091109,24.96,25.48,24.85,25.48,16702
CVC,20091110,25.36,25.65,25.12,25.21,11819
CVC,20091111,25.49,25.49,24.63,24.81,14687
CVC,20091112,24.82,24.96,24.47,24.56,11274
CVC,20091113,24.60,25.23,24.17,25.10,17081
CVC,20091116,25.25,26.26,25.17,26.17,19480
CVC,20091117,26.06,26.16,25.60,26.16,11779
CVC,20091118,26.08,26.12,25.66,26.06,11358
CVC,20091119,25.77,26.11,25.48,25.82,16327
CVC,20091120,25.67,25.82,25.50,25.60,11420
CVC,20091123,25.91,26.21,25.15,25.30,17326
CVC,20091124,25.19,25.33,24.82,25.28,12963
CVC,20091125,25.39,25.70,25.22,25.56,7509
CVC,20091127,24.67,25.35,24.55,25.05,4051
CVC,20091130,24.95,25.12,24.35,25.02,12834
CVC,20091201,25.22,25.49,24.88,25.17,9694
CVC,20091202,25.06,25.35,24.69,24.81,14260
CVC,20091203,24.93,25.26,24.77,24.81,12322
CVC,20091204,25.16,25.34,24.52,24.95,22652
CVC,20091207,24.99,25.58,24.95,25.52,11097
CVC,20091208,25.22,25.77,25.14,25.57,12490
CVC,20091209,25.58,25.96,25.44,25.83,11435
CVC,20091210,25.95,26.24,25.85,26.16,11928
CVC,20091211,26.25,26.39,26.00,26.08,13294
CVC,20091214,26.18,26.30,25.90,25.98,14582
CVC,20091215,26.00,26.06,25.70,25.98,15163
CVC,20091216,26.10,26.42,25.92,25.98,20703
CVC,20091217,25.80,25.84,25.24,25.80,13364
CVC,20091218,25.87,25.88,25.20,25.84,16548
CVC,20091221,25.94,26.43,25.78,26.13,9542
CVC,20091222,26.12,26.12,25.83,25.91,6855
CVC,20091223,25.91,25.98,25.22,25.72,12775
CVC,20091224,25.71,26.26,25.71,26.10,3532
CVC,20091228,26.22,26.22,25.90,26.01,7907
CVC,20091229,26.15,26.22,26.05,26.06,5204
CVC,20091230,26.01,26.15,25.80,26.06,4875
CVC,20091231,26.07,26.21,25.82,25.82,10073
CVC,20100104,26.12,26.51,25.77,26.46,18236
CVC,20100105,26.43,26.62,26.29,26.38,15256
CVC,20100106,26.21,26.61,26.06,26.23,9141
CVC,20100107,26.25,26.63,26.01,26.48,14999
CVC,20100108,26.41,26.45,26.09,26.28,8269
CVC,20100111,26.33,26.45,26.15,26.29,6866
CVC,20100112,26.04,26.13,25.80,25.92,8585
CVC,20100113,26.31,27.40,25.12,26.87,27349
CVC,20100114,26.83,27.73,26.83,27.41,19730
CVC,20100115,27.33,27.35,26.58,26.92,11558
CVC,20100119,26.85,27.45,26.85,27.26,15368
CVC,20100120,27.03,27.20,26.64,27.01,11082
CVC,20100121,27.22,27.37,26.25,26.49,20982
CVC,20100122,26.30,26.49,25.79,25.86,38686
CVC,20100125,26.15,26.71,26.03,26.58,25925
CVC,20100126,26.50,26.54,25.93,26.09,16616
CVC,20100127,25.97,26.07,25.34,25.68,23670
CVC,20100128,25.85,26.35,25.45,26.06,25502
CVC,20100129,26.11,26.42,25.56,25.64,19119
CVC,20100201,25.87,26.48,25.81,26.38,20239
CVC,20100202,26.49,27.14,26.31,26.86,15870
CVC,20100203,26.92,27.39,26.27,26.60,14669
CVC,20100204,26.30,26.41,25.54,25.57,15127
CVC,20100205,25.56,25.86,24.73,25.24,23927
CVC,20100208,25.33,25.48,25.04,25.15,15733
CVC,20100209,25.39,26.28,25.36,26.11,22077
CVC,20100210,21.65,22.36,21.53,22.10,38605
CVC,20100211,22.36,22.68,22.13,22.45,39361
CVC,20100212,22.16,22.63,22.11,22.42,21384
CVC,20100216,22.54,22.71,22.12,22.17,30500
CVC,20100217,22.30,22.66,22.15,22.62,17847
CVC,20100218,22.51,23.11,22.46,22.73,22274
CVC,20100219,22.78,23.26,22.70,23.12,15154
CVC,20100222,23.20,23.30,22.95,23.05,12872
CVC,20100223,22.97,23.13,22.48,22.54,20184
CVC,20100224,22.61,22.99,22.46,22.83,14447
CVC,20100225,22.29,24.26,21.93,23.58,57831
CVC,20100226,23.52,24.16,23.51,24.08,21666
CVC,20100301,24.14,24.74,24.14,24.51,15700
CVC,20100302,24.71,24.71,24.14,24.32,19279
CVC,20100303,24.32,24.52,24.04,24.15,13578
CVC,20100304,24.14,24.19,23.79,24.07,14934
CVC,20100305,24.18,24.46,24.15,24.28,21568
CVC,20100308,24.09,24.29,23.89,24.00,21967
CVC,20100309,23.81,24.17,23.81,24.08,19046
CVC,20100310,24.08,24.09,23.75,24.00,12229
CVC,20100311,23.86,24.02,23.61,23.75,23992
CVC,20100312,23.88,24.12,23.71,24.09,20921
CVC,20100315,23.93,24.04,23.70,24.00,7126
CVC,20100316,24.09,24.23,23.63,23.76,16895
CVC,20100317,23.90,24.00,23.61,23.88,12565
CVC,20100318,23.75,23.89,23.58,23.76,8767
CVC,20100319,23.82,23.87,23.37,23.44,7963
CVC,20100322,23.26,23.64,23.08,23.53,12720
CVC,20100323,23.53,23.53,23.15,23.49,12772
CVC,20100324,23.32,23.84,23.24,23.77,11027
CVC,20100325,23.86,24.26,23.61,23.67,13038
CVC,20100326,23.68,23.86,23.44,23.73,9534
CVC,20100329,23.76,24.00,23.63,23.96,7217
CVC,20100330,23.83,24.21,23.83,23.95,17541
CVC,20100331,23.82,24.37,23.75,24.14,21979
CVC,20100401,24.25,24.82,24.20,24.52,25370
CVC,20100405,24.51,25.19,23.35,25.05,15899
CVC,20100406,25.11,25.28,24.89,25.28,12253
CVC,20100407,25.29,25.31,24.73,24.91,11068
CVC,20100408,24.85,25.24,24.72,25.24,9914
CVC,20100409,25.23,25.86,24.99,25.70,16305
CVC,20100412,25.52,26.26,25.52,25.92,17486
CVC,20100413,25.86,26.07,25.78,26.04,11086
CVC,20100414,25.33,26.32,25.33,26.14,16255
CVC,20100415,26.10,26.56,26.07,26.25,12486
CVC,20100416,26.05,26.24,25.50,25.71,11500
CVC,20100419,25.55,25.96,25.24,25.53,15882
CVC,20100420,25.70,25.88,25.58,25.71,10027
CVC,20100421,25.76,26.08,25.74,25.96,9072
CVC,20100422,25.74,26.23,25.61,26.16,12973
CVC,20100423,26.24,26.32,25.88,26.26,8947
CVC,20100426,26.16,27.05,26.15,26.90,18722
CVC,20100427,26.83,26.83,26.17,26.32,22251
CVC,20100428,26.62,26.88,26.07,26.45,29154
CVC,20100429,26.56,27.49,26.56,27.45,19269
CVC,20100430,27.48,27.59,27.27,27.44,15838
CVC,20100503,27.48,27.79,27.39,27.78,17155
CVC,20100504,27.37,27.51,27.04,27.22,26776
CVC,20100505,26.99,27.32,26.50,26.81,37035
CVC,20100506,26.26,26.36,23.74,24.91,117958
CVC,20100507,24.85,25.48,23.88,24.64,62034
CVC,20100510,25.88,25.88,23.87,24.05,76101
CVC,20100511,23.81,25.05,23.65,24.51,44868
CVC,20100512,24.51,25.17,24.26,25.15,29746
CVC,20100513,24.97,25.41,24.66,24.66,20295
CVC,20100514,24.52,24.68,24.13,24.39,21569
CVC,20100517,24.41,24.84,24.19,24.68,11166
CVC,20100518,24.99,24.99,23.93,24.06,15227
CVC,20100519,24.00,24.27,23.17,23.76,19542
CVC,20100520,23.40,23.40,22.22,22.22,36829
CVC,20100521,21.67,23.22,21.67,23.20,34776
CVC,20100524,22.95,23.55,22.85,22.85,17431
CVC,20100525,22.43,24.03,22.29,23.90,36876
CVC,20100526,24.12,24.86,24.02,24.38,33490
CVC,20100527,24.83,25.05,24.65,25.05,18992
CVC,20100528,24.99,25.03,24.24,24.81,18550
CVC,20100601,24.62,25.09,24.36,24.37,15369
CVC,20100602,24.48,25.35,24.41,25.08,19902
CVC,20100603,25.21,25.66,25.00,25.44,14519
CVC,20100604,24.72,25.38,24.64,24.80,20402
CVC,20100607,24.91,24.91,23.53,23.62,29753
CVC,20100608,23.70,24.00,23.03,23.47,22303
CVC,20100609,23.36,23.40,22.02,22.15,88864
CVC,20100610,22.69,23.47,22.39,23.37,62295
CVC,20100611,22.94,23.51,22.76,23.40,28838
CVC,20100614,22.70,25.61,22.54,24.57,112640
CVC,20100615,24.60,25.30,24.58,25.15,30867
CVC,20100616,25.00,25.37,24.98,25.23,27779
CVC,20100617,25.38,25.43,25.10,25.38,17312
CVC,20100618,25.50,25.66,25.10,25.21,20200
CVC,20100621,25.48,25.64,24.91,25.06,21260
CVC,20100622,25.20,25.32,24.55,24.64,18664
CVC,20100623,24.73,24.84,24.23,24.44,13965
CVC,20100624,24.19,24.69,23.89,24.21,19511
CVC,20100625,24.22,24.25,23.69,24.09,25179
CVC,20100628,24.28,24.60,24.00,24.33,28359
CVC,20100629,24.20,24.37,23.60,23.85,39941
CVC,20100630,23.85,24.32,23.73,24.01,39347
CVC,20100701,23.96,24.35,23.53,24.23,24974
CVC,20100702,24.26,24.57,23.72,23.93,13399
CVC,20100706,24.27,24.42,23.61,23.89,25386
CVC,20100707,23.88,24.83,23.86,24.82,12877
CVC,20100708,24.99,25.21,24.58,25.10,14906
CVC,20100709,25.30,25.72,25.02,25.34,14092
CVC,20100712,25.33,25.74,25.23,25.53,13280
CVC,20100713,25.74,26.48,25.66,26.30,27516
CVC,20100714,26.09,26.30,25.65,25.81,17781
CVC,20100715,25.97,26.17,25.61,26.13,21695
CVC,20100716,26.06,26.10,25.28,25.48,18841
CVC,20100719,25.65,26.11,25.42,25.65,12982
CVC,20100720,25.35,25.55,25.18,25.48,25515
CVC,20100721,25.62,25.66,24.65,24.86,35017
CVC,20100722,25.24,25.59,25.20,25.50,26109
CVC,20100723,25.48,26.04,25.36,26.01,17460
CVC,20100726,25.92,26.47,25.88,26.47,15120
CVC,20100727,26.71,26.74,26.04,26.26,19309
CVC,20100728,26.20,26.82,26.07,26.70,22678
CVC,20100729,26.93,27.31,26.37,26.79,21818
CVC,20100730,26.74,27.61,26.55,27.41,31936
CVC,20100802,27.95,28.04,27.58,27.92,20742
CVC,20100803,27.57,27.86,27.10,27.54,13016
CVC,20100804,27.64,27.91,27.29,27.54,16286
CVC,20100805,27.07,28.01,27.01,27.44,32598
CVC,20100806,27.18,27.20,26.03,26.74,30584
CVC,20100809,26.66,27.31,26.60,27.20,13390
CVC,20100810,26.88,27.30,26.76,27.16,16506
CVC,20100811,26.75,26.75,26.14,26.25,12191
CVC,20100812,25.90,25.94,25.65,25.82,14214
CVC,20100813,25.63,25.80,25.54,25.56,14532
CVC,20100816,25.55,25.93,25.44,25.78,15252
CVC,20100817,25.94,26.02,25.70,25.80,18076
CVC,20100818,25.82,26.35,25.57,26.16,12161
CVC,20100819,25.85,26.08,25.27,25.53,21288
CVC,20100820,25.35,25.45,24.79,25.39,15805
CVC,20100823,25.47,25.63,24.77,24.96,12683
CVC,20100824,24.71,24.75,24.31,24.32,13531
CVC,20100825,24.12,25.35,24.05,25.10,28880
CVC,20100826,25.28,25.65,25.18,25.34,21123
CVC,20100827,25.49,25.53,25.02,25.36,10861
CVC,20100830,25.24,25.44,24.91,24.97,16593
CVC,20100831,24.79,25.29,24.66,25.09,17493
CVC,20100901,25.85,26.60,25.59,26.11,22906
CVC,20100902,26.14,26.57,26.02,26.57,9465
CVC,20100903,26.89,27.19,26.35,26.60,10075
CVC,20100907,26.30,26.45,26.02,26.26,7176
CVC,20100908,26.38,27.02,26.26,26.60,17001
CVC,20100909,26.82,26.96,26.66,26.70,10118
CVC,20100910,26.84,27.02,26.69,26.91,9234
CVC,20100913,27.11,27.67,27.03,27.49,14868
CVC,20100914,27.50,27.51,26.90,27.10,12220
CVC,20100915,26.91,27.36,26.80,27.00,18597
CVC,20100916,26.88,26.98,26.21,26.46,19110
CVC,20100917,26.65,26.78,26.01,26.08,20957
CVC,20100920,26.08,26.50,25.97,26.36,16454
CVC,20100921,26.27,26.38,25.85,25.98,16387
CVC,20100922,25.95,26.05,25.30,25.41,15272
CVC,20100923,25.17,25.55,25.12,25.29,9066
CVC,20100924,25.72,25.99,25.61,25.80,9012
CVC,20100927,25.67,25.92,25.31,25.78,10612
CVC,20100928,25.99,26.33,25.61,26.17,17981
CVC,20100929,26.16,26.27,25.81,25.96,12976
CVC,20100930,26.10,26.25,25.81,26.19,11091
CVC,20101001,26.34,26.40,26.08,26.34,10652
CVC,20101004,26.11,26.58,26.10,26.32,12361
CVC,20101005,26.68,26.96,26.57,26.85,19770
CVC,20101006,26.85,26.95,26.45,26.48,14271
CVC,20101007,26.58,26.65,26.03,26.32,16134
CVC,20101008,26.23,26.35,25.98,26.17,22742
CVC,20101011,26.24,26.47,26.11,26.42,10960
CVC,20101012,26.46,26.86,26.33,26.78,16893
CVC,20101013,26.99,26.99,26.66,26.78,11640
CVC,20101014,26.78,26.87,26.29,26.52,10736
CVC,20101015,26.68,26.87,26.42,26.66,17886
CVC,20101018,26.57,26.74,26.17,26.67,17263
CVC,20101019,26.57,26.66,25.87,26.03,29732
CVC,20101020,26.21,26.58,26.01,26.36,10859
CVC,20101021,26.40,26.60,26.05,26.28,9336
CVC,20101022,26.63,26.69,26.08,26.49,19222
CVC,20101025,26.69,26.88,26.41,26.43,13579
CVC,20101026,26.22,26.54,26.03,26.48,10392
CVC,20101027,26.15,27.08,26.10,27.00,25767
CVC,20101028,27.11,27.19,26.52,26.67,18324
CVC,20101029,26.75,26.93,26.53,26.74,10262
CVC,20101101,26.91,27.42,26.77,27.19,13718
CVC,20101102,27.45,27.69,27.21,27.30,13016
CVC,20101103,27.33,27.75,27.29,27.64,14514
CVC,20101104,26.50,28.78,26.07,28.36,53794
CVC,20101105,28.48,28.85,28.37,28.70,23910
CVC,20101108,28.70,29.43,28.51,29.32,33450
CVC,20101109,29.30,29.54,29.10,29.33,23209
CVC,20101110,29.27,30.08,28.92,30.03,32262
CVC,20101111,29.68,29.94,29.27,29.50,21802
CVC,20101112,29.21,29.72,28.97,29.03,15150
CVC,20101115,29.26,29.30,28.91,28.91,11122
CVC,20101116,28.75,28.93,28.57,28.85,25792
CVC,20101117,28.84,29.12,28.72,28.93,12393
CVC,20101118,31.50,32.09,30.85,30.91,60381
CVC,20101119,30.75,31.25,30.55,31.22,20655
CVC,20101122,30.98,31.69,30.51,30.91,28049
CVC,20101123,30.60,30.94,30.49,30.87,21541
CVC,20101124,31.13,31.81,31.06,31.45,19266
CVC,20101126,31.10,31.58,31.07,31.32,4942
CVC,20101129,31.13,31.50,31.09,31.43,21371
CVC,20101130,31.13,31.95,31.12,31.67,27947
CVC,20101201,32.17,32.38,31.99,32.17,30466
CVC,20101202,32.36,32.50,31.72,31.87,37737
CVC,20101203,31.91,32.75,31.82,32.60,23896
CVC,20101206,32.53,33.22,32.39,32.94,14065
CVC,20101207,33.33,33.85,33.04,33.23,30918
CVC,20101208,33.31,33.61,33.18,33.30,16919
CVC,20101209,33.64,33.70,33.22,33.36,9334
CVC,20101210,34.80,34.94,34.15,34.72,133690
CVC,20101213,35.05,35.16,34.54,34.59,48099
CVC,20101214,34.79,35.02,34.43,34.70,46232
CVC,20101215,34.70,35.01,34.34,34.69,35021
CVC,20101216,34.58,34.98,34.02,34.72,70335
CVC,20101217,35.50,36.10,34.20,34.22,372478
CVC,20101220,34.31,34.55,34.08,34.29,44038
CVC,20101221,34.82,34.91,34.51,34.63,29351
CVC,20101222,34.56,34.76,34.08,34.24,46515
CVC,20101223,34.11,34.24,33.52,33.78,33139
CVC,20101227,33.73,33.80,33.37,33.57,31650
CVC,20101228,33.60,33.97,33.58,33.79,24204
CVC,20101229,33.93,34.10,33.64,33.91,17404
CVC,20101230,33.77,34.29,33.66,34.09,18491
CVC,20101231,34.09,34.13,33.61,33.84,18480
CVC,20110103,34.09,34.29,33.89,33.91,23755
CVC,20110104,34.03,34.56,33.91,34.50,31196
CVC,20110105,34.36,35.21,34.21,35.18,22097
CVC,20110106,34.99,35.29,34.37,34.82,20593
CVC,20110107,34.71,35.05,34.09,34.64,21907
