DAL,20090115,10.43,11.60,10.15,10.97,142264
DAL,20090116,11.02,11.65,10.82,11.36,98044
DAL,20090120,11.40,11.86,10.98,11.04,119275
DAL,20090121,11.28,11.50,9.04,10.10,216669
DAL,20090122,10.00,10.73,9.76,10.58,141280
DAL,20090123,10.10,10.83,9.93,10.26,93949
DAL,20090126,10.60,10.60,9.75,9.93,74551
DAL,20090127,9.25,9.36,7.50,7.93,327697
DAL,20090128,8.34,8.84,8.21,8.74,131038
DAL,20090129,8.60,8.97,7.86,8.02,127492
DAL,20090130,8.16,8.27,6.74,6.90,246564
DAL,20090202,7.09,7.15,6.64,7.07,160421
DAL,20090203,7.25,7.26,6.65,6.90,126491
DAL,20090204,7.00,7.12,6.50,6.51,117127
DAL,20090205,6.51,7.00,6.06,6.53,169503
DAL,20090206,6.76,7.67,6.67,7.34,195509
DAL,20090209,7.43,7.50,7.16,7.30,77657
DAL,20090210,7.13,7.50,6.80,6.84,122809
DAL,20090211,7.02,7.02,6.16,6.47,158732
DAL,20090212,6.64,6.99,6.52,6.97,95646
DAL,20090213,7.07,7.24,6.72,7.11,109529
DAL,20090217,6.81,6.83,6.33,6.35,99542
DAL,20090218,6.35,6.46,5.43,5.71,214402
DAL,20090219,5.89,6.10,5.66,5.73,113943
DAL,20090220,5.70,5.74,4.86,5.56,195681
DAL,20090223,5.82,6.28,5.61,5.71,163862
DAL,20090224,5.98,6.04,5.52,5.95,106711
DAL,20090225,6.01,6.01,5.45,5.71,106023
DAL,20090226,5.85,6.00,5.38,5.69,131721
DAL,20090227,5.50,5.50,4.95,5.03,286060
DAL,20090302,4.85,4.95,4.53,4.59,118106
DAL,20090303,4.62,4.76,3.95,4.26,218762
DAL,20090304,4.40,4.99,4.32,4.46,158511
DAL,20090305,4.27,4.35,3.85,3.93,152767
DAL,20090306,3.97,4.06,3.51,4.06,191354
DAL,20090309,3.90,4.47,3.81,4.19,106575
DAL,20090310,4.40,4.75,4.13,4.74,225143
DAL,20090311,4.76,5.12,4.71,4.80,128739
DAL,20090312,4.81,5.50,4.52,5.33,115570
DAL,20090313,5.44,6.10,5.43,5.82,145778
DAL,20090316,6.06,6.26,5.47,5.54,133754
DAL,20090317,5.65,6.19,5.49,6.15,92722
DAL,20090318,5.97,6.35,5.62,6.07,140775
DAL,20090319,6.02,6.07,5.29,5.37,139946
DAL,20090320,5.40,5.55,4.85,5.02,126082
DAL,20090323,5.20,5.45,4.90,5.44,134539
DAL,20090324,5.26,5.66,5.04,5.45,111196
DAL,20090325,5.58,5.99,5.37,5.68,125489
DAL,20090326,5.80,6.45,5.72,6.28,132783
DAL,20090327,6.23,6.39,5.96,6.04,115686
DAL,20090330,5.87,5.87,5.29,5.40,103060
DAL,20090331,5.58,5.85,5.40,5.63,107038
DAL,20090401,5.52,5.95,5.36,5.91,108953
DAL,20090402,6.01,6.63,5.97,6.45,140536
DAL,20090403,6.54,6.78,6.30,6.64,100762
DAL,20090406,6.50,7.16,6.50,6.94,143061
DAL,20090407,6.83,6.99,6.50,6.66,93104
DAL,20090408,6.72,7.00,6.72,6.91,88767
DAL,20090409,7.18,7.44,7.08,7.39,139800
DAL,20090413,7.27,7.54,7.16,7.51,108279
DAL,20090414,7.44,7.48,6.83,7.00,120963
DAL,20090415,6.87,7.48,6.60,7.28,222061
DAL,20090416,7.41,7.46,7.04,7.28,136522
DAL,20090417,7.22,7.41,7.15,7.32,71331
DAL,20090420,7.19,7.25,6.73,6.81,106257
DAL,20090421,6.92,8.15,6.80,8.11,191127
DAL,20090422,7.88,8.24,7.40,7.65,172751
DAL,20090423,7.80,8.27,7.68,8.00,163031
DAL,20090424,8.13,8.13,7.83,7.88,89957
DAL,20090427,6.82,7.00,6.15,6.75,316815
DAL,20090428,6.35,6.95,5.98,6.08,318119
DAL,20090429,6.36,6.50,6.15,6.22,268679
DAL,20090430,6.46,6.47,6.10,6.17,190779
DAL,20090501,6.28,6.55,6.25,6.42,116605
DAL,20090504,6.72,7.15,6.67,7.02,200476
DAL,20090505,7.15,7.55,7.03,7.53,205793
DAL,20090506,7.70,7.88,7.19,7.33,129017
DAL,20090507,7.51,7.51,6.74,6.98,130037
DAL,20090508,7.09,7.17,6.69,6.96,94516
DAL,20090511,6.77,7.14,6.63,6.91,80792
DAL,20090512,6.94,7.06,6.46,6.63,93875
DAL,20090513,6.41,6.58,6.28,6.34,93314
DAL,20090514,6.30,6.78,6.14,6.37,147947
DAL,20090515,6.32,6.59,6.23,6.33,119003
DAL,20090518,6.47,6.78,6.31,6.78,73767
DAL,20090519,6.80,6.90,6.59,6.60,74954
DAL,20090520,6.92,6.96,6.42,6.47,98097
DAL,20090521,6.30,6.59,6.30,6.46,82567
DAL,20090522,6.38,6.53,6.14,6.22,93879
DAL,20090526,6.19,6.37,6.15,6.25,102117
DAL,20090527,6.28,6.36,5.48,5.56,279274
DAL,20090528,5.67,5.67,5.40,5.50,234628
DAL,20090529,5.50,5.81,5.43,5.81,403951
DAL,20090601,6.09,6.47,5.96,6.43,164002
DAL,20090602,6.63,7.09,6.50,6.88,159172
DAL,20090603,6.81,7.24,6.64,7.21,193733
DAL,20090604,7.14,7.20,6.91,7.14,137819
DAL,20090605,7.20,7.25,6.85,7.02,98045
DAL,20090608,6.78,6.94,6.59,6.72,83525
DAL,20090609,6.85,6.91,6.68,6.90,58672
DAL,20090610,6.84,6.90,6.38,6.55,163964
DAL,20090611,6.46,6.77,6.25,6.68,116983
DAL,20090612,6.68,6.74,6.37,6.40,117210
DAL,20090615,6.20,6.30,6.03,6.10,111494
DAL,20090616,6.25,6.45,6.00,6.16,103717
DAL,20090617,6.15,6.38,5.93,6.18,130294
DAL,20090618,6.28,6.28,5.90,5.98,70388
DAL,20090619,6.02,6.09,5.92,6.07,81335
DAL,20090622,6.01,6.05,5.59,5.65,73590
DAL,20090623,5.67,5.83,5.31,5.40,194123
DAL,20090624,5.50,5.66,5.40,5.53,127067
DAL,20090625,5.60,6.05,5.50,6.03,149315
DAL,20090626,6.02,6.09,5.64,5.70,210074
DAL,20090629,5.75,5.90,5.65,5.79,76981
DAL,20090630,5.80,5.84,5.57,5.79,112555
DAL,20090701,5.82,6.14,5.81,5.85,113597
DAL,20090702,5.95,6.00,5.85,5.88,125374
DAL,20090706,5.91,6.02,5.69,5.73,96790
DAL,20090707,5.69,5.77,5.59,5.71,74727
DAL,20090708,5.78,5.90,5.56,5.68,95139
DAL,20090709,5.87,5.87,5.62,5.75,67705
DAL,20090710,5.74,5.95,5.62,5.90,70307
DAL,20090713,5.99,6.05,5.70,5.97,115366
DAL,20090714,5.86,6.05,5.84,5.98,85524
DAL,20090715,6.10,6.26,5.95,6.16,154186
DAL,20090716,6.12,6.23,6.02,6.12,78251
DAL,20090717,6.14,6.21,6.01,6.08,66141
DAL,20090720,6.01,6.44,6.00,6.27,130490
DAL,20090721,6.35,6.37,5.71,6.06,127034
DAL,20090722,6.00,6.22,5.77,5.77,140660
DAL,20090723,5.87,6.10,5.58,6.06,198038
DAL,20090724,5.96,6.27,5.88,6.20,108419
DAL,20090727,6.14,6.43,6.14,6.20,97316
DAL,20090728,6.20,6.55,6.16,6.50,109107
DAL,20090729,6.42,6.85,6.35,6.83,144530
DAL,20090730,6.80,6.95,6.69,6.86,100675
DAL,20090731,6.85,6.95,6.79,6.93,69545
DAL,20090803,7.04,7.04,6.78,6.98,104445
DAL,20090804,6.89,7.40,6.85,7.17,156803
DAL,20090805,7.20,7.36,6.95,7.32,161998
DAL,20090806,7.23,7.40,7.20,7.29,113415
DAL,20090807,7.35,7.79,7.08,7.41,171838
DAL,20090810,7.42,7.42,7.00,7.08,130061
DAL,20090811,7.00,7.06,6.82,7.02,79729
DAL,20090812,6.90,7.34,6.83,7.20,90533
DAL,20090813,7.25,7.29,7.11,7.20,72751
DAL,20090814,7.14,7.19,6.93,7.02,63559
DAL,20090817,6.76,6.83,6.55,6.60,61535
DAL,20090818,6.72,6.79,6.65,6.75,47082
DAL,20090819,6.66,6.79,6.57,6.60,46759
DAL,20090820,6.65,6.97,6.65,6.80,57000
DAL,20090821,6.83,7.13,6.83,7.13,81203
DAL,20090824,7.14,7.50,7.02,7.09,105711
DAL,20090825,7.15,7.41,7.13,7.37,110417
DAL,20090826,7.37,7.69,7.27,7.46,122842
DAL,20090827,7.48,7.50,7.25,7.49,104303
DAL,20090828,7.51,7.64,7.30,7.34,72479
DAL,20090831,7.16,7.29,7.08,7.22,82866
DAL,20090901,7.12,7.22,6.75,6.90,160758
DAL,20090902,6.81,6.98,6.74,6.84,94986
DAL,20090903,6.88,7.27,6.86,7.16,103173
DAL,20090904,7.11,7.46,7.11,7.39,85225
DAL,20090908,7.40,7.50,7.25,7.30,85097
DAL,20090909,7.27,7.50,7.17,7.33,90997
DAL,20090910,7.59,8.25,7.59,8.10,304264
DAL,20090911,8.11,8.52,7.98,8.06,158093
DAL,20090914,8.09,8.73,7.94,8.60,195679
DAL,20090915,8.63,9.38,8.63,9.15,279042
DAL,20090916,9.31,9.84,9.02,9.45,235189
DAL,20090917,9.66,9.78,8.94,9.16,203300
DAL,20090918,9.14,9.23,8.66,8.96,146010
DAL,20090921,8.75,9.70,8.71,9.65,170466
DAL,20090922,9.58,9.88,9.35,9.50,146708
DAL,20090923,9.57,9.57,8.85,9.09,137315
DAL,20090924,9.10,9.24,8.90,8.92,105808
DAL,20090925,9.04,9.34,8.98,9.05,119325
DAL,20090928,9.18,9.24,8.97,9.00,112783
DAL,20090929,9.14,9.30,9.06,9.20,113115
DAL,20090930,9.18,9.28,8.90,8.96,131428
DAL,20091001,8.95,8.95,8.09,8.14,139700
DAL,20091002,7.97,8.49,7.90,8.32,146775
DAL,20091005,8.36,8.69,8.32,8.44,98403
DAL,20091006,8.65,8.81,8.31,8.45,93473
DAL,20091007,8.49,8.53,8.26,8.28,72742
DAL,20091008,8.35,8.83,8.35,8.62,105336
DAL,20091009,8.64,8.85,8.52,8.67,60436
DAL,20091012,8.74,8.94,8.57,8.90,99392
DAL,20091013,8.90,8.98,8.73,8.90,86863
DAL,20091014,9.02,9.15,8.98,9.05,90479
DAL,20091015,9.00,9.19,8.88,9.07,166665
DAL,20091016,8.99,9.11,8.95,9.03,90349
DAL,20091019,8.95,9.05,8.82,8.99,147381
DAL,20091020,9.04,9.16,8.97,9.02,109969
DAL,20091021,9.02,9.20,8.22,8.33,298092
DAL,20091022,8.59,8.66,7.73,8.32,233800
DAL,20091023,8.38,8.38,8.09,8.24,114247
DAL,20091026,8.24,8.42,7.76,7.79,150433
DAL,20091027,7.94,7.94,7.56,7.64,121679
DAL,20091028,7.74,7.74,7.17,7.19,149512
DAL,20091029,7.32,7.62,7.27,7.36,93424
DAL,20091030,7.25,7.46,6.92,7.14,102403
DAL,20091102,7.14,7.30,6.78,6.95,115879
DAL,20091103,6.95,7.34,6.93,7.22,130550
DAL,20091104,7.32,7.69,7.15,7.16,99288
DAL,20091105,7.21,7.38,7.09,7.33,65580
DAL,20091106,7.29,7.95,7.29,7.79,93126
DAL,20091109,7.92,8.02,7.73,7.89,86238
DAL,20091110,7.90,7.90,7.68,7.73,65285
DAL,20091111,7.84,8.01,7.79,7.93,80153
DAL,20091112,7.90,8.16,7.79,7.80,81893
DAL,20091113,7.89,7.99,7.78,7.80,55026
DAL,20091116,7.91,8.13,7.88,7.99,85632
DAL,20091117,8.08,8.08,7.84,7.90,40529
DAL,20091118,7.94,7.98,7.67,7.76,52194
DAL,20091119,7.66,7.68,7.40,7.59,60596
DAL,20091120,7.58,7.69,7.46,7.62,76658
DAL,20091123,7.71,7.81,7.62,7.73,90515
DAL,20091124,7.70,7.81,7.50,7.66,85916
DAL,20091125,7.74,7.90,7.65,7.89,64421
DAL,20091127,7.66,7.93,7.49,7.91,31483
DAL,20091130,7.87,8.19,7.82,8.19,94502
DAL,20091201,8.31,8.65,8.20,8.62,122524
DAL,20091202,8.70,9.30,8.70,9.29,181605
DAL,20091203,9.25,9.38,9.02,9.38,110877
DAL,20091204,9.50,9.99,9.40,9.94,214202
DAL,20091207,9.66,10.32,9.43,10.16,204513
DAL,20091208,10.01,10.27,9.84,9.88,153747
DAL,20091209,9.84,10.00,9.64,9.87,91941
DAL,20091210,9.88,10.02,9.78,9.88,86323
DAL,20091211,9.93,11.45,9.93,11.25,433452
DAL,20091214,11.51,11.70,10.89,11.09,211464
DAL,20091215,10.75,11.14,10.61,10.95,146725
DAL,20091216,11.04,11.67,10.90,11.65,149429
DAL,20091217,11.54,11.99,11.38,11.60,122345
DAL,20091218,11.58,11.66,10.89,11.66,207014
DAL,20091221,11.20,11.66,11.20,11.39,132731
DAL,20091222,11.50,12.08,11.50,11.79,176579
DAL,20091223,11.76,11.96,11.45,11.81,87288
DAL,20091224,11.86,11.93,11.62,11.77,34510
DAL,20091228,11.44,11.52,11.11,11.29,136314
DAL,20091229,11.13,11.39,11.03,11.33,92322
DAL,20091230,11.26,11.40,11.05,11.37,84924
DAL,20091231,11.30,11.48,11.22,11.38,87343
DAL,20100104,11.22,11.43,10.95,11.22,144825
DAL,20100105,11.32,12.34,11.29,12.10,250666
DAL,20100106,11.99,12.24,11.85,12.11,149807
DAL,20100107,12.06,12.86,12.05,12.69,198164
DAL,20100108,12.62,12.85,12.05,12.47,245892
DAL,20100111,12.34,12.89,12.13,12.79,162204
DAL,20100112,12.67,12.91,12.31,12.54,129055
DAL,20100113,12.53,12.96,12.41,12.85,117633
DAL,20100114,12.72,13.31,12.69,13.17,120267
DAL,20100115,13.18,13.33,12.59,12.74,91274
DAL,20100119,12.80,13.29,12.79,13.03,98369
DAL,20100120,12.97,13.49,12.69,13.41,201337
DAL,20100121,13.50,13.69,13.15,13.44,246721
DAL,20100122,13.31,13.73,12.91,13.29,222792
DAL,20100125,13.38,13.64,12.95,13.33,192995
DAL,20100126,12.78,13.40,12.70,13.15,162906
DAL,20100127,13.01,13.44,12.82,13.16,245823
DAL,20100128,13.23,13.54,12.63,12.65,170872
DAL,20100129,12.80,13.16,12.19,12.23,192977
DAL,20100201,12.37,12.64,12.32,12.63,97247
DAL,20100202,12.80,13.07,12.66,12.90,129521
DAL,20100203,12.91,12.91,12.32,12.42,96095
DAL,20100204,11.79,12.03,11.32,11.46,170736
DAL,20100205,11.41,11.73,10.93,11.30,200045
DAL,20100208,11.31,11.60,11.14,11.25,92963
DAL,20100209,11.53,12.55,11.53,12.39,239786
DAL,20100210,12.27,12.33,11.49,11.58,194643
DAL,20100211,11.65,12.22,11.58,11.83,145217
DAL,20100212,11.69,12.27,11.57,12.25,127685
DAL,20100216,12.33,12.62,12.30,12.48,79855
DAL,20100217,12.33,12.80,12.33,12.73,103215
DAL,20100218,12.61,12.82,12.41,12.55,71993
DAL,20100219,12.48,12.74,12.48,12.69,48162
DAL,20100222,12.73,13.21,12.68,12.73,98252
DAL,20100223,12.73,12.93,12.48,12.64,55971
DAL,20100224,12.62,12.77,12.45,12.75,68960
DAL,20100225,12.58,12.74,12.36,12.66,65288
DAL,20100226,12.74,13.02,12.67,12.92,65919
DAL,20100301,12.93,13.50,12.93,13.17,80578
DAL,20100302,13.18,13.42,12.73,12.78,96276
DAL,20100303,12.83,13.07,12.73,12.93,57060
DAL,20100304,13.07,13.07,12.59,12.78,75590
DAL,20100305,12.84,12.94,12.61,12.70,72049
DAL,20100308,12.70,12.90,12.52,12.54,106982
DAL,20100309,12.68,13.27,12.62,12.81,171721
DAL,20100310,13.00,13.56,12.95,13.30,170169
DAL,20100311,13.18,13.28,12.86,12.99,104983
DAL,20100312,13.10,13.11,12.68,12.83,73595
DAL,20100315,12.84,12.84,12.51,12.66,134333
DAL,20100316,12.83,13.00,12.67,12.98,81023
DAL,20100317,12.92,13.05,12.76,12.94,86288
DAL,20100318,12.91,13.15,12.90,13.11,66198
DAL,20100319,13.00,13.09,12.56,12.57,97649
DAL,20100322,12.42,13.09,12.33,13.07,75528
DAL,20100323,13.07,13.44,12.81,13.43,90927
DAL,20100324,13.35,13.87,13.34,13.81,110601
DAL,20100325,13.88,14.45,13.85,14.20,179385
DAL,20100326,14.15,14.90,14.15,14.50,124188
DAL,20100329,14.57,14.76,14.49,14.65,129814
DAL,20100330,14.66,14.82,14.50,14.62,111306
DAL,20100331,14.48,14.70,14.39,14.59,66762
DAL,20100401,14.63,14.89,14.61,14.69,70455
DAL,20100405,14.69,14.78,14.25,14.42,129492
DAL,20100406,14.27,14.66,14.27,14.66,91318
DAL,20100407,14.55,14.65,14.06,14.17,161555
DAL,20100408,14.63,14.83,14.36,14.81,139017
DAL,20100409,14.76,14.86,14.49,14.58,116956
DAL,20100412,14.67,14.94,14.61,14.93,84032
DAL,20100413,14.84,14.92,14.30,14.37,93190
DAL,20100414,14.47,14.78,14.33,14.39,105704
DAL,20100415,14.40,14.56,14.01,14.39,140469
DAL,20100416,14.38,14.40,13.70,13.87,130253
DAL,20100419,13.78,14.20,13.17,13.18,188752
DAL,20100420,13.40,13.48,12.68,13.16,259455
DAL,20100421,13.37,13.37,12.35,12.57,255762
DAL,20100422,12.60,12.84,12.10,12.36,267498
DAL,20100423,12.47,13.22,12.45,13.01,209709
DAL,20100426,13.08,13.15,12.78,12.95,140058
DAL,20100427,12.88,12.99,12.20,12.22,137627
DAL,20100428,12.47,12.57,12.11,12.18,132104
DAL,20100429,12.36,12.51,11.95,12.11,135142
DAL,20100430,12.21,12.58,12.00,12.08,220233
DAL,20100503,12.30,12.74,12.16,12.59,124751
DAL,20100504,12.28,12.35,11.49,11.76,188115
DAL,20100505,11.51,12.42,11.30,12.33,240630
DAL,20100506,12.15,12.53,10.90,11.72,215297
DAL,20100507,11.73,12.31,11.40,11.70,228913
DAL,20100510,12.44,12.44,12.10,12.30,98852
DAL,20100511,12.17,12.51,11.92,12.40,131762
DAL,20100512,12.54,13.62,12.50,13.55,199957
DAL,20100513,13.50,13.97,13.18,13.25,109125
DAL,20100514,13.21,13.90,13.01,13.74,198894
DAL,20100517,13.76,14.00,13.30,13.94,107504
DAL,20100518,13.98,14.10,13.45,13.57,112848
DAL,20100519,13.40,13.85,13.20,13.63,104073
DAL,20100520,13.23,13.40,12.86,12.91,158186
DAL,20100521,12.68,13.54,12.65,13.34,112390
DAL,20100524,13.12,13.90,13.01,13.46,92532
DAL,20100525,13.00,13.92,13.00,13.84,121581
DAL,20100526,13.97,14.48,13.43,13.85,164198
DAL,20100527,14.09,14.26,13.84,13.95,123198
DAL,20100528,13.65,13.91,13.40,13.58,84751
DAL,20100601,13.30,13.88,13.24,13.54,115594
DAL,20100602,13.89,14.25,13.86,14.09,171848
DAL,20100603,14.20,14.50,14.04,14.28,104601
DAL,20100604,13.97,14.10,13.50,13.58,101296
DAL,20100607,13.66,13.88,13.11,13.13,86455
DAL,20100608,13.37,13.43,12.78,13.19,107112
DAL,20100609,13.25,13.73,13.25,13.36,86916
DAL,20100610,13.64,13.70,13.33,13.35,124955
DAL,20100611,13.22,13.59,13.08,13.45,96122
DAL,20100614,13.68,14.06,13.61,13.69,160568
DAL,20100615,13.92,14.16,13.75,13.99,124527
DAL,20100616,13.84,14.48,13.78,14.08,122391
DAL,20100617,14.26,14.40,13.95,14.19,79562
DAL,20100618,14.19,14.20,13.44,13.71,133900
DAL,20100621,13.91,14.00,13.33,13.49,80750
DAL,20100622,13.45,13.61,12.62,12.67,113310
DAL,20100623,12.68,12.88,12.42,12.66,77571
DAL,20100624,12.54,12.74,12.29,12.31,75940
DAL,20100625,12.31,12.35,11.81,12.00,119681
DAL,20100628,12.02,12.32,11.93,12.04,76113
DAL,20100629,11.75,11.78,11.24,11.31,104018
DAL,20100630,11.35,12.25,11.30,11.75,160541
DAL,20100701,11.90,12.28,11.33,11.72,141912
DAL,20100702,11.72,11.82,10.71,11.03,182891
DAL,20100706,11.41,11.70,10.96,11.10,97548
DAL,20100707,11.28,11.74,10.93,11.71,106599
DAL,20100708,11.86,11.96,11.50,11.77,57224
DAL,20100709,11.82,11.90,11.51,11.65,69746
DAL,20100712,11.84,12.08,11.43,11.67,96150
DAL,20100713,11.95,12.27,11.90,12.11,108289
DAL,20100714,12.04,12.40,12.00,12.21,84064
DAL,20100715,12.29,12.32,11.80,12.01,81330
DAL,20100716,12.04,12.14,11.68,11.72,82041
DAL,20100719,11.13,11.70,10.40,11.38,299895
DAL,20100720,11.19,11.62,11.10,11.53,94089
DAL,20100721,11.55,11.76,10.85,10.90,154925
DAL,20100722,11.14,11.53,11.06,11.46,98126
DAL,20100723,11.44,11.57,11.25,11.45,67273
DAL,20100726,11.47,12.00,11.39,11.98,76347
DAL,20100727,12.02,12.24,11.69,11.71,62784
DAL,20100728,11.70,11.87,11.34,11.54,51449
DAL,20100729,11.70,11.80,11.32,11.69,57769
DAL,20100730,11.47,11.93,11.33,11.88,78586
DAL,20100802,12.13,12.80,11.93,12.61,131095
DAL,20100803,12.61,12.61,11.78,12.15,96923
DAL,20100804,12.26,12.39,11.68,11.86,81272
DAL,20100805,11.82,12.13,11.72,11.80,80848
DAL,20100806,11.61,11.95,11.57,11.81,67641
DAL,20100809,11.91,12.24,11.77,12.19,69239
DAL,20100810,11.98,12.09,11.66,11.80,62064
DAL,20100811,11.62,11.70,11.21,11.36,66855
DAL,20100812,11.14,11.61,11.05,11.48,58392
DAL,20100813,11.39,11.64,11.22,11.55,51672
DAL,20100816,11.52,11.65,11.33,11.48,45483
DAL,20100817,11.57,11.65,11.27,11.36,93631
DAL,20100818,11.41,11.47,11.27,11.36,50544
DAL,20100819,11.24,11.41,10.34,10.78,240993
DAL,20100820,10.69,10.74,10.37,10.53,79895
DAL,20100823,10.57,10.88,10.39,10.47,61906
DAL,20100824,10.11,10.22,9.77,9.96,155599
DAL,20100825,9.70,10.06,9.60,10.03,114417
DAL,20100826,10.11,10.32,9.97,10.04,71347
DAL,20100827,10.08,10.67,9.85,10.46,103080
DAL,20100830,10.39,10.78,10.34,10.37,62090
DAL,20100831,10.24,10.51,10.21,10.46,58348
DAL,20100901,10.86,10.86,10.53,10.68,79722
DAL,20100902,10.71,11.02,10.66,10.84,71812
DAL,20100903,11.10,11.25,10.94,11.05,78346
DAL,20100907,10.99,11.02,10.61,10.67,83042
DAL,20100908,10.65,10.87,10.40,10.69,68494
DAL,20100909,10.74,10.86,10.45,10.63,58834
DAL,20100910,10.61,10.82,10.46,10.54,56731
DAL,20100913,10.70,10.85,10.58,10.65,53595
DAL,20100914,10.59,11.45,10.54,11.18,132729
DAL,20100915,11.23,11.53,11.22,11.50,82384
DAL,20100916,11.41,11.68,11.25,11.58,89444
DAL,20100917,11.66,11.67,11.13,11.18,85664
DAL,20100920,11.30,11.65,11.21,11.55,61801
DAL,20100921,11.61,12.00,11.59,11.95,90529
DAL,20100922,11.80,11.90,11.34,11.42,87649
DAL,20100923,11.21,11.57,11.15,11.32,51637
DAL,20100924,11.42,11.71,11.42,11.70,78403
DAL,20100927,11.78,11.83,11.29,11.39,92405
DAL,20100928,11.38,11.60,11.27,11.59,78288
DAL,20100929,11.54,11.63,11.35,11.59,69013
DAL,20100930,11.63,11.69,11.39,11.64,83960
DAL,20101001,11.73,12.01,11.71,12.01,90958
DAL,20101004,11.74,12.01,11.45,11.51,79163
DAL,20101005,11.54,11.87,11.45,11.83,126241
DAL,20101006,11.89,12.05,11.56,11.78,101240
DAL,20101007,11.80,11.82,11.61,11.77,71625
DAL,20101008,11.73,11.79,11.35,11.40,130980
DAL,20101011,11.44,11.55,11.14,11.24,84411
DAL,20101012,11.15,11.57,10.96,11.42,122187
DAL,20101013,11.45,11.73,11.23,11.58,94622
DAL,20101014,11.61,11.62,11.38,11.45,72842
DAL,20101015,11.52,11.60,11.31,11.38,66678
DAL,20101018,11.41,11.51,11.12,11.51,70433
DAL,20101019,11.33,11.72,11.30,11.70,125105
DAL,20101020,12.50,13.17,12.33,12.97,302870
DAL,20101021,12.99,13.54,12.90,13.53,200826
DAL,20101022,13.42,13.47,13.06,13.18,79564
DAL,20101025,13.35,13.65,13.21,13.47,84044
DAL,20101026,13.23,13.64,13.13,13.33,81901
DAL,20101027,13.16,13.80,13.16,13.78,92770
DAL,20101028,13.83,14.10,13.77,13.88,112634
DAL,20101029,13.87,13.93,13.46,13.89,110731
DAL,20101101,13.88,13.97,13.45,13.72,74742
DAL,20101102,13.85,13.92,13.60,13.85,66613
DAL,20101103,13.89,14.48,13.63,14.19,138298
DAL,20101104,14.22,14.35,13.88,14.18,120424
DAL,20101105,14.21,14.54,14.15,14.26,68929
DAL,20101108,14.16,14.27,13.86,14.09,78094
DAL,20101109,14.15,14.20,13.81,13.86,83411
DAL,20101110,13.92,14.07,13.54,13.54,89110
DAL,20101111,13.39,13.81,13.25,13.54,102018
DAL,20101112,13.44,13.65,13.40,13.46,55162
DAL,20101115,13.31,13.47,13.13,13.20,105992
DAL,20101116,13.10,13.45,12.93,13.15,91237
DAL,20101117,13.13,13.37,12.87,13.21,100502
DAL,20101118,13.33,13.87,13.33,13.77,101328
DAL,20101119,13.69,13.91,13.45,13.76,74626
DAL,20101122,13.73,13.84,13.48,13.76,76538
DAL,20101123,13.55,13.73,13.39,13.71,121732
DAL,20101124,13.74,14.34,13.59,14.33,106588
DAL,20101126,14.19,14.38,14.12,14.23,40339
DAL,20101129,14.10,14.26,13.94,14.15,95938
DAL,20101130,14.08,14.14,13.67,13.68,277370
DAL,20101201,13.95,14.10,13.75,13.88,96547
DAL,20101202,13.77,13.93,13.38,13.51,119575
DAL,20101203,13.42,13.82,13.39,13.63,92566
DAL,20101206,13.58,13.75,13.31,13.48,95900
DAL,20101207,13.60,13.63,13.01,13.12,131975
DAL,20101208,13.03,13.13,12.81,13.10,97676
DAL,20101209,13.15,13.50,12.92,13.31,122084
DAL,20101210,13.28,13.36,13.02,13.02,87497
DAL,20101213,13.07,13.21,12.90,13.08,101381
DAL,20101214,13.02,13.27,12.95,13.07,79932
DAL,20101215,13.00,13.12,12.56,12.64,133821
DAL,20101216,12.69,12.90,12.57,12.57,126978
DAL,20101217,12.55,12.67,12.35,12.46,90386
DAL,20101220,12.50,12.65,12.33,12.53,55877
DAL,20101221,12.52,12.85,12.45,12.65,74083
DAL,20101222,12.65,12.66,12.23,12.43,121646
DAL,20101223,12.39,12.45,12.15,12.23,65688
DAL,20101227,12.24,12.67,12.21,12.45,73308
DAL,20101228,12.45,12.67,12.41,12.48,50988
DAL,20101229,12.46,12.73,12.44,12.66,52231
DAL,20101230,12.69,12.76,12.42,12.49,68072
DAL,20101231,12.46,12.63,12.42,12.60,42624
DAL,20110103,12.69,12.85,12.47,12.58,150601
DAL,20110104,12.58,12.79,12.37,12.53,191434
DAL,20110105,12.65,13.21,12.58,12.98,237724
DAL,20110106,12.93,13.11,12.73,12.91,131008
DAL,20110107,12.89,13.06,12.80,13.00,124583
