DB,20090115,29.07,29.07,26.47,27.57,23252
DB,20090116,27.93,28.02,25.53,26.24,25578
DB,20090120,22.36,22.76,21.24,21.27,22631
DB,20090121,23.27,24.23,22.24,24.13,17457
DB,20090122,23.40,23.99,22.64,23.33,15474
DB,20090123,21.95,22.65,21.13,22.18,16675
DB,20090126,23.17,24.47,22.83,22.86,11056
DB,20090127,24.12,24.19,22.82,23.91,13506
DB,20090128,28.41,30.61,28.19,29.55,33243
DB,20090129,27.09,27.77,25.87,25.98,14401
DB,20090130,27.30,27.41,25.34,25.65,13966
DB,20090202,24.37,25.37,24.31,25.16,11626
DB,20090203,26.92,27.52,26.39,27.27,13578
DB,20090204,27.81,28.43,26.63,27.36,21339
DB,20090205,25.59,26.93,25.00,26.44,19481
DB,20090206,27.60,28.50,27.29,28.09,14011
DB,20090209,29.94,30.18,29.40,29.88,16624
DB,20090210,30.63,31.21,27.56,27.73,17091
DB,20090211,29.19,29.27,27.95,28.56,7500
DB,20090212,28.25,29.40,27.93,29.38,16810
DB,20090213,29.08,29.77,28.79,28.91,11092
DB,20090217,25.47,25.59,24.83,24.86,16993
DB,20090218,25.74,26.02,24.54,25.35,22133
DB,20090219,26.70,26.92,24.45,24.63,22111
DB,20090220,23.41,24.55,22.81,24.23,38145
DB,20090223,23.66,23.76,21.20,21.28,28404
DB,20090224,22.83,25.60,22.44,25.22,31959
DB,20090225,25.41,25.77,23.71,25.00,21340
DB,20090226,26.89,28.18,26.18,26.54,25752
DB,20090227,25.86,26.75,25.32,25.56,20351
DB,20090302,25.30,25.50,24.42,24.85,28606
DB,20090303,25.34,25.36,24.14,24.74,21342
DB,20090304,26.26,26.30,24.86,25.85,32392
DB,20090305,24.69,24.91,22.90,23.39,33251
DB,20090306,24.54,24.95,22.54,23.36,29882
DB,20090309,23.55,24.72,23.55,24.08,21085
DB,20090310,27.87,28.93,27.51,28.77,26671
DB,20090311,30.77,31.88,30.06,31.03,29451
DB,20090312,32.39,35.90,31.55,35.55,30124
DB,20090313,34.79,34.82,32.90,33.87,31121
DB,20090316,34.51,35.54,33.85,33.92,21528
DB,20090317,34.12,36.57,33.83,36.56,19815
DB,20090318,35.33,37.39,35.06,37.17,32706
DB,20090319,41.69,41.73,38.37,38.71,50127
DB,20090320,38.96,39.30,37.36,37.51,25656
DB,20090323,40.31,43.95,39.86,43.77,27301
DB,20090324,42.31,44.10,41.84,42.10,44398
DB,20090325,42.38,44.21,40.71,42.72,33620
DB,20090326,43.69,44.80,42.71,44.46,34392
DB,20090327,42.30,44.39,41.94,42.22,42532
DB,20090330,39.14,39.27,37.08,37.40,23585
DB,20090331,39.32,41.46,38.88,40.65,35106
DB,20090401,40.06,42.05,39.86,41.36,36626
DB,20090402,45.55,48.30,45.27,47.55,59623
DB,20090403,46.00,48.58,45.75,48.58,26865
DB,20090406,45.88,47.49,45.67,47.24,23330
DB,20090407,44.08,45.07,43.89,44.25,30465
DB,20090408,45.08,45.36,44.02,44.79,21561
DB,20090409,48.52,49.64,47.88,49.63,44179
DB,20090413,50.75,51.65,48.01,51.31,26082
DB,20090414,50.55,52.26,49.00,49.15,42108
DB,20090415,48.79,51.35,48.53,50.94,29051
DB,20090416,51.79,53.73,51.02,52.90,39136
DB,20090417,54.36,56.53,53.64,55.56,60746
DB,20090420,50.93,50.97,47.54,47.66,28986
DB,20090421,46.66,50.88,46.41,50.37,25903
DB,20090422,48.90,53.24,48.73,50.80,37478
DB,20090423,52.26,53.43,50.83,53.23,47292
DB,20090424,53.98,56.54,53.28,55.67,38776
DB,20090427,55.26,57.12,54.86,55.48,31787
DB,20090428,51.80,53.93,51.18,52.89,37970
DB,20090429,53.28,55.40,53.09,54.38,35561
DB,20090430,55.07,55.59,52.13,52.43,31319
DB,20090501,52.55,53.47,52.20,53.13,15431
DB,20090504,54.23,57.14,54.16,57.07,20374
DB,20090505,56.24,56.24,54.65,54.85,11592
DB,20090506,56.22,56.30,53.33,56.02,31486
DB,20090507,55.71,56.27,52.37,53.10,22891
DB,20090508,55.88,58.67,55.68,58.34,24384
DB,20090511,56.68,57.89,56.09,56.42,25884
DB,20090512,57.22,57.32,54.37,55.65,18329
DB,20090513,52.25,53.03,51.13,51.55,24318
DB,20090514,52.00,54.25,51.92,53.58,22398
DB,20090515,54.45,55.79,53.50,54.02,27529
DB,20090518,56.36,59.33,55.86,59.15,21267
DB,20090519,61.56,63.38,61.20,61.32,26317
DB,20090520,64.02,65.53,62.33,62.72,39125
DB,20090521,62.92,65.60,62.61,64.44,23887
DB,20090522,66.22,66.40,64.87,65.39,16731
DB,20090526,63.69,68.22,63.51,68.09,20980
DB,20090527,67.50,67.80,65.06,65.34,24664
DB,20090528,66.12,66.57,64.20,65.87,22939
DB,20090529,66.60,67.80,65.70,67.61,12459
DB,20090601,68.38,70.37,68.12,69.26,21274
DB,20090602,67.41,69.36,67.30,68.86,16863
DB,20090603,66.57,66.90,64.24,65.15,18182
DB,20090604,66.81,68.23,66.03,67.80,15678
DB,20090605,68.93,69.10,66.41,66.96,17100
DB,20090608,65.55,66.46,64.74,65.92,16546
DB,20090609,65.62,66.22,64.75,65.71,15303
DB,20090610,66.81,66.99,64.56,65.52,12260
DB,20090611,66.57,68.20,66.23,67.34,14183
DB,20090612,65.90,66.64,65.68,66.40,7371
DB,20090615,64.51,64.66,61.06,61.42,16679
DB,20090616,62.67,62.75,60.80,60.93,11134
DB,20090617,60.57,60.90,58.50,59.86,12853
DB,20090618,59.84,62.85,59.52,61.68,11360
DB,20090619,61.83,62.24,60.75,61.39,9920
DB,20090622,58.17,58.51,55.66,55.73,21255
DB,20090623,56.88,57.58,56.09,56.70,11273
DB,20090624,59.84,60.96,58.37,58.90,13106
DB,20090625,59.26,61.30,58.99,61.27,14921
DB,20090626,61.89,62.50,61.03,61.72,9322
DB,20090629,61.60,62.90,60.78,62.62,7163
DB,20090630,62.51,63.07,60.34,61.00,10048
DB,20090701,61.36,61.97,60.39,60.39,11948
DB,20090702,60.09,60.09,57.91,58.23,7415
DB,20090706,57.79,58.65,57.10,58.39,7587
DB,20090707,59.98,60.09,57.84,58.01,8336
DB,20090708,59.35,59.35,56.72,57.89,8841
DB,20090709,60.60,62.42,60.36,61.39,11441
DB,20090710,61.30,62.32,60.53,61.12,12286
DB,20090713,62.93,64.99,61.97,64.98,15994
DB,20090714,65.13,65.60,64.00,64.91,12614
DB,20090715,67.61,68.86,67.38,68.47,11426
DB,20090716,67.64,69.38,67.62,68.98,9109
DB,20090717,67.96,68.59,67.39,68.27,7077
DB,20090720,69.90,70.45,69.29,70.24,12816
DB,20090721,71.17,71.26,68.56,69.79,8739
DB,20090722,68.74,70.33,68.74,69.75,10777
DB,20090723,69.25,72.61,69.07,72.30,11151
DB,20090724,72.92,73.41,71.57,72.91,5243
DB,20090727,73.93,74.14,72.64,73.88,8378
DB,20090728,66.17,67.14,65.04,66.32,24512
DB,20090729,65.65,66.95,65.36,65.91,12792
DB,20090730,66.06,66.74,65.35,65.47,10296
DB,20090731,63.71,65.35,63.36,64.90,10234
DB,20090803,66.82,68.03,66.60,67.68,11768
DB,20090804,66.87,67.59,66.50,66.98,9179
DB,20090805,66.90,67.16,65.12,66.50,10037
DB,20090806,67.15,67.23,64.25,64.62,14779
DB,20090807,67.32,67.60,65.79,66.19,13368
DB,20090810,67.71,68.40,66.12,66.83,9759
DB,20090811,65.77,65.77,64.00,64.37,10223
DB,20090812,64.03,65.43,63.86,64.92,7866
DB,20090813,67.45,67.45,66.32,67.22,8861
DB,20090814,67.10,67.11,65.12,65.84,7540
DB,20090817,64.32,64.45,63.13,63.46,7127
DB,20090818,64.78,65.75,64.41,65.55,8085
DB,20090819,64.45,66.00,64.00,65.15,16501
DB,20090820,65.58,66.49,65.48,66.37,6240
DB,20090821,68.44,69.11,67.97,68.93,8059
DB,20090824,70.54,71.20,69.61,69.86,9872
DB,20090825,70.37,70.72,69.71,69.93,8696
DB,20090826,69.64,69.90,68.87,69.80,7192
DB,20090827,68.48,69.84,67.33,69.44,9566
DB,20090828,70.37,70.37,68.58,69.36,5691
DB,20090831,68.14,68.25,67.00,67.58,19108
DB,20090901,66.50,67.92,63.93,64.23,17201
DB,20090902,65.37,66.07,65.02,65.11,14548
DB,20090903,68.03,68.19,66.25,67.11,11000
DB,20090904,68.22,69.83,68.01,69.71,11538
DB,20090908,70.14,70.48,69.48,70.42,9117
DB,20090909,70.89,71.67,70.43,71.24,10713
DB,20090910,72.18,73.56,71.73,73.39,11699
DB,20090911,73.14,73.23,72.03,72.51,7840
DB,20090914,71.03,72.62,70.94,72.60,9438
DB,20090915,72.36,73.56,71.90,73.17,7161
DB,20090916,74.80,76.64,74.21,76.54,11913
DB,20090917,77.89,79.17,76.88,77.79,11042
DB,20090918,77.49,77.67,76.42,77.05,6430
DB,20090921,75.05,75.79,74.61,75.40,3981
DB,20090922,76.79,77.68,76.44,77.66,3781
DB,20090923,79.00,80.00,77.71,77.72,7872
DB,20090924,78.39,78.59,74.75,75.56,5655
DB,20090925,75.22,76.39,74.75,75.73,5489
DB,20090928,76.38,77.99,76.35,77.99,3646
DB,20090929,77.98,78.53,77.26,77.80,5820
DB,20090930,77.53,77.70,75.07,76.77,7874
DB,20091001,75.73,76.77,72.82,73.00,8977
DB,20091002,71.72,73.52,71.51,72.76,6158
DB,20091005,73.52,74.92,73.09,74.84,4110
DB,20091006,76.60,77.93,76.02,77.07,5565
DB,20091007,76.78,77.59,76.42,77.59,4747
DB,20091008,78.14,79.31,77.88,78.68,4904
DB,20091009,78.74,79.19,77.94,78.47,2682
DB,20091012,80.41,81.04,79.75,80.19,4275
DB,20091013,80.23,80.61,79.29,80.09,5471
DB,20091014,83.60,84.07,82.79,83.93,7242
DB,20091015,83.40,84.93,83.35,84.76,6239
DB,20091016,82.04,82.50,81.04,81.91,5908
DB,20091019,83.46,84.15,82.64,83.33,14134
DB,20091020,83.50,83.52,81.65,82.03,16558
DB,20091021,79.17,81.28,79.15,79.37,13480
DB,20091022,79.04,80.87,78.10,80.61,6848
DB,20091023,80.86,81.00,78.81,79.20,5875
DB,20091026,78.30,79.04,74.84,75.10,14184
DB,20091027,75.40,75.79,73.78,74.04,8084
DB,20091028,73.47,74.02,70.54,70.77,9593
DB,20091029,74.23,77.80,73.82,77.11,12618
DB,20091030,75.59,75.97,71.20,71.63,12038
DB,20091102,72.47,73.97,70.90,72.45,12485
DB,20091103,69.43,71.13,69.21,70.78,9062
DB,20091104,72.03,72.38,70.71,70.87,5806
DB,20091105,71.39,72.39,71.04,72.25,5627
DB,20091106,71.31,72.65,71.14,71.83,3970
DB,20091109,73.81,75.33,73.55,75.24,4962
DB,20091110,74.53,75.56,74.22,75.25,4825
DB,20091111,76.03,76.64,75.16,75.64,4670
DB,20091112,75.75,76.12,73.84,74.10,3282
DB,20091113,74.52,75.58,73.68,75.22,4579
DB,20091116,76.94,78.23,76.94,77.48,4794
DB,20091117,76.82,77.29,76.05,77.27,3770
DB,20091118,78.24,78.24,76.98,77.60,4528
DB,20091119,75.48,75.53,74.39,75.41,6756
DB,20091120,73.29,73.82,72.78,73.38,6548
DB,20091123,75.75,76.50,75.40,75.87,4925
DB,20091124,75.19,75.22,73.40,74.68,9305
DB,20091125,74.89,75.34,74.40,75.22,4153
DB,20091127,70.32,72.02,70.15,71.24,7173
DB,20091130,72.40,73.33,71.75,73.10,7581
DB,20091201,73.94,75.18,73.88,74.68,8901
DB,20091202,73.17,74.20,72.85,73.61,7383
DB,20091203,74.33,74.84,72.59,72.75,5473
DB,20091204,74.20,74.70,72.88,73.70,6087
DB,20091207,73.00,73.47,72.18,72.47,5809
DB,20091208,71.13,71.50,70.41,70.72,7718
DB,20091209,69.69,70.59,68.94,70.21,6334
DB,20091210,71.48,71.62,70.36,70.72,3907
DB,20091211,70.12,70.17,69.29,70.02,5712
DB,20091214,70.87,72.78,70.57,72.75,9012
DB,20091215,71.83,72.76,71.34,71.56,5723
DB,20091216,75.17,76.14,75.05,75.81,11855
DB,20091217,72.90,73.79,72.68,72.72,8796
DB,20091218,72.35,72.73,71.08,71.99,4919
DB,20091221,71.94,72.84,71.89,72.64,3739
DB,20091222,72.03,72.25,71.39,71.99,3092
DB,20091223,72.16,72.35,71.75,72.06,1905
DB,20091224,72.20,72.66,72.20,72.60,736
DB,20091228,72.95,73.35,72.46,72.86,2267
DB,20091229,72.93,73.26,72.31,72.58,2352
DB,20091230,70.99,71.76,70.64,71.49,2881
DB,20091231,72.20,72.20,70.91,70.91,2787
DB,20100104,72.42,73.53,72.20,73.23,4480
DB,20100105,74.84,75.14,74.00,74.63,4803
DB,20100106,73.20,73.93,72.83,73.34,4724
DB,20100107,73.50,74.30,73.16,74.17,6681
DB,20100108,76.39,76.94,75.99,76.85,7290
DB,20100111,77.70,77.76,75.91,76.42,5933
DB,20100112,74.69,75.00,73.61,74.10,4485
DB,20100113,73.50,73.96,72.40,73.70,4911
DB,20100114,73.07,73.56,72.71,73.30,2949
DB,20100115,70.95,71.12,69.39,69.73,14034
DB,20100119,69.52,70.81,69.49,70.72,10305
DB,20100120,69.31,69.36,67.71,68.68,7965
DB,20100121,68.28,68.67,65.31,65.60,17829
DB,20100122,63.41,64.02,61.87,62.14,18186
DB,20100125,64.63,64.94,63.33,63.88,8231
DB,20100126,61.99,63.18,61.66,61.79,6998
DB,20100127,61.21,62.66,60.82,62.61,8534
DB,20100128,62.90,62.93,60.80,61.49,8587
DB,20100129,62.39,63.03,60.62,60.97,8832
DB,20100201,63.07,63.92,62.92,63.45,9842
DB,20100202,65.16,65.87,64.70,65.40,9363
DB,20100203,64.56,65.22,63.53,64.08,7442
DB,20100204,62.70,62.75,59.34,59.60,16766
DB,20100205,60.99,61.43,57.78,59.54,16326
DB,20100208,59.21,59.83,57.90,57.90,9344
DB,20100209,61.65,62.86,60.33,62.22,24841
DB,20100210,62.62,63.25,61.97,62.74,9206
DB,20100211,60.78,61.96,59.96,61.80,11386
DB,20100212,59.48,60.68,59.18,60.57,9066
DB,20100216,62.21,63.86,61.80,63.78,9883
DB,20100217,64.89,64.92,63.01,63.44,15955
DB,20100218,64.08,65.18,63.88,64.78,13268
DB,20100219,64.20,65.06,63.92,64.93,11679
DB,20100222,65.35,65.38,64.69,64.90,7435
DB,20100223,63.06,63.49,61.84,62.01,11576
DB,20100224,62.66,63.76,62.31,63.08,10898
DB,20100225,61.47,62.66,61.05,62.66,9071
DB,20100226,62.76,63.98,62.12,63.50,6855
DB,20100301,64.00,64.41,63.57,64.31,10536
DB,20100302,65.33,65.47,64.63,64.84,10264
DB,20100303,66.25,67.19,65.87,66.56,14588
DB,20100304,68.07,68.52,66.97,67.50,16852
DB,20100305,68.41,69.48,68.19,69.41,10970
DB,20100308,69.74,70.00,69.29,69.39,8217
DB,20100309,68.55,70.32,68.44,70.00,9777
DB,20100310,70.17,71.22,70.10,70.67,11024
DB,20100311,71.16,71.64,70.79,71.56,8884
DB,20100312,73.68,73.68,71.88,72.44,12478
DB,20100315,72.42,72.74,71.52,72.18,16678
DB,20100316,73.44,74.71,73.08,74.60,14346
DB,20100317,75.16,75.60,74.93,75.32,13467
DB,20100318,74.55,74.68,73.30,74.10,9849
DB,20100319,74.35,74.42,72.65,73.36,10386
DB,20100322,71.14,73.45,71.14,73.41,8461
DB,20100323,73.25,74.13,72.76,74.07,7685
DB,20100324,73.67,74.15,73.12,73.70,9721
DB,20100325,75.28,76.85,74.84,74.89,18436
DB,20100326,76.92,78.05,76.67,77.48,16933
DB,20100329,77.51,78.63,76.89,78.63,11736
DB,20100330,78.44,78.80,77.42,78.02,9468
DB,20100331,76.24,77.59,76.03,76.87,10741
DB,20100401,78.05,78.68,77.89,78.45,6844
DB,20100405,78.76,79.74,78.68,79.27,4519
DB,20100406,76.80,78.51,76.56,78.31,9311
DB,20100407,76.35,76.94,75.86,76.36,11395
DB,20100408,74.38,76.23,74.16,76.05,12683
DB,20100409,76.50,78.42,76.43,78.25,8806
DB,20100412,79.41,79.64,78.65,78.83,7779
DB,20100413,79.08,79.12,77.95,78.67,6407
DB,20100414,81.02,81.65,80.45,81.58,11181
DB,20100415,81.24,82.17,81.11,81.72,7710
DB,20100416,80.36,80.73,73.20,74.17,89665
DB,20100419,73.88,74.64,71.95,73.57,54574
DB,20100420,75.37,75.62,74.12,74.76,25853
DB,20100421,74.37,74.93,73.10,74.08,13611
DB,20100422,71.92,72.67,71.16,72.63,24207
DB,20100423,71.35,72.20,70.92,72.10,12300
DB,20100426,73.54,74.13,72.83,73.16,18960
DB,20100427,71.27,72.30,68.45,68.70,25815
DB,20100428,69.89,70.27,67.67,69.69,26183
DB,20100429,70.34,72.00,69.86,71.33,19032
DB,20100430,69.66,70.09,67.83,68.68,22276
DB,20100503,69.15,69.74,68.69,69.33,9087
DB,20100504,66.40,66.56,65.45,66.05,21182
DB,20100505,62.36,65.12,62.17,64.01,30276
DB,20100506,61.68,62.40,55.63,59.08,40356
DB,20100507,59.56,60.54,56.83,59.15,51331
DB,20100510,66.66,66.90,64.30,65.55,40857
DB,20100511,63.40,65.54,63.24,64.25,19166
DB,20100512,64.90,65.98,64.02,65.03,27325
DB,20100513,64.10,64.21,62.63,62.89,20700
DB,20100514,61.70,61.85,59.53,60.87,28937
DB,20100517,61.98,62.21,59.42,61.24,27327
DB,20100518,62.48,62.55,58.97,59.14,66158
DB,20100519,60.00,60.89,59.00,60.46,29655
DB,20100520,58.21,60.54,57.17,58.50,25914
DB,20100521,57.96,60.77,57.82,60.19,26293
DB,20100524,59.16,59.30,57.87,57.99,16090
DB,20100525,55.92,58.98,55.65,58.79,21224
DB,20100526,57.65,58.70,56.62,57.20,20770
DB,20100527,59.54,62.30,58.98,62.03,22648
DB,20100528,59.99,60.70,58.77,59.57,14793
DB,20100601,57.82,59.82,57.50,57.79,12264
DB,20100602,58.05,59.52,57.62,59.47,12979
DB,20100603,60.15,60.28,58.43,59.11,12974
DB,20100604,56.61,56.93,55.00,55.33,28219
DB,20100607,55.74,56.09,54.14,54.29,20875
DB,20100608,54.83,55.93,54.21,55.73,25468
DB,20100609,56.25,57.20,55.00,55.48,18745
DB,20100610,56.98,57.93,56.61,57.69,16467
DB,20100611,57.73,58.83,57.39,58.59,12734
DB,20100614,59.77,59.98,58.30,58.38,9477
DB,20100615,60.65,61.85,60.35,61.83,14123
DB,20100616,60.77,61.94,60.77,61.63,11576
DB,20100617,62.45,62.51,61.45,62.27,10467
DB,20100618,62.16,62.62,61.89,61.98,9798
DB,20100621,62.72,62.80,61.00,61.42,10136
DB,20100622,60.76,61.44,59.73,59.95,10186
DB,20100623,60.11,60.70,59.11,60.03,7476
DB,20100624,59.26,59.60,58.31,58.45,9107
DB,20100625,58.45,59.19,57.55,58.99,11685
DB,20100628,59.15,59.59,58.32,59.01,9228
DB,20100629,56.87,56.95,55.48,55.96,14952
DB,20100630,56.81,57.92,55.86,56.16,11347
DB,20100701,56.78,57.38,55.55,57.22,12531
DB,20100702,57.52,57.83,56.00,56.50,8399
DB,20100706,58.22,58.50,56.69,57.36,12069
DB,20100707,58.49,61.06,58.35,61.02,15066
DB,20100708,62.35,62.96,61.79,62.78,13502
DB,20100709,61.63,62.97,61.50,62.97,6734
DB,20100712,61.63,62.47,61.47,62.24,6296
DB,20100713,63.20,64.29,63.11,63.91,7154
DB,20100714,63.41,64.42,63.24,64.11,9009
DB,20100715,64.09,64.20,62.86,63.89,10229
DB,20100716,62.27,62.46,61.02,61.23,14379
DB,20100719,61.86,62.05,60.78,61.42,7892
DB,20100720,59.98,62.19,59.86,61.89,18716
DB,20100721,61.69,61.80,60.05,60.42,10487
DB,20100722,62.50,64.57,62.44,64.27,16855
DB,20100723,62.66,65.00,62.58,64.54,19282
DB,20100726,63.82,66.20,63.75,66.18,13367
DB,20100727,69.00,69.24,67.68,68.06,22156
DB,20100728,68.93,69.50,68.40,68.86,13322
DB,20100729,70.80,71.20,69.04,70.02,14602
DB,20100730,69.40,70.43,68.96,70.24,8951
DB,20100802,71.71,72.96,71.55,72.75,11701
DB,20100803,73.49,74.20,72.94,73.91,10268
DB,20100804,73.36,74.12,72.88,73.67,13802
DB,20100805,73.64,74.37,73.10,74.19,7360
DB,20100806,73.47,74.50,73.41,74.49,10462
DB,20100809,74.57,74.60,74.08,74.21,6347
DB,20100810,72.58,73.33,71.73,73.02,14134
DB,20100811,69.50,69.96,68.77,68.80,15504
DB,20100812,68.05,68.43,66.98,67.99,14354
DB,20100813,68.26,68.41,67.13,67.13,8932
DB,20100816,66.48,67.22,66.28,66.84,5599
DB,20100817,67.89,68.47,67.55,67.80,5928
DB,20100818,67.77,68.00,67.10,67.61,8196
DB,20100819,67.23,67.64,65.15,65.68,9566
DB,20100820,64.77,65.15,64.28,64.94,7922
DB,20100823,65.21,65.88,64.51,64.52,7035
DB,20100824,63.66,64.24,62.74,63.55,7455
DB,20100825,62.77,63.86,62.16,63.70,8617
DB,20100826,63.53,64.26,62.74,62.80,7933
DB,20100827,63.54,64.12,62.23,64.12,11038
DB,20100830,63.62,63.80,62.51,62.52,9221
DB,20100831,62.40,63.45,61.91,62.68,17422
DB,20100901,64.40,65.50,64.24,64.89,10101
DB,20100902,63.27,63.63,62.89,63.56,13808
DB,20100903,64.10,64.85,63.87,64.61,16268
DB,20100907,62.88,63.11,62.39,62.52,11060
DB,20100908,62.25,62.75,61.96,61.96,10194
DB,20100909,63.95,64.09,59.36,59.99,58747
DB,20100910,60.50,60.86,60.36,60.50,25775
DB,20100913,62.39,62.68,62.00,62.32,17775
DB,20100914,62.94,64.29,62.56,63.54,18866
DB,20100915,62.68,63.28,62.47,63.12,9564
DB,20100916,61.90,61.98,61.01,61.58,16175
DB,20100917,61.22,61.38,60.00,60.24,15579
DB,20100920,59.80,61.59,59.78,61.46,22438
DB,20100921,61.79,61.95,58.76,59.79,52824
DB,20100922,55.50,55.58,54.85,55.34,30500
DB,20100923,54.55,54.91,54.12,54.30,22254
DB,20100924,54.48,55.71,54.41,55.71,22430
DB,20100927,55.52,55.81,54.90,54.92,13803
DB,20100928,54.36,54.79,53.81,54.58,15482
DB,20100929,53.40,53.91,53.08,53.27,27759
DB,20100930,55.46,55.67,54.50,54.93,29841
DB,20101001,55.10,55.40,54.50,55.12,19186
DB,20101004,54.73,55.13,53.88,54.24,11886
DB,20101005,55.46,57.04,55.33,56.54,21669
DB,20101006,57.39,57.61,57.01,57.23,18009
DB,20101007,57.75,57.81,56.30,56.63,11364
DB,20101008,56.48,56.75,56.30,56.46,8416
DB,20101011,56.43,56.60,56.06,56.16,7574
DB,20101012,55.52,56.21,54.98,55.90,13402
DB,20101013,57.71,58.50,57.41,57.71,13361
DB,20101014,58.56,58.72,56.91,57.49,24650
DB,20101015,57.82,57.84,56.05,56.67,14172
DB,20101018,57.43,58.50,57.23,58.40,11707
DB,20101019,58.36,58.68,57.13,57.56,16003
DB,20101020,58.47,59.43,58.45,59.06,12109
DB,20101021,58.90,59.23,57.87,58.34,9927
DB,20101022,58.60,58.76,58.35,58.69,8191
DB,20101025,58.80,59.13,58.04,58.12,6493
DB,20101026,56.55,57.49,56.44,57.45,15862
DB,20101027,57.92,58.06,56.83,57.54,11098
DB,20101028,58.16,58.38,57.50,57.92,6445
DB,20101029,57.92,58.29,57.50,57.88,5588
DB,20101101,57.30,57.61,56.19,56.69,10245
DB,20101102,57.93,58.00,57.45,57.73,5013
DB,20101103,57.46,57.69,56.40,57.69,9141
DB,20101104,59.13,59.55,58.70,59.40,12747
DB,20101105,58.75,59.62,58.47,58.98,9834
DB,20101108,58.43,58.67,58.02,58.40,5902
DB,20101109,58.42,58.46,57.13,57.41,6505
DB,20101110,56.60,56.81,55.37,56.73,12195
DB,20101111,55.23,55.60,54.92,55.52,10726
DB,20101112,55.75,56.26,54.91,55.23,7406
DB,20101115,55.31,55.79,55.10,55.20,7125
DB,20101116,55.05,55.12,53.96,54.36,7508
DB,20101117,54.79,55.34,54.50,54.57,9546
DB,20101118,56.00,56.24,55.75,55.90,7376
DB,20101119,55.13,55.50,54.82,55.50,4635
DB,20101122,54.43,54.69,53.63,54.32,11862
DB,20101123,52.68,52.85,52.10,52.23,12168
DB,20101124,52.09,52.47,51.85,52.16,12440
DB,20101126,50.37,50.73,50.28,50.55,8835
DB,20101129,48.72,49.40,48.00,49.35,22339
DB,20101130,47.54,48.37,47.32,47.96,19786
DB,20101201,49.54,49.98,49.10,49.85,16962
DB,20101202,49.70,51.50,49.67,51.35,12534
DB,20101203,51.66,52.26,51.47,52.20,8989
DB,20101206,50.70,50.99,50.54,50.73,13954
DB,20101207,51.28,51.41,50.43,50.44,10053
DB,20101208,50.65,51.57,50.65,51.39,6131
DB,20101209,52.48,52.62,51.90,52.25,8376
DB,20101210,52.58,53.02,52.38,52.93,7827
DB,20101213,53.55,53.88,53.26,53.62,7890
DB,20101214,53.84,53.97,53.21,53.45,12766
DB,20101215,52.81,53.10,51.71,51.98,7321
DB,20101216,52.45,52.79,52.06,52.43,31818
DB,20101217,52.08,52.46,51.54,52.46,8465
DB,20101220,52.38,52.41,51.54,51.79,5723
DB,20101221,51.91,52.17,51.75,52.05,5916
DB,20101222,51.76,51.97,51.58,51.95,6806
DB,20101223,51.72,51.93,51.61,51.92,4162
DB,20101227,51.57,51.90,51.53,51.87,4150
DB,20101228,52.00,52.01,51.49,51.78,5287
DB,20101229,51.85,52.18,51.59,52.09,3212
DB,20101230,51.82,51.98,51.51,51.73,3125
DB,20101231,51.81,52.47,51.67,52.05,3783
DB,20110103,52.63,53.04,52.55,52.71,6867
DB,20110104,54.29,54.31,53.47,53.66,11525
DB,20110105,54.24,55.00,54.20,55.00,12436
DB,20110106,55.15,55.27,53.91,54.15,9127
DB,20110107,54.05,54.15,52.68,52.90,22914
