DXD,20090115,60.40,63.43,59.10,60.28,159178
DXD,20090116,58.48,61.78,58.30,59.37,125112
DXD,20090120,60.03,64.10,59.72,63.98,141138
DXD,20090121,62.05,64.14,59.20,59.41,130054
DXD,20090122,61.44,63.39,59.77,61.00,134133
DXD,20090123,63.65,64.23,60.49,61.85,153382
DXD,20090126,61.62,62.48,59.31,61.20,116370
DXD,20090127,60.57,61.55,59.42,60.35,102748
DXD,20090128,58.21,58.88,56.79,57.26,118820
DXD,20090129,58.83,60.46,58.30,60.26,126831
DXD,20090130,59.73,63.05,59.55,62.31,129615
DXD,20090202,63.87,64.60,62.61,63.53,124520
DXD,20090203,62.80,64.04,60.72,61.42,125388
DXD,20090204,61.27,63.38,59.83,62.83,118292
DXD,20090205,63.52,64.70,60.56,61.42,137245
DXD,20090206,61.03,61.22,57.36,57.98,121854
DXD,20090209,58.05,58.99,57.35,58.07,81346
DXD,20090210,58.79,63.88,58.11,63.14,170472
DXD,20090211,62.33,63.88,61.77,62.38,111407
DXD,20090212,64.33,66.26,62.38,62.52,157201
DXD,20090213,62.61,63.96,61.86,63.92,105805
DXD,20090217,67.22,68.60,66.46,68.56,144977
DXD,20090218,67.67,69.82,67.27,68.53,139436
DXD,20090219,67.40,70.31,67.25,69.93,118915
DXD,20090220,72.43,73.97,69.81,71.55,190734
DXD,20090223,70.60,76.82,70.31,76.53,147183
DXD,20090224,75.76,76.70,70.94,71.76,132931
DXD,20090225,72.52,75.38,70.55,73.27,164062
DXD,20090226,71.62,75.00,70.41,74.95,131080
DXD,20090227,77.46,77.97,74.57,77.09,188281
DXD,20090302,79.67,84.03,79.18,83.60,181150
DXD,20090303,81.92,85.37,81.57,85.00,156725
DXD,20090304,82.13,83.95,78.34,81.05,182152
DXD,20090305,84.08,88.71,82.81,87.43,197478
DXD,20090306,86.07,90.86,83.33,86.51,206354
DXD,20090309,88.83,89.50,84.55,88.90,146419
DXD,20090310,85.85,86.06,78.88,79.24,146229
DXD,20090311,77.87,79.68,76.26,78.17,125084
DXD,20090312,78.40,79.59,72.57,73.10,120106
DXD,20090313,72.19,74.14,71.36,71.74,106910
DXD,20090316,70.60,72.11,68.40,71.89,109752
DXD,20090317,71.85,72.79,68.23,68.38,102532
DXD,20090318,69.57,70.83,65.00,66.56,139399
DXD,20090319,65.12,68.71,65.07,68.24,98312
DXD,20090320,67.50,70.83,67.06,70.38,100222
DXD,20090323,67.03,67.64,60.76,60.83,107856
DXD,20090324,62.05,62.69,60.39,62.33,82188
DXD,20090325,61.43,64.33,59.19,61.18,125295
DXD,20090326,59.97,61.02,58.22,58.45,124715
DXD,20090327,59.93,61.08,59.49,60.45,94065
DXD,20090330,63.08,65.72,63.07,64.40,88073
DXD,20090331,63.03,63.83,61.00,63.12,81983
DXD,20090401,64.99,65.03,60.02,60.52,104070
DXD,20090402,57.69,58.25,55.51,57.20,111661
DXD,20090403,57.06,58.17,56.38,56.38,89321
DXD,20090406,57.42,58.62,56.75,56.99,86156
DXD,20090407,58.51,59.95,58.49,59.75,92984
DXD,20090408,59.24,60.18,58.06,58.95,83853
DXD,20090409,56.50,56.85,55.15,55.15,86717
DXD,20090413,56.35,56.79,54.75,55.61,69477
DXD,20090414,56.43,57.64,55.88,57.44,78292
DXD,20090415,57.79,58.20,55.62,55.75,88501
DXD,20090416,55.09,56.69,53.84,54.57,68841
DXD,20090417,54.18,54.98,53.59,54.27,68872
DXD,20090420,56.00,58.22,55.82,57.99,81618
DXD,20090421,59.05,59.13,56.17,56.41,82743
DXD,20090422,57.21,57.72,55.20,57.49,90599
DXD,20090423,57.28,58.65,56.05,56.31,85929
DXD,20090424,55.66,55.92,54.00,54.80,97201
DXD,20090427,56.04,56.19,54.11,55.34,96323
DXD,20090428,56.55,56.61,54.50,55.54,84066
DXD,20090429,54.64,54.79,52.20,53.29,101697
DXD,20090430,52.01,53.82,51.60,53.51,97326
DXD,20090501,53.22,54.31,52.75,52.80,74217
DXD,20090504,52.05,52.23,50.01,50.04,94494
DXD,20090505,50.20,50.82,49.67,50.14,68464
DXD,20090506,49.13,50.14,48.85,48.91,88633
DXD,20090507,48.09,50.71,48.09,50.15,95520
DXD,20090508,48.96,49.56,47.97,48.19,79690
DXD,20090511,49.34,49.92,49.05,49.68,57893
DXD,20090512,49.30,50.46,48.69,49.24,78057
DXD,20090513,50.53,51.55,50.33,51.13,80732
DXD,20090514,51.15,51.42,50.15,50.84,79734
DXD,20090515,50.82,51.88,49.86,51.22,75547
DXD,20090518,50.36,50.39,48.41,48.46,79739
DXD,20090519,48.53,48.93,48.07,48.76,67603
DXD,20090520,48.10,49.56,47.40,49.50,97047
DXD,20090521,50.53,51.65,50.45,50.73,95799
DXD,20090522,50.38,51.23,49.95,51.00,65956
DXD,20090526,51.66,51.71,48.30,48.63,115843
DXD,20090527,48.47,50.70,48.31,50.52,90926
DXD,20090528,49.76,51.24,48.92,49.41,105109
DXD,20090529,49.00,49.74,47.51,47.90,74307
DXD,20090601,46.83,47.04,45.23,45.73,88566
DXD,20090602,45.83,46.04,44.94,45.52,78785
DXD,20090603,46.00,46.92,45.85,46.00,83328
DXD,20090604,45.96,46.50,45.23,45.28,72329
DXD,20090605,44.66,45.78,44.32,45.01,86930
DXD,20090608,45.70,46.44,44.46,45.24,73642
DXD,20090609,44.95,45.47,44.65,45.11,68727
DXD,20090610,44.31,46.36,44.30,45.20,77543
DXD,20090611,45.04,45.08,43.83,45.02,78060
DXD,20090612,45.35,45.52,44.57,44.59,52973
DXD,20090615,45.67,46.91,45.60,46.43,59376
DXD,20090616,46.18,47.78,46.12,47.78,68182
DXD,20090617,47.78,48.20,47.05,47.87,73580
DXD,20090618,47.67,48.05,46.72,47.34,66133
DXD,20090619,46.60,47.79,46.48,47.32,45711
DXD,20090622,48.13,49.63,47.96,49.63,57085
DXD,20090623,49.48,50.18,49.13,49.80,67317
DXD,20090624,49.12,50.48,48.47,49.92,57007
DXD,20090625,50.33,50.50,47.70,47.95,80498
DXD,20090626,48.21,48.69,47.93,48.50,38007
DXD,20090629,48.13,48.38,47.18,47.32,39720
DXD,20090630,47.20,48.70,46.86,47.90,66900
DXD,20090701,47.58,47.60,46.58,47.45,55760
DXD,20090702,48.65,49.83,48.65,49.76,57844
DXD,20090706,50.72,50.87,49.37,49.43,78688
DXD,20090707,49.53,51.54,49.53,51.54,74892
DXD,20090708,51.05,52.23,50.60,51.00,95303
DXD,20090709,50.61,51.50,50.41,51.20,54401
DXD,20090710,51.65,52.14,51.00,51.47,70965
DXD,20090713,51.27,51.68,49.16,49.27,66584
DXD,20090714,48.95,49.69,48.78,48.78,53839
DXD,20090715,47.76,47.79,45.66,45.78,79389
DXD,20090716,45.94,46.05,44.45,44.69,71490
DXD,20090717,44.63,45.15,44.30,44.38,50971
DXD,20090720,43.93,44.30,43.28,43.41,57340
DXD,20090721,42.74,43.72,42.57,42.65,79134
DXD,20090722,43.07,43.18,42.31,42.89,67094
DXD,20090723,42.93,42.96,40.87,41.21,96971
DXD,20090724,41.45,41.73,40.85,40.86,53013
DXD,20090727,41.01,41.45,40.63,40.76,55859
DXD,20090728,41.27,41.69,40.64,40.92,55111
DXD,20090729,41.20,41.64,40.93,41.10,67139
DXD,20090730,40.35,40.62,39.53,40.43,75991
DXD,20090731,40.50,40.54,39.80,40.31,49612
DXD,20090803,39.51,40.00,39.10,39.21,59473
DXD,20090804,39.45,39.50,38.88,38.93,62186
DXD,20090805,39.00,39.82,38.92,39.24,62115
DXD,20090806,38.89,39.76,38.79,39.40,55041
DXD,20090807,38.65,39.00,37.80,38.38,74979
DXD,20090810,38.66,39.05,38.38,38.68,45807
DXD,20090811,38.87,39.64,38.86,39.42,51559
DXD,20090812,39.50,39.50,37.83,38.37,73614
DXD,20090813,38.07,38.88,38.00,38.05,55181
DXD,20090814,38.15,39.39,38.09,38.73,59677
DXD,20090817,39.96,40.34,39.86,40.14,62815
DXD,20090818,39.90,40.04,39.31,39.48,56334
DXD,20090819,40.11,40.21,38.58,38.88,64265
DXD,20090820,38.84,39.01,38.15,38.29,45246
DXD,20090821,37.90,37.94,36.85,37.01,68072
DXD,20090824,36.67,37.10,36.30,36.93,44632
DXD,20090825,36.65,36.80,36.03,36.66,66911
DXD,20090826,36.85,37.12,36.35,36.64,50677
DXD,20090827,36.66,37.33,36.16,36.36,62287
DXD,20090828,35.97,37.00,35.91,36.60,40157
DXD,20090831,37.25,37.46,36.95,37.00,48401
DXD,20090901,37.32,38.58,36.49,38.42,83995
DXD,20090902,38.62,38.82,38.22,38.75,51539
DXD,20090903,38.35,38.88,38.06,38.18,34272
DXD,20090904,38.09,38.32,37.30,37.40,46547
DXD,20090908,36.75,37.24,36.74,36.85,33455
DXD,20090909,36.84,37.03,36.25,36.54,47055
DXD,20090910,36.48,36.78,35.80,35.94,39198
DXD,20090911,35.87,36.26,35.69,36.01,46254
DXD,20090914,36.58,36.58,35.78,35.85,47892
DXD,20090915,35.75,36.17,35.19,35.49,77942
DXD,20090916,35.17,35.45,34.56,34.60,57451
DXD,20090917,34.65,34.91,34.15,34.62,58723
DXD,20090918,34.32,34.60,34.21,34.47,48625
DXD,20090921,34.86,35.06,34.51,34.69,41742
DXD,20090922,34.30,34.74,34.23,34.38,35283
DXD,20090923,34.25,34.95,33.72,34.83,65457
DXD,20090924,34.66,35.51,34.52,35.22,68809
DXD,20090925,35.34,35.67,35.00,35.45,65301
DXD,20090928,35.23,35.25,34.30,34.58,57688
DXD,20090929,34.53,34.92,34.23,34.88,50000
DXD,20090930,34.72,35.86,34.62,35.18,78574
DXD,20091001,35.26,36.64,35.24,36.62,75651
DXD,20091002,37.26,37.27,36.45,36.78,84635
DXD,20091005,36.56,36.78,35.66,35.87,58538
DXD,20091006,35.43,35.45,34.55,34.90,70012
DXD,20091007,34.96,35.22,34.76,34.87,45842
DXD,20091008,34.43,34.72,34.06,34.44,49516
DXD,20091009,34.44,34.60,33.87,33.89,37320
DXD,20091012,33.62,33.98,33.41,33.73,27948
DXD,20091013,33.94,34.22,33.67,33.80,33646
DXD,20091014,33.15,33.38,32.76,32.85,50539
DXD,20091015,33.06,33.10,32.54,32.57,38035
DXD,20091016,33.10,33.31,32.78,32.93,47017
DXD,20091019,32.86,32.97,32.15,32.35,54695
DXD,20091020,32.27,32.96,32.26,32.66,51735
DXD,20091021,32.81,33.27,32.11,33.26,65628
DXD,20091022,33.14,33.44,32.17,32.39,97897
DXD,20091023,32.22,33.26,32.21,32.96,93316
DXD,20091026,32.91,33.83,32.35,33.64,91916
DXD,20091027,33.57,33.92,33.15,33.63,103221
DXD,20091028,33.78,34.43,33.46,34.39,115707
DXD,20091029,33.92,34.14,32.95,33.09,90593
DXD,20091030,33.22,34.85,33.00,34.73,137297
DXD,20091102,34.50,34.90,33.60,34.16,106194
DXD,20091103,34.58,34.72,34.12,34.24,69950
DXD,20091104,33.75,34.09,33.10,33.96,80739
DXD,20091105,33.47,33.47,32.53,32.54,70952
DXD,20091106,32.91,33.04,32.28,32.43,59672
DXD,20091109,31.98,32.07,31.05,31.09,50772
DXD,20091110,31.19,31.25,30.87,30.91,42238
DXD,20091111,30.63,30.95,30.35,30.63,51009
DXD,20091112,30.75,31.39,30.48,31.18,48793
DXD,20091113,31.11,31.26,30.57,30.76,49293
DXD,20091116,30.48,30.49,29.78,29.96,53193
DXD,20091117,30.08,30.18,29.74,29.74,39493
DXD,20091118,29.77,30.14,29.74,29.78,33007
DXD,20091119,30.09,30.75,30.08,30.29,50660
DXD,20091120,30.55,30.65,30.22,30.32,39462
DXD,20091123,29.78,29.81,29.32,29.64,44135
DXD,20091124,29.63,30.11,29.56,29.67,44670
DXD,20091125,29.56,29.75,29.40,29.51,26096
DXD,20091127,30.73,30.87,29.97,30.31,53700
DXD,20091130,30.37,30.60,30.00,30.11,63268
DXD,20091201,29.63,29.69,29.20,29.41,57671
DXD,20091202,29.42,29.65,29.15,29.52,48381
DXD,20091203,29.36,30.07,29.17,30.01,55496
DXD,20091204,29.27,30.28,29.10,29.85,81631
DXD,20091207,29.91,30.00,29.51,29.79,42659
DXD,20091208,30.13,30.62,30.12,30.41,47814
DXD,20091209,30.42,30.70,30.07,30.12,43779
DXD,20091210,29.80,29.82,29.45,29.71,34606
DXD,20091211,29.50,29.61,29.22,29.25,37834
DXD,20091214,29.00,29.27,29.00,29.12,23019
DXD,20091215,29.27,29.52,29.15,29.36,26778
DXD,20091216,29.16,29.52,29.05,29.41,22287
DXD,20091217,29.74,30.18,29.70,30.14,31769
DXD,20091218,29.85,30.45,29.81,30.01,26964
DXD,20091221,29.81,29.81,29.31,29.57,29317
DXD,20091222,29.43,29.50,29.20,29.28,21573
DXD,20091223,29.16,29.43,29.12,29.26,22454
DXD,20091224,29.22,29.24,28.95,28.96,11934
DXD,20091228,28.85,29.03,28.78,28.82,13387
DXD,20091229,28.70,28.82,28.62,28.79,14441
DXD,20091230,28.99,29.03,28.78,28.84,17625
DXD,20091231,28.77,29.47,28.75,29.47,16038
DXD,20100104,29.03,29.06,28.45,28.56,33808
DXD,20100105,28.56,28.95,28.55,28.64,26579
DXD,20100106,28.65,28.73,28.46,28.61,23518
DXD,20100107,28.73,28.95,28.36,28.39,29562
DXD,20100108,28.53,28.68,28.31,28.31,24558
DXD,20100111,28.12,28.47,28.02,28.10,31169
DXD,20100112,28.45,28.59,28.15,28.28,40202
DXD,20100113,28.19,28.35,27.85,27.98,37502
DXD,20100114,28.01,28.05,27.76,27.81,20510
DXD,20100115,27.88,28.59,27.86,28.35,31067
DXD,20100119,28.44,28.44,27.71,27.74,41167
DXD,20100120,28.08,28.78,28.07,28.33,44995
DXD,20100121,28.35,29.57,28.27,29.57,77834
DXD,20100122,29.77,30.78,29.48,30.71,89107
DXD,20100125,30.29,30.72,30.21,30.54,57380
DXD,20100126,30.73,30.83,30.03,30.60,55787
DXD,20100127,30.73,31.12,30.20,30.34,71842
DXD,20100128,30.15,31.40,30.14,30.99,88073
DXD,20100129,30.77,31.48,30.28,31.39,90764
DXD,20100201,30.97,31.07,30.57,30.61,60971
DXD,20100202,30.51,30.68,29.84,29.95,50220
DXD,20100203,30.10,30.28,29.84,30.11,40215
DXD,20100204,30.47,31.64,30.42,31.61,109664
DXD,20100205,31.57,32.68,31.41,31.56,140275
DXD,20100208,31.65,32.19,31.38,32.13,71222
DXD,20100209,31.52,31.71,30.67,31.21,135917
DXD,20100210,31.25,31.76,30.99,31.24,78648
DXD,20100211,31.33,31.67,30.52,30.60,84296
DXD,20100212,31.25,31.57,30.74,30.77,107967
DXD,20100216,30.35,30.58,29.74,29.83,66493
DXD,20100217,29.63,29.77,29.48,29.55,55132
DXD,20100218,29.65,29.65,29.00,29.09,57921
DXD,20100219,29.22,29.35,28.79,29.03,50811
DXD,20100222,28.79,29.16,28.79,29.10,34155
DXD,20100223,29.21,29.73,28.94,29.64,50048
DXD,20100224,29.46,29.58,29.02,29.12,53981
DXD,20100225,29.92,30.14,29.35,29.38,63539
DXD,20100226,29.32,29.68,29.20,29.35,48226
DXD,20100301,29.13,29.22,28.85,28.96,31268
DXD,20100302,28.72,28.99,28.62,28.95,35503
DXD,20100303,28.78,29.07,28.56,28.91,33447
DXD,20100304,28.85,28.99,28.65,28.70,27960
DXD,20100305,28.42,28.51,27.97,28.01,45827
DXD,20100308,28.00,28.13,27.88,28.06,23415
DXD,20100309,28.15,28.17,27.75,28.00,41695
DXD,20100310,27.96,28.19,27.77,27.98,45095
DXD,20100311,28.07,28.27,27.71,27.72,41934
DXD,20100312,27.53,27.78,27.50,27.63,32422
DXD,20100315,27.69,27.92,27.53,27.56,26448
DXD,20100316,27.46,27.66,27.26,27.29,45759
DXD,20100317,27.17,27.22,26.89,27.08,46272
DXD,20100318,27.06,27.10,26.81,26.84,36562
DXD,20100319,26.68,27.26,26.65,27.03,47751
DXD,20100322,27.23,27.27,26.68,26.80,48376
DXD,20100323,26.69,26.80,26.25,26.28,40811
DXD,20100324,26.40,26.60,26.31,26.51,33658
DXD,20100325,26.23,26.55,25.95,26.48,53240
DXD,20100326,26.40,26.64,26.18,26.47,47652
DXD,20100329,26.30,26.37,26.13,26.25,32070
DXD,20100330,26.20,26.37,26.02,26.15,60181
DXD,20100331,26.31,26.53,26.20,26.40,59913
DXD,20100401,26.08,26.37,25.90,26.04,60101
DXD,20100405,25.91,26.08,25.77,25.83,46693
DXD,20100406,25.96,26.07,25.78,25.84,61149
DXD,20100407,25.93,26.42,25.87,26.15,69655
DXD,20100408,26.34,26.43,25.92,26.01,55743
DXD,20100409,25.93,25.99,25.67,25.68,47897
DXD,20100412,25.62,25.71,25.53,25.63,18222
DXD,20100413,25.71,25.92,25.49,25.57,23928
DXD,20100414,25.40,25.49,25.08,25.09,26433
DXD,20100415,25.17,25.21,24.95,24.98,19354
DXD,20100416,25.07,25.78,24.97,25.55,67100
DXD,20100419,25.70,25.76,25.22,25.24,51480
DXD,20100420,25.06,25.27,24.99,25.10,19958
DXD,20100421,25.11,25.31,24.95,25.10,31388
DXD,20100422,25.35,25.55,24.95,25.00,47537
DXD,20100423,25.02,25.15,24.70,24.72,42151
DXD,20100426,24.67,24.71,24.46,24.68,21272
DXD,20100427,24.81,25.71,24.63,25.64,78852
DXD,20100428,25.43,25.75,25.21,25.34,58023
DXD,20100429,25.17,25.17,24.67,24.80,39346
DXD,20100430,24.77,25.55,24.67,25.51,64428
DXD,20100503,25.30,25.31,24.73,24.85,50036
DXD,20100504,25.29,26.11,25.29,25.83,82424
DXD,20100505,26.20,26.35,25.73,26.10,70009
DXD,20100506,26.30,30.70,25.68,27.77,152704
DXD,20100507,27.93,29.22,27.42,28.59,170587
DXD,20100510,26.48,26.80,26.01,26.25,123885
DXD,20100511,26.70,26.75,25.81,26.42,85994
DXD,20100512,26.20,26.28,25.60,25.63,69883
DXD,20100513,25.74,26.24,25.54,26.20,43189
DXD,20100514,26.49,27.37,26.39,26.92,101794
DXD,20100517,26.83,27.87,26.75,26.93,95423
DXD,20100518,26.52,27.64,26.44,27.48,102405
DXD,20100519,27.72,28.45,27.41,27.83,124030
DXD,20100520,28.79,29.85,28.64,29.72,144137
DXD,20100521,30.64,30.80,29.03,29.05,188713
DXD,20100524,29.37,29.87,29.05,29.79,65479
DXD,20100525,31.08,31.53,29.84,29.92,134418
DXD,20100526,29.65,30.48,29.13,30.37,98521
DXD,20100527,29.32,29.54,28.55,28.56,87539
DXD,20100528,28.63,29.47,28.61,29.20,75568
DXD,20100601,29.70,29.94,28.77,29.86,101771
DXD,20100602,29.57,29.85,28.50,28.52,89754
DXD,20100603,28.29,28.95,28.16,28.51,45187
DXD,20100604,29.45,30.53,29.33,30.32,89906
DXD,20100607,30.17,31.04,30.00,30.98,82253
DXD,20100608,30.95,31.37,30.14,30.24,112301
DXD,20100609,29.91,30.64,29.45,30.43,97693
DXD,20100610,29.54,29.55,28.70,28.76,64005
DXD,20100611,29.23,29.24,28.49,28.50,55028
DXD,20100614,28.11,28.65,27.86,28.60,67448
DXD,20100615,28.22,28.35,27.39,27.44,75434
DXD,20100616,27.70,27.80,27.30,27.39,57385
DXD,20100617,27.24,27.88,27.22,27.26,46667
DXD,20100618,27.19,27.33,27.00,27.18,24388
DXD,20100621,26.53,27.47,26.42,27.19,45654
DXD,20100622,27.20,28.03,26.95,27.99,73370
DXD,20100623,27.90,28.36,27.59,27.96,87303
DXD,20100624,28.25,28.87,28.16,28.74,73955
DXD,20100625,28.63,29.16,28.48,28.64,71779
DXD,20100628,28.65,29.02,28.45,28.82,47398
DXD,20100629,29.52,30.68,29.49,30.33,103061
DXD,20100630,30.48,31.05,30.11,30.95,81915
DXD,20100701,30.95,31.89,30.78,31.21,147709
DXD,20100702,31.06,31.94,30.95,31.49,98239
DXD,20100706,30.76,31.67,30.37,31.10,76820
DXD,20100707,31.06,31.09,29.27,29.33,96205
DXD,20100708,28.93,29.25,28.60,28.62,63492
DXD,20100709,28.63,28.73,28.24,28.26,53985
DXD,20100712,28.37,28.56,28.15,28.18,34400
DXD,20100713,27.63,27.67,27.11,27.35,62559
DXD,20100714,27.45,27.69,27.16,27.36,44368
DXD,20100715,27.38,28.02,27.27,27.38,79387
DXD,20100716,27.70,28.84,27.63,28.72,88588
DXD,20100719,28.52,28.89,28.23,28.40,63271
DXD,20100720,29.25,29.28,27.96,28.00,92131
DXD,20100721,27.79,28.88,27.79,28.61,69133
DXD,20100722,28.02,28.04,27.20,27.47,73979
DXD,20100723,27.51,27.63,26.81,26.91,81092
DXD,20100726,26.85,26.95,26.36,26.40,52792
DXD,20100727,26.13,26.53,26.10,26.31,49527
DXD,20100728,26.39,26.68,26.25,26.48,50145
DXD,20100729,26.20,27.07,26.06,26.69,95965
DXD,20100730,27.13,27.27,26.45,26.67,85244
DXD,20100802,25.95,26.07,25.51,25.62,54191
DXD,20100803,25.75,25.96,25.58,25.81,34683
DXD,20100804,25.67,25.80,25.43,25.52,35057
DXD,20100805,25.77,25.87,25.56,25.56,30060
DXD,20100806,26.00,26.31,25.63,25.65,60257
DXD,20100809,25.50,25.67,25.32,25.43,21008
DXD,20100810,25.81,26.12,25.41,25.67,65060
DXD,20100811,26.36,26.97,26.36,26.88,53238
DXD,20100812,27.56,27.57,27.01,27.22,52940
DXD,20100813,27.35,27.40,27.05,27.28,48764
DXD,20100816,27.55,27.79,27.15,27.33,35644
DXD,20100817,26.94,27.10,26.34,26.76,34320
DXD,20100818,26.79,27.09,26.36,26.63,46159
DXD,20100819,26.88,27.66,26.78,27.38,63837
DXD,20100820,27.55,28.05,27.52,27.68,52583
DXD,20100823,27.47,27.92,27.19,27.88,43039
DXD,20100824,28.49,28.90,28.24,28.66,74252
DXD,20100825,28.94,29.22,28.30,28.52,70912
DXD,20100826,28.34,29.05,28.27,28.91,56451
DXD,20100827,28.57,29.21,27.91,27.95,75034
DXD,20100830,28.14,28.73,27.97,28.73,35017
DXD,20100831,28.90,29.10,28.33,28.69,70450
DXD,20100901,28.01,28.06,27.13,27.21,62371
DXD,20100902,27.11,27.30,26.94,26.95,31283
DXD,20100903,26.46,26.74,26.25,26.30,40421
DXD,20100907,26.50,26.87,26.42,26.79,26466
DXD,20100908,26.71,26.72,26.35,26.57,25375
DXD,20100909,26.03,26.57,26.03,26.42,21227
DXD,20100910,26.32,26.47,26.13,26.18,24202
DXD,20100913,25.71,26.01,25.61,25.72,27997
DXD,20100914,25.81,25.95,25.51,25.80,33693
DXD,20100915,25.94,26.05,25.51,25.58,32039
DXD,20100916,25.71,25.83,25.44,25.46,30201
DXD,20100917,25.27,25.61,25.21,25.44,34457
DXD,20100920,25.26,25.36,24.62,24.73,41323
DXD,20100921,24.69,24.88,24.35,24.67,54293
DXD,20100922,24.71,24.92,24.47,24.77,33312
DXD,20100923,25.12,25.23,24.67,25.10,39583
DXD,20100924,24.61,24.63,24.17,24.20,41920
DXD,20100927,24.19,24.42,24.14,24.38,24832
DXD,20100928,24.31,24.77,24.07,24.18,39079
DXD,20100929,24.30,24.45,24.15,24.31,29730
DXD,20100930,24.06,24.69,23.78,24.50,45418
DXD,20101001,24.21,24.54,24.13,24.30,33197
DXD,20101004,24.41,24.84,24.20,24.66,24532
DXD,20101005,24.27,24.33,23.68,23.80,40164
DXD,20101006,23.76,23.86,23.61,23.66,22016
DXD,20101007,23.52,23.96,23.50,23.72,22816
DXD,20101008,23.67,23.82,23.35,23.48,26922
DXD,20101011,23.39,23.59,23.37,23.42,13802
DXD,20101012,23.56,23.87,23.27,23.42,24284
DXD,20101013,23.17,23.25,22.83,23.08,31896
DXD,20101014,23.09,23.39,23.01,23.05,24960
DXD,20101015,22.89,23.43,22.87,23.20,25074
DXD,20101018,23.20,23.26,22.81,22.97,18848
DXD,20101019,23.34,23.80,23.20,23.56,42056
DXD,20101020,23.43,23.47,22.80,23.00,30288
DXD,20101021,22.78,23.15,22.54,22.81,32999
DXD,20101022,22.80,22.96,22.75,22.88,12164
DXD,20101025,22.64,22.75,22.38,22.72,23675
DXD,20101026,22.96,23.05,22.65,22.72,17288
DXD,20101027,22.99,23.31,22.84,22.88,23367
DXD,20101028,22.70,23.19,22.67,22.97,17597
DXD,20101029,23.02,23.10,22.87,22.91,16180
DXD,20101101,22.75,23.16,22.40,22.89,28749
DXD,20101102,22.58,22.67,22.50,22.63,18396
DXD,20101103,22.56,22.98,22.45,22.49,26049
DXD,20101104,22.08,22.11,21.59,21.63,37066
DXD,20101105,21.61,21.77,21.55,21.60,21602
DXD,20101108,21.72,21.86,21.65,21.70,13452
DXD,20101109,21.64,22.08,21.63,21.91,15940
DXD,20101110,21.94,22.26,21.82,21.87,20484
DXD,20101111,22.19,22.35,22.07,22.15,14946
DXD,20101112,22.39,22.70,22.18,22.50,24894
DXD,20101115,22.41,22.49,22.15,22.48,16177
DXD,20101116,22.72,23.33,22.66,23.14,35878
DXD,20101117,23.11,23.26,23.04,23.17,12742
DXD,20101118,22.79,22.80,22.37,22.47,25443
DXD,20101119,22.52,22.70,22.36,22.38,11968
DXD,20101122,22.56,22.95,22.43,22.44,16045
DXD,20101123,22.89,23.21,22.86,23.02,22852
DXD,20101124,22.76,22.76,22.36,22.42,13203
DXD,20101126,22.78,22.90,22.62,22.90,8756
DXD,20101129,23.07,23.41,22.80,22.91,19017
DXD,20101130,23.30,23.34,22.84,23.11,17736
DXD,20101201,22.44,22.48,21.95,22.06,32290
DXD,20101202,22.00,22.01,21.57,21.63,24613
DXD,20101203,21.79,21.79,21.51,21.55,15762
DXD,20101206,21.62,21.67,21.50,21.62,11232
DXD,20101207,21.28,21.64,21.25,21.64,25411
DXD,20101208,21.63,21.73,21.49,21.58,10252
DXD,20101209,21.38,21.70,21.37,21.55,8939
DXD,20101210,21.50,21.60,21.38,21.42,10663
DXD,20101213,21.26,21.35,21.13,21.31,13046
DXD,20101214,21.26,21.29,20.99,21.13,15706
DXD,20101215,21.16,21.25,20.98,21.17,16094
DXD,20101216,21.13,21.35,20.99,21.04,17584
DXD,20101217,21.07,21.23,21.04,21.06,10966
DXD,20101220,21.00,21.25,20.97,21.13,8241
DXD,20101221,21.02,21.03,20.86,20.90,8088
DXD,20101222,20.92,20.94,20.79,20.81,7501
DXD,20101223,20.85,20.89,20.74,20.77,5465
DXD,20101227,20.90,20.97,20.79,20.83,6634
DXD,20101228,20.74,20.95,20.70,20.75,10204
DXD,20101229,20.68,20.71,20.58,20.70,6147
DXD,20101230,20.75,20.84,20.69,20.77,9135
DXD,20101231,20.82,20.91,20.67,20.70,12096
DXD,20110103,20.43,20.44,20.26,20.43,11444
DXD,20110104,20.30,20.53,20.30,20.35,17693
DXD,20110105,20.45,20.45,20.15,20.21,11823
DXD,20110106,20.16,20.39,20.15,20.30,10401
DXD,20110107,20.27,20.63,20.17,20.35,20259
