GFA,20090115,4.70,5.11,4.39,4.82,14798
GFA,20090116,5.09,5.13,4.78,5.01,25064
GFA,20090120,4.90,4.90,4.27,4.30,9812
GFA,20090121,4.44,4.64,4.34,4.59,17714
GFA,20090122,4.36,4.45,4.24,4.29,13196
GFA,20090123,4.09,4.47,4.05,4.35,14406
GFA,20090126,4.55,4.63,4.30,4.38,8436
GFA,20090127,4.45,4.53,4.34,4.43,9046
GFA,20090128,4.84,5.15,4.84,5.05,10742
GFA,20090129,5.05,5.16,4.88,5.01,11052
GFA,20090130,5.13,5.19,4.86,4.95,7686
GFA,20090202,4.74,5.39,4.74,5.20,10694
GFA,20090203,5.26,6.03,5.01,5.76,19880
GFA,20090204,6.16,6.34,5.40,5.48,16088
GFA,20090205,5.50,5.72,5.38,5.64,10974
GFA,20090206,5.61,5.90,5.57,5.78,7894
GFA,20090209,5.81,5.82,5.49,5.61,7800
GFA,20090210,5.73,5.80,5.07,5.22,10818
GFA,20090211,5.41,5.57,5.11,5.39,13046
GFA,20090212,5.40,5.68,5.24,5.63,17844
GFA,20090213,5.80,5.99,5.64,5.86,15618
GFA,20090217,5.50,5.57,5.34,5.42,16628
GFA,20090218,5.49,5.55,5.11,5.14,22556
GFA,20090219,5.06,5.15,4.80,4.83,16508
GFA,20090220,4.68,4.83,4.38,4.71,16732
GFA,20090223,4.82,4.84,4.40,4.45,11102
GFA,20090224,4.75,4.84,4.37,4.78,13010
GFA,20090225,4.72,4.74,4.30,4.49,12486
GFA,20090226,4.57,4.69,4.39,4.39,8612
GFA,20090227,4.24,4.41,4.11,4.13,6036
GFA,20090302,3.95,3.95,3.63,3.66,17480
GFA,20090303,3.63,3.90,3.54,3.74,21726
GFA,20090304,3.90,3.95,3.68,3.74,11078
GFA,20090305,3.64,3.88,3.56,3.80,9156
GFA,20090306,3.91,4.07,3.66,3.76,8274
GFA,20090309,3.65,3.92,3.65,3.79,10762
GFA,20090310,3.86,4.12,3.73,4.03,14386
GFA,20090311,4.05,4.14,3.77,3.79,11640
GFA,20090312,3.84,3.88,3.77,3.86,18612
GFA,20090313,3.72,4.05,3.68,3.77,25674
GFA,20090316,3.87,4.00,3.74,3.88,17888
GFA,20090317,3.89,4.12,3.84,4.10,5354
GFA,20090318,4.09,4.47,4.03,4.39,7118
GFA,20090319,4.65,4.80,4.53,4.59,16246
GFA,20090320,4.53,4.68,4.44,4.49,14208
GFA,20090323,4.66,5.24,4.66,5.24,7482
GFA,20090324,5.09,5.32,4.92,4.99,12466
GFA,20090325,5.22,5.49,4.73,4.88,23286
GFA,20090326,5.11,5.15,4.91,4.94,16770
GFA,20090327,4.91,4.91,4.82,4.84,5254
GFA,20090330,4.69,4.86,4.58,4.83,6428
GFA,20090331,4.99,5.16,4.94,4.99,13010
GFA,20090401,5.01,5.49,4.92,5.45,6086
GFA,20090402,5.76,6.13,5.76,6.00,15994
GFA,20090403,6.29,6.36,6.07,6.29,9104
GFA,20090406,6.12,6.15,5.95,6.09,11470
GFA,20090407,6.05,6.27,5.91,6.18,21266
GFA,20090408,6.55,6.92,6.45,6.78,17614
GFA,20090409,7.09,7.30,6.54,6.57,18360
GFA,20090413,6.70,6.80,6.57,6.72,7754
GFA,20090414,6.70,6.91,6.56,6.67,17890
GFA,20090415,6.59,6.82,6.57,6.82,25786
GFA,20090416,6.89,6.97,6.68,6.93,9678
GFA,20090417,6.87,6.94,6.76,6.82,7036
GFA,20090420,6.51,6.51,6.20,6.32,20882
GFA,20090421,6.28,7.09,5.86,6.79,13660
GFA,20090422,6.55,6.87,6.55,6.75,14236
GFA,20090423,6.86,6.99,6.70,6.97,6650
GFA,20090424,7.32,7.91,7.26,7.83,31838
GFA,20090427,7.90,8.17,7.74,7.79,12532
GFA,20090428,7.59,7.97,7.50,7.84,9996
GFA,20090429,8.09,9.02,8.09,8.96,29774
GFA,20090430,9.15,9.27,8.65,8.65,17972
GFA,20090501,8.55,9.07,8.40,8.95,7478
GFA,20090504,9.10,9.87,9.10,9.82,21708
GFA,20090505,10.31,10.33,9.32,9.49,16592
GFA,20090506,9.77,9.77,9.14,9.53,16038
GFA,20090507,9.55,9.74,9.10,9.23,14268
GFA,20090508,9.68,9.87,9.15,9.86,14714
GFA,20090511,9.41,9.51,9.27,9.30,8296
GFA,20090512,9.50,9.55,8.95,9.02,10200
GFA,20090513,8.51,8.52,8.22,8.31,15722
GFA,20090514,8.22,8.65,8.15,8.55,12368
GFA,20090515,8.60,8.67,8.18,8.22,10500
GFA,20090518,8.55,8.88,8.51,8.82,20424
GFA,20090519,9.11,9.86,9.06,9.57,16790
GFA,20090520,9.84,10.05,9.18,9.27,16104
GFA,20090521,8.88,9.03,8.60,8.77,15176
GFA,20090522,8.99,9.06,8.70,8.99,7130
GFA,20090526,8.60,9.36,8.59,9.34,11510
GFA,20090527,9.69,9.78,9.01,9.19,28936
GFA,20090528,9.38,9.47,8.81,9.27,18484
GFA,20090529,9.52,9.55,9.02,9.06,25948
GFA,20090601,9.33,9.47,9.23,9.36,17476
GFA,20090602,8.82,8.88,8.60,8.77,19932
GFA,20090603,8.51,8.55,8.01,8.03,19104
GFA,20090604,8.02,8.58,8.02,8.57,17420
GFA,20090605,8.81,8.82,8.29,8.45,10754
GFA,20090608,8.25,8.60,8.25,8.52,12460
GFA,20090609,8.66,8.66,8.35,8.52,8402
GFA,20090610,8.64,8.65,8.39,8.52,11476
GFA,20090611,8.41,8.84,8.25,8.68,11740
GFA,20090612,8.60,8.78,8.52,8.69,11406
GFA,20090615,8.60,8.78,8.15,8.23,20646
GFA,20090616,8.38,8.40,8.06,8.10,9370
GFA,20090617,7.86,8.07,7.71,7.97,9234
GFA,20090618,7.91,8.23,7.85,8.09,7026
GFA,20090619,8.33,8.39,8.16,8.18,7508
GFA,20090622,7.96,7.96,7.50,7.54,9772
GFA,20090623,7.53,7.64,7.36,7.51,8352
GFA,20090624,7.76,7.93,7.55,7.72,18752
GFA,20090625,7.78,8.23,7.75,8.16,18220
GFA,20090626,8.35,8.35,8.05,8.10,11350
GFA,20090629,8.19,8.30,8.06,8.26,5402
GFA,20090630,8.43,8.44,8.02,8.25,8118
GFA,20090701,8.51,8.63,8.39,8.44,8530
GFA,20090702,8.24,8.49,8.14,8.43,6812
GFA,20090706,8.33,8.74,8.31,8.72,9480
GFA,20090707,8.69,8.77,8.44,8.48,8286
GFA,20090708,8.48,8.59,8.07,8.24,14784
GFA,20090709,8.49,8.49,8.00,8.34,5234
GFA,20090710,8.03,8.51,7.95,8.45,8054
GFA,20090713,8.52,8.57,8.23,8.48,9284
GFA,20090714,8.65,8.69,8.40,8.54,10306
GFA,20090715,8.78,9.28,8.73,9.20,11298
GFA,20090716,9.20,9.76,9.19,9.73,19976
GFA,20090717,9.74,10.19,9.74,10.01,12074
GFA,20090720,10.57,10.94,10.51,10.94,19606
GFA,20090721,10.98,11.30,10.75,11.21,15632
GFA,20090722,11.05,11.41,11.01,11.16,20224
GFA,20090723,11.18,12.09,11.14,11.94,18504
GFA,20090724,12.06,12.40,11.82,12.36,20382
GFA,20090727,12.52,13.01,12.42,13.00,21864
GFA,20090728,12.90,12.98,12.31,12.55,19962
GFA,20090729,12.14,12.26,11.92,12.05,11076
GFA,20090730,12.49,12.78,12.35,12.68,13024
GFA,20090731,12.61,12.88,12.57,12.81,13528
GFA,20090803,13.23,13.38,12.73,12.85,16970
GFA,20090804,12.69,13.15,12.56,13.07,13588
GFA,20090805,13.00,13.23,12.60,13.19,10552
GFA,20090806,13.19,13.22,12.29,12.44,10816
GFA,20090807,12.81,12.84,12.27,12.52,12122
GFA,20090810,12.47,12.52,12.18,12.38,6076
GFA,20090811,12.25,12.36,11.97,12.30,9526
GFA,20090812,12.45,12.66,12.36,12.56,19388
GFA,20090813,12.90,13.31,12.63,13.31,12062
GFA,20090814,13.32,13.33,12.77,13.15,14992
GFA,20090817,12.41,12.74,12.24,12.50,16112
GFA,20090818,12.49,13.28,12.49,13.27,11292
GFA,20090819,12.91,13.68,12.85,13.61,18822
GFA,20090820,13.38,14.02,13.38,13.99,11964
GFA,20090821,14.27,15.49,14.15,15.41,24474
GFA,20090824,15.95,16.16,15.35,15.47,19580
GFA,20090825,15.27,15.63,15.04,15.12,26152
GFA,20090826,15.02,15.94,14.78,15.86,23324
GFA,20090827,15.80,15.80,15.15,15.36,45866
GFA,20090828,15.41,15.56,15.06,15.12,10296
GFA,20090831,14.93,14.98,14.56,14.65,11578
GFA,20090901,14.38,14.70,13.79,13.85,27894
GFA,20090902,12.96,13.36,12.90,13.20,26390
GFA,20090903,13.43,13.61,13.27,13.59,17866
GFA,20090904,13.93,14.59,13.39,14.52,14312
GFA,20090908,15.05,15.30,14.87,15.23,12528
GFA,20090909,15.27,15.41,14.94,15.05,11542
GFA,20090910,15.05,15.25,14.86,15.09,10646
GFA,20090911,15.10,15.35,14.93,14.98,8164
GFA,20090914,14.80,15.68,14.74,15.64,13084
GFA,20090915,15.61,16.09,15.59,16.02,16020
GFA,20090916,16.16,16.55,16.06,16.45,11394
GFA,20090917,16.32,16.51,15.86,15.98,11582
GFA,20090918,16.19,16.30,15.88,15.99,13568
GFA,20090921,15.64,15.75,15.41,15.53,10158
GFA,20090922,15.93,16.00,15.53,15.90,11134
GFA,20090923,15.85,15.94,15.09,15.15,22160
GFA,20090924,15.22,15.38,14.52,14.75,17806
GFA,20090925,14.89,15.00,14.73,14.97,12962
GFA,20090928,15.32,15.56,15.27,15.53,11462
GFA,20090929,15.61,15.73,15.11,15.18,14098
GFA,20090930,15.41,15.56,14.87,15.18,15256
GFA,20091001,15.06,15.06,14.20,14.24,17800
GFA,20091002,13.88,15.18,13.77,15.09,45814
GFA,20091005,15.18,15.38,15.06,15.34,26282
GFA,20091006,15.48,15.80,15.15,15.61,26102
GFA,20091007,15.45,15.89,15.35,15.65,21852
GFA,20091008,15.82,16.16,15.74,16.07,19612
GFA,20091009,15.99,16.30,15.70,15.90,14320
GFA,20091012,15.90,16.80,15.90,16.34,15252
GFA,20091013,16.28,17.39,16.27,17.32,35796
GFA,20091014,17.99,18.81,17.92,18.30,44836
GFA,20091015,18.03,18.42,17.83,18.08,15722
GFA,20091016,17.83,18.48,17.77,17.92,18658
GFA,20091019,18.03,18.28,17.92,18.11,19606
GFA,20091020,17.60,17.69,16.06,17.42,51996
GFA,20091021,17.33,18.13,17.26,17.58,23142
GFA,20091022,17.81,18.09,17.24,17.67,15816
GFA,20091023,17.71,18.03,17.00,17.33,14428
GFA,20091026,17.52,18.23,17.00,17.17,26584
GFA,20091027,17.00,17.16,16.11,16.22,30672
GFA,20091028,15.43,15.63,14.23,14.48,56546
GFA,20091029,15.13,15.94,14.98,15.63,25164
GFA,20091030,15.93,15.94,14.50,14.90,27988
GFA,20091102,15.20,15.30,14.30,14.91,15154
GFA,20091103,14.53,15.45,14.30,15.01,18022
GFA,20091104,15.47,15.69,15.11,15.32,25880
GFA,20091105,15.64,16.19,15.64,16.11,21944
GFA,20091106,16.29,16.66,16.16,16.30,18032
GFA,20091109,16.70,17.17,16.59,16.95,18932
GFA,20091110,16.88,17.11,16.52,16.92,14028
GFA,20091111,17.29,17.50,16.57,16.97,19770
GFA,20091112,17.00,17.10,16.05,16.51,30560
GFA,20091113,16.36,17.00,16.11,16.88,22934
GFA,20091116,17.15,17.48,17.10,17.23,27054
GFA,20091117,17.28,17.39,16.75,17.20,14684
GFA,20091118,17.22,17.46,16.57,16.83,15866
GFA,20091119,16.54,16.83,15.93,16.75,15106
GFA,20091120,16.68,16.84,16.19,16.68,12588
GFA,20091123,16.92,17.59,16.92,17.51,35900
GFA,20091124,16.83,16.84,16.45,16.62,50052
GFA,20091125,16.84,16.85,16.65,16.78,27086
GFA,20091127,15.95,16.47,15.55,16.30,13558
GFA,20091130,16.44,16.95,16.27,16.85,34400
GFA,20091201,17.23,17.25,16.76,16.90,36582
GFA,20091202,16.98,17.19,16.52,16.88,33242
GFA,20091203,17.16,17.89,17.08,17.50,49156
GFA,20091204,17.84,18.00,17.18,17.60,38972
GFA,20091207,17.48,17.60,17.16,17.24,23752
GFA,20091208,17.00,17.28,16.43,16.65,28532
GFA,20091209,16.73,16.90,16.35,16.75,23158
GFA,20091210,16.79,16.94,16.36,16.46,13386
GFA,20091211,16.47,16.89,16.38,16.47,25828
GFA,20091214,16.64,16.72,16.16,16.65,18764
GFA,20091215,16.17,16.34,16.02,16.16,18816
GFA,20091216,16.28,16.41,15.95,16.26,19290
GFA,20091217,15.63,15.68,15.07,15.25,21378
GFA,20091218,15.19,15.51,15.07,15.43,16798
GFA,20091221,15.67,15.69,15.16,15.24,11582
GFA,20091222,15.35,15.63,15.27,15.59,14710
GFA,20091223,15.67,15.99,15.60,15.94,14752
GFA,20091224,16.08,16.38,15.94,16.19,3932
GFA,20091228,16.03,16.13,15.85,15.97,10276
GFA,20091229,15.94,16.05,15.86,15.98,9338
GFA,20091230,16.07,16.33,15.95,16.25,11392
GFA,20091231,16.42,16.57,16.02,16.18,10286
GFA,20100104,16.40,16.58,16.31,16.36,11728
GFA,20100105,16.22,16.34,15.86,16.10,16632
GFA,20100106,16.08,16.33,15.89,15.93,19424
GFA,20100107,16.02,16.13,15.45,15.49,23376
GFA,20100108,15.67,15.84,15.52,15.66,17866
GFA,20100111,15.68,15.73,15.11,15.28,18040
GFA,20100112,15.41,15.60,15.18,15.40,17146
GFA,20100113,15.51,15.58,15.09,15.28,13936
GFA,20100114,15.27,15.56,14.89,14.96,17130
GFA,20100115,15.10,15.10,14.70,15.10,19550
GFA,20100119,14.81,15.15,14.73,15.09,21666
GFA,20100120,14.62,14.64,14.10,14.45,21326
GFA,20100121,14.23,14.31,13.52,13.60,27740
GFA,20100122,13.43,14.04,13.28,13.44,16716
GFA,20100125,13.48,13.70,13.01,13.22,17266
GFA,20100126,13.11,13.78,13.05,13.35,19634
GFA,20100127,13.48,13.51,13.11,13.39,21076
GFA,20100128,13.61,13.64,12.96,13.26,14510
GFA,20100129,13.38,13.55,12.75,12.85,17440
GFA,20100201,13.05,13.74,13.03,13.72,18252
GFA,20100202,13.82,14.32,13.82,14.27,16536
GFA,20100203,13.98,14.24,13.90,14.16,14258
GFA,20100204,13.81,13.90,12.89,12.94,20062
GFA,20100205,12.89,12.94,12.13,12.73,47596
GFA,20100208,12.91,13.27,12.76,12.81,29726
GFA,20100209,13.19,13.91,12.96,13.77,42496
GFA,20100210,13.86,14.44,13.73,14.36,52814
GFA,20100211,14.38,14.97,14.26,14.86,34440
GFA,20100212,14.31,14.73,14.19,14.71,17272
GFA,20100216,14.99,15.13,14.78,15.08,10912
GFA,20100217,15.31,15.49,14.85,15.10,20652
GFA,20100218,14.99,15.43,14.99,15.18,12842
GFA,20100219,15.10,15.60,15.05,15.42,24542
GFA,20100222,15.70,15.75,15.29,15.37,19678
GFA,20100223,15.26,15.47,14.76,14.90,20902
GFA,20100224,15.09,15.35,14.81,14.99,17668
GFA,20100225,14.38,15.11,14.35,15.06,17676
GFA,20100226,15.19,15.47,14.85,15.35,14882
GFA,20100301,15.56,15.90,15.48,15.71,11084
GFA,20100302,16.03,16.15,15.90,15.99,13938
GFA,20100303,16.08,16.33,15.70,15.99,11918
GFA,20100304,16.11,16.21,15.39,15.50,10468
GFA,20100305,15.81,16.06,15.75,15.99,13444
GFA,20100308,15.99,16.11,15.65,15.77,20334
GFA,20100309,15.76,15.97,15.75,15.90,14172
GFA,20100310,16.03,16.46,15.94,16.28,11676
GFA,20100311,16.27,16.50,16.00,16.22,10363
GFA,20100312,16.12,16.18,15.50,15.55,12735
GFA,20100315,15.42,15.57,14.84,15.06,17103
GFA,20100316,15.27,15.53,15.06,15.52,12265
GFA,20100317,15.58,15.65,14.92,15.00,11496
GFA,20100318,14.97,15.28,14.78,14.83,15611
GFA,20100319,14.95,15.05,14.35,14.45,17071
GFA,20100322,14.05,14.57,13.82,14.52,16067
GFA,20100323,14.51,14.89,13.90,14.79,39770
GFA,20100324,14.40,14.73,14.24,14.29,85829
GFA,20100325,14.55,14.71,14.13,14.21,21901
GFA,20100326,14.43,14.46,14.05,14.14,27220
GFA,20100329,14.26,14.46,13.60,13.85,35332
GFA,20100330,14.08,14.14,13.66,13.71,25867
GFA,20100331,13.67,14.00,13.60,13.74,42965
GFA,20100401,14.22,14.38,14.02,14.32,21664
GFA,20100405,14.44,14.72,14.40,14.63,30865
GFA,20100406,14.43,14.79,14.31,14.36,20971
GFA,20100407,14.40,14.57,13.94,14.09,18899
GFA,20100408,14.14,14.27,13.96,14.19,15244
GFA,20100409,14.32,14.43,13.99,14.07,12909
GFA,20100412,14.08,14.19,14.00,14.11,13564
GFA,20100413,14.16,14.23,13.92,14.21,14128
GFA,20100414,14.40,14.40,13.99,14.21,14875
GFA,20100415,14.22,14.32,13.94,14.07,14899
GFA,20100416,13.95,14.02,13.39,13.61,15377
GFA,20100419,13.35,13.72,13.22,13.58,18881
GFA,20100420,13.79,13.88,13.59,13.86,13069
GFA,20100421,13.85,13.98,13.56,13.90,15665
GFA,20100422,13.75,13.97,13.60,13.94,11877
GFA,20100423,13.98,14.17,13.74,13.94,13077
GFA,20100426,13.95,14.18,13.87,13.94,13528
GFA,20100427,13.75,14.17,13.52,13.57,21554
GFA,20100428,13.66,13.75,13.30,13.52,11665
GFA,20100429,13.78,14.00,13.67,13.85,12970
GFA,20100430,13.83,14.00,13.69,13.82,13503
GFA,20100503,14.09,14.61,14.04,14.52,17357
GFA,20100504,14.30,14.30,13.77,13.91,23162
GFA,20100505,13.66,13.79,13.13,13.40,29307
GFA,20100506,13.08,13.52,11.60,12.69,50132
GFA,20100507,12.43,12.81,11.88,12.16,40631
GFA,20100510,13.57,13.57,12.87,13.42,19376
GFA,20100511,13.08,13.64,12.94,13.30,15017
GFA,20100512,13.59,13.85,13.49,13.71,11818
GFA,20100513,13.20,13.22,12.88,12.91,63262
GFA,20100514,12.65,12.69,11.68,11.96,49344
GFA,20100517,11.97,12.13,11.12,11.40,38492
GFA,20100518,11.71,11.87,10.91,11.00,41146
GFA,20100519,10.50,10.96,10.35,10.83,28082
GFA,20100520,10.33,11.40,10.04,11.08,48265
GFA,20100521,10.94,12.01,10.90,11.95,72901
GFA,20100524,11.81,12.15,11.38,11.38,29221
GFA,20100525,10.70,11.33,10.45,11.27,30717
GFA,20100526,11.56,11.85,11.12,11.30,28067
GFA,20100527,11.98,12.17,11.67,12.16,16343
GFA,20100528,12.07,12.31,11.79,11.90,13871
GFA,20100601,11.75,12.16,11.57,11.57,20515
GFA,20100602,11.68,12.09,11.68,12.05,22759
GFA,20100603,12.09,12.29,11.42,11.82,12593
GFA,20100604,11.70,11.83,11.35,11.39,23112
GFA,20100607,11.46,11.64,11.20,11.21,31778
GFA,20100608,11.40,11.71,11.31,11.68,38045
GFA,20100609,11.92,12.11,11.53,11.61,26718
GFA,20100610,11.93,12.19,11.84,12.14,25942
GFA,20100611,11.95,12.69,11.95,12.66,22288
GFA,20100614,12.80,13.20,12.64,12.65,23592
GFA,20100615,12.88,13.10,12.77,13.07,13849
GFA,20100616,12.83,13.26,12.80,12.94,22152
GFA,20100617,13.00,13.12,12.66,12.99,15922
GFA,20100618,13.00,13.19,12.97,13.02,17288
GFA,20100621,13.37,13.43,12.91,13.03,14833
GFA,20100622,13.06,13.50,13.05,13.30,29711
GFA,20100623,13.10,13.14,12.77,13.04,18420
GFA,20100624,12.99,13.05,12.71,12.89,13633
GFA,20100625,12.83,13.06,12.68,13.00,10084
GFA,20100628,12.89,13.00,12.76,12.84,13895
GFA,20100629,12.27,12.39,11.91,11.95,24285
GFA,20100630,11.98,12.32,11.98,12.11,34607
GFA,20100701,12.04,12.21,11.69,12.14,23978
GFA,20100702,12.31,12.44,12.03,12.24,14844
GFA,20100706,12.73,13.07,12.64,12.86,40110
GFA,20100707,13.01,13.65,12.98,13.60,33194
GFA,20100708,13.46,13.62,13.31,13.60,32363
GFA,20100709,13.19,13.74,13.12,13.69,10583
GFA,20100712,13.73,13.74,13.45,13.53,14320
GFA,20100713,13.76,13.92,13.63,13.80,14415
GFA,20100714,13.66,14.03,13.51,14.00,21847
GFA,20100715,14.31,14.45,14.12,14.30,31695
GFA,20100716,14.08,14.19,13.66,13.70,26088
GFA,20100719,13.95,14.13,13.70,14.01,30187
GFA,20100720,13.86,14.28,13.76,14.28,43807
GFA,20100721,14.31,14.42,13.85,14.14,27343
GFA,20100722,14.31,14.59,14.28,14.58,29423
GFA,20100723,14.41,14.86,14.33,14.86,20873
GFA,20100726,14.83,14.92,14.57,14.73,15896
GFA,20100727,14.93,14.95,14.40,14.56,12638
GFA,20100728,14.59,14.80,14.46,14.64,21338
GFA,20100729,14.80,15.10,14.59,14.90,24057
GFA,20100730,14.75,15.18,14.74,15.14,23183
GFA,20100802,15.28,15.73,15.20,15.69,24415
GFA,20100803,15.32,15.46,14.87,14.99,23425
GFA,20100804,15.09,15.14,14.69,14.75,17539
GFA,20100805,14.70,14.76,14.36,14.47,10886
GFA,20100806,14.37,14.48,14.01,14.25,18027
GFA,20100809,14.49,14.56,14.28,14.35,11112
GFA,20100810,14.18,14.33,14.00,14.16,21098
GFA,20100811,13.96,13.98,13.74,13.85,18977
GFA,20100812,13.55,13.82,13.47,13.50,16715
GFA,20100813,13.59,13.80,13.44,13.49,16153
GFA,20100816,13.61,13.88,13.54,13.81,13644
GFA,20100817,14.00,14.15,13.94,13.99,20179
GFA,20100818,14.01,14.33,13.90,14.19,19539
GFA,20100819,14.26,14.29,13.94,14.04,26762
GFA,20100820,13.76,13.99,13.70,13.92,16841
GFA,20100823,14.03,14.13,13.81,13.86,13222
GFA,20100824,13.58,13.77,13.33,13.63,14708
GFA,20100825,13.48,13.57,13.31,13.56,15536
GFA,20100826,13.69,13.72,13.23,13.25,17813
GFA,20100827,13.27,13.85,13.17,13.82,14161
GFA,20100830,13.67,13.79,13.39,13.42,7736
GFA,20100831,13.43,13.78,13.33,13.77,13588
GFA,20100901,14.02,14.46,13.92,14.20,15414
GFA,20100902,14.20,14.35,14.09,14.29,9828
GFA,20100903,14.50,14.55,14.23,14.28,12019
GFA,20100907,14.03,14.25,13.96,14.10,6159
GFA,20100908,14.18,14.45,14.15,14.33,15292
GFA,20100909,14.53,14.67,14.31,14.62,17851
GFA,20100910,14.65,14.79,14.58,14.70,7938
GFA,20100913,15.00,15.26,14.84,15.26,14560
GFA,20100914,15.17,15.53,15.09,15.38,22215
GFA,20100915,15.19,15.38,15.04,15.30,14753
GFA,20100916,15.30,15.37,15.13,15.27,13524
GFA,20100917,15.09,15.39,14.66,15.36,39047
GFA,20100920,15.28,15.39,15.07,15.38,17018
GFA,20100921,15.30,15.38,15.09,15.30,15858
GFA,20100922,15.33,15.50,15.21,15.41,12663
GFA,20100923,15.28,15.78,15.24,15.53,23255
GFA,20100924,15.73,15.92,15.34,15.48,29806
GFA,20100927,15.36,15.78,15.36,15.62,24701
GFA,20100928,15.70,16.00,15.53,15.99,34486
GFA,20100929,15.95,16.06,15.53,15.58,39706
GFA,20100930,15.40,15.57,15.15,15.49,26080
GFA,20101001,15.91,16.44,15.82,16.34,39766
GFA,20101004,16.31,16.67,16.29,16.53,18950
GFA,20101005,16.70,17.28,16.67,17.22,31119
GFA,20101006,17.04,17.22,16.75,16.86,22100
GFA,20101007,16.95,16.96,16.29,16.77,22009
GFA,20101008,16.92,17.13,16.70,17.00,14177
GFA,20101011,17.09,17.16,16.78,16.84,15144
GFA,20101012,16.68,16.82,16.47,16.80,15648
GFA,20101013,17.25,18.24,17.12,18.19,39069
GFA,20101014,17.82,18.04,17.67,17.91,30808
GFA,20101015,17.77,17.83,17.48,17.76,20984
GFA,20101018,17.79,17.83,17.47,17.59,23920
GFA,20101019,16.83,17.28,16.61,16.70,39474
GFA,20101020,16.80,17.46,16.65,17.07,25599
GFA,20101021,16.86,17.10,16.19,16.49,26795
GFA,20101022,16.75,16.82,16.02,16.13,23679
GFA,20101025,16.39,16.49,16.01,16.28,19464
GFA,20101026,16.08,16.29,16.00,16.17,19745
GFA,20101027,16.16,16.56,16.16,16.56,20237
GFA,20101028,16.73,16.75,16.40,16.48,14778
GFA,20101029,16.53,16.82,16.48,16.79,14255
GFA,20101101,17.02,17.22,16.67,16.79,18034
GFA,20101102,17.10,17.53,17.02,17.49,14162
GFA,20101103,17.20,17.24,16.83,17.10,30362
GFA,20101104,17.39,17.83,17.29,17.78,16463
GFA,20101105,17.84,17.96,17.70,17.91,22138
GFA,20101108,17.47,17.62,17.22,17.49,22256
GFA,20101109,17.21,17.25,16.18,16.27,33764
GFA,20101110,15.84,16.12,15.41,16.09,38522
GFA,20101111,16.00,16.36,15.90,16.35,19637
GFA,20101112,15.90,16.08,15.49,15.71,24211
GFA,20101115,15.86,16.00,15.61,15.66,9560
GFA,20101116,15.45,15.52,15.01,15.23,20829
GFA,20101117,15.42,15.87,15.16,15.28,30177
GFA,20101118,15.68,15.90,15.50,15.55,15032
GFA,20101119,15.51,15.60,15.22,15.31,28032
GFA,20101122,14.99,15.09,14.50,14.93,30307
GFA,20101123,14.37,14.39,13.91,14.22,40881
GFA,20101124,14.62,14.83,14.53,14.78,38023
GFA,20101126,14.47,14.71,14.32,14.38,15676
GFA,20101129,14.18,14.20,13.81,13.98,37992
GFA,20101130,13.95,14.38,13.85,14.36,37190
GFA,20101201,14.75,14.78,14.44,14.66,16474
GFA,20101202,14.75,14.93,14.60,14.67,14790
GFA,20101203,14.61,14.86,14.50,14.60,12225
GFA,20101206,14.28,14.43,14.17,14.35,22196
GFA,20101207,14.72,14.82,14.30,14.37,19987
GFA,20101208,14.28,14.29,13.49,13.64,26804
GFA,20101209,13.78,13.78,13.51,13.65,21233
GFA,20101210,13.87,13.93,13.55,13.70,17342
GFA,20101213,14.10,14.26,13.90,14.13,20350
GFA,20101214,14.06,14.16,13.83,13.91,13341
GFA,20101215,13.82,14.04,13.35,13.46,27240
GFA,20101216,13.33,13.39,13.03,13.35,43764
GFA,20101217,13.24,13.55,13.18,13.55,25922
GFA,20101220,13.43,13.48,13.07,13.12,26943
GFA,20101221,13.43,13.86,13.34,13.79,35498
GFA,20101222,13.70,13.93,13.61,13.82,19407
GFA,20101223,13.72,13.93,13.70,13.90,10115
GFA,20101227,13.70,13.87,13.63,13.86,11561
GFA,20101228,13.86,13.93,13.75,13.85,10040
GFA,20101229,14.08,14.56,14.06,14.45,24435
GFA,20101230,14.56,14.72,14.48,14.63,18480
GFA,20101231,14.63,14.66,14.30,14.53,7233
GFA,20110103,14.99,15.17,14.92,14.96,17710
GFA,20110104,14.90,14.92,14.31,14.54,15934
GFA,20110105,14.36,14.66,14.33,14.47,21418
GFA,20110106,14.49,14.51,14.18,14.35,14799
GFA,20110107,14.32,14.34,13.84,13.97,23259
