GOL,20090115,4.35,4.75,4.23,4.68,17896
GOL,20090116,4.94,5.08,4.81,4.81,4962
GOL,20090120,4.83,4.89,4.45,4.46,6559
GOL,20090121,4.69,4.83,4.51,4.83,11309
GOL,20090122,4.58,4.79,4.46,4.65,3262
GOL,20090123,4.52,4.79,4.49,4.57,6737
GOL,20090126,4.68,4.84,4.49,4.53,3775
GOL,20090127,4.60,4.61,4.28,4.36,4575
GOL,20090128,4.62,4.76,4.55,4.76,6200
GOL,20090129,4.67,4.80,4.44,4.56,4853
GOL,20090130,4.51,4.53,4.27,4.30,5384
GOL,20090202,4.27,4.40,4.21,4.30,7476
GOL,20090203,4.30,4.40,4.26,4.39,5919
GOL,20090204,4.37,4.70,4.14,4.22,4427
GOL,20090205,4.10,4.38,4.10,4.35,3091
GOL,20090206,4.33,4.53,4.32,4.53,4572
GOL,20090209,4.51,4.69,4.50,4.55,4552
GOL,20090210,4.60,4.65,4.24,4.28,6699
GOL,20090211,4.36,4.43,4.16,4.27,3323
GOL,20090212,4.27,4.54,4.23,4.34,2449
GOL,20090213,4.39,4.52,4.30,4.37,2296
GOL,20090217,4.10,4.23,4.09,4.09,2544
GOL,20090218,4.19,4.19,4.00,4.01,5291
GOL,20090219,4.17,4.17,3.98,4.04,4577
GOL,20090220,3.96,4.09,3.92,4.01,4194
GOL,20090223,4.05,4.12,3.75,3.75,2180
GOL,20090224,3.76,4.05,3.65,4.04,3588
GOL,20090225,3.99,4.14,3.64,3.97,5524
GOL,20090226,4.05,4.14,3.83,3.89,4335
GOL,20090227,3.83,3.97,3.78,3.88,8467
GOL,20090302,3.72,3.81,3.61,3.69,4461
GOL,20090303,3.82,3.91,3.59,3.90,5770
GOL,20090304,4.02,4.75,3.89,4.16,14258
GOL,20090305,4.06,4.11,3.66,3.71,8682
GOL,20090306,3.77,3.83,3.66,3.80,2023
GOL,20090309,3.69,3.77,3.55,3.60,2193
GOL,20090310,3.49,3.71,3.49,3.60,3329
GOL,20090311,3.60,3.72,3.51,3.53,3460
GOL,20090312,3.60,3.75,3.58,3.67,3027
GOL,20090313,3.73,3.75,3.61,3.65,1858
GOL,20090316,3.68,3.77,3.57,3.65,2184
GOL,20090317,3.60,3.60,3.43,3.47,2357
GOL,20090318,3.49,3.55,3.40,3.43,2647
GOL,20090319,3.60,3.67,3.55,3.59,2048
GOL,20090320,3.53,3.57,3.44,3.45,1356
GOL,20090323,3.22,3.27,3.17,3.22,10915
GOL,20090324,3.22,3.23,3.02,3.05,13015
GOL,20090325,3.07,3.10,2.96,3.02,9092
GOL,20090326,3.14,3.14,2.96,3.05,13238
GOL,20090327,3.06,3.11,2.98,3.03,18114
GOL,20090330,2.95,2.99,2.80,2.88,4372
GOL,20090331,3.04,3.04,2.80,2.83,7718
GOL,20090401,2.84,2.91,2.78,2.86,3008
GOL,20090402,2.99,3.09,2.95,3.03,3431
GOL,20090403,2.98,3.16,2.95,3.08,4195
GOL,20090406,3.15,3.17,3.09,3.15,4914
GOL,20090407,3.15,3.28,3.11,3.28,3543
GOL,20090408,3.30,3.30,3.20,3.21,3568
GOL,20090409,3.29,3.32,3.12,3.20,3763
GOL,20090413,3.25,3.49,3.20,3.38,5431
GOL,20090414,3.43,3.56,3.40,3.45,5117
GOL,20090415,3.43,3.54,3.40,3.51,3842
GOL,20090416,3.55,3.55,3.35,3.47,8771
GOL,20090417,3.44,3.44,3.29,3.29,2620
GOL,20090420,3.30,3.34,3.23,3.27,2967
GOL,20090421,3.24,3.57,3.19,3.57,1799
GOL,20090422,3.39,3.45,3.34,3.43,3207
GOL,20090423,3.43,3.43,3.28,3.30,6644
GOL,20090424,3.39,3.48,3.39,3.48,2560
GOL,20090427,3.40,3.44,3.28,3.35,5412
GOL,20090428,3.26,3.34,3.22,3.34,1552
GOL,20090429,3.37,3.47,3.37,3.41,1952
GOL,20090430,3.45,3.50,3.40,3.48,3312
GOL,20090501,3.44,3.58,3.41,3.58,1080
GOL,20090504,3.57,3.66,3.54,3.65,2646
GOL,20090505,3.65,3.83,3.55,3.83,7988
GOL,20090506,3.91,4.15,3.91,4.08,7462
GOL,20090507,4.30,4.33,3.97,4.33,6957
GOL,20090508,4.38,4.41,4.20,4.41,3441
GOL,20090511,4.19,4.28,4.15,4.17,2697
GOL,20090512,4.24,4.28,3.95,4.08,2309
GOL,20090513,3.93,3.97,3.77,3.83,2366
GOL,20090514,3.91,4.17,3.90,4.17,3153
GOL,20090515,4.41,4.50,4.22,4.30,13640
GOL,20090518,4.30,4.55,4.24,4.55,8718
GOL,20090519,4.50,4.61,4.35,4.35,4985
GOL,20090520,4.52,4.68,4.42,4.47,5995
GOL,20090521,4.37,4.42,4.16,4.23,4965
GOL,20090522,4.29,4.32,4.16,4.20,5026
GOL,20090526,4.22,4.47,4.19,4.46,3869
GOL,20090527,4.46,4.51,4.26,4.33,2698
GOL,20090528,4.44,4.47,4.30,4.42,3321
GOL,20090529,4.51,4.54,4.30,4.39,7343
GOL,20090601,4.45,4.56,4.44,4.50,4309
GOL,20090602,4.50,5.19,4.46,5.02,11830
GOL,20090603,5.03,5.35,4.95,5.06,9600
GOL,20090604,4.88,5.13,4.80,5.12,4498
GOL,20090605,5.16,5.16,4.91,5.03,5418
GOL,20090608,4.95,5.15,4.90,5.09,3622
GOL,20090609,5.23,5.30,5.16,5.21,2763
GOL,20090610,5.26,5.31,5.12,5.26,5694
GOL,20090611,5.30,5.66,5.22,5.54,5323
GOL,20090612,5.32,5.61,5.30,5.51,8303
GOL,20090615,5.37,5.50,5.05,5.09,10368
GOL,20090616,5.20,5.26,5.00,5.02,5035
GOL,20090617,5.04,5.25,5.02,5.22,4476
GOL,20090618,5.20,5.42,5.18,5.42,11372
GOL,20090619,5.50,5.76,5.45,5.72,11224
GOL,20090622,5.62,5.64,5.32,5.33,6122
GOL,20090623,5.46,5.54,5.33,5.50,5561
GOL,20090624,5.57,5.66,5.28,5.42,11691
GOL,20090625,5.39,5.97,5.35,5.90,12371
GOL,20090626,6.12,6.15,5.90,6.10,10130
GOL,20090629,6.17,6.17,5.62,5.78,4806
GOL,20090630,5.87,5.89,5.52,5.67,6370
GOL,20090701,5.83,5.90,5.73,5.77,4565
GOL,20090702,5.70,5.73,5.60,5.65,1662
GOL,20090706,5.48,5.80,5.44,5.75,3301
GOL,20090707,5.69,6.09,5.64,5.96,11386
GOL,20090708,6.04,6.19,5.61,5.74,6248
GOL,20090709,6.04,6.10,5.70,5.75,1140
GOL,20090710,5.59,5.85,5.50,5.81,2695
GOL,20090713,5.78,6.04,5.68,5.95,11160
GOL,20090714,6.21,6.50,6.04,6.39,14785
GOL,20090715,6.61,6.99,6.59,6.96,10883
GOL,20090716,6.99,7.42,6.91,7.30,20381
GOL,20090717,7.60,7.64,6.90,7.26,12802
GOL,20090720,7.56,7.62,7.38,7.62,9373
GOL,20090721,7.72,7.79,7.38,7.54,6531
GOL,20090722,7.64,7.76,7.57,7.64,8818
GOL,20090723,7.80,8.14,7.70,8.02,8443
GOL,20090724,7.95,7.98,7.79,7.93,2571
GOL,20090727,7.88,7.97,7.70,7.89,12663
GOL,20090728,7.74,7.89,7.48,7.69,7401
GOL,20090729,7.38,7.46,7.17,7.36,10927
GOL,20090730,7.60,7.83,7.51,7.69,9324
GOL,20090731,7.68,7.70,7.34,7.41,9410
GOL,20090803,7.73,8.00,7.62,7.66,18881
GOL,20090804,7.80,8.01,7.73,7.87,9035
GOL,20090805,7.88,8.08,7.66,8.00,4948
GOL,20090806,7.94,7.96,7.67,7.81,6417
GOL,20090807,8.03,8.76,7.98,8.73,14757
GOL,20090810,9.09,9.15,8.52,8.68,10319
GOL,20090811,8.55,8.89,8.35,8.65,5075
GOL,20090812,9.11,9.81,9.05,9.75,14807
GOL,20090813,10.40,10.46,9.81,10.25,29573
GOL,20090814,10.22,10.28,9.79,9.88,10501
GOL,20090817,9.52,9.98,9.40,9.83,5958
GOL,20090818,9.96,10.96,9.96,10.77,17874
GOL,20090819,11.11,11.53,11.02,11.08,18029
GOL,20090820,11.00,11.17,10.67,10.90,10241
GOL,20090821,10.85,11.01,10.75,10.86,10164
GOL,20090824,11.01,11.20,10.64,10.76,7429
GOL,20090825,10.40,10.47,9.81,9.95,20355
GOL,20090826,9.95,9.96,9.58,9.88,9701
GOL,20090827,10.09,10.09,9.69,9.85,5304
GOL,20090828,9.81,9.82,9.56,9.58,7530
GOL,20090831,9.45,9.60,9.33,9.33,5258
GOL,20090901,9.54,9.77,9.38,9.40,7854
GOL,20090902,9.44,9.59,9.21,9.42,8080
GOL,20090903,9.53,9.67,9.35,9.63,4235
GOL,20090904,9.85,10.05,9.73,9.91,5281
GOL,20090908,10.08,10.14,9.93,10.12,4242
GOL,20090909,10.17,10.20,9.90,9.99,2925
GOL,20090910,10.02,10.13,9.90,9.96,4098
GOL,20090911,10.04,10.21,9.94,9.94,5831
GOL,20090914,9.91,10.31,9.83,10.30,5822
GOL,20090915,10.35,10.40,10.13,10.18,6998
GOL,20090916,10.35,10.50,10.31,10.46,8324
GOL,20090917,10.54,10.54,10.14,10.21,8826
GOL,20090918,10.34,10.44,10.20,10.26,5450
GOL,20090921,10.20,10.27,10.04,10.24,8817
GOL,20090922,10.25,10.41,10.17,10.32,3589
GOL,20090923,10.26,10.33,9.91,9.97,4500
GOL,20090924,9.99,10.07,9.61,9.92,8248
GOL,20090925,10.09,10.36,9.94,10.30,6443
GOL,20090928,10.39,10.44,10.24,10.34,5887
GOL,20090929,10.40,10.40,10.12,10.21,5944
GOL,20090930,10.12,10.39,10.04,10.27,6084
GOL,20091001,10.17,10.25,9.87,9.90,10332
GOL,20091002,9.80,10.61,9.72,10.25,19923
GOL,20091005,10.40,10.50,10.29,10.47,6324
GOL,20091006,10.57,10.64,10.23,10.36,7002
GOL,20091007,10.28,10.39,10.03,10.09,8623
GOL,20091008,10.00,10.01,9.80,9.86,25054
GOL,20091009,9.97,10.20,9.80,10.12,128231
GOL,20091012,10.32,10.32,9.85,10.11,12538
GOL,20091013,9.99,10.33,9.91,10.25,17872
GOL,20091014,10.53,11.05,10.51,10.96,32606
GOL,20091015,11.02,11.43,10.85,11.36,28973
GOL,20091016,11.09,11.49,11.02,11.32,11399
GOL,20091019,11.25,11.34,10.85,10.92,17406
GOL,20091020,10.71,10.71,9.91,10.42,20739
GOL,20091021,10.42,10.87,10.07,10.20,20261
GOL,20091022,10.55,10.82,10.30,10.72,26718
GOL,20091023,11.08,11.20,10.85,10.97,19784
GOL,20091026,11.42,11.45,11.08,11.27,20736
GOL,20091027,11.13,11.37,10.87,10.93,14667
GOL,20091028,11.02,11.02,9.87,10.04,17783
GOL,20091029,10.37,11.01,10.34,10.90,13993
GOL,20091030,11.17,11.17,10.15,10.27,16536
GOL,20091102,10.44,10.63,10.05,10.26,8129
GOL,20091103,10.23,10.64,10.08,10.56,15144
GOL,20091104,10.75,11.11,10.71,10.92,9306
GOL,20091105,10.97,11.45,10.97,11.40,11727
GOL,20091106,11.26,11.84,11.19,11.80,14113
GOL,20091109,12.00,12.40,12.00,12.30,25988
GOL,20091110,12.22,12.61,12.14,12.40,21042
GOL,20091111,12.41,12.56,11.94,12.14,21590
GOL,20091112,12.20,12.34,11.58,11.79,14604
GOL,20091113,11.79,12.34,11.73,12.18,9931
GOL,20091116,12.39,12.82,12.32,12.49,26260
GOL,20091117,12.56,13.26,12.55,13.19,17814
GOL,20091118,13.23,13.47,12.84,12.97,12831
GOL,20091119,13.19,13.19,12.52,13.09,11812
GOL,20091120,12.95,13.07,12.60,12.92,6199
GOL,20091123,13.39,13.64,13.30,13.48,8320
GOL,20091124,13.59,13.71,13.17,13.69,7618
GOL,20091125,13.67,13.81,13.47,13.73,7327
GOL,20091127,13.12,13.64,13.10,13.41,7515
GOL,20091130,13.34,14.37,13.33,14.16,21300
GOL,20091201,14.38,14.68,14.33,14.55,17389
GOL,20091202,14.70,15.00,14.63,14.99,16891
GOL,20091203,15.12,15.40,14.75,14.98,13551
GOL,20091204,15.36,15.61,14.57,14.91,12461
GOL,20091207,14.98,15.66,14.98,15.40,12208
GOL,20091208,15.76,16.02,15.38,15.71,20574
GOL,20091209,15.91,15.99,15.11,15.36,12072
GOL,20091210,15.49,15.67,15.40,15.61,7193
GOL,20091211,15.63,15.88,15.57,15.75,14276
GOL,20091214,15.70,15.74,15.34,15.50,7042
GOL,20091215,15.25,15.25,14.75,14.93,12267
GOL,20091216,15.20,15.52,15.10,15.49,22291
GOL,20091217,15.03,15.13,14.33,14.61,12208
GOL,20091218,14.28,14.34,13.89,13.97,10672
GOL,20091221,14.14,14.38,13.77,13.94,7837
GOL,20091222,14.15,14.52,14.02,14.48,6454
GOL,20091223,14.97,15.19,14.50,15.02,14661
GOL,20091224,15.07,15.07,14.58,14.75,2574
GOL,20091228,15.19,15.38,14.90,15.04,6081
GOL,20091229,15.03,15.15,14.81,15.00,4361
GOL,20091230,15.03,15.26,14.82,15.26,4232
GOL,20091231,15.14,15.37,15.00,15.35,3375
GOL,20100104,15.47,15.59,15.33,15.38,6409
GOL,20100105,15.38,15.43,14.99,15.33,13053
GOL,20100106,15.30,15.62,15.29,15.49,7994
GOL,20100107,15.34,15.54,15.08,15.39,7332
GOL,20100108,15.90,16.59,15.69,16.48,16017
GOL,20100111,16.79,16.87,16.28,16.44,8346
GOL,20100112,15.95,16.08,15.73,16.03,14194
GOL,20100113,16.13,16.17,15.80,15.99,6318
GOL,20100114,15.80,15.82,15.36,15.53,10723
GOL,20100115,15.51,15.53,14.85,15.02,10843
GOL,20100119,14.83,15.42,14.83,15.36,7679
GOL,20100120,14.81,14.90,14.35,14.77,7367
GOL,20100121,14.81,14.81,13.52,13.69,26560
GOL,20100122,13.18,13.58,12.64,12.79,18922
GOL,20100125,12.89,13.22,12.51,12.88,11166
GOL,20100126,12.55,13.41,12.47,13.02,10995
GOL,20100127,13.14,13.30,12.60,13.04,6274
GOL,20100128,13.25,13.25,12.61,12.83,8373
GOL,20100129,12.95,13.13,12.02,12.20,11385
GOL,20100201,12.30,12.76,12.21,12.70,7040
GOL,20100202,12.96,13.52,12.88,13.47,7326
GOL,20100203,13.77,13.77,13.00,13.11,6286
GOL,20100204,12.64,12.66,11.95,12.05,11038
GOL,20100205,12.26,12.45,11.75,12.38,9462
GOL,20100208,12.50,12.79,12.27,12.35,6595
GOL,20100209,13.23,13.59,13.00,13.27,8928
GOL,20100210,13.65,13.76,13.21,13.38,8461
GOL,20100211,13.49,13.75,13.41,13.62,7800
GOL,20100212,13.32,13.71,13.21,13.68,6474
GOL,20100216,13.86,14.00,13.67,13.82,3061
GOL,20100217,14.01,14.04,13.69,13.87,5289
GOL,20100218,13.74,14.18,13.70,13.97,6580
GOL,20100219,13.82,13.86,13.60,13.69,4023
GOL,20100222,13.69,13.69,13.35,13.56,4949
GOL,20100223,13.41,13.71,13.05,13.22,6452
GOL,20100224,13.41,13.53,12.98,13.12,5770
GOL,20100225,12.80,12.83,12.36,12.80,11456
GOL,20100226,13.02,13.76,12.88,13.70,11012
GOL,20100301,13.75,14.05,13.69,13.96,7427
GOL,20100302,14.14,14.20,13.76,13.83,5567
GOL,20100303,13.93,14.13,13.45,13.62,9293
GOL,20100304,13.73,13.80,13.30,13.48,5926
GOL,20100305,13.67,13.82,13.17,13.40,7910
GOL,20100308,13.51,13.65,13.00,13.06,5836
GOL,20100309,13.15,13.52,13.05,13.37,6295
GOL,20100310,13.55,13.89,13.50,13.74,4171
GOL,20100311,13.85,13.86,13.62,13.86,4967
GOL,20100312,14.14,14.24,13.60,13.64,7638
GOL,20100315,13.64,13.64,13.23,13.49,8759
GOL,20100316,13.53,13.59,13.25,13.40,7866
GOL,20100317,13.44,13.49,12.97,13.09,10533
GOL,20100318,13.04,13.11,12.71,12.81,10907
GOL,20100319,12.81,12.86,12.16,12.36,19848
GOL,20100322,12.03,12.55,12.02,12.47,8443
GOL,20100323,12.64,12.64,12.34,12.51,5482
GOL,20100324,12.40,12.45,12.16,12.34,4966
GOL,20100325,12.48,12.68,12.16,12.21,8505
GOL,20100326,12.22,12.27,11.97,12.10,8097
GOL,20100329,12.32,12.46,12.29,12.46,5650
GOL,20100330,12.24,12.31,11.95,12.05,8939
GOL,20100331,12.25,12.56,12.22,12.39,11145
GOL,20100401,12.67,13.03,12.65,12.91,16802
GOL,20100405,13.20,13.20,12.91,13.03,10436
GOL,20100406,12.90,12.95,12.68,12.69,11675
GOL,20100407,12.71,12.98,12.69,12.96,11920
GOL,20100408,13.03,13.45,12.98,13.38,13425
GOL,20100409,13.30,13.58,13.19,13.54,10854
GOL,20100412,13.54,13.67,13.44,13.54,9692
GOL,20100413,13.65,13.65,13.11,13.19,10522
GOL,20100414,13.33,13.44,13.14,13.33,8390
GOL,20100415,13.50,13.68,13.37,13.65,6482
GOL,20100416,13.52,13.61,12.96,13.13,10303
GOL,20100419,12.91,13.12,12.77,12.91,11178
GOL,20100420,12.96,13.05,12.76,13.02,7807
GOL,20100421,13.18,13.18,12.75,13.00,8917
GOL,20100422,12.88,13.11,12.61,13.11,12306
GOL,20100423,12.98,13.10,12.80,13.08,7644
GOL,20100426,13.16,13.32,13.02,13.08,9538
GOL,20100427,12.93,12.97,12.14,12.18,16034
GOL,20100428,12.41,12.69,12.08,12.66,10771
GOL,20100429,13.04,13.24,12.87,13.13,11817
GOL,20100430,13.14,13.14,12.86,13.08,6380
GOL,20100503,13.15,13.40,13.05,13.34,12623
GOL,20100504,13.10,13.10,12.51,12.84,11224
GOL,20100505,12.57,12.98,12.26,12.83,20508
GOL,20100506,12.50,12.96,11.04,11.73,25682
GOL,20100507,11.74,12.09,11.35,11.53,23842
GOL,20100510,12.59,12.74,12.29,12.72,18264
GOL,20100511,12.33,12.79,12.33,12.41,21772
GOL,20100512,12.55,12.83,12.48,12.68,8695
GOL,20100513,12.65,13.09,12.57,12.78,12752
GOL,20100514,12.52,12.67,12.27,12.64,26144
GOL,20100517,12.54,12.64,12.26,12.45,22453
GOL,20100518,12.73,12.89,12.27,12.39,22881
GOL,20100519,11.89,12.19,11.63,12.18,20489
GOL,20100520,11.60,11.81,11.25,11.27,25393
GOL,20100521,10.90,11.61,10.82,11.35,18801
GOL,20100524,11.47,11.83,11.15,11.25,8837
GOL,20100525,10.71,10.98,10.53,10.92,12335
GOL,20100526,11.17,11.59,10.55,10.62,31431
GOL,20100527,11.08,11.40,10.95,11.40,17997
GOL,20100528,11.27,11.59,11.17,11.32,13040
GOL,20100601,10.97,11.69,10.87,11.43,15868
GOL,20100602,11.53,11.86,11.47,11.85,11866
GOL,20100603,12.11,12.39,11.71,12.07,11351
GOL,20100604,11.67,11.96,11.52,11.58,18758
GOL,20100607,11.76,11.90,11.57,11.57,9627
GOL,20100608,11.81,11.97,11.50,11.80,11138
GOL,20100609,11.97,12.01,11.33,11.40,11638
GOL,20100610,11.83,11.95,11.66,11.92,12226
GOL,20100611,11.93,12.29,11.83,12.05,8925
GOL,20100614,12.20,12.36,11.93,11.96,9533
GOL,20100615,12.12,13.09,12.12,13.00,23263
GOL,20100616,13.07,13.31,12.88,13.00,9996
GOL,20100617,13.17,13.28,12.66,12.79,7359
GOL,20100618,12.90,13.38,12.83,13.23,6816
GOL,20100621,13.41,13.52,12.93,13.04,7673
GOL,20100622,13.11,13.51,12.92,13.00,8962
GOL,20100623,12.86,13.00,12.70,12.92,6924
GOL,20100624,12.75,12.91,12.53,12.60,6712
GOL,20100625,12.64,12.74,12.40,12.58,10589
GOL,20100628,12.68,12.69,12.25,12.36,8528
GOL,20100629,12.10,12.24,11.70,11.81,13661
GOL,20100630,11.77,12.64,11.75,12.12,16051
GOL,20100701,12.12,12.19,11.63,12.10,10799
GOL,20100702,12.25,12.45,12.04,12.40,7997
GOL,20100706,12.71,12.98,12.37,12.53,14620
GOL,20100707,12.49,12.97,12.45,12.97,15118
GOL,20100708,12.85,12.97,12.58,12.84,23988
GOL,20100709,12.89,13.34,12.80,13.27,7392
GOL,20100712,13.21,13.35,12.86,13.06,9420
GOL,20100713,13.32,13.44,13.02,13.37,8535
GOL,20100714,13.25,13.65,13.19,13.64,14468
GOL,20100715,13.66,13.92,13.48,13.91,15072
GOL,20100716,13.56,13.63,13.13,13.21,10494
GOL,20100719,13.19,13.33,12.71,13.01,11638
GOL,20100720,12.77,13.26,12.76,13.01,9672
GOL,20100721,13.04,13.08,12.65,12.69,9408
GOL,20100722,12.98,13.43,12.94,13.38,13645
GOL,20100723,13.34,13.69,13.18,13.69,15734
GOL,20100726,13.62,13.81,13.44,13.78,6937
GOL,20100727,13.96,13.96,13.55,13.68,7611
GOL,20100728,13.40,13.57,13.19,13.26,6810
GOL,20100729,13.57,13.78,13.26,13.68,7299
GOL,20100730,13.62,14.19,13.58,14.12,9957
GOL,20100802,14.37,14.78,14.27,14.72,13362
GOL,20100803,14.20,14.43,13.70,13.74,14565
GOL,20100804,13.94,14.09,13.75,13.85,6861
GOL,20100805,13.70,13.87,13.29,13.51,8418
GOL,20100806,13.63,13.96,13.51,13.88,9613
GOL,20100809,14.02,14.05,13.76,13.76,4426
GOL,20100810,13.31,14.02,13.26,13.92,7633
GOL,20100811,13.82,13.86,13.37,13.68,8703
GOL,20100812,13.55,13.67,13.34,13.36,5788
GOL,20100813,13.70,14.20,13.53,13.90,10897
GOL,20100816,14.40,14.46,13.88,14.05,12420
GOL,20100817,14.26,14.39,14.17,14.30,9896
GOL,20100818,14.48,14.57,14.24,14.27,6155
GOL,20100819,14.04,14.13,13.68,13.80,12854
GOL,20100820,13.82,13.90,13.45,13.68,10465
GOL,20100823,13.70,13.97,13.14,13.21,10512
GOL,20100824,12.95,13.02,12.70,12.80,14592
GOL,20100825,12.66,12.71,12.35,12.40,18039
GOL,20100826,12.55,12.59,12.29,12.29,15673
GOL,20100827,12.58,13.14,12.41,13.06,9867
GOL,20100830,12.84,13.22,12.76,12.77,8992
GOL,20100831,12.90,13.16,12.75,13.12,10779
GOL,20100901,13.33,13.64,13.28,13.55,9332
GOL,20100902,13.60,14.20,13.40,13.86,10600
GOL,20100903,13.99,14.11,13.58,13.63,5390
GOL,20100907,13.23,13.72,12.24,13.55,5651
GOL,20100908,13.76,14.00,13.56,13.93,11255
GOL,20100909,14.14,14.27,14.04,14.26,7923
GOL,20100910,14.28,14.36,14.08,14.30,5708
GOL,20100913,14.51,14.68,14.46,14.66,8084
GOL,20100914,14.71,15.29,14.63,15.09,9961
GOL,20100915,15.06,15.23,14.83,15.08,14875
GOL,20100916,15.00,15.24,14.76,14.79,9550
GOL,20100917,14.91,15.00,14.65,14.90,7609
GOL,20100920,14.92,15.22,14.86,15.04,7076
GOL,20100921,14.97,15.22,14.91,15.04,10427
GOL,20100922,15.19,15.50,15.10,15.49,13402
GOL,20100923,15.35,16.18,15.30,15.64,14376
GOL,20100924,15.76,15.95,15.32,15.52,7319
GOL,20100927,15.46,16.23,15.30,15.66,10643
GOL,20100928,15.86,16.05,15.56,15.92,4445
GOL,20100929,15.97,16.11,15.72,15.80,8210
GOL,20100930,15.90,16.02,15.53,15.72,11027
GOL,20101001,15.85,16.42,15.67,16.31,7844
GOL,20101004,16.39,16.44,16.11,16.32,8532
GOL,20101005,16.49,16.84,16.45,16.72,8302
GOL,20101006,16.70,16.81,16.39,16.75,7796
GOL,20101007,16.80,16.87,16.16,16.54,6674
GOL,20101008,16.60,17.32,16.47,17.23,7793
GOL,20101011,17.37,17.45,17.12,17.20,6198
GOL,20101012,17.51,17.75,17.02,17.34,6009
GOL,20101013,17.63,18.37,17.54,18.32,10268
GOL,20101014,18.41,18.61,18.00,18.16,12971
GOL,20101015,18.12,18.39,17.97,18.23,7154
GOL,20101018,18.10,18.15,17.84,17.96,10878
GOL,20101019,17.24,17.94,17.01,17.76,18549
GOL,20101020,17.95,18.34,17.84,18.01,9826
GOL,20101021,18.01,18.17,17.45,17.64,14763
GOL,20101022,17.82,17.86,17.32,17.44,9439
GOL,20101025,17.61,17.70,17.08,17.23,13467
GOL,20101026,16.93,17.70,16.86,17.56,9737
GOL,20101027,17.55,17.61,17.13,17.32,7544
GOL,20101028,17.46,17.53,17.21,17.34,11278
GOL,20101029,17.54,17.86,17.51,17.64,9061
GOL,20101101,17.74,18.05,17.62,17.87,6200
GOL,20101102,18.00,18.18,17.81,18.15,2903
GOL,20101103,18.30,18.46,18.14,18.33,6396
GOL,20101104,18.35,18.66,18.27,18.55,6515
GOL,20101105,18.43,18.50,17.79,17.89,4216
GOL,20101108,17.42,17.55,17.16,17.55,5038
GOL,20101109,17.60,17.64,16.93,17.01,5954
GOL,20101110,17.28,17.36,16.78,17.02,7499
GOL,20101111,16.50,16.91,16.31,16.84,11864
GOL,20101112,17.08,17.42,16.61,16.75,9062
GOL,20101115,16.73,16.81,16.22,16.49,8671
GOL,20101116,16.42,16.45,16.05,16.33,11262
GOL,20101117,16.40,16.84,16.22,16.68,10967
GOL,20101118,17.03,17.14,16.75,16.90,9532
GOL,20101119,16.95,17.10,16.66,17.05,7961
GOL,20101122,16.71,16.91,16.35,16.59,9270
GOL,20101123,16.20,16.20,15.58,15.80,15948
GOL,20101124,16.07,16.44,15.99,16.38,7649
GOL,20101126,16.27,16.41,16.20,16.24,5563
GOL,20101129,16.08,16.19,15.88,16.16,9305
GOL,20101130,15.85,16.24,15.80,16.17,8781
GOL,20101201,16.74,16.89,16.56,16.72,9615
GOL,20101202,16.68,16.88,16.56,16.81,6057
GOL,20101203,16.88,17.19,16.76,16.99,5939
GOL,20101206,16.94,16.99,16.60,16.69,5895
GOL,20101207,16.95,16.95,16.20,16.27,6668
GOL,20101208,16.42,16.46,15.88,16.01,7713
GOL,20101209,16.21,16.21,15.27,15.40,12830
GOL,20101210,15.49,15.56,15.30,15.38,8588
GOL,20101213,15.50,15.69,15.30,15.38,10388
GOL,20101214,15.17,15.30,14.93,15.15,10653
GOL,20101215,15.22,15.40,15.16,15.25,12029
GOL,20101216,15.41,15.47,14.72,14.92,15521
GOL,20101217,14.80,14.95,14.74,14.87,8549
GOL,20101220,15.06,15.27,14.75,15.21,12250
GOL,20101221,15.15,15.22,14.97,15.06,10184
GOL,20101222,14.66,14.74,14.54,14.69,11164
GOL,20101223,14.94,15.12,14.94,14.99,5271
GOL,20101227,14.88,14.96,14.82,14.87,2662
GOL,20101228,14.85,14.85,14.62,14.73,3345
GOL,20101229,14.85,15.20,14.73,15.12,5707
GOL,20101230,15.26,15.39,15.20,15.33,4214
GOL,20101231,15.39,15.49,15.27,15.38,3860
GOL,20110103,15.71,16.23,15.66,16.08,16214
GOL,20110104,16.19,16.33,15.97,16.31,8484
GOL,20110105,16.15,16.36,15.92,15.98,9701
GOL,20110106,15.90,15.95,15.60,15.81,10707
GOL,20110107,15.77,15.94,15.50,15.66,5562
