GSK,20090115,36.40,36.70,35.77,36.60,12882
GSK,20090116,37.21,37.23,36.04,36.47,17361
GSK,20090120,36.34,36.40,35.61,35.66,17773
GSK,20090121,34.52,35.08,33.75,35.03,28617
GSK,20090122,34.11,34.76,33.93,34.56,20437
GSK,20090123,33.76,34.26,33.24,34.09,25745
GSK,20090126,35.40,35.67,35.09,35.36,18192
GSK,20090127,35.45,35.98,35.30,35.75,11726
GSK,20090128,36.31,36.43,35.85,36.13,13672
GSK,20090129,34.61,35.00,34.50,34.75,18804
GSK,20090130,35.28,35.49,34.84,35.26,14334
GSK,20090202,34.34,35.29,34.34,35.11,14450
GSK,20090203,35.67,36.41,35.28,36.35,13507
GSK,20090204,36.93,37.02,36.44,36.62,24330
GSK,20090205,37.13,37.63,36.62,37.36,33232
GSK,20090206,36.27,37.36,36.27,37.12,22667
GSK,20090209,37.08,37.11,36.66,36.99,12549
GSK,20090210,37.09,37.32,36.14,36.38,16340
GSK,20090211,34.90,35.56,34.90,35.50,19008
GSK,20090212,34.75,35.38,34.52,35.33,17903
GSK,20090213,35.29,35.53,34.84,34.98,10611
GSK,20090217,33.82,33.90,33.22,33.42,22804
GSK,20090218,34.00,34.00,33.59,33.68,13730
GSK,20090219,33.78,34.01,33.20,33.32,56715
GSK,20090220,32.55,32.95,32.39,32.55,19799
GSK,20090223,33.03,33.10,31.84,31.91,26469
GSK,20090224,32.23,32.32,31.64,32.19,23785
GSK,20090225,31.32,31.50,30.99,31.00,24146
GSK,20090226,31.26,31.32,30.16,30.18,22833
GSK,20090227,30.00,30.60,29.79,30.13,26665
GSK,20090302,29.36,29.47,28.59,28.61,21703
GSK,20090303,29.24,29.28,28.16,28.28,29117
GSK,20090304,28.73,29.25,28.39,28.91,24078
GSK,20090305,28.98,29.08,28.14,28.35,34221
GSK,20090306,29.38,29.59,28.34,28.74,33206
GSK,20090309,27.54,27.96,27.15,27.27,39276
GSK,20090310,27.37,28.16,27.29,28.06,25038
GSK,20090311,28.08,28.28,27.56,27.88,18530
GSK,20090312,28.33,29.10,28.01,29.06,23660
GSK,20090313,29.17,29.31,28.72,29.12,28268
GSK,20090316,30.03,30.39,29.36,29.45,25789
GSK,20090317,28.95,29.32,28.72,29.27,27080
GSK,20090318,28.59,29.69,28.50,29.34,28962
GSK,20090319,29.40,29.41,28.81,29.00,22891
GSK,20090320,29.44,29.75,28.98,29.15,20016
GSK,20090323,29.07,29.81,28.99,29.78,24260
GSK,20090324,29.98,30.05,29.31,29.31,20403
GSK,20090325,29.65,30.20,29.54,30.09,29039
GSK,20090326,30.44,30.76,30.17,30.55,20875
GSK,20090327,29.72,30.00,29.45,29.49,21541
GSK,20090330,29.57,30.07,29.38,30.07,22603
GSK,20090331,30.87,31.41,30.57,31.07,19881
GSK,20090401,30.43,31.18,30.31,31.08,23920
GSK,20090402,31.07,31.79,31.05,31.43,19794
GSK,20090403,31.43,31.51,30.82,31.11,12453
GSK,20090406,30.54,30.99,30.18,30.36,22286
GSK,20090407,30.64,30.64,30.11,30.25,26260
GSK,20090408,30.16,30.30,29.77,30.06,15341
GSK,20090409,29.69,29.73,29.42,29.64,21263
GSK,20090413,29.64,30.23,29.64,29.93,23258
GSK,20090414,30.05,30.13,29.92,30.09,35385
GSK,20090415,30.57,30.86,30.43,30.83,24984
GSK,20090416,30.68,30.91,30.50,30.82,23661
GSK,20090417,30.84,30.91,30.47,30.59,21810
GSK,20090420,30.30,30.52,29.95,30.05,30842
GSK,20090421,29.95,30.97,29.94,30.92,22012
GSK,20090422,29.75,29.89,29.25,29.29,35019
GSK,20090423,28.90,29.19,28.67,29.11,31124
GSK,20090424,29.44,29.62,29.10,29.34,23310
GSK,20090427,30.88,31.93,30.72,31.56,119632
GSK,20090428,31.27,31.50,30.54,30.58,55745
GSK,20090429,30.65,30.94,30.45,30.85,36067
GSK,20090430,31.27,31.33,30.61,30.76,31659
GSK,20090501,30.81,30.81,30.45,30.61,19105
GSK,20090504,30.83,31.02,30.40,30.95,23037
GSK,20090505,30.73,30.89,30.37,30.56,18070
GSK,20090506,31.35,31.40,30.70,31.05,25941
GSK,20090507,30.80,30.99,30.55,30.75,22569
GSK,20090508,30.95,30.99,30.74,30.91,28674
GSK,20090511,30.94,31.17,30.77,30.94,18934
GSK,20090512,31.93,32.22,31.66,32.00,35742
GSK,20090513,32.51,32.56,31.63,31.71,28528
GSK,20090514,32.18,32.40,32.00,32.17,39914
GSK,20090515,32.23,32.30,31.59,31.78,27325
GSK,20090518,32.24,32.45,31.92,32.40,25708
GSK,20090519,32.72,32.75,32.47,32.55,36232
GSK,20090520,33.18,33.25,32.83,32.89,29773
GSK,20090521,33.18,33.53,33.00,33.31,34263
GSK,20090522,33.36,33.47,33.08,33.13,24098
GSK,20090526,33.22,33.95,33.21,33.77,31405
GSK,20090527,33.83,34.12,33.58,33.71,24600
GSK,20090528,33.81,33.84,33.25,33.50,19505
GSK,20090529,33.85,33.90,33.43,33.71,17267
GSK,20090601,34.18,34.52,34.04,34.21,14256
GSK,20090602,33.64,34.14,33.59,33.96,16578
GSK,20090603,33.52,33.58,33.13,33.28,23661
GSK,20090604,33.39,33.61,33.13,33.36,13226
GSK,20090605,33.59,33.59,32.90,33.03,18500
GSK,20090608,32.80,33.39,32.68,33.31,17422
GSK,20090609,33.87,33.87,33.41,33.72,16060
GSK,20090610,34.15,34.20,33.34,33.65,13585
GSK,20090611,34.75,35.31,33.65,35.02,23168
GSK,20090612,36.25,36.91,36.12,36.56,35412
GSK,20090615,36.20,36.20,35.48,35.66,18228
GSK,20090616,36.44,36.55,36.01,36.06,18746
GSK,20090617,36.20,36.61,36.14,36.46,21654
GSK,20090618,36.18,36.71,36.08,36.37,16597
GSK,20090619,36.70,36.85,36.35,36.51,16380
GSK,20090622,36.23,36.26,35.57,35.69,14176
GSK,20090623,36.44,36.48,36.17,36.40,16735
GSK,20090624,36.47,36.71,35.92,36.13,14039
GSK,20090625,35.12,35.63,35.07,35.52,27332
GSK,20090626,35.63,35.89,35.29,35.80,18985
GSK,20090629,35.17,35.52,34.97,35.47,13932
GSK,20090630,35.64,35.71,35.03,35.34,14735
GSK,20090701,35.60,36.21,35.60,36.04,16047
GSK,20090702,35.03,35.03,34.62,34.85,15317
GSK,20090706,34.55,35.17,34.54,35.14,10842
GSK,20090707,34.73,34.79,34.34,34.36,10061
GSK,20090708,34.92,34.97,34.65,34.85,13592
GSK,20090709,35.69,36.00,35.43,35.81,18949
GSK,20090710,34.98,35.44,34.98,35.18,11947
GSK,20090713,35.59,36.14,35.46,36.10,13964
GSK,20090714,36.24,36.85,35.97,36.43,21127
GSK,20090715,36.68,36.73,36.37,36.52,14687
GSK,20090716,36.68,36.97,36.57,36.87,9702
GSK,20090717,36.31,36.44,36.17,36.36,9978
GSK,20090720,37.60,37.84,37.40,37.81,14950
GSK,20090721,38.06,38.25,37.86,38.14,13340
GSK,20090722,38.18,38.28,37.80,37.87,13032
GSK,20090723,37.96,38.80,37.91,38.44,26587
GSK,20090724,38.18,38.31,38.01,38.28,9048
GSK,20090727,38.49,38.68,38.15,38.65,15683
GSK,20090728,38.57,38.89,38.37,38.69,11055
GSK,20090729,38.48,38.60,38.14,38.39,16668
GSK,20090730,38.66,39.00,38.43,38.43,10471
GSK,20090731,38.39,38.58,38.00,38.29,10792
GSK,20090803,38.84,39.16,38.70,39.02,12378
GSK,20090804,38.76,39.00,38.62,38.96,10057
GSK,20090805,39.12,39.18,38.71,38.98,9942
GSK,20090806,38.49,38.54,37.81,38.17,12694
GSK,20090807,38.70,39.08,38.66,38.83,9774
GSK,20090810,39.03,39.08,38.69,38.90,8938
GSK,20090811,38.70,38.75,38.48,38.59,11721
GSK,20090812,38.78,39.41,38.78,39.22,18350
GSK,20090813,38.92,39.03,38.63,38.86,9979
GSK,20090814,38.88,38.90,38.16,38.50,8329
GSK,20090817,37.83,38.32,37.73,38.25,13227
GSK,20090818,38.23,38.89,38.22,38.84,10737
GSK,20090819,38.66,39.55,38.63,39.01,9192
GSK,20090820,39.08,39.94,38.99,39.37,7384
GSK,20090821,40.06,40.49,39.92,40.03,14238
GSK,20090824,39.54,39.78,39.26,39.44,14997
GSK,20090825,39.28,39.53,39.12,39.15,8989
GSK,20090826,39.13,39.20,38.83,39.13,9069
GSK,20090827,39.24,39.71,39.18,39.58,13538
GSK,20090828,39.83,39.85,38.98,39.14,6378
GSK,20090831,38.86,39.20,38.65,39.10,9759
GSK,20090901,39.12,39.58,38.65,38.69,13036
GSK,20090902,38.59,39.24,38.59,39.06,16065
GSK,20090903,38.88,38.92,38.40,38.60,8195
GSK,20090904,38.73,39.08,38.64,39.04,8021
GSK,20090908,39.04,39.18,38.74,39.02,6448
GSK,20090909,38.98,39.49,38.89,39.22,12059
GSK,20090910,39.18,39.53,38.89,39.50,4967
GSK,20090911,39.64,39.71,39.32,39.39,5778
GSK,20090914,39.35,39.59,39.28,39.44,6173
GSK,20090915,38.93,38.94,38.49,38.76,10411
GSK,20090916,38.80,38.99,38.61,38.93,11432
GSK,20090917,39.03,39.20,38.65,38.86,9411
GSK,20090918,39.30,39.35,38.97,39.10,18582
GSK,20090921,39.00,39.39,39.00,39.31,8851
GSK,20090922,39.75,39.79,39.51,39.60,22524
GSK,20090923,40.15,40.24,39.60,39.62,13935
GSK,20090924,39.24,39.48,38.70,38.93,15322
GSK,20090925,39.19,39.48,39.05,39.25,13789
GSK,20090928,39.33,39.89,39.30,39.67,14501
GSK,20090929,39.94,39.99,39.26,39.63,21127
GSK,20090930,39.77,39.80,39.23,39.51,16447
GSK,20091001,39.46,39.51,38.75,38.75,14410
GSK,20091002,38.34,38.88,38.30,38.72,8684
GSK,20091005,38.56,39.00,38.46,38.86,9842
GSK,20091006,39.18,39.48,39.12,39.26,12463
GSK,20091007,39.32,39.42,39.13,39.32,9898
GSK,20091008,39.71,39.83,39.49,39.58,15136
GSK,20091009,39.64,39.72,39.46,39.67,14241
GSK,20091012,39.92,40.00,39.69,39.78,10025
GSK,20091013,39.81,39.90,39.22,39.69,21377
GSK,20091014,40.41,40.43,40.06,40.32,14712
GSK,20091015,41.22,41.43,41.12,41.28,23233
GSK,20091016,41.13,41.35,41.00,41.20,13689
GSK,20091019,41.56,42.10,41.48,41.91,10203
GSK,20091020,42.01,42.06,41.46,41.60,9564
GSK,20091021,41.81,42.18,41.56,41.59,14426
GSK,20091022,41.44,41.62,41.21,41.54,11576
GSK,20091023,40.76,40.80,40.08,40.24,19327
GSK,20091026,40.28,40.75,39.99,40.31,29831
GSK,20091027,41.24,41.39,40.80,40.87,15182
GSK,20091028,40.70,41.10,40.60,40.62,15269
GSK,20091029,40.84,41.62,40.73,41.41,17587
GSK,20091030,41.63,41.77,40.82,41.16,20593
GSK,20091102,40.45,40.88,40.39,40.71,23626
GSK,20091103,39.95,40.44,39.87,40.44,23554
GSK,20091104,40.01,40.57,39.99,40.30,14165
GSK,20091105,40.35,40.59,40.24,40.46,10714
GSK,20091106,39.84,40.52,39.82,40.52,14299
GSK,20091109,41.14,41.44,40.97,41.37,10851
GSK,20091110,41.29,41.39,41.18,41.35,12561
GSK,20091111,41.42,41.55,41.12,41.23,22141
GSK,20091112,41.77,41.80,41.38,41.46,23789
GSK,20091113,41.78,41.83,41.29,41.44,22069
GSK,20091116,41.71,42.04,41.61,41.90,20519
GSK,20091117,41.68,41.89,41.63,41.83,15666
GSK,20091118,41.93,41.96,41.60,41.75,15765
GSK,20091119,41.54,41.54,41.06,41.47,12937
GSK,20091120,40.95,41.56,40.94,41.53,11642
GSK,20091123,42.47,42.70,41.97,42.14,23529
GSK,20091124,42.27,42.47,42.10,42.28,22759
GSK,20091125,42.93,42.98,42.65,42.88,17074
GSK,20091127,41.55,42.40,41.54,42.26,8103
GSK,20091130,41.41,41.71,41.18,41.47,21774
GSK,20091201,42.38,42.50,42.21,42.41,22550
GSK,20091202,42.73,42.80,42.38,42.38,18506
GSK,20091203,42.60,42.70,42.38,42.44,15516
GSK,20091204,43.42,43.47,42.69,42.75,18988
GSK,20091207,42.53,42.88,42.50,42.64,8335
GSK,20091208,42.37,42.41,41.99,42.05,9636
GSK,20091209,41.92,41.96,41.30,41.59,16764
GSK,20091210,42.04,42.19,41.92,42.06,9525
GSK,20091211,42.41,42.50,42.14,42.24,8408
GSK,20091214,42.88,43.18,42.79,42.91,13905
GSK,20091215,42.61,42.89,42.55,42.84,11388
GSK,20091216,43.09,43.24,42.78,42.88,9030
GSK,20091217,42.42,42.42,41.75,41.95,13640
GSK,20091218,42.05,42.06,41.57,41.80,16957
GSK,20091221,41.91,42.06,41.71,41.83,28207
GSK,20091222,42.44,42.58,42.23,42.31,8124
GSK,20091223,42.46,42.48,41.91,42.09,9971
GSK,20091224,42.05,42.36,42.03,42.29,2761
GSK,20091228,42.21,42.47,42.21,42.47,7026
GSK,20091229,42.71,42.80,42.20,42.45,7338
GSK,20091230,42.26,42.50,42.20,42.50,8786
GSK,20091231,42.51,42.62,42.25,42.25,7043
GSK,20100104,43.08,43.13,42.89,42.97,10465
GSK,20100105,41.99,42.08,41.62,41.83,16198
GSK,20100106,41.56,41.70,41.29,41.34,18500
GSK,20100107,41.40,41.55,41.02,41.48,17624
GSK,20100108,41.06,41.16,40.77,41.10,29521
GSK,20100111,41.48,41.78,41.34,41.63,22932
GSK,20100112,41.47,41.80,41.36,41.71,14768
GSK,20100113,41.63,41.80,41.29,41.71,23476
GSK,20100114,41.89,42.10,41.80,41.98,43925
GSK,20100115,41.14,41.27,40.56,40.91,23590
GSK,20100119,41.65,42.25,41.63,42.12,16915
GSK,20100120,42.12,42.22,41.81,42.06,49649
GSK,20100121,42.27,42.34,41.34,41.53,16548
GSK,20100122,41.14,41.34,40.66,40.76,12138
GSK,20100125,40.58,40.64,40.35,40.45,12629
GSK,20100126,40.62,41.01,40.54,40.80,15051
GSK,20100127,40.59,40.69,40.25,40.42,18879
GSK,20100128,40.49,40.55,39.61,39.82,22864
GSK,20100129,39.26,39.46,38.95,39.01,30185
GSK,20100201,38.71,38.92,38.59,38.87,25349
GSK,20100202,39.08,39.59,38.99,39.49,36822
GSK,20100203,38.99,39.14,38.77,38.92,16033
GSK,20100204,39.22,39.34,38.42,38.49,17689
GSK,20100205,38.17,38.20,37.37,38.06,29358
GSK,20100208,38.20,38.42,38.08,38.12,19458
GSK,20100209,38.26,38.75,37.95,38.47,32637
GSK,20100210,37.56,37.75,37.34,37.52,13888
GSK,20100211,37.92,38.51,37.74,38.47,36956
GSK,20100212,38.72,38.78,38.45,38.75,16932
GSK,20100216,38.87,39.33,38.69,39.25,36569
GSK,20100217,39.39,39.44,39.14,39.36,15324
GSK,20100218,38.97,39.16,38.84,38.84,37733
GSK,20100219,38.13,38.38,37.96,38.26,14226
GSK,20100222,37.40,37.60,37.20,37.32,35671
GSK,20100223,37.37,37.52,37.28,37.42,17809
GSK,20100224,37.36,37.58,37.28,37.33,13449
GSK,20100225,36.80,37.13,36.71,37.13,22551
GSK,20100226,36.96,37.26,36.84,37.14,16104
GSK,20100301,36.75,37.09,36.66,37.03,20097
GSK,20100302,37.12,37.44,37.03,37.23,14757
GSK,20100303,37.31,37.59,37.21,37.36,10895
GSK,20100304,37.52,37.57,37.31,37.37,14465
GSK,20100305,37.04,37.67,37.00,37.54,18777
GSK,20100308,37.38,37.54,37.26,37.37,16396
GSK,20100309,37.55,37.75,37.50,37.72,10957
GSK,20100310,37.49,37.75,37.47,37.66,11795
GSK,20100311,37.65,37.84,37.45,37.84,10782
GSK,20100312,37.88,37.95,37.68,37.82,13253
GSK,20100315,37.66,37.73,37.51,37.73,15352
GSK,20100316,37.63,37.90,37.50,37.79,13573
GSK,20100317,37.94,37.95,37.51,37.80,16120
GSK,20100318,38.66,39.23,38.61,39.22,33256
GSK,20100319,38.57,38.73,38.37,38.57,27431
GSK,20100322,38.83,39.25,38.74,39.01,18277
GSK,20100323,38.67,39.03,38.65,38.98,17159
GSK,20100324,38.71,38.84,38.50,38.64,18321
GSK,20100325,38.79,38.80,38.42,38.42,17869
GSK,20100326,38.07,38.19,37.95,38.02,11776
GSK,20100329,38.03,38.23,37.99,38.12,9556
GSK,20100330,38.32,38.38,38.08,38.23,9716
GSK,20100331,38.15,38.70,38.14,38.52,17899
GSK,20100401,38.47,38.60,38.37,38.55,10937
GSK,20100405,38.81,38.81,38.56,38.63,8834
GSK,20100406,38.09,38.98,38.08,38.74,32240
GSK,20100407,38.85,39.11,38.66,38.76,27580
GSK,20100408,38.83,38.99,38.74,38.86,17297
GSK,20100409,39.30,39.34,39.08,39.20,17384
GSK,20100412,39.12,39.35,39.02,39.13,12539
GSK,20100413,39.45,39.52,39.15,39.49,15472
GSK,20100414,39.60,39.72,39.44,39.47,19688
GSK,20100415,39.41,39.69,39.37,39.46,12540
GSK,20100416,39.72,39.91,39.39,39.57,15572
GSK,20100419,39.09,39.38,39.06,39.38,10322
GSK,20100420,39.45,39.60,39.30,39.43,22234
GSK,20100421,39.17,39.20,38.79,39.00,15165
GSK,20100422,38.78,39.03,38.29,38.61,28988
GSK,20100423,38.21,38.63,38.10,38.61,15749
GSK,20100426,38.71,38.84,38.67,38.68,12815
GSK,20100427,37.80,37.92,37.24,37.56,35401
GSK,20100428,37.45,37.51,37.01,37.28,28018
GSK,20100429,37.46,37.65,37.29,37.50,15482
GSK,20100430,37.49,37.54,37.10,37.29,25658
GSK,20100503,37.45,37.58,37.31,37.43,14582
GSK,20100504,37.05,37.12,36.77,36.95,21485
GSK,20100505,36.13,36.44,35.93,36.19,22322
GSK,20100506,35.87,36.39,33.24,34.90,34499
GSK,20100507,34.54,34.76,33.60,34.20,37632
GSK,20100510,35.36,35.76,35.11,35.29,21584
GSK,20100511,35.05,35.70,34.87,35.37,17424
GSK,20100512,35.34,35.58,35.20,35.40,16262
GSK,20100513,35.26,35.40,35.05,35.09,10677
GSK,20100514,34.67,34.72,33.98,34.15,24393
GSK,20100517,34.16,34.58,34.00,34.48,24730
GSK,20100518,34.15,34.32,33.64,33.66,25114
GSK,20100519,33.65,34.44,33.63,34.28,36831
GSK,20100520,33.55,33.83,33.15,33.33,28615
GSK,20100521,32.48,33.39,32.42,33.28,25000
GSK,20100524,32.90,33.28,32.80,32.93,17226
GSK,20100525,32.33,32.92,32.15,32.92,29586
GSK,20100526,32.62,32.91,32.25,32.34,27345
GSK,20100527,32.82,33.38,32.72,33.36,21387
GSK,20100528,33.90,33.91,33.37,33.46,17054
GSK,20100601,33.86,34.21,33.66,33.66,27192
GSK,20100602,34.39,34.82,34.21,34.81,32452
GSK,20100603,35.02,35.17,34.73,34.93,17808
GSK,20100604,34.41,34.47,33.78,33.88,16263
GSK,20100607,33.92,34.18,33.62,33.66,14580
GSK,20100608,33.59,33.69,33.19,33.60,18855
GSK,20100609,33.80,34.11,33.60,33.70,19009
GSK,20100610,34.26,34.53,34.10,34.28,20815
GSK,20100611,34.56,35.04,34.50,34.97,19122
GSK,20100614,35.40,35.63,35.18,35.24,14528
GSK,20100615,35.82,36.05,35.67,36.02,13811
GSK,20100616,36.11,36.65,36.03,36.41,34243
GSK,20100617,36.19,36.26,35.92,36.16,13408
GSK,20100618,35.60,35.70,35.45,35.49,20821
GSK,20100621,35.55,35.61,35.13,35.20,19021
GSK,20100622,35.22,35.54,35.04,35.06,22030
GSK,20100623,35.10,35.19,34.65,34.99,18023
GSK,20100624,35.18,35.30,34.96,34.97,17448
GSK,20100625,34.61,34.72,34.38,34.61,19664
GSK,20100628,34.49,34.74,34.23,34.30,37171
GSK,20100629,34.37,34.46,33.69,33.83,21844
GSK,20100630,34.06,34.45,33.95,34.01,23809
GSK,20100701,34.08,34.18,33.55,33.92,22666
GSK,20100702,33.69,33.97,33.57,33.78,17823
GSK,20100706,33.83,34.40,33.81,34.13,16385
GSK,20100707,33.94,34.44,33.90,34.44,23995
GSK,20100708,34.41,34.91,34.37,34.91,28981
GSK,20100709,34.13,34.86,34.05,34.84,36080
GSK,20100712,34.73,35.18,34.69,35.12,27935
GSK,20100713,35.51,35.96,35.40,35.72,39702
GSK,20100714,35.87,38.00,34.30,36.35,134465
GSK,20100715,37.02,37.31,36.77,37.21,41320
GSK,20100716,36.99,37.04,36.31,36.42,24067
GSK,20100719,36.47,36.54,36.12,36.25,15688
GSK,20100720,35.76,36.42,35.70,36.37,21744
GSK,20100721,36.14,36.39,35.96,36.36,39039
GSK,20100722,36.54,36.96,36.40,36.66,21147
GSK,20100723,36.58,36.72,36.25,36.50,27152
GSK,20100726,36.30,36.74,36.19,36.74,20831
GSK,20100727,36.20,36.33,35.85,36.22,20525
GSK,20100728,35.88,35.95,35.42,35.44,15867
GSK,20100729,35.33,35.51,35.03,35.16,38122
GSK,20100730,34.90,35.40,34.85,35.17,24965
GSK,20100802,35.60,36.01,35.54,36.00,22491
GSK,20100803,36.03,36.44,36.01,36.30,15623
GSK,20100804,36.22,36.32,36.00,36.22,13542
GSK,20100805,36.05,36.16,35.94,36.16,12596
GSK,20100806,36.24,36.54,36.18,36.52,9677
GSK,20100809,36.77,36.89,36.66,36.84,10297
GSK,20100810,36.97,37.56,36.80,37.40,14524
GSK,20100811,36.80,36.84,36.46,36.46,21953
GSK,20100812,37.16,37.39,37.00,37.20,18238
GSK,20100813,37.97,38.30,37.96,38.14,26459
GSK,20100816,37.99,38.35,37.93,38.05,17949
GSK,20100817,38.13,38.33,37.87,38.12,21198
GSK,20100818,38.17,38.23,37.96,38.01,11065
GSK,20100819,37.80,37.85,37.11,37.29,17760
GSK,20100820,37.42,37.58,37.35,37.54,9678
GSK,20100823,38.00,38.30,37.96,38.01,19088
GSK,20100824,37.28,37.40,37.04,37.18,16471
GSK,20100825,37.22,37.57,36.98,37.43,11996
GSK,20100826,37.60,37.77,37.47,37.56,12427
GSK,20100827,37.91,38.13,37.58,37.98,12438
GSK,20100830,37.88,38.00,37.65,37.68,12301
GSK,20100831,37.31,37.60,37.22,37.40,15533
GSK,20100901,38.59,38.95,38.54,38.78,30535
GSK,20100902,38.83,39.00,38.77,38.95,23210
GSK,20100903,39.08,39.31,39.03,39.29,20078
GSK,20100907,38.48,38.96,38.41,38.91,17924
GSK,20100908,39.06,39.48,39.04,39.10,12481
GSK,20100909,39.21,39.56,39.10,39.50,12656
GSK,20100910,39.41,39.50,39.27,39.44,9859
GSK,20100913,39.58,39.69,39.38,39.48,11963
GSK,20100914,39.56,39.95,39.45,39.77,11170
GSK,20100915,39.73,40.23,39.67,40.04,13463
GSK,20100916,39.99,39.99,39.74,39.91,9705
GSK,20100917,40.08,40.21,39.78,39.82,8162
GSK,20100920,40.06,40.33,40.02,40.33,18039
GSK,20100921,40.25,40.48,39.99,40.35,19210
GSK,20100922,39.94,40.23,39.82,40.15,23788
GSK,20100923,39.46,40.51,39.01,39.43,92348
GSK,20100924,39.80,40.49,39.80,40.47,24292
GSK,20100927,40.38,40.59,40.21,40.31,25601
GSK,20100928,39.86,40.16,39.73,40.08,14138
GSK,20100929,39.67,39.87,39.43,39.72,13120
GSK,20100930,39.99,40.14,39.44,39.52,15574
GSK,20101001,39.97,40.02,39.64,39.79,20091
GSK,20101004,39.75,39.90,39.62,39.79,13226
GSK,20101005,40.24,40.66,40.24,40.55,22725
GSK,20101006,40.46,40.72,40.42,40.72,14647
GSK,20101007,41.42,41.52,41.09,41.19,20947
GSK,20101008,41.43,41.80,41.33,41.66,23312
GSK,20101011,41.72,41.77,41.33,41.44,13733
GSK,20101012,41.38,41.53,41.16,41.46,12008
GSK,20101013,41.60,41.93,41.50,41.86,15709
GSK,20101014,42.00,42.10,41.51,41.65,31325
GSK,20101015,41.76,41.78,41.21,41.53,20122
GSK,20101018,41.48,41.72,41.43,41.62,11257
GSK,20101019,40.64,40.93,40.50,40.72,16468
GSK,20101020,40.51,41.16,40.46,40.92,15180
GSK,20101021,40.18,40.56,40.12,40.50,27635
GSK,20101022,40.37,40.46,40.16,40.27,12523
GSK,20101025,40.72,41.00,40.31,40.31,19023
GSK,20101026,40.49,40.56,40.05,40.17,18216
GSK,20101027,39.41,39.64,39.16,39.36,27392
GSK,20101028,39.55,39.72,39.17,39.38,20037
GSK,20101029,39.35,39.40,39.02,39.04,22473
GSK,20101101,39.47,39.54,39.12,39.31,34217
GSK,20101102,39.33,39.42,39.01,39.05,22894
GSK,20101103,39.18,39.31,38.80,39.26,29458
GSK,20101104,39.62,40.23,39.58,40.05,38540
GSK,20101105,40.88,40.99,40.67,40.85,45758
GSK,20101108,40.69,40.72,40.41,40.50,17070
GSK,20101109,40.05,40.11,39.44,39.61,29585
GSK,20101110,39.84,39.90,39.36,39.90,40325
GSK,20101111,39.67,39.81,39.58,39.75,17788
GSK,20101112,39.45,39.65,39.34,39.62,21936
GSK,20101115,39.36,39.50,39.20,39.23,19971
GSK,20101116,39.11,39.15,38.47,38.54,39831
GSK,20101117,39.16,39.80,39.11,39.57,45233
GSK,20101118,40.11,40.35,40.06,40.25,19473
GSK,20101119,39.94,40.19,39.67,40.16,20362
GSK,20101122,39.86,40.13,39.59,39.98,21904
GSK,20101123,39.29,39.30,38.83,39.01,31640
GSK,20101124,38.68,39.22,38.67,39.09,24099
GSK,20101126,39.29,39.58,39.17,39.42,10680
GSK,20101129,38.91,38.96,38.18,38.72,33725
GSK,20101130,38.01,38.39,37.91,38.28,47845
GSK,20101201,38.40,38.66,38.34,38.66,22201
GSK,20101202,38.32,38.98,38.29,38.94,18446
GSK,20101203,39.00,39.25,38.78,39.19,16786
GSK,20101206,38.74,39.10,38.66,39.08,14416
GSK,20101207,39.45,39.58,39.35,39.35,20114
GSK,20101208,39.35,39.53,39.19,39.45,13441
GSK,20101209,39.60,39.61,39.29,39.58,10937
GSK,20101210,39.55,39.71,39.45,39.64,9016
GSK,20101213,39.61,40.01,39.58,39.98,11689
GSK,20101214,39.60,39.92,39.54,39.86,12765
GSK,20101215,39.78,39.99,39.73,39.80,14049
GSK,20101216,39.81,40.09,39.74,40.04,11926
GSK,20101217,39.52,39.66,39.34,39.51,17989
GSK,20101220,39.59,39.66,39.30,39.35,10888
GSK,20101221,39.18,39.30,38.97,39.09,13589
GSK,20101222,38.93,39.11,38.85,39.07,13498
GSK,20101223,39.09,39.24,39.08,39.18,8278
GSK,20101227,39.02,39.19,38.92,39.15,6173
GSK,20101228,39.27,39.34,39.13,39.14,8579
GSK,20101229,39.16,39.42,39.15,39.28,14879
GSK,20101230,39.21,39.29,38.92,39.05,13578
GSK,20101231,39.05,39.36,39.00,39.22,13653
GSK,20110103,39.17,39.50,39.17,39.25,12476
GSK,20110104,39.82,39.90,39.58,39.86,18265
GSK,20110105,38.90,39.13,38.83,38.94,38475
GSK,20110106,39.12,39.21,38.83,39.05,23399
GSK,20110107,38.74,38.93,38.67,38.77,23920
