HAR,20090115,18.62,19.53,18.18,19.37,11653
HAR,20090116,19.85,19.85,18.11,18.65,13335
HAR,20090120,18.63,18.92,17.23,17.36,16274
HAR,20090121,17.50,17.84,16.33,17.37,15130
HAR,20090122,16.89,17.27,16.24,16.74,13733
HAR,20090123,16.35,17.39,16.04,17.13,10252
HAR,20090126,17.17,17.93,16.63,17.10,7881
HAR,20090127,17.23,17.81,17.07,17.11,9281
HAR,20090128,17.11,17.94,16.75,17.72,16131
HAR,20090129,17.84,17.84,17.14,17.38,14005
HAR,20090130,17.50,17.50,15.96,16.09,13020
HAR,20090202,15.91,16.66,15.71,16.43,10265
HAR,20090203,15.70,16.00,15.13,15.65,17257
HAR,20090204,15.48,15.94,14.97,14.99,16510
HAR,20090205,11.51,13.85,11.50,12.94,48735
HAR,20090206,13.17,13.96,12.97,13.86,24109
HAR,20090209,13.89,14.05,13.56,13.82,14364
HAR,20090210,12.30,13.82,12.30,12.77,16011
HAR,20090211,12.97,12.97,12.13,12.37,12392
HAR,20090212,12.15,12.85,11.98,12.70,12037
HAR,20090213,12.75,12.75,11.96,12.00,10295
HAR,20090217,11.40,11.76,11.22,11.25,12207
HAR,20090218,11.33,11.45,10.62,10.82,19853
HAR,20090219,10.94,10.98,10.35,10.40,13933
HAR,20090220,10.20,10.76,9.99,10.53,16403
HAR,20090223,10.77,10.80,10.28,10.31,18917
HAR,20090224,10.23,11.04,10.22,10.80,12730
HAR,20090225,10.66,11.05,10.18,10.73,17023
HAR,20090226,10.85,10.91,10.51,10.53,12845
HAR,20090227,10.26,10.84,10.19,10.62,14818
HAR,20090302,10.33,10.66,10.20,10.35,19585
HAR,20090303,10.50,10.65,9.91,9.96,13592
HAR,20090304,10.11,10.36,9.74,10.19,11795
HAR,20090305,9.86,9.93,9.30,9.48,18570
HAR,20090306,9.71,9.76,9.17,9.47,14439
HAR,20090309,9.37,9.71,9.23,9.41,9606
HAR,20090310,9.81,10.57,9.50,10.53,12658
HAR,20090311,10.53,11.11,10.46,10.94,9370
HAR,20090312,10.79,11.83,10.63,11.75,9613
HAR,20090313,11.79,11.88,11.31,11.65,10648
HAR,20090316,11.85,12.00,11.04,11.07,9467
HAR,20090317,11.16,11.53,10.98,11.50,10369
HAR,20090318,11.59,12.13,11.28,11.90,9938
HAR,20090319,11.94,12.09,11.69,11.80,8992
HAR,20090320,11.87,11.87,11.20,11.41,12962
HAR,20090323,11.68,12.56,11.48,12.52,16910
HAR,20090324,12.39,13.34,12.30,13.12,19562
HAR,20090325,13.26,14.36,13.01,13.48,16265
HAR,20090326,13.66,14.60,13.57,14.56,15819
HAR,20090327,14.50,14.58,14.03,14.14,10209
HAR,20090330,13.06,13.66,12.80,13.24,12093
HAR,20090331,13.47,13.70,12.95,13.53,8598
HAR,20090401,13.27,14.09,13.03,14.05,8574
HAR,20090402,14.43,15.74,14.15,15.26,14517
HAR,20090403,15.26,15.62,14.76,15.62,12657
HAR,20090406,15.39,15.39,14.92,15.00,14157
HAR,20090407,14.82,15.00,14.36,14.78,19813
HAR,20090408,14.99,15.71,14.92,15.66,12562
HAR,20090409,15.97,17.39,15.97,17.39,14520
HAR,20090413,16.82,17.75,16.78,17.55,11937
HAR,20090414,17.24,17.46,16.42,16.48,10386
HAR,20090415,16.47,17.17,16.28,16.93,8446
HAR,20090416,17.00,17.52,16.92,17.26,12715
HAR,20090417,17.35,18.19,17.12,17.94,9269
HAR,20090420,17.56,17.91,15.93,16.17,10943
HAR,20090421,16.15,17.03,15.90,17.03,12400
HAR,20090422,16.69,18.02,16.60,17.39,14078
HAR,20090423,17.08,17.94,17.01,17.71,13447
HAR,20090424,17.90,19.86,17.85,19.71,10902
HAR,20090427,19.05,19.49,18.80,19.03,12081
HAR,20090428,18.75,19.60,18.60,19.29,10559
HAR,20090429,19.37,20.33,19.06,19.19,16396
HAR,20090430,18.23,19.59,18.01,18.19,21191
HAR,20090501,18.34,19.95,18.29,19.53,10094
HAR,20090504,19.61,21.60,19.34,21.56,13596
HAR,20090505,21.63,21.90,21.01,21.25,13529
HAR,20090506,21.41,21.91,20.32,20.77,10708
HAR,20090507,21.01,21.40,19.52,19.85,10834
HAR,20090508,20.54,21.26,20.12,20.75,16260
HAR,20090511,20.76,20.76,19.72,20.19,9271
HAR,20090512,20.42,20.42,18.40,18.76,15668
HAR,20090513,18.40,18.55,16.70,16.77,21165
HAR,20090514,17.03,17.13,16.10,16.60,21915
HAR,20090515,16.68,17.31,16.29,16.51,9965
HAR,20090518,16.68,17.29,16.38,17.14,12166
HAR,20090519,17.07,17.74,17.04,17.50,11429
HAR,20090520,17.70,18.38,17.59,17.66,18474
HAR,20090521,17.32,17.38,16.73,17.08,9317
HAR,20090522,17.32,17.45,16.78,16.89,9037
HAR,20090526,16.72,18.18,16.59,18.13,10502
HAR,20090527,17.76,19.02,17.76,18.09,12871
HAR,20090528,18.23,18.57,16.97,17.63,10559
HAR,20090529,17.70,18.81,17.70,18.64,8139
HAR,20090601,18.90,20.16,18.90,20.04,9071
HAR,20090602,19.92,20.47,19.64,20.23,9756
HAR,20090603,20.02,20.11,19.34,19.67,6673
HAR,20090604,19.64,19.98,19.08,19.94,11732
HAR,20090605,20.16,20.73,20.11,20.48,10718
HAR,20090608,20.36,20.48,19.70,20.01,6868
HAR,20090609,19.95,20.52,19.93,20.46,6157
HAR,20090610,20.54,22.46,20.54,21.95,17954
HAR,20090611,22.03,22.70,21.69,22.37,12087
HAR,20090612,22.32,23.07,22.20,23.04,8223
HAR,20090615,22.66,23.38,22.54,23.31,12472
HAR,20090616,21.06,21.74,20.30,20.40,28342
HAR,20090617,20.22,20.22,19.19,19.25,23079
HAR,20090618,18.75,18.91,18.23,18.27,100932
HAR,20090619,18.50,18.93,18.27,18.31,38074
HAR,20090622,18.15,18.18,17.48,17.52,22181
HAR,20090623,17.43,17.72,16.93,17.27,14276
HAR,20090624,17.42,18.57,17.42,18.03,16076
HAR,20090625,18.04,18.70,17.89,18.70,11778
HAR,20090626,18.64,18.87,18.06,18.63,9759
HAR,20090629,18.76,19.36,18.41,19.00,10119
HAR,20090630,19.00,19.56,18.59,18.80,15101
HAR,20090701,18.98,19.15,18.82,18.97,12207
HAR,20090702,18.58,18.81,18.10,18.28,11362
HAR,20090706,18.08,18.22,17.55,18.00,11271
HAR,20090707,18.00,18.11,17.61,17.89,10664
HAR,20090708,18.04,18.37,17.82,18.25,15429
HAR,20090709,18.40,19.52,18.19,18.96,15607
HAR,20090710,18.76,20.97,18.60,20.57,31582
HAR,20090713,20.64,21.68,20.27,21.10,35912
HAR,20090714,21.08,22.99,21.01,22.56,63806
HAR,20090715,22.80,23.48,22.37,23.34,38156
HAR,20090716,23.41,24.45,23.18,24.18,26412
HAR,20090717,24.12,25.25,23.77,25.18,23200
HAR,20090720,26.03,27.71,20.47,20.86,218067
HAR,20090721,20.94,21.53,20.03,20.71,67903
HAR,20090722,20.93,22.14,20.70,22.09,25933
HAR,20090723,22.11,23.26,22.01,23.17,26035
HAR,20090724,22.94,23.83,22.02,23.67,20731
HAR,20090727,23.74,23.94,23.21,23.87,13725
HAR,20090728,23.50,24.04,22.83,23.35,14375
HAR,20090729,23.08,23.48,22.98,23.13,9736
HAR,20090730,23.52,24.18,23.26,23.91,10493
HAR,20090731,23.89,25.30,23.76,24.68,16305
HAR,20090803,24.75,25.42,24.50,25.25,10212
HAR,20090804,24.91,25.63,24.71,25.47,7683
HAR,20090805,25.67,25.72,24.77,25.08,8928
HAR,20090806,25.14,25.73,25.07,25.35,5814
HAR,20090807,25.66,26.68,25.19,26.61,8228
HAR,20090810,26.55,27.24,26.16,27.13,15861
HAR,20090811,26.95,28.13,26.68,27.25,24645
HAR,20090812,27.18,28.01,27.17,27.74,12086
HAR,20090813,28.01,28.01,26.98,27.59,6831
HAR,20090814,27.38,27.38,26.30,26.53,8876
HAR,20090817,26.17,26.28,25.05,25.46,10478
HAR,20090818,25.58,27.00,25.58,26.88,10898
HAR,20090819,26.64,27.23,25.99,27.07,7777
HAR,20090820,26.87,29.12,26.87,27.74,23595
HAR,20090821,28.81,29.09,27.89,28.67,15448
HAR,20090824,28.26,29.00,27.03,27.10,14841
HAR,20090825,28.29,29.95,28.16,29.75,42526
HAR,20090826,29.54,30.12,29.10,29.66,18381
HAR,20090827,29.60,31.31,29.32,31.14,23795
HAR,20090828,31.69,32.11,30.43,30.92,12384
HAR,20090831,30.40,30.70,29.85,29.99,8963
HAR,20090901,29.97,30.44,28.44,28.51,15057
HAR,20090902,28.45,28.85,27.52,27.56,14225
HAR,20090903,27.78,27.87,26.85,27.54,14780
HAR,20090904,27.72,27.97,27.31,27.77,10863
HAR,20090908,27.83,28.45,27.73,28.23,11357
HAR,20090909,28.60,29.86,28.32,29.26,14884
HAR,20090910,29.27,29.71,28.44,29.34,10156
HAR,20090911,29.35,29.75,29.06,29.13,11946
HAR,20090914,28.35,28.74,27.86,28.40,18166
HAR,20090915,28.44,29.17,28.43,28.97,10413
HAR,20090916,29.00,29.13,28.57,29.04,8481
HAR,20090917,29.02,31.06,28.82,30.30,22501
HAR,20090918,30.54,33.06,30.46,32.47,26574
HAR,20090921,32.06,32.27,31.34,32.05,11628
HAR,20090922,32.27,32.93,32.14,32.62,10370
HAR,20090923,32.58,32.68,31.90,31.98,10557
HAR,20090924,32.12,32.45,30.26,30.51,7932
HAR,20090925,30.23,30.51,29.55,30.12,11449
HAR,20090928,30.21,31.90,29.98,31.64,10109
HAR,20090929,31.80,34.57,31.54,33.98,27241
HAR,20090930,34.35,34.70,33.12,33.88,12629
HAR,20091001,33.73,33.73,31.90,32.60,15452
HAR,20091002,32.14,32.17,30.90,31.60,15028
HAR,20091005,31.99,32.99,31.35,32.96,8027
HAR,20091006,33.13,34.21,33.07,34.03,11172
HAR,20091007,33.91,34.60,33.70,33.87,8258
HAR,20091008,34.19,35.81,34.19,35.10,10413
HAR,20091009,35.09,35.45,34.20,35.38,6200
HAR,20091012,35.59,35.91,35.22,35.39,11828
HAR,20091013,35.28,36.00,34.89,35.63,10080
HAR,20091014,36.56,37.15,36.51,37.07,12116
HAR,20091015,36.92,37.52,36.64,37.36,11055
HAR,20091016,36.89,37.15,36.27,36.60,8744
HAR,20091019,36.73,37.07,36.06,36.50,10283
HAR,20091020,36.58,36.71,35.43,36.11,5593
HAR,20091021,36.16,36.95,36.03,36.11,6975
HAR,20091022,36.26,36.70,35.07,36.48,5528
HAR,20091023,36.65,36.65,35.22,35.55,5113
HAR,20091026,35.70,37.00,35.16,35.30,6011
HAR,20091027,35.41,35.47,33.50,34.01,10137
HAR,20091028,33.89,34.16,31.54,32.01,15765
HAR,20091029,32.12,33.18,32.07,33.00,10438
HAR,20091030,37.52,40.33,37.26,37.61,71334
HAR,20091102,37.96,38.01,36.06,36.69,21598
HAR,20091103,36.18,36.70,35.50,36.44,10904
HAR,20091104,36.89,38.08,36.80,36.91,10886
HAR,20091105,37.42,38.69,36.83,38.65,11892
HAR,20091106,38.59,39.36,37.60,38.09,6980
HAR,20091109,38.54,39.09,38.10,39.09,5807
HAR,20091110,39.05,39.33,38.16,38.88,6209
HAR,20091111,39.43,39.43,38.66,39.10,5800
HAR,20091112,39.16,39.29,38.14,38.26,5680
HAR,20091113,38.45,38.50,37.36,37.79,8715
HAR,20091116,37.93,37.93,36.42,37.09,11358
HAR,20091117,37.11,37.50,36.16,37.42,6014
HAR,20091118,37.52,37.75,36.55,37.00,4649
HAR,20091119,36.79,36.86,35.69,36.07,4753
HAR,20091120,35.82,36.28,35.82,36.17,6596
HAR,20091123,36.65,37.01,36.50,36.71,5955
HAR,20091124,36.77,37.00,36.55,36.81,7765
HAR,20091125,36.89,37.20,36.80,37.02,5580
HAR,20091127,36.01,36.78,35.64,36.21,4147
HAR,20091130,36.14,37.68,35.75,37.61,10845
HAR,20091201,37.98,37.98,36.91,37.03,7089
HAR,20091202,37.08,37.64,36.80,37.11,5995
HAR,20091203,37.09,37.56,36.05,36.15,6331
HAR,20091204,36.52,37.06,35.82,36.35,8887
HAR,20091207,36.37,36.66,35.50,35.56,8202
HAR,20091208,35.30,35.90,34.89,35.87,8398
HAR,20091209,35.89,36.26,35.22,35.94,7271
HAR,20091210,36.08,36.66,35.89,36.22,3857
HAR,20091211,36.46,36.73,36.27,36.68,3793
HAR,20091214,36.76,36.97,36.06,36.75,4018
HAR,20091215,36.52,36.57,35.79,35.95,4388
HAR,20091216,36.12,36.74,35.93,36.17,6451
HAR,20091217,35.70,36.32,35.48,36.26,5675
HAR,20091218,36.39,36.93,35.60,36.11,13015
HAR,20091221,36.27,36.72,36.07,36.11,4176
HAR,20091222,36.16,36.58,35.91,36.01,6591
HAR,20091223,36.00,36.15,35.65,36.02,6233
HAR,20091224,36.10,36.23,35.86,36.00,2334
HAR,20091228,36.00,36.12,34.94,35.04,14284
HAR,20091229,35.23,36.04,34.83,35.69,6822
HAR,20091230,35.55,35.94,35.37,35.46,3268
HAR,20091231,35.45,35.82,35.24,35.28,3518
HAR,20100104,35.58,36.29,35.19,35.87,6075
HAR,20100105,35.90,37.29,35.84,37.23,8225
HAR,20100106,37.22,37.45,36.96,37.35,6687
HAR,20100107,37.24,37.43,36.83,37.14,6173
HAR,20100108,36.84,37.38,36.77,37.09,3326
HAR,20100111,37.44,37.73,37.05,37.33,3076
HAR,20100112,37.08,37.40,36.63,36.93,3829
HAR,20100113,37.02,37.84,36.84,37.76,3239
HAR,20100114,37.63,38.67,37.46,38.60,8672
HAR,20100115,38.54,38.72,37.44,37.88,4907
HAR,20100119,37.76,38.46,37.18,38.45,3097
HAR,20100120,38.15,38.17,37.22,37.93,5398
HAR,20100121,37.81,38.72,36.93,36.96,5821
HAR,20100122,36.91,37.81,36.69,37.01,7166
HAR,20100125,37.48,37.52,36.92,37.24,3868
HAR,20100126,37.00,37.33,36.54,36.97,4332
HAR,20100127,36.86,37.33,36.65,37.28,5191
HAR,20100128,37.47,38.23,37.23,37.84,7065
HAR,20100129,37.95,37.95,35.50,35.55,9891
HAR,20100201,35.72,36.20,35.35,36.19,5571
HAR,20100202,36.19,38.56,36.01,38.39,10936
HAR,20100203,38.22,38.31,36.92,37.42,6814
HAR,20100204,37.08,37.45,35.88,35.99,6597
HAR,20100205,35.90,35.96,33.93,34.93,13310
HAR,20100208,34.81,36.60,34.68,35.50,13894
HAR,20100209,38.53,42.06,38.02,41.19,58046
HAR,20100210,41.34,42.48,41.00,42.21,19907
HAR,20100211,42.09,44.00,41.78,43.98,20319
HAR,20100212,43.74,44.56,43.17,44.20,12431
HAR,20100216,44.60,45.09,44.22,44.40,10782
HAR,20100217,44.54,44.70,43.71,43.87,10419
HAR,20100218,43.79,44.36,43.20,44.31,12000
HAR,20100219,44.03,44.33,43.89,43.96,6283
HAR,20100222,44.32,44.45,43.90,44.14,4355
HAR,20100223,43.95,43.98,42.92,43.03,8633
HAR,20100224,43.23,43.50,42.90,43.08,7509
HAR,20100225,42.03,43.28,42.03,43.22,7591
HAR,20100226,43.24,43.54,42.72,43.14,4736
HAR,20100301,43.52,43.94,43.05,43.48,5452
HAR,20100302,43.75,43.75,42.89,43.16,6116
HAR,20100303,43.39,43.44,42.68,42.93,4140
HAR,20100304,42.96,43.03,42.02,42.23,11306
HAR,20100305,42.48,43.06,42.35,43.03,7111
HAR,20100308,43.04,43.20,42.50,42.94,4859
HAR,20100309,42.78,44.55,42.46,44.02,13314
HAR,20100310,43.97,44.66,43.76,43.97,7184
HAR,20100311,43.91,43.91,43.29,43.61,8208
HAR,20100312,43.78,43.95,43.09,43.51,6580
HAR,20100315,43.33,43.33,42.16,43.05,7043
HAR,20100316,43.30,43.40,42.50,42.91,6909
HAR,20100317,43.00,43.70,42.84,43.59,9377
HAR,20100318,43.49,44.27,43.49,44.17,11088
HAR,20100319,44.30,44.56,43.41,43.97,10731
HAR,20100322,43.72,45.82,43.14,45.66,14116
HAR,20100323,45.90,47.84,45.85,47.24,15712
HAR,20100324,47.07,47.50,46.43,46.88,13981
HAR,20100325,47.42,47.71,46.48,46.58,12385
HAR,20100326,46.85,47.51,46.53,47.21,6293
HAR,20100329,47.50,48.19,46.94,47.26,8487
HAR,20100330,47.28,47.51,46.51,47.25,13509
HAR,20100331,47.16,47.41,46.66,46.78,6992
HAR,20100401,47.23,47.60,46.89,47.25,6862
HAR,20100405,47.57,49.01,47.26,48.89,7542
HAR,20100406,48.48,49.99,48.48,49.62,9357
HAR,20100407,49.37,49.49,48.04,48.54,7304
HAR,20100408,48.21,48.53,47.03,48.46,8359
HAR,20100409,48.56,49.37,48.56,49.18,5791
HAR,20100412,49.19,49.24,48.45,48.61,3633
HAR,20100413,48.61,48.67,47.70,47.82,6634
HAR,20100414,49.93,50.11,48.15,50.03,10042
HAR,20100415,49.68,50.57,49.60,50.00,4220
HAR,20100416,49.84,50.21,48.61,49.13,5973
HAR,20100419,48.93,49.09,47.72,48.27,5207
HAR,20100420,48.74,49.35,48.56,48.86,7036
HAR,20100421,49.05,50.19,48.91,50.07,6960
HAR,20100422,49.76,51.44,49.55,50.67,10819
HAR,20100423,50.80,52.04,50.62,51.95,4399
HAR,20100426,52.10,53.36,52.10,52.51,6433
HAR,20100427,51.99,52.99,50.79,50.89,8505
HAR,20100428,51.11,51.96,50.36,51.32,7397
HAR,20100429,44.01,44.27,39.75,39.98,85085
HAR,20100430,40.54,40.62,38.39,39.48,40986
HAR,20100503,39.69,40.90,39.69,40.73,17834
HAR,20100504,40.42,40.99,39.75,40.86,13544
HAR,20100505,40.48,41.57,39.51,41.36,15849
HAR,20100506,41.35,42.70,38.74,40.73,22857
HAR,20100507,40.47,40.92,38.05,38.77,20747
HAR,20100510,41.16,41.48,39.42,39.88,16272
HAR,20100511,39.35,40.11,38.61,38.87,15029
HAR,20100512,38.92,40.75,38.92,40.37,12806
HAR,20100513,40.50,40.70,38.88,39.00,9385
HAR,20100514,38.42,38.81,37.24,37.62,12351
HAR,20100517,37.39,37.65,34.40,35.29,23279
HAR,20100518,35.72,36.15,34.23,34.37,15528
HAR,20100519,34.39,34.53,31.45,31.73,28639
HAR,20100520,31.70,33.11,30.00,30.56,26195
HAR,20100521,30.14,33.45,29.79,33.41,35762
HAR,20100524,33.28,33.83,32.14,32.24,10132
HAR,20100525,31.25,31.83,30.90,31.71,21971
HAR,20100526,31.84,32.04,30.58,30.77,18159
HAR,20100527,31.50,32.74,31.18,32.71,11140
HAR,20100528,32.73,33.79,32.26,32.30,11457
HAR,20100601,32.03,33.16,31.70,31.77,12490
HAR,20100602,31.99,32.93,31.22,32.93,10467
HAR,20100603,33.04,33.94,32.25,32.52,12383
HAR,20100604,31.78,31.99,30.12,30.38,17332
HAR,20100607,30.51,30.51,28.10,28.82,21174
HAR,20100608,28.65,30.05,28.36,29.98,21630
HAR,20100609,30.13,31.45,29.86,30.44,21040
HAR,20100610,31.10,32.16,30.78,32.07,11491
HAR,20100611,31.62,32.76,31.45,32.40,9089
HAR,20100614,32.72,33.74,32.55,32.86,9201
HAR,20100615,33.24,34.22,32.94,34.13,8179
HAR,20100616,33.69,34.12,32.89,33.52,9510
HAR,20100617,33.59,34.10,32.97,34.07,9778
HAR,20100618,34.15,34.20,33.12,34.20,9765
HAR,20100621,34.67,35.96,34.49,35.01,17228
HAR,20100622,34.93,35.50,33.71,33.78,8921
HAR,20100623,33.88,34.81,32.98,34.12,10180
HAR,20100624,34.08,34.23,33.00,33.08,10972
HAR,20100625,33.15,33.22,31.73,32.98,15291
HAR,20100628,33.25,33.32,31.95,32.07,13362
HAR,20100629,31.23,31.49,30.09,30.35,8379
HAR,20100630,30.14,31.01,29.70,29.89,11156
HAR,20100701,29.94,30.41,28.90,30.10,5636
HAR,20100702,30.26,30.42,29.28,29.95,6307
HAR,20100706,30.40,30.96,29.21,29.45,4523
HAR,20100707,29.40,31.32,29.40,31.29,9323
HAR,20100708,31.54,31.87,31.12,31.70,4882
HAR,20100709,31.74,32.21,31.37,32.12,8650
HAR,20100712,31.99,32.37,30.98,31.35,6382
HAR,20100713,31.72,32.16,31.36,31.87,7383
HAR,20100714,31.69,31.88,31.05,31.44,5285
HAR,20100715,31.33,31.55,30.41,31.17,6350
HAR,20100716,30.89,30.99,29.02,29.12,11309
HAR,20100719,29.24,29.79,28.70,29.60,7218
HAR,20100720,29.02,29.94,28.86,29.83,9771
HAR,20100721,30.05,30.81,29.63,29.75,8053
HAR,20100722,30.57,31.57,30.25,31.26,15264
HAR,20100723,31.39,31.96,30.87,31.34,10301
HAR,20100726,31.45,31.97,30.79,31.81,9862
HAR,20100727,31.97,32.18,31.10,31.52,10016
HAR,20100728,31.31,31.39,30.27,30.48,7651
HAR,20100729,30.71,31.15,29.87,30.45,9148
HAR,20100730,29.99,30.62,29.57,30.41,6117
HAR,20100802,31.03,32.32,30.70,32.18,13487
HAR,20100803,31.87,32.31,31.13,31.87,10076
HAR,20100804,31.90,32.71,31.84,32.65,14352
HAR,20100805,32.59,34.30,32.22,33.80,17718
HAR,20100806,30.98,32.50,28.90,29.88,53443
HAR,20100809,30.00,30.50,29.57,30.08,28572
HAR,20100810,29.91,30.46,29.63,30.17,18271
HAR,20100811,29.66,29.93,28.83,29.14,16108
HAR,20100812,28.45,29.96,28.11,29.82,17710
HAR,20100813,29.63,30.20,29.31,29.61,12563
HAR,20100816,29.40,30.16,29.29,30.08,11197
HAR,20100817,30.53,31.05,30.28,30.39,10561
HAR,20100818,30.32,30.91,30.09,30.45,8315
HAR,20100819,30.39,30.85,30.10,30.50,10624
HAR,20100820,30.36,30.74,30.14,30.71,7875
HAR,20100823,30.76,31.34,30.54,30.57,5217
HAR,20100824,30.15,30.63,29.11,30.18,9823
HAR,20100825,30.20,31.98,30.01,31.85,11750
HAR,20100826,32.32,32.86,31.28,31.38,12053
HAR,20100827,31.76,32.37,31.10,32.20,7544
HAR,20100830,32.24,32.71,31.48,31.48,6293
HAR,20100831,31.21,31.87,30.90,31.17,8782
HAR,20100901,31.78,32.85,31.76,32.80,8230
HAR,20100902,32.84,34.17,32.73,34.06,6968
HAR,20100903,34.84,35.62,34.48,35.10,5899
HAR,20100907,34.56,34.81,33.51,33.63,8223
HAR,20100908,33.05,34.02,32.70,33.30,13205
HAR,20100909,34.10,34.28,31.58,32.03,13304
HAR,20100910,32.09,32.28,31.73,32.02,7178
HAR,20100913,32.48,33.12,32.43,32.99,5377
HAR,20100914,32.73,33.00,32.31,32.48,5832
HAR,20100915,32.49,33.30,32.32,32.97,8048
HAR,20100916,32.80,32.87,32.32,32.44,6214
HAR,20100917,32.70,33.00,32.57,32.92,5017
HAR,20100920,33.08,34.27,33.04,34.19,6349
HAR,20100921,34.18,34.22,33.15,33.43,4559
HAR,20100922,33.46,33.80,32.81,32.89,3459
HAR,20100923,32.30,33.79,32.30,33.42,6169
HAR,20100924,34.00,34.17,33.45,33.68,8210
HAR,20100927,33.66,33.75,33.08,33.17,3701
HAR,20100928,33.15,33.69,32.48,33.59,4602
HAR,20100929,33.14,33.56,32.93,33.35,3370
HAR,20100930,33.60,34.29,33.22,33.41,8188
HAR,20101001,33.41,34.10,32.95,33.12,4582
HAR,20101004,32.93,33.23,32.54,33.18,5787
HAR,20101005,33.87,34.40,33.31,34.24,6340
HAR,20101006,34.09,34.23,33.30,33.44,5457
HAR,20101007,33.89,33.91,33.01,33.43,5735
HAR,20101008,33.66,34.94,33.53,34.57,7668
HAR,20101011,34.66,35.09,34.46,34.61,4677
HAR,20101012,34.20,35.02,34.20,34.84,4775
HAR,20101013,35.21,35.75,34.83,35.42,7554
HAR,20101014,35.22,35.54,35.04,35.43,7691
HAR,20101015,35.94,36.25,35.26,36.12,7819
HAR,20101018,36.21,36.40,35.81,36.07,4241
HAR,20101019,35.70,36.59,34.96,35.13,7442
HAR,20101020,35.19,35.95,34.81,35.40,8754
HAR,20101021,35.71,36.13,34.27,34.48,11777
HAR,20101022,34.49,34.61,33.63,34.33,17912
HAR,20101025,34.95,35.66,34.59,35.19,6796
HAR,20101026,34.91,35.48,34.71,34.80,7180
HAR,20101027,34.42,34.60,33.72,33.97,9563
HAR,20101028,34.48,34.55,33.52,33.60,7108
HAR,20101029,33.51,33.95,33.40,33.55,5187
HAR,20101101,33.84,34.34,33.40,33.48,6977
HAR,20101102,37.50,39.37,36.50,37.58,34794
HAR,20101103,37.53,37.62,36.70,37.30,16865
HAR,20101104,37.95,39.88,37.88,39.81,10088
HAR,20101105,39.49,40.25,39.41,39.88,6941
HAR,20101108,39.34,40.00,39.07,39.97,6630
HAR,20101109,39.94,40.13,39.07,39.32,6711
HAR,20101110,39.72,41.27,39.61,41.26,11956
HAR,20101111,40.68,41.33,40.58,41.08,8609
HAR,20101112,40.63,41.42,40.51,40.80,6711
HAR,20101115,41.05,41.58,40.26,40.36,5691
HAR,20101116,39.92,40.82,39.67,40.26,9999
HAR,20101117,40.09,40.89,39.91,40.72,4701
HAR,20101118,41.33,41.45,40.75,41.35,6072
HAR,20101119,41.11,42.06,41.03,42.00,5135
HAR,20101122,41.47,42.54,41.43,42.48,7487
HAR,20101123,41.82,42.56,41.73,42.45,9638
HAR,20101124,42.92,44.50,42.84,44.13,7410
HAR,20101126,43.52,44.46,43.48,44.19,3636
HAR,20101129,43.88,44.06,43.16,43.76,12836
HAR,20101130,43.42,44.11,43.16,43.59,10810
HAR,20101201,45.36,47.44,45.31,46.20,20035
HAR,20101202,46.20,47.22,45.86,46.70,10471
HAR,20101203,46.44,47.72,46.37,47.61,6671
HAR,20101206,47.34,47.91,47.04,47.40,5320
HAR,20101207,48.22,48.88,46.84,46.99,11054
HAR,20101208,47.16,47.77,46.48,47.00,9483
HAR,20101209,47.46,48.00,46.91,47.91,8041
HAR,20101210,47.88,48.56,47.58,48.37,3920
HAR,20101213,48.48,48.61,47.08,47.26,6500
HAR,20101214,47.36,47.42,46.41,46.67,5286
HAR,20101215,46.71,47.09,46.31,46.42,6368
HAR,20101216,46.73,47.67,46.44,47.60,4383
HAR,20101217,47.68,48.06,47.45,47.80,6068
HAR,20101220,47.92,48.12,47.07,47.50,4826
HAR,20101221,47.91,48.22,47.36,48.01,4291
HAR,20101222,47.78,48.20,47.24,47.93,4779
HAR,20101223,47.61,47.87,46.54,46.78,3882
HAR,20101227,46.66,47.18,46.66,46.99,4732
HAR,20101228,47.02,47.17,46.17,46.58,2803
HAR,20101229,46.95,47.10,46.48,46.95,2006
HAR,20101230,46.79,47.08,46.54,46.63,1459
HAR,20101231,46.50,46.85,45.94,46.30,3466
HAR,20110103,47.04,47.83,47.04,47.68,3965
HAR,20110104,47.69,47.76,45.73,45.96,5416
HAR,20110105,45.74,46.61,45.40,46.29,5648
HAR,20110106,46.35,46.35,44.84,44.94,7189
HAR,20110107,45.08,45.27,43.41,43.92,9964
