HLX,20090115,6.59,6.67,6.00,6.56,14022
HLX,20090116,6.85,6.87,6.24,6.56,11394
HLX,20090120,6.36,6.47,5.42,5.46,21514
HLX,20090121,5.63,6.25,5.35,6.25,24503
HLX,20090122,6.12,6.12,5.46,5.61,20774
HLX,20090123,5.50,6.13,5.27,5.78,24532
HLX,20090126,5.86,6.24,5.47,5.50,27071
HLX,20090127,5.61,5.71,5.12,5.48,23392
HLX,20090128,5.55,5.77,5.42,5.67,14858
HLX,20090129,5.56,5.66,5.16,5.26,13610
HLX,20090130,5.42,5.51,5.03,5.15,13283
HLX,20090202,5.07,5.13,4.82,4.88,13818
HLX,20090203,4.92,4.92,4.68,4.89,13382
HLX,20090204,4.94,5.18,4.91,5.03,13573
HLX,20090205,5.03,5.25,4.84,5.22,13726
HLX,20090206,5.20,5.58,5.07,5.47,20050
HLX,20090209,5.60,5.81,5.49,5.50,19639
HLX,20090210,5.63,5.78,5.00,5.11,23733
HLX,20090211,5.16,5.43,4.71,4.90,19968
HLX,20090212,4.89,4.96,4.65,4.86,17680
HLX,20090213,4.95,5.07,4.76,4.78,10325
HLX,20090217,4.73,4.73,4.12,4.12,26160
HLX,20090218,4.13,4.25,3.94,4.04,23886
HLX,20090219,4.12,4.24,4.02,4.08,19344
HLX,20090220,3.97,4.00,3.45,3.47,47341
HLX,20090223,3.68,3.74,2.91,2.93,45339
HLX,20090224,2.99,2.99,2.64,2.85,56981
HLX,20090225,2.60,3.04,2.21,2.70,89567
HLX,20090226,2.86,3.36,2.82,3.06,41171
HLX,20090227,2.97,3.15,2.71,3.11,31053
HLX,20090302,2.85,3.09,2.58,2.96,59523
HLX,20090303,3.01,3.38,2.85,3.21,79579
HLX,20090304,3.33,3.81,3.33,3.77,66850
HLX,20090305,3.71,3.84,3.35,3.53,49756
HLX,20090306,3.53,3.79,3.49,3.66,39224
HLX,20090309,3.61,4.21,3.61,4.12,34170
HLX,20090310,4.48,4.79,4.24,4.52,45821
HLX,20090311,4.54,5.12,4.00,4.34,36463
HLX,20090312,4.34,4.66,4.03,4.51,26823
HLX,20090313,4.58,4.68,4.37,4.54,10884
HLX,20090316,4.62,4.89,4.51,4.61,19875
HLX,20090317,4.62,5.03,4.42,5.02,17540
HLX,20090318,5.00,5.32,4.68,5.23,27010
HLX,20090319,5.34,5.98,5.34,5.63,25469
HLX,20090320,5.67,5.70,4.95,5.22,26845
HLX,20090323,5.49,6.04,5.31,6.04,22540
HLX,20090324,5.83,6.06,5.56,5.81,20968
HLX,20090325,5.80,6.08,5.38,5.66,20909
HLX,20090326,5.75,6.10,5.70,5.85,17692
HLX,20090327,5.71,5.82,5.42,5.65,13683
HLX,20090330,5.42,5.42,5.00,5.07,20532
HLX,20090331,5.17,5.38,5.10,5.14,18274
HLX,20090401,4.99,5.39,4.80,5.32,16084
HLX,20090402,5.57,6.00,5.57,5.93,22825
HLX,20090403,5.94,6.19,5.91,6.16,20357
HLX,20090406,6.18,6.25,5.90,6.03,16108
HLX,20090407,5.70,6.03,5.68,5.91,13754
HLX,20090408,5.94,7.95,5.91,7.82,99847
HLX,20090409,7.83,8.89,7.79,8.57,49889
HLX,20090413,8.34,8.55,7.90,8.41,24207
HLX,20090414,8.29,8.87,8.07,8.35,24261
HLX,20090415,8.17,8.60,8.12,8.57,29946
HLX,20090416,8.46,8.61,8.03,8.25,48106
HLX,20090417,8.25,8.44,7.86,8.36,38117
HLX,20090420,8.12,8.23,7.31,7.50,28410
HLX,20090421,7.36,8.41,7.24,8.28,27230
HLX,20090422,8.17,8.60,7.96,8.24,25934
HLX,20090423,8.34,8.50,7.66,7.93,34151
HLX,20090424,8.05,9.00,8.05,8.92,34460
HLX,20090427,8.67,8.92,8.43,8.71,23183
HLX,20090428,8.56,9.06,8.45,8.79,22260
HLX,20090429,9.13,9.48,8.90,9.36,20361
HLX,20090430,9.60,9.65,8.87,9.09,26455
HLX,20090501,9.16,9.60,8.98,9.43,17922
HLX,20090504,9.54,10.05,9.49,9.98,25952
HLX,20090505,9.95,10.08,9.52,9.78,25250
HLX,20090506,10.98,11.58,10.37,11.04,63576
HLX,20090507,11.47,11.50,10.27,10.54,37520
HLX,20090508,10.74,11.36,10.65,11.30,31758
HLX,20090511,11.05,11.14,10.45,10.60,23447
HLX,20090512,10.66,10.95,10.19,10.57,22029
HLX,20090513,10.25,10.43,9.34,9.42,24858
HLX,20090514,9.35,9.84,8.92,9.71,21629
HLX,20090515,9.61,9.91,9.20,9.33,18309
HLX,20090518,9.38,10.20,9.38,10.19,20837
HLX,20090519,10.36,10.50,9.91,10.26,22915
HLX,20090520,10.39,10.72,10.18,10.25,20182
HLX,20090521,10.08,10.15,9.27,9.65,23351
HLX,20090522,9.69,10.12,9.69,9.83,20780
HLX,20090526,9.71,10.56,9.63,10.54,20686
HLX,20090527,10.58,11.07,10.48,10.79,30793
HLX,20090528,10.99,11.20,10.53,11.11,21475
HLX,20090529,11.31,11.65,10.90,11.25,22459
HLX,20090601,11.50,12.08,11.07,11.89,37544
HLX,20090602,11.89,11.91,11.31,11.70,37411
HLX,20090603,11.36,11.55,10.68,11.03,22595
HLX,20090604,11.19,11.49,11.00,11.40,20202
HLX,20090605,11.54,11.87,11.10,11.30,20758
HLX,20090608,11.19,11.41,10.90,11.26,18169
HLX,20090609,11.41,11.58,11.09,11.45,10330
HLX,20090610,11.69,11.82,11.27,11.82,18303
HLX,20090611,11.82,12.65,11.82,12.40,20457
HLX,20090612,12.25,12.39,11.78,12.12,10203
HLX,20090615,11.88,11.91,11.17,11.49,14325
HLX,20090616,11.64,11.65,11.08,11.37,28703
HLX,20090617,11.22,11.26,10.34,10.69,18832
HLX,20090618,10.63,10.84,10.32,10.51,12208
HLX,20090619,10.67,10.74,10.23,10.37,16594
HLX,20090622,10.16,10.23,9.25,9.28,22023
HLX,20090623,9.63,9.99,9.27,9.61,17853
HLX,20090624,9.69,10.23,9.50,9.67,15966
HLX,20090625,9.65,10.13,9.56,10.10,14728
HLX,20090626,10.15,10.96,10.10,10.84,33202
HLX,20090629,10.97,11.17,10.68,10.85,22674
HLX,20090630,11.03,11.44,10.64,10.87,18102
HLX,20090701,11.03,11.41,10.89,10.97,28513
HLX,20090702,10.74,10.82,9.93,9.93,23674
HLX,20090706,9.73,9.81,9.45,9.69,20530
HLX,20090707,9.68,9.73,9.30,9.38,23513
HLX,20090708,9.33,9.54,8.76,9.22,24269
HLX,20090709,9.27,9.73,9.19,9.49,20927
HLX,20090710,9.31,9.59,9.16,9.42,18959
HLX,20090713,9.45,9.71,9.04,9.68,17559
HLX,20090714,9.80,10.40,9.75,10.20,35658
HLX,20090715,10.46,10.84,10.45,10.70,54298
HLX,20090716,10.63,11.29,10.52,11.19,21528
HLX,20090717,11.20,11.29,10.90,11.14,14378
HLX,20090720,11.29,11.61,10.82,11.51,32150
HLX,20090721,11.61,11.83,11.20,11.33,25220
HLX,20090722,11.26,11.46,10.85,11.29,19876
HLX,20090723,11.25,11.78,11.14,11.57,27667
HLX,20090724,11.54,11.60,11.09,11.40,26500
HLX,20090727,11.45,11.75,11.15,11.30,29232
HLX,20090728,11.15,11.15,10.52,10.77,27257
HLX,20090729,10.60,10.60,10.17,10.23,27288
HLX,20090730,10.90,11.19,9.94,10.33,46656
HLX,20090731,10.23,10.59,10.07,10.49,31329
HLX,20090803,10.72,11.09,10.67,11.05,32668
HLX,20090804,10.92,11.38,10.76,11.22,41163
HLX,20090805,11.23,11.25,10.84,11.03,25186
HLX,20090806,11.07,11.24,10.91,11.16,21103
HLX,20090807,11.25,11.50,11.03,11.25,12627
HLX,20090810,11.16,11.64,11.05,11.59,24258
HLX,20090811,11.48,11.54,11.29,11.31,16466
HLX,20090812,11.34,11.90,11.26,11.75,15754
HLX,20090813,11.96,12.26,11.76,12.22,21094
HLX,20090814,12.22,12.30,11.85,12.03,18300
HLX,20090817,11.73,11.73,11.30,11.33,29274
HLX,20090818,11.40,11.56,11.30,11.51,25180
HLX,20090819,11.25,11.96,11.25,11.90,33415
HLX,20090820,11.82,12.39,11.82,12.35,28180
HLX,20090821,12.45,12.76,12.07,12.25,38955
HLX,20090824,12.34,12.64,12.26,12.58,28012
HLX,20090825,12.53,12.60,11.86,12.11,40374
HLX,20090826,12.03,12.06,11.72,11.88,19438
HLX,20090827,11.71,11.94,11.15,11.84,20973
HLX,20090828,11.99,12.21,11.81,12.14,20224
HLX,20090831,11.91,12.00,11.55,11.70,22810
HLX,20090901,11.56,12.08,11.25,11.30,23454
HLX,20090902,11.30,11.56,11.03,11.35,29985
HLX,20090903,11.49,11.81,11.35,11.79,25365
HLX,20090904,11.61,12.31,11.57,12.28,20982
HLX,20090908,12.45,12.98,12.45,12.89,23941
HLX,20090909,12.80,13.65,12.71,13.33,26077
HLX,20090910,13.35,13.98,13.26,13.95,21237
HLX,20090911,14.01,14.42,13.92,14.31,28925
HLX,20090914,13.98,14.86,13.84,14.74,27523
HLX,20090915,14.76,15.70,14.71,15.54,33219
HLX,20090916,15.81,16.11,15.53,15.99,24475
HLX,20090917,15.97,16.04,15.64,15.76,30168
HLX,20090918,15.88,15.98,15.32,15.43,46578
HLX,20090921,14.84,15.00,14.51,14.99,31452
HLX,20090922,15.20,15.29,14.90,15.22,19334
HLX,20090923,15.13,15.36,14.46,14.69,25447
HLX,20090924,14.69,14.69,13.95,14.24,15567
HLX,20090925,14.24,14.47,13.93,14.10,14300
HLX,20090928,14.16,15.02,13.98,14.94,21500
HLX,20090929,14.94,15.29,14.68,15.19,28789
HLX,20090930,15.34,15.50,14.77,14.98,31169
HLX,20091001,14.92,15.01,13.96,13.97,27273
HLX,20091002,13.72,14.06,13.27,13.86,17821
HLX,20091005,13.90,14.14,13.66,13.75,42371
HLX,20091006,14.01,14.26,13.81,14.03,38569
HLX,20091007,13.93,14.41,13.87,14.41,21059
HLX,20091008,14.49,15.19,14.43,15.07,16014
HLX,20091009,14.92,15.19,14.70,14.93,16932
HLX,20091012,15.09,15.69,15.09,15.31,10386
HLX,20091013,15.22,15.50,14.82,15.41,13540
HLX,20091014,15.68,15.99,15.59,15.96,23705
HLX,20091015,15.74,16.49,15.61,16.48,27672
HLX,20091016,16.28,16.37,15.73,16.22,15307
HLX,20091019,16.26,16.75,15.93,16.59,14035
HLX,20091020,16.57,16.67,15.76,16.10,15549
HLX,20091021,16.00,16.92,15.95,16.30,15262
HLX,20091022,16.25,16.44,15.66,16.39,12652
HLX,20091023,16.41,16.47,15.54,15.87,27594
HLX,20091026,15.91,16.52,15.45,15.49,19920
HLX,20091027,15.64,15.74,15.16,15.26,18540
HLX,20091028,15.20,15.22,14.22,14.34,26399
HLX,20091029,14.57,15.04,14.01,14.46,28643
HLX,20091030,14.33,14.38,13.40,13.73,34159
HLX,20091102,13.84,14.14,13.10,13.36,21343
HLX,20091103,13.09,14.24,12.96,14.16,24690
HLX,20091104,14.37,14.72,14.11,14.15,18715
HLX,20091105,14.31,14.54,14.08,14.50,12261
HLX,20091106,14.15,14.66,14.11,14.37,9905
HLX,20091109,14.62,14.81,14.50,14.68,23908
HLX,20091110,14.57,14.83,14.36,14.64,6822
HLX,20091111,14.78,14.93,14.51,14.71,11313
HLX,20091112,14.65,14.66,13.98,14.10,10772
HLX,20091113,14.13,14.13,13.24,13.48,26756
HLX,20091116,13.64,14.02,13.64,13.81,30212
HLX,20091117,13.72,13.87,13.48,13.56,19366
HLX,20091118,13.61,13.63,13.15,13.22,20558
HLX,20091119,13.05,13.13,12.48,12.72,18390
HLX,20091120,12.51,12.56,12.08,12.15,14729
HLX,20091123,12.40,12.76,12.25,12.27,11135
HLX,20091124,12.31,12.34,11.67,11.88,21997
HLX,20091125,11.92,12.09,11.64,12.00,12872
HLX,20091127,11.36,11.68,11.28,11.53,11680
HLX,20091130,11.43,11.78,11.28,11.76,25328
HLX,20091201,12.03,13.12,12.03,12.51,38567
HLX,20091202,12.55,12.75,12.37,12.62,27384
HLX,20091203,12.63,12.70,11.82,11.87,26926
HLX,20091204,12.15,12.38,11.49,11.74,23067
HLX,20091207,11.70,11.80,11.50,11.57,11409
HLX,20091208,11.49,11.49,10.91,10.98,17486
HLX,20091209,11.04,11.17,10.79,11.10,22428
HLX,20091210,11.26,11.45,11.16,11.28,14825
HLX,20091211,11.38,11.44,11.17,11.44,12943
HLX,20091214,11.62,11.67,11.44,11.50,7977
HLX,20091215,11.38,11.48,11.29,11.44,23732
HLX,20091216,11.50,11.98,11.50,11.83,17406
HLX,20091217,11.75,11.90,11.56,11.64,15754
HLX,20091218,11.80,11.94,11.50,11.57,41305
HLX,20091221,11.70,12.09,11.70,12.04,13651
HLX,20091222,12.10,12.13,11.83,12.13,12057
HLX,20091223,12.30,12.30,11.87,12.00,9510
HLX,20091224,11.99,12.19,11.95,12.07,2731
HLX,20091228,12.09,12.23,11.80,11.96,11920
HLX,20091229,11.97,12.03,11.73,11.73,9528
HLX,20091230,11.59,11.77,11.55,11.77,8630
HLX,20091231,11.74,11.87,11.43,11.75,16681
HLX,20100104,11.95,12.54,11.95,12.40,23298
HLX,20100105,12.48,13.08,12.13,13.02,24922
HLX,20100106,13.01,13.37,12.93,13.31,23034
HLX,20100107,13.26,13.26,12.95,13.19,17725
HLX,20100108,13.08,13.38,12.96,13.28,11655
HLX,20100111,13.51,13.51,12.95,13.09,12489
HLX,20100112,12.90,13.06,12.54,12.62,16069
HLX,20100113,12.61,12.78,12.32,12.66,15852
HLX,20100114,12.65,13.00,12.59,12.91,14791
HLX,20100115,12.92,12.97,12.47,12.49,17111
HLX,20100119,12.36,12.75,12.33,12.70,15023
HLX,20100120,12.50,12.50,12.23,12.36,15009
HLX,20100121,12.35,12.58,11.93,11.94,16846
HLX,20100122,11.89,12.06,11.45,11.52,13208
HLX,20100125,11.65,11.86,11.49,11.58,11745
HLX,20100126,11.50,11.82,11.25,11.55,9044
HLX,20100127,11.49,11.70,10.82,11.10,24373
HLX,20100128,11.16,11.21,10.59,10.84,13487
HLX,20100129,10.91,11.13,10.41,10.61,15866
HLX,20100201,10.65,10.92,10.65,10.90,15603
HLX,20100202,11.00,11.09,10.70,11.00,16327
HLX,20100203,10.97,11.28,10.92,11.08,15660
HLX,20100204,10.79,10.87,10.29,10.30,16350
HLX,20100205,10.27,10.60,9.98,10.54,22318
HLX,20100208,10.59,10.59,10.13,10.14,16023
HLX,20100209,10.39,10.73,10.25,10.63,14214
HLX,20100210,10.58,10.87,10.31,10.67,9625
HLX,20100211,10.56,10.93,10.50,10.93,7891
HLX,20100212,10.68,10.86,10.56,10.83,12116
HLX,20100216,11.03,11.13,10.94,11.10,12160
HLX,20100217,11.20,11.40,11.12,11.38,8402
HLX,20100218,11.39,11.55,11.20,11.53,6710
HLX,20100219,11.50,11.62,11.35,11.60,7899
HLX,20100222,11.68,11.81,11.22,11.35,12764
HLX,20100223,11.29,11.32,10.98,10.98,10248
HLX,20100224,10.94,11.20,10.88,11.04,11847
HLX,20100225,10.36,11.16,10.10,11.11,26351
HLX,20100226,11.12,11.62,11.01,11.51,19826
HLX,20100301,11.52,11.68,10.99,11.11,21387
HLX,20100302,11.16,11.72,11.16,11.55,17481
HLX,20100303,11.57,11.87,11.56,11.61,17855
HLX,20100304,11.57,11.69,11.44,11.49,15372
HLX,20100305,11.61,11.97,11.61,11.86,17278
HLX,20100308,12.09,12.98,12.09,12.93,38881
HLX,20100309,12.82,13.14,12.71,13.10,29161
HLX,20100310,13.07,14.28,13.00,14.27,73843
HLX,20100311,14.16,14.55,14.05,14.50,44592
HLX,20100312,14.57,14.80,14.54,14.63,25317
HLX,20100315,14.55,14.55,13.75,13.84,29760
HLX,20100316,13.94,14.27,13.85,14.25,24372
HLX,20100317,14.36,14.46,14.29,14.38,18362
HLX,20100318,14.42,14.49,14.06,14.17,16259
HLX,20100319,14.17,14.17,13.22,13.33,28467
HLX,20100322,13.13,13.58,13.00,13.46,14426
HLX,20100323,13.51,13.70,13.37,13.49,14690
HLX,20100324,13.38,13.71,13.30,13.50,8509
HLX,20100325,13.65,13.71,12.77,12.80,14947
HLX,20100326,12.75,12.91,12.37,12.39,17018
HLX,20100329,12.50,12.76,12.47,12.60,14587
HLX,20100330,12.67,12.93,12.50,12.86,22484
HLX,20100331,12.94,13.37,12.94,13.03,18774
HLX,20100401,13.20,13.84,13.16,13.84,19762
HLX,20100405,13.96,14.59,13.93,14.56,20952
HLX,20100406,14.55,15.15,14.53,15.00,30531
HLX,20100407,14.85,14.91,14.34,14.53,20389
HLX,20100408,14.41,14.66,14.17,14.59,14851
HLX,20100409,14.64,14.72,14.42,14.59,11693
HLX,20100412,14.67,15.34,14.57,15.25,25500
HLX,20100413,15.24,15.25,14.86,15.11,16953
HLX,20100414,15.29,15.88,15.29,15.82,26401
HLX,20100415,15.96,16.91,15.88,16.35,37962
HLX,20100416,16.10,16.38,15.68,16.15,27624
HLX,20100419,15.88,16.35,15.81,15.97,21250
HLX,20100420,16.13,16.75,16.13,16.72,24889
HLX,20100421,16.69,16.84,16.11,16.57,23154
HLX,20100422,16.36,16.73,16.12,16.64,17269
HLX,20100423,16.63,16.96,16.48,16.87,23066
HLX,20100426,16.88,17.00,16.60,16.71,23417
HLX,20100427,16.52,16.61,15.70,15.82,27055
HLX,20100428,15.89,16.24,15.43,16.12,23701
HLX,20100429,15.94,16.72,14.65,15.39,60883
HLX,20100430,15.40,16.05,14.54,14.58,45367
HLX,20100503,14.71,15.40,14.66,15.18,26401
HLX,20100504,14.84,14.84,13.89,14.09,31120
HLX,20100505,13.94,14.84,13.76,14.59,35943
HLX,20100506,14.51,14.77,12.90,13.91,33654
HLX,20100507,13.77,14.00,12.69,12.99,52133
HLX,20100510,13.80,14.35,13.68,14.32,31948
HLX,20100511,14.14,14.90,14.05,14.34,25098
HLX,20100512,14.44,15.09,14.42,15.01,21688
HLX,20100513,14.94,15.27,14.42,14.50,27210
HLX,20100514,14.34,14.37,13.61,13.86,24457
HLX,20100517,13.96,14.22,13.23,13.58,23924
HLX,20100518,13.87,14.06,13.01,13.12,17868
HLX,20100519,13.02,13.19,12.34,12.77,19910
HLX,20100520,12.22,12.22,11.32,11.57,39695
HLX,20100521,11.23,12.24,10.85,12.00,24169
HLX,20100524,11.96,12.05,11.20,11.20,23573
HLX,20100525,10.70,11.16,10.57,11.12,34303
HLX,20100526,11.35,11.85,11.31,11.35,17420
HLX,20100527,12.23,12.23,11.13,11.70,47851
HLX,20100528,11.63,11.63,10.66,10.89,45499
HLX,20100601,10.48,10.77,9.96,10.00,36083
HLX,20100602,10.16,10.83,10.11,10.74,28104
HLX,20100603,10.82,10.91,10.34,10.63,27737
HLX,20100604,10.36,10.80,10.06,10.09,25232
HLX,20100607,10.12,10.30,9.72,9.80,21025
HLX,20100608,10.25,10.34,9.70,10.04,27523
HLX,20100609,10.15,11.17,10.12,10.37,53965
HLX,20100610,10.74,10.88,10.31,10.63,28589
HLX,20100611,10.50,10.95,10.44,10.54,30025
HLX,20100614,11.08,12.10,10.91,11.59,58272
HLX,20100615,11.88,12.08,11.68,12.00,35434
HLX,20100616,11.82,12.27,11.66,11.99,24965
HLX,20100617,12.01,12.05,11.67,11.93,21380
HLX,20100618,11.93,12.35,11.87,12.26,20678
HLX,20100621,12.62,12.67,12.00,12.11,20850
HLX,20100622,12.18,12.27,11.51,11.58,20606
HLX,20100623,11.54,11.61,10.94,11.12,20761
HLX,20100624,10.96,11.09,10.71,11.00,22873
HLX,20100625,11.07,11.72,11.04,11.61,109300
HLX,20100628,11.63,11.66,11.22,11.24,12509
HLX,20100629,11.00,11.21,10.81,11.04,25507
HLX,20100630,11.07,11.41,10.71,10.77,18106
HLX,20100701,10.76,10.89,10.25,10.72,25534
HLX,20100702,10.13,10.39,9.71,9.93,43342
HLX,20100706,10.08,10.17,9.40,9.55,41363
HLX,20100707,9.54,9.96,9.47,9.95,24751
HLX,20100708,10.11,10.23,9.87,10.21,20148
HLX,20100709,10.11,10.46,10.06,10.41,10699
HLX,20100712,10.42,10.57,10.05,10.10,13529
HLX,20100713,10.36,10.40,10.18,10.28,17835
HLX,20100714,10.16,10.47,10.04,10.38,11387
HLX,20100715,10.38,10.40,10.02,10.20,20789
HLX,20100716,10.12,10.16,9.58,9.60,19075
HLX,20100719,9.69,9.72,9.30,9.56,15401
HLX,20100720,9.38,9.77,9.32,9.73,21806
HLX,20100721,9.80,9.85,9.41,9.44,20274
HLX,20100722,9.68,9.97,9.61,9.95,21581
HLX,20100723,9.85,10.32,9.77,10.32,20170
HLX,20100726,10.26,10.64,10.22,10.62,16914
HLX,20100727,10.78,10.87,10.59,10.69,23586
HLX,20100728,10.64,10.82,10.40,10.55,22200
HLX,20100729,10.48,10.60,9.63,9.68,34405
HLX,20100730,9.50,9.56,9.20,9.39,27401
HLX,20100802,9.63,9.72,9.46,9.61,16703
HLX,20100803,10.02,10.63,9.80,10.38,32670
HLX,20100804,10.52,11.06,10.36,11.00,33555
HLX,20100805,10.83,10.99,10.72,10.82,19065
HLX,20100806,10.58,10.78,10.39,10.64,17210
HLX,20100809,10.78,10.91,10.69,10.86,11666
HLX,20100810,10.50,10.64,10.30,10.53,17580
HLX,20100811,10.07,10.33,9.77,9.81,20651
HLX,20100812,9.73,9.88,9.55,9.59,11813
HLX,20100813,9.58,9.60,9.35,9.43,12501
HLX,20100816,9.32,9.51,9.24,9.48,13912
HLX,20100817,9.66,9.79,9.43,9.67,10696
HLX,20100818,9.55,9.62,9.30,9.54,13226
HLX,20100819,9.48,9.61,9.01,9.10,19650
HLX,20100820,8.98,9.11,8.80,9.10,15350
HLX,20100823,9.16,9.20,8.84,8.86,13412
HLX,20100824,8.75,8.97,8.46,8.70,14991
HLX,20100825,8.60,8.86,8.38,8.79,19269
HLX,20100826,8.89,9.18,8.86,8.94,22114
HLX,20100827,9.08,9.79,9.08,9.77,26784
HLX,20100830,9.73,9.84,9.55,9.55,15086
HLX,20100831,9.49,9.51,9.03,9.10,24319
HLX,20100901,9.39,9.82,9.31,9.74,13976
HLX,20100902,9.71,10.06,9.64,10.01,11799
HLX,20100903,10.26,10.37,10.09,10.22,11051
HLX,20100907,10.00,10.20,9.89,10.00,8404
HLX,20100908,10.04,10.33,10.01,10.06,8539
HLX,20100909,10.28,10.31,10.01,10.08,6290
HLX,20100910,10.14,10.40,10.10,10.26,6435
HLX,20100913,10.47,10.82,10.42,10.79,12205
HLX,20100914,10.77,10.92,10.39,10.59,15110
HLX,20100915,10.53,10.90,10.20,10.84,18162
HLX,20100916,10.78,10.84,10.05,10.09,24998
HLX,20100917,10.25,10.31,9.91,10.15,24348
HLX,20100920,10.16,10.55,10.02,10.53,13703
HLX,20100921,10.48,10.67,10.41,10.54,13876
HLX,20100922,10.56,10.64,9.98,10.00,16292
HLX,20100923,9.87,10.21,9.83,9.87,14959
HLX,20100924,10.02,10.17,9.98,10.14,16746
HLX,20100927,10.17,10.38,10.13,10.20,10598
HLX,20100928,10.27,10.59,10.05,10.57,10946
HLX,20100929,10.55,11.21,10.51,10.89,24604
HLX,20100930,11.04,11.32,10.89,11.14,16093
HLX,20101001,11.34,11.49,11.07,11.46,18697
HLX,20101004,11.43,11.43,10.88,11.07,15655
HLX,20101005,11.24,11.63,11.15,11.58,13481
HLX,20101006,11.57,11.85,11.57,11.73,12454
HLX,20101007,11.85,11.93,11.31,11.53,9861
HLX,20101008,11.48,12.05,11.48,12.01,8105
HLX,20101011,12.05,12.09,11.85,11.89,5769
HLX,20101012,11.84,12.26,11.61,12.16,9643
HLX,20101013,12.61,12.61,12.06,12.08,17180
HLX,20101014,12.07,12.21,11.79,11.97,10918
HLX,20101015,12.15,12.20,11.58,12.13,16507
HLX,20101018,12.18,12.35,12.14,12.33,11868
HLX,20101019,11.93,12.20,11.76,11.98,13535
HLX,20101020,12.10,12.40,12.00,12.31,10953
HLX,20101021,12.40,12.73,12.04,12.06,21194
HLX,20101022,12.18,12.35,12.07,12.30,6540
HLX,20101025,12.47,12.64,12.28,12.48,9812
HLX,20101026,12.33,12.88,12.28,12.79,12248
HLX,20101027,12.60,13.16,12.52,13.09,20209
HLX,20101028,13.33,13.40,12.10,12.40,29024
HLX,20101029,12.37,12.83,12.22,12.69,11431
HLX,20101101,12.89,13.06,12.47,12.68,13028
HLX,20101102,13.10,13.27,12.95,13.20,16814
HLX,20101103,13.26,13.29,12.77,13.19,15681
HLX,20101104,13.25,13.83,13.21,13.63,23758
HLX,20101105,13.75,14.04,13.59,13.67,20764
HLX,20101108,13.56,14.02,13.45,13.97,9377
HLX,20101109,14.05,14.12,13.58,13.67,14943
HLX,20101110,13.82,14.15,13.59,14.15,11041
HLX,20101111,13.94,14.29,13.84,14.20,7394
HLX,20101112,14.00,14.10,13.41,13.60,12495
HLX,20101115,13.77,14.00,13.60,13.60,10269
HLX,20101116,13.28,13.41,12.87,13.20,21138
HLX,20101117,13.26,13.62,13.20,13.53,10533
HLX,20101118,13.77,14.15,13.75,13.90,14962
HLX,20101119,13.77,14.01,13.58,13.97,8682
HLX,20101122,13.84,13.97,13.42,13.91,12471
HLX,20101123,13.61,13.62,13.28,13.50,11865
HLX,20101124,13.79,14.10,13.58,14.07,7654
HLX,20101126,13.91,13.93,13.80,13.88,3648
HLX,20101129,13.74,14.17,13.60,14.11,19127
HLX,20101130,13.86,14.19,13.67,14.03,23286
HLX,20101201,14.31,14.48,13.93,13.99,41832
HLX,20101202,14.06,14.16,13.68,13.81,29083
HLX,20101203,13.72,13.93,13.66,13.85,21232
HLX,20101206,13.74,13.90,13.56,13.57,23921
HLX,20101207,13.81,13.86,13.09,13.14,26103
HLX,20101208,13.26,13.42,13.10,13.27,12556
HLX,20101209,13.29,13.40,13.01,13.20,12643
HLX,20101210,13.35,13.61,13.22,13.49,12664
HLX,20101213,13.66,13.71,13.32,13.33,11002
HLX,20101214,13.49,13.57,12.93,13.10,19044
HLX,20101215,13.02,13.30,12.88,12.88,17090
HLX,20101216,12.85,12.88,12.45,12.64,19763
HLX,20101217,12.60,12.62,12.27,12.27,26108
HLX,20101220,12.37,12.40,12.17,12.20,16308
HLX,20101221,12.25,12.65,12.18,12.63,17651
HLX,20101222,12.63,12.77,12.50,12.55,9287
HLX,20101223,12.60,12.63,12.46,12.50,5442
HLX,20101227,12.41,12.49,12.21,12.26,6832
HLX,20101228,12.29,12.38,11.95,12.03,11993
HLX,20101229,12.10,12.16,12.01,12.06,10689
HLX,20101230,12.14,12.27,12.06,12.21,7368
HLX,20101231,12.22,12.25,12.09,12.14,7958
HLX,20110103,12.38,12.41,11.85,12.01,20020
HLX,20110104,12.05,12.16,11.83,12.02,30050
HLX,20110105,11.97,12.21,11.81,12.17,21420
HLX,20110106,12.20,12.30,11.86,11.92,12979
HLX,20110107,11.92,12.02,11.44,11.70,14929
