IAU,20090115,8.01,8.08,7.89,8.04,20870
IAU,20090116,8.23,8.31,8.18,8.28,60610
IAU,20090120,8.41,8.53,8.36,8.45,96020
IAU,20090121,8.41,8.44,8.30,8.41,68640
IAU,20090122,8.41,8.50,8.39,8.47,73970
IAU,20090123,8.66,8.89,8.62,8.85,118850
IAU,20090126,8.93,9.02,8.88,8.90,89300
IAU,20090127,8.84,8.89,8.81,8.84,72250
IAU,20090128,8.83,8.84,8.69,8.74,114570
IAU,20090129,8.67,8.96,8.64,8.96,83270
IAU,20090130,9.08,9.15,8.98,9.14,58770
IAU,20090202,9.00,9.06,8.87,8.88,42330
IAU,20090203,8.94,8.98,8.75,8.85,58500
IAU,20090204,8.89,8.95,8.86,8.92,49430
IAU,20090205,9.09,9.09,8.94,9.02,51480
IAU,20090206,8.93,9.02,8.93,8.96,43300
IAU,20090209,8.84,8.87,8.77,8.84,42940
IAU,20090210,8.97,9.04,8.93,9.03,58270
IAU,20090211,9.10,9.33,9.09,9.24,129620
IAU,20090212,9.31,9.38,9.26,9.34,122620
IAU,20090213,9.25,9.28,9.18,9.26,77120
IAU,20090217,9.53,9.59,9.49,9.55,122190
IAU,20090218,9.53,9.72,9.48,9.69,111260
IAU,20090219,9.60,9.66,9.55,9.58,70970
IAU,20090220,9.81,9.91,9.72,9.78,142950
IAU,20090223,9.67,9.82,9.60,9.78,280530
IAU,20090224,9.76,9.76,9.44,9.48,158520
IAU,20090225,9.48,9.63,9.29,9.33,140950
IAU,20090226,9.28,9.32,9.17,9.31,106620
IAU,20090227,9.44,9.46,9.11,9.27,118320
IAU,20090302,9.35,9.37,9.07,9.10,140970
IAU,20090303,9.09,9.11,8.90,9.00,96430
IAU,20090304,9.03,9.04,8.85,8.92,88860
IAU,20090305,9.00,9.22,8.93,9.21,103870
IAU,20090306,9.19,9.30,9.15,9.25,78710
IAU,20090309,9.24,9.24,8.96,9.07,123070
IAU,20090310,8.96,8.96,8.76,8.82,91730
IAU,20090311,8.85,8.98,8.79,8.92,52170
IAU,20090312,9.05,9.16,9.02,9.11,68170
IAU,20090313,9.18,9.19,9.06,9.13,49100
IAU,20090316,9.03,9.10,9.01,9.09,50110
IAU,20090317,9.03,9.06,8.98,9.02,34550
IAU,20090318,8.88,9.34,8.69,9.32,183720
IAU,20090319,9.35,9.47,9.30,9.43,78030
IAU,20090320,9.35,9.44,9.32,9.36,50720
IAU,20090323,9.35,9.39,9.21,9.22,57810
IAU,20090324,9.09,9.17,9.03,9.11,57550
IAU,20090325,9.09,9.26,9.04,9.20,93270
IAU,20090326,9.27,9.28,9.19,9.19,48040
IAU,20090327,9.09,9.13,9.05,9.09,62760
IAU,20090330,9.01,9.17,8.98,9.02,57830
IAU,20090331,9.05,9.09,8.97,9.03,33240
IAU,20090401,9.14,9.14,9.04,9.11,36850
IAU,20090402,8.88,8.94,8.80,8.89,73520
IAU,20090403,8.90,8.95,8.77,8.77,53400
IAU,20090406,8.65,8.65,8.51,8.54,55750
IAU,20090407,8.63,8.71,8.63,8.68,32410
IAU,20090408,8.72,8.76,8.64,8.67,31230
IAU,20090409,8.64,8.70,8.62,8.64,29960
IAU,20090413,8.81,8.85,8.77,8.80,19720
IAU,20090414,8.79,8.79,8.72,8.75,28480
IAU,20090415,8.75,8.80,8.73,8.77,18620
IAU,20090416,8.75,8.75,8.58,8.60,27810
IAU,20090417,8.58,8.58,8.50,8.53,53030
IAU,20090420,8.61,8.74,8.61,8.70,37100
IAU,20090421,8.79,8.79,8.64,8.69,35500
IAU,20090422,8.71,8.79,8.69,8.74,25300
IAU,20090423,8.78,8.94,8.77,8.89,40730
IAU,20090424,8.92,8.99,8.89,8.98,34080
IAU,20090427,8.94,8.98,8.90,8.91,29330
IAU,20090428,8.74,8.80,8.72,8.79,23060
IAU,20090429,8.84,8.88,8.78,8.85,27030
IAU,20090430,8.69,8.78,8.66,8.73,24930
IAU,20090501,8.69,8.75,8.68,8.71,9620
IAU,20090504,8.77,8.93,8.76,8.87,36510
IAU,20090505,8.98,8.98,8.79,8.84,38660
IAU,20090506,8.96,8.98,8.89,8.97,33580
IAU,20090507,9.02,9.03,8.93,8.94,60250
IAU,20090508,8.98,9.01,8.90,9.00,45890
IAU,20090511,8.97,9.01,8.96,8.98,28020
IAU,20090512,9.05,9.09,9.00,9.07,37770
IAU,20090513,9.05,9.15,9.04,9.12,61200
IAU,20090514,9.10,9.13,9.08,9.10,20390
IAU,20090515,9.12,9.19,9.12,9.16,29330
IAU,20090518,9.16,9.16,9.02,9.04,48120
IAU,20090519,9.07,9.14,9.07,9.10,30680
IAU,20090520,9.16,9.25,9.16,9.23,53160
IAU,20090521,9.24,9.39,9.20,9.39,62870
IAU,20090522,9.43,9.45,9.39,9.41,29610
IAU,20090526,9.31,9.39,9.29,9.37,25150
IAU,20090527,9.38,9.43,9.32,9.35,43720
IAU,20090528,9.42,9.49,9.39,9.43,36930
IAU,20090529,9.57,9.64,9.57,9.63,65030
IAU,20090601,9.66,9.68,9.57,9.58,42880
IAU,20090602,9.62,9.70,9.62,9.65,42360
IAU,20090603,9.60,9.63,9.44,9.45,56570
IAU,20090604,9.53,9.66,9.53,9.63,40440
IAU,20090605,9.43,9.48,9.37,9.38,77910
IAU,20090608,9.33,9.38,9.27,9.36,40220
IAU,20090609,9.43,9.44,9.35,9.39,34000
IAU,20090610,9.46,9.46,9.30,9.39,37110
IAU,20090611,9.32,9.46,9.31,9.38,48580
IAU,20090612,9.25,9.28,9.21,9.23,43340
IAU,20090615,9.20,9.20,9.10,9.12,37570
IAU,20090616,9.19,9.22,9.14,9.20,34150
IAU,20090617,9.17,9.24,9.12,9.23,28150
IAU,20090618,9.23,9.26,9.14,9.17,37690
IAU,20090619,9.19,9.23,9.17,9.19,24650
IAU,20090622,9.05,9.07,9.02,9.06,32510
IAU,20090623,9.07,9.11,9.01,9.10,28420
IAU,20090624,9.22,9.24,9.11,9.15,31840
IAU,20090625,9.22,9.24,9.18,9.23,26150
IAU,20090626,9.29,9.30,9.20,9.24,35540
IAU,20090629,9.24,9.25,9.18,9.22,19140
IAU,20090630,9.19,9.20,9.07,9.13,28810
IAU,20090701,9.24,9.30,9.21,9.24,35100
IAU,20090702,9.16,9.16,9.12,9.14,26210
IAU,20090706,9.06,9.10,9.05,9.09,21840
IAU,20090707,9.10,9.14,9.06,9.08,24030
IAU,20090708,9.02,9.04,8.89,8.93,40710
IAU,20090709,8.97,9.03,8.95,8.96,27860
IAU,20090710,8.94,8.98,8.93,8.97,13890
IAU,20090713,8.96,9.07,8.92,9.03,18880
IAU,20090714,9.10,9.12,9.07,9.09,17060
IAU,20090715,9.22,9.26,9.22,9.23,24520
IAU,20090716,9.21,9.22,9.17,9.21,14440
IAU,20090717,9.22,9.24,9.20,9.20,21480
IAU,20090720,9.37,9.39,9.30,9.34,43660
IAU,20090721,9.36,9.36,9.28,9.32,26300
IAU,20090722,9.29,9.38,9.28,9.35,28020
IAU,20090723,9.33,9.41,9.32,9.34,36170
IAU,20090724,9.35,9.38,9.34,9.35,14100
IAU,20090727,9.40,9.40,9.35,9.38,13600
IAU,20090728,9.28,9.29,9.18,9.22,48990
IAU,20090729,9.18,9.18,9.09,9.12,33560
IAU,20090730,9.16,9.21,9.15,9.17,20340
IAU,20090731,9.19,9.41,9.19,9.35,49960
IAU,20090803,9.43,9.46,9.38,9.40,31960
IAU,20090804,9.43,9.53,9.41,9.48,49330
IAU,20090805,9.50,9.51,9.42,9.48,25500
IAU,20090806,9.51,9.53,9.39,9.46,43890
IAU,20090807,9.44,9.47,9.37,9.38,24510
IAU,20090810,9.30,9.32,9.27,9.29,15890
IAU,20090811,9.27,9.30,9.25,9.29,14130
IAU,20090812,9.27,9.35,9.27,9.30,16220
IAU,20090813,9.40,9.41,9.35,9.37,18810
IAU,20090814,9.39,9.40,9.25,9.30,21240
IAU,20090817,9.16,9.19,9.14,9.17,22240
IAU,20090818,9.19,9.23,9.18,9.21,11270
IAU,20090819,9.18,9.28,9.18,9.26,21350
IAU,20090820,9.24,9.26,9.22,9.24,11980
IAU,20090821,9.37,9.39,9.35,9.37,21370
IAU,20090824,9.37,9.38,9.18,9.24,30750
IAU,20090825,9.35,9.35,9.26,9.28,25120
IAU,20090826,9.28,9.29,9.23,9.29,19260
IAU,20090827,9.29,9.34,9.25,9.32,13150
IAU,20090828,9.41,9.42,9.37,9.39,15430
IAU,20090831,9.32,9.35,9.30,9.35,8900
IAU,20090901,9.35,9.40,9.32,9.39,27980
IAU,20090902,9.48,9.63,9.47,9.62,48210
IAU,20090903,9.66,9.80,9.63,9.75,61990
IAU,20090904,9.72,9.79,9.68,9.76,27050
IAU,20090908,9.87,9.87,9.75,9.76,42930
IAU,20090909,9.81,9.84,9.69,9.72,32340
IAU,20090910,9.71,9.81,9.70,9.78,17950
IAU,20090911,9.90,9.94,9.84,9.88,31990
IAU,20090914,9.82,9.85,9.78,9.81,21040
IAU,20090915,9.78,9.92,9.77,9.90,20780
IAU,20090916,10.01,10.01,9.96,9.99,24270
IAU,20090917,9.97,10.01,9.91,9.95,34910
IAU,20090918,9.99,9.99,9.88,9.88,15250
IAU,20090921,9.81,9.87,9.78,9.85,14770
IAU,20090922,9.99,9.99,9.94,9.97,16680
IAU,20090923,9.92,9.99,9.88,9.89,22200
IAU,20090924,9.95,9.95,9.73,9.76,48050
IAU,20090925,9.72,9.76,9.69,9.71,29330
IAU,20090928,9.73,9.79,9.71,9.71,18220
IAU,20090929,9.73,9.78,9.70,9.75,11130
IAU,20090930,9.84,9.91,9.77,9.89,26920
IAU,20091001,9.89,9.89,9.80,9.80,16080
IAU,20091002,9.79,9.89,9.78,9.84,17990
IAU,20091005,9.86,9.99,9.84,9.98,24040
IAU,20091006,10.14,10.25,10.13,10.23,39300
IAU,20091007,10.24,10.26,10.19,10.24,30190
IAU,20091008,10.27,10.42,10.24,10.37,27510
IAU,20091009,10.31,10.33,10.25,10.29,24650
IAU,20091012,10.35,10.39,10.34,10.36,15260
IAU,20091013,10.38,10.45,10.36,10.43,24710
IAU,20091014,10.44,10.48,10.39,10.42,21660
IAU,20091015,10.33,10.40,10.27,10.30,39450
IAU,20091016,10.28,10.38,10.26,10.33,21290
IAU,20091019,10.33,10.43,10.28,10.43,23220
IAU,20091020,10.44,10.44,10.33,10.35,28430
IAU,20091021,10.35,10.45,10.34,10.38,32910
IAU,20091022,10.36,10.41,10.32,10.40,25300
IAU,20091023,10.46,10.47,10.31,10.36,25090
IAU,20091026,10.35,10.41,10.18,10.19,47920
IAU,20091027,10.20,10.22,10.13,10.19,278090
IAU,20091028,10.16,10.21,10.07,10.08,38620
IAU,20091029,10.18,10.28,10.16,10.28,19570
IAU,20091030,10.24,10.27,10.16,10.27,33710
IAU,20091102,10.36,10.43,10.33,10.39,28800
IAU,20091103,10.38,10.67,10.38,10.65,68420
IAU,20091104,10.71,10.77,10.65,10.72,40630
IAU,20091105,10.69,10.72,10.67,10.70,14860
IAU,20091106,10.75,10.81,10.71,10.75,22890
IAU,20091109,10.88,10.88,10.80,10.82,19980
IAU,20091110,10.81,10.88,10.78,10.85,20980
IAU,20091111,10.95,10.98,10.91,10.97,31480
IAU,20091112,10.93,10.96,10.82,10.83,31090
IAU,20091113,10.84,10.99,10.83,10.98,32030
IAU,20091116,11.08,11.23,11.08,11.17,35380
IAU,20091117,11.11,11.21,11.10,11.21,25370
IAU,20091118,11.28,11.31,11.19,11.24,41320
IAU,20091119,11.20,11.24,11.09,11.24,38260
IAU,20091120,11.18,11.30,11.16,11.30,31750
IAU,20091123,11.47,11.52,11.41,11.44,45820
IAU,20091124,11.48,11.49,11.41,11.48,38280
IAU,20091125,11.58,11.70,11.56,11.68,52000
IAU,20091127,11.32,11.59,11.31,11.52,85520
IAU,20091130,11.46,11.60,11.44,11.57,30650
IAU,20091201,11.74,11.79,11.69,11.75,35210
IAU,20091202,11.89,11.94,11.84,11.93,56930
IAU,20091203,11.87,11.96,11.82,11.88,47040
IAU,20091204,11.72,11.74,11.25,11.39,148150
IAU,20091207,11.17,11.43,11.15,11.32,110800
IAU,20091208,11.28,11.31,11.03,11.10,104370
IAU,20091209,11.16,11.25,10.95,11.09,91410
IAU,20091210,11.07,11.11,11.01,11.09,26930
IAU,20091211,11.07,11.09,10.88,10.94,61080
IAU,20091214,11.01,11.05,10.96,11.03,21160
IAU,20091215,11.00,11.06,10.94,11.03,26230
IAU,20091216,11.09,11.20,11.07,11.16,27530
IAU,20091217,10.96,11.00,10.74,10.75,58230
IAU,20091218,10.80,10.96,10.76,10.91,36920
IAU,20091221,10.93,10.94,10.69,10.70,37620
IAU,20091222,10.68,10.72,10.54,10.62,54820
IAU,20091223,10.67,10.75,10.64,10.67,28540
IAU,20091224,10.79,10.84,10.79,10.84,12070
IAU,20091228,10.87,10.88,10.80,10.87,18160
IAU,20091229,10.85,10.85,10.75,10.75,16160
IAU,20091230,10.67,10.75,10.65,10.70,27710
IAU,20091231,10.80,10.81,10.73,10.74,16050
IAU,20100104,10.99,11.02,10.94,10.99,23690
IAU,20100105,10.99,11.04,10.94,10.98,18720
IAU,20100106,11.08,11.18,11.06,11.16,21830
IAU,20100107,11.12,11.13,11.08,11.09,16220
IAU,20100108,11.15,11.16,11.04,11.14,14730
IAU,20100111,11.34,11.36,11.26,11.30,19010
IAU,20100112,11.25,11.31,11.02,11.06,38210
IAU,20100113,11.10,11.16,10.97,11.16,31600
IAU,20100114,11.16,11.24,11.10,11.21,18580
IAU,20100115,11.14,11.14,11.05,11.10,23250
IAU,20100119,11.11,11.18,11.10,11.17,19440
IAU,20100120,11.00,11.01,10.86,10.90,30290
IAU,20100121,10.86,10.88,10.67,10.75,34110
IAU,20100122,10.71,10.78,10.61,10.72,36860
IAU,20100125,10.75,10.78,10.72,10.76,24720
IAU,20100126,10.69,10.80,10.68,10.76,18460
IAU,20100127,10.76,10.78,10.62,10.66,38690
IAU,20100128,10.72,10.73,10.53,10.65,27030
IAU,20100129,10.59,10.63,10.53,10.60,49670
IAU,20100201,10.66,10.85,10.64,10.84,29750
IAU,20100202,10.92,10.97,10.87,10.92,15630
IAU,20100203,10.92,10.96,10.85,10.87,16890
IAU,20100204,10.69,10.69,10.38,10.44,73150
IAU,20100205,10.38,10.47,10.23,10.46,119360
IAU,20100208,10.44,10.52,10.41,10.41,68640
IAU,20100209,10.53,10.62,10.49,10.55,36000
IAU,20100210,10.52,10.56,10.42,10.52,22510
IAU,20100211,10.57,10.76,10.53,10.72,23920
IAU,20100212,10.62,10.72,10.56,10.71,14540
IAU,20100216,10.95,10.99,10.92,10.97,28690
IAU,20100217,10.98,11.01,10.90,10.93,24190
IAU,20100218,10.97,11.02,10.93,11.01,13460
IAU,20100219,10.94,11.04,10.89,10.96,16210
IAU,20100222,11.00,11.00,10.88,10.92,17250
IAU,20100223,10.89,10.89,10.77,10.80,14010
IAU,20100224,10.74,10.82,10.72,10.74,19470
IAU,20100225,10.68,10.88,10.68,10.83,17230
IAU,20100226,10.89,10.97,10.86,10.95,10070
IAU,20100301,10.96,10.99,10.91,10.95,13260
IAU,20100302,11.00,11.15,10.99,11.11,12910
IAU,20100303,11.16,11.22,11.13,11.17,11490
IAU,20100304,11.13,11.14,11.03,11.10,12280
IAU,20100305,11.12,11.18,11.09,11.09,7140
IAU,20100308,11.13,11.14,10.96,11.00,13670
IAU,20100309,10.92,11.02,10.92,10.98,10080
IAU,20100310,11.00,11.05,10.81,10.85,12380
IAU,20100311,10.84,10.87,10.79,10.86,20730
IAU,20100312,10.86,10.88,10.76,10.81,12770
IAU,20100315,10.82,10.85,10.79,10.85,7550
IAU,20100316,11.00,11.06,10.98,11.04,16070
IAU,20100317,11.03,11.05,10.96,10.96,9250
IAU,20100318,11.02,11.06,10.96,11.04,7540
IAU,20100319,11.03,11.03,10.80,10.84,22930
IAU,20100322,10.73,10.81,10.70,10.78,9910
IAU,20100323,10.76,10.86,10.74,10.84,10830
IAU,20100324,10.70,10.71,10.63,10.64,11050
IAU,20100325,10.71,10.73,10.66,10.68,10990
IAU,20100326,10.72,10.88,10.69,10.87,15400
IAU,20100329,10.89,10.92,10.85,10.88,13070
IAU,20100330,10.87,10.87,10.80,10.80,12280
IAU,20100331,10.95,10.96,10.89,10.90,15050
IAU,20100401,11.00,11.05,11.00,11.03,17780
IAU,20100405,11.06,11.11,11.04,11.09,17250
IAU,20100406,11.10,11.16,11.09,11.11,31030
IAU,20100407,11.20,11.30,11.19,11.25,15490
IAU,20100408,11.26,11.31,11.24,11.27,10220
IAU,20100409,11.32,11.41,11.28,11.37,13800
IAU,20100412,11.37,11.42,11.31,11.31,15690
IAU,20100413,11.32,11.32,11.22,11.27,26810
IAU,20100414,11.33,11.37,11.29,11.31,9860
IAU,20100415,11.30,11.38,11.30,11.37,21110
IAU,20100416,11.26,11.31,11.06,11.13,40160
IAU,20100419,11.09,11.14,11.08,11.12,9480
IAU,20100420,11.18,11.23,11.14,11.15,11670
IAU,20100421,11.19,11.27,11.16,11.24,15910
IAU,20100422,11.19,11.21,11.09,11.19,26740
IAU,20100423,11.14,11.34,11.12,11.32,24670
IAU,20100426,11.30,11.32,11.27,11.28,20110
IAU,20100427,11.25,11.49,11.24,11.47,71990
IAU,20100428,11.41,11.51,11.37,11.44,44860
IAU,20100429,11.39,11.46,11.39,11.44,29260
IAU,20100430,11.53,11.58,11.53,11.54,26760
IAU,20100503,11.60,11.64,11.57,11.58,16130
IAU,20100504,11.65,11.65,11.43,11.49,39750
IAU,20100505,11.37,11.53,11.34,11.52,33880
IAU,20100506,11.58,11.87,11.57,11.85,83640
IAU,20100507,11.77,11.89,11.69,11.84,70300
IAU,20100510,11.75,11.80,11.69,11.76,62810
IAU,20100511,11.95,12.09,11.91,12.07,38030
IAU,20100512,12.13,12.23,12.09,12.14,41900
IAU,20100513,12.14,12.18,12.02,12.07,32230
IAU,20100514,12.20,12.21,11.92,12.05,46650
IAU,20100517,12.06,12.12,11.94,11.94,46570
IAU,20100518,11.90,12.04,11.86,11.95,40580
IAU,20100519,11.82,11.85,11.62,11.68,56160
IAU,20100520,11.62,11.70,11.53,11.59,75780
IAU,20100521,11.51,11.62,11.46,11.53,37280
IAU,20100524,11.64,11.72,11.61,11.69,25230
IAU,20100525,11.73,11.76,11.69,11.74,39960
IAU,20100526,11.87,11.91,11.83,11.86,46380
IAU,20100527,11.82,11.91,11.82,11.88,18800
IAU,20100528,11.85,11.90,11.78,11.89,18190
IAU,20100601,12.00,12.03,11.97,11.99,13450
IAU,20100602,11.95,11.99,11.88,11.98,29370
IAU,20100603,11.93,11.94,11.76,11.80,26730
IAU,20100604,11.80,11.94,11.71,11.93,23110
IAU,20100607,11.88,12.19,11.87,12.15,31180
IAU,20100608,12.17,12.25,12.08,12.11,40930
IAU,20100609,12.06,12.11,11.96,12.06,23600
IAU,20100610,11.94,12.01,11.89,11.90,29940
IAU,20100611,12.00,12.05,11.95,12.01,17040
IAU,20100614,11.97,12.03,11.91,11.97,30670
IAU,20100615,11.98,12.11,11.96,12.11,13880
IAU,20100616,12.07,12.09,12.01,12.04,12960
IAU,20100617,12.17,12.25,12.16,12.20,20920
IAU,20100618,12.31,12.36,12.29,12.29,14650
IAU,20100621,12.32,12.32,12.05,12.05,23100
IAU,20100622,12.13,12.16,12.10,12.15,31160
IAU,20100623,12.10,12.11,11.99,12.11,16480
IAU,20100624,12.09,12.23,12.08,12.14,35470
IAU,20100625,12.29,12.33,12.25,12.29,24607
IAU,20100628,12.29,12.37,12.09,12.11,27797
IAU,20100629,12.12,12.19,12.01,12.14,32485
IAU,20100630,12.11,12.22,12.10,12.17,29734
IAU,20100701,12.11,12.11,11.71,11.71,90369
IAU,20100702,11.83,11.86,11.75,11.85,50702
IAU,20100706,11.78,11.79,11.64,11.66,49229
IAU,20100707,11.66,11.79,11.66,11.78,53634
IAU,20100708,11.75,11.75,11.62,11.74,37265
IAU,20100709,11.82,11.89,11.81,11.84,75482
IAU,20100712,11.80,11.83,11.71,11.75,29105
IAU,20100713,11.91,11.92,11.84,11.84,36874
IAU,20100714,11.84,11.92,11.77,11.84,25842
IAU,20100715,11.88,11.88,11.79,11.83,16135
IAU,20100716,11.68,11.69,11.61,11.68,32438
IAU,20100719,11.55,11.59,11.52,11.58,20495
IAU,20100720,11.59,11.69,11.56,11.68,14833
IAU,20100721,11.70,11.71,11.58,11.59,36905
IAU,20100722,11.60,11.76,11.59,11.69,27407
IAU,20100723,11.72,11.75,11.59,11.61,27897
IAU,20100726,11.64,11.66,11.54,11.56,30417
IAU,20100727,11.51,11.51,11.33,11.37,63770
IAU,20100728,11.35,11.40,11.32,11.39,19683
IAU,20100729,11.36,11.45,11.35,11.43,14430
IAU,20100730,11.44,11.58,11.42,11.56,17823
IAU,20100802,11.62,11.65,11.53,11.57,13448
IAU,20100803,11.60,11.65,11.59,11.61,24098
IAU,20100804,11.76,11.77,11.67,11.68,34438
IAU,20100805,11.71,11.72,11.65,11.70,19946
IAU,20100806,11.80,11.85,11.76,11.80,22668
IAU,20100809,11.79,11.80,11.73,11.75,13684
IAU,20100810,11.67,11.81,11.65,11.79,21819
IAU,20100811,11.79,11.81,11.66,11.75,94564
IAU,20100812,11.86,11.90,11.85,11.89,20821
IAU,20100813,11.90,11.90,11.85,11.89,21166
IAU,20100816,11.98,12.00,11.95,11.97,28629
IAU,20100817,11.99,12.01,11.97,11.98,24561
IAU,20100818,11.93,12.06,11.91,12.03,24676
IAU,20100819,12.07,12.11,12.02,12.04,27855
IAU,20100820,12.01,12.02,11.96,12.01,16461
IAU,20100823,12.01,12.02,11.95,11.99,19274
IAU,20100824,11.89,12.09,11.88,12.05,26345
IAU,20100825,12.13,12.15,12.08,12.14,37450
IAU,20100826,12.12,12.14,12.07,12.10,39489
IAU,20100827,12.14,12.16,12.06,12.12,21614
IAU,20100830,12.10,12.12,12.07,12.10,15570
IAU,20100831,12.18,12.23,12.16,12.22,48051
IAU,20100901,12.23,12.24,12.15,12.19,56629
IAU,20100902,12.25,12.26,12.20,12.24,27108
IAU,20100903,12.15,12.24,12.13,12.19,26031
IAU,20100907,12.31,12.32,12.27,12.29,27555
IAU,20100908,12.30,12.36,12.27,12.29,38546
IAU,20100909,12.26,12.30,12.15,12.17,28606
IAU,20100910,12.17,12.24,12.15,12.18,14686
IAU,20100913,12.18,12.22,12.15,12.18,16573
IAU,20100914,12.31,12.47,12.30,12.41,36036
IAU,20100915,12.41,12.44,12.35,12.40,16131
IAU,20100916,12.46,12.50,12.43,12.48,25747
IAU,20100917,12.51,12.52,12.44,12.47,18879
IAU,20100920,12.52,12.56,12.49,12.51,17920
IAU,20100921,12.49,12.63,12.44,12.62,33751
IAU,20100922,12.67,12.68,12.59,12.64,55867
IAU,20100923,12.64,12.68,12.60,12.64,22332
IAU,20100924,12.70,12.72,12.65,12.67,29809
IAU,20100927,12.71,12.71,12.67,12.69,32040
IAU,20100928,12.65,12.82,12.62,12.81,33268
IAU,20100929,12.81,12.84,12.77,12.80,32547
IAU,20100930,12.83,12.84,12.67,12.80,33312
IAU,20101001,12.88,12.92,12.85,12.91,24460
IAU,20101004,12.87,12.88,12.84,12.87,27669
IAU,20101005,13.02,13.13,13.00,13.12,39100
IAU,20101006,13.17,13.20,13.15,13.20,49628
IAU,20101007,13.28,13.28,12.96,13.05,93740
IAU,20101008,13.10,13.21,13.06,13.18,36644
IAU,20101011,13.15,13.25,13.12,13.24,30565
IAU,20101012,13.22,13.24,13.15,13.21,35329
IAU,20101013,13.29,13.45,13.28,13.43,36075
IAU,20101014,13.43,13.50,13.41,13.50,35661
IAU,20101015,13.45,13.46,13.32,13.38,42676
IAU,20101018,13.36,13.45,13.33,13.44,31191
IAU,20101019,13.07,13.18,12.99,13.04,59184
IAU,20101020,13.05,13.18,13.04,13.14,22554
IAU,20101021,13.13,13.18,12.89,12.97,32455
IAU,20101022,12.96,12.99,12.91,12.98,29457
IAU,20101025,13.14,13.15,13.03,13.11,55356
IAU,20101026,13.01,13.13,12.99,13.10,31383
IAU,20101027,13.01,13.02,12.89,12.96,41532
IAU,20101028,13.06,13.17,13.00,13.14,28621
IAU,20101029,13.17,13.30,13.12,13.28,28437
IAU,20101101,13.30,13.32,13.19,13.21,22072
IAU,20101102,13.26,13.28,13.21,13.27,29594
IAU,20101103,13.25,13.27,12.96,13.17,75082
IAU,20101104,13.49,13.63,13.44,13.61,61494
IAU,20101105,13.54,13.68,13.51,13.65,88079
IAU,20101108,13.62,13.80,13.57,13.80,46115
IAU,20101109,13.88,13.93,13.52,13.57,95421
IAU,20101110,13.73,13.75,13.53,13.74,36172
IAU,20101111,13.78,13.79,13.66,13.77,35163
IAU,20101112,13.61,13.65,13.30,13.38,55099
IAU,20101115,13.41,13.47,13.25,13.25,27823
IAU,20101116,13.23,13.26,13.00,13.12,101942
IAU,20101117,13.10,13.15,13.03,13.07,26745
IAU,20101118,13.20,13.30,13.18,13.23,29442
IAU,20101119,13.17,13.25,13.12,13.23,19500
IAU,20101122,13.23,13.38,13.19,13.37,53546
IAU,20101123,13.37,13.52,13.36,13.46,39842
IAU,20101124,13.46,13.48,13.39,13.44,26781
IAU,20101126,13.25,13.31,13.21,13.29,11794
IAU,20101129,13.34,13.40,13.25,13.36,29274
IAU,20101130,13.54,13.59,13.50,13.56,50743
IAU,20101201,13.60,13.63,13.51,13.57,26622
IAU,20101202,13.59,13.68,13.53,13.53,70318
IAU,20101203,13.68,13.83,13.67,13.82,32164
IAU,20101206,13.84,13.97,13.79,13.94,45515
IAU,20101207,13.97,13.97,13.66,13.67,62839
IAU,20101208,13.62,13.65,13.40,13.50,49430
IAU,20101209,13.58,13.64,13.50,13.56,31249
IAU,20101210,13.51,13.57,13.41,13.56,25491
IAU,20101213,13.65,13.68,13.60,13.62,300191
IAU,20101214,13.64,13.74,13.60,13.63,30004
IAU,20101215,13.55,13.61,13.49,13.50,23021
IAU,20101216,13.43,13.45,13.30,13.41,57408
IAU,20101217,13.42,13.48,13.34,13.44,20582
IAU,20101220,13.54,13.57,13.45,13.53,34253
IAU,20101221,13.53,13.58,13.50,13.55,22722
IAU,20101222,13.55,13.59,13.52,13.52,23890
IAU,20101223,13.44,13.51,13.42,13.49,18484
IAU,20101227,13.51,13.53,13.47,13.52,16128
IAU,20101228,13.70,13.76,13.68,13.74,28161
IAU,20101229,13.76,13.82,13.74,13.79,31003
IAU,20101230,13.78,13.79,13.71,13.72,15841
IAU,20101231,13.79,13.90,13.79,13.90,45047
IAU,20110103,13.90,13.92,13.81,13.82,43390
IAU,20110104,13.64,13.65,13.44,13.50,50292
IAU,20110105,13.37,13.49,13.33,13.46,59434
IAU,20110106,13.42,13.46,13.33,13.41,42645
IAU,20110107,13.35,13.48,13.33,13.39,34060
