ICO,20090115,2.34,2.53,2.14,2.53,14430
ICO,20090116,2.58,2.60,2.34,2.42,11850
ICO,20090120,2.39,2.43,2.22,2.22,14364
ICO,20090121,2.24,2.51,2.24,2.50,11123
ICO,20090122,2.40,2.52,2.25,2.49,11490
ICO,20090123,2.46,2.50,2.28,2.44,13318
ICO,20090126,2.48,2.59,2.36,2.46,10344
ICO,20090127,2.57,2.71,2.46,2.70,16900
ICO,20090128,2.80,2.85,2.59,2.70,12467
ICO,20090129,2.66,2.75,2.57,2.62,10151
ICO,20090130,2.60,2.75,2.39,2.42,10211
ICO,20090202,2.34,2.51,2.33,2.41,33394
ICO,20090203,2.46,2.60,2.42,2.52,10832
ICO,20090204,2.52,2.52,2.35,2.42,11816
ICO,20090205,2.45,2.54,2.35,2.51,7917
ICO,20090206,2.51,2.70,2.46,2.64,9153
ICO,20090209,2.63,2.89,2.62,2.75,13916
ICO,20090210,2.73,2.94,2.65,2.68,14034
ICO,20090211,2.62,2.89,2.62,2.74,12597
ICO,20090212,2.50,2.50,2.09,2.17,36780
ICO,20090213,2.18,2.22,1.80,1.80,61812
ICO,20090217,1.78,1.80,1.52,1.63,71304
ICO,20090218,1.74,1.74,1.55,1.60,33591
ICO,20090219,1.64,1.68,1.57,1.60,28941
ICO,20090220,1.51,1.59,1.42,1.52,39563
ICO,20090223,1.60,1.69,1.45,1.49,23887
ICO,20090224,1.55,1.65,1.49,1.63,15890
ICO,20090225,1.60,1.69,1.57,1.61,22232
ICO,20090226,1.69,1.78,1.67,1.67,17841
ICO,20090227,1.61,1.86,1.61,1.63,17006
ICO,20090302,1.59,1.64,1.49,1.50,20701
ICO,20090303,1.55,1.59,1.49,1.52,13800
ICO,20090304,1.56,1.67,1.50,1.54,16355
ICO,20090305,1.48,1.55,1.35,1.37,17371
ICO,20090306,1.39,1.42,1.13,1.24,17819
ICO,20090309,1.21,1.25,1.09,1.11,20855
ICO,20090310,1.18,1.24,1.10,1.18,17965
ICO,20090311,1.20,1.30,1.16,1.26,12840
ICO,20090312,1.28,1.44,1.24,1.41,10893
ICO,20090313,1.47,1.47,1.30,1.34,7614
ICO,20090316,1.36,1.52,1.33,1.38,8792
ICO,20090317,1.40,1.42,1.33,1.39,10678
ICO,20090318,1.38,1.56,1.34,1.55,11022
ICO,20090319,1.61,1.79,1.55,1.61,27490
ICO,20090320,1.64,1.75,1.50,1.56,15100
ICO,20090323,1.70,1.90,1.60,1.89,27125
ICO,20090324,1.91,1.99,1.71,1.85,16855
ICO,20090325,1.88,1.95,1.60,1.76,18943
ICO,20090326,1.81,1.89,1.71,1.81,19070
ICO,20090327,1.85,1.85,1.74,1.77,10583
ICO,20090330,1.68,1.72,1.57,1.61,9164
ICO,20090331,1.64,1.73,1.60,1.61,9378
ICO,20090401,1.60,1.74,1.54,1.74,13381
ICO,20090402,1.81,1.92,1.78,1.84,17913
ICO,20090403,1.84,1.91,1.73,1.91,8491
ICO,20090406,1.87,1.89,1.76,1.83,8407
ICO,20090407,1.87,1.90,1.80,1.81,8816
ICO,20090408,1.90,1.90,1.77,1.81,6854
ICO,20090409,1.92,1.95,1.85,1.88,14207
ICO,20090413,1.92,2.03,1.83,1.99,19155
ICO,20090414,2.03,2.14,1.97,1.98,23523
ICO,20090415,1.96,2.06,1.86,1.90,14928
ICO,20090416,1.93,1.99,1.91,1.97,12013
ICO,20090417,2.03,2.03,1.93,1.98,10811
ICO,20090420,1.99,1.99,1.72,1.76,15729
ICO,20090421,1.74,1.91,1.74,1.91,10253
ICO,20090422,1.87,1.99,1.83,1.86,10830
ICO,20090423,1.90,2.03,1.88,1.88,14442
ICO,20090424,1.91,2.05,1.91,1.98,15217
ICO,20090427,1.97,2.02,1.88,1.88,11054
ICO,20090428,1.91,1.92,1.78,1.89,16096
ICO,20090429,1.91,2.08,1.90,1.98,20783
ICO,20090430,2.17,2.26,1.99,1.99,35619
ICO,20090501,2.07,2.60,2.05,2.56,86290
ICO,20090504,2.82,3.13,2.80,3.11,76869
ICO,20090505,3.30,3.36,3.04,3.20,42631
ICO,20090506,3.33,3.43,3.15,3.25,41024
ICO,20090507,3.30,3.45,2.90,2.98,31192
ICO,20090508,3.02,3.10,2.91,3.04,22201
ICO,20090511,3.04,3.04,2.67,2.91,16996
ICO,20090512,3.15,3.24,2.84,3.01,23363
ICO,20090513,2.94,2.94,2.59,2.60,23102
ICO,20090514,2.61,2.86,2.46,2.81,21861
ICO,20090515,2.80,2.89,2.65,2.68,19911
ICO,20090518,2.74,2.89,2.73,2.81,14452
ICO,20090519,2.80,3.08,2.76,2.95,25611
ICO,20090520,3.01,3.22,2.97,3.06,38638
ICO,20090521,3.00,3.02,2.82,2.89,18561
ICO,20090522,2.91,3.00,2.82,2.87,9362
ICO,20090526,2.85,3.07,2.78,3.04,11024
ICO,20090527,3.06,3.23,3.04,3.07,21350
ICO,20090528,3.10,3.19,2.95,3.15,21148
ICO,20090529,3.22,3.26,3.13,3.20,18312
ICO,20090601,3.30,3.34,3.20,3.30,24922
ICO,20090602,3.29,3.43,3.18,3.34,43345
ICO,20090603,3.29,3.34,3.07,3.22,26081
ICO,20090604,3.24,3.30,3.17,3.24,22277
ICO,20090605,3.28,3.35,3.18,3.23,13724
ICO,20090608,3.24,3.30,3.06,3.23,14114
ICO,20090609,3.26,3.34,3.16,3.25,15563
ICO,20090610,3.31,3.40,3.26,3.38,15466
ICO,20090611,3.44,3.66,3.39,3.55,66389
ICO,20090612,3.50,3.70,3.47,3.64,26941
ICO,20090615,3.62,3.62,3.15,3.25,35652
ICO,20090616,3.30,3.35,2.90,2.98,33701
ICO,20090617,3.02,3.02,2.75,2.88,24374
ICO,20090618,2.86,2.88,2.73,2.78,16826
ICO,20090619,2.84,3.17,2.84,2.90,26075
ICO,20090622,2.85,2.86,2.54,2.54,21862
ICO,20090623,2.54,2.59,2.37,2.56,25523
ICO,20090624,2.61,2.74,2.57,2.60,18775
ICO,20090625,2.60,2.80,2.57,2.79,12487
ICO,20090626,2.83,2.88,2.62,2.73,86863
ICO,20090629,2.83,2.87,2.74,2.82,11067
ICO,20090630,2.82,2.90,2.68,2.86,15683
ICO,20090701,2.89,2.94,2.77,2.79,13997
ICO,20090702,2.71,2.79,2.60,2.65,20782
ICO,20090706,2.66,2.66,2.50,2.57,20138
ICO,20090707,2.61,2.61,2.50,2.50,15961
ICO,20090708,2.48,2.58,2.24,2.36,17269
ICO,20090709,2.46,2.46,2.30,2.34,15366
ICO,20090710,2.36,2.41,2.25,2.37,8991
ICO,20090713,2.38,2.48,2.26,2.47,14241
ICO,20090714,2.55,2.61,2.41,2.43,21996
ICO,20090715,2.46,2.64,2.46,2.62,16143
ICO,20090716,2.62,2.89,2.58,2.89,12937
ICO,20090717,2.87,3.04,2.79,3.01,22509
ICO,20090720,3.05,3.15,3.00,3.11,16480
ICO,20090721,3.13,3.24,2.94,3.08,20898
ICO,20090722,3.04,3.08,2.95,3.06,14372
ICO,20090723,3.01,3.20,2.97,3.16,19173
ICO,20090724,3.12,3.21,3.00,3.08,20530
ICO,20090727,3.34,3.43,3.15,3.30,42139
ICO,20090728,3.25,3.29,3.02,3.28,25492
ICO,20090729,3.17,3.23,3.06,3.09,15472
ICO,20090730,3.10,3.25,3.09,3.16,14325
ICO,20090731,3.15,3.20,3.06,3.10,12124
ICO,20090803,3.14,3.36,3.12,3.33,18576
ICO,20090804,3.29,3.35,3.21,3.25,18038
ICO,20090805,3.24,3.30,3.16,3.28,12504
ICO,20090806,3.29,3.33,3.22,3.25,12590
ICO,20090807,3.29,3.30,3.20,3.25,9223
ICO,20090810,3.21,3.28,3.16,3.20,7965
ICO,20090811,3.18,3.18,3.07,3.09,7975
ICO,20090812,3.10,3.14,3.03,3.09,12610
ICO,20090813,3.15,3.35,3.09,3.33,26820
ICO,20090814,3.32,3.38,3.15,3.21,10155
ICO,20090817,3.08,3.10,3.01,3.05,7646
ICO,20090818,3.07,3.16,3.03,3.10,6830
ICO,20090819,3.04,3.23,3.00,3.19,7228
ICO,20090820,3.20,3.47,3.17,3.45,29973
ICO,20090821,3.48,3.52,3.39,3.47,17899
ICO,20090824,3.47,3.55,3.31,3.38,18447
ICO,20090825,3.40,3.61,3.28,3.30,15397
ICO,20090826,3.32,3.36,3.20,3.31,9270
ICO,20090827,3.35,3.36,3.18,3.26,11774
ICO,20090828,3.26,3.31,3.16,3.18,8895
ICO,20090831,3.13,3.18,3.04,3.04,11783
ICO,20090901,3.04,3.25,2.97,2.97,15884
ICO,20090902,2.95,3.11,2.88,3.04,9383
ICO,20090903,3.12,3.15,3.05,3.09,6531
ICO,20090904,3.08,3.13,3.01,3.13,6600
ICO,20090908,3.16,3.25,3.16,3.25,11688
ICO,20090909,3.24,3.43,3.20,3.41,13428
ICO,20090910,3.41,3.45,3.28,3.43,8174
ICO,20090911,3.45,3.50,3.35,3.44,12943
ICO,20090914,3.40,3.70,3.30,3.68,22911
ICO,20090915,3.72,3.99,3.63,3.87,56832
ICO,20090916,4.08,4.20,4.02,4.16,33846
ICO,20090917,4.16,4.25,4.04,4.07,25500
ICO,20090918,4.10,4.11,3.77,3.77,43274
ICO,20090921,3.72,4.07,3.57,4.02,34396
ICO,20090922,4.13,4.50,4.06,4.49,42179
ICO,20090923,4.58,4.59,4.21,4.36,36458
ICO,20090924,4.42,4.50,4.02,4.16,23842
ICO,20090925,4.11,4.24,4.06,4.13,18796
ICO,20090928,4.13,4.25,4.04,4.16,13732
ICO,20090929,4.17,4.20,4.00,4.13,14825
ICO,20090930,4.09,4.14,3.97,4.03,22155
ICO,20091001,4.01,4.01,3.82,3.94,24616
ICO,20091002,3.79,3.94,3.68,3.89,19525
ICO,20091005,3.89,4.10,3.81,4.10,11486
ICO,20091006,4.15,4.32,4.08,4.30,24029
ICO,20091007,4.32,4.48,4.31,4.42,23497
ICO,20091008,4.54,4.74,4.43,4.61,32082
ICO,20091009,4.60,4.66,4.40,4.57,11195
ICO,20091012,4.61,4.75,4.54,4.60,10172
ICO,20091013,4.59,4.66,4.46,4.61,11857
ICO,20091014,4.70,4.76,4.62,4.71,19142
ICO,20091015,4.64,4.75,4.59,4.72,18582
ICO,20091016,4.72,4.88,4.68,4.75,22348
ICO,20091019,4.78,4.99,4.68,4.98,18998
ICO,20091020,5.02,5.09,4.82,4.99,25044
ICO,20091021,4.92,5.35,4.90,5.08,46176
ICO,20091022,5.07,5.12,4.76,5.05,17070
ICO,20091023,5.07,5.12,4.69,4.74,37536
ICO,20091026,4.74,4.90,4.46,4.48,22044
ICO,20091027,4.49,4.69,4.40,4.57,19285
ICO,20091028,4.61,4.61,4.07,4.13,29177
ICO,20091029,4.38,4.45,4.21,4.31,32972
ICO,20091030,4.28,4.35,4.07,4.09,25333
ICO,20091102,4.15,4.28,4.03,4.25,20483
ICO,20091103,4.19,4.46,4.09,4.46,16180
ICO,20091104,4.52,4.56,4.30,4.33,16555
ICO,20091105,4.39,4.52,4.33,4.50,9790
ICO,20091106,4.41,4.61,4.37,4.59,14223
ICO,20091109,4.62,4.75,4.62,4.72,9511
ICO,20091110,4.69,4.80,4.50,4.58,10744
ICO,20091111,4.66,4.66,4.49,4.65,20909
ICO,20091112,4.65,4.67,4.41,4.46,15383
ICO,20091113,4.47,4.57,4.25,4.54,24310
ICO,20091116,4.58,4.72,4.57,4.68,14477
ICO,20091117,4.63,4.72,4.58,4.71,16815
ICO,20091118,4.68,4.80,4.53,4.58,13637
ICO,20091119,4.53,4.54,4.35,4.42,19974
ICO,20091120,4.33,4.48,4.32,4.43,9144
ICO,20091123,4.55,4.64,4.34,4.43,14500
ICO,20091124,4.45,4.45,4.29,4.39,8260
ICO,20091125,4.40,4.51,4.38,4.51,4217
ICO,20091127,4.35,4.41,4.25,4.30,4820
ICO,20091130,4.26,4.30,4.10,4.17,14418
ICO,20091201,4.21,4.37,4.21,4.35,18525
ICO,20091202,4.35,4.44,4.24,4.29,13162
ICO,20091203,4.33,4.38,4.18,4.21,12459
ICO,20091204,4.24,4.39,4.16,4.28,12056
ICO,20091207,4.22,4.28,3.99,4.00,22859
ICO,20091208,3.96,3.96,3.54,3.59,53607
ICO,20091209,3.64,3.65,3.47,3.63,40722
ICO,20091210,3.73,3.79,3.60,3.71,31621
ICO,20091211,3.71,3.71,3.50,3.63,18821
ICO,20091214,3.65,3.97,3.65,3.96,27388
ICO,20091215,3.97,4.06,3.86,3.88,19269
ICO,20091216,3.88,4.06,3.88,3.99,9721
ICO,20091217,3.98,3.98,3.86,3.89,8471
ICO,20091218,3.84,3.89,3.72,3.79,21792
ICO,20091221,3.85,3.90,3.72,3.74,16797
ICO,20091222,3.75,3.90,3.75,3.83,9667
ICO,20091223,3.88,4.05,3.85,4.00,23995
ICO,20091224,4.05,4.12,3.99,4.01,7617
ICO,20091228,4.04,4.09,3.95,4.01,11151
ICO,20091229,4.01,4.04,3.87,3.92,7746
ICO,20091230,3.88,3.94,3.85,3.94,8822
ICO,20091231,3.92,3.93,3.83,3.86,7850
ICO,20100104,3.91,4.02,3.91,4.01,15712
ICO,20100105,4.05,4.19,3.96,4.08,30254
ICO,20100106,4.12,4.33,4.11,4.13,36522
ICO,20100107,4.16,4.23,4.04,4.04,24959
ICO,20100108,4.10,4.28,4.08,4.17,28413
ICO,20100111,4.31,4.40,4.25,4.27,18762
ICO,20100112,4.23,4.27,4.10,4.18,12013
ICO,20100113,4.25,4.28,4.16,4.27,17563
ICO,20100114,4.29,4.29,4.12,4.15,13986
ICO,20100115,4.15,4.21,4.05,4.16,11429
ICO,20100119,4.16,4.32,4.14,4.29,23241
ICO,20100120,4.23,4.28,4.16,4.23,14546
ICO,20100121,4.23,4.28,3.90,3.99,32801
ICO,20100122,3.97,4.00,3.77,3.81,20918
ICO,20100125,3.84,3.93,3.70,3.77,17363
ICO,20100126,3.75,4.01,3.66,3.89,16893
ICO,20100127,3.87,3.89,3.71,3.80,17387
ICO,20100128,3.86,3.87,3.71,3.82,16203
ICO,20100129,3.85,3.85,3.52,3.57,56399
ICO,20100201,3.61,3.83,3.59,3.79,18439
ICO,20100202,3.80,3.80,3.69,3.72,19649
ICO,20100203,3.67,3.82,3.66,3.73,9411
ICO,20100204,3.70,3.71,3.39,3.41,20362
ICO,20100205,3.41,3.59,3.36,3.57,20918
ICO,20100208,3.60,3.66,3.49,3.50,10341
ICO,20100209,3.56,3.73,3.55,3.67,21388
ICO,20100210,3.66,3.79,3.51,3.64,14696
ICO,20100211,3.62,3.73,3.58,3.69,16711
ICO,20100212,3.69,3.89,3.58,3.88,25949
ICO,20100216,3.92,4.10,3.91,4.09,44984
ICO,20100217,4.11,4.20,4.04,4.15,17449
ICO,20100218,4.15,4.34,4.09,4.33,30840
ICO,20100219,4.33,4.43,4.20,4.43,21513
ICO,20100222,4.45,4.46,4.25,4.28,16767
ICO,20100223,4.26,4.33,4.03,4.11,20108
ICO,20100224,4.12,4.29,4.12,4.24,13647
ICO,20100225,4.17,4.31,4.10,4.31,12712
ICO,20100226,4.31,4.37,4.23,4.36,23028
ICO,20100301,4.36,4.44,4.33,4.43,16194
ICO,20100302,4.45,4.72,4.42,4.68,32068
ICO,20100303,4.70,4.75,4.53,4.66,43389
ICO,20100304,4.68,4.73,4.61,4.67,11981
ICO,20100305,4.71,4.89,4.70,4.73,27255
ICO,20100308,4.40,4.47,4.22,4.24,66312
ICO,20100309,4.28,4.37,4.22,4.28,28673
ICO,20100310,4.32,4.56,4.23,4.47,71817
ICO,20100311,4.47,4.49,4.30,4.47,237741
ICO,20100312,4.55,4.67,4.48,4.61,121245
ICO,20100315,4.58,4.62,4.41,4.51,40161
ICO,20100316,4.52,4.57,4.49,4.50,45577
ICO,20100317,4.53,4.82,4.52,4.71,61465
ICO,20100318,4.76,4.77,4.57,4.64,31469
ICO,20100319,4.65,4.70,4.46,4.49,28037
ICO,20100322,4.36,4.51,4.26,4.47,61853
ICO,20100323,4.45,4.63,4.33,4.60,32686
ICO,20100324,4.59,4.76,4.51,4.68,38551
ICO,20100325,4.77,4.77,4.40,4.40,50143
ICO,20100326,4.46,4.63,4.42,4.55,59006
ICO,20100329,4.60,4.76,4.51,4.74,48756
ICO,20100330,4.74,4.84,4.55,4.55,49985
ICO,20100331,4.55,4.66,4.51,4.57,48709
ICO,20100401,4.61,4.86,4.61,4.82,43086
ICO,20100405,4.86,5.19,4.80,5.09,74684
ICO,20100406,5.10,5.20,4.96,5.13,50990
ICO,20100407,5.13,5.23,4.97,5.01,59726
ICO,20100408,4.93,5.04,4.87,4.99,63507
ICO,20100409,5.11,5.24,5.06,5.13,52910
ICO,20100412,5.17,5.33,5.15,5.19,36832
ICO,20100413,5.20,5.26,5.15,5.24,28846
ICO,20100414,5.28,5.32,5.17,5.28,28275
ICO,20100415,5.30,5.71,5.21,5.61,87743
ICO,20100416,5.50,5.57,5.17,5.32,48278
ICO,20100419,5.19,5.33,5.13,5.26,51731
ICO,20100420,5.36,5.40,5.20,5.29,19916
ICO,20100421,5.31,5.34,5.15,5.23,28522
ICO,20100422,5.17,5.29,5.15,5.28,29807
ICO,20100423,5.27,5.50,5.25,5.47,28565
ICO,20100426,5.54,5.60,5.36,5.44,24520
ICO,20100427,5.39,5.40,5.15,5.26,34130
ICO,20100428,5.27,5.35,5.14,5.27,32840
ICO,20100429,5.31,5.60,5.26,5.37,44839
ICO,20100430,5.38,5.47,5.24,5.27,30977
ICO,20100503,5.34,5.39,5.15,5.33,28823
ICO,20100504,5.22,5.22,4.74,4.77,54863
ICO,20100505,4.66,4.81,4.37,4.66,47394
ICO,20100506,4.61,4.75,4.09,4.42,43545
ICO,20100507,4.41,4.53,4.11,4.33,38922
ICO,20100510,4.71,4.73,4.44,4.59,23219
ICO,20100511,4.53,4.55,4.39,4.46,18076
ICO,20100512,4.47,4.57,4.37,4.55,31876
ICO,20100513,4.54,4.74,4.48,4.57,13936
ICO,20100514,4.53,4.55,4.37,4.46,25624
ICO,20100517,4.44,4.50,4.15,4.26,31470
ICO,20100518,4.31,4.44,4.09,4.14,27681
ICO,20100519,4.14,4.38,3.95,4.05,36648
ICO,20100520,3.97,4.00,3.78,3.78,43501
ICO,20100521,3.70,4.00,3.65,3.91,52310
ICO,20100524,3.92,4.05,3.89,3.94,27648
ICO,20100525,3.82,4.09,3.74,4.07,37969
ICO,20100526,4.14,4.25,3.98,3.98,24158
ICO,20100527,4.10,4.42,4.07,4.40,45005
ICO,20100528,4.35,4.48,4.26,4.33,16358
ICO,20100601,4.29,4.39,3.98,3.98,18779
ICO,20100602,4.02,4.21,3.97,4.20,18565
ICO,20100603,4.23,4.27,4.06,4.23,18371
ICO,20100604,4.08,4.24,3.92,3.94,19281
ICO,20100607,3.97,4.03,3.67,3.67,20645
ICO,20100608,3.72,3.80,3.59,3.74,15919
ICO,20100609,3.79,3.90,3.68,3.71,16671
ICO,20100610,3.82,4.00,3.80,4.00,20526
ICO,20100611,3.91,4.10,3.89,4.09,9500
ICO,20100614,4.14,4.23,4.04,4.06,13037
ICO,20100615,4.10,4.41,4.06,4.39,19734
ICO,20100616,4.30,4.40,4.23,4.36,9175
ICO,20100617,4.38,4.41,4.26,4.31,17380
ICO,20100618,4.35,4.37,4.23,4.37,11867
ICO,20100621,4.43,4.53,4.30,4.34,18287
ICO,20100622,4.36,4.41,4.01,4.05,28113
ICO,20100623,4.04,4.20,3.92,4.12,19958
ICO,20100624,4.07,4.11,3.99,4.02,11713
ICO,20100625,4.06,4.36,4.03,4.29,44645
ICO,20100628,4.31,4.34,4.17,4.24,14374
ICO,20100629,4.13,4.16,3.90,3.93,38253
ICO,20100630,3.94,4.06,3.84,3.85,38598
ICO,20100701,3.86,3.91,3.62,3.74,18376
ICO,20100702,3.78,3.82,3.70,3.75,12693
ICO,20100706,3.85,4.04,3.79,3.84,31852
ICO,20100707,3.87,4.15,3.84,4.12,13900
ICO,20100708,4.23,4.34,4.13,4.32,22310
ICO,20100709,4.28,4.46,4.23,4.40,14861
ICO,20100712,4.34,4.44,4.20,4.26,12775
ICO,20100713,4.38,4.47,4.32,4.43,15556
ICO,20100714,4.35,4.45,4.25,4.29,16145
ICO,20100715,4.29,4.31,4.12,4.22,14314
ICO,20100716,4.18,4.22,4.01,4.04,15330
ICO,20100719,4.09,4.13,4.00,4.10,9029
ICO,20100720,4.01,4.26,3.95,4.21,15889
ICO,20100721,4.29,4.31,4.09,4.10,14195
ICO,20100722,4.25,4.50,4.20,4.43,26240
ICO,20100723,4.43,4.63,4.40,4.61,24054
ICO,20100726,4.58,4.66,4.54,4.59,18074
ICO,20100727,4.61,4.64,4.49,4.53,22171
ICO,20100728,4.53,4.59,4.42,4.49,34590
ICO,20100729,4.57,4.63,4.40,4.47,25486
ICO,20100730,4.40,4.51,4.31,4.50,32625
ICO,20100802,4.60,4.75,4.58,4.74,18647
ICO,20100803,4.73,4.98,4.69,4.94,26371
ICO,20100804,4.95,5.03,4.87,5.03,17518
ICO,20100805,4.97,5.06,4.95,5.00,16327
ICO,20100806,4.86,5.10,4.79,5.06,14744
ICO,20100809,5.10,5.14,5.05,5.08,10623
ICO,20100810,4.98,5.04,4.79,4.88,18662
ICO,20100811,4.69,4.74,4.53,4.60,25123
ICO,20100812,4.47,4.76,4.46,4.72,22266
ICO,20100813,4.68,4.74,4.61,4.64,12575
ICO,20100816,4.64,4.77,4.58,4.67,8816
ICO,20100817,4.77,4.94,4.69,4.91,10466
ICO,20100818,4.88,4.99,4.82,4.98,14073
ICO,20100819,4.94,4.99,4.79,4.99,22300
ICO,20100820,4.94,4.98,4.81,4.95,13022
ICO,20100823,4.91,4.96,4.68,4.68,15752
ICO,20100824,4.59,4.62,4.42,4.52,13464
ICO,20100825,4.48,4.56,4.36,4.56,28698
ICO,20100826,4.60,4.67,4.45,4.47,11146
ICO,20100827,4.57,4.67,4.40,4.66,11132
ICO,20100830,4.68,4.70,4.52,4.52,10523
ICO,20100831,4.51,4.64,4.46,4.57,12055
ICO,20100901,4.70,4.85,4.64,4.79,15195
ICO,20100902,4.78,4.84,4.74,4.84,7506
ICO,20100903,4.84,4.91,4.79,4.89,11630
ICO,20100907,4.84,4.88,4.71,4.72,7905
ICO,20100908,4.75,4.85,4.73,4.78,7000
ICO,20100909,4.86,4.89,4.70,4.78,7855
ICO,20100910,4.80,4.87,4.75,4.85,6522
ICO,20100913,4.91,4.92,4.78,4.84,11631
ICO,20100914,4.80,4.89,4.75,4.78,9016
ICO,20100915,4.75,4.82,4.70,4.82,15088
ICO,20100916,4.79,5.20,4.78,5.03,28353
ICO,20100917,5.06,5.10,4.97,5.05,21690
ICO,20100920,5.07,5.19,5.02,5.14,24902
ICO,20100921,5.12,5.19,5.03,5.14,30058
ICO,20100922,5.14,5.30,5.12,5.24,14400
ICO,20100923,5.18,5.29,5.15,5.21,15753
ICO,20100924,5.28,5.42,5.27,5.39,15810
ICO,20100927,5.43,5.49,5.39,5.39,14979
ICO,20100928,5.38,5.42,5.28,5.39,13742
ICO,20100929,5.38,5.49,5.36,5.39,28168
ICO,20100930,5.46,5.47,5.30,5.32,19088
ICO,20101001,5.32,5.55,5.32,5.54,44096
ICO,20101004,5.53,5.54,5.24,5.31,21473
ICO,20101005,5.40,5.53,5.35,5.44,25738
ICO,20101006,5.42,5.56,5.40,5.42,27464
ICO,20101007,5.50,5.50,5.37,5.37,19228
ICO,20101008,5.37,5.70,5.31,5.68,27336
ICO,20101011,5.72,6.14,5.68,5.96,34956
ICO,20101012,5.86,6.03,5.76,5.97,21429
ICO,20101013,6.03,6.14,5.99,6.05,17817
ICO,20101014,6.08,6.15,5.90,6.01,17124
ICO,20101015,6.10,6.15,5.93,5.97,13740
ICO,20101018,5.96,6.02,5.89,5.94,11647
ICO,20101019,5.81,5.98,5.65,5.75,20115
ICO,20101020,5.81,6.03,5.73,5.94,13017
ICO,20101021,5.99,6.04,5.83,5.87,16173
ICO,20101022,5.92,5.93,5.78,5.91,13550
ICO,20101025,5.94,6.08,5.87,5.94,18567
ICO,20101026,5.86,5.88,5.76,5.85,15677
ICO,20101027,5.78,5.81,5.66,5.77,12036
ICO,20101028,5.94,5.97,5.42,5.50,52011
ICO,20101029,5.53,5.64,5.45,5.62,24750
ICO,20101101,5.70,5.75,5.55,5.60,18755
ICO,20101102,5.73,5.79,5.67,5.78,12782
ICO,20101103,5.76,5.82,5.65,5.75,16574
ICO,20101104,5.88,6.13,5.87,6.13,20394
ICO,20101105,6.12,6.17,5.94,6.16,24078
ICO,20101108,6.10,6.51,6.05,6.39,35041
ICO,20101109,6.45,6.50,6.25,6.30,19820
ICO,20101110,6.31,6.41,6.12,6.39,23597
ICO,20101111,6.30,6.57,6.26,6.53,18874
ICO,20101112,6.39,6.51,6.11,6.12,28686
ICO,20101115,6.23,6.34,6.12,6.13,13404
ICO,20101116,6.14,6.16,5.86,5.98,16826
ICO,20101117,6.04,6.09,5.95,6.00,9039
ICO,20101118,6.19,6.50,6.10,6.46,28021
ICO,20101119,6.48,7.04,6.41,7.01,88096
ICO,20101122,6.91,7.27,6.83,7.18,58480
ICO,20101123,7.07,7.13,6.96,7.04,27081
ICO,20101124,7.21,7.44,7.05,7.40,25249
ICO,20101126,7.31,7.47,7.21,7.45,11056
ICO,20101129,7.41,7.65,7.18,7.61,39308
ICO,20101130,7.42,7.76,7.33,7.61,30637
ICO,20101201,7.80,7.89,7.76,7.80,23583
ICO,20101202,7.89,8.19,7.86,8.11,27825
ICO,20101203,8.08,8.19,7.83,8.00,50464
ICO,20101206,8.10,8.35,8.06,8.14,44903
ICO,20101207,8.34,8.39,8.07,8.11,47820
ICO,20101208,8.02,8.12,7.80,7.98,26387
ICO,20101209,8.10,8.21,8.05,8.17,32026
ICO,20101210,8.20,8.58,8.17,8.46,42555
ICO,20101213,8.54,8.59,8.11,8.16,34916
ICO,20101214,7.03,7.25,6.82,7.09,205086
ICO,20101215,7.17,7.34,7.10,7.10,86205
ICO,20101216,7.17,7.20,6.95,6.98,52472
ICO,20101217,7.26,7.29,7.00,7.00,199099
ICO,20101220,7.16,7.22,6.99,7.04,70026
ICO,20101221,7.17,7.37,7.09,7.35,61054
ICO,20101222,7.35,7.41,7.10,7.19,36240
ICO,20101223,7.24,7.31,7.17,7.24,47248
ICO,20101227,7.23,7.34,7.16,7.18,17858
ICO,20101228,7.24,7.29,7.05,7.12,22708
ICO,20101229,7.15,7.31,7.10,7.25,34947
ICO,20101230,7.27,7.85,7.24,7.84,98037
ICO,20101231,7.87,7.94,7.68,7.74,69264
ICO,20110103,7.96,8.48,7.88,8.18,167707
ICO,20110104,8.30,8.38,7.66,8.23,98685
ICO,20110105,8.19,8.56,8.07,8.49,73396
ICO,20110106,8.56,8.92,8.50,8.59,94966
ICO,20110107,8.83,8.91,8.26,8.59,79047
