IGT,20090115,12.02,12.69,11.72,12.45,55098
IGT,20090116,12.60,12.82,11.66,11.95,47805
IGT,20090120,11.92,12.12,10.77,11.02,56591
IGT,20090121,11.41,11.58,10.74,11.57,47639
IGT,20090122,11.00,12.31,10.75,11.58,70678
IGT,20090123,11.01,12.08,11.01,11.79,35748
IGT,20090126,11.64,12.47,11.51,11.86,30517
IGT,20090127,12.01,12.43,11.80,11.89,35375
IGT,20090128,12.20,12.47,11.90,12.08,29327
IGT,20090129,11.97,12.10,11.17,11.22,26511
IGT,20090130,11.26,11.45,10.36,10.60,47667
IGT,20090202,10.23,10.55,10.16,10.43,31123
IGT,20090203,10.47,10.61,10.08,10.46,32954
IGT,20090204,10.47,10.66,10.07,10.16,43533
IGT,20090205,10.13,10.83,10.00,10.65,39360
IGT,20090206,10.64,11.17,10.48,11.03,24053
IGT,20090209,11.00,11.34,10.77,10.98,33306
IGT,20090210,10.87,10.98,10.07,10.15,36483
IGT,20090211,10.25,10.41,9.89,10.07,31738
IGT,20090212,9.87,10.10,9.42,9.80,65496
IGT,20090213,9.79,9.79,9.24,9.39,48202
IGT,20090217,9.02,9.63,8.85,9.44,49520
IGT,20090218,9.51,9.60,9.15,9.34,46992
IGT,20090219,9.47,9.53,9.18,9.19,48009
IGT,20090220,9.04,9.61,8.89,9.38,40299
IGT,20090223,9.53,9.54,9.04,9.09,45047
IGT,20090224,9.18,9.79,9.06,9.73,54741
IGT,20090225,9.64,9.81,9.30,9.54,51789
IGT,20090226,9.66,9.84,9.21,9.27,42493
IGT,20090227,9.05,9.15,8.75,8.82,63376
IGT,20090302,8.63,8.68,7.89,8.03,77380
IGT,20090303,8.03,8.73,8.03,8.48,80011
IGT,20090304,8.67,8.79,7.86,8.28,85253
IGT,20090305,8.03,8.08,7.50,7.79,63722
IGT,20090306,7.89,7.95,7.15,7.47,61621
IGT,20090309,7.08,7.40,6.81,7.12,84422
IGT,20090310,7.40,8.23,7.30,8.22,74422
IGT,20090311,8.34,8.54,7.95,8.13,54037
IGT,20090312,8.14,8.79,7.90,8.71,64094
IGT,20090313,8.79,9.30,8.71,9.25,46346
IGT,20090316,9.44,9.71,9.17,9.19,44152
IGT,20090317,9.29,9.37,9.05,9.34,43152
IGT,20090318,9.36,10.03,9.16,9.88,38835
IGT,20090319,10.05,10.16,9.63,9.67,41239
IGT,20090320,9.68,9.75,8.90,9.12,45994
IGT,20090323,9.46,9.99,9.25,9.99,36673
IGT,20090324,9.84,10.18,9.69,9.77,55956
IGT,20090325,9.89,10.27,9.45,9.84,53402
IGT,20090326,9.84,10.36,9.70,10.04,59620
IGT,20090327,10.05,10.33,9.83,9.87,47185
IGT,20090330,9.57,9.70,9.00,9.19,35068
IGT,20090331,9.26,9.54,9.18,9.22,43243
IGT,20090401,9.00,9.61,8.94,9.51,32164
IGT,20090402,9.88,10.47,9.77,10.02,55665
IGT,20090403,10.05,11.67,10.05,11.66,82300
IGT,20090406,11.78,12.04,11.51,11.60,58944
IGT,20090407,11.37,11.37,10.72,10.74,39338
IGT,20090408,10.65,11.11,10.64,10.77,44616
IGT,20090409,11.08,11.69,10.97,11.55,49647
IGT,20090413,11.23,11.72,11.23,11.49,43197
IGT,20090414,11.53,11.91,11.23,11.43,38754
IGT,20090415,11.38,11.84,11.27,11.64,35882
IGT,20090416,11.53,11.70,11.29,11.40,63629
IGT,20090417,11.47,11.77,11.30,11.61,72203
IGT,20090420,11.39,11.64,10.67,10.78,38264
IGT,20090421,10.78,11.17,10.53,11.09,39809
IGT,20090422,10.99,11.76,10.70,11.18,79231
IGT,20090423,10.50,12.49,10.50,11.30,117378
IGT,20090424,10.93,11.89,10.89,11.44,68058
IGT,20090427,11.24,11.27,10.21,10.36,71156
IGT,20090428,10.25,10.55,10.01,10.32,58841
IGT,20090429,10.81,11.08,10.41,10.93,65348
IGT,20090430,11.45,12.92,11.30,12.35,127372
IGT,20090501,12.38,12.95,12.15,12.72,81671
IGT,20090504,12.92,14.21,12.79,14.21,112215
IGT,20090505,13.80,15.65,13.65,15.07,152057
IGT,20090506,15.71,16.26,15.46,16.02,265965
IGT,20090507,16.08,16.24,14.92,15.14,126088
IGT,20090508,15.25,15.60,14.63,15.00,101631
IGT,20090511,15.06,15.06,14.33,14.74,62014
IGT,20090512,14.75,14.85,13.68,14.27,67797
IGT,20090513,13.96,13.96,13.13,13.22,83137
IGT,20090514,12.89,13.87,12.87,13.67,60743
IGT,20090515,13.52,14.06,13.38,13.60,50676
IGT,20090518,13.80,14.74,13.72,14.74,63133
IGT,20090519,14.74,15.31,14.72,14.83,53410
IGT,20090520,14.97,15.35,14.79,14.99,50363
IGT,20090521,14.76,15.89,14.33,15.80,118951
IGT,20090522,16.04,16.14,15.16,15.42,56764
IGT,20090526,15.21,15.94,15.07,15.84,50601
IGT,20090527,15.80,16.62,15.57,16.35,93186
IGT,20090528,16.64,16.65,15.74,16.40,78691
IGT,20090529,15.89,17.44,15.69,17.36,125116
IGT,20090601,17.63,18.15,17.36,17.72,85314
IGT,20090602,17.67,17.70,17.01,17.24,58797
IGT,20090603,17.02,17.13,16.33,16.66,51127
IGT,20090604,16.70,17.13,16.45,17.02,48727
IGT,20090605,17.40,17.51,17.00,17.02,66060
IGT,20090608,17.06,17.13,16.40,16.86,72208
IGT,20090609,16.97,17.36,16.65,16.95,66858
IGT,20090610,17.10,17.45,15.94,16.29,83421
IGT,20090611,16.28,16.92,16.19,16.46,57623
IGT,20090612,16.36,16.36,15.81,16.30,56525
IGT,20090615,16.09,16.20,15.50,15.76,54053
IGT,20090616,15.86,16.31,15.37,15.68,73086
IGT,20090617,15.48,15.89,15.18,15.58,95682
IGT,20090618,15.63,15.86,15.50,15.71,48313
IGT,20090619,15.85,16.49,15.64,16.26,46133
IGT,20090622,15.77,15.90,14.88,15.09,64308
IGT,20090623,15.08,15.30,14.53,14.73,70424
IGT,20090624,14.88,15.57,14.75,15.12,55075
IGT,20090625,14.99,15.79,14.95,15.74,52276
IGT,20090626,15.72,16.54,15.70,16.52,67288
IGT,20090629,16.57,16.65,16.23,16.38,42190
IGT,20090630,16.38,16.56,15.77,15.90,55787
IGT,20090701,16.00,16.06,15.61,15.65,65422
IGT,20090702,15.49,15.59,14.99,15.02,32538
IGT,20090706,15.01,15.04,14.24,14.60,66258
IGT,20090707,14.58,14.58,13.85,13.93,73385
IGT,20090708,13.99,14.19,13.58,13.98,82618
IGT,20090709,14.15,14.55,13.90,14.37,34514
IGT,20090710,14.27,14.75,14.15,14.67,53748
IGT,20090713,14.74,14.87,14.27,14.84,46323
IGT,20090714,14.83,15.87,14.66,15.64,68931
IGT,20090715,16.21,16.50,16.12,16.36,97807
IGT,20090716,16.33,17.25,16.13,17.13,73824
IGT,20090717,17.00,17.95,17.00,17.68,85967
IGT,20090720,17.77,18.43,17.70,18.10,66534
IGT,20090721,18.33,18.43,17.46,17.51,71583
IGT,20090722,17.60,17.60,16.87,17.49,97851
IGT,20090723,18.62,20.25,18.30,19.76,145809
IGT,20090724,19.56,20.03,19.21,19.74,65521
IGT,20090727,19.70,19.78,19.12,19.55,49645
IGT,20090728,19.40,19.50,18.99,19.29,44867
IGT,20090729,19.06,19.77,18.63,19.22,49548
IGT,20090730,19.48,20.05,19.48,19.72,51378
IGT,20090731,19.57,20.10,19.43,19.75,47068
IGT,20090803,20.29,20.78,19.91,20.42,58142
IGT,20090804,20.49,21.39,20.45,20.61,73074
IGT,20090805,20.63,20.99,19.83,19.97,64001
IGT,20090806,20.06,20.27,19.45,19.61,47523
IGT,20090807,20.00,20.23,19.65,19.92,45759
IGT,20090810,20.00,20.05,19.29,19.42,46155
IGT,20090811,19.38,19.42,18.84,18.89,83697
IGT,20090812,18.89,19.30,18.85,19.13,79509
IGT,20090813,19.27,19.61,19.01,19.58,33804
IGT,20090814,19.51,19.59,18.94,19.06,32461
IGT,20090817,18.86,18.92,18.20,18.25,41744
IGT,20090818,18.93,19.39,18.80,19.17,53845
IGT,20090819,19.08,19.38,18.78,19.26,37091
IGT,20090820,19.10,20.04,19.10,19.97,57569
IGT,20090821,20.19,20.99,20.03,20.79,51019
IGT,20090824,20.76,21.12,20.26,20.50,40054
IGT,20090825,20.75,20.98,20.39,20.67,31730
IGT,20090826,20.80,21.29,20.44,21.23,49213
IGT,20090827,21.15,21.39,20.81,21.23,40343
IGT,20090828,21.13,21.99,20.93,21.08,30783
IGT,20090831,20.83,20.97,20.22,20.92,52967
IGT,20090901,20.88,21.27,19.67,19.69,66950
IGT,20090902,19.56,20.25,19.39,20.07,75845
IGT,20090903,20.35,20.63,20.00,20.58,37491
IGT,20090904,20.44,21.19,20.44,20.99,29084
IGT,20090908,21.26,21.53,20.99,21.28,37133
IGT,20090909,21.30,22.19,21.27,22.01,59455
IGT,20090910,22.18,22.84,21.78,22.57,56450
IGT,20090911,22.59,23.05,22.31,22.63,32574
IGT,20090914,22.36,23.08,22.29,23.05,27250
IGT,20090915,23.11,23.30,22.58,22.76,63738
IGT,20090916,22.82,23.18,22.39,22.62,49577
IGT,20090917,22.60,23.00,22.08,22.26,45350
IGT,20090918,22.45,22.50,21.75,21.83,42184
IGT,20090921,21.55,22.04,21.20,21.47,47685
IGT,20090922,21.62,22.06,21.43,21.65,30421
IGT,20090923,21.67,21.96,21.23,21.25,29933
IGT,20090924,21.30,21.50,20.80,21.00,36474
IGT,20090925,20.92,21.27,20.73,20.86,31491
IGT,20090928,20.95,21.49,20.72,21.34,22901
IGT,20090929,21.46,21.77,21.23,21.40,18888
IGT,20090930,21.67,21.85,20.66,21.48,38971
IGT,20091001,21.43,21.45,20.16,20.22,48004
IGT,20091002,19.83,20.19,19.61,19.94,45394
IGT,20091005,19.93,20.68,19.87,20.58,43296
IGT,20091006,20.68,20.97,20.30,20.79,35505
IGT,20091007,20.68,21.03,20.61,20.69,22539
IGT,20091008,20.90,21.67,20.73,21.27,40173
IGT,20091009,21.29,21.63,21.05,21.52,37666
IGT,20091012,21.55,21.88,21.33,21.45,21095
IGT,20091013,21.37,21.86,21.32,21.60,25154
IGT,20091014,21.84,22.42,21.84,22.22,33862
IGT,20091015,22.02,22.02,21.60,21.98,20887
IGT,20091016,21.69,21.90,21.22,21.71,28754
IGT,20091019,21.72,21.94,21.37,21.71,17714
IGT,20091020,21.75,21.75,20.84,21.06,30998
IGT,20091021,20.98,22.04,20.98,21.54,47240
IGT,20091022,21.58,21.74,20.89,21.40,39258
IGT,20091023,21.55,21.59,20.77,20.82,31899
IGT,20091026,20.88,21.60,20.36,20.53,35813
IGT,20091027,20.31,20.31,18.79,19.16,99896
IGT,20091028,19.06,19.16,17.83,18.10,88437
IGT,20091029,18.22,18.88,18.20,18.64,43187
IGT,20091030,18.51,19.24,17.69,17.84,61420
IGT,20091102,17.89,18.82,17.55,18.45,64832
IGT,20091103,18.23,18.71,18.03,18.52,48986
IGT,20091104,18.78,19.46,18.56,18.60,63025
IGT,20091105,18.91,19.16,18.22,18.56,68630
IGT,20091106,19.25,20.60,19.19,20.18,90090
IGT,20091109,20.41,20.88,20.28,20.51,46891
IGT,20091110,20.47,20.61,20.07,20.44,28611
IGT,20091111,20.75,20.90,20.28,20.59,34633
IGT,20091112,20.62,20.87,19.96,20.06,29586
IGT,20091113,20.22,20.71,20.13,20.62,49910
IGT,20091116,20.72,21.00,20.64,20.78,31162
IGT,20091117,20.80,21.05,20.43,20.49,37268
IGT,20091118,20.42,20.60,19.87,20.03,44461
IGT,20091119,19.74,19.78,19.26,19.57,57974
IGT,20091120,19.48,19.75,19.01,19.44,59297
IGT,20091123,19.70,19.86,19.45,19.54,30716
IGT,20091124,19.49,19.73,19.10,19.45,22156
IGT,20091125,19.40,19.96,19.40,19.91,18851
IGT,20091127,19.28,19.60,18.89,19.41,13574
IGT,20091130,19.32,19.50,18.46,18.89,66972
IGT,20091201,19.04,19.28,18.85,18.92,34236
IGT,20091202,18.93,19.20,18.82,18.97,41469
IGT,20091203,19.06,19.13,18.30,18.37,37608
IGT,20091204,18.58,18.75,17.67,18.44,61306
IGT,20091207,18.38,18.44,17.89,17.97,47055
IGT,20091208,17.91,18.33,17.53,18.25,54433
IGT,20091209,18.32,18.35,17.80,18.20,26797
IGT,20091210,18.28,18.69,18.15,18.23,37105
IGT,20091211,18.41,18.57,18.18,18.52,25307
IGT,20091214,18.65,18.95,18.38,18.88,28718
IGT,20091215,18.69,19.05,18.49,18.85,30394
IGT,20091216,18.84,19.17,18.84,19.11,30916
IGT,20091217,18.91,19.20,18.78,19.02,25883
IGT,20091218,19.14,19.45,19.07,19.37,43650
IGT,20091221,19.43,19.57,19.24,19.30,22001
IGT,20091222,19.47,19.50,19.02,19.12,22646
IGT,20091223,19.15,19.35,19.04,19.21,18238
IGT,20091224,19.18,19.28,19.00,19.07,5227
IGT,20091228,19.07,19.20,18.86,18.99,21972
IGT,20091229,18.99,19.15,18.90,19.04,11645
IGT,20091230,18.94,19.10,18.77,18.87,12563
IGT,20091231,18.90,19.01,18.77,18.77,12706
IGT,20100104,19.04,19.69,18.63,19.68,58167
IGT,20100105,19.63,20.09,18.93,19.19,59386
IGT,20100106,19.24,19.33,18.69,18.86,41977
IGT,20100107,18.87,19.48,18.79,19.37,31010
IGT,20100108,19.24,19.49,19.13,19.24,17382
IGT,20100111,19.42,19.95,19.34,19.79,39285
IGT,20100112,19.64,19.74,19.31,19.56,29131
IGT,20100113,19.78,19.78,19.20,19.63,29953
IGT,20100114,19.63,20.46,19.48,20.41,51284
IGT,20100115,20.49,20.90,19.89,20.29,62576
IGT,20100119,20.23,20.72,20.08,20.42,32956
IGT,20100120,20.19,20.35,19.67,20.31,46656
IGT,20100121,20.27,20.68,19.90,20.20,43888
IGT,20100122,21.42,21.94,20.44,20.64,98664
IGT,20100125,20.51,20.99,19.61,19.98,82659
IGT,20100126,19.80,20.19,19.67,19.94,35960
IGT,20100127,19.95,19.99,18.87,19.04,75871
IGT,20100128,19.16,19.34,18.60,18.83,46705
IGT,20100129,19.30,19.43,18.19,18.34,76102
IGT,20100201,18.47,19.14,18.41,18.83,47874
IGT,20100202,18.86,19.12,18.78,18.99,47885
IGT,20100203,18.93,19.10,18.63,18.75,38027
IGT,20100204,18.58,18.65,17.80,17.82,46731
IGT,20100205,17.82,18.08,16.75,17.49,66264
IGT,20100208,17.46,17.93,17.25,17.57,43355
IGT,20100209,17.81,18.07,17.60,17.62,52061
IGT,20100210,17.62,17.95,17.62,17.71,46014
IGT,20100211,17.73,18.48,17.58,18.31,49698
IGT,20100212,18.28,18.29,17.94,18.08,33984
IGT,20100216,18.28,18.60,18.25,18.53,20479
IGT,20100217,18.57,18.65,18.10,18.17,37302
IGT,20100218,18.12,18.12,17.58,17.76,39638
IGT,20100219,17.71,18.15,17.66,18.02,29659
IGT,20100222,18.21,18.27,17.80,17.98,30802
IGT,20100223,17.87,17.92,17.33,17.49,46050
IGT,20100224,17.60,17.75,17.29,17.57,31354
IGT,20100225,17.39,17.55,16.96,17.53,57941
IGT,20100226,17.51,17.63,17.14,17.55,34429
IGT,20100301,17.64,17.88,17.59,17.79,30332
IGT,20100302,17.84,17.95,17.31,17.42,64048
IGT,20100303,17.46,18.04,17.36,17.80,42687
IGT,20100304,17.71,17.75,16.72,17.17,98651
IGT,20100305,17.18,17.50,16.99,17.10,64561
IGT,20100308,17.35,17.43,17.00,17.28,51789
IGT,20100309,17.20,17.20,16.85,16.99,75437
IGT,20100310,16.97,17.08,16.75,16.87,42511
IGT,20100311,16.83,16.99,16.65,16.97,39022
IGT,20100312,16.98,17.18,16.88,17.00,42567
IGT,20100315,16.92,16.99,16.18,16.62,61229
IGT,20100316,16.65,16.95,16.42,16.91,39907
IGT,20100317,16.93,17.21,16.89,17.04,40204
IGT,20100318,16.99,17.09,16.85,16.91,30752
IGT,20100319,16.95,17.14,16.92,17.00,46729
IGT,20100322,16.82,17.91,16.66,17.86,66980
IGT,20100323,17.99,18.11,17.67,17.89,48641
IGT,20100324,17.80,18.24,17.74,17.80,53045
IGT,20100325,18.03,18.22,17.64,17.64,46284
IGT,20100326,17.70,17.94,17.56,17.76,26448
IGT,20100329,17.81,18.46,17.80,18.44,55468
IGT,20100330,18.43,18.59,18.25,18.39,41965
IGT,20100331,18.30,18.65,18.20,18.45,44049
IGT,20100401,18.61,18.92,18.51,18.58,38530
IGT,20100405,18.65,19.59,18.55,19.47,75557
IGT,20100406,19.25,19.88,19.17,19.70,71974
IGT,20100407,19.59,19.79,19.17,19.41,52799
IGT,20100408,19.31,20.14,19.06,19.98,64163
IGT,20100409,20.03,20.03,19.71,19.89,31585
IGT,20100412,19.89,19.96,19.60,19.73,39485
IGT,20100413,19.73,19.81,19.38,19.54,50119
IGT,20100414,19.54,19.82,19.31,19.50,67964
IGT,20100415,19.40,19.90,19.25,19.58,75917
IGT,20100416,19.52,19.80,18.83,19.12,54008
IGT,20100419,19.06,19.40,18.46,18.88,50843
IGT,20100420,19.07,19.32,18.77,19.30,80397
IGT,20100421,19.32,19.46,19.21,19.45,65369
IGT,20100422,19.43,19.90,19.14,19.60,86876
IGT,20100423,20.00,21.64,19.98,21.18,136417
IGT,20100426,21.12,21.42,20.76,20.95,73941
IGT,20100427,21.24,21.27,20.51,20.56,66891
IGT,20100428,20.66,20.83,20.37,20.73,65440
IGT,20100429,20.97,21.86,20.90,21.49,67805
IGT,20100430,21.53,21.67,21.01,21.08,48480
IGT,20100503,21.15,21.85,21.15,21.72,32853
IGT,20100504,21.31,21.35,20.53,20.72,37941
IGT,20100505,20.50,21.23,20.25,20.77,36895
IGT,20100506,20.60,21.01,18.83,20.33,72728
IGT,20100507,20.20,20.52,19.58,19.97,78486
IGT,20100510,20.95,21.25,20.40,21.18,55156
IGT,20100511,20.89,21.44,20.86,21.09,31804
IGT,20100512,21.15,21.44,21.15,21.36,29595
IGT,20100513,21.37,21.62,21.09,21.09,49140
IGT,20100514,21.08,21.45,20.69,20.98,74313
IGT,20100517,21.07,21.24,20.23,20.81,38783
IGT,20100518,21.00,21.35,20.58,20.67,55751
IGT,20100519,20.49,21.09,20.22,20.40,48584
IGT,20100520,19.82,19.91,19.04,19.17,63779
IGT,20100521,18.78,19.53,18.62,19.31,66069
IGT,20100524,19.31,19.65,18.95,18.97,42834
IGT,20100525,18.37,18.85,18.26,18.77,63595
IGT,20100526,18.93,19.44,18.61,18.74,48244
IGT,20100527,19.26,20.00,19.25,19.96,50530
IGT,20100528,19.98,20.25,19.41,19.57,45082
IGT,20100601,19.29,19.63,19.06,19.12,40474
IGT,20100602,19.30,19.34,19.00,19.30,30902
IGT,20100603,19.36,19.94,19.32,19.87,34874
IGT,20100604,19.41,19.79,18.96,19.02,40771
IGT,20100607,19.05,19.31,18.62,18.67,41724
IGT,20100608,18.65,18.87,18.16,18.64,60681
IGT,20100609,18.67,19.02,18.22,18.32,46873
IGT,20100610,18.73,19.17,18.57,19.14,44685
IGT,20100611,18.90,19.25,18.74,19.22,25785
IGT,20100614,19.38,19.70,19.18,19.23,27488
IGT,20100615,19.47,19.62,19.31,19.59,23690
IGT,20100616,18.94,18.94,18.37,18.54,78627
IGT,20100617,18.54,18.76,18.28,18.52,45753
IGT,20100618,18.60,18.75,18.09,18.35,50064
IGT,20100621,18.79,18.82,17.98,18.11,40210
IGT,20100622,18.15,18.25,17.62,17.68,41377
IGT,20100623,17.59,17.74,17.35,17.46,46342
IGT,20100624,17.39,17.44,16.75,16.76,46326
IGT,20100625,16.83,17.27,16.60,17.09,60834
IGT,20100628,17.10,17.19,16.68,16.69,32415
IGT,20100629,16.45,16.50,16.01,16.13,54728
IGT,20100630,16.02,16.42,15.63,15.70,65343
IGT,20100701,15.70,16.05,15.46,15.97,55577
IGT,20100702,16.04,16.11,15.21,15.45,55334
IGT,20100706,15.66,15.89,15.32,15.45,39656
IGT,20100707,15.41,16.07,15.38,16.04,52182
IGT,20100708,16.17,16.26,15.75,15.94,29415
IGT,20100709,15.99,16.08,15.77,15.86,55176
IGT,20100712,15.77,15.95,15.42,15.55,41245
IGT,20100713,15.85,16.32,15.67,16.15,46358
IGT,20100714,16.11,16.33,15.99,16.29,27761
IGT,20100715,16.17,16.23,15.63,15.76,69579
IGT,20100716,15.69,15.77,14.93,14.97,69226
IGT,20100719,15.09,15.35,14.97,15.19,44898
IGT,20100720,14.98,15.30,14.78,15.29,42596
IGT,20100721,15.35,15.42,15.03,15.12,53212
IGT,20100722,15.32,15.84,15.30,15.69,40791
IGT,20100723,15.70,15.98,15.43,15.96,41179
IGT,20100726,16.25,16.80,16.22,16.74,67735
IGT,20100727,16.78,16.90,16.51,16.70,53582
IGT,20100728,16.10,16.35,14.90,15.02,145173
IGT,20100729,15.09,15.19,14.65,14.98,69087
IGT,20100730,14.68,15.32,14.68,15.24,53232
IGT,20100802,15.45,15.83,15.30,15.71,42753
IGT,20100803,15.57,15.69,15.38,15.61,47768
IGT,20100804,15.51,15.68,15.39,15.65,47098
IGT,20100805,15.57,15.81,15.52,15.59,44374
IGT,20100806,15.43,15.63,15.22,15.50,32857
IGT,20100809,15.55,15.81,15.50,15.75,23544
IGT,20100810,15.54,15.71,15.46,15.58,27776
IGT,20100811,15.23,15.46,15.21,15.35,56238
IGT,20100812,14.90,15.31,14.81,15.26,55339
IGT,20100813,15.15,15.50,15.14,15.22,36478
IGT,20100816,15.05,15.28,15.02,15.22,29072
IGT,20100817,15.29,15.77,15.29,15.63,25078
IGT,20100818,15.61,15.81,15.38,15.67,30237
IGT,20100819,15.59,15.59,15.15,15.36,41136
IGT,20100820,15.32,15.36,15.17,15.33,38312
IGT,20100823,15.42,15.50,15.24,15.29,33835
IGT,20100824,15.08,15.20,14.84,14.85,44445
IGT,20100825,14.77,15.02,14.63,14.95,30876
IGT,20100826,15.04,15.17,14.88,15.07,38859
IGT,20100827,15.19,15.25,14.85,15.21,36982
IGT,20100830,15.21,15.39,14.83,14.83,26161
IGT,20100831,14.74,15.03,14.52,14.60,29618
IGT,20100901,14.84,15.17,14.74,15.10,27528
IGT,20100902,14.98,15.41,14.90,15.37,21264
IGT,20100903,15.62,15.67,15.28,15.60,19506
IGT,20100907,15.50,15.59,15.09,15.12,17339
IGT,20100908,15.16,15.39,15.11,15.14,24695
IGT,20100909,15.34,15.62,15.28,15.48,31073
IGT,20100910,15.51,15.65,15.36,15.53,14165
IGT,20100913,15.71,15.80,15.60,15.74,21432
IGT,20100914,15.71,15.75,15.52,15.56,20527
IGT,20100915,15.40,15.57,15.25,15.30,34444
IGT,20100916,15.28,15.39,15.08,15.10,25183
IGT,20100917,14.95,15.07,14.70,15.05,74853
IGT,20100920,15.06,15.29,14.93,15.25,41332
IGT,20100921,15.25,15.31,14.87,14.97,45064
IGT,20100922,14.94,14.96,14.47,14.49,33441
IGT,20100923,14.32,14.46,14.14,14.18,36687
IGT,20100924,14.45,14.51,13.78,13.82,90449
IGT,20100927,13.81,14.26,13.65,14.23,60876
IGT,20100928,14.25,14.42,13.98,14.40,39384
IGT,20100929,14.34,14.50,14.18,14.37,34715
IGT,20100930,14.52,14.71,14.30,14.45,40995
IGT,20101001,14.64,14.66,14.27,14.31,40468
IGT,20101004,14.32,14.50,14.00,14.01,31570
IGT,20101005,14.22,14.36,14.11,14.24,44416
IGT,20101006,14.23,14.28,14.12,14.21,30964
IGT,20101007,14.26,14.31,14.17,14.22,47685
IGT,20101008,14.17,14.73,14.09,14.69,59641
IGT,20101011,14.73,15.09,14.71,15.02,53573
IGT,20101012,14.93,14.97,14.64,14.84,34613
IGT,20101013,14.87,15.32,14.65,15.04,43045
IGT,20101014,15.00,15.00,14.64,14.73,38104
IGT,20101015,14.89,14.92,14.45,14.54,45729
IGT,20101018,14.58,14.67,14.41,14.44,23365
IGT,20101019,14.32,14.45,14.10,14.24,27419
IGT,20101020,14.30,14.51,14.25,14.36,28081
IGT,20101021,14.39,14.52,14.17,14.39,25871
IGT,20101022,14.39,14.81,14.28,14.81,40670
IGT,20101025,14.93,15.30,14.90,15.13,45613
IGT,20101026,15.08,15.52,15.01,15.31,37948
IGT,20101027,15.15,15.18,14.88,15.10,32646
IGT,20101028,15.00,15.73,14.93,15.67,62725
IGT,20101029,15.50,15.62,15.37,15.59,22909
IGT,20101101,15.70,15.79,15.45,15.49,26335
IGT,20101102,15.73,16.30,15.67,16.16,60135
IGT,20101103,16.13,16.55,16.08,16.44,37435
IGT,20101104,16.58,16.77,16.32,16.38,50250
IGT,20101105,16.37,16.55,16.35,16.55,29317
IGT,20101108,16.46,16.51,16.27,16.35,44173
IGT,20101109,16.37,16.48,16.19,16.32,37341
IGT,20101110,15.91,16.30,15.50,16.26,100842
IGT,20101111,16.02,16.31,15.97,16.24,59545
IGT,20101112,16.11,16.39,16.07,16.30,60035
IGT,20101115,16.30,16.55,16.26,16.30,33978
IGT,20101116,16.24,16.37,15.76,15.88,40724
IGT,20101117,15.91,16.01,15.69,15.69,31420
IGT,20101118,15.90,16.11,15.87,15.93,26986
IGT,20101119,15.97,16.06,15.81,15.95,22186
IGT,20101122,15.89,16.02,15.79,15.90,31228
IGT,20101123,15.72,15.74,15.40,15.50,31356
IGT,20101124,15.60,15.80,15.56,15.65,18887
IGT,20101126,15.53,15.59,15.45,15.46,10292
IGT,20101129,15.36,15.61,15.20,15.54,23856
IGT,20101130,15.56,15.80,15.45,15.48,59827
IGT,20101201,15.70,15.97,15.60,15.61,36963
IGT,20101202,15.63,15.64,15.46,15.56,46432
IGT,20101203,15.45,16.40,15.38,16.33,59707
IGT,20101206,16.35,17.28,16.32,17.12,93213
IGT,20101207,17.36,17.61,17.06,17.13,52744
IGT,20101208,17.09,17.27,16.59,16.65,51152
IGT,20101209,16.68,17.05,16.52,16.88,40623
IGT,20101210,16.80,16.93,16.51,16.87,28279
IGT,20101213,16.94,16.97,16.45,16.47,25657
IGT,20101214,16.75,17.10,16.60,16.69,55627
IGT,20101215,16.69,16.81,16.36,16.46,41078
IGT,20101216,16.60,16.73,16.34,16.35,39303
IGT,20101217,16.37,16.95,16.34,16.90,40221
IGT,20101220,16.94,17.33,16.87,17.32,36918
IGT,20101221,17.36,17.50,17.30,17.40,31128
IGT,20101222,17.32,17.45,17.20,17.32,26255
IGT,20101223,17.24,17.54,17.18,17.46,23995
IGT,20101227,17.38,17.54,17.21,17.45,25674
IGT,20101228,17.49,17.50,17.25,17.44,22684
IGT,20101229,17.43,17.60,17.35,17.55,24897
IGT,20101230,17.52,17.62,17.44,17.50,22297
IGT,20101231,17.42,17.82,17.40,17.69,26323
IGT,20110103,17.75,18.12,17.75,17.99,49122
IGT,20110104,18.00,18.01,17.81,17.96,35125
IGT,20110105,17.86,18.66,17.85,18.61,49247
IGT,20110106,18.58,19.07,18.55,18.78,61272
IGT,20110107,18.60,18.69,18.14,18.42,51435
