IO,20090115,2.25,2.30,1.64,1.81,60155
IO,20090116,1.93,2.18,1.82,1.96,28840
IO,20090120,1.97,1.97,1.46,1.54,54198
IO,20090121,1.56,1.71,1.55,1.58,37126
IO,20090122,1.61,1.61,1.41,1.49,19712
IO,20090123,1.43,1.54,1.38,1.45,12634
IO,20090126,1.50,1.89,1.50,1.63,17276
IO,20090127,1.63,1.70,1.55,1.57,7656
IO,20090128,1.65,1.75,1.61,1.69,12270
IO,20090129,1.70,1.73,1.55,1.57,10126
IO,20090130,1.60,1.65,1.49,1.50,9547
IO,20090202,1.48,1.48,1.37,1.40,15790
IO,20090203,1.42,1.49,1.40,1.43,10579
IO,20090204,1.44,1.52,1.43,1.51,11080
IO,20090205,1.51,1.59,1.42,1.54,11484
IO,20090206,1.60,1.67,1.52,1.67,9627
IO,20090209,1.69,1.72,1.60,1.68,10867
IO,20090210,1.68,1.70,1.50,1.50,12207
IO,20090211,1.56,1.59,1.45,1.47,7129
IO,20090212,1.45,1.51,1.40,1.50,9621
IO,20090213,1.51,1.55,1.47,1.55,4422
IO,20090217,1.59,1.59,1.39,1.39,9077
IO,20090218,1.45,1.45,1.31,1.31,14347
IO,20090219,1.35,1.50,1.28,1.28,8223
IO,20090220,1.20,1.30,1.18,1.19,11569
IO,20090223,1.21,1.33,1.16,1.16,21554
IO,20090224,1.28,1.32,1.16,1.32,16403
IO,20090225,1.31,1.32,1.22,1.30,14634
IO,20090226,1.38,1.38,1.25,1.27,22531
IO,20090227,1.14,1.15,0.90,1.07,40081
IO,20090302,1.02,1.10,0.90,0.90,45729
IO,20090303,0.93,1.00,0.83,0.83,14126
IO,20090304,0.83,1.02,0.83,0.92,31557
IO,20090305,0.92,0.99,0.85,0.85,26716
IO,20090306,0.90,0.95,0.88,0.91,15209
IO,20090309,1.02,1.38,0.90,1.28,30890
IO,20090310,1.28,1.45,1.14,1.20,24287
IO,20090311,1.21,1.30,1.16,1.23,20189
IO,20090312,1.27,1.49,1.19,1.49,21398
IO,20090313,1.55,1.57,1.46,1.52,16838
IO,20090316,1.55,1.62,1.44,1.52,15374
IO,20090317,1.52,1.62,1.41,1.62,12695
IO,20090318,1.64,1.64,1.44,1.60,9062
IO,20090319,1.61,1.74,1.57,1.70,15676
IO,20090320,1.72,1.72,1.40,1.40,16405
IO,20090323,1.56,1.69,1.49,1.69,13902
IO,20090324,1.66,1.75,1.49,1.69,10581
IO,20090325,1.71,1.80,1.62,1.74,11194
IO,20090326,1.78,1.94,1.72,1.94,21768
IO,20090327,1.94,1.94,1.75,1.77,8937
IO,20090330,1.74,1.74,1.54,1.65,9412
IO,20090331,1.68,1.68,1.55,1.56,6925
IO,20090401,1.60,1.67,1.53,1.64,28412
IO,20090402,1.74,1.84,1.71,1.79,12331
IO,20090403,1.82,1.87,1.71,1.77,12054
IO,20090406,1.73,1.80,1.65,1.68,6391
IO,20090407,1.65,1.68,1.56,1.62,6724
IO,20090408,1.63,1.85,1.63,1.69,6320
IO,20090409,1.75,1.87,1.75,1.87,13260
IO,20090413,1.88,1.99,1.77,1.99,8599
IO,20090414,1.95,2.08,1.86,1.89,12193
IO,20090415,1.86,1.96,1.83,1.96,6346
IO,20090416,1.98,2.00,1.69,1.83,21152
IO,20090417,1.84,2.11,1.82,1.97,23079
IO,20090420,1.91,1.99,1.75,1.84,17789
IO,20090421,1.80,2.04,1.76,2.03,14689
IO,20090422,1.95,2.75,1.94,2.43,50531
IO,20090423,2.51,2.65,2.25,2.29,21188
IO,20090424,2.33,2.49,2.29,2.38,11783
IO,20090427,2.22,2.39,2.18,2.20,11907
IO,20090428,2.23,2.23,2.14,2.20,7866
IO,20090429,2.22,2.49,2.17,2.46,17855
IO,20090430,2.56,2.63,2.41,2.50,18732
IO,20090501,2.50,2.69,2.47,2.63,12237
IO,20090504,2.73,2.94,2.63,2.90,15906
IO,20090505,2.99,3.35,2.92,3.31,22057
IO,20090506,3.43,3.51,3.11,3.15,17173
IO,20090507,3.04,3.09,2.48,2.54,33810
IO,20090508,2.76,3.25,2.62,3.12,29925
IO,20090511,3.02,3.14,2.93,3.05,15624
IO,20090512,3.19,3.19,2.77,2.89,13108
IO,20090513,2.84,2.84,2.52,2.55,11832
IO,20090514,2.51,2.81,2.49,2.66,12060
IO,20090515,2.66,2.75,2.51,2.55,7997
IO,20090518,2.59,2.64,2.35,2.54,15468
IO,20090519,2.55,2.81,2.55,2.75,8168
IO,20090520,2.83,3.09,2.78,2.79,11019
IO,20090521,2.75,2.78,2.52,2.66,8139
IO,20090522,2.70,2.82,2.68,2.80,8486
IO,20090526,2.77,3.00,2.72,2.93,12663
IO,20090527,2.94,2.99,2.85,2.85,6037
IO,20090528,2.87,2.89,2.60,2.79,8361
IO,20090529,2.79,2.88,2.71,2.83,9154
IO,20090601,2.97,3.11,2.96,3.04,11225
IO,20090602,3.05,3.30,2.85,3.12,33424
IO,20090603,3.09,3.17,2.81,2.91,18609
IO,20090604,2.96,3.06,2.86,3.00,11359
IO,20090605,3.05,3.10,2.90,2.93,9338
IO,20090608,2.91,2.92,2.78,2.87,6504
IO,20090609,2.88,3.04,2.85,2.87,19736
IO,20090610,2.92,3.06,2.90,3.04,12817
IO,20090611,3.09,3.38,3.05,3.27,24058
IO,20090612,3.27,3.49,3.09,3.23,6646
IO,20090615,3.23,3.35,3.03,3.23,10914
IO,20090616,3.25,3.28,3.11,3.14,11719
IO,20090617,3.13,3.14,2.92,2.96,11161
IO,20090618,2.94,2.98,2.90,2.91,7340
IO,20090619,2.98,2.98,2.78,2.78,18189
IO,20090622,2.78,2.80,2.41,2.41,13423
IO,20090623,2.40,2.60,2.40,2.44,7824
IO,20090624,2.48,2.59,2.38,2.40,6448
IO,20090625,2.38,2.52,2.36,2.52,9512
IO,20090626,2.55,2.75,2.54,2.69,43600
IO,20090629,2.68,2.72,2.55,2.61,9846
IO,20090630,2.60,2.66,2.51,2.57,8162
IO,20090701,2.58,2.65,2.45,2.49,10382
IO,20090702,2.43,2.44,2.30,2.30,9493
IO,20090706,2.27,2.31,1.95,2.06,21645
IO,20090707,2.06,2.16,2.00,2.07,13806
IO,20090708,2.12,2.12,1.88,1.92,33129
IO,20090709,1.93,2.12,1.93,1.99,9510
IO,20090710,2.00,2.07,1.94,2.05,6032
IO,20090713,2.06,2.16,1.97,2.16,10306
IO,20090714,2.15,2.29,2.12,2.18,10578
IO,20090715,2.23,2.32,2.22,2.30,9714
IO,20090716,2.36,2.38,2.24,2.34,7204
IO,20090717,2.29,2.46,2.27,2.36,9793
IO,20090720,2.43,2.53,2.18,2.38,8622
IO,20090721,2.39,2.49,2.30,2.47,13970
IO,20090722,2.46,2.52,2.36,2.51,10662
IO,20090723,2.51,2.58,2.45,2.55,15852
IO,20090724,2.51,2.64,2.50,2.64,10476
IO,20090727,2.64,2.75,2.63,2.68,5316
IO,20090728,2.66,2.67,2.53,2.62,6612
IO,20090729,2.59,2.59,2.46,2.52,8294
IO,20090730,2.56,2.75,2.54,2.59,6127
IO,20090731,2.55,2.75,2.53,2.69,7873
IO,20090803,2.78,2.90,2.68,2.90,13195
IO,20090804,2.88,3.04,2.81,2.93,13733
IO,20090805,2.92,2.93,2.74,2.74,23938
IO,20090806,2.71,2.79,2.55,2.56,24692
IO,20090807,2.63,2.72,2.61,2.65,12726
IO,20090810,2.64,2.84,2.64,2.78,12710
IO,20090811,2.81,2.83,2.63,2.65,13274
IO,20090812,2.65,2.81,2.63,2.81,16951
IO,20090813,2.88,2.91,2.81,2.87,6412
IO,20090814,2.86,2.87,2.67,2.80,7681
IO,20090817,2.74,2.74,2.50,2.50,12752
IO,20090818,2.53,2.64,2.53,2.61,5787
IO,20090819,2.52,2.62,2.50,2.58,5633
IO,20090820,2.59,2.67,2.59,2.65,4707
IO,20090821,2.68,2.77,2.52,2.59,14541
IO,20090824,2.61,2.73,2.56,2.63,8193
IO,20090825,2.65,2.76,2.62,2.73,11056
IO,20090826,2.73,2.73,2.68,2.72,3441
IO,20090827,2.71,2.72,2.58,2.67,5734
IO,20090828,2.67,2.75,2.67,2.71,9176
IO,20090831,2.69,2.71,2.55,2.55,20195
IO,20090901,2.54,2.67,2.44,2.53,15841
IO,20090902,2.51,2.56,2.46,2.48,5505
IO,20090903,2.50,2.60,2.47,2.54,3942
IO,20090904,2.54,2.61,2.51,2.60,4040
IO,20090908,2.62,2.74,2.62,2.72,9276
IO,20090909,2.72,2.84,2.70,2.77,8563
IO,20090910,2.80,3.08,2.75,3.00,20397
IO,20090911,3.09,3.30,3.05,3.30,23207
IO,20090914,3.26,3.31,3.07,3.20,12240
IO,20090915,3.24,3.39,3.16,3.38,13209
IO,20090916,3.47,3.69,3.35,3.68,19475
IO,20090917,3.71,3.74,3.45,3.49,17107
IO,20090918,3.57,3.65,3.31,3.50,28577
IO,20090921,3.45,3.50,3.33,3.46,9059
IO,20090922,3.51,3.71,3.49,3.70,20890
IO,20090923,3.76,3.76,3.56,3.56,15593
IO,20090924,3.65,3.65,3.30,3.37,16865
IO,20090925,3.35,3.44,3.25,3.39,8922
IO,20090928,3.46,3.65,3.40,3.56,12585
IO,20090929,3.58,3.64,3.50,3.55,6749
IO,20090930,3.62,3.62,3.45,3.52,8938
IO,20091001,3.47,3.50,3.28,3.31,10935
IO,20091002,3.25,3.30,3.07,3.23,8503
IO,20091005,3.27,3.45,3.25,3.32,8660
IO,20091006,3.40,3.62,3.35,3.51,8030
IO,20091007,3.49,3.59,3.40,3.57,6632
IO,20091008,3.76,3.79,3.60,3.61,13946
IO,20091009,3.65,3.70,3.52,3.65,15423
IO,20091012,3.74,3.85,3.70,3.80,14186
IO,20091013,3.84,3.85,3.66,3.76,9248
IO,20091014,3.82,3.92,3.76,3.82,10834
IO,20091015,3.78,3.84,3.69,3.71,17865
IO,20091016,3.68,3.74,3.56,3.56,12411
IO,20091019,3.60,3.67,3.50,3.62,10847
IO,20091020,3.62,3.66,3.49,3.51,8820
IO,20091021,3.52,3.62,3.50,3.53,11202
IO,20091022,3.59,3.63,3.45,3.62,9037
IO,20091023,3.64,3.67,3.50,3.54,13592
IO,20091026,4.27,5.24,4.25,4.44,166955
IO,20091027,4.44,4.50,4.05,4.28,35049
IO,20091028,4.20,4.25,3.80,3.80,23388
IO,20091029,3.87,4.27,3.86,4.27,23222
IO,20091030,4.23,4.23,3.83,3.83,18639
IO,20091102,3.97,4.03,3.57,4.01,21450
IO,20091103,3.97,4.05,3.80,4.03,18001
IO,20091104,4.07,4.18,3.87,3.93,18135
IO,20091105,3.75,4.17,3.66,4.14,23979
IO,20091106,4.08,4.37,4.02,4.31,17196
IO,20091109,4.37,4.60,4.37,4.54,19326
IO,20091110,4.57,5.61,4.57,5.18,93811
IO,20091111,5.34,5.53,5.18,5.31,52386
IO,20091112,5.22,5.28,5.01,5.06,39128
IO,20091113,5.02,5.30,5.01,5.15,21713
IO,20091116,5.15,5.30,5.15,5.23,23635
IO,20091117,5.19,5.72,5.16,5.60,39346
IO,20091118,5.69,5.84,5.54,5.73,28172
IO,20091119,5.77,5.79,5.37,5.50,26735
IO,20091120,5.43,6.05,5.42,5.66,49079
IO,20091123,5.75,6.03,5.73,5.95,34927
IO,20091124,5.99,6.08,5.75,5.86,22331
IO,20091125,5.98,5.98,5.78,5.84,13098
IO,20091127,5.61,5.70,5.30,5.62,16126
IO,20091130,5.60,5.64,5.38,5.44,29757
IO,20091201,5.54,5.79,5.48,5.76,17789
IO,20091202,5.78,5.92,5.67,5.74,11861
IO,20091203,5.79,5.84,5.58,5.61,15095
IO,20091204,5.76,5.84,5.56,5.74,15218
IO,20091207,5.76,5.89,5.66,5.79,10674
IO,20091208,5.72,6.03,5.65,5.95,20638
IO,20091209,5.94,6.03,5.81,5.94,17550
IO,20091210,5.98,6.00,5.83,5.85,10842
IO,20091211,5.87,5.87,5.65,5.73,12254
IO,20091214,5.78,5.92,5.74,5.87,12891
IO,20091215,5.85,5.86,5.72,5.74,11800
IO,20091216,5.76,5.88,5.62,5.75,11513
IO,20091217,5.75,5.92,5.66,5.88,14064
IO,20091218,5.91,5.97,5.71,5.91,27117
IO,20091221,5.89,6.49,5.89,6.10,34101
IO,20091222,6.19,6.40,6.04,6.13,22663
IO,20091223,6.18,6.46,6.10,6.40,13244
IO,20091224,6.42,6.56,6.40,6.44,6247
IO,20091228,6.42,6.55,6.26,6.32,13720
IO,20091229,6.35,6.37,6.17,6.17,12123
IO,20091230,6.10,6.18,5.99,6.10,7408
IO,20091231,6.11,6.17,5.92,5.92,9633
IO,20100104,6.04,6.50,6.00,6.48,19521
IO,20100105,6.50,6.77,6.39,6.72,15684
IO,20100106,6.72,6.93,6.70,6.90,17264
IO,20100107,6.86,6.92,6.69,6.79,12642
IO,20100108,6.73,6.90,6.73,6.89,10033
IO,20100111,6.89,6.95,6.68,6.73,9599
IO,20100112,6.69,6.69,6.20,6.20,16303
IO,20100113,6.27,6.36,5.87,6.29,16952
IO,20100114,6.26,6.48,6.25,6.26,7200
IO,20100115,6.29,6.32,6.10,6.12,10451
IO,20100119,6.16,6.35,6.14,6.32,9746
IO,20100120,6.24,6.29,5.90,6.00,13640
IO,20100121,6.03,6.15,5.85,6.00,12883
IO,20100122,5.98,6.17,5.60,5.81,19206
IO,20100125,5.84,5.92,5.69,5.79,10900
IO,20100126,5.66,5.73,5.18,5.50,31353
IO,20100127,5.44,5.50,5.13,5.21,17718
IO,20100128,5.23,5.27,4.91,4.92,20171
IO,20100129,4.97,5.14,4.72,4.75,15753
IO,20100201,4.91,5.08,4.81,5.05,16345
IO,20100202,5.05,5.34,4.95,5.33,19729
IO,20100203,5.33,5.49,5.24,5.30,10363
IO,20100204,5.22,5.27,4.75,4.80,16598
IO,20100205,4.80,4.89,4.46,4.85,17176
IO,20100208,4.86,4.98,4.71,4.76,7109
IO,20100209,4.85,4.98,4.82,4.86,10199
IO,20100210,4.92,4.97,4.64,4.97,13105
IO,20100211,5.00,5.24,4.81,5.20,11715
IO,20100212,5.17,5.22,5.01,5.19,8091
IO,20100216,5.30,5.36,5.15,5.28,11678
IO,20100217,5.29,5.34,5.03,5.13,13239
IO,20100218,4.90,5.03,4.66,4.75,24369
IO,20100219,4.73,4.80,4.40,4.41,24374
IO,20100222,4.58,4.65,4.37,4.40,12188
IO,20100223,4.45,4.46,4.20,4.26,14652
IO,20100224,4.25,4.41,4.23,4.38,18343
IO,20100225,4.34,4.51,4.23,4.51,13956
IO,20100226,4.36,4.59,4.36,4.58,14944
IO,20100301,4.64,5.10,4.61,5.07,22147
IO,20100302,5.15,5.18,4.91,5.00,27676
IO,20100303,4.95,5.14,4.92,5.06,15714
IO,20100304,5.09,5.20,4.99,5.17,7764
IO,20100305,5.21,5.38,5.16,5.35,10486
IO,20100308,5.33,5.48,5.27,5.35,6091
IO,20100309,5.30,5.45,5.25,5.32,7049
IO,20100310,5.29,5.40,5.18,5.22,11360
IO,20100311,5.19,5.21,5.11,5.20,6031
IO,20100312,5.30,5.31,5.04,5.16,6816
IO,20100315,5.13,5.17,4.96,4.97,8467
IO,20100316,5.00,5.19,4.92,5.17,9177
IO,20100317,5.18,5.24,5.17,5.21,6922
IO,20100318,5.22,5.23,5.08,5.17,8425
IO,20100319,5.20,5.20,4.86,4.91,16979
IO,20100322,4.85,4.94,4.72,4.80,13762
IO,20100323,4.81,5.20,4.81,5.11,13679
IO,20100324,5.12,5.30,5.06,5.08,12385
IO,20100325,5.15,5.26,5.02,5.04,20921
IO,20100326,5.08,5.17,4.82,4.83,14000
IO,20100329,4.94,5.16,4.91,5.02,26913
IO,20100330,4.97,5.11,4.95,4.99,11375
IO,20100331,4.98,5.03,4.90,4.92,9770
IO,20100401,4.98,5.07,4.91,4.93,12517
IO,20100405,4.99,5.06,4.94,5.00,13026
IO,20100406,5.04,5.19,4.96,5.13,13744
IO,20100407,5.10,5.29,5.09,5.18,12899
IO,20100408,5.36,5.59,5.30,5.58,23465
IO,20100409,5.67,5.75,5.62,5.66,17944
IO,20100412,5.72,5.72,5.35,5.42,23215
IO,20100413,5.42,5.45,5.34,5.36,9957
IO,20100414,5.47,5.55,5.37,5.54,9722
IO,20100415,5.55,5.62,5.52,5.52,15098
IO,20100416,5.77,6.10,5.72,6.06,75382
IO,20100419,5.95,6.37,5.95,6.04,53576
IO,20100420,6.10,6.24,6.07,6.15,18064
IO,20100421,6.18,6.18,5.90,6.06,21528
IO,20100422,6.00,6.01,5.80,5.98,23116
IO,20100423,6.00,6.14,5.98,6.12,17758
IO,20100426,6.12,6.15,6.03,6.05,11287
IO,20100427,6.01,6.02,5.66,5.67,18908
IO,20100428,5.71,5.89,5.59,5.77,17323
IO,20100429,5.88,6.38,5.86,6.35,30198
IO,20100430,6.43,6.48,6.00,6.01,49047
IO,20100503,6.13,6.29,6.05,6.27,17793
IO,20100504,6.22,6.22,5.90,5.97,21740
IO,20100505,6.00,6.04,5.62,5.63,21429
IO,20100506,5.70,6.16,5.25,5.84,46771
IO,20100507,5.79,5.82,5.23,5.32,34282
IO,20100510,5.76,5.84,5.60,5.80,19941
IO,20100511,5.71,6.11,5.60,5.98,18721
IO,20100512,6.00,6.23,6.00,6.23,14690
IO,20100513,6.22,6.44,6.16,6.22,15718
IO,20100514,6.16,6.16,5.96,6.09,22374
IO,20100517,6.10,6.20,5.73,5.99,12674
IO,20100518,6.15,6.15,5.72,5.76,10387
IO,20100519,5.71,5.83,5.47,5.70,13617
IO,20100520,5.49,5.49,5.02,5.03,29281
IO,20100521,4.97,5.24,4.25,5.19,22380
IO,20100524,5.17,5.31,5.05,5.24,19032
IO,20100525,5.05,5.20,4.89,5.18,20159
IO,20100526,5.23,5.54,5.23,5.37,32881
IO,20100527,5.54,5.76,5.51,5.76,13197
IO,20100528,5.75,5.75,5.37,5.43,21260
IO,20100601,5.34,5.42,4.91,4.91,23651
IO,20100602,4.98,5.08,4.76,5.06,22661
IO,20100603,5.08,5.19,4.95,5.15,10597
IO,20100604,5.03,5.14,4.77,4.80,16286
IO,20100607,4.84,4.85,4.23,4.26,27344
IO,20100608,4.26,4.43,3.88,4.42,42383
IO,20100609,4.46,4.69,4.24,4.38,22020
IO,20100610,4.47,4.60,4.35,4.59,13408
IO,20100611,4.54,4.70,4.48,4.59,10081
IO,20100614,4.68,4.85,4.64,4.64,10587
IO,20100615,4.73,4.85,4.69,4.83,7727
IO,20100616,4.78,4.81,4.66,4.66,7776
IO,20100617,4.70,4.76,4.61,4.66,6085
IO,20100618,4.72,4.95,4.66,4.89,17638
IO,20100621,5.00,5.10,4.61,4.73,12094
IO,20100622,4.70,4.79,4.45,4.52,9450
IO,20100623,4.48,4.56,4.35,4.43,7710
IO,20100624,4.39,4.45,4.22,4.22,12480
IO,20100625,4.25,4.27,4.12,4.17,49681
IO,20100628,4.18,4.25,4.01,4.01,19422
IO,20100629,3.97,3.99,3.72,3.78,20947
IO,20100630,3.75,3.95,3.46,3.48,25119
IO,20100701,3.44,3.69,3.26,3.60,40076
IO,20100702,3.65,4.15,3.60,3.94,36132
IO,20100706,4.09,4.31,4.00,4.08,26551
IO,20100707,4.11,4.25,4.08,4.24,16295
IO,20100708,4.29,4.32,4.04,4.22,14644
IO,20100709,4.23,4.41,4.14,4.38,10066
IO,20100712,4.34,4.45,4.15,4.18,7022
IO,20100713,4.28,4.45,4.21,4.43,9187
IO,20100714,4.39,4.44,4.28,4.32,5544
IO,20100715,4.31,4.37,4.17,4.26,6987
IO,20100716,4.21,4.22,3.97,3.98,9675
IO,20100719,3.98,4.04,3.85,4.01,10259
IO,20100720,3.95,4.26,3.89,4.26,9625
IO,20100721,4.33,4.34,4.20,4.24,8396
IO,20100722,4.31,4.35,4.22,4.28,11762
IO,20100723,4.22,4.46,4.20,4.46,6652
IO,20100726,4.47,4.70,4.41,4.67,9075
IO,20100727,4.74,4.84,4.66,4.75,12431
IO,20100728,4.72,4.76,4.42,4.48,6844
IO,20100729,4.52,4.58,4.31,4.52,6804
IO,20100730,4.41,4.49,4.23,4.39,4993
IO,20100802,4.48,4.77,4.42,4.72,9142
IO,20100803,4.68,4.74,4.51,4.55,6937
IO,20100804,4.58,4.70,4.56,4.70,5554
IO,20100805,4.66,4.70,4.22,4.42,19927
IO,20100806,4.32,4.36,4.10,4.24,11465
IO,20100809,4.29,4.37,4.27,4.34,8736
IO,20100810,4.27,4.44,4.15,4.34,10234
IO,20100811,4.20,4.27,4.00,4.07,14195
IO,20100812,3.98,4.23,3.95,4.05,10320
IO,20100813,4.01,4.16,4.01,4.08,10012
IO,20100816,4.04,4.19,3.99,4.14,6248
IO,20100817,4.22,4.30,4.14,4.27,8688
IO,20100818,4.25,4.27,4.13,4.17,7376
IO,20100819,4.14,4.18,3.96,3.96,9599
IO,20100820,3.92,3.98,3.84,3.89,7603
IO,20100823,3.93,4.01,3.82,3.86,7182
IO,20100824,3.78,3.81,3.65,3.66,9596
IO,20100825,3.61,3.68,3.54,3.67,8057
IO,20100826,3.71,3.80,3.56,3.63,9178
IO,20100827,3.67,3.86,3.57,3.85,11357
IO,20100830,3.81,3.85,3.53,3.53,9682
IO,20100831,3.53,3.63,3.33,3.42,23624
IO,20100901,3.52,3.67,3.47,3.66,9569
IO,20100902,3.65,3.90,3.60,3.87,15461
IO,20100903,3.96,4.01,3.89,3.99,8912
IO,20100907,3.94,3.98,3.82,3.85,6887
IO,20100908,3.86,4.06,3.85,3.98,10725
IO,20100909,4.06,4.12,3.90,4.12,11054
IO,20100910,4.13,4.19,4.04,4.13,9822
IO,20100913,4.18,4.25,4.15,4.25,9148
IO,20100914,4.16,4.25,4.11,4.18,8777
IO,20100915,4.14,4.38,4.08,4.33,11817
IO,20100916,4.28,4.34,4.24,4.30,7090
IO,20100917,4.40,4.51,4.34,4.50,33883
IO,20100920,4.51,4.72,4.45,4.69,14648
IO,20100921,4.67,4.73,4.59,4.60,9010
IO,20100922,4.62,4.64,4.36,4.48,8587
IO,20100923,4.43,4.52,4.30,4.30,8873
IO,20100924,4.42,4.55,4.37,4.50,12243
IO,20100927,4.50,4.83,4.47,4.74,23582
IO,20100928,4.76,4.91,4.62,4.86,22685
IO,20100929,4.81,5.00,4.81,5.00,19671
IO,20100930,5.04,5.19,4.95,5.14,29038
IO,20101001,5.23,5.25,5.10,5.23,22529
IO,20101004,5.20,5.23,4.79,4.83,11668
IO,20101005,4.91,5.10,4.83,5.01,13861
IO,20101006,5.02,5.07,4.85,4.91,5719
IO,20101007,4.96,4.98,4.73,4.75,8379
IO,20101008,4.77,4.89,4.70,4.84,6162
IO,20101011,4.83,4.90,4.70,4.71,6002
IO,20101012,4.69,4.94,4.65,4.90,11070
IO,20101013,4.94,5.24,4.92,5.19,22785
IO,20101014,5.15,5.18,5.00,5.14,8678
IO,20101015,5.22,5.24,5.05,5.07,11724
IO,20101018,5.07,5.14,5.05,5.12,10781
IO,20101019,5.00,5.08,4.90,4.95,14197
IO,20101020,5.02,5.09,4.93,5.02,11891
IO,20101021,5.09,5.13,4.80,4.89,10788
IO,20101022,4.94,5.05,4.88,4.95,9412
IO,20101025,5.02,5.14,4.98,5.06,9598
IO,20101026,5.00,5.15,4.99,5.01,8130
IO,20101027,4.95,5.01,4.81,4.97,8368
IO,20101028,5.02,5.06,4.92,4.95,5131
IO,20101029,4.89,4.95,4.84,4.89,6048
IO,20101101,4.96,5.02,4.80,4.86,6479
IO,20101102,4.96,4.99,4.90,4.97,6229
IO,20101103,4.99,5.11,4.91,5.11,10796
IO,20101104,5.62,6.18,5.39,6.06,80876
IO,20101105,6.17,6.35,5.88,6.06,32489
IO,20101108,6.06,6.62,6.05,6.51,21484
IO,20101109,6.44,6.55,6.26,6.42,25014
IO,20101110,6.46,6.73,6.37,6.70,15947
IO,20101111,6.56,6.88,6.55,6.87,12759
IO,20101112,6.77,6.84,6.25,6.27,18418
IO,20101115,6.31,6.45,6.13,6.32,8360
IO,20101116,6.25,6.28,5.95,5.97,13206
IO,20101117,5.98,6.13,5.88,6.04,12155
IO,20101118,6.23,6.63,6.11,6.53,14277
IO,20101119,6.51,6.53,6.30,6.32,12400
IO,20101122,6.26,6.65,6.25,6.58,10413
IO,20101123,6.34,6.47,6.27,6.39,7698
IO,20101124,6.49,6.85,6.48,6.66,12738
IO,20101126,6.63,6.77,6.58,6.60,3612
IO,20101129,6.57,7.27,6.51,7.20,46755
IO,20101130,7.08,7.40,6.94,7.19,44411
IO,20101201,7.40,7.67,7.31,7.66,33210
IO,20101202,7.66,7.75,7.40,7.56,19770
IO,20101203,7.50,7.80,7.47,7.65,21909
IO,20101206,7.68,8.15,7.60,8.08,23990
IO,20101207,8.26,8.35,8.01,8.08,25059
IO,20101208,8.09,8.17,7.96,8.07,11995
IO,20101209,8.15,8.23,8.00,8.23,10561
IO,20101210,8.17,8.25,8.06,8.23,7547
IO,20101213,8.25,8.47,8.17,8.27,12034
IO,20101214,8.35,8.45,7.94,7.96,18315
IO,20101215,7.96,8.17,7.87,7.88,13204
IO,20101216,7.96,8.14,7.70,8.14,10488
IO,20101217,8.13,8.17,7.84,8.01,18026
IO,20101220,8.08,8.22,7.99,8.06,13021
IO,20101221,8.09,8.52,8.09,8.52,19045
IO,20101222,8.53,8.81,8.40,8.63,19534
IO,20101223,8.62,8.81,8.57,8.71,8144
IO,20101227,8.65,8.76,8.60,8.66,5970
IO,20101228,8.66,8.74,8.56,8.64,8184
IO,20101229,8.70,8.71,8.62,8.64,4430
IO,20101230,8.64,8.70,8.45,8.48,6346
IO,20101231,8.54,8.61,8.39,8.48,6693
IO,20110103,8.64,8.76,8.51,8.62,15644
IO,20110104,8.69,8.71,7.83,8.15,21643
IO,20110105,8.11,8.35,7.88,8.27,24101
IO,20110106,8.30,8.32,7.84,7.96,12704
IO,20110107,7.98,8.10,7.86,7.94,13006
