ISIS,20090115,13.84,14.19,13.32,14.09,5047
ISIS,20090116,14.16,14.29,13.48,13.99,6170
ISIS,20090120,13.85,13.96,12.51,12.57,9980
ISIS,20090121,12.68,13.67,12.68,13.61,8825
ISIS,20090122,13.30,13.61,12.70,13.23,7529
ISIS,20090123,12.97,13.55,12.86,13.30,7069
ISIS,20090126,13.28,14.00,13.20,13.66,5572
ISIS,20090127,13.66,14.20,13.63,14.15,8181
ISIS,20090128,14.20,14.83,14.18,14.60,7915
ISIS,20090129,14.43,14.52,13.76,13.83,8277
ISIS,20090130,13.98,14.48,13.97,14.13,8181
ISIS,20090202,13.94,14.48,13.89,14.22,7802
ISIS,20090203,14.25,14.89,14.02,14.80,6850
ISIS,20090204,14.85,15.23,14.60,14.82,8130
ISIS,20090205,14.69,15.20,14.61,15.08,5789
ISIS,20090206,15.02,15.67,15.00,15.31,7331
ISIS,20090209,15.29,15.31,14.88,15.15,4808
ISIS,20090210,15.08,15.30,14.39,14.50,7566
ISIS,20090211,14.61,15.10,14.61,14.94,5376
ISIS,20090212,14.81,15.16,14.66,15.10,5761
ISIS,20090213,15.16,15.17,14.60,14.65,4003
ISIS,20090217,14.10,14.45,14.00,14.25,7318
ISIS,20090218,14.27,14.27,13.77,13.87,6102
ISIS,20090219,14.00,14.19,13.65,13.68,3870
ISIS,20090220,13.45,13.63,13.18,13.24,8369
ISIS,20090223,13.32,13.62,12.99,13.02,6319
ISIS,20090224,13.13,13.67,12.81,13.59,7281
ISIS,20090225,13.54,14.65,13.33,14.31,17159
ISIS,20090226,14.36,14.52,13.62,13.69,7449
ISIS,20090227,13.51,13.51,12.85,12.86,8555
ISIS,20090302,12.69,12.75,11.92,12.04,9906
ISIS,20090303,12.05,12.56,12.02,12.14,8865
ISIS,20090304,12.29,12.65,12.00,12.47,8060
ISIS,20090305,12.24,12.49,11.65,11.70,9072
ISIS,20090306,11.78,12.21,11.72,12.13,8390
ISIS,20090309,11.99,12.61,11.93,12.38,8223
ISIS,20090310,12.95,13.16,12.45,13.16,11697
ISIS,20090311,12.93,13.19,12.36,12.37,8979
ISIS,20090312,12.36,13.33,12.21,13.18,13830
ISIS,20090313,13.21,13.95,13.21,13.81,5877
ISIS,20090316,13.96,14.10,13.53,13.57,5470
ISIS,20090317,13.58,13.77,13.35,13.48,10722
ISIS,20090318,13.47,14.29,13.25,13.89,8616
ISIS,20090319,14.01,14.01,13.41,13.57,4555
ISIS,20090320,13.83,14.17,13.44,13.49,14665
ISIS,20090323,13.84,14.29,13.62,14.29,7456
ISIS,20090324,14.18,14.26,13.89,13.89,4531
ISIS,20090325,14.12,14.78,13.92,14.56,7322
ISIS,20090326,14.60,15.12,14.45,15.12,14293
ISIS,20090327,14.93,15.29,14.91,15.12,8803
ISIS,20090330,14.70,14.97,14.44,14.82,5750
ISIS,20090331,14.93,15.24,14.67,15.01,10153
ISIS,20090401,14.81,14.81,14.22,14.68,6696
ISIS,20090402,15.00,15.44,14.80,15.30,11411
ISIS,20090403,15.22,15.27,14.75,14.98,5563
ISIS,20090406,14.86,15.04,14.54,14.70,4797
ISIS,20090407,14.54,14.65,14.33,14.34,4931
ISIS,20090408,14.43,14.87,14.42,14.84,4167
ISIS,20090409,15.05,15.28,14.77,15.18,6199
ISIS,20090413,14.98,15.35,14.90,15.26,4767
ISIS,20090414,15.11,15.42,14.52,14.67,6124
ISIS,20090415,14.54,15.06,14.52,14.96,7184
ISIS,20090416,15.09,15.46,14.78,15.28,7464
ISIS,20090417,15.32,15.49,14.79,15.32,5670
ISIS,20090420,14.99,15.39,14.99,15.32,6764
ISIS,20090421,15.27,15.90,15.16,15.72,10292
ISIS,20090422,15.59,16.05,15.47,15.50,10531
ISIS,20090423,15.52,15.81,15.37,15.64,7277
ISIS,20090424,15.76,16.13,15.61,15.92,7892
ISIS,20090427,15.66,17.70,15.52,15.65,8781
ISIS,20090428,15.51,16.01,15.50,15.72,5944
ISIS,20090429,15.79,16.20,15.65,16.10,7532
ISIS,20090430,16.29,16.29,15.65,15.68,8241
ISIS,20090501,15.72,16.21,15.15,15.39,4990
ISIS,20090504,15.57,15.76,15.30,15.72,5422
ISIS,20090505,15.73,15.98,15.47,15.93,5448
ISIS,20090506,16.03,16.15,15.03,15.24,12704
ISIS,20090507,15.45,15.69,14.93,15.07,7643
ISIS,20090508,15.31,15.53,15.09,15.50,7962
ISIS,20090511,15.23,15.99,15.17,15.86,7207
ISIS,20090512,16.00,16.09,15.67,15.84,7020
ISIS,20090513,15.67,15.82,15.28,15.31,6189
ISIS,20090514,15.42,15.69,15.19,15.22,3943
ISIS,20090515,15.19,15.30,14.89,14.91,6202
ISIS,20090518,15.14,15.49,15.03,15.39,4434
ISIS,20090519,15.25,15.60,15.04,15.48,5745
ISIS,20090520,13.70,14.90,13.51,13.88,36095
ISIS,20090521,13.56,13.57,13.24,13.50,13279
ISIS,20090522,13.62,13.67,13.13,13.13,7212
ISIS,20090526,13.50,13.80,13.38,13.66,8748
ISIS,20090527,13.63,13.90,13.56,13.59,6544
ISIS,20090528,13.57,13.80,13.37,13.63,5895
ISIS,20090529,13.56,13.80,13.35,13.80,9141
ISIS,20090601,14.01,14.50,13.96,14.28,10388
ISIS,20090602,14.17,14.98,14.17,14.89,15938
ISIS,20090603,14.70,15.39,14.70,15.15,7796
ISIS,20090604,15.19,15.37,14.95,15.33,7040
ISIS,20090605,15.44,15.50,15.02,15.13,6802
ISIS,20090608,15.09,15.31,14.99,15.07,5365
ISIS,20090609,15.50,15.55,15.30,15.40,6568
ISIS,20090610,15.55,15.55,14.98,15.27,7151
ISIS,20090611,15.35,15.71,15.27,15.41,5007
ISIS,20090612,15.24,15.41,15.10,15.28,5312
ISIS,20090615,15.03,15.35,14.23,14.35,11923
ISIS,20090616,14.48,14.67,14.33,14.65,10305
ISIS,20090617,14.61,15.42,14.61,15.30,12210
ISIS,20090618,15.33,15.48,15.22,15.39,5551
ISIS,20090619,15.64,15.84,15.43,15.51,21327
ISIS,20090622,15.45,15.45,15.00,15.07,5623
ISIS,20090623,15.13,15.19,14.91,15.02,5100
ISIS,20090624,15.19,15.54,15.03,15.39,5639
ISIS,20090625,15.23,16.08,15.01,16.08,7618
ISIS,20090626,15.91,16.62,15.90,16.59,16258
ISIS,20090629,16.51,16.68,16.03,16.64,6777
ISIS,20090630,16.60,16.73,16.31,16.50,6730
ISIS,20090701,16.57,16.57,16.22,16.32,8459
ISIS,20090702,16.05,16.19,15.67,15.83,5288
ISIS,20090706,15.69,15.88,15.48,15.86,4079
ISIS,20090707,15.91,16.00,15.36,15.44,4805
ISIS,20090708,15.54,15.70,15.08,15.25,7366
ISIS,20090709,15.30,15.37,14.97,15.26,5765
ISIS,20090710,15.13,15.32,14.86,15.05,4595
ISIS,20090713,15.07,15.37,14.65,15.37,4614
ISIS,20090714,15.34,15.45,15.18,15.35,3415
ISIS,20090715,15.50,15.91,15.40,15.71,5704
ISIS,20090716,15.58,15.73,15.26,15.70,4325
ISIS,20090717,15.74,16.09,15.61,16.08,6453
ISIS,20090720,16.21,16.43,16.04,16.39,4959
ISIS,20090721,16.50,16.50,16.05,16.39,5863
ISIS,20090722,16.27,16.71,16.15,16.48,7633
ISIS,20090723,16.50,17.32,16.49,17.30,12602
ISIS,20090724,17.12,17.61,16.99,17.61,4931
ISIS,20090727,17.60,17.69,17.36,17.45,6863
ISIS,20090728,17.28,17.94,17.08,17.92,5725
ISIS,20090729,17.87,18.24,17.87,18.03,5604
ISIS,20090730,18.25,18.60,18.07,18.38,6543
ISIS,20090731,18.28,18.56,18.20,18.28,4891
ISIS,20090803,18.32,18.46,18.00,18.45,6066
ISIS,20090804,18.27,18.81,17.99,18.70,7621
ISIS,20090805,18.68,18.68,18.27,18.41,6597
ISIS,20090806,18.50,18.50,16.89,17.05,14545
ISIS,20090807,17.20,17.20,16.31,16.50,12307
ISIS,20090810,16.33,16.66,16.28,16.48,6354
ISIS,20090811,16.48,16.57,15.83,15.87,11339
ISIS,20090812,15.98,16.05,15.62,15.78,11643
ISIS,20090813,15.91,16.25,15.79,16.03,8045
ISIS,20090814,16.05,16.13,15.40,15.68,8459
ISIS,20090817,15.37,15.47,15.27,15.32,6955
ISIS,20090818,15.35,15.63,15.24,15.29,8431
ISIS,20090819,15.10,15.57,15.08,15.52,5246
ISIS,20090820,15.44,15.63,15.38,15.52,4508
ISIS,20090821,15.74,15.98,15.54,15.92,6725
ISIS,20090824,15.91,16.17,15.85,16.00,4831
ISIS,20090825,16.03,16.21,15.86,16.00,8658
ISIS,20090826,16.00,16.37,16.00,16.27,8166
ISIS,20090827,16.27,16.48,16.04,16.47,8146
ISIS,20090828,16.65,16.65,16.11,16.15,4556
ISIS,20090831,16.01,16.35,15.96,16.14,7176
ISIS,20090901,16.05,16.53,15.60,15.69,8320
ISIS,20090902,15.60,15.73,15.50,15.53,4153
ISIS,20090903,15.55,15.73,15.04,15.24,6462
ISIS,20090904,15.25,15.52,15.03,15.48,4770
ISIS,20090908,15.55,15.60,15.19,15.43,4761
ISIS,20090909,15.38,15.67,15.27,15.53,5473
ISIS,20090910,15.61,15.76,15.50,15.66,5455
ISIS,20090911,15.84,15.84,15.30,15.49,5750
ISIS,20090914,15.34,15.67,15.33,15.66,8523
ISIS,20090915,15.70,15.81,15.40,15.52,4537
ISIS,20090916,15.52,15.52,15.03,15.12,13225
ISIS,20090917,15.15,15.37,15.12,15.23,6388
ISIS,20090918,15.25,15.41,14.80,15.24,11646
ISIS,20090921,15.06,15.36,15.06,15.20,4863
ISIS,20090922,15.23,15.35,14.91,15.09,8992
ISIS,20090923,15.16,15.46,15.09,15.18,8100
ISIS,20090924,15.19,15.38,14.82,14.84,7247
ISIS,20090925,14.87,15.03,14.52,14.56,7584
ISIS,20090928,14.60,15.11,14.56,15.05,6171
ISIS,20090929,15.07,15.14,14.79,14.83,5787
ISIS,20090930,14.90,14.98,14.46,14.57,6434
ISIS,20091001,14.55,14.59,14.01,14.02,8435
ISIS,20091002,14.00,14.15,13.87,13.88,8090
ISIS,20091005,13.90,14.04,13.75,13.76,9587
ISIS,20091006,13.81,14.17,13.76,14.16,10402
ISIS,20091007,14.15,14.15,13.75,13.88,10763
ISIS,20091008,14.04,14.05,13.79,13.82,8502
ISIS,20091009,13.77,14.03,13.77,14.02,3707
ISIS,20091012,14.10,14.10,13.85,13.86,3737
ISIS,20091013,13.86,14.02,13.52,13.55,11178
ISIS,20091014,13.72,13.94,13.64,13.94,9745
ISIS,20091015,13.81,14.00,13.77,13.86,13134
ISIS,20091016,13.75,14.02,13.62,13.96,10851
ISIS,20091019,14.05,14.09,13.77,13.98,8019
ISIS,20091020,13.97,14.00,13.64,13.66,10741
ISIS,20091021,13.65,13.82,13.24,13.27,15857
ISIS,20091022,13.70,13.84,13.46,13.80,14939
ISIS,20091023,13.88,13.90,13.64,13.85,15248
ISIS,20091026,13.82,13.93,13.14,13.16,12379
ISIS,20091027,13.25,13.36,12.80,12.82,13954
ISIS,20091028,12.80,12.91,12.25,12.31,18356
ISIS,20091029,12.46,12.65,12.40,12.52,9414
ISIS,20091030,12.50,12.81,12.41,12.67,15544
ISIS,20091102,12.78,12.89,12.29,12.38,15059
ISIS,20091103,12.29,12.68,12.25,12.66,7971
ISIS,20091104,12.66,12.78,12.53,12.56,11280
ISIS,20091105,13.05,13.83,12.73,13.55,16172
ISIS,20091106,13.42,13.74,13.29,13.46,11500
ISIS,20091109,13.50,13.69,13.44,13.58,9432
ISIS,20091110,13.50,13.77,13.45,13.48,7241
ISIS,20091111,13.63,13.83,13.39,13.56,10376
ISIS,20091112,13.58,13.67,13.37,13.40,6961
ISIS,20091113,13.40,13.49,12.99,13.11,12661
ISIS,20091116,13.01,13.45,13.01,13.40,17029
ISIS,20091117,13.40,13.78,10.73,11.12,132402
ISIS,20091118,11.44,11.63,11.11,11.20,41653
ISIS,20091119,11.20,11.30,10.92,11.03,20874
ISIS,20091120,10.95,11.24,10.90,11.23,14352
ISIS,20091123,11.40,11.47,11.06,11.15,14161
ISIS,20091124,11.14,11.24,11.01,11.14,7673
ISIS,20091125,11.15,11.23,11.10,11.19,6366
ISIS,20091127,10.95,11.17,10.95,11.00,3939
ISIS,20091130,10.95,10.96,10.65,10.71,19459
ISIS,20091201,10.75,10.93,10.57,10.58,21411
ISIS,20091202,10.58,10.68,10.52,10.64,11139
ISIS,20091203,10.71,10.81,10.60,10.61,8592
ISIS,20091204,10.88,10.88,10.39,10.53,17687
ISIS,20091207,10.53,10.64,10.39,10.54,9062
ISIS,20091208,10.44,10.67,10.33,10.53,22773
ISIS,20091209,10.50,10.58,10.13,10.22,16077
ISIS,20091210,10.25,10.34,10.06,10.15,12468
ISIS,20091211,10.17,10.22,9.88,9.98,19498
ISIS,20091214,10.00,10.10,9.77,9.98,13424
ISIS,20091215,9.98,10.10,9.84,10.00,12498
ISIS,20091216,10.07,10.19,10.01,10.19,13644
ISIS,20091217,10.16,10.20,9.88,9.95,11354
ISIS,20091218,10.22,10.22,9.86,9.94,25205
ISIS,20091221,10.05,10.07,9.92,10.04,12252
ISIS,20091222,10.04,10.47,10.03,10.44,12257
ISIS,20091223,10.50,11.21,10.45,11.17,28895
ISIS,20091224,11.25,11.34,11.08,11.19,5791
ISIS,20091228,11.26,11.35,11.10,11.16,5791
ISIS,20091229,11.15,11.19,11.02,11.12,5624
ISIS,20091230,11.11,11.26,11.04,11.26,8343
ISIS,20091231,11.22,11.28,11.10,11.11,6994
ISIS,20100104,11.24,11.40,11.10,11.27,10670
ISIS,20100105,11.45,11.55,11.19,11.54,13386
ISIS,20100106,11.57,11.70,11.45,11.50,8267
ISIS,20100107,11.53,11.63,11.23,11.41,12471
ISIS,20100108,11.36,11.50,11.27,11.50,5855
ISIS,20100111,11.62,11.72,11.52,11.63,6762
ISIS,20100112,11.51,11.62,11.23,11.29,9133
ISIS,20100113,11.35,11.48,11.32,11.45,7543
ISIS,20100114,11.49,11.70,11.42,11.65,9073
ISIS,20100115,11.68,11.68,11.21,11.29,9669
ISIS,20100119,11.27,11.44,11.25,11.38,7685
ISIS,20100120,11.27,11.33,10.97,11.27,13519
ISIS,20100121,11.32,11.34,10.80,11.09,15118
ISIS,20100122,11.12,11.24,11.00,11.15,16743
ISIS,20100125,11.26,11.26,10.85,10.98,10432
ISIS,20100126,10.90,10.93,10.71,10.71,8616
ISIS,20100127,10.68,11.63,10.60,11.57,23997
ISIS,20100128,11.55,11.55,11.20,11.27,18215
ISIS,20100129,11.34,11.41,11.16,11.16,9752
ISIS,20100201,11.17,11.45,11.07,11.37,7041
ISIS,20100202,11.41,11.80,11.20,11.76,11370
ISIS,20100203,11.70,11.82,11.48,11.74,9689
ISIS,20100204,11.71,11.73,11.12,11.12,10118
ISIS,20100205,11.19,11.26,10.76,11.04,10180
ISIS,20100208,11.09,11.24,10.92,11.00,4667
ISIS,20100209,11.16,11.24,10.97,11.04,6322
ISIS,20100210,9.03,9.50,8.85,8.98,173938
ISIS,20100211,9.06,9.14,8.59,8.66,64867
ISIS,20100212,8.66,9.05,8.65,9.01,32971
ISIS,20100216,9.03,9.38,9.01,9.32,25390
ISIS,20100217,9.37,9.42,9.26,9.29,16361
ISIS,20100218,9.32,9.37,9.00,9.06,16532
ISIS,20100219,9.07,9.10,8.95,8.97,16269
ISIS,20100222,8.99,9.03,8.80,9.03,13122
ISIS,20100223,9.04,9.06,8.90,8.90,12234
ISIS,20100224,8.91,8.94,8.76,8.83,12643
ISIS,20100225,8.76,8.95,8.73,8.92,16039
ISIS,20100226,8.96,8.97,8.76,8.84,13355
ISIS,20100301,8.84,9.14,8.83,9.09,20307
ISIS,20100302,9.19,9.19,8.86,8.91,23545
ISIS,20100303,8.91,8.94,8.81,8.84,14792
ISIS,20100304,8.88,9.00,8.76,8.78,11523
ISIS,20100305,8.87,8.97,8.81,8.90,14979
ISIS,20100308,9.01,9.01,8.86,8.91,12290
ISIS,20100309,8.91,9.14,8.88,9.12,18853
ISIS,20100310,9.19,10.06,9.19,10.05,62076
ISIS,20100311,9.98,10.08,9.72,9.98,25194
ISIS,20100312,10.05,10.09,9.66,9.69,18055
ISIS,20100315,10.15,10.15,9.79,9.87,18657
ISIS,20100316,9.94,9.94,9.64,9.80,15846
ISIS,20100317,9.79,9.95,9.77,9.80,9994
ISIS,20100318,9.76,9.83,9.70,9.71,7927
ISIS,20100319,9.78,9.95,9.70,9.94,25014
ISIS,20100322,9.86,10.24,9.76,10.18,13800
ISIS,20100323,10.23,10.66,10.14,10.65,23118
ISIS,20100324,10.65,11.25,10.65,10.80,36292
ISIS,20100325,10.81,11.10,10.60,10.61,16870
ISIS,20100326,10.67,10.72,10.26,10.36,19629
ISIS,20100329,10.42,10.46,10.24,10.31,9740
ISIS,20100330,10.35,10.50,10.21,10.30,9006
ISIS,20100331,10.94,11.43,10.85,10.93,69972
ISIS,20100401,11.07,11.27,10.83,10.85,18034
ISIS,20100405,11.00,11.18,10.90,11.13,10625
ISIS,20100406,11.13,11.17,10.92,11.00,14053
ISIS,20100407,11.03,11.10,10.70,10.79,16056
ISIS,20100408,10.75,10.96,10.70,10.81,8479
ISIS,20100409,10.84,10.97,10.70,10.82,10156
ISIS,20100412,10.90,10.91,10.70,10.73,15331
ISIS,20100413,10.74,10.78,10.65,10.70,8710
ISIS,20100414,10.75,10.96,10.75,10.94,8265
ISIS,20100415,10.92,11.00,10.76,10.80,7289
ISIS,20100416,10.80,10.92,10.62,10.79,12945
ISIS,20100419,10.73,10.83,10.50,10.60,8955
ISIS,20100420,10.66,10.87,10.53,10.80,8617
ISIS,20100421,10.84,10.90,10.66,10.70,8938
ISIS,20100422,10.66,10.76,10.51,10.70,9767
ISIS,20100423,10.67,10.88,10.66,10.70,5929
ISIS,20100426,10.70,10.81,10.60,10.65,6784
ISIS,20100427,10.62,10.79,10.50,10.51,7105
ISIS,20100428,10.71,10.71,10.50,10.65,7102
ISIS,20100429,10.75,11.08,10.62,11.02,10403
ISIS,20100430,11.05,11.24,10.75,10.76,8861
ISIS,20100503,10.75,10.97,10.69,10.88,7686
ISIS,20100504,10.75,10.78,10.38,10.47,14068
ISIS,20100505,10.31,10.41,9.87,9.95,16376
ISIS,20100506,9.99,10.12,9.00,9.58,30355
ISIS,20100507,9.59,9.88,8.96,9.38,23715
ISIS,20100510,9.64,10.15,9.52,9.69,14190
ISIS,20100511,9.71,10.14,9.50,9.84,11924
ISIS,20100512,9.89,10.08,9.83,10.01,11841
ISIS,20100513,9.97,10.15,9.97,10.09,8869
ISIS,20100514,10.02,10.04,9.66,9.76,11433
ISIS,20100517,9.78,9.90,9.50,9.69,12311
ISIS,20100518,9.80,9.92,9.60,9.67,11289
ISIS,20100519,9.67,9.67,9.16,9.32,13772
ISIS,20100520,9.11,9.20,8.75,8.84,25112
ISIS,20100521,8.73,9.12,8.56,8.88,14987
ISIS,20100524,8.90,9.11,8.84,8.88,11092
ISIS,20100525,8.66,8.90,8.46,8.87,13932
ISIS,20100526,8.92,9.10,8.86,8.94,13648
ISIS,20100527,9.10,9.29,8.96,9.29,12365
ISIS,20100528,9.24,9.42,9.07,9.20,11370
ISIS,20100601,9.08,9.42,9.02,9.07,12817
ISIS,20100602,9.25,10.24,9.17,10.24,24279
ISIS,20100603,10.08,10.36,9.90,10.07,14410
ISIS,20100604,9.86,10.00,9.70,9.76,13939
ISIS,20100607,9.77,9.88,9.30,9.32,12234
ISIS,20100608,9.34,9.40,8.90,9.05,19135
ISIS,20100609,9.15,9.24,8.78,8.84,11288
ISIS,20100610,8.88,9.21,8.88,9.21,14112
ISIS,20100611,9.12,9.41,9.10,9.32,8210
ISIS,20100614,9.43,9.62,9.33,9.44,7041
ISIS,20100615,9.55,9.72,9.46,9.71,6501
ISIS,20100616,9.56,9.73,9.42,9.59,5532
ISIS,20100617,9.62,9.62,9.30,9.35,6083
ISIS,20100618,9.37,9.49,9.16,9.36,20992
ISIS,20100621,9.48,9.56,9.13,9.14,8033
ISIS,20100622,9.28,9.46,9.16,9.19,10109
ISIS,20100623,9.22,9.32,9.09,9.21,6033
ISIS,20100624,9.21,9.49,9.13,9.40,7126
ISIS,20100625,9.45,9.93,9.31,9.84,12607
ISIS,20100628,9.98,10.14,9.86,10.00,14627
ISIS,20100629,9.84,9.95,9.59,9.67,17010
ISIS,20100630,9.62,9.78,9.51,9.57,12775
ISIS,20100701,9.47,9.57,9.08,9.22,18706
ISIS,20100702,9.28,9.52,9.16,9.17,6508
ISIS,20100706,9.33,9.44,9.03,9.10,12066
ISIS,20100707,9.11,9.31,9.03,9.30,6990
ISIS,20100708,9.32,9.41,9.19,9.34,6266
ISIS,20100709,9.42,9.63,9.33,9.62,6251
ISIS,20100712,9.60,9.79,9.42,9.47,5963
ISIS,20100713,9.54,9.77,9.54,9.74,7058
ISIS,20100714,9.69,9.77,9.59,9.70,5130
ISIS,20100715,9.67,9.74,9.40,9.51,5843
ISIS,20100716,9.43,9.51,9.07,9.09,10088
ISIS,20100719,9.13,9.29,9.00,9.22,7099
ISIS,20100720,9.10,9.38,9.06,9.35,6122
ISIS,20100721,9.45,9.45,9.13,9.24,10512
ISIS,20100722,9.38,9.52,9.33,9.47,5882
ISIS,20100723,9.39,9.71,9.23,9.68,8305
ISIS,20100726,9.74,10.19,9.71,10.07,11604
ISIS,20100727,10.14,10.18,9.86,10.00,6273
ISIS,20100728,9.95,10.02,9.68,9.69,4266
ISIS,20100729,9.81,9.89,9.54,9.79,6154
ISIS,20100730,9.64,10.03,9.60,9.89,5784
ISIS,20100802,10.04,10.08,9.89,9.99,5726
ISIS,20100803,9.98,10.11,9.83,9.99,8225
ISIS,20100804,9.20,9.68,9.13,9.43,36537
ISIS,20100805,9.31,9.35,8.96,9.00,27618
ISIS,20100806,8.93,9.12,8.89,9.10,8174
ISIS,20100809,9.12,9.19,8.78,8.87,14616
ISIS,20100810,8.79,8.90,8.65,8.75,11074
ISIS,20100811,8.64,8.71,8.42,8.45,12448
ISIS,20100812,8.43,8.57,8.41,8.55,11248
ISIS,20100813,8.51,8.57,8.38,8.38,7690
ISIS,20100816,8.34,8.43,8.14,8.29,10206
ISIS,20100817,8.31,8.43,8.29,8.36,6179
ISIS,20100818,8.33,8.42,8.25,8.30,6818
ISIS,20100819,8.30,8.30,7.98,7.99,11211
ISIS,20100820,8.08,8.10,7.90,7.95,9382
ISIS,20100823,7.98,8.00,7.76,7.78,7742
ISIS,20100824,7.70,7.81,7.59,7.78,11447
ISIS,20100825,7.74,8.20,7.67,8.20,10053
ISIS,20100826,8.14,8.21,7.83,7.83,11947
ISIS,20100827,7.94,8.00,7.78,7.96,6612
ISIS,20100830,7.95,8.04,7.85,7.85,6304
ISIS,20100831,7.82,7.99,7.78,7.81,8689
ISIS,20100901,8.00,8.09,7.88,8.00,10939
ISIS,20100902,8.04,8.14,7.97,8.12,7620
ISIS,20100903,8.20,8.23,8.05,8.20,5984
ISIS,20100907,8.12,8.19,7.92,7.95,6295
ISIS,20100908,7.96,8.16,7.91,8.12,6649
ISIS,20100909,8.20,8.30,8.06,8.09,3659
ISIS,20100910,8.06,8.21,8.01,8.16,4216
ISIS,20100913,8.21,8.42,8.15,8.36,7845
ISIS,20100914,8.34,8.41,8.21,8.23,4698
ISIS,20100915,8.22,8.30,8.13,8.25,4927
ISIS,20100916,8.26,8.32,8.17,8.28,5151
ISIS,20100917,8.33,8.44,8.26,8.26,18880
ISIS,20100920,8.26,8.67,8.21,8.65,7861
ISIS,20100921,8.68,8.92,8.53,8.81,9192
ISIS,20100922,8.80,8.88,8.51,8.57,5833
ISIS,20100923,8.50,8.75,8.49,8.49,4096
ISIS,20100924,8.66,8.67,8.54,8.65,5594
ISIS,20100927,8.68,8.68,8.32,8.36,6057
ISIS,20100928,8.39,8.42,8.20,8.32,8051
ISIS,20100929,8.24,8.29,8.08,8.18,12719
ISIS,20100930,8.23,8.43,8.05,8.40,13803
ISIS,20101001,8.35,8.42,8.19,8.27,6015
ISIS,20101004,8.24,8.29,7.86,8.05,14470
ISIS,20101005,8.12,8.22,8.08,8.14,8846
ISIS,20101006,8.16,8.31,8.16,8.29,6635
ISIS,20101007,8.37,8.54,8.31,8.45,7485
ISIS,20101008,8.46,8.67,8.43,8.63,6276
ISIS,20101011,8.56,8.78,8.51,8.56,20735
ISIS,20101012,8.51,8.62,8.43,8.48,7577
ISIS,20101013,8.50,8.56,8.42,8.43,8830
ISIS,20101014,8.48,8.83,8.40,8.82,11846
ISIS,20101015,8.89,9.21,8.86,9.12,15571
ISIS,20101018,9.20,9.48,9.15,9.46,14647
ISIS,20101019,9.40,9.51,9.26,9.38,17420
ISIS,20101020,9.43,9.49,9.34,9.40,13256
ISIS,20101021,9.30,9.42,8.93,9.04,10834
ISIS,20101022,9.15,9.28,9.11,9.22,19736
ISIS,20101025,9.30,9.31,8.98,9.03,14052
ISIS,20101026,8.95,9.06,8.83,8.92,11439
ISIS,20101027,8.99,9.11,8.87,9.07,8760
ISIS,20101028,9.16,9.17,8.92,9.02,4282
ISIS,20101029,9.01,9.18,8.94,9.14,4882
ISIS,20101101,9.16,9.18,8.95,9.01,7286
ISIS,20101102,9.14,9.19,9.03,9.10,10553
ISIS,20101103,9.07,9.19,8.98,9.19,5596
ISIS,20101104,9.29,9.46,9.26,9.46,9690
ISIS,20101105,9.39,9.95,9.39,9.90,16732
ISIS,20101108,9.74,9.92,9.66,9.70,11050
ISIS,20101109,9.72,9.80,9.55,9.70,10533
ISIS,20101110,9.74,9.88,9.69,9.84,10334
ISIS,20101111,9.86,9.90,9.74,9.80,9812
ISIS,20101112,9.85,9.87,9.70,9.78,9170
ISIS,20101115,9.80,10.06,9.73,9.95,8494
ISIS,20101116,9.91,9.95,9.78,9.81,12408
ISIS,20101117,9.84,9.90,9.73,9.80,5678
ISIS,20101118,9.95,10.01,9.68,9.71,7640
ISIS,20101119,9.73,9.79,9.58,9.69,4561
ISIS,20101122,9.70,9.83,9.58,9.60,6304
ISIS,20101123,9.64,9.64,9.31,9.48,9087
ISIS,20101124,9.61,9.75,9.46,9.74,3706
ISIS,20101126,9.67,9.70,9.60,9.66,1063
ISIS,20101129,9.58,9.63,9.50,9.61,5198
ISIS,20101130,9.52,9.56,9.41,9.44,6083
ISIS,20101201,9.58,9.73,9.55,9.64,4830
ISIS,20101202,9.63,9.66,9.52,9.60,4375
ISIS,20101203,9.63,9.67,9.51,9.52,4518
ISIS,20101206,9.55,9.60,9.40,9.51,3667
ISIS,20101207,9.59,9.70,9.55,9.61,6334
ISIS,20101208,9.64,9.68,9.44,9.51,5189
ISIS,20101209,9.48,9.56,9.45,9.49,4060
ISIS,20101210,9.47,9.64,9.43,9.63,4492
ISIS,20101213,9.61,9.69,9.55,9.64,6981
ISIS,20101214,9.68,9.82,9.63,9.81,5926
ISIS,20101215,9.82,9.98,9.82,9.94,5187
ISIS,20101216,9.97,10.39,9.92,10.27,7878
ISIS,20101217,10.26,10.31,10.14,10.26,11333
ISIS,20101220,10.34,10.36,10.20,10.25,3723
ISIS,20101221,10.27,10.37,10.20,10.32,3898
ISIS,20101222,10.31,10.59,10.30,10.51,6466
ISIS,20101223,10.55,10.63,10.35,10.46,3737
ISIS,20101227,10.38,10.53,10.33,10.50,2388
ISIS,20101228,10.54,10.54,10.21,10.33,4280
ISIS,20101229,10.25,10.40,10.24,10.32,5155
ISIS,20101230,10.26,10.35,10.15,10.15,5123
ISIS,20101231,10.10,10.23,10.05,10.12,3402
ISIS,20110103,10.20,10.33,10.04,10.29,4571
ISIS,20110104,10.30,10.35,10.09,10.35,5141
ISIS,20110105,10.36,10.36,10.15,10.35,4794
ISIS,20110106,10.32,10.45,10.15,10.35,5083
ISIS,20110107,10.38,10.43,10.12,10.23,7006
