JBHT,20090115,22.19,23.20,21.90,22.94,31126
JBHT,20090116,22.65,22.88,21.00,21.77,60480
JBHT,20090120,21.60,21.88,20.00,20.03,24725
JBHT,20090121,20.35,20.76,19.88,20.69,31396
JBHT,20090122,19.98,20.95,19.84,20.58,29219
JBHT,20090123,20.13,20.60,19.95,20.27,22778
JBHT,20090126,19.95,20.97,19.95,20.23,23497
JBHT,20090127,20.23,21.36,19.88,21.34,49533
JBHT,20090128,21.34,22.91,21.20,22.68,48191
JBHT,20090129,22.51,23.00,22.13,22.51,35236
JBHT,20090130,22.48,23.44,22.10,22.27,38340
JBHT,20090202,22.81,22.81,21.68,21.97,22946
JBHT,20090203,22.22,23.50,21.95,23.38,29702
JBHT,20090204,22.93,23.94,22.93,23.28,42496
JBHT,20090205,23.05,24.80,22.84,24.41,32424
JBHT,20090206,24.35,25.97,24.35,25.86,36933
JBHT,20090209,25.25,25.96,25.25,25.81,28653
JBHT,20090210,25.75,26.15,24.06,24.39,36059
JBHT,20090211,25.06,25.06,22.73,23.20,40456
JBHT,20090212,23.03,23.08,22.11,23.08,27290
JBHT,20090213,23.01,23.20,22.11,22.34,38853
JBHT,20090217,22.00,22.10,21.15,21.84,33615
JBHT,20090218,21.51,21.89,20.91,21.83,29714
JBHT,20090219,21.15,22.53,21.15,21.52,21734
JBHT,20090220,21.39,21.94,21.21,21.52,27220
JBHT,20090223,21.80,21.91,20.93,21.03,21429
JBHT,20090224,21.23,22.14,20.91,22.03,24066
JBHT,20090225,21.90,21.94,20.90,21.28,37716
JBHT,20090226,21.48,21.60,20.16,20.61,36825
JBHT,20090227,21.05,21.05,19.72,20.38,47583
JBHT,20090302,20.06,20.39,18.83,18.92,39962
JBHT,20090303,19.10,19.50,18.90,19.00,33643
JBHT,20090304,19.13,20.11,19.07,19.94,26518
JBHT,20090305,19.70,19.70,18.84,19.18,26006
JBHT,20090306,19.18,19.69,18.14,18.63,29072
JBHT,20090309,18.47,19.50,18.46,18.59,16682
JBHT,20090310,18.99,19.64,18.85,19.42,29892
JBHT,20090311,19.28,21.05,19.28,20.61,42445
JBHT,20090312,20.44,21.27,19.85,21.19,41606
JBHT,20090313,21.38,22.35,20.83,21.74,31759
JBHT,20090316,21.02,23.08,21.02,22.41,28390
JBHT,20090317,22.60,23.50,22.11,23.30,27381
JBHT,20090318,23.11,23.84,22.38,23.43,24844
JBHT,20090319,23.67,23.95,23.08,23.13,30160
JBHT,20090320,22.76,23.39,21.69,21.94,34369
JBHT,20090323,22.30,23.55,21.98,23.52,37050
JBHT,20090324,22.54,23.70,21.90,23.13,40230
JBHT,20090325,23.25,24.24,22.45,23.29,29689
JBHT,20090326,23.50,25.70,23.26,25.55,44216
JBHT,20090327,25.52,25.60,24.46,24.77,23772
JBHT,20090330,24.01,24.10,22.93,23.79,30654
JBHT,20090331,23.82,24.69,23.13,24.11,35709
JBHT,20090401,23.80,24.38,23.27,23.87,45106
JBHT,20090402,24.64,26.19,24.30,25.89,44589
JBHT,20090403,25.89,26.51,25.55,26.48,23623
JBHT,20090406,26.49,26.49,25.38,25.96,16050
JBHT,20090407,25.56,25.74,24.18,24.62,20616
JBHT,20090408,24.76,25.31,24.45,25.29,23214
JBHT,20090409,25.89,27.16,25.56,26.96,29282
JBHT,20090413,26.50,26.91,25.93,26.69,25257
JBHT,20090414,27.16,28.45,26.13,27.35,57292
JBHT,20090415,26.59,27.46,26.48,27.09,25527
JBHT,20090416,27.35,27.76,26.47,27.69,28277
JBHT,20090417,27.69,27.75,27.03,27.56,20558
JBHT,20090420,27.37,27.37,25.79,26.09,20623
JBHT,20090421,26.18,27.21,25.72,27.13,24067
JBHT,20090422,26.90,28.64,26.60,27.92,28390
JBHT,20090423,27.77,27.93,27.04,27.72,25414
JBHT,20090424,27.83,28.29,27.47,27.99,22250
JBHT,20090427,27.36,27.55,26.75,26.89,20520
JBHT,20090428,26.75,27.27,26.19,26.85,18362
JBHT,20090429,26.98,28.10,26.86,27.60,16327
JBHT,20090430,27.75,28.90,27.65,28.12,19868
JBHT,20090501,27.96,27.96,26.99,27.46,17491
JBHT,20090504,27.42,28.95,27.42,28.87,20741
JBHT,20090505,28.99,28.99,27.57,27.96,18607
JBHT,20090506,28.33,29.29,27.57,29.28,23800
JBHT,20090507,29.40,30.80,28.20,28.48,33208
JBHT,20090508,28.89,29.22,28.13,28.29,16885
JBHT,20090511,27.84,28.14,26.87,27.70,16586
JBHT,20090512,27.45,27.70,26.08,26.97,21432
JBHT,20090513,26.62,26.77,25.26,25.66,20010
JBHT,20090514,25.75,27.05,25.72,26.73,24921
JBHT,20090515,26.52,27.68,26.18,26.90,21660
JBHT,20090518,26.96,27.80,26.87,27.76,15335
JBHT,20090519,27.85,29.03,27.63,28.07,21081
JBHT,20090520,28.08,29.20,27.64,27.78,21181
JBHT,20090521,27.64,27.66,26.46,26.68,19342
JBHT,20090522,26.80,27.11,26.32,26.42,13465
JBHT,20090526,26.10,28.49,25.92,28.49,25311
JBHT,20090527,28.50,29.20,28.19,28.34,25636
JBHT,20090528,28.59,29.18,27.98,29.09,23125
JBHT,20090529,29.19,30.75,29.08,30.75,32769
JBHT,20090601,30.20,32.32,30.12,31.97,41852
JBHT,20090602,31.87,32.06,31.04,31.37,25898
JBHT,20090603,32.12,32.39,31.24,31.71,35861
JBHT,20090604,31.68,32.01,31.33,31.94,21456
JBHT,20090605,32.26,32.31,31.59,31.98,24686
JBHT,20090608,31.91,32.27,31.66,32.07,32374
JBHT,20090609,32.13,33.09,31.84,32.92,26049
JBHT,20090610,33.20,33.20,32.15,32.83,22107
JBHT,20090611,32.77,32.97,32.18,32.52,18219
JBHT,20090612,32.31,32.47,31.39,32.07,17085
JBHT,20090615,31.61,31.98,30.72,31.16,17745
JBHT,20090616,31.42,31.97,30.55,30.76,19705
JBHT,20090617,30.56,31.61,30.01,31.17,23060
JBHT,20090618,31.30,32.00,30.78,31.52,23744
JBHT,20090619,31.75,31.83,31.13,31.41,20807
JBHT,20090622,30.56,30.59,28.86,29.92,19439
JBHT,20090623,30.02,30.50,29.35,29.59,20446
JBHT,20090624,29.75,30.81,29.74,30.08,19846
JBHT,20090625,29.88,31.04,29.72,30.94,15674
JBHT,20090626,30.62,30.93,30.18,30.77,16132
JBHT,20090629,30.88,30.88,29.67,30.44,15795
JBHT,20090630,30.47,30.80,29.96,30.55,17798
JBHT,20090701,30.86,31.42,30.54,30.66,17952
JBHT,20090702,30.44,30.55,29.63,29.68,13932
JBHT,20090706,29.32,29.72,28.84,29.68,17639
JBHT,20090707,29.61,29.61,28.75,28.76,18422
JBHT,20090708,28.99,29.15,28.06,28.71,22135
JBHT,20090709,28.69,28.97,28.19,28.44,14923
JBHT,20090710,28.37,29.09,28.21,29.00,18580
JBHT,20090713,28.96,29.20,27.80,29.08,27455
JBHT,20090714,29.20,29.67,28.88,29.62,23092
JBHT,20090715,27.59,28.24,26.54,26.72,94684
JBHT,20090716,26.67,27.54,26.56,27.43,32800
JBHT,20090717,27.48,27.61,26.96,27.09,18185
JBHT,20090720,27.24,27.29,26.53,26.98,34580
JBHT,20090721,26.98,27.25,26.23,26.71,20316
JBHT,20090722,26.32,27.02,26.30,26.76,33776
JBHT,20090723,26.64,28.44,26.31,28.43,40947
JBHT,20090724,28.27,28.95,28.20,28.70,33574
JBHT,20090727,28.55,28.82,27.98,28.38,18355
JBHT,20090728,28.17,28.57,27.57,27.72,25908
JBHT,20090729,27.28,27.56,26.91,27.39,18123
JBHT,20090730,27.31,28.47,27.31,27.78,18226
JBHT,20090731,27.87,28.17,27.63,27.95,14263
JBHT,20090803,27.60,29.11,27.60,29.01,27994
JBHT,20090804,28.91,29.40,28.49,29.31,20697
JBHT,20090805,29.26,29.26,28.36,28.77,15622
JBHT,20090806,28.90,29.00,28.28,28.53,15298
JBHT,20090807,29.05,30.33,28.91,30.17,22081
JBHT,20090810,29.99,30.36,29.71,30.25,17526
JBHT,20090811,30.06,30.70,29.74,30.48,22910
JBHT,20090812,30.54,31.72,30.31,30.80,31738
JBHT,20090813,30.82,31.12,30.32,30.52,17594
JBHT,20090814,30.42,30.80,29.37,29.55,18729
JBHT,20090817,29.37,29.61,27.95,27.98,31989
JBHT,20090818,28.21,29.07,28.07,28.99,30079
JBHT,20090819,28.71,29.24,28.45,29.21,18353
JBHT,20090820,29.14,29.43,28.80,29.21,14938
JBHT,20090821,29.52,30.11,29.16,30.00,16053
JBHT,20090824,30.01,30.32,29.51,29.63,16787
JBHT,20090825,29.83,30.37,29.69,30.03,13308
JBHT,20090826,30.07,30.07,28.95,28.99,22687
JBHT,20090827,28.89,29.00,28.09,28.72,27365
JBHT,20090828,28.92,29.06,28.06,28.31,17494
JBHT,20090831,28.22,28.37,27.81,28.03,15256
JBHT,20090901,27.96,28.87,27.62,27.81,20883
JBHT,20090902,27.79,28.27,27.43,28.14,15208
JBHT,20090903,28.17,28.86,27.70,28.83,12781
JBHT,20090904,28.75,29.19,28.53,29.06,8898
JBHT,20090908,29.21,29.56,29.03,29.47,14614
JBHT,20090909,29.35,29.99,29.24,29.75,26297
JBHT,20090910,29.85,30.68,29.79,30.65,23463
JBHT,20090911,31.30,32.44,31.28,32.00,36495
JBHT,20090914,31.70,32.28,31.39,32.17,21862
JBHT,20090915,32.17,32.69,31.69,32.06,18939
JBHT,20090916,32.25,32.43,31.63,32.25,19169
JBHT,20090917,32.00,32.71,31.37,32.21,28319
JBHT,20090918,32.53,32.76,32.04,32.33,27903
JBHT,20090921,32.08,32.18,31.46,31.95,23881
JBHT,20090922,32.20,33.08,31.95,32.90,24847
JBHT,20090923,33.15,33.41,32.44,32.62,31496
JBHT,20090924,32.55,32.94,31.70,31.87,28203
JBHT,20090925,32.02,32.16,31.53,31.67,26166
JBHT,20090928,31.90,32.35,31.54,32.15,29212
JBHT,20090929,32.25,32.39,31.63,31.69,25041
JBHT,20090930,31.80,32.54,30.95,32.13,26746
JBHT,20091001,32.23,32.59,31.73,31.80,29708
JBHT,20091002,31.69,32.21,31.41,31.87,26072
JBHT,20091005,31.97,32.50,31.65,32.44,25497
JBHT,20091006,32.74,33.31,32.23,32.65,28256
JBHT,20091007,32.50,32.91,32.20,32.56,19333
JBHT,20091008,32.59,33.69,32.55,33.51,27400
JBHT,20091009,33.54,33.89,33.27,33.78,17673
JBHT,20091012,33.82,34.24,33.50,34.21,16794
JBHT,20091013,34.22,34.36,33.58,33.68,14735
JBHT,20091014,34.00,34.78,33.82,34.65,22357
JBHT,20091015,34.58,34.66,34.00,34.30,20945
JBHT,20091016,34.77,34.77,33.64,33.91,22855
JBHT,20091019,34.14,34.14,33.68,33.93,22512
JBHT,20091020,33.63,34.03,33.20,33.97,27488
JBHT,20091021,33.91,34.12,32.77,32.81,29008
JBHT,20091022,32.81,33.67,32.43,33.46,20914
JBHT,20091023,33.39,33.45,32.54,32.67,18687
JBHT,20091026,32.67,33.20,31.94,32.07,15528
JBHT,20091027,32.17,32.56,31.44,31.64,14356
JBHT,20091028,31.70,31.95,30.72,30.81,17689
JBHT,20091029,31.12,31.28,30.69,31.13,26683
JBHT,20091030,31.00,31.18,30.06,30.06,23260
JBHT,20091102,30.11,30.36,29.73,30.12,25554
JBHT,20091103,30.93,31.92,30.90,31.82,28759
JBHT,20091104,32.54,32.80,31.52,31.52,28133
JBHT,20091105,32.00,32.72,31.74,32.33,36708
JBHT,20091106,32.19,32.30,31.42,31.55,28393
JBHT,20091109,31.84,32.85,31.79,32.65,24448
JBHT,20091110,32.48,32.69,32.15,32.49,12850
JBHT,20091111,32.70,33.35,32.53,33.29,18171
JBHT,20091112,33.15,33.15,31.94,32.02,14029
JBHT,20091113,32.00,32.54,31.76,32.37,12281
JBHT,20091116,32.54,33.57,32.54,33.51,16092
JBHT,20091117,33.33,33.74,33.14,33.52,9007
JBHT,20091118,33.37,33.45,32.90,32.97,13006
JBHT,20091119,32.83,32.87,31.84,32.22,11334
JBHT,20091120,31.87,32.26,31.66,32.01,9244
JBHT,20091123,32.40,32.83,32.27,32.43,15247
JBHT,20091124,32.34,32.51,31.89,32.28,8408
JBHT,20091125,32.32,32.58,32.18,32.47,7274
JBHT,20091127,31.70,32.20,31.40,31.88,3944
JBHT,20091130,31.75,31.90,31.25,31.86,10054
JBHT,20091201,32.07,32.65,32.04,32.41,10747
JBHT,20091202,32.53,33.31,32.52,33.30,15407
JBHT,20091203,33.24,33.70,33.16,33.23,13377
JBHT,20091204,33.72,34.54,33.09,33.80,18465
JBHT,20091207,33.52,33.75,32.76,32.89,13974
JBHT,20091208,32.70,33.38,32.31,33.30,16014
JBHT,20091209,33.29,34.17,32.80,33.98,20415
JBHT,20091210,34.00,34.28,33.41,33.44,10970
JBHT,20091211,33.60,33.91,33.45,33.68,8634
JBHT,20091214,33.94,34.19,33.53,34.14,10290
JBHT,20091215,33.97,34.16,33.59,33.74,8419
JBHT,20091216,33.79,34.20,33.74,33.93,8006
JBHT,20091217,33.61,34.03,32.96,33.68,14559
JBHT,20091218,34.04,34.43,33.11,33.12,18888
JBHT,20091221,33.34,33.80,33.27,33.44,10764
JBHT,20091222,33.43,33.48,33.11,33.25,8065
JBHT,20091223,33.25,33.71,32.99,33.24,12271
JBHT,20091224,33.33,33.55,33.04,33.10,3317
JBHT,20091228,33.30,33.32,32.75,33.08,5119
JBHT,20091229,33.11,33.47,33.11,33.25,8224
JBHT,20091230,33.15,33.37,32.65,33.13,7481
JBHT,20091231,32.87,32.87,32.19,32.27,12138
JBHT,20100104,32.56,33.11,32.24,33.06,18760
JBHT,20100105,33.05,33.15,32.46,33.15,21869
JBHT,20100106,32.97,33.30,32.85,32.95,11472
JBHT,20100107,32.88,33.26,32.62,33.08,12723
JBHT,20100108,33.12,34.14,33.12,34.04,20682
JBHT,20100111,34.04,34.90,33.98,34.54,18971
JBHT,20100112,34.40,34.46,33.51,33.71,13264
JBHT,20100113,34.21,34.21,33.54,33.86,13714
JBHT,20100114,33.67,34.82,33.67,34.70,17234
JBHT,20100115,34.44,34.83,33.69,34.02,12412
JBHT,20100119,34.09,34.29,33.76,33.90,13812
JBHT,20100120,33.69,33.92,32.92,33.82,12004
JBHT,20100121,33.74,34.11,32.69,32.92,16688
JBHT,20100122,32.95,33.08,32.12,32.23,10325
JBHT,20100125,32.36,32.65,32.18,32.40,6876
JBHT,20100126,32.24,32.76,31.98,32.39,6884
JBHT,20100127,32.23,32.99,32.14,32.83,10731
JBHT,20100128,32.82,32.82,30.02,30.96,45410
JBHT,20100129,31.08,31.30,30.48,30.66,22460
JBHT,20100201,30.83,31.09,30.46,30.87,13976
JBHT,20100202,30.86,30.94,30.32,30.66,14136
JBHT,20100203,30.40,31.20,30.20,31.17,11009
JBHT,20100204,30.90,31.10,30.26,30.29,16180
JBHT,20100205,30.41,30.71,29.45,30.49,23182
JBHT,20100208,30.48,30.78,30.01,30.43,8803
JBHT,20100209,30.79,31.10,30.39,30.68,11072
JBHT,20100210,30.49,31.45,30.30,31.45,21938
JBHT,20100211,31.47,31.81,31.17,31.57,27395
JBHT,20100212,31.29,31.69,31.00,31.68,13257
JBHT,20100216,31.88,32.09,31.60,32.09,7084
JBHT,20100217,32.29,32.66,32.26,32.66,15082
JBHT,20100218,32.68,32.68,32.10,32.35,11030
JBHT,20100219,32.20,32.98,32.20,32.95,14129
JBHT,20100222,33.19,33.78,33.15,33.40,16268
JBHT,20100223,33.40,33.74,32.95,33.45,22473
JBHT,20100224,33.68,34.35,33.40,34.21,15790
JBHT,20100225,33.83,34.81,33.44,34.72,20264
JBHT,20100226,34.75,35.50,34.73,35.48,18587
JBHT,20100301,35.46,35.82,34.82,34.93,21637
JBHT,20100302,34.96,35.34,34.88,35.10,17861
JBHT,20100303,34.06,34.85,34.06,34.60,23810
JBHT,20100304,34.52,34.67,33.96,34.30,17609
JBHT,20100305,34.41,35.12,34.38,34.98,10233
JBHT,20100308,35.02,35.55,34.79,35.27,13999
JBHT,20100309,35.21,36.21,35.17,36.15,20954
JBHT,20100310,36.24,36.71,35.63,35.78,19042
JBHT,20100311,35.64,35.82,35.21,35.62,17798
JBHT,20100312,35.63,35.76,35.11,35.41,14077
JBHT,20100315,35.46,35.74,35.25,35.69,8240
JBHT,20100316,35.75,36.55,35.70,36.54,11938
JBHT,20100317,36.57,36.93,35.90,36.02,13887
JBHT,20100318,35.93,36.42,35.73,36.35,13046
JBHT,20100319,36.49,36.72,35.83,35.91,21539
JBHT,20100322,35.85,36.30,35.52,36.26,14780
JBHT,20100323,36.42,36.56,36.02,36.54,12958
JBHT,20100324,36.52,36.69,36.21,36.38,16232
JBHT,20100325,36.78,36.94,35.73,35.76,14085
JBHT,20100326,35.97,36.21,35.35,35.64,15448
JBHT,20100329,35.70,36.09,35.53,35.64,17606
JBHT,20100330,35.82,35.88,35.31,35.69,20662
JBHT,20100331,35.67,36.17,35.48,35.88,14482
JBHT,20100401,36.14,36.53,35.22,35.61,12371
JBHT,20100405,35.75,35.90,35.52,35.67,12220
JBHT,20100406,35.51,35.99,35.43,35.88,12794
JBHT,20100407,35.71,35.90,34.87,35.07,21589
JBHT,20100408,34.87,36.10,34.56,35.98,18111
JBHT,20100409,36.10,36.13,35.76,36.10,8879
JBHT,20100412,36.10,36.22,35.93,36.04,9119
JBHT,20100413,35.93,36.23,35.56,36.23,10620
JBHT,20100414,36.26,37.07,35.98,37.05,18666
JBHT,20100415,38.07,39.65,37.59,37.69,52316
JBHT,20100416,37.71,37.90,36.62,36.95,18626
JBHT,20100419,36.86,37.45,36.71,37.04,17841
JBHT,20100420,37.12,37.36,36.26,36.59,10974
JBHT,20100421,36.48,36.89,36.28,36.67,13019
JBHT,20100422,36.48,36.98,36.07,36.95,11258
JBHT,20100423,37.00,37.51,36.71,37.46,12375
JBHT,20100426,37.24,37.81,37.24,37.39,9126
JBHT,20100427,37.41,37.93,36.61,36.68,11206
JBHT,20100428,36.92,37.27,36.67,36.85,11628
JBHT,20100429,37.15,37.93,37.15,37.66,13371
JBHT,20100430,37.55,37.90,36.78,36.80,11438
JBHT,20100503,37.12,37.72,36.96,37.70,8197
JBHT,20100504,37.23,37.23,35.76,36.20,13437
JBHT,20100505,36.08,36.85,35.87,36.15,15561
JBHT,20100506,35.99,36.32,31.51,34.88,22933
JBHT,20100507,34.64,35.15,33.70,34.04,16033
JBHT,20100510,35.33,35.87,34.51,35.11,15796
JBHT,20100511,35.81,36.72,35.13,36.17,25359
JBHT,20100512,36.21,36.59,35.59,35.60,85471
JBHT,20100513,35.38,35.88,34.81,35.32,60742
JBHT,20100514,35.17,35.46,34.73,35.07,48336
JBHT,20100517,35.21,35.95,34.78,35.81,23801
JBHT,20100518,36.03,36.38,35.27,35.45,24397
JBHT,20100519,35.57,35.84,34.75,35.28,24356
JBHT,20100520,34.58,34.68,33.16,33.19,24817
JBHT,20100521,32.32,34.03,32.05,33.68,37580
JBHT,20100524,33.53,34.42,33.37,33.70,18505
JBHT,20100525,32.96,33.64,32.45,33.53,24327
JBHT,20100526,33.64,34.49,33.64,33.81,28230
JBHT,20100527,34.13,34.81,34.04,34.77,16406
JBHT,20100528,35.17,35.34,34.33,34.53,23005
JBHT,20100601,34.11,34.25,33.46,33.49,19911
JBHT,20100602,33.57,34.35,33.51,34.35,16581
JBHT,20100603,34.26,34.62,34.08,34.50,23614
JBHT,20100604,33.59,33.74,33.15,33.28,24599
JBHT,20100607,33.18,33.32,32.38,32.48,35027
JBHT,20100608,32.61,32.83,31.59,32.48,36083
JBHT,20100609,32.65,33.23,32.08,32.20,17554
JBHT,20100610,33.07,33.69,32.70,33.66,18333
JBHT,20100611,33.49,34.00,33.24,33.74,10948
JBHT,20100614,34.95,35.38,34.54,34.90,31555
JBHT,20100615,35.48,35.88,35.34,35.82,17445
JBHT,20100616,35.61,35.78,35.07,35.22,16435
JBHT,20100617,35.33,35.48,34.57,35.12,13180
JBHT,20100618,35.13,35.47,34.76,35.00,14990
JBHT,20100621,35.36,35.37,34.45,34.56,13485
JBHT,20100622,34.58,34.80,33.02,33.07,33811
JBHT,20100623,33.06,33.77,32.72,33.45,21165
JBHT,20100624,33.22,33.95,33.14,33.42,17268
JBHT,20100625,33.59,33.75,33.22,33.55,10935
JBHT,20100628,33.37,33.95,33.22,33.70,14187
JBHT,20100629,33.14,33.42,32.90,33.08,21589
JBHT,20100630,32.91,33.56,32.66,32.67,12062
JBHT,20100701,32.71,33.17,31.72,33.04,19408
JBHT,20100702,33.08,33.24,32.25,32.71,15430
JBHT,20100706,32.98,33.46,32.03,32.28,18688
JBHT,20100707,32.32,33.55,32.26,33.50,22528
JBHT,20100708,33.65,34.07,33.47,34.03,11980
JBHT,20100709,34.11,34.47,33.88,34.31,9544
JBHT,20100712,34.27,35.04,34.16,34.37,13827
JBHT,20100713,34.77,35.32,34.65,35.17,15126
JBHT,20100714,35.19,35.19,34.50,35.01,13808
JBHT,20100715,35.08,35.34,34.18,34.78,11414
JBHT,20100716,34.78,35.83,34.64,35.10,43409
JBHT,20100719,35.19,35.63,34.84,35.20,13011
JBHT,20100720,34.80,35.41,34.33,35.40,21918
JBHT,20100721,35.08,35.54,34.32,34.50,13490
JBHT,20100722,34.89,35.70,34.87,35.20,13076
JBHT,20100723,35.15,35.73,34.89,35.50,15176
JBHT,20100726,35.58,36.15,35.50,36.12,10862
JBHT,20100727,36.03,36.63,35.66,35.73,13903
JBHT,20100728,35.76,36.03,35.33,35.50,11004
JBHT,20100729,35.77,35.89,35.08,35.57,10787
JBHT,20100730,35.42,35.78,34.93,35.49,9744
JBHT,20100802,36.03,36.35,35.72,36.09,10350
JBHT,20100803,36.21,36.21,34.94,35.53,11356
JBHT,20100804,35.60,36.48,35.55,36.41,15425
JBHT,20100805,36.01,36.34,35.73,35.82,18621
JBHT,20100806,35.42,35.62,34.76,35.22,20207
JBHT,20100809,35.29,35.75,35.24,35.64,9628
JBHT,20100810,35.28,35.37,34.52,35.03,14618
JBHT,20100811,34.49,34.50,33.36,33.62,21325
JBHT,20100812,33.27,33.88,32.64,33.68,23414
JBHT,20100813,33.58,33.73,33.05,33.08,15981
JBHT,20100816,32.83,33.17,32.76,33.06,20396
JBHT,20100817,33.92,34.53,33.61,33.97,21303
JBHT,20100818,33.72,34.60,33.46,34.12,11212
JBHT,20100819,33.99,34.12,33.06,33.66,14515
JBHT,20100820,33.48,33.82,33.02,33.73,14009
JBHT,20100823,33.93,34.33,33.45,33.53,11827
JBHT,20100824,33.19,33.25,32.37,32.68,13005
JBHT,20100825,32.45,32.79,32.05,32.66,13577
JBHT,20100826,32.75,33.31,32.56,32.64,14300
JBHT,20100827,32.97,33.87,32.57,33.62,18435
JBHT,20100830,33.39,33.65,32.79,32.79,6823
JBHT,20100831,32.70,33.03,32.21,32.75,15767
JBHT,20100901,33.25,34.32,32.94,34.25,17550
JBHT,20100902,34.18,34.80,34.10,34.61,19707
JBHT,20100903,35.00,35.30,34.41,34.51,19578
JBHT,20100907,34.52,34.63,33.88,34.22,13396
JBHT,20100908,34.50,35.12,34.29,34.38,25496
JBHT,20100909,34.88,34.89,33.82,34.03,21089
JBHT,20100910,34.03,34.34,33.72,34.02,14948
JBHT,20100913,34.60,35.54,34.55,34.74,23816
JBHT,20100914,34.77,35.00,34.46,34.77,20924
JBHT,20100915,34.51,35.21,34.22,35.19,19294
JBHT,20100916,35.05,35.27,34.64,35.00,25052
JBHT,20100917,35.27,35.34,34.76,35.26,19874
JBHT,20100920,35.38,35.51,35.04,35.33,19368
JBHT,20100921,35.33,35.81,35.21,35.57,17728
JBHT,20100922,35.52,35.85,35.06,35.38,26835
JBHT,20100923,35.00,35.23,34.50,34.66,20870
JBHT,20100924,35.02,36.20,34.98,36.13,23114
JBHT,20100927,35.08,35.81,35.02,35.12,27901
JBHT,20100928,35.25,36.28,34.88,35.39,26342
JBHT,20100929,35.31,35.43,35.02,35.30,16844
JBHT,20100930,35.50,35.72,34.67,34.70,27914
JBHT,20101001,35.04,35.22,34.16,34.54,24746
JBHT,20101004,34.52,34.81,33.89,34.07,11467
JBHT,20101005,34.40,35.47,34.31,34.99,16397
JBHT,20101006,35.08,35.62,34.94,35.58,29447
JBHT,20101007,35.69,35.73,35.17,35.42,26930
JBHT,20101008,35.35,35.85,35.11,35.49,15342
JBHT,20101011,35.54,35.95,35.50,35.78,14986
JBHT,20101012,35.51,35.70,35.20,35.62,20485
JBHT,20101013,35.82,36.42,35.59,35.94,28236
JBHT,20101014,35.80,35.94,35.39,35.51,22020
JBHT,20101015,35.33,36.65,35.23,36.05,34304
JBHT,20101018,35.77,36.24,35.67,36.05,14214
JBHT,20101019,35.85,36.05,35.43,35.81,20881
JBHT,20101020,36.02,36.67,35.75,36.45,14868
JBHT,20101021,36.46,36.48,35.93,36.32,12476
JBHT,20101022,36.12,36.40,36.00,36.14,9478
JBHT,20101025,36.46,36.81,36.38,36.52,9381
JBHT,20101026,36.38,36.97,36.25,36.77,8000
JBHT,20101027,36.44,36.69,35.97,36.32,11465
JBHT,20101028,36.49,36.60,35.73,35.97,11663
JBHT,20101029,35.68,36.18,35.60,35.95,10289
JBHT,20101101,36.11,36.44,35.85,36.12,9043
JBHT,20101102,36.51,36.72,36.16,36.40,4846
JBHT,20101103,36.36,36.69,36.00,36.40,7316
JBHT,20101104,36.83,37.47,36.64,37.26,15858
JBHT,20101105,37.25,37.77,37.06,37.24,10638
JBHT,20101108,37.24,37.78,37.05,37.16,11158
JBHT,20101109,37.19,37.26,36.27,36.36,9173
JBHT,20101110,36.37,37.07,36.30,36.91,10294
JBHT,20101111,36.58,37.19,36.32,37.05,10333
JBHT,20101112,36.75,36.99,36.42,36.70,5739
JBHT,20101115,36.74,37.27,36.57,36.57,7710
JBHT,20101116,36.21,36.49,35.85,35.99,17234
JBHT,20101117,35.97,36.46,35.92,36.29,9610
JBHT,20101118,36.51,37.24,36.41,36.78,8916
JBHT,20101119,36.69,37.40,36.56,37.36,9560
JBHT,20101122,37.08,37.59,36.66,37.13,16938
JBHT,20101123,36.79,36.88,36.50,36.76,13722
JBHT,20101124,37.08,37.45,37.05,37.28,8835
JBHT,20101126,36.98,37.27,36.84,37.00,3328
JBHT,20101129,36.78,36.91,36.41,36.78,10999
JBHT,20101130,36.36,36.68,36.20,36.50,18250
JBHT,20101201,37.11,37.67,37.06,37.58,13316
JBHT,20101202,37.55,38.89,37.51,38.53,16217
JBHT,20101203,38.47,39.23,38.29,39.14,12828
JBHT,20101206,39.08,39.14,38.76,39.05,12076
JBHT,20101207,39.49,40.71,39.37,40.27,25155
JBHT,20101208,40.26,40.52,39.85,40.00,14134
JBHT,20101209,40.33,40.43,40.00,40.40,10922
JBHT,20101210,40.41,40.50,40.04,40.45,11900
JBHT,20101213,40.49,40.72,39.79,39.96,17102
JBHT,20101214,40.11,40.25,39.70,39.82,13109
JBHT,20101215,39.45,39.55,39.05,39.29,18950
JBHT,20101216,39.24,40.10,39.07,40.07,13492
JBHT,20101217,39.99,40.16,39.59,39.60,40460
JBHT,20101220,39.73,39.86,39.43,39.44,12163
JBHT,20101221,39.60,40.47,39.41,40.33,9166
JBHT,20101222,40.33,41.21,40.21,40.79,18841
JBHT,20101223,40.88,41.13,40.61,40.74,11057
JBHT,20101227,40.69,40.79,40.45,40.62,4659
JBHT,20101228,40.56,40.69,40.26,40.48,5437
JBHT,20101229,40.48,40.73,40.33,40.51,4411
JBHT,20101230,40.40,40.90,40.37,40.83,5865
JBHT,20101231,40.81,41.02,40.68,40.81,9363
JBHT,20110103,41.21,42.30,41.17,41.64,16145
JBHT,20110104,41.82,41.82,40.63,41.26,13621
JBHT,20110105,40.80,41.37,40.55,41.31,9930
JBHT,20110106,41.26,41.57,41.05,41.42,7227
JBHT,20110107,41.60,42.05,41.51,41.89,13003
