JNJ,20090115,58.09,58.20,56.01,57.62,203835
JNJ,20090116,58.07,58.07,56.63,57.44,207469
JNJ,20090120,56.51,58.03,56.50,56.75,231543
JNJ,20090121,57.59,57.59,55.09,56.36,223087
JNJ,20090122,56.37,56.97,55.61,56.87,191486
JNJ,20090123,56.15,56.39,55.10,55.97,213339
JNJ,20090126,56.20,56.95,55.80,56.55,165361
JNJ,20090127,56.85,57.74,56.51,57.54,147718
JNJ,20090128,58.23,58.75,57.90,58.56,181457
JNJ,20090129,58.17,58.77,57.65,58.28,161593
JNJ,20090130,58.18,58.39,57.25,57.69,138589
JNJ,20090202,57.25,58.14,56.92,57.69,109341
JNJ,20090203,58.07,58.81,57.23,58.58,131822
JNJ,20090204,58.71,59.13,57.67,57.96,114393
JNJ,20090205,57.93,58.54,56.99,58.11,147812
JNJ,20090206,58.26,58.72,57.80,58.51,114587
JNJ,20090209,58.46,58.70,57.96,58.50,93571
JNJ,20090210,57.98,58.50,56.60,56.73,166120
JNJ,20090211,56.88,57.37,56.53,57.33,146925
JNJ,20090212,56.92,57.85,56.08,57.78,144254
JNJ,20090213,57.71,57.80,56.81,57.10,125639
JNJ,20090217,56.07,56.79,55.73,55.98,152465
JNJ,20090218,55.70,56.26,55.42,55.83,155172
JNJ,20090219,56.26,56.50,55.63,55.93,122005
JNJ,20090220,55.01,55.47,54.55,54.65,244269
JNJ,20090223,54.17,55.09,53.58,53.65,205005
JNJ,20090224,54.60,54.77,53.84,54.54,188489
JNJ,20090225,54.32,54.76,53.59,53.96,210173
JNJ,20090226,54.49,54.49,52.30,52.44,212873
JNJ,20090227,51.59,52.00,49.94,50.00,298802
JNJ,20090302,49.03,49.43,47.84,47.92,279038
JNJ,20090303,47.98,48.53,47.34,47.64,259937
JNJ,20090304,47.78,49.37,47.39,49.10,242540
JNJ,20090305,48.31,48.61,47.41,47.67,223495
JNJ,20090306,47.60,48.59,47.01,47.97,192026
JNJ,20090309,47.46,47.75,46.25,46.60,233054
JNJ,20090310,47.23,47.87,46.93,47.78,218834
JNJ,20090311,48.22,48.73,47.57,47.90,165693
JNJ,20090312,47.72,49.32,47.33,49.00,163371
JNJ,20090313,49.68,50.79,49.25,50.64,165096
JNJ,20090316,51.13,51.51,50.65,50.73,165476
JNJ,20090317,50.70,50.79,49.46,50.72,173480
JNJ,20090318,50.69,51.58,50.25,50.66,167333
JNJ,20090319,51.16,51.16,49.49,50.06,189642
JNJ,20090320,51.09,52.00,50.89,51.67,275929
JNJ,20090323,52.38,53.23,51.67,53.23,188232
JNJ,20090324,52.99,53.60,52.31,52.70,170937
JNJ,20090325,52.98,53.27,52.01,52.86,158220
JNJ,20090326,53.08,53.70,52.25,52.90,145837
JNJ,20090327,52.69,53.29,52.55,52.83,112936
JNJ,20090330,52.54,53.46,52.36,53.01,157435
JNJ,20090331,53.36,53.50,52.41,52.60,185183
JNJ,20090401,52.30,53.20,51.88,53.04,137308
JNJ,20090402,53.29,54.13,52.66,52.97,174190
JNJ,20090403,53.00,53.30,51.75,52.15,152142
JNJ,20090406,52.03,52.54,51.67,52.20,127687
JNJ,20090407,51.89,52.00,51.28,51.36,131311
JNJ,20090408,51.54,51.87,51.20,51.45,109427
JNJ,20090409,51.99,52.06,51.10,51.41,150582
JNJ,20090413,51.27,51.56,51.00,51.15,120672
JNJ,20090414,51.99,52.46,51.21,51.37,207704
JNJ,20090415,51.79,52.08,51.35,51.77,115025
JNJ,20090416,51.91,52.32,51.55,52.20,122163
JNJ,20090417,52.50,53.37,52.25,53.05,176918
JNJ,20090420,53.17,53.49,52.34,52.47,153088
JNJ,20090421,52.55,52.88,52.00,52.46,122366
JNJ,20090422,52.10,52.15,51.11,51.18,133483
JNJ,20090423,51.38,51.51,50.31,51.40,145949
JNJ,20090424,51.76,51.84,50.64,50.92,147673
JNJ,20090427,51.32,51.71,50.63,50.86,130559
JNJ,20090428,50.78,51.28,50.41,50.65,120840
JNJ,20090429,51.05,51.09,50.12,51.03,184967
JNJ,20090430,51.47,52.61,51.35,52.36,200043
JNJ,20090501,52.53,52.59,51.67,52.59,125047
JNJ,20090504,52.61,53.90,52.60,53.76,151152
JNJ,20090505,53.75,54.40,53.45,54.36,133207
JNJ,20090506,54.75,54.75,53.58,54.21,166177
JNJ,20090507,53.88,55.00,53.54,54.89,152430
JNJ,20090508,55.07,55.50,54.70,54.98,130309
JNJ,20090511,54.56,54.87,54.00,54.11,130730
JNJ,20090512,54.48,55.17,53.90,55.00,118259
JNJ,20090513,54.70,55.44,54.51,55.15,109723
JNJ,20090514,55.32,55.40,54.76,55.02,119862
JNJ,20090515,55.00,55.44,54.71,55.41,164303
JNJ,20090518,55.80,56.12,55.22,56.05,128882
JNJ,20090519,56.21,56.21,55.70,55.89,133510
JNJ,20090520,56.22,56.48,55.80,55.87,137297
JNJ,20090521,55.43,55.58,54.45,54.99,125007
JNJ,20090522,55.10,55.44,54.63,54.77,74258
JNJ,20090526,54.69,55.42,54.12,55.26,113899
JNJ,20090527,55.44,55.50,54.16,54.22,124806
JNJ,20090528,54.25,54.92,53.86,54.53,108909
JNJ,20090529,54.59,55.28,54.00,55.16,125051
JNJ,20090601,55.75,56.05,55.27,55.78,124542
JNJ,20090602,56.05,56.48,55.62,56.21,102769
JNJ,20090603,55.88,56.30,55.66,56.16,111912
JNJ,20090604,56.36,56.40,55.47,55.84,122198
JNJ,20090605,55.81,56.20,55.14,55.93,102154
JNJ,20090608,55.72,56.14,55.16,55.63,98912
JNJ,20090609,56.03,56.25,55.65,55.70,111737
JNJ,20090610,56.02,56.25,55.22,55.66,132638
JNJ,20090611,55.65,56.48,55.61,56.05,127783
JNJ,20090612,55.88,56.54,55.72,56.06,118823
JNJ,20090615,55.84,55.98,54.54,54.75,148105
JNJ,20090616,55.01,55.32,54.59,54.62,126066
JNJ,20090617,54.68,55.53,54.55,55.20,130616
JNJ,20090618,55.37,56.17,55.01,55.79,121040
JNJ,20090619,56.30,56.65,55.91,56.09,193349
JNJ,20090622,55.87,55.96,55.39,55.49,132375
JNJ,20090623,55.54,55.59,54.91,55.01,124474
JNJ,20090624,55.26,55.83,55.04,55.46,124677
JNJ,20090625,55.31,56.44,55.12,56.27,142399
JNJ,20090626,56.21,56.60,55.65,56.60,322982
JNJ,20090629,56.61,57.00,56.03,56.96,138110
JNJ,20090630,57.23,57.23,56.23,56.80,159747
JNJ,20090701,56.82,57.18,56.39,57.07,153179
JNJ,20090702,56.73,56.73,55.95,55.98,151199
JNJ,20090706,56.11,56.76,55.71,56.62,128795
JNJ,20090707,56.61,56.71,56.13,56.23,96786
JNJ,20090708,56.45,57.22,56.23,57.08,154141
JNJ,20090709,57.10,57.25,56.29,56.69,113248
JNJ,20090710,56.34,57.38,56.25,56.93,136618
JNJ,20090713,56.91,57.86,56.77,57.72,135648
JNJ,20090714,58.00,58.71,57.44,58.23,204337
JNJ,20090715,58.46,59.00,58.22,58.96,129865
JNJ,20090716,58.94,59.70,58.82,59.25,115960
JNJ,20090717,59.56,59.56,58.74,59.23,113109
JNJ,20090720,59.46,59.46,58.74,59.06,92264
JNJ,20090721,59.33,59.90,58.82,59.49,112225
JNJ,20090722,59.45,59.83,58.95,59.19,93585
JNJ,20090723,59.26,60.35,59.10,60.22,124946
JNJ,20090724,60.26,61.62,60.22,61.51,114132
JNJ,20090727,61.49,61.69,60.62,61.27,79382
JNJ,20090728,61.03,61.57,60.60,60.92,90255
JNJ,20090729,60.74,61.44,60.69,61.16,105229
JNJ,20090730,61.66,62.47,61.52,61.79,126364
JNJ,20090731,61.83,62.17,60.78,60.89,132321
JNJ,20090803,61.16,61.19,60.43,61.10,111788
JNJ,20090804,61.15,61.15,60.67,61.06,89099
JNJ,20090805,61.19,61.23,60.29,60.45,85751
JNJ,20090806,60.67,60.67,59.70,59.93,108354
JNJ,20090807,59.96,60.43,59.85,59.90,99748
JNJ,20090810,60.08,60.72,59.55,60.72,95191
JNJ,20090811,60.68,60.92,60.15,60.22,83021
JNJ,20090812,60.26,61.05,60.03,60.59,82195
JNJ,20090813,60.69,60.69,60.05,60.32,83382
JNJ,20090814,60.42,60.70,59.64,60.08,89610
JNJ,20090817,59.60,60.20,59.59,59.82,129261
JNJ,20090818,59.95,59.95,59.50,59.80,88030
JNJ,20090819,59.77,60.49,59.68,60.37,104988
JNJ,20090820,60.55,61.19,60.18,60.95,99550
JNJ,20090821,61.09,61.42,60.61,61.03,125941
JNJ,20090824,61.18,61.28,60.69,61.28,105007
JNJ,20090825,61.02,61.49,60.85,61.14,108114
JNJ,20090826,61.26,61.35,60.51,60.63,108653
JNJ,20090827,60.57,60.73,59.95,60.49,110316
JNJ,20090828,60.75,60.75,60.06,60.29,108978
JNJ,20090831,60.04,60.59,59.96,60.44,101813
JNJ,20090901,60.35,60.75,59.62,59.94,118908
JNJ,20090902,59.67,60.02,59.47,59.76,81869
JNJ,20090903,59.84,59.84,59.28,59.69,87226
JNJ,20090904,59.72,60.35,59.63,60.32,74252
JNJ,20090908,60.77,60.77,59.99,60.57,87927
JNJ,20090909,60.78,61.13,60.66,60.92,93030
JNJ,20090910,61.04,61.05,60.42,60.66,88252
JNJ,20090911,60.70,60.89,60.23,60.42,84801
JNJ,20090914,60.34,60.73,60.21,60.34,66557
JNJ,20090915,60.53,60.53,59.81,60.15,83212
JNJ,20090916,60.31,60.35,59.74,60.19,108254
JNJ,20090917,60.20,60.90,60.17,60.77,122614
JNJ,20090918,61.04,61.25,60.71,60.78,144635
JNJ,20090921,60.45,60.89,60.42,60.67,72378
JNJ,20090922,60.87,61.17,60.35,61.08,99972
JNJ,20090923,61.16,61.28,60.70,60.77,111754
JNJ,20090924,60.89,61.00,60.59,60.72,92910
JNJ,20090925,60.57,60.96,60.49,60.62,78836
JNJ,20090928,60.70,61.54,60.45,61.27,87210
JNJ,20090929,61.28,61.42,60.88,60.93,75566
JNJ,20090930,61.02,61.09,60.33,60.89,110393
JNJ,20091001,60.93,60.93,59.77,59.81,121239
JNJ,20091002,59.82,60.20,59.42,59.73,91254
JNJ,20091005,59.80,59.93,59.44,59.82,71138
JNJ,20091006,60.08,60.54,59.34,60.29,117660
JNJ,20091007,60.17,60.77,59.96,60.71,72709
JNJ,20091008,61.07,61.28,60.88,60.94,92208
JNJ,20091009,60.81,61.74,60.81,61.74,92478
JNJ,20091012,61.89,62.74,61.87,62.53,126971
JNJ,20091013,60.92,61.40,60.63,61.01,235034
JNJ,20091014,61.21,61.24,60.14,60.55,189517
JNJ,20091015,60.43,60.94,60.29,60.94,140745
JNJ,20091016,60.57,60.71,60.25,60.46,139114
JNJ,20091019,60.61,61.47,60.42,61.16,114432
JNJ,20091020,61.31,61.59,60.51,60.59,157256
JNJ,20091021,60.60,61.08,60.28,60.31,125304
JNJ,20091022,60.15,61.24,60.04,60.94,99304
JNJ,20091023,60.86,61.05,60.12,60.54,107438
JNJ,20091026,60.69,60.93,59.96,60.09,118092
JNJ,20091027,60.30,60.40,59.94,60.02,102695
JNJ,20091028,60.02,60.10,59.50,59.57,138370
JNJ,20091029,59.82,60.02,59.51,59.86,139543
JNJ,20091030,59.71,59.88,58.78,59.05,209670
JNJ,20091102,59.15,59.87,58.91,59.49,122974
JNJ,20091103,60.04,60.04,58.80,58.93,171606
JNJ,20091104,59.13,60.06,58.97,59.52,139287
JNJ,20091105,59.81,60.20,59.68,59.98,91902
JNJ,20091106,59.94,60.34,59.57,60.30,85184
JNJ,20091109,60.42,60.75,60.29,60.75,117738
JNJ,20091110,60.74,61.39,60.60,61.23,117549
JNJ,20091111,60.90,61.07,60.65,60.87,111794
JNJ,20091112,60.64,61.43,60.62,61.15,136832
JNJ,20091113,61.09,61.58,61.04,61.43,99335
JNJ,20091116,61.45,62.35,61.41,62.19,137675
JNJ,20091117,61.96,62.44,61.79,62.17,114262
JNJ,20091118,62.07,62.49,61.95,62.32,115220
JNJ,20091119,62.24,62.49,61.64,62.43,132984
JNJ,20091120,61.82,62.62,61.72,62.31,163001
JNJ,20091123,62.49,63.10,62.42,62.69,138680
JNJ,20091124,62.93,63.40,62.65,63.18,96811
JNJ,20091125,63.38,63.44,62.93,63.30,71867
JNJ,20091127,62.52,63.09,62.01,62.89,60801
JNJ,20091130,62.78,62.98,62.24,62.84,108153
JNJ,20091201,62.95,63.66,62.95,63.51,123022
JNJ,20091202,63.51,64.24,63.44,63.88,108961
JNJ,20091203,64.05,64.73,63.87,64.16,125200
JNJ,20091204,64.74,65.28,64.16,64.36,149926
JNJ,20091207,64.48,64.76,64.19,64.37,91065
JNJ,20091208,64.50,64.64,63.93,64.25,110738
JNJ,20091209,64.40,64.40,64.03,64.38,89116
JNJ,20091210,64.65,65.00,64.39,64.77,88419
JNJ,20091211,64.74,65.16,64.72,64.85,71946
JNJ,20091214,65.20,65.41,64.85,64.96,81725
JNJ,20091215,64.73,64.80,64.45,64.74,107249
JNJ,20091216,64.95,65.08,64.75,64.80,133332
JNJ,20091217,64.44,64.78,64.21,64.47,100888
JNJ,20091218,64.75,64.75,63.91,64.37,221750
JNJ,20091221,64.64,65.00,64.23,64.33,111253
JNJ,20091222,64.31,64.81,64.31,64.53,71245
JNJ,20091223,64.54,64.84,64.54,64.57,63604
JNJ,20091224,64.69,64.84,64.52,64.70,24338
JNJ,20091228,64.90,64.99,64.77,64.94,56935
JNJ,20091229,65.09,65.40,64.92,64.94,66619
JNJ,20091230,64.78,65.03,64.53,64.91,56020
JNJ,20091231,65.12,65.12,64.33,64.41,69622
JNJ,20100104,64.71,64.99,64.41,64.68,95062
JNJ,20100105,64.58,64.62,63.82,63.93,106733
JNJ,20100106,63.90,64.54,63.83,64.45,131715
JNJ,20100107,64.25,64.35,63.74,63.99,109016
JNJ,20100108,63.92,64.26,63.63,64.21,78985
JNJ,20100111,64.75,64.75,64.01,64.22,79756
JNJ,20100112,64.13,64.72,64.02,64.56,108206
JNJ,20100113,64.54,65.23,64.54,64.97,130237
JNJ,20100114,65.20,65.27,64.75,65.10,78989
JNJ,20100115,65.14,65.20,63.98,64.56,209951
JNJ,20100119,64.14,65.75,64.11,65.35,151817
JNJ,20100120,65.47,65.95,64.47,65.15,130330
JNJ,20100121,65.07,65.47,63.80,63.97,144759
JNJ,20100122,63.91,64.19,63.09,63.20,140171
JNJ,20100125,63.67,63.70,63.05,63.22,100016
JNJ,20100126,62.64,63.01,62.22,62.79,156302
JNJ,20100127,62.78,63.72,62.70,63.44,149824
JNJ,20100128,63.57,64.07,63.04,63.80,170986
JNJ,20100129,63.95,64.27,62.82,62.86,178466
JNJ,20100201,63.26,63.26,62.77,63.09,101419
JNJ,20100202,63.20,64.20,62.63,63.99,136092
JNJ,20100203,63.87,63.87,63.29,63.63,92561
JNJ,20100204,63.49,63.62,62.62,62.64,183967
JNJ,20100205,62.69,63.60,61.89,62.64,167749
JNJ,20100208,62.50,62.98,62.26,62.37,100816
JNJ,20100209,62.55,63.47,62.47,62.76,113563
JNJ,20100210,62.79,63.07,62.21,62.73,101158
JNJ,20100211,62.62,63.21,62.26,62.91,83536
JNJ,20100212,62.61,63.00,62.11,62.72,123358
JNJ,20100216,63.25,63.71,62.82,63.61,102123
JNJ,20100217,63.63,64.36,63.61,63.98,94854
JNJ,20100218,63.98,64.70,63.95,64.53,82605
JNJ,20100219,64.15,64.46,63.62,63.81,142222
JNJ,20100222,63.81,64.10,63.39,63.49,98396
JNJ,20100223,63.56,63.85,63.23,63.31,124814
JNJ,20100224,63.55,63.85,63.25,63.45,85193
JNJ,20100225,62.79,63.35,62.52,63.28,105288
JNJ,20100226,63.46,63.59,63.00,63.00,93577
JNJ,20100301,63.27,63.46,63.17,63.39,92194
JNJ,20100302,63.31,63.64,63.02,63.44,90139
JNJ,20100303,63.59,63.75,63.22,63.40,93604
JNJ,20100304,63.53,63.70,63.37,63.57,80672
JNJ,20100305,63.66,64.07,63.55,64.04,106340
JNJ,20100308,64.08,64.41,64.02,64.20,333805
JNJ,20100309,64.55,64.55,64.09,64.27,88272
JNJ,20100310,64.49,64.56,64.15,64.29,84366
JNJ,20100311,64.15,64.22,63.60,64.22,99586
JNJ,20100312,64.26,64.26,63.85,64.18,82230
JNJ,20100315,64.14,64.57,64.07,64.57,74447
JNJ,20100316,64.70,64.72,64.23,64.53,88880
JNJ,20100317,64.72,64.74,64.48,64.65,80606
JNJ,20100318,64.58,65.15,64.37,65.06,117420
JNJ,20100319,65.25,65.49,64.81,65.11,231176
JNJ,20100322,65.07,65.44,64.98,65.10,88038
JNJ,20100323,65.18,65.39,64.87,65.36,94539
JNJ,20100324,65.31,65.31,64.75,64.75,93512
JNJ,20100325,65.04,65.25,64.53,64.57,104968
JNJ,20100326,64.68,64.72,64.33,64.38,94503
JNJ,20100329,64.46,64.94,64.40,64.82,78128
JNJ,20100330,64.95,64.98,64.56,64.90,83115
JNJ,20100331,64.84,65.31,64.70,65.20,119391
JNJ,20100401,65.37,65.77,65.24,65.77,106006
JNJ,20100405,65.77,65.89,65.38,65.40,86175
JNJ,20100406,65.13,65.45,65.00,65.31,82601
JNJ,20100407,65.24,65.49,65.08,65.22,94093
JNJ,20100408,65.19,65.19,64.77,64.93,89625
JNJ,20100409,64.88,65.17,64.78,65.14,69731
JNJ,20100412,65.11,65.21,64.93,65.11,86959
JNJ,20100413,65.06,65.85,64.91,65.68,124815
JNJ,20100414,65.43,65.60,65.18,65.49,105018
JNJ,20100415,65.29,65.54,65.13,65.51,86569
JNJ,20100416,65.34,65.65,64.89,65.02,157437
JNJ,20100419,65.06,66.10,65.06,66.03,146263
JNJ,20100420,66.03,66.20,65.73,65.99,119163
JNJ,20100421,65.98,65.98,65.07,65.39,133557
JNJ,20100422,65.18,65.24,64.33,64.78,195823
JNJ,20100423,64.71,65.04,64.33,65.04,116748
JNJ,20100426,64.99,65.20,64.72,64.76,92810
JNJ,20100427,64.57,64.88,64.21,64.28,118182
JNJ,20100428,64.43,64.86,64.25,64.62,124769
JNJ,20100429,64.85,65.34,64.85,65.01,79301
JNJ,20100430,65.13,65.34,64.30,64.30,141838
JNJ,20100503,65.16,65.62,64.55,65.33,153104
JNJ,20100504,65.07,65.28,64.41,64.70,148958
JNJ,20100505,64.58,65.29,64.44,65.14,131435
JNJ,20100506,65.04,65.10,60.03,63.40,244097
JNJ,20100507,63.26,63.60,62.09,63.31,204678
JNJ,20100510,64.91,65.36,64.00,64.75,184453
JNJ,20100511,64.23,65.09,64.18,64.67,108802
JNJ,20100512,64.85,65.05,64.49,64.90,110367
JNJ,20100513,64.84,65.16,64.51,64.67,123371
JNJ,20100514,64.71,64.79,63.41,63.97,125050
JNJ,20100517,64.06,64.24,63.20,63.88,102610
JNJ,20100518,63.44,63.56,62.85,62.97,184826
JNJ,20100519,62.69,62.96,62.05,62.22,188647
JNJ,20100520,61.82,61.84,60.55,60.55,241009
JNJ,20100521,59.78,60.96,59.51,60.88,218123
JNJ,20100524,60.62,61.45,60.21,60.57,140444
JNJ,20100525,59.71,60.41,59.15,60.35,211784
JNJ,20100526,60.83,60.83,59.65,59.66,189145
JNJ,20100527,59.74,59.89,58.71,59.03,299269
JNJ,20100528,58.72,59.12,58.19,58.30,268162
JNJ,20100601,58.00,59.41,57.55,58.76,195083
JNJ,20100602,59.16,59.73,58.69,59.73,155818
JNJ,20100603,59.90,60.15,59.55,59.77,142541
JNJ,20100604,58.95,59.03,57.76,58.01,217853
JNJ,20100607,58.22,58.55,58.00,58.00,138433
JNJ,20100608,58.01,58.71,57.87,58.64,149415
JNJ,20100609,58.78,58.94,57.94,58.17,131619
JNJ,20100610,58.95,59.13,58.35,58.50,169939
JNJ,20100611,58.00,58.48,57.94,58.46,147094
JNJ,20100614,58.48,59.10,58.38,58.42,105239
JNJ,20100615,59.00,59.16,58.55,59.14,111034
JNJ,20100616,59.34,59.58,58.78,59.24,86370
JNJ,20100617,59.41,59.44,58.65,59.18,117231
JNJ,20100618,59.10,59.29,58.85,59.18,168454
JNJ,20100621,59.41,59.80,58.92,59.13,120049
JNJ,20100622,59.25,60.09,59.12,59.16,138238
JNJ,20100623,59.15,59.42,58.71,59.24,126593
JNJ,20100624,59.11,59.94,59.03,59.60,182160
JNJ,20100625,59.63,59.87,58.63,58.70,450068
JNJ,20100628,58.99,59.79,58.81,59.45,158342
JNJ,20100629,59.01,59.42,58.68,59.24,202399
JNJ,20100630,59.05,59.61,58.94,59.06,158021
JNJ,20100701,59.02,59.25,58.65,59.07,179734
JNJ,20100702,59.39,59.59,58.85,59.08,105346
JNJ,20100706,59.37,59.60,58.67,59.08,154512
JNJ,20100707,59.36,60.70,59.04,60.61,172800
JNJ,20100708,60.87,61.73,60.64,61.38,158945
JNJ,20100709,60.96,61.07,60.38,60.54,121739
JNJ,20100712,60.43,60.54,60.06,60.21,107970
JNJ,20100713,60.52,60.96,60.44,60.50,109243
JNJ,20100714,60.17,60.68,60.05,60.62,96685
JNJ,20100715,60.47,60.75,59.90,60.26,128377
JNJ,20100716,60.00,60.19,59.25,59.44,175698
JNJ,20100719,59.53,59.79,59.37,59.57,102768
JNJ,20100720,58.55,58.77,58.00,58.58,223048
JNJ,20100721,58.60,58.80,56.87,57.12,257053
JNJ,20100722,57.27,57.62,56.86,57.02,179730
JNJ,20100723,57.30,57.64,57.00,57.63,150730
JNJ,20100726,57.73,58.01,57.48,57.74,117771
JNJ,20100727,57.95,58.44,57.62,58.10,169639
JNJ,20100728,58.10,58.25,57.65,57.83,135036
JNJ,20100729,58.17,58.27,57.71,57.83,130367
JNJ,20100730,57.50,58.36,57.27,58.09,129779
JNJ,20100802,58.50,58.88,58.41,58.72,114308
JNJ,20100803,58.78,59.60,58.71,59.35,108550
JNJ,20100804,59.35,59.93,59.23,59.74,105088
JNJ,20100805,59.67,59.89,59.51,59.76,96012
JNJ,20100806,59.51,60.00,59.25,59.96,85240
JNJ,20100809,60.00,60.25,59.79,60.05,66747
JNJ,20100810,59.45,59.81,58.90,59.43,135505
JNJ,20100811,58.90,58.95,58.30,58.50,114702
JNJ,20100812,58.13,58.71,58.10,58.52,82409
JNJ,20100813,58.25,58.49,58.06,58.15,85490
JNJ,20100816,57.93,58.11,57.47,58.01,87318
JNJ,20100817,58.87,59.48,58.50,59.22,134742
JNJ,20100818,59.47,59.82,59.03,59.35,105348
JNJ,20100819,59.02,59.18,58.40,58.72,119496
JNJ,20100820,58.70,58.91,58.49,58.74,112861
JNJ,20100823,59.00,59.35,58.81,58.87,88430
JNJ,20100824,58.50,58.69,57.86,58.01,149381
JNJ,20100825,58.00,58.20,57.84,57.98,116785
JNJ,20100826,58.12,58.22,57.78,57.80,128370
JNJ,20100827,57.50,57.88,56.99,57.60,116749
JNJ,20100830,57.50,57.80,57.26,57.30,92248
JNJ,20100831,57.14,57.44,57.00,57.02,145630
JNJ,20100901,57.58,58.36,57.44,58.29,115436
JNJ,20100902,58.55,58.79,58.30,58.61,80845
JNJ,20100903,58.74,59.00,58.50,58.93,75321
JNJ,20100907,58.81,58.97,58.63,58.70,56264
JNJ,20100908,58.50,59.03,58.42,58.85,84124
JNJ,20100909,59.41,60.03,59.26,59.82,139446
JNJ,20100910,59.97,60.00,59.77,59.98,83587
JNJ,20100913,60.00,60.38,59.92,60.32,106851
JNJ,20100914,60.45,60.97,60.25,60.58,99126
JNJ,20100915,60.71,61.15,60.50,61.05,91114
JNJ,20100916,61.00,61.39,60.76,61.29,104951
JNJ,20100917,61.60,61.72,61.13,61.57,122405
JNJ,20100920,61.78,62.23,61.51,62.09,111607
JNJ,20100921,61.93,62.23,61.80,61.94,94482
JNJ,20100922,62.08,62.50,61.90,61.97,93533
JNJ,20100923,61.65,62.00,61.57,61.81,83943
JNJ,20100924,62.03,62.40,61.83,62.14,126191
JNJ,20100927,62.14,62.32,61.93,62.03,76876
JNJ,20100928,62.00,62.60,61.69,62.43,121554
JNJ,20100929,62.33,62.55,62.13,62.31,95967
JNJ,20100930,62.55,62.70,61.55,61.96,128456
JNJ,20101001,62.08,62.25,61.57,61.75,97732
JNJ,20101004,61.51,61.98,61.30,61.67,87100
JNJ,20101005,62.11,62.94,62.01,62.80,124390
JNJ,20101006,62.95,63.26,62.50,63.21,113397
JNJ,20101007,63.37,63.50,63.00,63.22,98279
JNJ,20101008,63.35,63.39,63.03,63.23,73547
JNJ,20101011,63.23,63.31,63.04,63.30,61734
JNJ,20101012,63.10,63.44,62.97,63.29,87073
JNJ,20101013,63.37,63.79,63.29,63.58,101046
JNJ,20101014,63.73,63.80,63.39,63.74,86542
JNJ,20101015,64.00,64.00,63.14,63.57,132650
JNJ,20101018,63.49,63.98,63.25,63.86,108489
JNJ,20101019,62.70,63.67,62.50,63.29,172353
JNJ,20101020,63.29,64.03,63.06,63.60,102065
JNJ,20101021,63.86,64.22,63.52,63.99,111014
JNJ,20101022,63.99,64.12,63.64,63.81,67747
JNJ,20101025,64.01,64.23,63.85,63.98,77946
JNJ,20101026,63.87,63.95,63.61,63.84,71228
JNJ,20101027,63.52,63.69,63.28,63.57,119160
JNJ,20101028,64.00,64.11,63.51,63.56,101216
JNJ,20101029,63.59,63.84,63.32,63.74,93098
JNJ,20101101,63.88,64.09,63.31,63.69,93599
JNJ,20101102,64.00,64.20,63.72,63.88,86320
JNJ,20101103,63.98,64.20,63.55,64.19,93218
JNJ,20101104,64.25,64.92,64.24,64.76,113373
JNJ,20101105,64.76,64.84,64.10,64.65,92561
JNJ,20101108,64.61,64.61,64.10,64.33,84844
JNJ,20101109,64.49,64.50,64.10,64.31,92255
JNJ,20101110,64.26,64.34,63.55,63.95,107953
JNJ,20101111,63.69,63.95,63.58,63.92,91094
JNJ,20101112,63.61,64.09,63.51,63.67,129447
JNJ,20101115,64.18,64.69,63.98,64.14,127292
JNJ,20101116,63.70,63.95,62.65,63.14,155240
JNJ,20101117,63.12,63.29,62.92,63.06,74158
JNJ,20101118,63.53,64.00,63.30,63.83,94000
JNJ,20101119,63.97,64.22,63.65,63.83,128898
JNJ,20101122,63.50,63.82,63.09,63.62,110953
JNJ,20101123,62.98,63.25,62.65,62.87,147661
JNJ,20101124,63.00,63.49,62.93,63.29,96359
JNJ,20101126,62.48,62.57,62.14,62.30,46384
JNJ,20101129,61.79,62.01,61.39,61.91,120193
JNJ,20101130,61.40,61.82,61.25,61.55,126334
JNJ,20101201,62.33,62.48,61.82,62.42,152412
JNJ,20101202,62.37,62.88,62.27,62.60,101603
JNJ,20101203,62.60,62.77,62.23,62.56,98826
JNJ,20101206,62.28,62.48,62.20,62.20,89890
JNJ,20101207,62.54,62.74,62.25,62.31,95283
JNJ,20101208,62.27,62.56,62.14,62.45,78791
JNJ,20101209,62.37,62.96,61.75,62.06,129656
JNJ,20101210,62.08,62.33,61.69,61.91,114572
JNJ,20101213,61.92,61.97,61.56,61.86,136736
JNJ,20101214,62.04,62.94,61.89,62.77,134912
JNJ,20101215,63.00,63.16,62.44,62.57,115340
JNJ,20101216,62.59,62.79,62.04,62.40,111410
JNJ,20101217,62.12,62.54,61.98,62.54,159608
JNJ,20101220,62.60,62.65,62.23,62.49,88938
JNJ,20101221,62.73,62.80,62.28,62.34,79081
JNJ,20101222,62.30,62.40,61.92,62.02,88501
JNJ,20101223,62.02,62.46,62.02,62.25,72502
JNJ,20101227,62.17,62.24,61.82,61.93,51637
JNJ,20101228,62.06,62.30,61.90,62.05,63542
JNJ,20101229,62.14,62.44,62.11,62.13,49748
JNJ,20101230,62.12,62.19,61.90,61.94,57702
JNJ,20101231,61.86,62.09,61.75,61.85,49813
JNJ,20110103,62.63,63.18,62.53,62.82,148948
JNJ,20110104,63.13,63.35,62.75,63.35,123463
JNJ,20110105,63.41,63.54,62.95,63.31,118378
JNJ,20110106,63.45,63.53,62.90,63.21,76066
JNJ,20110107,63.20,63.25,62.56,62.60,110847
