KFT,20090115,28.12,28.16,27.38,28.07,138514
KFT,20090116,28.40,28.79,28.17,28.64,124327
KFT,20090120,28.64,28.93,28.17,28.22,111630
KFT,20090121,28.44,28.57,27.84,28.33,239044
KFT,20090122,28.00,28.91,27.88,28.91,168884
KFT,20090123,28.50,28.77,28.11,28.67,114834
KFT,20090126,28.94,29.19,28.59,28.85,91729
KFT,20090127,28.81,29.30,28.73,29.15,105571
KFT,20090128,29.54,29.84,29.21,29.57,105877
KFT,20090129,29.39,29.82,29.19,29.28,96647
KFT,20090130,29.21,29.28,27.88,28.05,175331
KFT,20090202,27.67,28.40,27.62,28.24,119286
KFT,20090203,28.47,28.87,28.00,28.74,86474
KFT,20090204,26.09,26.79,25.90,26.11,263747
KFT,20090205,26.01,26.22,25.62,26.00,142364
KFT,20090206,26.08,26.47,25.92,26.34,111568
KFT,20090209,26.31,26.34,25.82,25.88,86873
KFT,20090210,25.72,25.88,24.83,24.98,139976
KFT,20090211,25.18,25.29,24.85,25.11,106315
KFT,20090212,24.77,25.50,24.61,25.47,181340
KFT,20090213,25.44,25.47,25.16,25.20,102279
KFT,20090217,24.49,25.03,24.31,24.72,138475
KFT,20090218,24.84,24.90,24.19,24.32,111571
KFT,20090219,24.47,24.90,24.26,24.33,92125
KFT,20090220,23.85,24.00,23.28,23.51,152477
KFT,20090223,23.62,24.09,22.92,22.96,114320
KFT,20090224,23.15,23.75,22.91,23.72,158867
KFT,20090225,23.64,24.20,23.58,23.84,176117
KFT,20090226,24.09,24.09,22.86,22.87,116464
KFT,20090227,22.49,23.00,22.45,22.78,146427
KFT,20090302,22.43,22.63,22.03,22.12,127972
KFT,20090303,22.16,22.26,21.75,21.94,141058
KFT,20090304,22.22,22.33,21.53,21.95,127246
KFT,20090305,21.35,21.60,20.81,21.00,139547
KFT,20090306,21.20,21.69,21.13,21.62,142088
KFT,20090309,21.44,21.62,21.16,21.23,100120
KFT,20090310,21.35,21.80,21.30,21.80,123946
KFT,20090311,21.90,21.90,21.09,21.32,143822
KFT,20090312,21.31,22.31,21.13,22.26,124760
KFT,20090313,22.40,22.58,22.25,22.53,83848
KFT,20090316,22.75,23.34,22.75,22.87,85289
KFT,20090317,22.93,23.31,22.66,23.31,77219
KFT,20090318,23.19,23.24,22.10,22.29,198868
KFT,20090319,22.49,22.71,22.07,22.16,97469
KFT,20090320,22.18,22.40,22.10,22.14,155517
KFT,20090323,22.28,23.15,22.15,23.15,135936
KFT,20090324,22.88,23.38,22.80,23.17,108588
KFT,20090325,23.32,23.58,22.72,23.05,113401
KFT,20090326,23.28,23.35,22.78,23.07,117179
KFT,20090327,22.84,23.30,22.81,22.89,106046
KFT,20090330,22.63,22.72,21.71,21.84,153575
KFT,20090331,22.00,22.50,21.85,22.29,145675
KFT,20090401,22.13,22.89,21.94,22.81,103735
KFT,20090402,23.34,23.45,22.89,22.97,109126
KFT,20090403,23.02,23.40,22.65,23.00,83338
KFT,20090406,22.96,23.12,22.55,22.60,94321
KFT,20090407,22.31,22.60,22.23,22.46,129382
KFT,20090408,22.58,22.60,21.97,22.05,152505
KFT,20090409,22.48,22.51,22.03,22.35,114609
KFT,20090413,22.23,22.54,22.23,22.46,69260
KFT,20090414,22.31,22.55,22.06,22.41,79913
KFT,20090415,22.35,22.88,22.35,22.87,71300
KFT,20090416,22.78,22.83,22.35,22.65,123106
KFT,20090417,22.72,22.82,22.28,22.67,136099
KFT,20090420,22.46,22.93,22.45,22.47,109067
KFT,20090421,22.41,22.86,22.41,22.75,98872
KFT,20090422,22.65,22.79,22.39,22.44,85649
KFT,20090423,22.43,22.50,22.07,22.27,115807
KFT,20090424,22.37,22.39,22.16,22.26,90299
KFT,20090427,22.11,22.70,22.00,22.38,101187
KFT,20090428,22.32,23.00,22.16,22.80,79354
KFT,20090429,22.91,23.55,22.82,23.27,94673
KFT,20090430,23.38,23.71,23.11,23.40,117433
KFT,20090501,23.45,23.50,23.16,23.49,59390
KFT,20090504,23.69,24.26,23.55,24.26,110221
KFT,20090505,25.58,26.44,25.14,25.22,289449
KFT,20090506,25.60,25.67,24.93,25.00,155455
KFT,20090507,25.16,25.52,24.82,25.04,156449
KFT,20090508,25.33,25.69,25.10,25.53,130167
KFT,20090511,25.32,25.45,25.00,25.20,76617
KFT,20090512,25.22,25.69,25.22,25.41,82059
KFT,20090513,25.20,25.20,24.67,24.89,121302
KFT,20090514,24.96,25.18,24.78,25.10,81777
KFT,20090515,25.03,25.10,24.68,24.80,84303
KFT,20090518,24.90,25.09,24.71,25.06,86586
KFT,20090519,24.93,25.15,24.81,25.06,72954
KFT,20090520,25.13,25.33,24.79,24.85,89229
KFT,20090521,24.64,24.93,24.40,24.93,88979
KFT,20090522,24.98,25.77,24.90,25.46,97392
KFT,20090526,25.39,25.91,25.17,25.86,90680
KFT,20090527,25.82,25.87,25.36,25.46,84752
KFT,20090528,25.53,25.90,25.22,25.82,99446
KFT,20090529,25.80,26.12,25.65,26.11,96366
KFT,20090601,26.28,26.67,26.19,26.64,119680
KFT,20090602,26.56,27.14,26.56,27.00,116966
KFT,20090603,26.90,26.91,26.43,26.81,109944
KFT,20090604,26.90,27.23,26.64,27.04,110819
KFT,20090605,27.24,27.24,26.46,26.63,105105
KFT,20090608,26.66,26.86,26.43,26.59,78185
KFT,20090609,26.73,26.80,26.11,26.21,93164
KFT,20090610,26.32,26.49,25.63,25.85,134870
KFT,20090611,25.97,26.42,25.92,25.95,108279
KFT,20090612,25.90,26.18,25.71,25.94,65884
KFT,20090615,25.85,25.85,25.23,25.26,99000
KFT,20090616,25.39,25.39,24.81,24.81,118233
KFT,20090617,24.88,25.34,24.80,24.88,132265
KFT,20090618,24.95,25.98,24.87,25.85,116060
KFT,20090619,26.09,26.09,25.29,25.41,127406
KFT,20090622,25.30,25.51,25.17,25.25,102279
KFT,20090623,25.34,25.72,25.20,25.63,112788
KFT,20090624,25.82,26.00,25.65,25.74,109821
KFT,20090625,25.81,26.20,25.50,25.97,118826
KFT,20090626,25.73,25.77,25.26,25.56,110659
KFT,20090629,25.57,25.76,25.40,25.58,67823
KFT,20090630,25.71,25.83,25.08,25.34,103163
KFT,20090701,25.51,26.76,25.49,26.61,162946
KFT,20090702,26.26,26.39,25.87,25.96,107208
KFT,20090706,25.96,26.48,25.80,26.44,114129
KFT,20090707,26.40,26.43,25.72,25.75,119552
KFT,20090708,25.89,25.95,25.41,25.70,123844
KFT,20090709,25.65,25.95,25.45,25.80,85328
KFT,20090710,25.90,26.18,25.51,26.08,85144
KFT,20090713,26.42,27.00,26.31,26.88,112988
KFT,20090714,27.01,27.09,26.71,27.00,79459
KFT,20090715,27.16,27.57,27.00,27.53,86609
KFT,20090716,27.48,27.78,27.41,27.73,85679
KFT,20090717,27.81,27.94,27.27,27.43,79776
KFT,20090720,27.60,27.64,27.21,27.60,60409
KFT,20090721,27.80,27.92,27.23,27.58,65110
KFT,20090722,27.92,28.05,27.73,27.92,101559
KFT,20090723,27.95,28.80,27.84,28.37,133096
KFT,20090724,28.40,28.45,27.96,28.12,121952
KFT,20090727,28.14,28.29,27.79,28.26,76495
KFT,20090728,28.20,28.53,28.13,28.47,73253
KFT,20090729,28.36,28.65,28.26,28.54,65155
KFT,20090730,28.87,29.11,28.51,28.57,97951
KFT,20090731,28.58,28.76,28.33,28.34,93717
KFT,20090803,28.55,28.59,28.05,28.20,109499
KFT,20090804,28.11,28.35,28.04,28.34,89028
KFT,20090805,28.16,28.46,27.69,28.33,116078
KFT,20090806,28.63,28.78,28.28,28.36,63754
KFT,20090807,28.80,28.88,28.60,28.70,81238
KFT,20090810,28.61,28.67,28.50,28.63,57010
KFT,20090811,28.64,28.73,28.37,28.46,60216
KFT,20090812,28.31,28.72,28.28,28.50,73778
KFT,20090813,28.41,28.57,28.13,28.35,79146
KFT,20090814,28.34,28.46,27.83,28.10,67289
KFT,20090817,27.92,28.00,27.70,27.79,65586
KFT,20090818,27.88,28.01,27.62,27.94,59160
KFT,20090819,27.84,28.64,27.81,28.63,102207
KFT,20090820,28.63,28.68,28.18,28.35,79121
KFT,20090821,28.59,29.02,28.40,28.81,115965
KFT,20090824,28.83,28.83,28.32,28.40,99241
KFT,20090825,28.61,28.84,28.45,28.60,76726
KFT,20090826,28.58,28.78,28.30,28.46,82625
KFT,20090827,28.59,28.67,28.09,28.42,69870
KFT,20090828,28.54,28.54,28.09,28.34,59908
KFT,20090831,28.24,28.49,28.14,28.35,54932
KFT,20090901,28.44,28.53,28.00,28.07,96957
KFT,20090902,28.05,28.07,27.85,28.01,71268
KFT,20090903,28.05,28.09,27.58,27.99,67594
KFT,20090904,28.06,28.18,27.86,28.10,42272
KFT,20090908,26.36,26.92,26.14,26.45,431885
KFT,20090909,26.60,26.85,26.40,26.85,181916
KFT,20090910,26.90,26.94,26.11,26.19,237556
KFT,20090911,26.35,26.40,26.05,26.10,173521
KFT,20090914,26.10,26.27,26.02,26.11,127459
KFT,20090915,26.17,26.20,26.01,26.08,150617
KFT,20090916,26.17,26.45,26.05,26.27,172926
KFT,20090917,26.45,26.78,26.42,26.52,130750
KFT,20090918,26.74,26.78,26.45,26.73,128992
KFT,20090921,26.56,26.96,26.55,26.75,106594
KFT,20090922,26.90,26.90,26.38,26.49,105932
KFT,20090923,26.55,26.63,26.25,26.28,112866
KFT,20090924,26.33,26.52,26.18,26.38,108156
KFT,20090925,26.43,26.79,26.31,26.53,116970
KFT,20090928,26.28,26.46,26.11,26.17,101723
KFT,20090929,26.15,26.29,25.90,26.02,104285
KFT,20090930,26.03,26.31,25.75,26.27,129531
KFT,20091001,26.23,26.23,25.79,25.99,128933
KFT,20091002,25.86,26.01,25.75,25.95,109942
KFT,20091005,25.95,26.06,25.72,26.02,88530
KFT,20091006,26.11,26.22,26.02,26.09,129567
KFT,20091007,26.10,26.19,25.99,26.05,77731
KFT,20091008,26.25,26.27,26.05,26.11,110393
KFT,20091009,26.15,26.18,25.85,25.97,86905
KFT,20091012,26.09,26.33,25.99,26.19,60553
KFT,20091013,26.17,26.23,25.92,25.99,82039
KFT,20091014,26.09,26.40,26.02,26.29,114898
KFT,20091015,26.28,26.63,26.28,26.63,100001
KFT,20091016,26.16,27.22,26.06,27.03,189958
KFT,20091019,27.06,27.32,27.04,27.21,112268
KFT,20091020,27.25,27.37,27.08,27.23,83634
KFT,20091021,27.26,27.73,27.14,27.42,157851
KFT,20091022,27.22,27.33,26.98,27.11,111122
KFT,20091023,26.99,27.29,26.87,27.05,104506
KFT,20091026,27.00,27.25,26.54,26.70,111282
KFT,20091027,26.78,26.87,26.59,26.73,91063
KFT,20091028,26.72,27.00,26.65,26.95,129805
KFT,20091029,27.10,27.59,26.98,27.55,131965
KFT,20091030,27.25,27.63,27.24,27.52,169166
KFT,20091102,27.63,27.65,27.32,27.64,121159
KFT,20091103,27.65,27.70,27.38,27.54,106119
KFT,20091104,27.05,27.06,26.57,26.67,288549
KFT,20091105,26.84,27.03,26.66,27.03,127776
KFT,20091106,26.88,27.12,26.55,26.78,118599
KFT,20091109,26.89,26.91,26.31,26.53,170616
KFT,20091110,26.48,26.97,26.35,26.80,102121
KFT,20091111,26.91,27.02,26.76,26.82,73719
KFT,20091112,26.87,27.02,26.75,26.84,78561
KFT,20091113,26.84,27.12,26.80,26.91,69737
KFT,20091116,26.94,27.68,26.88,27.63,174741
KFT,20091117,27.63,27.71,27.46,27.64,105755
KFT,20091118,27.56,27.62,27.19,27.26,109044
KFT,20091119,27.18,27.20,26.91,26.97,88956
KFT,20091120,27.59,27.84,27.11,27.17,113963
KFT,20091123,27.30,27.61,27.22,27.34,90272
KFT,20091124,27.41,27.41,26.86,27.22,88128
KFT,20091125,27.23,27.23,26.74,26.80,97854
KFT,20091127,26.58,26.75,26.35,26.64,44643
KFT,20091130,26.66,26.68,26.46,26.58,75652
KFT,20091201,26.82,26.86,26.49,26.50,105288
KFT,20091202,26.66,26.90,26.57,26.61,87583
KFT,20091203,26.70,26.74,26.40,26.42,67641
KFT,20091204,26.57,26.68,26.40,26.57,128219
KFT,20091207,26.57,26.80,26.57,26.68,90104
KFT,20091208,26.69,26.84,26.50,26.66,83957
KFT,20091209,26.73,26.77,26.48,26.71,67705
KFT,20091210,26.51,26.73,26.50,26.68,84099
KFT,20091211,26.70,26.90,26.67,26.79,62182
KFT,20091214,26.93,27.08,26.82,26.97,71781
KFT,20091215,27.01,27.01,26.80,26.83,66020
KFT,20091216,26.99,27.35,26.86,27.15,99493
KFT,20091217,26.92,27.04,26.76,26.88,95569
KFT,20091218,27.29,27.29,26.80,27.01,129500
KFT,20091221,27.07,27.20,26.93,26.99,64720
KFT,20091222,27.17,27.39,27.04,27.29,63651
KFT,20091223,27.44,27.45,27.28,27.36,45835
KFT,20091224,27.36,27.56,27.36,27.56,22248
KFT,20091228,27.48,27.50,27.33,27.48,43684
KFT,20091229,27.47,27.55,27.40,27.45,52333
KFT,20091230,27.31,27.56,27.31,27.49,50636
KFT,20091231,27.43,27.50,27.17,27.18,52159
KFT,20100104,27.30,27.48,27.17,27.43,79533
KFT,20100105,28.32,28.81,28.01,28.77,371527
KFT,20100106,28.30,29.16,28.10,28.97,408493
KFT,20100107,29.05,29.09,28.57,28.90,183599
KFT,20100108,28.76,28.94,28.53,28.93,109999
KFT,20100111,28.98,29.10,28.63,28.80,118197
KFT,20100112,28.75,29.34,28.64,29.29,195470
KFT,20100113,29.71,30.10,29.16,29.23,180000
KFT,20100114,29.45,29.59,28.73,29.12,100237
KFT,20100115,28.41,30.00,28.10,29.58,259795
KFT,20100119,29.00,29.43,28.62,29.41,530093
KFT,20100120,28.54,28.85,28.40,28.78,294772
KFT,20100121,28.60,28.70,28.05,28.24,290943
KFT,20100122,27.90,28.19,27.83,27.87,280251
KFT,20100125,27.60,27.86,27.52,27.69,239891
KFT,20100126,27.24,27.83,27.09,27.76,332824
KFT,20100127,27.75,28.47,27.75,28.35,241092
KFT,20100128,28.27,28.45,27.99,28.04,214162
KFT,20100129,27.93,28.10,27.65,27.66,154044
KFT,20100201,27.83,28.12,27.64,28.06,163379
KFT,20100202,28.15,28.65,28.07,28.50,221095
KFT,20100203,28.38,28.92,28.27,28.48,275466
KFT,20100204,28.07,28.42,27.87,28.39,587823
KFT,20100205,28.30,28.62,27.83,28.44,533068
KFT,20100208,28.46,28.66,28.35,28.36,202713
KFT,20100209,28.48,29.01,28.41,28.90,245552
KFT,20100210,28.97,29.05,28.75,28.93,199877
KFT,20100211,29.02,29.15,28.75,28.99,217387
KFT,20100212,29.00,29.09,28.56,29.09,741973
KFT,20100216,28.68,28.97,28.32,28.97,541541
KFT,20100217,28.86,28.95,28.45,28.63,248394
KFT,20100218,28.65,28.81,28.48,28.81,206065
KFT,20100219,28.76,29.05,28.65,28.92,154973
KFT,20100222,28.89,29.09,28.65,28.95,273534
KFT,20100223,29.07,29.37,28.92,29.13,278483
KFT,20100224,29.20,29.30,28.99,29.05,223119
KFT,20100225,28.79,28.98,28.53,28.81,227992
KFT,20100226,28.75,28.77,28.30,28.43,265464
KFT,20100301,28.43,28.76,28.38,28.72,132897
KFT,20100302,28.82,29.13,28.75,28.91,138137
KFT,20100303,28.99,29.07,28.88,28.97,135343
KFT,20100304,29.00,29.22,28.99,29.08,111310
KFT,20100305,29.19,29.38,29.02,29.34,121334
KFT,20100308,29.36,29.43,29.09,29.17,75785
KFT,20100309,29.39,29.44,29.16,29.23,145924
KFT,20100310,29.27,29.51,29.17,29.38,139067
KFT,20100311,29.32,29.42,29.11,29.42,85997
KFT,20100312,29.38,29.60,29.34,29.45,89897
KFT,20100315,29.41,29.77,29.40,29.56,98968
KFT,20100316,29.75,29.77,29.50,29.69,113786
KFT,20100317,29.74,29.79,29.54,29.70,155581
KFT,20100318,29.76,29.99,29.68,29.83,107769
KFT,20100319,29.94,29.99,29.50,29.63,165815
KFT,20100322,29.56,29.83,29.51,29.73,86337
KFT,20100323,29.83,30.80,29.76,30.78,282248
KFT,20100324,30.76,30.89,30.58,30.72,179187
KFT,20100325,30.79,30.98,30.73,30.80,148278
KFT,20100326,30.74,30.84,30.33,30.63,171030
KFT,20100329,30.40,30.60,30.26,30.54,101267
KFT,20100330,30.63,30.79,30.34,30.50,91976
KFT,20100331,30.52,30.52,30.20,30.24,86540
KFT,20100401,30.40,30.50,30.20,30.34,95840
KFT,20100405,30.48,30.53,30.16,30.21,100988
KFT,20100406,30.20,30.25,30.02,30.08,100264
KFT,20100407,30.06,30.32,30.00,30.07,84862
KFT,20100408,30.00,30.29,29.91,30.13,78269
KFT,20100409,30.17,30.29,29.98,30.24,113098
KFT,20100412,30.32,30.41,30.24,30.34,52932
KFT,20100413,30.26,30.73,30.21,30.65,102973
KFT,20100414,30.67,30.89,30.55,30.88,93560
KFT,20100415,30.88,31.09,30.66,31.07,152779
KFT,20100416,30.87,30.96,30.54,30.66,117215
KFT,20100419,30.66,30.83,30.29,30.79,103691
KFT,20100420,30.81,30.94,30.35,30.45,93879
KFT,20100421,30.52,30.56,30.18,30.25,141005
KFT,20100422,30.25,30.35,30.01,30.19,110294
KFT,20100423,30.35,30.40,29.80,30.09,118438
KFT,20100426,30.21,30.40,29.97,30.09,91479
KFT,20100427,29.99,30.05,29.48,29.50,107430
KFT,20100428,29.54,29.93,29.35,29.75,102512
KFT,20100429,29.99,30.09,29.78,29.91,114647
KFT,20100430,29.95,30.03,29.54,29.60,124902
KFT,20100503,29.73,30.02,29.55,29.90,118947
KFT,20100504,29.72,29.93,29.55,29.57,145954
KFT,20100505,29.64,29.89,29.47,29.75,145654
KFT,20100506,29.63,29.82,27.49,29.21,208604
KFT,20100507,29.90,30.44,29.27,30.07,342807
KFT,20100510,30.36,30.59,30.15,30.52,210200
KFT,20100511,30.33,30.78,30.25,30.37,127018
KFT,20100512,30.59,30.59,30.13,30.40,104519
KFT,20100513,30.40,30.63,30.20,30.31,110887
KFT,20100514,30.27,30.36,29.59,30.03,161056
KFT,20100517,30.39,30.64,30.09,30.55,135971
KFT,20100518,30.34,30.64,30.03,30.03,150653
KFT,20100519,29.98,30.45,29.77,30.29,140377
KFT,20100520,30.04,30.07,29.12,29.13,268543
KFT,20100521,28.95,29.73,28.62,29.69,177706
KFT,20100524,29.53,29.53,28.90,28.93,140998
KFT,20100525,28.52,28.52,27.93,28.37,290243
KFT,20100526,28.48,28.98,28.38,28.40,139657
KFT,20100527,28.80,29.08,28.57,29.06,145504
KFT,20100528,29.08,29.16,28.57,28.60,108903
KFT,20100601,28.61,29.24,28.55,28.90,130894
KFT,20100602,29.00,29.53,29.00,29.53,134761
KFT,20100603,29.56,29.60,29.06,29.28,137562
KFT,20100604,29.04,29.07,28.40,28.51,118683
KFT,20100607,28.61,28.87,28.30,28.32,113417
KFT,20100608,28.32,28.66,28.24,28.64,132318
KFT,20100609,28.78,29.31,28.63,28.88,114651
KFT,20100610,29.09,29.50,29.08,29.38,116765
KFT,20100611,29.06,29.32,28.94,29.30,61208
KFT,20100614,29.54,29.66,29.31,29.39,83738
KFT,20100615,29.41,29.72,29.29,29.71,94250
KFT,20100616,29.58,29.76,29.43,29.73,73952
KFT,20100617,29.83,30.01,29.67,29.98,100242
KFT,20100618,30.01,30.17,29.55,30.01,129645
KFT,20100621,30.17,30.24,29.84,29.94,75151
KFT,20100622,29.83,29.97,29.34,29.36,154724
KFT,20100623,29.44,29.68,29.16,29.54,121292
KFT,20100624,29.45,29.74,29.40,29.47,78246
KFT,20100625,29.53,29.60,29.28,29.33,194559
KFT,20100628,29.19,29.39,28.92,28.94,125335
KFT,20100629,28.75,28.80,28.35,28.44,127946
KFT,20100630,28.33,28.43,27.85,28.00,177843
KFT,20100701,27.98,28.04,27.71,28.00,94084
KFT,20100702,28.10,28.15,27.59,27.82,69742
KFT,20100706,27.97,28.40,27.85,28.25,107443
KFT,20100707,28.22,28.84,28.21,28.79,100635
KFT,20100708,28.96,29.07,28.82,29.03,86084
KFT,20100709,29.13,29.13,28.77,28.99,60146
KFT,20100712,28.89,29.06,28.85,29.00,53604
KFT,20100713,29.20,29.53,29.12,29.40,78020
KFT,20100714,29.44,29.47,29.19,29.32,61711
KFT,20100715,29.37,29.39,28.93,29.32,65937
KFT,20100716,29.25,29.29,28.66,28.81,121301
KFT,20100719,28.83,28.92,28.69,28.83,50050
KFT,20100720,28.68,29.24,28.56,29.21,88299
KFT,20100721,29.20,29.27,28.72,28.84,72709
KFT,20100722,29.10,29.38,28.97,29.28,64039
KFT,20100723,29.28,29.80,29.25,29.62,72489
KFT,20100726,29.60,29.80,29.52,29.72,61611
KFT,20100727,29.74,29.98,29.56,29.88,74630
KFT,20100728,30.00,30.06,29.67,29.72,72566
KFT,20100729,29.66,29.68,28.87,29.11,100165
KFT,20100730,28.96,29.32,28.76,29.21,69544
KFT,20100802,29.44,29.62,29.38,29.49,76946
KFT,20100803,29.40,29.41,29.12,29.28,77399
KFT,20100804,29.28,29.89,29.25,29.75,102233
KFT,20100805,29.68,29.76,29.31,29.66,159460
KFT,20100806,30.01,30.57,29.96,30.36,154501
KFT,20100809,30.39,30.50,30.23,30.39,74026
KFT,20100810,30.29,30.55,30.11,30.27,75651
KFT,20100811,29.97,30.15,29.53,29.58,90053
KFT,20100812,29.33,29.63,29.30,29.50,70614
KFT,20100813,29.47,29.66,29.38,29.50,48333
KFT,20100816,29.34,29.59,29.17,29.45,54398
KFT,20100817,29.54,29.60,29.02,29.26,138539
KFT,20100818,29.20,29.42,29.06,29.34,100301
KFT,20100819,29.21,29.29,28.85,29.13,94158
KFT,20100820,29.03,29.21,28.92,29.10,97890
KFT,20100823,29.20,29.29,29.07,29.15,68592
KFT,20100824,28.91,29.53,28.88,29.29,142995
KFT,20100825,29.22,29.66,29.02,29.59,104948
KFT,20100826,29.61,29.65,29.10,29.42,80182
KFT,20100827,29.60,30.05,29.34,30.00,117843
KFT,20100830,30.00,30.23,29.69,29.70,75878
KFT,20100831,29.73,30.08,29.61,29.91,91893
KFT,20100901,30.21,30.41,30.13,30.38,108315
KFT,20100902,30.38,30.42,29.90,30.35,92702
KFT,20100903,30.45,30.67,30.33,30.58,75351
KFT,20100907,30.54,30.57,30.32,30.35,49324
KFT,20100908,30.45,30.74,30.41,30.58,58210
KFT,20100909,30.71,30.80,30.38,30.74,74789
KFT,20100910,30.75,30.85,30.60,30.78,38350
KFT,20100913,31.00,31.07,30.77,30.95,60975
KFT,20100914,30.85,31.17,30.79,31.05,62552
KFT,20100915,31.09,31.59,31.04,31.59,109282
KFT,20100916,31.56,31.58,31.25,31.40,99105
KFT,20100917,31.60,31.60,31.24,31.35,81670
KFT,20100920,31.36,31.62,31.23,31.57,77750
KFT,20100921,31.60,31.66,31.29,31.62,80681
KFT,20100922,31.68,31.79,31.23,31.31,90304
KFT,20100923,31.05,31.60,30.95,31.27,127407
KFT,20100924,31.56,31.95,31.49,31.95,157587
KFT,20100927,31.90,31.98,31.77,31.80,64046
KFT,20100928,31.60,31.64,31.20,31.48,79051
KFT,20100929,31.40,31.45,31.10,31.21,72925
KFT,20100930,31.37,31.46,30.83,30.86,111057
KFT,20101001,30.98,31.25,30.74,31.21,84912
KFT,20101004,31.11,31.27,30.90,30.94,61074
KFT,20101005,31.06,31.39,31.00,31.28,79245
KFT,20101006,31.30,31.50,31.24,31.30,66445
KFT,20101007,31.46,31.51,30.96,31.19,57904
KFT,20101008,31.31,31.34,30.77,30.93,103236
KFT,20101011,30.87,31.08,30.75,31.04,49016
KFT,20101012,31.04,31.22,30.80,31.15,80553
KFT,20101013,31.31,31.65,31.15,31.49,67365
KFT,20101014,31.56,31.81,31.49,31.80,76210
KFT,20101015,32.00,32.00,31.51,31.65,79181
KFT,20101018,31.65,31.84,31.57,31.66,101184
KFT,20101019,31.50,31.83,31.34,31.45,75736
KFT,20101020,31.55,31.92,31.51,31.80,73489
KFT,20101021,31.80,32.18,31.67,31.82,77814
KFT,20101022,31.93,32.00,31.77,31.90,61426
KFT,20101025,32.06,32.61,31.97,32.47,107540
KFT,20101026,32.41,32.67,32.14,32.33,88418
KFT,20101027,32.09,32.19,31.75,32.00,69684
KFT,20101028,32.30,32.37,31.94,32.14,70893
KFT,20101029,32.09,32.27,31.99,32.27,66135
KFT,20101101,32.30,32.46,31.74,31.78,91663
KFT,20101102,32.11,32.25,31.80,31.84,94655
KFT,20101103,31.86,32.00,31.44,31.57,120571
KFT,20101104,32.02,32.20,31.75,31.79,129120
KFT,20101105,31.16,31.56,30.60,31.08,200312
KFT,20101108,31.07,31.23,30.71,31.12,97054
KFT,20101109,31.25,31.29,30.50,30.62,133876
KFT,20101110,30.62,30.68,30.39,30.50,101786
KFT,20101111,30.41,30.51,30.28,30.46,80914
KFT,20101112,30.30,30.76,30.23,30.62,80778
KFT,20101115,30.69,30.90,30.66,30.79,80024
KFT,20101116,30.61,30.71,30.25,30.34,108367
KFT,20101117,30.37,30.57,30.30,30.49,67948
KFT,20101118,30.71,30.83,30.52,30.72,82160
KFT,20101119,30.79,30.79,30.36,30.44,88078
KFT,20101122,30.36,30.59,30.30,30.55,70528
KFT,20101123,30.29,30.35,30.12,30.23,75271
KFT,20101124,30.42,30.56,30.35,30.54,54818
KFT,20101126,30.36,30.43,30.23,30.30,31664
KFT,20101129,30.14,30.22,29.80,30.19,102261
KFT,20101130,30.00,30.35,29.95,30.25,95121
KFT,20101201,30.55,30.72,30.35,30.63,86515
KFT,20101202,30.65,30.76,30.28,30.43,104531
KFT,20101203,30.28,30.51,30.20,30.32,73766
KFT,20101206,30.23,30.32,30.10,30.29,71177
KFT,20101207,30.51,30.69,30.39,30.64,90082
KFT,20101208,30.71,31.05,30.60,31.03,101231
KFT,20101209,31.11,31.15,30.93,31.09,76478
KFT,20101210,31.19,31.22,30.63,30.75,89039
KFT,20101213,30.81,31.00,30.70,30.88,65564
KFT,20101214,30.95,31.50,30.93,31.39,90215
KFT,20101215,31.25,31.59,31.24,31.48,88734
KFT,20101216,31.48,31.65,31.30,31.64,72044
KFT,20101217,31.70,31.95,31.53,31.93,117015
KFT,20101220,31.98,31.98,31.70,31.73,99665
KFT,20101221,31.91,31.98,31.81,31.84,72359
KFT,20101222,31.81,31.97,31.74,31.88,58542
KFT,20101223,31.91,31.97,31.82,31.88,44918
KFT,20101227,31.81,31.84,31.58,31.61,45207
KFT,20101228,31.65,31.89,31.61,31.86,49000
KFT,20101229,31.68,31.82,31.56,31.56,52595
KFT,20101230,31.39,31.61,31.31,31.51,40332
KFT,20101231,31.49,31.63,31.37,31.51,33988
KFT,20110103,31.76,31.76,31.48,31.67,85258
KFT,20110104,31.61,31.75,31.36,31.60,115782
KFT,20110105,31.46,31.75,31.46,31.53,104585
KFT,20110106,31.60,31.60,31.18,31.27,76614
KFT,20110107,31.39,31.43,31.14,31.19,67476
