LNC,20090115,17.70,19.20,16.16,17.88,58883
LNC,20090116,18.57,19.53,17.52,18.21,61446
LNC,20090120,17.50,18.00,14.48,14.68,71775
LNC,20090121,15.70,16.90,15.17,16.67,80340
LNC,20090122,16.18,16.18,14.67,14.98,65661
LNC,20090123,14.35,16.76,13.18,16.26,54037
LNC,20090126,16.57,17.11,15.33,15.93,43110
LNC,20090127,16.31,17.00,15.98,16.95,39494
LNC,20090128,18.75,20.88,18.53,20.64,65046
LNC,20090129,19.90,19.90,16.54,16.84,71766
LNC,20090130,17.10,17.25,14.90,15.13,55170
LNC,20090202,14.71,16.48,14.55,16.18,51973
LNC,20090203,16.45,16.45,14.81,15.96,43754
LNC,20090204,16.15,16.75,15.61,15.81,32232
LNC,20090205,15.56,17.86,15.09,17.15,50207
LNC,20090206,16.39,16.74,15.25,16.52,58090
LNC,20090209,18.10,18.89,17.28,17.77,59321
LNC,20090210,16.72,17.77,14.22,14.42,85687
LNC,20090211,14.70,15.44,14.00,14.79,58504
LNC,20090212,14.46,14.97,13.50,14.77,72818
LNC,20090213,14.64,14.94,13.85,14.18,44164
LNC,20090217,13.06,13.74,12.70,12.78,88179
LNC,20090218,13.10,13.69,12.41,13.38,64023
LNC,20090219,13.64,13.77,11.56,11.67,71671
LNC,20090220,11.40,12.11,10.51,11.44,101933
LNC,20090223,11.70,12.21,10.36,10.36,66524
LNC,20090224,10.74,13.27,10.20,13.04,109758
LNC,20090225,12.85,13.30,10.14,11.21,140324
LNC,20090226,11.62,12.54,10.67,10.75,97027
LNC,20090227,9.50,9.74,8.41,8.59,132142
LNC,20090302,8.28,8.70,7.68,7.71,89349
LNC,20090303,8.03,8.19,6.19,6.56,125912
LNC,20090304,7.05,7.43,6.29,7.16,119555
LNC,20090305,6.61,7.07,5.56,5.85,106623
LNC,20090306,5.95,6.23,5.00,5.40,116976
LNC,20090309,5.20,6.14,4.90,5.01,104148
LNC,20090310,5.68,6.71,5.67,6.38,111942
LNC,20090311,6.83,7.59,6.39,7.19,138292
LNC,20090312,7.10,8.55,6.80,8.26,123673
LNC,20090313,8.61,9.91,8.39,9.03,105722
LNC,20090316,8.84,9.58,8.05,8.13,110414
LNC,20090317,8.28,8.71,6.93,8.15,161097
LNC,20090318,7.71,9.86,7.21,9.45,209272
LNC,20090319,9.71,10.05,7.50,8.04,183893
LNC,20090320,7.61,8.26,7.13,7.31,100938
LNC,20090323,8.15,9.70,8.00,9.70,108493
LNC,20090324,9.14,10.21,8.81,9.40,120082
LNC,20090325,9.44,10.05,8.41,9.18,103539
LNC,20090326,9.40,9.66,8.80,9.57,83095
LNC,20090327,9.15,10.92,8.85,10.37,103196
LNC,20090330,8.50,8.51,6.21,6.41,323302
LNC,20090331,6.56,7.74,6.56,6.69,319881
LNC,20090401,6.65,7.13,6.37,7.07,150756
LNC,20090402,7.40,7.51,6.30,6.49,225847
LNC,20090403,6.30,6.90,5.52,6.90,211217
LNC,20090406,6.35,6.85,6.16,6.38,122388
LNC,20090407,6.85,7.51,6.35,6.89,243779
LNC,20090408,9.03,10.00,8.60,9.15,402886
LNC,20090409,9.64,10.43,9.22,10.40,212505
LNC,20090413,10.12,10.40,9.25,10.24,141561
LNC,20090414,10.22,10.39,9.25,9.28,100229
LNC,20090415,9.03,10.08,8.75,10.08,78800
LNC,20090416,9.94,10.10,9.26,9.62,116475
LNC,20090417,9.39,10.32,9.12,10.07,121777
LNC,20090420,9.75,9.75,8.75,8.78,106312
LNC,20090421,8.93,10.56,8.66,10.56,164454
LNC,20090422,9.91,10.91,9.82,10.37,150805
LNC,20090423,10.70,10.70,9.81,10.16,95164
LNC,20090424,10.41,10.49,9.65,10.16,140253
LNC,20090427,9.73,10.13,9.73,9.90,64077
LNC,20090428,9.53,10.24,9.53,9.75,69665
LNC,20090429,10.18,11.37,10.17,11.29,117846
LNC,20090430,11.60,12.02,11.18,11.24,123243
LNC,20090501,10.83,11.71,10.61,11.39,81412
LNC,20090504,11.58,12.04,10.87,11.96,136153
LNC,20090505,11.95,13.04,11.40,11.71,169893
LNC,20090506,13.44,16.20,13.03,15.57,416302
LNC,20090507,16.60,17.40,15.32,15.90,234237
LNC,20090508,16.41,18.56,16.25,18.24,159104
LNC,20090511,18.13,18.14,16.45,16.58,152965
LNC,20090512,16.87,17.00,15.23,16.14,149678
LNC,20090513,15.63,16.03,14.32,14.42,129301
LNC,20090514,14.09,16.77,13.83,16.24,153996
LNC,20090515,18.19,18.25,15.44,16.12,226977
LNC,20090518,16.59,17.79,16.34,17.65,121306
LNC,20090519,17.61,18.33,16.93,17.60,122778
LNC,20090520,18.00,18.71,16.69,16.84,118290
LNC,20090521,17.00,17.66,16.44,17.08,120317
LNC,20090522,17.20,17.45,16.75,17.03,60616
LNC,20090526,16.84,17.78,16.18,17.70,108556
LNC,20090527,17.78,18.40,16.97,17.08,89022
LNC,20090528,17.39,18.12,17.22,18.01,92490
LNC,20090529,18.15,19.00,17.83,18.95,149970
LNC,20090601,19.18,19.99,18.91,19.58,109889
LNC,20090602,19.43,19.95,19.18,19.44,77088
LNC,20090603,19.21,19.28,17.95,18.22,67212
LNC,20090604,18.46,19.54,18.22,19.18,86177
LNC,20090605,19.73,19.82,18.89,19.57,72455
LNC,20090608,19.30,19.58,18.86,19.32,66604
LNC,20090609,18.97,19.25,18.46,18.64,52361
LNC,20090610,18.81,19.13,18.05,18.38,62013
LNC,20090611,18.32,19.30,18.26,18.95,68343
LNC,20090612,18.70,18.77,17.20,17.75,88087
LNC,20090615,16.43,16.51,15.83,15.83,104156
LNC,20090616,15.68,15.79,14.88,15.06,118721
LNC,20090617,15.46,15.49,14.72,14.90,401703
LNC,20090618,15.44,16.15,15.34,15.92,168582
LNC,20090619,16.40,17.10,16.20,16.86,158171
LNC,20090622,16.42,16.72,15.52,15.70,127862
LNC,20090623,16.25,16.38,15.30,16.29,126024
LNC,20090624,16.64,17.16,16.22,16.42,88861
LNC,20090625,16.32,16.74,15.95,16.63,71799
LNC,20090626,16.60,16.73,16.02,16.18,70700
LNC,20090629,16.28,17.38,16.28,17.08,89960
LNC,20090630,17.14,17.39,16.53,17.21,72183
LNC,20090701,17.32,17.45,16.86,17.31,51057
LNC,20090702,16.87,16.98,16.11,16.11,63933
LNC,20090706,16.12,16.82,15.97,16.74,63901
LNC,20090707,16.47,16.68,15.88,15.99,74095
LNC,20090708,16.10,16.23,14.34,15.04,122427
LNC,20090709,15.30,15.90,15.21,15.32,74160
LNC,20090710,15.36,15.45,14.58,14.60,106108
LNC,20090713,14.94,15.50,14.55,15.45,103078
LNC,20090714,15.58,15.90,15.41,15.73,59902
LNC,20090715,16.01,16.52,15.88,16.32,75868
LNC,20090716,16.18,16.50,15.75,16.32,47914
LNC,20090717,16.22,16.25,15.78,16.16,43562
LNC,20090720,16.62,17.22,16.59,17.14,78057
LNC,20090721,17.24,17.61,16.84,17.05,50654
LNC,20090722,16.90,17.20,16.62,16.79,56913
LNC,20090723,16.85,18.43,16.71,18.26,81309
LNC,20090724,17.62,18.71,17.62,18.61,45627
LNC,20090727,18.59,19.15,18.43,18.71,50076
LNC,20090728,18.45,18.64,17.90,18.37,42323
LNC,20090729,18.03,18.34,17.81,18.05,53533
LNC,20090730,19.15,20.71,18.39,20.29,170989
LNC,20090731,20.34,21.31,19.52,21.19,122661
LNC,20090803,21.60,22.66,21.55,22.66,93293
LNC,20090804,22.45,22.92,22.10,22.72,66212
LNC,20090805,22.82,23.36,22.17,22.96,58399
LNC,20090806,22.75,23.09,21.47,21.73,80476
LNC,20090807,22.40,23.18,22.35,22.64,61701
LNC,20090810,22.58,23.53,22.36,23.08,63939
LNC,20090811,22.76,22.91,21.36,21.80,72530
LNC,20090812,21.95,23.24,21.48,22.87,58557
LNC,20090813,23.27,24.45,23.00,24.14,69371
LNC,20090814,23.94,24.33,23.40,24.25,66139
LNC,20090817,23.36,23.49,22.03,22.22,86776
LNC,20090818,22.30,23.10,22.29,22.89,51771
LNC,20090819,22.22,23.50,22.19,23.10,51693
LNC,20090820,23.25,24.53,23.17,23.79,80766
LNC,20090821,24.25,25.24,24.18,25.07,89892
LNC,20090824,25.24,26.37,24.65,24.89,81597
LNC,20090825,25.20,26.00,24.87,24.98,75940
LNC,20090826,25.00,25.04,24.14,24.75,44804
LNC,20090827,24.72,25.42,24.13,25.18,46750
LNC,20090828,25.49,25.74,24.76,25.29,44552
LNC,20090831,24.68,25.39,24.56,25.24,38372
LNC,20090901,25.08,25.25,22.84,23.05,76471
LNC,20090902,22.88,23.46,22.21,22.98,59785
LNC,20090903,23.33,23.82,22.87,23.78,39523
LNC,20090904,23.73,23.91,23.16,23.80,32286
LNC,20090908,24.27,24.47,23.54,23.64,38178
LNC,20090909,23.64,24.54,23.46,24.34,42897
LNC,20090910,24.31,25.47,23.56,25.20,52909
LNC,20090911,25.42,25.44,24.65,24.86,46861
LNC,20090914,24.67,25.91,24.13,25.90,36614
LNC,20090915,26.09,26.34,25.38,25.48,45619
LNC,20090916,25.74,27.82,25.59,27.00,71266
LNC,20090917,26.91,27.82,26.21,26.42,50179
LNC,20090918,26.72,26.96,25.60,26.31,58753
LNC,20090921,25.93,25.93,25.33,25.49,39802
LNC,20090922,25.92,26.33,25.24,25.40,55608
LNC,20090923,25.50,25.95,24.90,24.93,56873
LNC,20090924,25.10,25.48,23.86,24.37,49508
LNC,20090925,24.13,24.77,23.85,24.11,41024
LNC,20090928,24.25,25.83,24.15,25.78,43817
LNC,20090929,25.84,26.92,25.76,26.02,63038
LNC,20090930,26.27,26.86,25.40,25.91,54811
LNC,20091001,25.72,25.72,24.17,24.17,68298
LNC,20091002,23.70,24.92,22.99,24.05,64022
LNC,20091005,24.56,25.74,24.36,25.73,65929
LNC,20091006,26.07,27.11,25.86,26.54,73012
LNC,20091007,26.33,26.95,26.04,26.82,38186
LNC,20091008,27.09,28.09,27.09,27.48,58313
LNC,20091009,27.36,28.07,27.16,27.84,34285
LNC,20091012,28.10,28.10,26.91,27.11,43434
LNC,20091013,26.86,26.86,25.73,26.09,58330
LNC,20091014,26.82,27.71,26.72,27.66,44930
LNC,20091015,27.31,27.83,26.70,26.99,49378
LNC,20091016,26.17,26.84,26.02,26.47,46233
LNC,20091019,26.67,27.10,26.29,26.61,39984
LNC,20091020,26.55,26.98,25.50,25.66,41196
LNC,20091021,25.64,26.35,24.99,25.09,42716
LNC,20091022,25.28,26.71,25.10,26.52,50783
LNC,20091023,26.64,26.65,25.25,25.41,40254
LNC,20091026,25.48,26.00,23.81,23.91,62819
LNC,20091027,24.20,24.75,23.44,23.56,59933
LNC,20091028,23.46,23.56,22.23,22.25,98337
LNC,20091029,24.00,25.88,23.65,25.34,128706
LNC,20091030,25.14,25.14,23.72,23.83,81421
LNC,20091102,24.11,24.88,22.83,23.29,67087
LNC,20091103,22.83,24.13,22.60,24.00,41058
LNC,20091104,25.18,25.18,23.20,23.30,69221
LNC,20091105,23.56,23.65,22.50,22.99,81972
LNC,20091106,22.54,23.84,22.41,23.75,47499
LNC,20091109,24.30,24.83,23.97,24.81,43092
LNC,20091110,24.58,25.15,24.27,24.50,42293
LNC,20091111,24.75,25.34,24.64,24.77,40785
LNC,20091112,24.58,24.82,23.47,23.49,51855
LNC,20091113,23.62,23.94,23.35,23.67,42294
LNC,20091116,23.96,24.98,23.96,24.60,47774
LNC,20091117,24.45,24.91,24.20,24.69,36188
LNC,20091118,24.55,25.19,24.37,24.78,39417
LNC,20091119,24.32,24.65,23.60,23.76,42651
LNC,20091120,23.49,23.90,23.15,23.53,35212
LNC,20091123,24.28,24.59,23.95,24.14,31601
LNC,20091124,24.15,24.16,23.41,23.91,27441
LNC,20091125,24.19,24.19,23.56,23.82,22162
LNC,20091127,22.73,23.31,22.67,22.81,24990
LNC,20091130,23.05,23.05,22.42,22.91,43987
LNC,20091201,23.29,23.46,22.58,22.79,52867
LNC,20091202,22.74,23.44,22.72,23.26,53738
LNC,20091203,23.40,23.97,22.30,22.38,57734
LNC,20091204,22.81,23.33,22.50,23.08,60912
LNC,20091207,22.92,23.30,22.69,22.71,39447
LNC,20091208,22.34,22.80,22.29,22.47,37845
LNC,20091209,22.62,22.92,21.99,22.64,34791
LNC,20091210,22.74,23.09,22.61,22.76,32553
LNC,20091211,22.84,22.96,22.28,22.44,39789
LNC,20091214,22.45,22.77,22.17,22.73,37743
LNC,20091215,22.63,23.05,22.00,22.12,45702
LNC,20091216,22.45,23.41,22.30,23.09,44814
LNC,20091217,23.50,24.21,23.33,23.52,69051
LNC,20091218,23.65,23.75,22.86,23.29,51623
LNC,20091221,23.68,23.92,23.37,23.84,37339
LNC,20091222,24.05,24.87,23.99,24.80,43309
LNC,20091223,24.80,25.46,24.80,25.38,36869
LNC,20091224,25.49,25.62,25.01,25.23,10552
LNC,20091228,25.22,25.54,25.06,25.32,18683
LNC,20091229,25.37,25.78,25.00,25.01,22720
LNC,20091230,24.77,25.10,24.66,24.85,21625
LNC,20091231,24.86,25.12,24.82,24.88,25909
LNC,20100104,25.32,25.91,24.93,25.88,38113
LNC,20100105,25.80,26.61,25.72,26.42,48391
LNC,20100106,26.25,26.93,25.93,26.82,45200
LNC,20100107,26.82,27.59,26.47,27.45,57138
LNC,20100108,27.18,27.48,26.65,27.03,34790
LNC,20100111,27.32,27.53,26.99,27.39,32331
LNC,20100112,28.40,28.44,26.67,26.93,59801
LNC,20100113,26.90,27.53,26.32,27.31,41435
LNC,20100114,27.18,27.56,26.49,27.46,49017
LNC,20100115,27.23,27.36,26.69,26.89,39403
LNC,20100119,26.85,27.71,26.60,27.69,35621
LNC,20100120,27.46,27.46,26.89,27.07,26641
LNC,20100121,27.11,27.40,25.83,26.01,59780
LNC,20100122,25.99,26.18,24.32,24.47,72368
LNC,20100125,25.10,25.65,24.54,24.81,32538
LNC,20100126,24.56,25.58,24.45,24.67,44137
LNC,20100127,24.47,25.57,24.34,25.49,37782
LNC,20100128,25.81,25.81,24.40,24.82,44695
LNC,20100129,25.09,25.68,24.43,24.58,43262
LNC,20100201,25.00,25.27,24.71,24.93,34422
LNC,20100202,25.00,26.30,24.71,26.17,60305
LNC,20100203,26.00,26.08,25.22,25.47,40347
LNC,20100204,25.19,25.19,23.75,23.77,71423
LNC,20100205,23.81,24.28,22.52,23.72,70997
LNC,20100208,23.82,24.52,23.37,23.50,50326
LNC,20100209,24.50,25.20,23.84,24.50,105336
LNC,20100210,24.50,24.88,24.05,24.46,33402
LNC,20100211,24.44,24.88,23.71,24.82,38911
LNC,20100212,24.46,24.80,23.96,24.70,38574
LNC,20100216,24.57,24.95,24.11,24.93,38970
LNC,20100217,25.19,25.40,24.91,25.15,33095
LNC,20100218,24.88,25.76,24.88,25.72,44587
LNC,20100219,25.43,25.71,24.76,25.48,48736
LNC,20100222,25.60,25.89,25.46,25.78,34422
LNC,20100223,25.61,25.61,24.42,24.65,51133
LNC,20100224,24.77,25.36,24.64,25.34,33452
LNC,20100225,24.80,25.30,24.51,25.27,50872
LNC,20100226,25.22,25.27,24.81,25.18,30866
LNC,20100301,25.27,25.69,25.19,25.62,26296
LNC,20100302,25.72,26.55,25.69,26.11,55373
LNC,20100303,26.15,26.35,25.94,26.27,33961
LNC,20100304,26.22,26.68,26.12,26.58,30897
LNC,20100305,26.66,27.10,26.53,26.98,31317
LNC,20100308,27.06,27.43,26.87,26.94,27792
LNC,20100309,26.90,27.40,26.56,27.18,23660
LNC,20100310,27.38,27.66,27.04,27.21,32293
LNC,20100311,27.06,27.34,26.84,27.33,18627
LNC,20100312,27.55,27.75,27.18,27.36,26960
LNC,20100315,27.12,28.32,27.12,28.20,54725
LNC,20100316,28.30,28.53,27.75,28.48,37562
LNC,20100317,29.10,30.74,29.07,29.73,99512
LNC,20100318,29.53,29.81,29.08,29.24,45116
LNC,20100319,29.33,29.49,28.74,28.76,38218
LNC,20100322,28.34,28.88,27.83,28.82,35576
LNC,20100323,28.84,29.05,28.41,28.96,27093
LNC,20100324,28.72,29.51,28.72,29.09,30614
LNC,20100325,29.44,29.94,28.94,28.99,46152
LNC,20100326,29.12,30.32,29.12,29.75,47065
LNC,20100329,30.07,30.27,29.89,30.22,37218
LNC,20100330,30.23,30.34,29.82,30.08,21379
LNC,20100331,29.90,30.70,29.86,30.70,39014
LNC,20100401,31.08,31.73,30.98,31.51,35554
LNC,20100405,31.72,32.30,31.46,32.29,40933
LNC,20100406,32.10,32.54,32.03,32.22,30977
LNC,20100407,32.01,32.14,31.13,31.36,47673
LNC,20100408,31.16,32.04,30.68,31.90,35143
LNC,20100409,31.95,31.99,31.25,31.66,27654
LNC,20100412,31.79,31.90,31.41,31.75,31390
LNC,20100413,31.64,31.82,31.14,31.80,26926
LNC,20100414,31.92,32.76,31.86,32.65,36191
LNC,20100415,32.43,32.61,31.91,32.26,28530
LNC,20100416,31.98,32.26,30.62,31.31,56089
LNC,20100419,30.90,32.12,30.88,32.12,51512
LNC,20100420,32.51,32.72,32.08,32.72,29425
LNC,20100421,32.60,32.75,31.94,32.45,26422
LNC,20100422,31.97,32.24,31.48,32.22,40084
LNC,20100423,32.24,32.89,32.05,32.79,42470
LNC,20100426,32.78,33.55,32.68,32.90,38802
LNC,20100427,32.56,32.57,30.45,30.65,46953
LNC,20100428,31.08,31.84,30.63,30.90,42614
LNC,20100429,30.80,31.96,29.72,31.52,61056
LNC,20100430,31.26,31.61,30.50,30.59,34259
LNC,20100503,30.62,31.33,30.59,31.20,35280
LNC,20100504,30.62,30.71,29.49,29.70,47532
LNC,20100505,29.11,29.72,28.26,28.74,70585
LNC,20100506,28.57,29.45,25.63,27.47,72134
LNC,20100507,27.35,28.05,25.94,26.64,74730
LNC,20100510,28.34,29.44,28.01,29.34,51987
LNC,20100511,28.68,30.14,28.56,29.51,44866
LNC,20100512,29.79,30.05,29.46,29.71,29890
LNC,20100513,29.51,30.06,29.20,29.41,33612
LNC,20100514,29.03,29.05,27.72,28.02,41056
LNC,20100517,27.97,28.46,27.03,28.00,36141
LNC,20100518,28.54,29.17,27.80,28.06,71435
LNC,20100519,27.68,28.81,27.15,27.74,84077
LNC,20100520,26.70,27.07,25.57,25.58,74148
LNC,20100521,24.78,26.05,24.78,25.51,121678
LNC,20100524,25.56,26.21,24.94,24.98,72936
LNC,20100525,24.42,25.75,23.86,25.67,76576
LNC,20100526,26.20,26.48,25.48,25.68,49665
LNC,20100527,26.62,27.47,25.96,27.41,38208
LNC,20100528,27.40,27.52,26.21,26.46,36198
LNC,20100601,25.96,26.42,25.60,25.64,57627
LNC,20100602,25.90,26.93,25.67,26.92,47812
LNC,20100603,27.12,27.65,26.72,27.28,39802
LNC,20100604,26.28,26.55,25.19,25.31,54191
LNC,20100607,25.46,25.86,24.59,24.62,41335
LNC,20100608,24.74,25.22,23.92,24.96,55479
LNC,20100609,25.15,25.86,24.77,24.91,37505
LNC,20100610,25.66,26.26,25.43,26.25,40147
LNC,20100611,25.68,26.42,25.47,26.36,27512
LNC,20100614,27.12,28.13,26.88,27.41,87488
LNC,20100615,27.79,28.10,27.33,27.88,179853
LNC,20100616,27.60,28.21,27.52,27.74,51499
LNC,20100617,27.96,28.05,27.30,27.72,36714
LNC,20100618,27.78,27.93,27.46,27.81,28205
LNC,20100621,28.24,28.68,27.40,27.64,40426
LNC,20100622,27.66,27.90,27.27,27.41,65931
LNC,20100623,27.31,27.42,26.63,27.05,58516
LNC,20100624,26.80,26.99,26.40,26.51,53343
LNC,20100625,26.74,27.26,26.17,27.07,56902
LNC,20100628,27.09,27.19,26.30,26.37,47065
LNC,20100629,25.66,25.79,24.42,24.63,63970
LNC,20100630,24.50,25.00,24.20,24.29,50580
LNC,20100701,24.22,24.45,22.99,23.67,64325
LNC,20100702,23.75,24.05,23.06,23.38,41356
LNC,20100706,23.95,24.62,23.23,23.56,42936
LNC,20100707,23.50,24.64,23.49,24.58,38053
LNC,20100708,24.97,25.19,24.42,24.93,30828
LNC,20100709,24.94,25.63,24.81,25.58,25247
LNC,20100712,25.37,25.46,24.81,25.07,27155
LNC,20100713,25.56,25.88,25.32,25.49,45219
LNC,20100714,24.75,24.85,23.77,24.04,84106
LNC,20100715,24.03,24.20,23.37,23.87,66864
LNC,20100716,23.50,23.65,22.57,22.62,64644
LNC,20100719,22.89,23.23,22.55,22.88,68796
LNC,20100720,22.37,23.09,21.95,23.06,54487
LNC,20100721,23.30,23.91,22.99,23.05,70374
LNC,20100722,23.46,24.28,23.35,24.13,56694
LNC,20100723,23.92,24.68,23.73,24.61,51058
LNC,20100726,24.53,24.90,24.19,24.77,55947
LNC,20100727,25.00,25.31,24.49,24.56,38600
LNC,20100728,24.40,24.63,24.01,24.09,53245
LNC,20100729,25.85,25.95,24.48,25.76,96394
LNC,20100730,25.40,26.27,25.08,26.04,65445
LNC,20100802,26.77,26.83,26.23,26.46,52236
LNC,20100803,26.20,26.25,25.37,25.48,53690
LNC,20100804,25.65,25.77,25.06,25.32,38886
LNC,20100805,24.96,25.13,24.70,24.98,40965
LNC,20100806,24.65,24.80,24.06,24.69,42656
LNC,20100809,24.90,25.25,24.67,25.17,31912
LNC,20100810,24.87,25.04,24.45,24.63,43697
LNC,20100811,24.00,24.07,22.93,22.95,76351
LNC,20100812,22.52,23.19,22.50,22.83,46204
LNC,20100813,22.76,23.17,22.57,22.69,34169
LNC,20100816,22.50,22.75,22.07,22.25,37306
LNC,20100817,22.50,22.94,22.45,22.46,46684
LNC,20100818,22.46,22.64,22.19,22.34,50770
LNC,20100819,22.25,22.25,21.40,21.58,47132
LNC,20100820,21.39,21.47,21.01,21.33,35022
LNC,20100823,21.17,21.65,21.05,21.29,43152
LNC,20100824,20.89,21.09,20.65,20.97,57005
LNC,20100825,20.80,21.79,20.65,21.70,94741
LNC,20100826,21.82,22.12,21.39,21.52,60837
LNC,20100827,21.73,23.80,21.17,23.73,139912
LNC,20100830,23.75,23.77,22.74,22.90,77237
LNC,20100831,22.65,23.60,22.44,23.37,55755
LNC,20100901,23.95,24.78,23.76,24.72,53828
LNC,20100902,24.75,25.09,24.43,25.00,44344
LNC,20100903,25.30,26.10,25.04,26.09,65337
LNC,20100907,25.44,25.49,24.41,24.91,68837
LNC,20100908,25.00,25.62,24.86,24.95,45486
LNC,20100909,25.58,25.71,24.95,25.46,36373
LNC,20100910,25.50,25.68,25.21,25.50,30896
LNC,20100913,25.95,26.00,25.66,25.95,33648
LNC,20100914,25.80,26.14,25.36,25.74,31444
LNC,20100915,25.44,25.50,24.88,25.36,49108
LNC,20100916,25.18,25.20,24.54,24.72,95929
LNC,20100917,24.97,25.02,24.53,24.56,106710
LNC,20100920,24.61,25.37,24.53,25.29,60519
LNC,20100921,25.41,25.59,24.95,25.04,46987
LNC,20100922,25.02,25.03,23.93,23.94,67398
LNC,20100923,23.59,23.84,23.19,23.25,53718
LNC,20100924,23.73,24.24,23.66,24.10,34674
LNC,20100927,23.96,24.03,23.62,23.68,29692
LNC,20100928,23.71,24.05,23.23,23.99,41155
LNC,20100929,23.77,24.20,23.74,23.94,26684
LNC,20100930,24.24,24.50,23.86,23.92,33254
LNC,20101001,24.19,24.38,23.74,23.97,29363
LNC,20101004,23.92,24.28,23.73,23.90,29852
LNC,20101005,24.31,24.89,23.86,24.70,54331
LNC,20101006,24.73,24.95,24.45,24.73,40682
LNC,20101007,24.91,24.94,24.30,24.41,25280
LNC,20101008,24.39,25.07,24.25,24.94,39452
LNC,20101011,24.94,25.50,24.88,25.45,36316
LNC,20101012,25.20,25.30,24.90,25.15,28695
LNC,20101013,25.37,25.81,25.22,25.43,32183
LNC,20101014,25.41,25.85,24.97,25.27,34283
LNC,20101015,25.61,25.65,24.79,25.09,38173
LNC,20101018,25.09,26.01,25.08,25.99,57339
LNC,20101019,25.75,26.02,25.10,25.36,39618
LNC,20101020,25.53,26.10,25.33,25.91,42201
LNC,20101021,26.15,26.45,25.86,26.13,34824
LNC,20101022,26.13,26.27,25.90,26.01,28269
LNC,20101025,25.68,26.31,25.47,25.82,42597
LNC,20101026,25.60,25.84,25.19,25.37,57275
LNC,20101027,24.91,25.30,24.70,25.13,47602
LNC,20101028,25.42,25.61,24.46,25.01,47300
LNC,20101029,24.86,24.98,24.44,24.48,40173
LNC,20101101,24.72,24.90,24.10,24.27,37736
LNC,20101102,24.65,25.00,24.51,24.97,41600
LNC,20101103,23.96,24.75,23.41,24.30,87047
LNC,20101104,24.94,25.15,24.64,24.90,53563
LNC,20101105,24.96,25.57,24.84,25.43,45970
LNC,20101108,25.20,25.31,24.89,24.93,30316
LNC,20101109,25.00,25.23,24.32,24.43,40431
LNC,20101110,24.42,24.92,24.24,24.87,38231
LNC,20101111,24.55,25.25,24.12,25.00,67496
LNC,20101112,24.73,24.85,23.86,23.89,52871
LNC,20101115,24.11,24.51,24.00,24.20,44640
LNC,20101116,23.95,24.15,23.45,23.67,67361
LNC,20101117,23.65,24.39,23.52,23.89,48709
LNC,20101118,24.32,24.91,24.26,24.54,38109
LNC,20101119,24.53,24.69,24.15,24.52,28074
LNC,20101122,24.32,24.35,23.86,24.24,29546
LNC,20101123,23.80,23.81,23.34,23.42,43610
LNC,20101124,23.67,23.92,23.54,23.85,21770
LNC,20101126,23.56,23.78,23.40,23.64,12830
LNC,20101129,23.42,23.72,23.17,23.63,27195
LNC,20101130,23.37,24.04,23.26,23.88,46377
LNC,20101201,24.35,24.58,24.04,24.52,39110
LNC,20101202,24.55,25.29,24.49,25.12,37131
LNC,20101203,24.86,25.34,24.54,25.21,32502
LNC,20101206,25.03,25.19,24.79,25.07,22300
LNC,20101207,25.57,25.61,25.23,25.34,37969
LNC,20101208,25.61,27.47,25.47,27.24,118803
LNC,20101209,27.37,27.86,27.09,27.82,64957
LNC,20101210,27.79,28.19,27.72,28.14,53484
LNC,20101213,28.37,28.48,27.68,27.71,41178
LNC,20101214,27.83,28.18,27.68,28.00,35891
LNC,20101215,28.50,28.71,28.00,28.09,47825
LNC,20101216,28.20,28.49,28.01,28.05,27546
LNC,20101217,28.10,28.61,27.97,28.43,40052
LNC,20101220,28.44,28.57,28.10,28.12,26077
LNC,20101221,28.51,28.89,28.45,28.75,31795
LNC,20101222,28.82,29.12,28.62,28.92,28980
LNC,20101223,28.81,28.99,28.12,28.30,23336
LNC,20101227,28.14,28.58,27.89,28.31,20821
LNC,20101228,28.38,28.47,27.79,27.92,24414
LNC,20101229,28.07,28.12,27.66,27.76,16390
LNC,20101230,27.74,27.90,27.42,27.50,15349
LNC,20101231,27.44,27.91,27.33,27.81,16924
LNC,20110103,28.17,29.40,28.00,29.28,56455
LNC,20110104,29.28,29.64,28.98,29.57,48304
LNC,20110105,29.21,29.71,29.14,29.71,39158
LNC,20110106,29.62,29.68,29.00,29.22,28419
LNC,20110107,29.34,29.61,28.93,29.25,35871
