MJN,20090211,26.00,27.07,25.90,26.43,217439
MJN,20090212,26.36,27.19,26.00,27.16,39708
MJN,20090213,26.77,27.19,26.67,26.81,10647
MJN,20090217,26.44,27.63,26.30,27.26,12646
MJN,20090218,27.63,28.22,27.20,27.94,14651
MJN,20090219,27.91,28.98,27.88,28.56,11561
MJN,20090220,28.43,29.63,27.87,29.63,15477
MJN,20090223,29.66,29.85,27.27,27.30,11004
MJN,20090224,27.41,28.00,27.06,27.41,8442
MJN,20090225,27.82,28.35,26.85,27.92,9849
MJN,20090226,28.27,28.30,27.00,27.56,6015
MJN,20090227,27.35,27.85,27.02,27.44,4387
MJN,20090302,27.60,27.84,26.86,27.00,5853
MJN,20090303,27.26,27.30,26.00,26.44,7500
MJN,20090304,26.97,27.45,26.72,27.00,5445
MJN,20090305,27.00,27.19,26.61,27.03,9106
MJN,20090306,26.90,27.18,26.25,26.44,5262
MJN,20090309,26.25,27.10,26.12,26.36,1665
MJN,20090310,26.37,27.13,26.30,26.48,2506
MJN,20090311,26.25,26.98,26.16,26.58,8120
MJN,20090312,26.36,28.02,26.35,27.98,10035
MJN,20090313,28.25,28.33,27.34,27.42,4301
MJN,20090316,27.70,27.70,26.21,26.32,4373
MJN,20090317,26.30,27.60,26.25,27.54,3367
MJN,20090318,27.15,27.75,27.02,27.57,3335
MJN,20090319,27.40,27.76,27.11,27.42,3267
MJN,20090320,27.57,28.38,27.13,27.67,4422
MJN,20090323,27.77,27.97,26.50,27.37,6027
MJN,20090324,26.96,27.50,26.51,27.00,7376
MJN,20090325,26.99,28.00,26.76,27.32,5558
MJN,20090326,27.26,27.70,26.75,27.55,4623
MJN,20090327,27.25,27.75,27.15,27.53,3319
MJN,20090330,26.91,28.00,26.71,27.30,5081
MJN,20090331,27.73,28.98,27.55,28.87,30277
MJN,20090401,28.86,28.86,27.69,27.88,7604
MJN,20090402,28.38,28.43,27.08,27.26,5143
MJN,20090403,27.48,27.58,27.06,27.35,3704
MJN,20090406,27.05,28.08,26.81,28.05,3532
MJN,20090407,27.55,28.33,27.11,27.15,6642
MJN,20090408,27.57,27.57,26.84,26.90,3785
MJN,20090409,27.10,27.21,26.26,26.60,7894
MJN,20090413,26.84,27.00,26.20,26.48,3940
MJN,20090414,26.43,27.36,26.15,26.50,3770
MJN,20090415,26.74,26.84,26.00,26.61,7544
MJN,20090416,26.65,27.32,26.46,27.00,2287
MJN,20090417,27.14,27.14,26.36,26.47,6584
MJN,20090420,26.38,26.38,25.72,26.22,3545
MJN,20090421,26.00,26.91,25.96,26.36,2763
MJN,20090422,26.00,26.86,25.98,26.61,4644
MJN,20090423,26.94,27.06,26.20,26.33,3909
MJN,20090424,26.87,26.87,26.04,26.28,6152
MJN,20090427,26.00,26.86,26.00,26.25,5366
MJN,20090428,27.62,29.54,27.10,28.47,15856
MJN,20090429,28.98,29.05,27.75,28.96,9510
MJN,20090430,28.81,29.30,28.00,28.25,5711
MJN,20090501,28.29,28.45,27.75,28.36,2428
MJN,20090504,28.80,30.13,28.70,30.13,3840
MJN,20090505,30.44,31.00,29.05,30.80,4964
MJN,20090506,31.19,31.35,28.79,29.75,9065
MJN,20090507,29.98,30.05,28.82,29.97,3951
MJN,20090508,30.06,30.76,29.48,30.76,4908
MJN,20090511,30.44,30.86,29.74,29.95,2769
MJN,20090512,29.74,30.11,29.35,29.82,1890
MJN,20090513,29.90,29.96,28.02,29.45,5935
MJN,20090514,29.67,29.67,28.74,28.84,3926
MJN,20090515,29.24,29.24,28.80,28.82,4988
MJN,20090518,28.80,29.21,28.70,29.21,1620
MJN,20090519,28.77,29.86,28.52,29.42,3425
MJN,20090520,29.27,29.81,28.50,28.58,3169
MJN,20090521,28.10,29.78,27.70,29.73,3115
MJN,20090522,29.41,29.88,29.29,29.70,970
MJN,20090526,29.59,31.17,29.56,30.74,3993
MJN,20090527,30.39,31.20,30.00,30.41,2690
MJN,20090528,30.74,31.00,30.23,30.42,5006
MJN,20090529,30.05,31.16,29.78,31.16,9210
MJN,20090601,31.28,32.68,31.16,31.80,4888
MJN,20090602,31.42,32.19,31.28,32.01,3593
MJN,20090603,31.48,32.19,31.48,32.00,4663
MJN,20090604,31.82,32.00,30.82,31.70,2631
MJN,20090605,31.47,32.07,31.01,31.96,1844
MJN,20090608,32.12,32.12,31.46,31.48,1120
MJN,20090609,31.89,32.00,31.52,31.92,1910
MJN,20090610,31.99,31.99,30.30,30.86,3973
MJN,20090611,31.18,31.36,30.83,31.19,1509
MJN,20090612,31.44,31.48,30.86,31.36,2206
MJN,20090615,31.51,31.67,30.75,31.35,4747
MJN,20090616,31.65,31.98,31.33,31.66,3812
MJN,20090617,31.78,33.76,31.52,32.25,5474
MJN,20090618,32.05,32.86,31.43,32.79,8954
MJN,20090619,33.05,33.05,32.01,32.30,2828
MJN,20090622,32.20,32.26,31.55,31.99,2257
MJN,20090623,31.76,32.04,30.44,30.90,4034
MJN,20090624,30.63,31.35,30.43,31.11,2499
MJN,20090625,31.00,31.76,30.37,31.60,5008
MJN,20090626,31.81,32.23,31.25,31.90,4743
MJN,20090629,31.90,32.11,31.01,31.30,2400
MJN,20090630,31.65,32.16,30.66,31.77,6395
MJN,20090701,31.81,32.29,31.51,32.18,5936
MJN,20090702,31.97,32.62,31.66,31.66,11170
MJN,20090706,32.14,32.70,31.87,32.53,5098
MJN,20090707,32.29,33.41,32.29,33.15,10837
MJN,20090708,32.94,33.85,32.85,33.41,10350
MJN,20090709,33.12,33.37,32.71,33.21,2643
MJN,20090710,33.10,33.68,32.67,32.95,12217
MJN,20090713,32.88,33.18,32.76,32.95,1835
MJN,20090714,32.72,33.41,32.68,33.14,6982
MJN,20090715,33.34,33.59,32.85,33.14,3924
MJN,20090716,33.36,33.83,32.80,33.47,6242
MJN,20090717,33.44,34.07,33.25,33.71,5575
MJN,20090720,33.98,34.27,33.23,34.03,3819
MJN,20090721,34.47,34.70,33.77,34.62,6141
MJN,20090722,34.50,34.55,33.88,34.02,5688
MJN,20090723,35.07,37.25,34.55,36.51,9814
MJN,20090724,36.32,37.14,36.19,37.00,6781
MJN,20090727,36.89,37.21,36.50,37.09,2667
MJN,20090728,36.91,37.25,36.69,37.03,4598
MJN,20090729,37.21,37.28,36.39,36.57,2584
MJN,20090730,36.20,36.92,36.11,36.21,8028
MJN,20090731,36.05,36.50,35.96,36.41,2048
MJN,20090803,36.35,36.84,36.02,36.45,3336
MJN,20090804,36.49,36.53,36.07,36.45,5512
MJN,20090805,36.74,37.53,36.24,37.11,1834
MJN,20090806,37.53,37.53,36.68,37.36,2045
MJN,20090807,37.78,39.06,37.28,38.90,3573
MJN,20090810,38.42,39.83,38.30,39.36,4456
MJN,20090811,39.65,39.98,39.24,39.91,5143
MJN,20090812,39.54,39.78,38.89,38.90,3418
MJN,20090813,38.92,39.00,37.39,37.68,3038
MJN,20090814,37.62,37.93,37.16,37.41,3122
MJN,20090817,37.43,37.99,37.17,37.43,3748
MJN,20090818,37.81,38.71,37.57,38.50,1830
MJN,20090819,38.54,39.04,37.92,38.92,953
MJN,20090820,39.26,40.00,39.02,39.53,1776
MJN,20090821,39.57,40.22,39.34,39.96,2475
MJN,20090824,40.37,40.50,39.64,39.81,1119
MJN,20090825,40.22,40.43,38.94,39.25,2351
MJN,20090826,39.00,39.70,38.99,39.70,1030
MJN,20090827,40.05,40.10,39.36,39.82,1403
MJN,20090828,40.22,41.38,39.82,40.06,2512
MJN,20090831,39.75,40.50,39.50,39.66,2319
MJN,20090901,40.00,40.53,39.50,39.79,1478
MJN,20090902,40.17,40.50,39.78,39.88,1084
MJN,20090903,39.45,40.51,39.45,40.37,1009
MJN,20090904,39.91,40.14,39.70,40.00,2705
MJN,20090908,39.90,40.62,39.57,39.75,3903
MJN,20090909,40.06,40.50,39.45,40.04,2070
MJN,20090910,40.26,40.40,39.29,39.45,2632
MJN,20090911,39.74,39.77,38.82,39.05,2207
MJN,20090914,38.76,39.14,38.49,39.05,1664
MJN,20090915,38.53,39.42,38.53,39.25,2012
MJN,20090916,39.51,39.70,39.20,39.56,1911
MJN,20090917,39.14,41.30,39.07,40.04,5154
MJN,20090918,40.25,41.28,39.87,40.08,8129
MJN,20090921,40.12,40.63,39.88,40.45,7690
MJN,20090922,40.55,41.98,40.34,41.70,3941
MJN,20090923,41.70,42.95,41.45,42.00,10027
MJN,20090924,42.50,42.50,41.50,41.75,3333
MJN,20090925,42.00,42.72,41.49,42.48,7066
MJN,20090928,42.90,43.64,42.41,43.35,4344
MJN,20090929,43.79,50.35,42.90,43.16,98289
MJN,20090930,43.25,46.00,43.25,45.11,16476
MJN,20091001,45.49,45.76,44.77,45.45,5296
MJN,20091002,45.67,47.75,45.37,47.24,8522
MJN,20091005,47.02,47.27,46.30,46.85,6612
MJN,20091006,46.99,47.49,44.88,45.37,11190
MJN,20091007,45.26,45.48,44.37,45.17,5050
MJN,20091008,45.30,45.47,44.80,45.00,8739
MJN,20091009,45.37,45.43,43.78,44.31,4285
MJN,20091012,44.13,44.46,43.11,43.32,4505
MJN,20091013,43.43,43.45,40.92,41.66,9751
MJN,20091014,42.60,43.84,42.43,42.99,9692
MJN,20091015,43.39,44.35,43.30,44.11,6373
MJN,20091016,43.72,43.97,42.91,42.97,4400
MJN,20091019,42.71,43.38,42.21,42.84,7191
MJN,20091020,43.25,43.33,42.30,43.03,6707
MJN,20091021,43.26,45.00,43.11,43.65,11910
MJN,20091022,40.60,43.46,39.55,42.68,26835
MJN,20091023,42.35,42.58,41.63,42.16,10708
MJN,20091026,41.77,42.08,41.67,41.81,3571
MJN,20091027,41.34,42.38,40.57,42.12,5700
MJN,20091028,41.69,42.02,41.10,41.60,3332
MJN,20091029,42.10,42.75,41.72,42.59,3624
MJN,20091030,42.17,42.86,41.89,42.04,3496
MJN,20091102,42.33,42.67,41.84,42.51,3728
MJN,20091103,42.21,42.24,41.89,42.14,1648
MJN,20091104,41.96,42.66,41.92,42.10,2857
MJN,20091105,42.55,43.06,42.06,43.00,5918
MJN,20091106,42.66,44.13,42.66,44.00,3049
MJN,20091109,44.10,44.10,43.25,43.98,4155
MJN,20091110,44.38,45.89,44.26,45.50,10068
MJN,20091111,46.00,46.23,45.31,45.80,5726
MJN,20091112,46.24,46.24,44.79,45.11,8450
MJN,20091113,45.58,45.58,44.86,45.25,5264
MJN,20091116,44.00,45.06,43.13,43.21,62741
MJN,20091117,43.68,44.59,43.26,44.35,25387
MJN,20091118,45.28,45.50,43.35,44.01,22667
MJN,20091119,43.66,44.16,43.30,43.75,29140
MJN,20091120,44.64,44.64,43.26,44.31,25054
MJN,20091123,44.52,45.34,44.28,44.84,23250
MJN,20091124,44.34,44.80,44.00,44.55,30077
MJN,20091125,44.30,45.27,44.28,44.94,11596
MJN,20091127,44.43,44.86,43.96,44.44,8695
MJN,20091130,44.96,44.96,43.74,43.87,20468
MJN,20091201,44.00,44.27,42.41,42.52,20017
MJN,20091202,42.05,42.93,42.05,42.45,18746
MJN,20091203,42.65,44.08,42.45,43.91,30657
MJN,20091204,43.93,44.19,43.60,43.90,30495
MJN,20091207,43.85,43.85,42.10,42.25,32340
MJN,20091208,42.26,42.46,41.31,41.74,50390
MJN,20091209,41.31,41.88,41.15,41.59,26816
MJN,20091210,41.59,42.54,41.30,42.41,53951
MJN,20091211,42.83,42.90,42.35,42.45,39664
MJN,20091214,43.50,43.50,42.71,43.23,111270
MJN,20091215,43.19,43.22,42.33,42.85,114473
MJN,20091216,42.56,42.99,42.37,42.59,93105
MJN,20091217,42.50,42.54,41.80,41.96,157330
MJN,20091218,41.42,42.36,41.20,41.50,368816
MJN,20091221,41.40,43.04,41.40,42.25,79467
MJN,20091222,42.67,43.20,42.55,43.09,62031
MJN,20091223,43.05,43.50,42.95,43.27,101830
MJN,20091224,43.38,43.40,42.72,43.11,15456
MJN,20091228,43.97,44.49,43.50,44.43,44583
MJN,20091229,44.97,44.97,44.37,44.58,44864
MJN,20091230,44.50,44.59,43.69,44.12,20385
MJN,20091231,44.34,44.60,43.62,43.70,23540
MJN,20100104,43.89,45.50,43.89,44.99,60104
MJN,20100105,45.04,45.28,44.15,44.61,59708
MJN,20100106,44.58,45.28,44.29,45.26,45544
MJN,20100107,45.26,46.16,45.26,45.96,53702
MJN,20100108,46.00,46.04,45.02,45.23,29892
MJN,20100111,45.57,45.66,45.00,45.59,13903
MJN,20100112,45.54,45.86,45.27,45.49,20634
MJN,20100113,45.40,46.47,45.27,46.29,24235
MJN,20100114,46.40,46.65,46.06,46.31,20084
MJN,20100115,46.56,47.01,46.06,46.81,32297
MJN,20100119,47.19,47.45,46.61,46.90,19766
MJN,20100120,46.50,46.82,45.75,46.10,35926
MJN,20100121,46.31,46.44,45.05,45.12,22435
MJN,20100122,45.00,45.42,44.30,44.53,29733
MJN,20100125,44.89,44.96,43.59,43.62,32431
MJN,20100126,43.52,44.33,43.50,44.15,20751
MJN,20100127,43.92,44.29,43.50,44.00,24472
MJN,20100128,44.22,47.86,44.22,45.17,54121
MJN,20100129,45.76,46.06,45.08,45.23,34214
MJN,20100201,45.43,46.35,45.25,46.25,29573
MJN,20100202,46.33,47.08,45.83,45.89,19908
MJN,20100203,45.95,47.10,45.79,47.00,25275
MJN,20100204,46.74,46.74,45.89,46.51,30491
MJN,20100205,46.26,46.48,45.79,46.29,25686
MJN,20100208,46.17,46.53,45.94,46.05,13878
MJN,20100209,46.34,47.03,45.92,46.60,15691
MJN,20100210,46.53,46.85,45.90,46.56,13798
MJN,20100211,46.47,46.47,45.21,45.30,36821
MJN,20100212,45.30,45.60,44.92,45.05,25061
MJN,20100216,45.40,45.48,44.32,45.40,20908
MJN,20100217,45.42,46.47,45.28,46.43,22554
MJN,20100218,46.45,46.50,45.78,46.47,22250
MJN,20100219,46.39,46.78,46.25,46.78,28639
MJN,20100222,46.76,47.00,46.34,46.68,21629
MJN,20100223,46.78,46.94,46.00,46.21,16289
MJN,20100224,46.45,46.85,45.96,46.30,14990
MJN,20100225,45.96,47.12,45.96,46.88,22581
MJN,20100226,47.06,47.52,46.66,47.30,16988
MJN,20100301,47.43,48.24,47.15,47.83,23604
MJN,20100302,47.83,48.40,47.75,48.00,11774
MJN,20100303,48.09,48.50,47.79,48.39,12682
MJN,20100304,48.42,48.51,48.13,48.50,17444
MJN,20100305,48.86,49.94,48.50,49.91,27484
MJN,20100308,49.93,50.05,49.30,49.96,29565
MJN,20100309,49.86,50.85,49.75,50.68,28722
MJN,20100310,50.61,50.97,50.54,50.94,21151
MJN,20100311,50.80,51.86,50.75,51.71,21077
MJN,20100312,51.96,52.29,51.65,51.99,20530
MJN,20100315,52.04,52.16,51.57,51.77,11789
MJN,20100316,51.80,51.80,50.93,51.11,23931
MJN,20100317,51.54,51.55,50.53,51.41,20757
MJN,20100318,51.40,52.07,51.35,51.73,15824
MJN,20100319,51.87,52.25,51.08,51.39,19897
MJN,20100322,51.08,51.54,51.08,51.47,13736
MJN,20100323,51.44,52.48,50.90,52.33,23147
MJN,20100324,52.32,52.68,51.75,51.87,18061
MJN,20100325,52.18,52.40,51.49,51.52,16414
MJN,20100326,51.76,51.91,51.50,51.83,18914
MJN,20100329,51.98,52.44,51.76,52.35,9720
MJN,20100330,52.85,52.87,52.19,52.20,10263
MJN,20100331,52.24,52.67,51.89,52.03,10690
MJN,20100401,52.30,52.91,51.95,52.90,12215
MJN,20100405,52.95,53.00,52.19,52.31,6274
MJN,20100406,52.29,52.64,51.59,52.29,14187
MJN,20100407,52.35,52.55,51.81,51.84,7494
MJN,20100408,51.80,52.01,51.69,51.96,14673
MJN,20100409,51.98,52.15,51.75,52.09,8540
MJN,20100412,51.97,52.75,51.80,52.25,11530
MJN,20100413,52.20,52.87,51.76,52.32,9440
MJN,20100414,52.31,52.75,51.76,52.09,8296
MJN,20100415,51.85,52.05,51.52,51.59,12272
MJN,20100416,51.65,52.25,50.96,51.40,20640
MJN,20100419,51.49,51.54,51.02,51.44,8490
MJN,20100420,51.51,51.73,51.06,51.64,7001
MJN,20100421,51.77,52.45,51.61,51.76,11242
MJN,20100422,51.76,52.93,51.36,52.91,12541
MJN,20100423,52.93,53.99,52.47,53.94,14946
MJN,20100426,54.14,54.35,52.51,52.53,16778
MJN,20100427,52.57,52.57,49.46,49.53,33410
MJN,20100428,49.72,51.06,49.64,50.42,26069
MJN,20100429,51.70,53.64,51.50,53.58,26181
MJN,20100430,52.76,53.11,51.59,51.61,17788
MJN,20100503,51.60,51.95,50.86,51.27,12624
MJN,20100504,50.92,51.09,50.14,50.26,13249
MJN,20100505,50.00,50.34,48.74,49.78,21930
MJN,20100506,49.75,49.75,47.01,48.20,25492
MJN,20100507,48.17,48.50,46.75,48.31,57668
MJN,20100510,49.95,51.51,49.95,51.03,24124
MJN,20100511,50.44,51.79,50.00,51.25,15891
MJN,20100512,51.42,52.42,51.30,52.42,17248
MJN,20100513,52.47,52.75,51.72,51.74,11155
MJN,20100514,51.53,51.74,49.95,50.32,15897
MJN,20100517,50.31,51.62,50.31,51.15,14393
MJN,20100518,51.45,52.24,50.85,51.04,18651
MJN,20100519,51.13,51.61,50.50,51.50,18841
MJN,20100520,50.73,50.73,47.59,47.61,52921
MJN,20100521,47.19,49.09,46.45,49.09,45679
MJN,20100524,50.61,50.61,47.88,48.13,26153
MJN,20100525,46.83,48.08,46.17,47.99,24427
MJN,20100526,48.27,48.89,47.46,48.55,27663
MJN,20100527,49.43,49.85,48.93,49.84,15268
MJN,20100528,50.14,50.14,49.25,49.32,11141
MJN,20100601,48.80,49.88,48.60,48.89,17017
MJN,20100602,49.26,49.59,48.44,49.28,20744
MJN,20100603,49.94,50.13,49.19,50.02,17024
MJN,20100604,49.20,50.27,49.06,49.59,22177
MJN,20100607,49.52,49.57,48.10,48.22,21753
MJN,20100608,48.20,49.39,47.27,48.75,23554
MJN,20100609,48.89,50.49,48.51,49.56,29260
MJN,20100610,50.32,51.60,50.00,51.57,24283
MJN,20100611,51.25,52.02,51.02,51.90,17149
MJN,20100614,52.66,53.44,52.39,52.75,28615
MJN,20100615,52.98,53.39,52.68,53.34,14764
MJN,20100616,52.79,54.18,52.66,53.93,18561
MJN,20100617,53.95,54.22,53.55,54.19,16090
MJN,20100618,54.12,54.57,53.69,54.39,15995
MJN,20100621,54.97,55.24,53.12,53.44,16607
MJN,20100622,53.67,54.16,52.83,52.95,15838
MJN,20100623,52.85,53.12,52.21,52.55,15483
MJN,20100624,52.42,52.87,51.76,51.90,11191
MJN,20100625,51.69,51.98,51.12,51.41,31551
MJN,20100628,51.61,52.43,51.25,52.23,15482
MJN,20100629,51.68,51.75,50.44,50.57,23644
MJN,20100630,50.43,51.00,49.84,50.12,28680
MJN,20100701,50.30,50.63,49.55,50.53,16078
MJN,20100702,50.70,51.50,50.43,51.17,15001
MJN,20100706,51.80,52.58,51.20,51.78,23335
MJN,20100707,51.92,53.79,51.84,53.73,28288
MJN,20100708,53.97,54.20,52.97,53.79,17046
MJN,20100709,53.65,54.01,53.30,53.88,9513
MJN,20100712,53.60,54.20,53.59,53.93,14441
MJN,20100713,54.27,54.27,53.80,54.12,10999
MJN,20100714,53.71,54.21,53.46,54.07,7471
MJN,20100715,54.08,54.39,53.51,54.38,7804
MJN,20100716,54.04,54.11,52.55,53.02,16403
MJN,20100719,53.32,53.66,52.82,53.60,9991
MJN,20100720,53.18,53.89,52.55,53.84,8802
MJN,20100721,53.75,53.97,53.06,53.20,10768
MJN,20100722,53.95,54.04,53.27,53.92,12855
MJN,20100723,53.87,54.65,53.70,54.55,7419
MJN,20100726,54.48,54.72,54.02,54.28,14431
MJN,20100727,54.62,54.90,54.22,54.55,12592
MJN,20100728,54.22,54.55,52.86,52.99,13221
MJN,20100729,51.08,53.43,50.96,52.28,44966
MJN,20100730,51.94,53.83,51.56,53.14,19415
MJN,20100802,54.31,54.66,53.60,53.99,21552
MJN,20100803,53.52,54.03,53.25,53.30,11282
MJN,20100804,53.49,54.36,53.27,54.35,10316
MJN,20100805,53.70,53.80,52.94,53.10,11318
MJN,20100806,52.65,53.47,52.42,53.33,8749
MJN,20100809,53.41,53.46,52.91,52.93,6683
MJN,20100810,52.75,53.33,52.28,53.07,15125
MJN,20100811,52.15,52.43,51.20,51.21,12442
MJN,20100812,50.60,51.70,50.51,51.56,8425
MJN,20100813,51.65,52.86,51.16,52.58,13020
MJN,20100816,52.28,52.58,52.01,52.45,5957
MJN,20100817,53.02,53.91,52.69,53.77,13459
MJN,20100818,53.68,54.30,53.39,53.91,8231
MJN,20100819,53.75,53.93,52.53,52.94,12324
MJN,20100820,52.75,53.56,52.23,53.41,13114
MJN,20100823,53.43,53.88,52.65,52.68,9903
MJN,20100824,52.37,52.64,52.16,52.48,20468
MJN,20100825,52.15,52.50,51.70,52.15,14158
MJN,20100826,52.62,52.71,52.04,52.24,8774
MJN,20100827,52.49,52.50,51.40,52.46,13605
MJN,20100830,52.26,52.49,51.55,51.55,4856
MJN,20100831,51.14,52.39,51.14,52.19,14276
MJN,20100901,54.00,55.16,53.37,54.03,15818
MJN,20100902,54.23,55.75,54.21,55.37,15017
MJN,20100903,55.96,56.00,54.48,55.14,12324
MJN,20100907,55.11,55.30,54.58,54.63,7287
MJN,20100908,55.04,55.22,54.65,54.88,7512
MJN,20100909,55.52,56.35,55.26,55.85,12710
MJN,20100910,55.76,56.81,55.66,56.70,14087
MJN,20100913,56.93,57.14,55.70,56.15,9643
MJN,20100914,56.04,56.32,55.09,55.62,8363
MJN,20100915,55.77,56.19,55.45,56.08,6120
MJN,20100916,55.77,56.34,55.75,56.15,6882
MJN,20100917,56.25,56.25,55.08,55.10,13174
MJN,20100920,55.30,56.36,55.02,55.65,9942
MJN,20100921,55.71,56.01,55.23,55.94,11796
MJN,20100922,55.96,57.07,55.60,56.67,12887
MJN,20100923,56.15,57.17,55.99,56.01,10310
MJN,20100924,56.65,58.04,56.54,57.12,21256
MJN,20100927,56.85,57.11,56.27,56.50,10277
MJN,20100928,56.23,57.06,55.92,56.66,18824
MJN,20100929,56.55,56.81,56.09,56.75,14491
MJN,20100930,56.94,57.17,56.08,56.91,25151
MJN,20101001,56.97,57.25,55.79,56.25,13322
MJN,20101004,55.91,56.23,55.60,55.95,10379
MJN,20101005,56.54,56.72,56.20,56.25,10839
MJN,20101006,56.30,56.41,55.69,56.00,6283
MJN,20101007,56.10,56.28,55.58,56.19,8261
MJN,20101008,56.77,56.82,55.94,56.50,12506
MJN,20101011,56.54,57.97,56.51,57.91,14763
MJN,20101012,57.85,58.53,57.45,58.30,9360
MJN,20101013,58.29,58.97,57.86,58.24,14643
MJN,20101014,58.25,58.39,57.68,57.77,8259
MJN,20101015,58.38,58.44,57.41,57.82,9217
MJN,20101018,58.12,58.36,57.71,58.09,5918
MJN,20101019,57.40,57.87,57.09,57.40,9622
MJN,20101020,57.85,58.32,57.47,57.92,10392
MJN,20101021,58.25,59.46,58.03,58.20,11862
MJN,20101022,58.42,59.30,58.22,59.04,8729
MJN,20101025,59.49,59.86,58.31,58.38,9898
MJN,20101026,58.46,58.51,56.75,57.10,29343
MJN,20101027,56.54,57.42,56.28,57.28,12516
MJN,20101028,59.26,59.68,57.85,58.73,21358
MJN,20101029,58.65,59.30,58.11,58.82,15730
MJN,20101101,59.41,59.85,58.81,59.15,9393
MJN,20101102,59.67,59.75,59.21,59.45,9677
MJN,20101103,59.34,59.63,58.86,59.47,7936
MJN,20101104,59.79,60.40,59.38,59.45,11446
MJN,20101105,59.78,59.90,59.34,59.44,8142
MJN,20101108,59.24,59.31,58.34,59.23,9535
MJN,20101109,59.93,60.63,59.25,59.58,19787
MJN,20101110,59.76,60.05,59.65,59.99,15985
MJN,20101111,59.42,59.80,59.34,59.70,11533
MJN,20101112,59.42,60.20,59.20,59.61,10034
MJN,20101115,59.71,60.95,59.59,60.61,13745
MJN,20101116,60.40,60.70,58.63,59.39,16977
MJN,20101117,59.15,59.88,58.87,59.49,8777
MJN,20101118,59.78,60.25,59.59,60.00,7942
MJN,20101119,60.00,60.32,59.47,60.15,10980
MJN,20101122,59.74,60.49,59.64,60.15,6665
MJN,20101123,59.53,59.67,58.87,58.99,11081
MJN,20101124,59.67,60.49,59.43,60.21,12867
MJN,20101126,60.08,60.97,59.99,60.54,9313
MJN,20101129,60.17,60.25,59.30,59.76,12315
MJN,20101130,59.36,60.48,59.36,59.57,41898
MJN,20101201,60.75,61.26,59.87,60.15,14938
MJN,20101202,60.80,61.42,60.51,61.41,16964
MJN,20101203,61.32,62.23,61.27,62.04,9459
MJN,20101206,61.86,62.52,61.37,62.11,13605
MJN,20101207,62.71,63.38,61.78,61.84,13314
MJN,20101208,62.05,62.42,61.73,62.19,9202
MJN,20101209,62.38,62.64,61.62,62.01,11469
MJN,20101210,62.23,62.32,61.92,62.26,7146
MJN,20101213,62.42,62.59,61.93,62.21,14517
MJN,20101214,62.32,62.45,61.84,61.98,11785
MJN,20101215,61.76,61.93,61.04,61.29,14195
MJN,20101216,61.23,62.25,60.96,62.25,9235
MJN,20101217,62.25,62.97,61.95,62.52,29625
MJN,20101220,62.75,62.80,62.12,62.55,10456
MJN,20101221,62.46,62.91,61.82,61.99,10520
MJN,20101222,61.86,62.11,61.79,61.93,6053
MJN,20101223,62.12,62.35,61.66,62.05,6126
MJN,20101227,61.70,62.20,61.49,61.71,5671
MJN,20101228,61.86,62.00,61.34,61.70,13860
MJN,20101229,61.75,61.87,61.17,61.29,9607
MJN,20101230,61.21,61.95,60.79,61.42,10732
MJN,20101231,61.49,62.53,61.17,62.25,9237
MJN,20110103,62.58,62.89,62.13,62.30,18253
MJN,20110104,62.57,62.62,60.94,61.20,13026
MJN,20110105,60.89,61.80,60.86,61.77,15999
MJN,20110106,61.86,62.29,61.24,61.40,8013
MJN,20110107,61.34,61.71,60.88,61.04,9161
