MO,20090115,16.24,16.50,16.05,16.37,276874
MO,20090116,16.68,16.95,16.31,16.84,287228
MO,20090120,16.95,17.63,16.80,17.16,386690
MO,20090121,17.42,17.52,16.46,16.97,312213
MO,20090122,16.76,17.08,16.66,16.96,186829
MO,20090123,16.71,17.02,16.59,16.84,152112
MO,20090126,16.99,17.10,16.59,16.69,166055
MO,20090127,16.76,17.00,16.70,16.93,173139
MO,20090128,17.07,17.07,16.50,16.80,196814
MO,20090129,16.99,17.07,16.77,16.84,226631
MO,20090130,16.90,16.99,16.51,16.54,278360
MO,20090202,16.44,16.93,16.40,16.69,197427
MO,20090203,16.76,17.00,16.73,16.93,224550
MO,20090204,16.94,17.03,16.70,16.75,250910
MO,20090205,16.76,16.78,16.32,16.47,227857
MO,20090206,16.51,16.98,16.36,16.96,204510
MO,20090209,16.92,16.94,16.71,16.81,123588
MO,20090210,16.87,16.90,16.35,16.47,202185
MO,20090211,16.55,16.73,16.42,16.47,144602
MO,20090212,16.47,16.58,16.17,16.55,196284
MO,20090213,16.35,16.39,15.84,15.92,245844
MO,20090217,15.65,15.76,15.42,15.57,212603
MO,20090218,15.63,15.75,15.41,15.53,192028
MO,20090219,15.07,15.85,15.07,15.70,166145
MO,20090220,14.89,15.61,14.89,15.46,182270
MO,20090223,14.83,15.59,14.83,15.05,172824
MO,20090224,15.13,15.44,15.00,15.37,194602
MO,20090225,15.35,15.62,15.15,15.41,375576
MO,20090226,15.58,15.75,15.11,15.12,130705
MO,20090227,15.00,15.59,14.90,15.44,273877
MO,20090302,15.24,15.41,15.00,15.07,219475
MO,20090303,15.06,15.10,14.50,14.62,324087
MO,20090304,14.88,15.22,14.58,15.07,233954
MO,20090305,15.11,15.98,15.00,15.65,349092
MO,20090306,15.81,15.84,15.47,15.72,228838
MO,20090309,15.61,15.99,15.51,15.86,205522
MO,20090310,16.06,16.65,15.88,16.60,272016
MO,20090311,16.70,16.72,16.25,16.39,234649
MO,20090312,16.07,16.39,15.83,16.30,195046
MO,20090313,16.28,16.86,16.06,16.68,180893
MO,20090316,16.71,17.24,16.71,16.91,182018
MO,20090317,16.97,17.23,16.70,17.22,152292
MO,20090318,16.96,17.15,16.66,16.85,192930
MO,20090319,16.94,16.98,16.43,16.69,188596
MO,20090320,16.80,17.10,16.65,16.78,185306
MO,20090323,16.96,17.11,16.67,17.11,155410
MO,20090324,17.12,17.32,16.91,17.22,141508
MO,20090325,17.20,17.40,17.01,17.27,134217
MO,20090326,17.35,17.39,16.84,17.21,199166
MO,20090327,17.00,17.00,16.43,16.56,172002
MO,20090330,16.34,16.74,16.16,16.38,132372
MO,20090331,16.49,16.54,15.82,16.02,241692
MO,20090401,15.84,16.40,15.76,16.30,165886
MO,20090402,16.40,16.45,16.03,16.11,192782
MO,20090403,16.01,16.21,15.97,16.16,137630
MO,20090406,16.06,16.21,15.97,16.16,114024
MO,20090407,16.13,16.53,16.00,16.29,146978
MO,20090408,16.32,16.48,16.18,16.39,92608
MO,20090409,16.37,16.48,16.03,16.31,158413
MO,20090413,16.48,16.64,16.31,16.56,143134
MO,20090414,16.51,16.62,16.18,16.48,141952
MO,20090415,16.44,16.92,16.40,16.89,162899
MO,20090416,16.97,17.04,16.58,16.98,149939
MO,20090417,17.01,17.15,16.85,16.99,153447
MO,20090420,16.96,17.15,16.78,16.93,147286
MO,20090421,16.84,16.99,16.63,16.73,158416
MO,20090422,16.58,17.34,16.46,16.85,293651
MO,20090423,16.92,16.98,16.71,16.90,128289
MO,20090424,16.95,17.24,16.76,16.92,149041
MO,20090427,16.86,17.13,16.80,16.88,114504
MO,20090428,16.80,17.10,16.76,17.00,122114
MO,20090429,17.06,17.10,16.79,16.82,150436
MO,20090430,16.96,16.98,16.33,16.33,208552
MO,20090501,16.40,16.40,16.12,16.37,117200
MO,20090504,16.60,16.60,16.07,16.17,194491
MO,20090505,16.25,16.61,16.06,16.60,148816
MO,20090506,16.71,17.07,16.63,17.06,191786
MO,20090507,17.14,17.15,16.79,17.03,141481
MO,20090508,17.16,17.20,16.97,17.10,124586
MO,20090511,17.00,17.16,16.85,17.04,102063
MO,20090512,17.16,17.62,17.13,17.39,168526
MO,20090513,17.32,17.50,17.03,17.21,123784
MO,20090514,17.17,17.35,16.87,17.00,186576
MO,20090515,16.99,17.22,16.91,16.98,193730
MO,20090518,16.94,16.95,16.50,16.88,252987
MO,20090519,16.89,16.92,16.67,16.81,136721
MO,20090520,16.92,16.99,16.67,16.77,221258
MO,20090521,16.63,16.72,16.54,16.64,147847
MO,20090522,16.60,16.81,16.52,16.64,123701
MO,20090526,16.64,16.99,16.59,16.92,129415
MO,20090527,16.94,16.96,16.64,16.66,129600
MO,20090528,16.66,17.06,16.66,17.00,152697
MO,20090529,17.08,17.10,16.82,17.09,118104
MO,20090601,17.19,17.25,17.10,17.19,119916
MO,20090602,17.22,17.29,17.12,17.12,111850
MO,20090603,17.06,17.12,16.95,17.00,238385
MO,20090604,17.00,17.12,16.91,16.97,140507
MO,20090605,17.06,17.15,16.93,17.03,129958
MO,20090608,17.00,17.43,16.90,17.21,213144
MO,20090609,17.31,17.40,17.16,17.35,203586
MO,20090610,17.40,17.49,16.98,17.07,244421
MO,20090611,16.95,17.18,16.84,16.85,209849
MO,20090612,16.80,16.89,16.52,16.64,194648
MO,20090615,16.58,16.64,16.45,16.55,176057
MO,20090616,16.56,16.63,16.26,16.26,152715
MO,20090617,16.34,16.48,16.20,16.22,217541
MO,20090618,16.27,16.49,16.22,16.38,138022
MO,20090619,16.45,16.54,16.30,16.41,274292
MO,20090622,16.28,16.48,16.23,16.35,163613
MO,20090623,16.45,16.45,16.19,16.26,165621
MO,20090624,16.37,16.41,16.15,16.21,136193
MO,20090625,16.24,16.54,16.18,16.54,162015
MO,20090626,16.54,16.56,16.34,16.48,179261
MO,20090629,16.53,16.55,16.39,16.50,94358
MO,20090630,16.51,16.56,16.28,16.39,130800
MO,20090701,16.46,16.75,16.40,16.68,138768
MO,20090702,16.57,16.62,16.26,16.30,185944
MO,20090706,16.24,16.67,16.10,16.62,155326
MO,20090707,16.54,16.65,16.32,16.35,143065
MO,20090708,16.42,16.46,16.29,16.40,154767
MO,20090709,16.44,16.44,16.30,16.35,147731
MO,20090710,16.49,16.53,16.29,16.47,212816
MO,20090713,16.50,16.68,16.45,16.66,133921
MO,20090714,16.63,16.70,16.56,16.64,137826
MO,20090715,16.75,16.89,16.61,16.85,188591
MO,20090716,16.78,17.09,16.78,16.99,231266
MO,20090717,17.01,17.37,16.95,17.34,165561
MO,20090720,17.39,17.40,17.15,17.27,133423
MO,20090721,17.34,17.50,17.20,17.33,131858
MO,20090722,17.11,17.50,17.07,17.30,164301
MO,20090723,17.37,17.50,17.17,17.41,170548
MO,20090724,17.38,17.49,17.19,17.34,116993
MO,20090727,17.28,17.44,17.11,17.43,138971
MO,20090728,17.42,17.75,17.26,17.58,140596
MO,20090729,17.60,17.72,17.50,17.69,110058
MO,20090730,17.83,18.00,17.66,17.68,136906
MO,20090731,17.71,17.94,17.43,17.53,129703
MO,20090803,17.73,17.87,17.60,17.63,156900
MO,20090804,17.63,17.74,17.47,17.61,157695
MO,20090805,17.64,17.70,17.41,17.51,127695
MO,20090806,17.60,17.64,17.44,17.64,148517
MO,20090807,17.72,17.83,17.60,17.71,110892
MO,20090810,17.70,17.75,17.50,17.56,113269
MO,20090811,17.51,17.74,17.48,17.52,142319
MO,20090812,17.49,17.77,17.46,17.58,338624
MO,20090813,17.66,17.70,17.50,17.64,165854
MO,20090814,17.60,17.73,17.48,17.56,90578
MO,20090817,17.40,17.55,17.36,17.52,150054
MO,20090818,17.51,17.72,17.45,17.64,108398
MO,20090819,17.56,17.74,17.50,17.66,125948
MO,20090820,17.70,17.89,17.57,17.84,123996
MO,20090821,18.01,18.10,17.83,18.04,170653
MO,20090824,18.14,18.45,18.05,18.33,167211
MO,20090825,18.44,18.44,18.07,18.15,191192
MO,20090826,18.09,18.21,18.05,18.17,135168
MO,20090827,18.22,18.28,18.00,18.27,208619
MO,20090828,18.40,18.45,18.12,18.22,156242
MO,20090831,18.27,18.37,18.15,18.28,135211
MO,20090901,18.27,18.33,18.03,18.11,175586
MO,20090902,18.16,18.37,18.06,18.28,179150
MO,20090903,18.39,18.39,18.15,18.21,121028
MO,20090904,18.20,18.51,18.18,18.50,120443
MO,20090908,18.62,18.62,18.46,18.52,181202
MO,20090909,18.56,18.68,18.46,18.59,201225
MO,20090910,18.68,18.70,18.40,18.53,270940
MO,20090911,18.31,18.35,18.00,18.14,208089
MO,20090914,18.15,18.23,17.93,17.99,214402
MO,20090915,18.04,18.10,17.77,17.91,179212
MO,20090916,18.00,18.29,17.92,18.23,194783
MO,20090917,18.24,18.30,17.89,18.02,214694
MO,20090918,18.08,18.08,17.95,17.96,191586
MO,20090921,17.86,18.04,17.75,18.04,165440
MO,20090922,18.05,18.06,17.81,17.89,165482
MO,20090923,17.87,17.99,17.73,17.75,225503
MO,20090924,17.77,17.80,17.47,17.50,213698
MO,20090925,17.55,17.70,17.46,17.50,107750
MO,20090928,17.58,17.76,17.50,17.67,142504
MO,20090929,17.66,18.00,17.66,17.90,184089
MO,20090930,17.95,17.97,17.69,17.81,209537
MO,20091001,17.77,17.80,17.38,17.54,425189
MO,20091002,17.41,17.53,17.36,17.47,157776
MO,20091005,17.60,17.68,17.28,17.64,165461
MO,20091006,17.75,17.89,17.50,17.81,169523
MO,20091007,17.78,17.86,17.66,17.73,134154
MO,20091008,17.82,17.92,17.79,17.85,107823
MO,20091009,17.96,18.11,17.84,18.06,139080
MO,20091012,18.20,18.29,18.08,18.12,134715
MO,20091013,18.18,18.21,17.98,18.06,118177
MO,20091014,18.20,18.28,18.08,18.23,120660
MO,20091015,18.20,18.30,18.14,18.25,137347
MO,20091016,18.19,18.34,18.10,18.27,142650
MO,20091019,18.32,18.65,18.30,18.35,192583
MO,20091020,18.40,18.72,18.34,18.66,175599
MO,20091021,18.37,18.43,18.10,18.21,283999
MO,20091022,18.17,18.27,17.98,18.18,143057
MO,20091023,18.18,18.18,17.80,17.93,155522
MO,20091026,17.99,18.14,17.81,17.98,199267
MO,20091027,18.00,18.20,17.88,18.14,167543
MO,20091028,18.23,18.32,18.15,18.20,143673
MO,20091029,18.23,18.47,18.07,18.36,158460
MO,20091030,18.31,18.42,18.09,18.11,160680
MO,20091102,18.12,18.36,18.02,18.30,113964
MO,20091103,18.27,18.47,18.17,18.46,151938
MO,20091104,18.46,18.65,18.38,18.47,156144
MO,20091105,18.58,18.73,18.47,18.67,175873
MO,20091106,18.58,18.61,18.41,18.54,192784
MO,20091109,18.83,18.93,18.68,18.87,198487
MO,20091110,18.88,19.20,18.83,19.07,171020
MO,20091111,19.23,19.25,18.91,18.97,154413
MO,20091112,18.97,19.16,18.95,19.02,114991
MO,20091113,19.07,19.30,19.00,19.26,146344
MO,20091116,19.41,19.48,19.30,19.34,185922
MO,20091117,19.26,19.37,19.19,19.24,150393
MO,20091118,19.26,19.41,19.22,19.30,120274
MO,20091119,19.32,19.36,19.11,19.21,133536
MO,20091120,19.16,19.17,18.88,18.98,199125
MO,20091123,19.13,19.22,19.05,19.13,241630
MO,20091124,19.20,19.42,19.07,19.30,198920
MO,20091125,19.36,19.40,19.12,19.19,140126
MO,20091127,19.00,19.25,18.81,19.00,136341
MO,20091130,19.10,19.10,18.75,18.81,176923
MO,20091201,18.96,19.17,18.91,19.07,126660
MO,20091202,19.08,19.23,19.08,19.16,129524
MO,20091203,19.24,19.32,19.12,19.14,137491
MO,20091204,19.15,19.43,19.15,19.32,166081
MO,20091207,19.33,19.47,19.24,19.37,177730
MO,20091208,19.46,19.46,19.13,19.26,127900
MO,20091209,19.30,19.42,19.25,19.37,168895
MO,20091210,19.45,19.51,19.43,19.45,99452
MO,20091211,19.50,19.60,19.45,19.52,237221
MO,20091214,19.66,19.85,19.60,19.67,138845
MO,20091215,19.65,19.78,19.48,19.70,114153
MO,20091216,19.79,19.82,19.62,19.63,161865
MO,20091217,19.58,19.67,19.51,19.59,128000
MO,20091218,19.70,19.74,19.56,19.65,189444
MO,20091221,19.74,19.83,19.70,19.71,98672
MO,20091222,19.80,19.93,19.79,19.87,126968
MO,20091223,20.02,20.29,19.98,20.16,227695
MO,20091224,20.34,20.47,20.25,20.37,85425
MO,20091228,20.19,20.19,19.83,19.98,124759
MO,20091229,20.02,20.03,19.85,19.85,77494
MO,20091230,19.85,19.89,19.72,19.81,93313
MO,20091231,19.74,19.83,19.63,19.63,63568
MO,20100104,19.77,19.87,19.58,19.79,110491
MO,20100105,19.81,19.85,19.67,19.80,117421
MO,20100106,19.85,20.11,19.80,20.09,213073
MO,20100107,20.08,20.14,19.95,20.06,149834
MO,20100108,20.04,20.12,19.87,20.11,108228
MO,20100111,20.28,20.35,20.11,20.26,119111
MO,20100112,20.21,20.25,20.03,20.15,153062
MO,20100113,20.12,20.40,20.12,20.24,119398
MO,20100114,20.23,20.45,20.16,20.38,96199
MO,20100115,20.44,20.64,20.31,20.42,161586
MO,20100119,20.26,20.57,20.25,20.38,177475
MO,20100120,20.27,20.36,20.15,20.33,125836
MO,20100121,20.33,20.37,19.81,19.89,218621
MO,20100122,19.89,20.04,19.70,19.71,136556
MO,20100125,19.82,20.08,19.68,19.91,151548
MO,20100126,19.75,20.05,19.75,19.96,131031
MO,20100127,19.97,20.05,19.83,19.99,125446
MO,20100128,19.90,20.10,19.80,20.01,164445
MO,20100129,20.08,20.10,19.83,19.86,193362
MO,20100201,19.90,19.98,19.78,19.88,102492
MO,20100202,19.93,19.99,19.81,19.93,123998
MO,20100203,19.93,19.94,19.69,19.78,116829
MO,20100204,19.70,19.72,19.40,19.42,134054
MO,20100205,19.38,19.41,19.14,19.38,143342
MO,20100208,19.43,19.63,19.35,19.37,138424
MO,20100209,19.54,19.58,19.23,19.46,169646
MO,20100210,19.54,19.54,19.25,19.38,113807
MO,20100211,19.40,19.74,19.25,19.61,170052
MO,20100212,19.54,19.74,19.40,19.63,157490
MO,20100216,19.84,19.89,19.57,19.73,150815
MO,20100217,19.77,19.85,19.70,19.78,87580
MO,20100218,19.75,20.08,19.73,20.00,111816
MO,20100219,19.93,20.21,19.93,20.16,127532
MO,20100222,20.13,20.33,20.08,20.27,127905
MO,20100223,20.23,20.25,19.93,19.97,211700
MO,20100224,20.08,20.31,19.95,20.26,181031
MO,20100225,20.14,20.46,20.01,20.41,213089
MO,20100226,20.48,20.48,20.12,20.12,157207
MO,20100301,20.17,20.34,20.17,20.27,104220
MO,20100302,20.36,20.45,20.30,20.33,126620
MO,20100303,20.47,20.48,20.30,20.35,127624
MO,20100304,20.40,20.44,20.28,20.42,140959
MO,20100305,20.50,20.78,20.48,20.71,122497
MO,20100308,20.80,20.81,20.67,20.74,139017
MO,20100309,20.73,20.83,20.70,20.77,165550
MO,20100310,20.80,20.86,20.70,20.82,156732
MO,20100311,20.48,20.58,20.18,20.37,130495
MO,20100312,20.47,20.48,20.13,20.20,165370
MO,20100315,20.26,20.40,20.11,20.37,130104
MO,20100316,20.32,20.52,20.32,20.36,129561
MO,20100317,20.45,20.46,20.23,20.33,332442
MO,20100318,20.35,20.48,20.35,20.46,89229
MO,20100319,20.45,20.55,20.25,20.34,158623
MO,20100322,20.31,20.48,20.23,20.44,94474
MO,20100323,20.45,20.54,20.36,20.52,89219
MO,20100324,20.52,20.52,20.40,20.47,169744
MO,20100325,20.49,20.60,20.47,20.52,148481
MO,20100326,20.53,20.59,20.37,20.42,110358
MO,20100329,20.50,20.69,20.46,20.65,123763
MO,20100330,20.69,20.73,20.51,20.65,127623
MO,20100331,20.60,20.65,20.46,20.52,96190
MO,20100401,20.54,20.84,20.54,20.83,163143
MO,20100405,20.89,20.97,20.84,20.92,90157
MO,20100406,20.93,21.03,20.90,20.98,104358
MO,20100407,21.03,21.03,20.67,20.79,129714
MO,20100408,20.68,20.79,20.64,20.68,131824
MO,20100409,20.95,20.96,20.70,20.93,87199
MO,20100412,20.96,21.20,20.94,21.10,105722
MO,20100413,21.05,21.15,20.88,21.10,97276
MO,20100414,21.10,21.16,20.97,21.16,131916
MO,20100415,21.08,21.12,21.00,21.10,82928
MO,20100416,21.02,21.16,20.75,20.87,159301
MO,20100419,20.80,20.93,20.80,20.93,86674
MO,20100420,21.00,21.20,20.95,21.17,131526
MO,20100421,21.30,21.61,21.25,21.46,154807
MO,20100422,21.40,21.46,21.20,21.28,125875
MO,20100423,21.31,21.39,21.12,21.36,101434
MO,20100426,21.39,21.44,21.17,21.25,171870
MO,20100427,21.25,21.25,20.91,20.92,186933
MO,20100428,21.08,21.11,20.91,21.02,149611
MO,20100429,21.08,21.30,21.07,21.18,103051
MO,20100430,21.23,21.48,21.18,21.19,142183
MO,20100503,21.28,21.50,21.22,21.40,104135
MO,20100504,21.29,21.40,21.20,21.26,167175
MO,20100505,21.15,21.46,21.11,21.22,128818
MO,20100506,21.11,21.20,19.20,20.75,312899
MO,20100507,20.67,20.84,20.36,20.76,255383
MO,20100510,21.31,21.60,21.03,21.58,248278
MO,20100511,21.48,21.74,21.37,21.59,180947
MO,20100512,21.76,21.77,21.48,21.67,157134
MO,20100513,21.72,21.80,21.58,21.63,108270
MO,20100514,21.58,21.75,21.50,21.61,199408
MO,20100517,21.64,21.91,21.57,21.70,184157
MO,20100518,21.77,21.80,21.34,21.37,203360
MO,20100519,21.23,21.37,21.07,21.31,180461
MO,20100520,21.09,21.10,20.67,20.67,233940
MO,20100521,20.45,21.03,20.20,21.01,325988
MO,20100524,20.93,21.10,20.79,20.85,265289
MO,20100525,20.35,20.59,20.15,20.40,321374
MO,20100526,20.66,20.69,20.14,20.16,251336
MO,20100527,20.45,20.63,20.31,20.54,267446
MO,20100528,20.60,20.65,20.25,20.29,234784
MO,20100601,20.20,20.42,20.07,20.12,207923
MO,20100602,20.25,20.40,20.16,20.38,230522
MO,20100603,20.50,20.60,20.40,20.59,149087
MO,20100604,20.40,20.47,19.97,20.02,302458
MO,20100607,20.16,20.22,19.82,19.82,254176
MO,20100608,19.87,20.27,19.82,20.20,271613
MO,20100609,20.24,20.37,20.01,20.05,402112
MO,20100610,20.29,20.46,20.25,20.32,334596
MO,20100611,19.86,20.10,19.68,20.08,225355
MO,20100614,20.16,20.25,19.57,19.57,309444
MO,20100615,19.66,19.92,19.60,19.91,150150
MO,20100616,19.79,19.91,19.75,19.83,109350
MO,20100617,19.80,20.01,19.76,19.99,159185
MO,20100618,20.03,20.08,19.95,20.02,145710
MO,20100621,20.20,20.23,20.00,20.06,126764
MO,20100622,20.07,20.15,19.78,19.85,125029
MO,20100623,19.78,19.93,19.71,19.77,138940
MO,20100624,19.75,19.87,19.59,19.62,171905
MO,20100625,19.66,19.77,19.53,19.70,284832
MO,20100628,19.77,20.89,19.69,20.34,477371
MO,20100629,20.19,20.26,19.85,19.96,268857
MO,20100630,20.00,20.25,19.91,20.04,196858
MO,20100701,20.16,20.27,19.89,20.24,178650
MO,20100702,20.22,20.40,20.05,20.31,114136
MO,20100706,20.55,20.70,20.39,20.54,130102
MO,20100707,20.59,20.90,20.48,20.89,175738
MO,20100708,20.95,21.43,20.88,21.32,221406
MO,20100709,21.40,21.48,21.16,21.30,150294
MO,20100712,21.40,21.48,21.23,21.30,107101
MO,20100713,21.39,21.45,21.22,21.34,121010
MO,20100714,21.26,21.35,21.17,21.35,108935
MO,20100715,21.35,21.49,21.28,21.46,108685
MO,20100716,21.41,21.46,21.11,21.26,140955
MO,20100719,21.32,21.49,21.30,21.38,102899
MO,20100720,21.22,21.52,21.16,21.52,106737
MO,20100721,21.65,21.70,21.26,21.41,135684
MO,20100722,21.50,21.89,21.42,21.85,198618
MO,20100723,21.85,22.23,21.77,22.12,209750
MO,20100726,22.21,22.25,21.86,21.99,186381
MO,20100727,22.00,22.15,21.94,22.05,116641
MO,20100728,22.04,22.14,21.98,22.07,96047
MO,20100729,22.21,22.25,21.95,22.02,130212
MO,20100730,21.83,22.25,21.82,22.16,105129
MO,20100802,22.39,22.40,22.21,22.25,135271
MO,20100803,22.15,22.29,22.07,22.12,103250
MO,20100804,22.19,22.43,22.11,22.35,114018
MO,20100805,22.24,22.40,22.21,22.34,85116
MO,20100806,22.25,22.55,22.17,22.54,104398
MO,20100809,22.60,22.68,22.53,22.59,68185
MO,20100810,22.50,22.78,22.44,22.63,84391
MO,20100811,22.40,22.68,22.36,22.44,136374
MO,20100812,22.20,22.52,22.15,22.45,97055
MO,20100813,22.45,22.51,22.29,22.35,64045
MO,20100816,22.26,22.60,22.15,22.60,98843
MO,20100817,22.68,22.99,22.53,22.92,151885
MO,20100818,22.88,22.98,22.76,22.93,154763
MO,20100819,22.91,22.95,22.55,22.76,125769
MO,20100820,22.72,22.81,22.62,22.71,112665
MO,20100823,22.85,22.94,22.69,22.73,122928
MO,20100824,22.57,22.86,22.37,22.79,156772
MO,20100825,22.66,22.90,22.51,22.85,216168
MO,20100826,22.86,22.89,22.45,22.61,125466
MO,20100827,22.69,22.70,22.38,22.54,157880
MO,20100830,22.59,22.68,22.51,22.52,123940
MO,20100831,22.42,22.53,22.26,22.32,198976
MO,20100901,22.52,22.82,22.45,22.66,153281
MO,20100902,22.61,22.82,22.58,22.79,88070
MO,20100903,22.88,22.98,22.75,22.91,130466
MO,20100907,22.96,23.24,22.94,23.11,402072
MO,20100908,23.21,23.54,23.11,23.45,392013
MO,20100909,23.63,23.70,23.49,23.63,140300
MO,20100910,23.70,23.94,23.70,23.84,138480
MO,20100913,23.55,23.64,23.38,23.47,121436
MO,20100914,23.35,23.65,23.26,23.51,106214
MO,20100915,23.47,23.78,23.40,23.68,105961
MO,20100916,23.62,23.66,23.43,23.47,142475
MO,20100917,23.60,23.71,23.49,23.50,124759
MO,20100920,23.54,23.76,23.45,23.71,93282
MO,20100921,23.67,23.88,23.62,23.86,121790
MO,20100922,23.88,23.98,23.83,23.87,109314
MO,20100923,23.68,23.69,23.48,23.60,132519
MO,20100924,23.72,24.02,23.69,24.00,156844
MO,20100927,24.05,24.10,24.00,24.01,109993
MO,20100928,24.05,24.21,23.95,24.20,125148
MO,20100929,24.20,24.33,24.10,24.25,107109
MO,20100930,24.12,24.39,23.88,24.02,131801
MO,20101001,24.00,24.05,23.66,23.78,164434
MO,20101004,23.77,23.96,23.75,23.83,84533
MO,20101005,23.97,24.31,23.96,24.25,237188
MO,20101006,24.32,24.53,24.28,24.43,144911
MO,20101007,24.54,24.70,24.50,24.57,126908
MO,20101008,24.66,24.75,24.49,24.51,100897
MO,20101011,24.49,24.52,24.27,24.35,94620
MO,20101012,24.40,24.61,24.31,24.54,125571
MO,20101013,24.70,24.81,24.60,24.62,111998
MO,20101014,24.67,24.85,24.63,24.80,81706
MO,20101015,24.90,25.00,24.82,24.88,206639
MO,20101018,24.94,24.96,24.85,24.90,110469
MO,20101019,24.88,24.91,24.61,24.75,121331
MO,20101020,24.85,24.97,24.68,24.92,130443
MO,20101021,24.98,25.00,24.86,24.95,106804
MO,20101022,24.95,24.98,24.87,24.92,76319
MO,20101025,25.01,25.23,24.98,25.06,121636
MO,20101026,25.04,25.21,25.01,25.20,78384
MO,20101027,25.10,25.12,24.90,25.11,95804
MO,20101028,25.34,25.40,25.18,25.34,92823
MO,20101029,25.39,25.42,25.24,25.42,120349
MO,20101101,25.55,25.60,25.23,25.37,132321
MO,20101102,25.47,25.69,25.44,25.57,93042
MO,20101103,25.65,25.79,25.57,25.76,98250
MO,20101104,25.94,26.15,25.83,26.15,130918
MO,20101105,26.19,26.22,26.00,26.11,100220
MO,20101108,25.96,25.96,25.75,25.87,102936
MO,20101109,25.84,25.95,25.53,25.58,140655
MO,20101110,25.48,25.56,24.94,25.21,214938
MO,20101111,25.00,25.29,24.95,25.23,104884
MO,20101112,25.03,25.05,24.54,24.85,181568
MO,20101115,24.89,24.90,24.66,24.69,113473
MO,20101116,24.50,24.57,24.05,24.38,165048
MO,20101117,24.38,24.60,24.29,24.46,92147
MO,20101118,24.74,24.90,24.66,24.75,107412
MO,20101119,24.82,24.82,24.55,24.74,100321
MO,20101122,24.60,24.71,24.34,24.48,118672
MO,20101123,24.32,24.61,24.18,24.54,136248
MO,20101124,24.68,24.72,24.38,24.57,96797
MO,20101126,24.37,24.49,24.32,24.36,51237
MO,20101129,24.30,24.51,24.11,24.43,128994
MO,20101130,24.34,24.35,23.98,24.00,189917
MO,20101201,24.21,24.34,24.05,24.17,159172
MO,20101202,24.17,24.23,23.70,23.80,225644
MO,20101203,23.75,23.98,23.75,23.81,146848
MO,20101206,23.81,24.11,23.81,24.05,203362
MO,20101207,24.18,24.21,23.97,24.05,122148
MO,20101208,24.06,24.42,24.04,24.40,128841
MO,20101209,24.55,24.61,24.43,24.59,128027
MO,20101210,24.68,24.90,24.67,24.85,115708
MO,20101213,24.90,24.93,24.65,24.74,97017
MO,20101214,24.75,24.82,24.66,24.79,65993
MO,20101215,24.73,24.84,24.61,24.75,117056
MO,20101216,24.76,24.98,24.75,24.96,64442
MO,20101217,24.95,24.99,24.87,24.99,108471
MO,20101220,25.05,25.22,25.00,25.17,107629
MO,20101221,25.26,25.33,25.23,25.25,111520
MO,20101222,25.28,25.33,25.15,25.26,85516
MO,20101223,24.96,25.11,24.79,24.85,75184
MO,20101227,24.75,24.83,24.66,24.70,50936
MO,20101228,24.78,24.85,24.65,24.75,58856
MO,20101229,24.77,24.80,24.70,24.71,54782
MO,20101230,24.66,24.68,24.56,24.60,44774
MO,20101231,24.59,24.66,24.50,24.62,42687
MO,20110103,24.71,24.77,24.44,24.50,105464
MO,20110104,24.45,24.49,24.13,24.39,126073
MO,20110105,24.43,24.51,24.29,24.48,128045
MO,20110106,24.56,24.67,24.46,24.58,105682
MO,20110107,24.63,24.68,24.37,24.39,118761
