MYGN,20090115,34.03,35.06,32.93,35.06,13546
MYGN,20090116,35.28,36.78,35.18,36.76,25528
MYGN,20090120,36.38,36.92,34.82,35.12,24212
MYGN,20090121,35.37,36.22,34.78,36.12,11524
MYGN,20090122,35.54,36.41,35.13,35.97,9820
MYGN,20090123,35.40,36.38,35.03,35.95,10596
MYGN,20090126,35.40,36.20,34.63,35.90,10718
MYGN,20090127,35.92,36.74,35.92,36.65,10668
MYGN,20090128,36.77,37.34,36.77,37.17,12936
MYGN,20090129,36.28,37.72,36.28,36.81,13572
MYGN,20090130,36.85,37.66,36.73,37.28,14348
MYGN,20090202,37.00,37.15,35.34,35.99,25182
MYGN,20090203,39.30,42.50,38.98,42.11,85734
MYGN,20090204,42.31,42.70,41.56,41.56,30786
MYGN,20090205,41.37,42.00,40.95,41.81,29792
MYGN,20090206,41.47,42.37,41.44,42.13,14648
MYGN,20090209,41.83,43.29,41.76,43.15,18158
MYGN,20090210,43.12,44.20,42.60,43.24,22570
MYGN,20090211,43.27,43.75,42.67,43.17,15890
MYGN,20090212,42.48,43.79,42.48,43.66,13276
MYGN,20090213,43.58,44.00,43.01,43.74,9258
MYGN,20090217,42.65,43.50,42.56,43.25,14112
MYGN,20090218,43.11,43.50,42.47,42.60,11790
MYGN,20090219,42.75,43.32,42.08,42.27,14860
MYGN,20090220,41.82,42.47,41.51,41.97,21818
MYGN,20090223,42.34,42.37,40.16,40.31,15694
MYGN,20090224,40.35,41.42,40.04,41.11,17414
MYGN,20090225,41.49,42.34,40.69,40.69,20112
MYGN,20090226,40.88,41.60,40.42,40.70,20140
MYGN,20090227,40.00,41.22,39.40,39.42,19598
MYGN,20090302,38.94,38.99,37.54,37.81,32878
MYGN,20090303,38.26,39.44,37.67,38.47,32068
MYGN,20090304,38.87,40.49,38.87,39.88,16086
MYGN,20090305,39.42,40.04,38.56,38.64,15404
MYGN,20090306,38.94,39.33,38.17,38.85,13676
MYGN,20090309,38.74,39.81,38.58,38.97,12430
MYGN,20090310,39.51,40.85,39.44,40.85,14750
MYGN,20090311,40.85,41.99,39.24,39.24,15662
MYGN,20090312,39.21,41.54,39.18,41.33,14372
MYGN,20090313,41.37,41.49,40.88,41.12,8332
MYGN,20090316,41.35,42.24,40.45,40.58,11538
MYGN,20090317,40.62,41.22,38.87,41.22,12690
MYGN,20090318,41.00,41.60,40.53,40.93,12156
MYGN,20090319,41.22,41.51,39.57,40.03,11448
MYGN,20090320,40.49,40.49,39.31,39.31,16884
MYGN,20090323,39.96,40.54,39.50,40.50,12182
MYGN,20090324,40.73,41.32,39.85,40.61,15250
MYGN,20090325,41.59,44.92,41.47,44.54,54558
MYGN,20090326,46.74,46.74,44.55,45.42,25631
MYGN,20090327,45.46,46.30,44.10,44.15,14704
MYGN,20090330,44.43,45.58,43.26,45.24,14148
MYGN,20090331,45.59,47.08,45.32,45.47,15143
MYGN,20090401,45.00,45.32,44.15,45.07,12327
MYGN,20090402,46.07,46.13,43.18,43.64,19366
MYGN,20090403,43.50,44.12,43.12,43.58,11996
MYGN,20090406,43.59,44.56,42.00,43.47,13056
MYGN,20090407,42.94,43.87,42.60,43.18,8725
MYGN,20090408,44.06,44.77,43.00,44.72,10954
MYGN,20090409,45.43,46.24,45.14,45.48,12383
MYGN,20090413,45.42,46.57,45.11,46.00,11444
MYGN,20090414,45.78,45.92,44.33,44.96,8120
MYGN,20090415,44.74,45.21,43.94,44.40,8305
MYGN,20090416,44.94,45.89,44.51,45.46,8923
MYGN,20090417,45.61,45.83,44.43,45.29,9194
MYGN,20090420,44.11,44.70,42.86,43.27,16371
MYGN,20090421,43.02,43.69,39.19,40.77,41092
MYGN,20090422,41.20,41.50,37.60,38.02,39164
MYGN,20090423,37.57,38.92,36.47,38.01,44544
MYGN,20090424,38.68,38.68,37.53,38.01,18631
MYGN,20090427,37.21,38.20,37.10,37.87,12386
MYGN,20090428,37.60,39.82,37.25,39.41,19135
MYGN,20090429,39.62,40.00,38.56,39.47,12302
MYGN,20090430,39.68,40.39,38.75,38.79,16425
MYGN,20090501,38.98,38.99,37.90,38.15,11160
MYGN,20090504,38.22,38.25,37.00,37.74,33601
MYGN,20090505,32.00,34.18,30.10,33.70,120785
MYGN,20090506,33.95,33.95,31.88,32.30,55167
MYGN,20090507,32.50,32.59,31.75,32.10,21857
MYGN,20090508,32.59,32.72,30.38,30.63,36029
MYGN,20090511,31.00,32.76,30.71,32.55,28969
MYGN,20090512,33.64,33.68,32.42,32.80,29308
MYGN,20090513,31.84,33.41,31.50,32.39,22989
MYGN,20090514,32.44,32.89,32.02,32.36,15711
MYGN,20090515,32.56,33.04,31.80,32.86,21576
MYGN,20090518,32.85,32.86,32.16,32.64,13632
MYGN,20090519,33.44,34.57,32.72,34.00,20836
MYGN,20090520,34.06,34.55,33.21,33.30,17086
MYGN,20090521,33.76,33.96,31.85,32.76,13316
MYGN,20090522,32.82,33.14,32.33,32.55,9446
MYGN,20090526,32.62,34.08,32.53,34.07,13628
MYGN,20090527,33.80,34.81,33.25,33.72,13092
MYGN,20090528,34.47,35.19,33.81,35.12,18133
MYGN,20090529,35.18,36.30,34.55,36.16,56218
MYGN,20090601,36.69,38.00,36.51,36.89,23807
MYGN,20090602,36.00,38.27,36.00,37.70,16521
MYGN,20090603,37.55,38.43,37.11,38.14,12690
MYGN,20090604,38.16,38.32,36.82,36.97,15129
MYGN,20090605,37.12,37.53,36.02,37.04,18462
MYGN,20090608,36.85,37.05,35.92,36.05,12105
MYGN,20090609,36.30,37.23,36.30,37.03,10343
MYGN,20090610,37.11,37.49,36.18,36.81,7731
MYGN,20090611,36.82,38.36,36.82,37.69,18407
MYGN,20090612,37.39,37.80,37.05,37.75,10557
MYGN,20090615,36.86,37.23,35.17,35.48,13190
MYGN,20090616,35.61,35.83,34.58,34.82,9482
MYGN,20090617,34.71,36.90,34.71,36.66,13042
MYGN,20090618,36.52,36.86,34.76,36.50,8675
MYGN,20090619,36.94,37.50,36.66,37.27,11757
MYGN,20090622,36.93,37.20,36.28,36.70,12455
MYGN,20090623,36.75,36.86,35.31,35.40,15012
MYGN,20090624,35.50,36.21,34.94,36.09,16503
MYGN,20090625,35.81,37.72,35.75,37.50,16077
MYGN,20090626,37.48,37.48,34.34,34.60,160548
MYGN,20090629,35.17,36.19,34.52,36.16,24602
MYGN,20090630,35.99,36.48,35.17,35.65,35729
MYGN,20090701,27.16,27.76,25.70,26.02,149289
MYGN,20090702,26.12,26.80,25.88,26.00,55135
MYGN,20090706,25.75,25.89,24.80,25.42,28825
MYGN,20090707,25.36,25.49,24.70,24.79,21288
MYGN,20090708,25.00,25.38,24.43,24.61,13275
MYGN,20090709,24.93,25.10,24.42,24.70,16686
MYGN,20090710,24.50,25.15,24.40,25.12,18684
MYGN,20090713,24.99,25.10,24.52,24.94,16149
MYGN,20090714,25.01,25.53,24.85,25.42,20172
MYGN,20090715,25.60,25.70,24.81,25.19,18841
MYGN,20090716,25.19,25.40,24.94,24.99,9829
MYGN,20090717,25.63,25.76,24.92,25.33,15010
MYGN,20090720,25.22,26.24,25.01,26.04,19387
MYGN,20090721,26.26,26.39,25.61,26.38,12496
MYGN,20090722,26.41,26.58,26.03,26.19,9203
MYGN,20090723,26.04,26.94,25.82,26.91,17762
MYGN,20090724,26.80,27.85,26.69,27.83,14856
MYGN,20090727,27.50,28.25,27.50,28.22,15924
MYGN,20090728,28.07,28.44,27.82,28.08,14934
MYGN,20090729,28.00,28.09,27.62,27.78,15717
MYGN,20090730,27.82,27.97,27.28,27.41,8286
MYGN,20090731,27.24,27.56,26.69,27.42,11452
MYGN,20090803,27.32,27.54,26.78,27.05,14064
MYGN,20090804,27.16,27.43,26.60,26.76,18301
MYGN,20090805,26.93,26.99,25.87,26.10,16731
MYGN,20090806,25.95,26.47,25.28,25.72,17040
MYGN,20090807,25.99,26.50,25.56,26.44,13182
MYGN,20090810,26.38,26.55,26.08,26.26,11097
MYGN,20090811,26.06,26.55,26.06,26.48,7428
MYGN,20090812,26.05,26.85,26.05,26.52,6799
MYGN,20090813,26.43,26.49,25.80,25.87,10272
MYGN,20090814,26.01,26.19,25.61,25.80,8849
MYGN,20090817,25.50,25.51,24.28,24.36,18570
MYGN,20090818,24.94,24.97,24.42,24.69,16969
MYGN,20090819,24.50,25.02,24.50,24.94,10352
MYGN,20090820,25.05,25.37,24.82,25.21,14238
MYGN,20090821,25.38,25.74,24.97,25.04,16158
MYGN,20090824,25.24,26.02,25.24,25.94,18814
MYGN,20090825,26.22,26.45,25.35,25.88,23703
MYGN,20090826,28.74,30.91,28.60,30.89,88389
MYGN,20090827,30.33,30.50,29.05,30.27,34380
MYGN,20090828,30.66,31.18,30.35,30.66,20156
MYGN,20090831,30.13,30.58,29.82,30.57,14904
MYGN,20090901,30.50,31.48,29.92,30.31,19267
MYGN,20090902,30.09,30.60,29.96,30.00,14149
MYGN,20090903,30.31,30.70,30.07,30.59,11809
MYGN,20090904,30.51,31.00,30.29,30.97,11241
MYGN,20090908,31.10,31.79,30.88,31.45,11952
MYGN,20090909,31.39,31.95,31.31,31.68,10893
MYGN,20090910,31.47,31.88,30.86,30.87,19824
MYGN,20090911,30.72,31.33,30.52,30.82,8817
MYGN,20090914,30.61,30.71,30.02,30.51,9086
MYGN,20090915,30.30,30.69,29.83,30.34,9589
MYGN,20090916,30.28,30.40,29.77,29.94,9012
MYGN,20090917,30.10,30.96,29.94,30.43,12867
MYGN,20090918,30.50,30.60,29.87,29.94,17295
MYGN,20090921,29.84,29.84,29.05,29.13,17452
MYGN,20090922,29.36,29.41,28.42,28.72,19571
MYGN,20090923,28.86,28.86,27.93,28.04,14541
MYGN,20090924,28.09,28.42,26.93,26.96,22253
MYGN,20090925,27.08,27.08,26.37,26.64,13134
MYGN,20090928,26.53,27.25,26.53,26.81,11502
MYGN,20090929,27.21,27.48,26.96,27.40,13133
MYGN,20090930,27.56,27.62,27.00,27.41,6979
MYGN,20091001,27.31,27.46,26.38,26.71,13248
MYGN,20091002,26.26,27.11,26.05,26.06,11678
MYGN,20091005,26.39,26.74,26.07,26.44,11860
MYGN,20091006,26.72,27.12,26.52,26.85,7123
MYGN,20091007,26.69,27.00,26.49,26.65,5849
MYGN,20091008,26.94,27.38,26.88,27.09,12282
MYGN,20091009,27.14,27.14,26.50,26.72,10186
MYGN,20091012,26.87,26.93,26.31,26.42,5142
MYGN,20091013,26.23,26.39,25.37,25.55,17367
MYGN,20091014,25.67,26.80,25.36,26.62,18672
MYGN,20091015,26.38,26.89,26.02,26.87,12763
MYGN,20091016,26.64,27.13,26.17,27.02,14768
MYGN,20091019,27.02,27.52,26.80,27.36,14323
MYGN,20091020,27.32,27.38,26.45,26.52,10576
MYGN,20091021,26.47,26.54,26.11,26.18,11953
MYGN,20091022,26.31,26.31,25.71,25.94,11768
MYGN,20091023,25.94,26.25,25.68,26.09,9512
MYGN,20091026,25.96,26.34,24.82,25.06,15010
MYGN,20091027,24.98,25.14,24.66,24.70,19937
MYGN,20091028,24.63,24.65,23.75,24.01,21133
MYGN,20091029,24.36,24.91,24.33,24.66,8921
MYGN,20091030,24.50,24.61,24.22,24.28,11852
MYGN,20091102,24.36,25.45,24.36,24.77,14679
MYGN,20091103,24.50,25.92,24.47,25.64,24384
MYGN,20091104,24.90,26.38,24.64,24.79,38519
MYGN,20091105,24.79,25.04,23.91,24.40,23124
MYGN,20091106,24.24,24.40,23.86,24.38,16942
MYGN,20091109,24.33,24.33,22.38,22.85,67494
MYGN,20091110,23.00,23.91,23.00,23.85,35536
MYGN,20091111,24.77,24.77,23.49,23.80,29363
MYGN,20091112,23.67,24.23,23.57,24.02,14265
MYGN,20091113,24.01,24.41,23.18,23.30,13543
MYGN,20091116,23.51,23.65,22.87,23.34,13432
MYGN,20091117,23.53,23.53,22.87,23.21,12952
MYGN,20091118,23.12,23.12,22.58,22.96,13022
MYGN,20091119,23.00,23.57,22.87,23.46,19893
MYGN,20091120,23.47,23.72,23.20,23.60,12120
MYGN,20091123,24.27,24.27,23.62,23.81,16256
MYGN,20091124,23.65,23.90,23.41,23.68,13140
MYGN,20091125,23.57,24.12,23.57,24.11,8848
MYGN,20091127,23.67,24.07,23.54,23.95,4050
MYGN,20091130,23.76,24.14,22.98,23.12,29549
MYGN,20091201,23.14,24.14,23.13,24.05,19145
MYGN,20091202,24.05,24.76,23.95,24.51,16093
MYGN,20091203,24.76,24.84,24.13,24.18,9921
MYGN,20091204,24.27,24.51,23.76,24.04,10164
MYGN,20091207,24.06,24.20,23.72,24.13,10794
MYGN,20091208,24.02,24.48,23.72,24.39,14931
MYGN,20091209,24.49,24.49,24.06,24.33,9478
MYGN,20091210,24.34,24.80,24.19,24.45,9415
MYGN,20091211,24.59,25.09,24.12,24.31,7146
MYGN,20091214,24.37,24.75,24.31,24.54,6817
MYGN,20091215,24.36,24.81,24.27,24.75,6660
MYGN,20091216,25.32,25.32,24.32,24.54,8232
MYGN,20091217,24.49,24.70,24.19,24.26,5498
MYGN,20091218,24.42,24.50,24.11,24.26,11168
MYGN,20091221,24.30,24.48,24.00,24.16,11112
MYGN,20091222,24.19,25.07,23.96,24.92,23450
MYGN,20091223,25.01,26.21,25.01,26.12,17471
MYGN,20091224,26.29,26.48,25.89,26.23,2854
MYGN,20091228,26.37,26.67,26.26,26.64,5301
MYGN,20091229,26.77,26.85,26.18,26.21,9622
MYGN,20091230,26.09,26.44,26.00,26.36,3242
MYGN,20091231,26.32,26.39,26.06,26.09,3208
MYGN,20100104,26.16,26.80,26.11,26.66,8734
MYGN,20100105,26.55,26.76,26.40,26.57,7135
MYGN,20100106,26.72,27.05,26.52,26.92,17169
MYGN,20100107,26.96,27.13,26.44,26.50,8786
MYGN,20100108,26.50,26.77,26.10,26.19,11634
MYGN,20100111,26.19,26.30,25.28,25.57,15698
MYGN,20100112,24.33,24.51,23.35,24.30,45537
MYGN,20100113,24.25,24.82,24.09,24.67,20839
MYGN,20100114,24.51,25.03,24.27,24.50,12249
MYGN,20100115,24.70,24.88,23.69,23.84,14430
MYGN,20100119,23.82,23.91,23.18,23.53,19698
MYGN,20100120,23.49,23.81,23.22,23.33,10009
MYGN,20100121,23.31,23.54,22.74,22.84,14854
MYGN,20100122,22.88,23.11,22.69,22.79,6698
MYGN,20100125,22.97,23.22,22.17,22.37,9847
MYGN,20100126,22.23,23.17,22.06,23.04,14564
MYGN,20100127,23.13,23.45,22.28,22.45,20432
MYGN,20100128,22.58,22.83,22.13,22.25,14643
MYGN,20100129,22.32,23.73,22.23,23.50,28078
MYGN,20100201,23.57,24.00,23.52,23.78,12467
MYGN,20100202,23.76,24.15,23.61,23.98,27323
MYGN,20100203,25.80,25.80,24.22,24.71,65759
MYGN,20100204,24.46,24.50,22.81,23.10,33100
MYGN,20100205,23.10,23.35,21.68,22.09,29840
MYGN,20100208,22.21,22.28,21.57,21.67,21958
MYGN,20100209,21.85,21.85,21.27,21.45,28239
MYGN,20100210,21.40,21.82,21.24,21.65,19397
MYGN,20100211,21.53,21.56,20.72,20.90,26876
MYGN,20100212,20.87,21.35,20.62,21.35,21036
MYGN,20100216,21.35,21.43,20.96,21.12,14570
MYGN,20100217,21.09,21.66,21.02,21.62,14266
MYGN,20100218,21.61,21.79,21.41,21.59,14160
MYGN,20100219,21.52,22.38,21.35,22.27,25925
MYGN,20100222,22.20,22.43,22.02,22.37,14183
MYGN,20100223,22.38,22.50,21.93,22.00,10771
MYGN,20100224,22.02,22.46,21.91,22.34,9811
MYGN,20100225,22.07,22.50,21.97,22.39,10699
MYGN,20100226,22.34,23.04,22.27,23.00,16184
MYGN,20100301,23.00,23.37,22.97,23.03,18270
MYGN,20100302,23.44,24.03,23.29,23.82,26648
MYGN,20100303,24.04,24.09,23.01,23.11,18641
MYGN,20100304,23.05,23.28,22.47,22.95,21955
MYGN,20100305,22.66,23.00,22.48,22.52,19740
MYGN,20100308,22.42,22.76,22.10,22.67,11802
MYGN,20100309,22.76,23.13,22.53,22.97,15270
MYGN,20100310,23.16,23.58,22.77,22.85,22217
MYGN,20100311,22.75,23.78,22.66,23.64,15086
MYGN,20100312,23.64,24.72,23.52,24.36,28025
MYGN,20100315,24.38,25.25,24.09,25.25,38134
MYGN,20100316,25.39,25.93,25.25,25.49,23421
MYGN,20100317,25.63,25.68,24.83,25.07,16294
MYGN,20100318,24.95,25.50,24.88,24.98,10259
MYGN,20100319,24.98,25.26,24.97,25.03,13478
MYGN,20100322,24.85,25.36,24.85,24.93,11595
MYGN,20100323,24.90,25.45,24.87,25.25,16958
MYGN,20100324,25.31,25.45,25.05,25.08,14277
MYGN,20100325,25.47,25.47,24.96,24.96,9766
MYGN,20100326,24.97,25.23,24.94,25.13,10886
MYGN,20100329,25.04,25.17,24.28,24.90,21027
MYGN,20100330,23.86,24.00,23.07,23.70,51785
MYGN,20100331,23.59,24.25,23.51,24.05,11956
MYGN,20100401,23.89,24.50,23.73,24.01,8477
MYGN,20100405,24.04,24.39,23.93,24.11,11519
MYGN,20100406,24.05,24.18,23.44,23.44,14027
MYGN,20100407,23.49,23.50,23.06,23.12,9629
MYGN,20100408,23.02,23.29,22.84,23.28,11559
MYGN,20100409,23.24,23.51,23.08,23.32,7661
MYGN,20100412,23.07,23.36,22.90,22.98,9796
MYGN,20100413,22.87,23.09,22.79,22.90,8650
MYGN,20100414,23.10,23.49,23.01,23.48,11475
MYGN,20100415,23.37,23.45,23.11,23.26,6015
MYGN,20100416,23.16,23.26,22.85,23.09,10318
MYGN,20100419,22.94,23.28,22.72,22.78,5873
MYGN,20100420,22.82,23.00,22.61,22.80,6155
MYGN,20100421,22.89,22.98,22.28,22.33,10634
MYGN,20100422,22.29,22.68,21.87,22.48,12427
MYGN,20100423,22.40,23.00,22.26,22.98,13544
MYGN,20100426,23.16,23.53,23.12,23.31,11852
MYGN,20100427,23.18,23.95,23.18,23.90,18322
MYGN,20100428,23.82,23.92,23.49,23.63,10607
MYGN,20100429,23.68,23.88,23.52,23.85,8727
MYGN,20100430,23.93,24.52,23.83,24.00,16103
MYGN,20100503,24.12,24.50,23.92,24.43,8425
MYGN,20100504,24.18,24.43,23.61,24.08,28217
MYGN,20100505,18.00,18.70,17.28,18.49,203283
MYGN,20100506,18.26,18.26,17.13,17.54,59414
MYGN,20100507,17.41,17.83,17.05,17.50,34214
MYGN,20100510,18.17,18.36,17.83,17.98,25104
MYGN,20100511,17.87,18.11,17.70,18.00,16675
MYGN,20100512,17.89,18.35,17.89,18.34,8417
MYGN,20100513,18.93,19.10,18.71,18.94,19661
MYGN,20100514,18.92,18.92,18.26,18.60,19069
MYGN,20100517,18.65,18.87,18.52,18.80,11923
MYGN,20100518,18.89,19.00,18.55,18.61,13836
MYGN,20100519,18.60,18.75,18.36,18.60,8663
MYGN,20100520,18.29,18.69,18.14,18.26,26925
MYGN,20100521,18.10,18.59,17.97,18.51,20376
MYGN,20100524,18.46,18.84,18.46,18.48,15506
MYGN,20100525,18.06,18.50,18.00,18.30,19227
MYGN,20100526,18.31,18.96,18.26,18.50,59881
MYGN,20100527,18.70,18.94,18.27,18.38,15321
MYGN,20100528,18.40,18.50,18.03,18.25,10974
MYGN,20100601,18.12,18.21,17.82,17.84,11070
MYGN,20100602,18.18,18.46,17.99,18.46,14252
MYGN,20100603,18.45,18.45,18.07,18.31,7818
MYGN,20100604,17.96,18.37,17.84,17.92,11727
MYGN,20100607,18.08,18.22,17.86,17.90,12377
MYGN,20100608,17.95,18.00,17.55,17.71,14616
MYGN,20100609,17.89,18.22,17.58,17.69,14367
MYGN,20100610,17.93,18.15,17.85,18.05,8406
MYGN,20100611,17.94,18.04,17.57,17.59,20580
MYGN,20100614,17.74,18.25,17.68,18.04,22733
MYGN,20100615,18.06,18.20,17.95,18.15,9859
MYGN,20100616,17.87,17.93,16.38,16.42,33293
MYGN,20100617,16.67,17.09,16.54,16.89,27627
MYGN,20100618,16.77,16.90,16.48,16.55,14839
MYGN,20100621,16.65,16.74,16.15,16.23,9860
MYGN,20100622,16.22,16.39,15.87,15.98,11060
MYGN,20100623,16.03,16.33,15.89,16.08,11150
MYGN,20100624,16.02,16.03,15.62,15.70,10742
MYGN,20100625,15.70,16.01,15.56,15.77,11340
MYGN,20100628,15.77,17.25,15.70,16.26,23394
MYGN,20100629,16.09,16.24,15.39,15.41,14776
MYGN,20100630,15.43,15.45,14.91,14.95,27359
MYGN,20100701,14.89,15.01,14.28,14.67,17354
MYGN,20100702,14.55,15.30,14.52,14.98,10155
MYGN,20100706,15.15,15.48,14.58,14.75,7115
MYGN,20100707,14.72,15.05,14.28,15.01,11784
MYGN,20100708,15.15,15.75,15.05,15.70,15205
MYGN,20100709,15.27,15.27,14.26,15.06,26533
MYGN,20100712,15.08,15.27,14.80,14.94,12177
MYGN,20100713,15.07,15.66,15.02,15.61,10696
MYGN,20100714,15.47,15.81,15.43,15.66,10939
MYGN,20100715,15.66,15.79,15.51,15.72,9141
MYGN,20100716,15.64,15.95,15.31,15.48,9146
MYGN,20100719,15.37,15.50,15.29,15.39,5225
MYGN,20100720,15.20,15.25,14.97,15.13,12114
MYGN,20100721,15.16,15.20,14.68,14.73,11794
MYGN,20100722,14.73,14.91,14.41,14.49,16086
MYGN,20100723,14.50,15.03,14.31,14.94,10853
MYGN,20100726,14.94,15.52,14.82,15.09,8816
MYGN,20100727,15.06,15.19,14.78,15.04,11837
MYGN,20100728,15.05,15.14,14.63,14.63,6912
MYGN,20100729,14.72,14.82,14.33,14.50,8045
MYGN,20100730,14.31,14.79,14.11,14.51,10825
MYGN,20100802,14.51,14.89,14.43,14.78,9486
MYGN,20100803,14.79,14.96,14.48,14.88,7094
MYGN,20100804,14.97,15.38,14.95,15.37,8071
MYGN,20100805,15.30,15.43,15.15,15.16,5662
MYGN,20100806,14.95,15.46,14.85,15.39,9757
MYGN,20100809,15.40,15.52,15.02,15.32,12438
MYGN,20100810,15.20,15.60,14.97,15.59,16936
MYGN,20100811,15.07,15.22,14.69,14.99,47500
MYGN,20100812,14.95,15.86,14.71,15.80,20082
MYGN,20100813,15.49,16.12,15.49,16.03,15727
MYGN,20100816,15.90,16.50,15.86,16.27,19576
MYGN,20100817,16.38,16.75,16.24,16.49,13687
MYGN,20100818,16.05,16.79,16.01,16.54,15044
MYGN,20100819,16.54,16.60,16.00,16.17,9405
MYGN,20100820,15.92,16.11,15.84,15.97,7003
MYGN,20100823,15.94,16.10,15.91,15.95,10768
MYGN,20100824,15.72,15.85,15.50,15.57,11455
MYGN,20100825,15.43,15.67,15.27,15.64,10354
MYGN,20100826,15.60,15.65,15.07,15.10,9648
MYGN,20100827,15.15,15.78,15.05,15.75,12099
MYGN,20100830,15.77,16.16,15.57,15.62,10861
MYGN,20100831,15.51,16.04,15.46,15.63,12098
MYGN,20100901,15.77,16.23,15.74,16.00,9501
MYGN,20100902,15.87,16.16,15.83,16.10,9471
MYGN,20100903,16.23,16.36,15.91,16.11,8543
MYGN,20100907,16.05,16.10,15.68,15.72,5893
MYGN,20100908,15.75,15.98,15.68,15.88,6308
MYGN,20100909,16.09,16.19,15.94,16.09,8592
MYGN,20100910,16.13,16.17,15.87,16.12,7538
MYGN,20100913,16.22,16.42,16.16,16.42,6793
MYGN,20100914,16.37,16.54,16.12,16.42,7649
MYGN,20100915,16.37,16.73,16.28,16.53,7140
MYGN,20100916,16.43,16.51,16.05,16.18,6086
MYGN,20100917,16.17,16.47,16.02,16.45,13370
MYGN,20100920,16.37,16.81,16.35,16.68,7835
MYGN,20100921,16.56,16.58,16.18,16.22,6440
MYGN,20100922,16.13,16.47,16.07,16.40,6727
MYGN,20100923,16.22,16.52,16.10,16.11,9117
MYGN,20100924,16.22,16.55,16.11,16.40,6995
MYGN,20100927,16.35,16.62,16.25,16.34,6270
MYGN,20100928,16.28,16.32,15.83,16.04,20622
MYGN,20100929,15.94,16.09,15.80,15.92,6383
MYGN,20100930,16.09,16.46,15.97,16.41,9417
MYGN,20101001,16.34,16.52,16.07,16.49,8721
MYGN,20101004,16.52,16.74,16.25,16.54,11063
MYGN,20101005,16.68,17.00,16.52,17.00,8914
MYGN,20101006,16.84,16.96,16.46,16.53,6424
MYGN,20101007,16.53,16.76,16.43,16.48,7135
MYGN,20101008,16.45,16.99,16.44,16.95,6678
MYGN,20101011,17.01,17.07,16.78,16.92,4358
MYGN,20101012,16.97,18.66,16.83,18.66,36041
MYGN,20101013,19.02,20.38,19.02,19.94,38356
MYGN,20101014,20.03,20.23,19.53,19.80,25844
MYGN,20101015,19.83,19.97,19.34,19.34,15459
MYGN,20101018,19.39,19.64,19.29,19.33,10995
MYGN,20101019,18.97,19.46,18.91,19.07,11103
MYGN,20101020,19.19,19.98,19.07,19.81,11679
MYGN,20101021,19.72,20.04,19.25,19.79,8585
MYGN,20101022,19.99,20.52,19.59,19.67,6315
MYGN,20101025,19.75,20.18,19.67,19.94,7102
MYGN,20101026,19.97,20.58,19.85,19.86,9430
MYGN,20101027,19.70,20.21,19.46,20.19,7959
MYGN,20101028,20.42,20.75,20.14,20.16,8564
MYGN,20101029,20.12,20.23,19.84,19.86,10547
MYGN,20101101,18.89,20.07,18.36,19.77,16603
MYGN,20101102,19.79,20.00,19.35,19.70,12949
MYGN,20101103,19.92,21.26,19.86,20.65,29918
MYGN,20101104,20.87,21.15,20.61,20.78,13130
MYGN,20101105,20.80,20.83,20.37,20.71,8540
MYGN,20101108,20.71,20.91,20.53,20.72,6053
MYGN,20101109,20.77,20.94,20.59,20.91,9620
MYGN,20101110,20.99,21.03,20.69,21.03,7630
MYGN,20101111,20.92,21.17,20.78,20.98,6647
MYGN,20101112,20.84,21.03,20.66,20.69,5925
MYGN,20101115,20.72,21.09,20.67,20.90,5478
MYGN,20101116,20.93,21.03,20.31,20.34,7092
MYGN,20101117,20.44,21.15,20.32,21.00,8865
MYGN,20101118,21.26,21.28,20.76,21.10,8045
MYGN,20101119,21.05,21.46,20.97,21.38,6532
MYGN,20101122,21.11,21.60,20.77,21.24,9527
MYGN,20101123,21.12,22.00,21.10,21.96,14948
MYGN,20101124,22.00,22.41,21.93,22.04,8005
MYGN,20101126,21.93,22.04,21.69,21.87,2983
MYGN,20101129,21.72,21.92,21.37,21.73,5675
MYGN,20101130,21.53,21.89,21.30,21.53,12093
MYGN,20101201,21.67,21.92,21.34,21.41,8899
MYGN,20101202,21.30,21.73,21.06,21.59,8409
MYGN,20101203,21.50,21.93,21.29,21.66,8477
MYGN,20101206,21.74,21.77,21.35,21.63,4503
MYGN,20101207,21.74,21.88,21.29,21.39,9853
MYGN,20101208,21.37,22.25,21.37,22.04,9441
MYGN,20101209,22.12,22.29,21.76,21.96,6475
MYGN,20101210,21.94,22.93,21.92,22.82,8794
MYGN,20101213,22.85,23.26,22.74,22.99,12104
MYGN,20101214,22.84,23.37,22.69,22.78,9930
MYGN,20101215,22.65,23.12,22.51,22.92,8498
MYGN,20101216,22.87,23.25,22.67,22.97,4166
MYGN,20101217,23.20,24.15,22.90,23.71,22168
MYGN,20101220,23.78,23.82,22.84,22.86,5808
MYGN,20101221,23.08,23.20,22.83,23.10,4065
MYGN,20101222,23.12,23.25,22.84,23.13,4053
MYGN,20101223,23.16,23.23,22.76,23.10,2761
MYGN,20101227,23.08,23.19,22.95,23.05,2052
MYGN,20101228,23.06,23.15,22.67,22.76,2328
MYGN,20101229,22.72,22.95,22.57,22.69,2558
MYGN,20101230,22.61,22.98,22.40,22.93,3351
MYGN,20101231,23.00,23.15,22.74,22.84,2513
MYGN,20110103,23.03,23.15,22.17,22.23,8766
MYGN,20110104,22.12,22.19,20.80,21.73,18671
MYGN,20110105,21.64,21.89,21.10,21.62,7368
MYGN,20110106,21.66,21.83,21.21,21.30,8713
MYGN,20110107,21.27,21.33,20.29,20.30,14542
