NSM,20090115,9.58,9.91,9.27,9.63,71695
NSM,20090116,9.82,10.07,9.54,9.98,54545
NSM,20090120,9.90,9.95,9.33,9.37,49486
NSM,20090121,9.49,9.63,9.09,9.61,54769
NSM,20090122,9.43,9.53,9.06,9.31,49254
NSM,20090123,9.07,10.13,9.06,9.97,65270
NSM,20090126,10.09,10.51,9.87,10.23,62679
NSM,20090127,10.48,10.78,10.41,10.67,58819
NSM,20090128,10.81,11.04,10.61,10.89,46795
NSM,20090129,10.75,10.85,10.30,10.43,37747
NSM,20090130,10.47,10.65,10.03,10.14,35774
NSM,20090202,9.96,10.44,9.84,10.26,50875
NSM,20090203,10.25,10.67,10.16,10.54,62038
NSM,20090204,10.42,11.19,10.42,10.89,60478
NSM,20090205,10.60,11.82,10.60,11.46,93678
NSM,20090206,11.43,12.11,11.38,11.97,70604
NSM,20090209,11.97,11.97,11.50,11.72,52381
NSM,20090210,11.68,11.93,11.26,11.32,75891
NSM,20090211,11.35,11.41,10.51,10.90,86093
NSM,20090212,10.70,11.44,10.63,11.37,80675
NSM,20090213,11.23,11.97,11.23,11.68,68923
NSM,20090217,11.25,11.33,10.76,10.92,86612
NSM,20090218,11.00,11.40,10.79,11.27,81483
NSM,20090219,11.40,11.45,10.39,10.44,72028
NSM,20090220,10.25,10.87,10.09,10.60,107332
NSM,20090223,10.75,10.78,10.31,10.35,78425
NSM,20090224,10.42,11.04,10.42,10.95,78372
NSM,20090225,11.09,11.59,10.78,11.27,114938
NSM,20090226,11.00,11.75,10.87,11.01,88421
NSM,20090227,10.83,11.26,10.80,10.90,73623
NSM,20090302,10.61,10.76,9.91,9.98,97860
NSM,20090303,10.26,10.34,9.94,10.16,83158
NSM,20090304,10.28,10.93,10.21,10.75,83241
NSM,20090305,10.50,11.06,10.50,10.86,88239
NSM,20090306,10.79,11.37,10.26,10.96,115304
NSM,20090309,10.73,11.30,10.73,10.83,94255
NSM,20090310,11.21,11.74,11.03,11.70,95861
NSM,20090311,11.97,12.05,10.99,11.38,131226
NSM,20090312,11.38,11.46,10.87,11.02,122982
NSM,20090313,10.94,10.98,9.80,10.05,183355
NSM,20090316,10.11,10.21,9.30,9.40,172549
NSM,20090317,9.39,10.16,9.33,10.15,132232
NSM,20090318,10.08,10.86,9.96,10.64,105199
NSM,20090319,10.90,11.07,10.41,10.86,98298
NSM,20090320,10.61,11.19,10.25,10.51,111997
NSM,20090323,10.60,10.84,10.40,10.83,66095
NSM,20090324,10.68,10.80,10.27,10.37,55095
NSM,20090325,10.58,10.83,9.96,10.16,78588
NSM,20090326,10.37,10.97,10.28,10.85,92756
NSM,20090327,10.70,10.90,10.52,10.74,37975
NSM,20090330,10.39,10.62,9.89,10.18,56298
NSM,20090331,10.29,10.46,10.13,10.27,54927
NSM,20090401,10.03,10.82,9.99,10.76,115902
NSM,20090402,11.00,11.45,10.81,11.25,94591
NSM,20090403,11.23,12.36,11.20,12.22,149119
NSM,20090406,12.00,12.00,11.66,11.88,94328
NSM,20090407,11.73,11.94,11.39,11.39,57789
NSM,20090408,11.55,12.03,11.43,11.93,61359
NSM,20090409,12.17,12.68,12.04,12.60,126506
NSM,20090413,12.51,12.60,12.08,12.29,62571
NSM,20090414,12.26,12.57,12.07,12.25,61148
NSM,20090415,11.82,12.05,11.63,12.01,73587
NSM,20090416,12.35,12.55,12.00,12.27,94695
NSM,20090417,12.36,12.47,11.95,12.22,62892
NSM,20090420,12.01,12.17,11.58,11.67,67752
NSM,20090421,11.80,11.99,11.32,11.69,88313
NSM,20090422,11.58,12.81,11.39,12.44,126772
NSM,20090423,12.40,12.68,11.62,12.10,85447
NSM,20090424,12.22,12.46,11.89,12.37,72060
NSM,20090427,12.20,12.55,11.99,12.13,54704
NSM,20090428,11.88,12.10,11.69,11.77,60364
NSM,20090429,12.04,12.05,11.64,11.84,48193
NSM,20090430,12.06,13.00,11.90,12.37,87685
NSM,20090501,12.82,12.82,11.94,12.36,59449
NSM,20090504,12.83,13.38,12.45,13.38,85932
NSM,20090505,13.30,13.35,12.83,13.04,59806
NSM,20090506,13.18,13.48,12.77,13.21,61880
NSM,20090507,13.26,13.34,12.29,12.58,73922
NSM,20090508,12.77,12.84,11.85,12.32,58627
NSM,20090511,12.07,12.45,11.88,12.23,45451
NSM,20090512,12.23,12.31,11.59,11.85,55582
NSM,20090513,11.64,11.95,11.48,11.62,44801
NSM,20090514,11.66,12.19,11.59,12.06,43240
NSM,20090515,12.06,12.21,11.85,11.95,41384
NSM,20090518,12.11,12.20,11.92,12.15,41324
NSM,20090519,12.20,12.63,12.02,12.41,52388
NSM,20090520,13.14,13.76,13.07,13.23,108156
NSM,20090521,13.09,13.23,12.73,12.95,55727
NSM,20090522,13.00,13.06,12.68,12.87,34114
NSM,20090526,12.75,13.50,12.75,13.32,42687
NSM,20090527,13.37,13.75,13.27,13.37,52285
NSM,20090528,13.47,13.85,13.14,13.81,55200
NSM,20090529,13.66,14.00,13.54,13.88,61229
NSM,20090601,14.02,14.78,14.00,14.56,66449
NSM,20090602,14.49,14.60,13.81,14.08,71382
NSM,20090603,13.84,13.96,13.36,13.52,86274
NSM,20090604,13.55,14.06,13.51,13.99,55478
NSM,20090605,14.20,14.22,13.54,13.64,59557
NSM,20090608,13.57,14.09,13.55,13.95,66928
NSM,20090609,14.50,14.68,14.16,14.57,72669
NSM,20090610,14.69,14.78,14.23,14.71,87993
NSM,20090611,14.66,14.91,14.09,14.47,182000
NSM,20090612,14.20,14.32,13.20,13.59,149564
NSM,20090615,13.21,13.69,13.20,13.66,78969
NSM,20090616,13.71,13.79,13.14,13.23,58513
NSM,20090617,13.26,13.52,12.97,13.26,79499
NSM,20090618,13.29,13.43,12.85,13.13,52294
NSM,20090619,13.27,13.37,13.10,13.19,44322
NSM,20090622,13.08,13.16,12.60,12.61,70929
NSM,20090623,12.65,12.71,12.21,12.61,75802
NSM,20090624,12.72,13.24,12.65,12.91,62397
NSM,20090625,12.87,13.17,12.75,13.04,50258
NSM,20090626,12.95,13.22,12.89,12.97,63008
NSM,20090629,12.96,13.11,12.78,12.83,74128
NSM,20090630,12.97,13.06,12.42,12.55,103339
NSM,20090701,12.78,12.89,12.58,12.63,82443
NSM,20090702,12.51,12.60,12.32,12.32,53597
NSM,20090706,12.28,12.51,11.90,12.27,64491
NSM,20090707,12.50,12.74,11.97,12.01,60912
NSM,20090708,12.01,12.12,11.60,11.85,54651
NSM,20090709,11.83,12.13,11.83,12.00,45463
NSM,20090710,11.92,12.15,11.85,12.11,55494
NSM,20090713,12.08,12.20,11.79,12.11,61674
NSM,20090714,12.16,12.31,11.94,12.29,80998
NSM,20090715,12.71,12.93,12.31,12.89,89901
NSM,20090716,12.84,13.33,12.69,13.30,72556
NSM,20090717,13.18,13.74,13.15,13.71,67267
NSM,20090720,13.76,14.19,13.68,14.14,99643
NSM,20090721,14.06,14.20,13.63,13.75,81204
NSM,20090722,13.66,14.33,13.65,14.31,78912
NSM,20090723,14.31,14.68,14.03,14.54,84113
NSM,20090724,14.32,14.74,14.08,14.74,64685
NSM,20090727,14.70,14.73,14.34,14.68,46145
NSM,20090728,14.50,14.84,14.46,14.81,53962
NSM,20090729,14.77,14.81,14.44,14.77,60893
NSM,20090730,14.92,15.21,14.69,14.82,67627
NSM,20090731,14.85,15.24,14.72,15.06,60231
NSM,20090803,15.24,15.42,15.04,15.38,56786
NSM,20090804,15.25,15.46,15.12,15.21,54901
NSM,20090805,15.22,15.33,14.82,15.00,50127
NSM,20090806,14.99,15.19,14.60,14.77,38539
NSM,20090807,14.86,15.01,14.41,14.51,61504
NSM,20090810,14.44,14.61,14.30,14.55,66673
NSM,20090811,14.57,14.71,14.30,14.30,45337
NSM,20090812,14.32,14.70,14.32,14.54,47474
NSM,20090813,14.69,15.42,14.54,15.39,101068
NSM,20090814,15.31,15.31,14.78,15.03,51750
NSM,20090817,14.67,14.81,14.39,14.45,51273
NSM,20090818,14.50,14.77,14.50,14.69,44903
NSM,20090819,14.46,15.00,14.31,14.91,62424
NSM,20090820,14.89,15.00,14.62,14.83,75298
NSM,20090821,14.80,15.20,14.63,15.16,106999
NSM,20090824,15.30,15.30,14.61,14.68,80190
NSM,20090825,14.77,14.96,14.62,14.82,52012
NSM,20090826,14.79,15.17,14.73,15.15,80911
NSM,20090827,15.16,15.22,14.81,15.15,53739
NSM,20090828,15.88,15.88,15.13,15.36,86094
NSM,20090831,15.07,15.33,14.98,15.17,42405
NSM,20090901,15.13,15.74,14.91,15.10,112879
NSM,20090902,14.96,15.29,14.95,15.23,56083
NSM,20090903,15.28,15.57,15.11,15.39,86237
NSM,20090904,15.50,15.77,15.32,15.72,40436
NSM,20090908,16.00,16.20,15.69,15.98,83975
NSM,20090909,16.09,16.09,15.40,15.72,122191
NSM,20090910,15.87,16.02,15.62,15.97,116579
NSM,20090911,15.60,15.75,14.91,15.03,169469
NSM,20090914,14.91,15.16,14.79,14.92,108479
NSM,20090915,15.06,15.22,14.92,15.05,103329
NSM,20090916,15.17,15.17,14.82,15.11,84453
NSM,20090917,15.06,15.06,14.66,14.77,80496
NSM,20090918,14.81,14.97,14.68,14.76,117167
NSM,20090921,14.68,14.91,14.54,14.67,76796
NSM,20090922,14.76,14.80,14.54,14.63,48065
NSM,20090923,14.80,15.21,14.66,14.89,128568
NSM,20090924,15.36,15.40,14.61,14.76,131005
NSM,20090925,14.65,14.81,14.49,14.59,52856
NSM,20090928,14.65,14.86,14.62,14.69,55422
NSM,20090929,14.66,14.78,14.27,14.33,135574
NSM,20090930,14.41,14.50,14.06,14.27,133759
NSM,20091001,14.18,14.25,13.35,13.38,159912
NSM,20091002,13.20,13.51,13.00,13.21,85842
NSM,20091005,13.32,13.51,13.15,13.44,66482
NSM,20091006,13.55,13.76,13.47,13.58,77783
NSM,20091007,13.53,13.66,13.23,13.29,56655
NSM,20091008,13.39,13.79,13.08,13.68,149194
NSM,20091009,13.61,14.32,13.61,14.20,125610
NSM,20091012,14.26,14.50,14.18,14.40,97901
NSM,20091013,14.40,14.70,14.37,14.40,89020
NSM,20091014,14.74,15.00,14.62,14.96,153437
NSM,20091015,14.93,14.93,14.51,14.70,84503
NSM,20091016,14.55,14.63,14.27,14.51,61686
NSM,20091019,14.41,14.68,14.24,14.55,62057
NSM,20091020,14.71,14.74,14.45,14.55,55866
NSM,20091021,14.50,14.65,14.01,14.08,82924
NSM,20091022,14.10,14.28,13.78,14.19,62588
NSM,20091023,14.21,14.30,13.63,13.68,99746
NSM,20091026,13.60,14.10,13.58,13.69,89698
NSM,20091027,13.71,13.86,13.27,13.30,79300
NSM,20091028,13.37,13.51,13.06,13.14,81004
NSM,20091029,13.18,13.47,13.18,13.42,43556
NSM,20091030,13.43,13.48,12.89,12.94,80934
NSM,20091102,12.90,13.07,12.58,12.84,81207
NSM,20091103,12.75,12.93,12.52,12.93,58854
NSM,20091104,13.11,13.33,12.98,13.00,53840
NSM,20091105,13.10,13.36,13.10,13.33,42275
NSM,20091106,13.27,13.49,13.16,13.19,38790
NSM,20091109,13.33,13.65,13.29,13.65,39201
NSM,20091110,13.69,13.86,13.54,13.77,51594
NSM,20091111,13.93,14.17,13.82,13.97,58246
NSM,20091112,13.92,14.20,13.83,13.85,50139
NSM,20091113,13.77,14.08,13.77,14.00,35774
NSM,20091116,14.08,14.49,14.07,14.45,85561
NSM,20091117,14.43,14.52,14.13,14.44,57422
NSM,20091118,14.39,14.60,14.34,14.38,41436
NSM,20091119,13.75,13.90,13.37,13.78,92887
NSM,20091120,13.64,13.71,13.42,13.61,60718
NSM,20091123,13.76,14.02,13.70,13.81,33953
NSM,20091124,14.16,14.49,13.81,14.45,82940
NSM,20091125,14.41,14.65,14.41,14.57,52799
NSM,20091127,14.19,14.55,14.01,14.47,22852
NSM,20091130,14.43,14.64,14.37,14.60,54086
NSM,20091201,14.63,15.07,14.63,15.02,53893
NSM,20091202,14.98,15.35,14.98,15.29,50516
NSM,20091203,15.44,15.49,15.24,15.40,50006
NSM,20091204,15.62,15.72,15.15,15.45,90849
NSM,20091207,15.39,15.66,15.33,15.49,45802
NSM,20091208,15.42,15.43,15.13,15.17,61990
NSM,20091209,15.15,15.52,15.10,15.50,70938
NSM,20091210,15.55,15.70,15.23,15.28,68970
NSM,20091211,14.72,15.09,14.41,14.73,129493
NSM,20091214,14.84,14.96,14.62,14.93,65825
NSM,20091215,14.79,15.00,14.71,14.77,67361
NSM,20091216,14.89,15.22,14.77,15.01,95460
NSM,20091217,14.80,14.94,14.73,14.79,40258
NSM,20091218,14.93,15.13,14.84,15.00,47639
NSM,20091221,15.03,15.38,15.00,15.26,32801
NSM,20091222,15.26,15.45,15.16,15.28,29764
NSM,20091223,15.24,15.37,15.09,15.14,23169
NSM,20091224,15.14,15.32,15.14,15.32,9341
NSM,20091228,15.39,15.40,15.00,15.12,27156
NSM,20091229,15.07,15.31,14.90,15.24,42506
NSM,20091230,15.22,15.51,15.12,15.50,22073
NSM,20091231,15.50,15.71,15.36,15.36,37438
NSM,20100104,15.49,15.52,15.25,15.34,60926
NSM,20100105,15.26,15.40,15.03,15.11,51661
NSM,20100106,15.00,15.32,14.92,15.18,61005
NSM,20100107,15.20,15.29,14.92,15.01,43176
NSM,20100108,14.91,15.33,14.91,15.26,40571
NSM,20100111,15.27,15.29,14.81,15.04,44109
NSM,20100112,14.94,14.97,14.57,14.67,39488
NSM,20100113,14.63,14.99,14.27,14.87,65497
NSM,20100114,14.84,14.84,14.44,14.61,70393
NSM,20100115,14.58,14.64,14.15,14.37,72907
NSM,20100119,14.37,14.57,14.24,14.45,44469
NSM,20100120,14.36,14.61,14.29,14.49,51712
NSM,20100121,14.43,14.78,14.16,14.21,90161
NSM,20100122,14.19,14.21,13.65,13.70,69532
NSM,20100125,13.79,13.99,13.73,13.86,47728
NSM,20100126,13.74,14.11,13.67,13.87,60387
NSM,20100127,13.82,14.15,13.75,14.02,62545
NSM,20100128,14.01,14.01,13.30,13.59,59112
NSM,20100129,13.76,13.90,13.14,13.26,58515
NSM,20100201,13.38,13.71,13.29,13.68,49243
NSM,20100202,13.70,13.92,13.64,13.82,37721
NSM,20100203,13.89,13.95,13.72,13.85,39935
NSM,20100204,13.69,13.72,13.23,13.35,57727
NSM,20100205,13.37,13.74,13.30,13.70,68479
NSM,20100208,13.74,14.04,13.50,13.74,58173
NSM,20100209,13.95,14.04,13.68,13.84,47943
NSM,20100210,13.87,14.07,13.72,13.95,42639
NSM,20100211,13.95,14.29,13.79,14.26,53593
NSM,20100212,14.08,14.47,13.95,14.25,55002
NSM,20100216,14.39,14.58,14.21,14.54,27871
NSM,20100217,14.60,14.63,14.21,14.44,65558
NSM,20100218,14.38,14.66,14.16,14.63,48571
NSM,20100219,14.56,14.79,14.47,14.61,33523
NSM,20100222,14.65,14.70,14.44,14.52,35099
NSM,20100223,14.46,14.50,14.21,14.41,43208
NSM,20100224,14.50,14.69,14.34,14.65,47608
NSM,20100225,14.47,14.60,14.22,14.57,43126
NSM,20100226,14.67,14.67,14.30,14.48,48160
NSM,20100301,14.48,14.77,14.48,14.77,46910
NSM,20100302,14.83,14.93,14.61,14.65,42904
NSM,20100303,14.66,14.79,14.52,14.59,27920
NSM,20100304,14.58,14.69,14.36,14.63,32099
NSM,20100305,14.77,14.81,14.57,14.67,50127
NSM,20100308,14.75,14.75,14.58,14.72,36295
NSM,20100309,14.60,14.74,14.46,14.63,51421
NSM,20100310,14.65,15.08,14.60,14.83,91700
NSM,20100311,14.84,14.85,14.34,14.34,126411
NSM,20100312,14.64,14.65,14.28,14.38,213546
NSM,20100315,14.34,14.54,14.24,14.44,96811
NSM,20100316,14.53,14.88,14.41,14.77,63043
NSM,20100317,14.80,15.14,14.70,15.06,84158
NSM,20100318,14.95,14.95,14.63,14.88,52515
NSM,20100319,14.89,15.04,14.43,14.57,70025
NSM,20100322,14.41,14.85,14.41,14.81,49832
NSM,20100323,14.87,15.00,14.83,14.99,43848
NSM,20100324,14.91,14.95,14.49,14.49,82723
NSM,20100325,14.66,14.80,14.56,14.59,70989
NSM,20100326,14.64,14.75,14.35,14.50,62930
NSM,20100329,14.56,14.64,14.48,14.54,39702
NSM,20100330,14.57,14.64,14.35,14.56,42857
NSM,20100331,14.44,14.62,14.38,14.46,39743
NSM,20100401,14.57,14.73,14.29,14.47,52003
NSM,20100405,14.51,14.67,14.43,14.65,45903
NSM,20100406,14.58,14.76,14.52,14.75,49618
NSM,20100407,14.67,14.91,14.62,14.88,59584
NSM,20100408,14.78,14.78,14.38,14.59,65997
NSM,20100409,14.60,14.73,14.50,14.71,51256
NSM,20100412,14.72,15.07,14.68,14.92,68016
NSM,20100413,14.91,15.09,14.90,15.03,54900
NSM,20100414,15.38,15.86,15.36,15.85,99877
NSM,20100415,15.80,16.00,15.68,15.78,81894
NSM,20100416,15.70,15.76,15.47,15.67,70612
NSM,20100419,15.58,15.71,15.27,15.57,63034
NSM,20100420,15.67,15.88,15.53,15.72,41062
NSM,20100421,15.85,15.88,15.13,15.31,88103
NSM,20100422,15.03,15.31,14.68,15.22,126078
NSM,20100423,15.26,15.27,14.95,15.27,71976
NSM,20100426,15.19,15.48,15.19,15.37,65059
NSM,20100427,15.28,15.28,14.71,14.77,65166
NSM,20100428,14.93,15.11,14.66,15.04,76485
NSM,20100429,15.07,15.34,15.05,15.31,61643
NSM,20100430,15.37,15.40,14.75,14.78,89175
NSM,20100503,14.94,15.16,14.83,15.09,64553
NSM,20100504,14.88,14.91,14.19,14.41,110014
NSM,20100505,14.22,14.53,13.90,14.31,103410
NSM,20100506,14.25,14.53,13.10,13.97,114655
NSM,20100507,13.83,14.15,13.42,13.88,145885
NSM,20100510,14.53,14.79,14.45,14.70,100662
NSM,20100511,14.52,14.79,14.29,14.48,69503
NSM,20100512,14.47,14.65,14.40,14.60,53734
NSM,20100513,14.53,14.82,14.26,14.35,57709
NSM,20100514,14.18,14.19,13.77,14.05,73444
NSM,20100517,14.05,14.32,13.87,14.30,85393
NSM,20100518,14.41,14.41,13.79,13.88,82413
NSM,20100519,13.84,14.20,13.70,14.08,84975
NSM,20100520,13.76,14.00,13.44,13.74,97207
NSM,20100521,13.53,14.14,13.38,13.95,90804
NSM,20100524,13.86,14.05,13.78,13.79,45997
NSM,20100525,13.40,13.80,13.19,13.79,66757
NSM,20100526,13.93,14.16,13.75,13.82,77852
NSM,20100527,14.10,14.30,14.04,14.29,48804
NSM,20100528,14.19,14.37,13.88,14.05,68837
NSM,20100601,13.78,14.11,13.71,13.75,92162
NSM,20100602,14.04,14.22,13.82,14.22,80014
NSM,20100603,14.38,14.47,14.09,14.35,58067
NSM,20100604,14.00,14.28,13.58,13.70,78301
NSM,20100607,13.72,13.89,13.22,13.26,81392
NSM,20100608,13.29,13.38,12.96,13.19,118066
NSM,20100609,13.32,13.48,13.05,13.11,90320
NSM,20100610,13.34,13.58,13.17,13.53,72711
NSM,20100611,13.46,14.24,13.39,14.21,128453
NSM,20100614,14.40,14.47,14.20,14.23,86042
NSM,20100615,14.40,15.01,14.30,15.00,93150
NSM,20100616,14.80,14.91,14.28,14.71,108531
NSM,20100617,14.68,14.85,14.50,14.73,59694
NSM,20100618,14.78,14.91,14.67,14.73,44850
NSM,20100621,14.88,14.99,14.50,14.61,80478
NSM,20100622,14.59,14.85,14.37,14.44,66671
NSM,20100623,14.40,14.51,14.13,14.41,100170
NSM,20100624,14.31,14.33,13.93,14.05,69649
NSM,20100625,14.16,14.18,13.82,14.05,46638
NSM,20100628,14.07,14.28,13.92,14.12,67827
NSM,20100629,13.85,13.87,13.44,13.58,110467
NSM,20100630,13.65,13.80,13.41,13.46,74494
NSM,20100701,13.43,13.75,13.20,13.65,118149
NSM,20100702,13.58,13.72,13.33,13.56,53276
NSM,20100706,13.73,13.84,13.35,13.53,72884
NSM,20100707,13.45,14.16,13.43,14.12,119666
NSM,20100708,14.22,14.24,13.80,14.07,50607
NSM,20100709,14.03,14.13,13.96,14.13,28554
NSM,20100712,14.05,14.31,14.04,14.24,50264
NSM,20100713,14.40,14.61,14.32,14.54,58195
NSM,20100714,14.68,14.80,14.27,14.38,54832
NSM,20100715,14.34,14.48,14.12,14.45,44489
NSM,20100716,14.35,14.39,14.01,14.07,35569
NSM,20100719,14.15,14.43,14.08,14.39,31616
NSM,20100720,14.07,14.41,13.77,14.39,53706
NSM,20100721,14.43,14.51,14.08,14.12,44582
NSM,20100722,14.35,14.61,14.23,14.49,48005
NSM,20100723,14.45,14.54,14.26,14.50,45374
NSM,20100726,14.45,14.62,14.23,14.62,29124
NSM,20100727,14.74,14.74,14.39,14.44,56456
NSM,20100728,14.33,14.51,14.08,14.14,42286
NSM,20100729,14.24,14.29,13.59,13.84,58743
NSM,20100730,13.70,13.89,13.51,13.80,42155
NSM,20100802,13.94,14.07,13.77,13.99,35080
NSM,20100803,13.93,13.96,13.68,13.83,27068
NSM,20100804,13.89,13.97,13.76,13.91,28733
NSM,20100805,13.82,14.07,13.82,13.85,28101
NSM,20100806,13.67,13.98,13.64,13.79,51706
NSM,20100809,13.82,13.93,13.68,13.87,22257
NSM,20100810,13.70,13.74,13.40,13.53,35781
NSM,20100811,13.33,13.34,13.01,13.15,34149
NSM,20100812,12.86,13.15,12.81,12.92,39347
NSM,20100813,12.90,13.09,12.82,12.83,19213
NSM,20100816,12.75,13.12,12.68,12.95,37082
NSM,20100817,13.09,13.33,13.02,13.18,33826
NSM,20100818,13.20,13.41,13.09,13.36,36996
NSM,20100819,13.23,13.39,13.07,13.08,26762
NSM,20100820,13.10,13.37,13.01,13.36,53754
NSM,20100823,13.38,13.41,13.01,13.07,35341
NSM,20100824,12.90,12.99,12.73,12.84,42521
NSM,20100825,12.78,12.89,12.69,12.87,78660
NSM,20100826,12.95,12.99,12.60,12.67,46276
NSM,20100827,12.77,13.08,12.41,13.00,65765
NSM,20100830,12.93,12.97,12.68,12.69,40493
NSM,20100831,12.63,12.90,12.50,12.61,57595
NSM,20100901,12.82,13.12,12.72,12.86,68142
NSM,20100902,12.87,13.19,12.87,13.19,51291
NSM,20100903,13.35,13.41,13.12,13.26,53993
NSM,20100907,13.10,13.19,12.74,12.76,89285
NSM,20100908,12.81,12.93,12.64,12.89,52382
NSM,20100909,13.08,13.16,12.81,12.90,60825
NSM,20100910,12.33,12.45,11.84,12.08,174111
NSM,20100913,12.11,12.30,12.09,12.27,63440
NSM,20100914,12.26,12.54,12.14,12.44,45545
NSM,20100915,12.36,12.43,12.19,12.32,48757
NSM,20100916,12.20,12.44,12.14,12.37,31232
NSM,20100917,12.44,12.54,12.32,12.52,48502
NSM,20100920,12.54,12.67,12.45,12.65,47258
NSM,20100921,12.69,12.74,12.57,12.65,57241
NSM,20100922,12.66,12.76,12.33,12.36,43637
NSM,20100923,12.14,12.54,12.00,12.34,57356
NSM,20100924,12.50,12.75,12.46,12.71,34981
NSM,20100927,12.78,12.79,12.61,12.62,24769
NSM,20100928,12.69,12.90,12.55,12.87,48628
NSM,20100929,12.77,12.98,12.73,12.87,38998
NSM,20100930,12.94,13.00,12.60,12.77,56686
NSM,20101001,12.88,13.00,12.67,12.80,52423
NSM,20101004,12.76,12.79,12.45,12.60,38385
NSM,20101005,12.73,12.99,12.65,12.96,72794
NSM,20101006,12.90,12.98,12.54,12.73,47206
NSM,20101007,12.79,12.85,12.63,12.78,37194
NSM,20101008,12.75,13.10,12.45,13.03,103807
NSM,20101011,13.01,13.24,12.91,13.00,50592
NSM,20101012,12.98,13.14,12.85,13.10,60113
NSM,20101013,13.10,13.15,12.86,12.99,38925
NSM,20101014,12.93,13.17,12.93,13.09,47164
NSM,20101015,13.28,13.31,13.01,13.04,76323
NSM,20101018,13.07,13.12,12.78,12.99,42945
NSM,20101019,12.78,12.98,12.62,12.82,62376
NSM,20101020,12.88,13.00,12.79,12.97,51213
NSM,20101021,13.01,13.02,12.68,12.83,43759
NSM,20101022,12.88,13.23,12.85,13.17,33696
NSM,20101025,13.22,13.41,13.15,13.15,31464
NSM,20101026,13.07,13.18,12.97,13.09,32157
NSM,20101027,12.95,13.46,12.93,13.43,38071
NSM,20101028,13.48,13.59,13.20,13.53,43177
NSM,20101029,13.50,13.75,13.48,13.70,31018
NSM,20101101,13.64,13.75,13.35,13.43,35782
NSM,20101102,13.47,13.57,13.31,13.47,39642
NSM,20101103,13.51,13.69,13.46,13.65,34852
NSM,20101104,13.72,14.05,13.65,13.96,39369
NSM,20101105,13.98,14.13,13.87,13.97,32037
NSM,20101108,13.81,13.83,13.60,13.73,50687
NSM,20101109,13.73,13.78,13.59,13.68,26908
NSM,20101110,13.69,13.83,13.51,13.83,36587
NSM,20101111,13.55,13.73,13.28,13.65,34067
NSM,20101112,13.55,13.78,13.41,13.64,34077
NSM,20101115,13.66,13.67,13.33,13.36,37911
NSM,20101116,13.28,13.45,13.06,13.20,35004
NSM,20101117,13.17,13.35,13.09,13.15,23358
NSM,20101118,13.28,13.34,13.19,13.27,38636
NSM,20101119,13.24,13.67,13.22,13.49,48604
NSM,20101122,13.43,13.67,13.37,13.66,24612
NSM,20101123,13.51,13.57,13.38,13.48,29334
NSM,20101124,13.65,13.81,13.59,13.76,19333
NSM,20101126,13.62,13.78,13.58,13.64,8928
NSM,20101129,13.55,13.62,13.38,13.55,20898
NSM,20101130,13.38,13.45,13.28,13.35,29186
NSM,20101201,13.63,13.77,13.52,13.62,45925
NSM,20101202,13.62,14.13,13.57,14.11,52951
NSM,20101203,14.35,14.81,14.30,14.77,87846
NSM,20101206,14.75,14.81,14.57,14.70,78039
NSM,20101207,14.82,14.91,14.67,14.70,41764
NSM,20101208,14.75,14.89,14.56,14.74,49746
NSM,20101209,14.91,15.00,14.80,14.97,66960
NSM,20101210,14.25,14.39,13.69,13.81,187292
NSM,20101213,13.80,13.96,13.58,13.58,70361
NSM,20101214,13.61,13.70,13.50,13.64,41907
NSM,20101215,13.62,13.65,13.52,13.57,35698
NSM,20101216,13.52,13.65,13.41,13.63,29456
NSM,20101217,13.65,13.84,13.52,13.80,44966
NSM,20101220,13.79,13.84,13.70,13.78,34966
NSM,20101221,13.87,13.89,13.77,13.79,43089
NSM,20101222,13.80,13.85,13.63,13.81,35982
NSM,20101223,13.85,13.94,13.80,13.82,27737
NSM,20101227,13.77,13.89,13.64,13.87,13132
NSM,20101228,13.88,13.90,13.75,13.81,8429
NSM,20101229,13.85,13.90,13.77,13.78,19553
NSM,20101230,13.81,13.89,13.75,13.78,20241
NSM,20101231,13.80,13.82,13.67,13.76,14430
NSM,20110103,13.77,13.97,13.69,13.89,28070
NSM,20110104,13.93,13.93,13.75,13.85,24634
NSM,20110105,13.77,13.97,13.66,13.73,48601
NSM,20110106,13.75,14.12,13.69,14.08,34780
NSM,20110107,14.11,14.17,13.82,13.95,26380
