NVLS,20090115,13.07,13.30,12.68,13.15,26529
NVLS,20090116,13.57,14.08,13.31,13.88,36365
NVLS,20090120,13.88,13.91,12.89,12.90,31246
NVLS,20090121,13.00,13.22,12.45,13.10,30843
NVLS,20090122,12.81,13.04,12.44,12.78,21558
NVLS,20090123,12.60,13.56,12.52,13.38,38935
NVLS,20090126,13.41,14.00,13.15,13.73,27624
NVLS,20090127,13.84,14.69,13.72,14.57,51907
NVLS,20090128,14.84,15.09,14.61,15.04,39960
NVLS,20090129,14.76,14.76,13.74,13.89,29291
NVLS,20090130,13.68,14.41,13.65,13.79,25300
NVLS,20090202,13.56,13.98,13.30,13.72,25327
NVLS,20090203,13.94,13.95,13.34,13.69,52969
NVLS,20090204,13.64,14.51,13.48,13.77,49662
NVLS,20090205,13.25,14.16,13.02,13.72,69051
NVLS,20090206,13.65,14.44,13.62,14.36,25315
NVLS,20090209,14.27,14.56,13.98,14.25,24913
NVLS,20090210,14.25,14.75,13.58,13.66,44945
NVLS,20090211,13.76,13.77,13.30,13.58,30792
NVLS,20090212,13.44,13.87,13.23,13.72,37279
NVLS,20090213,13.64,14.08,13.60,13.81,20779
NVLS,20090217,13.52,13.52,12.80,12.82,25452
NVLS,20090218,12.97,13.19,12.70,12.92,34218
NVLS,20090219,12.85,13.00,12.01,12.07,35864
NVLS,20090220,11.98,12.53,11.87,12.25,43896
NVLS,20090223,12.37,12.40,11.80,11.81,32091
NVLS,20090224,11.75,12.56,11.75,12.45,34626
NVLS,20090225,12.48,13.24,12.20,12.88,33548
NVLS,20090226,12.90,13.49,12.73,12.75,29598
NVLS,20090227,12.70,13.05,12.52,12.75,30448
NVLS,20090302,12.60,12.71,12.11,12.12,21851
NVLS,20090303,12.37,12.38,11.91,12.06,19714
NVLS,20090304,12.07,12.73,12.07,12.49,16664
NVLS,20090305,12.24,12.96,12.06,12.31,25399
NVLS,20090306,12.24,12.39,11.43,11.69,43783
NVLS,20090309,11.70,12.41,11.49,11.55,30405
NVLS,20090310,11.79,12.34,11.61,12.26,28271
NVLS,20090311,12.36,12.58,12.21,12.51,24367
NVLS,20090312,12.33,13.34,12.25,13.30,37930
NVLS,20090313,13.37,14.14,13.20,14.06,45509
NVLS,20090316,14.08,14.33,13.42,13.52,27609
NVLS,20090317,13.48,13.97,13.40,13.97,19773
NVLS,20090318,13.96,14.73,13.72,14.69,44667
NVLS,20090319,14.78,15.00,14.54,14.70,27773
NVLS,20090320,14.76,15.15,14.13,14.32,38601
NVLS,20090323,14.32,15.33,14.32,15.33,28711
NVLS,20090324,15.07,15.21,14.49,14.67,27630
NVLS,20090325,14.89,15.68,14.60,15.24,48871
NVLS,20090326,15.47,16.39,15.41,16.30,52966
NVLS,20090327,16.67,17.46,16.41,16.96,64882
NVLS,20090330,16.54,16.57,16.06,16.36,33886
NVLS,20090331,16.65,16.99,16.31,16.63,33927
NVLS,20090401,16.28,16.97,16.27,16.90,32330
NVLS,20090402,17.16,17.71,17.16,17.31,41388
NVLS,20090403,17.35,17.83,16.99,17.75,29731
NVLS,20090406,17.46,17.46,16.75,17.14,35418
NVLS,20090407,16.98,16.98,16.32,16.35,21896
NVLS,20090408,16.47,17.12,16.35,17.11,26830
NVLS,20090409,17.28,18.35,17.28,18.00,38281
NVLS,20090413,17.90,17.94,17.39,17.81,19400
NVLS,20090414,17.65,18.38,17.42,17.78,24441
NVLS,20090415,17.50,17.50,16.90,17.30,29079
NVLS,20090416,17.38,17.98,17.09,17.93,23783
NVLS,20090417,17.71,18.00,17.46,17.88,16739
NVLS,20090420,17.55,17.55,16.44,16.58,43457
NVLS,20090421,16.64,17.12,16.04,16.65,57868
NVLS,20090422,16.59,18.30,16.35,17.26,70998
NVLS,20090423,17.74,17.93,16.71,17.84,76321
NVLS,20090424,17.93,18.24,17.52,18.09,36946
NVLS,20090427,17.91,18.72,17.91,18.16,40280
NVLS,20090428,18.13,18.20,17.61,17.96,22871
NVLS,20090429,18.02,18.37,17.61,18.03,21120
NVLS,20090430,18.12,18.60,17.69,18.06,47264
NVLS,20090501,18.00,18.17,17.57,17.93,27542
NVLS,20090504,18.20,18.46,17.79,18.37,28651
NVLS,20090505,17.96,18.01,17.56,17.95,27903
NVLS,20090506,18.14,18.20,17.60,17.97,35000
NVLS,20090507,18.11,18.26,16.51,16.78,42086
NVLS,20090508,16.98,17.10,16.16,16.71,32050
NVLS,20090511,16.49,16.94,16.15,16.47,23913
NVLS,20090512,16.59,16.72,15.94,16.24,30321
NVLS,20090513,15.98,16.17,15.67,15.76,27268
NVLS,20090514,16.33,17.37,16.04,16.88,70692
NVLS,20090515,16.73,17.25,16.70,16.85,26011
NVLS,20090518,17.33,17.75,17.33,17.69,29705
NVLS,20090519,17.70,18.32,17.53,18.00,31006
NVLS,20090520,18.25,18.51,17.60,17.68,49282
NVLS,20090521,17.36,17.67,16.76,17.05,41292
NVLS,20090522,17.11,17.18,16.65,16.99,16387
NVLS,20090526,16.78,17.85,16.78,17.73,27087
NVLS,20090527,17.77,18.25,17.39,17.74,35210
NVLS,20090528,17.87,18.20,17.37,17.90,29123
NVLS,20090529,17.92,18.25,17.53,17.93,33589
NVLS,20090601,18.10,19.16,18.04,18.97,50150
NVLS,20090602,18.89,18.96,18.33,18.41,34601
NVLS,20090603,18.27,18.34,17.84,17.94,25932
NVLS,20090604,17.86,18.56,17.86,18.31,25301
NVLS,20090605,18.31,18.40,17.78,18.01,30339
NVLS,20090608,17.97,18.03,17.45,17.62,32189
NVLS,20090609,17.97,18.32,17.85,18.20,35999
NVLS,20090610,18.28,18.59,17.94,18.26,28736
NVLS,20090611,18.19,18.79,18.19,18.41,34444
NVLS,20090612,18.19,18.50,17.78,18.23,25695
NVLS,20090615,17.72,17.90,17.04,17.42,42237
NVLS,20090616,17.35,17.66,16.79,16.89,51798
NVLS,20090617,16.86,17.22,16.54,17.03,33716
NVLS,20090618,17.08,17.19,16.66,16.78,30011
NVLS,20090619,16.86,16.94,16.56,16.63,42397
NVLS,20090622,16.48,16.67,16.09,16.10,38240
NVLS,20090623,16.23,16.29,15.82,16.20,37161
NVLS,20090624,16.39,16.80,16.28,16.49,25421
NVLS,20090625,15.96,16.67,15.83,16.45,44007
NVLS,20090626,16.39,16.88,16.29,16.50,29501
NVLS,20090629,16.47,16.79,16.29,16.64,23719
NVLS,20090630,16.72,16.98,16.54,16.70,28830
NVLS,20090701,16.78,17.72,16.66,17.44,61514
NVLS,20090702,17.29,17.88,17.19,17.63,41864
NVLS,20090706,17.71,18.25,17.33,17.69,61800
NVLS,20090707,17.67,18.06,17.30,17.30,33514
NVLS,20090708,17.37,17.40,16.72,17.00,46936
NVLS,20090709,17.49,17.98,17.45,17.77,46017
NVLS,20090710,17.83,18.32,17.66,17.99,48529
NVLS,20090713,18.25,18.71,17.84,18.66,72351
NVLS,20090714,18.90,19.28,18.67,18.90,105243
NVLS,20090715,19.42,19.42,18.64,19.07,93065
NVLS,20090716,19.04,19.42,18.76,19.35,49345
NVLS,20090717,19.34,19.71,18.92,19.64,46162
NVLS,20090720,19.66,19.75,19.27,19.39,44392
NVLS,20090721,19.05,19.31,18.87,19.30,48404
NVLS,20090722,19.42,19.87,19.14,19.74,37221
NVLS,20090723,19.65,20.10,19.46,20.01,33472
NVLS,20090724,19.66,20.05,19.42,20.01,22699
NVLS,20090727,20.02,20.16,19.52,19.90,34484
NVLS,20090728,19.90,20.05,19.50,19.75,37412
NVLS,20090729,19.58,19.79,19.39,19.69,25835
NVLS,20090730,19.95,20.29,19.30,19.44,39585
NVLS,20090731,19.39,19.87,19.36,19.57,25388
NVLS,20090803,19.70,19.94,19.25,19.41,38152
NVLS,20090804,19.14,19.30,19.02,19.18,36849
NVLS,20090805,19.26,19.33,18.63,18.65,44983
NVLS,20090806,18.70,18.91,18.28,18.38,34260
NVLS,20090807,18.57,18.69,18.18,18.26,29211
NVLS,20090810,18.22,18.41,17.78,17.92,35446
NVLS,20090811,18.01,18.09,17.45,17.52,55769
NVLS,20090812,17.52,17.87,17.45,17.61,47303
NVLS,20090813,17.64,17.96,17.46,17.95,41699
NVLS,20090814,17.86,17.90,17.19,17.30,40458
NVLS,20090817,17.12,17.12,16.73,16.75,50517
NVLS,20090818,16.82,17.22,16.81,17.11,27634
NVLS,20090819,16.83,17.26,16.77,17.23,29244
NVLS,20090820,17.12,17.49,17.12,17.42,45387
NVLS,20090821,17.51,17.62,17.13,17.52,38231
NVLS,20090824,17.60,17.98,17.48,17.72,72436
NVLS,20090825,18.03,18.52,17.86,18.38,85939
NVLS,20090826,18.56,19.02,18.28,18.96,82026
NVLS,20090827,18.78,19.09,18.72,18.92,42171
NVLS,20090828,19.22,19.90,19.21,19.55,72779
NVLS,20090831,19.40,19.50,19.09,19.16,52402
NVLS,20090901,19.15,19.67,18.78,18.81,57636
NVLS,20090902,18.86,19.20,18.62,18.76,41300
NVLS,20090903,18.72,19.10,18.64,19.08,37464
NVLS,20090904,19.85,19.90,19.29,19.63,65101
NVLS,20090908,19.64,19.82,19.27,19.56,48675
NVLS,20090909,19.47,19.90,19.43,19.89,45152
NVLS,20090910,19.80,20.27,19.67,20.27,38229
NVLS,20090911,20.21,20.68,19.92,20.07,44936
NVLS,20090914,20.10,20.40,19.91,20.33,39250
NVLS,20090915,20.36,20.74,20.32,20.61,32907
NVLS,20090916,20.53,20.65,20.34,20.53,24806
NVLS,20090917,20.36,20.56,19.88,20.07,29408
NVLS,20090918,20.25,20.60,20.05,20.51,34987
NVLS,20090921,20.82,21.16,20.79,20.91,66039
NVLS,20090922,21.34,21.40,21.00,21.32,43750
NVLS,20090923,21.44,21.70,21.09,21.19,47560
NVLS,20090924,21.25,21.34,20.52,20.81,38901
NVLS,20090925,20.72,20.96,20.53,20.72,23571
NVLS,20090928,20.78,21.36,20.78,21.18,22657
NVLS,20090929,21.12,21.30,20.80,20.86,17124
NVLS,20090930,20.90,21.26,20.55,20.98,29105
NVLS,20091001,21.10,21.44,19.88,19.89,54384
NVLS,20091002,19.80,20.08,19.50,19.55,39230
NVLS,20091005,19.89,20.13,19.57,20.03,33394
NVLS,20091006,20.04,20.67,20.04,20.56,35150
NVLS,20091007,20.42,20.47,20.10,20.39,29946
NVLS,20091008,20.52,20.56,20.00,20.33,33637
NVLS,20091009,20.71,21.28,20.56,21.23,39175
NVLS,20091012,21.99,21.99,21.62,21.77,36577
NVLS,20091013,21.87,21.88,21.27,21.36,39127
NVLS,20091014,21.77,21.78,20.83,21.29,71640
NVLS,20091015,21.63,21.70,21.05,21.25,42446
NVLS,20091016,21.26,21.35,20.90,21.24,50195
NVLS,20091019,21.18,21.93,21.05,21.79,49638
NVLS,20091020,21.75,22.07,21.65,21.83,55242
NVLS,20091021,21.74,21.99,21.50,21.61,61317
NVLS,20091022,21.84,23.13,21.34,23.08,86826
NVLS,20091023,22.95,23.17,22.30,22.50,55483
NVLS,20091026,22.51,22.91,22.15,22.31,45552
NVLS,20091027,22.20,22.59,21.52,21.62,38032
NVLS,20091028,21.62,21.87,20.80,20.82,33471
NVLS,20091029,21.00,21.45,20.99,21.28,30943
NVLS,20091030,21.26,21.29,20.45,20.58,42930
NVLS,20091102,20.53,20.96,20.29,20.78,35965
NVLS,20091103,19.98,19.99,19.42,19.71,57859
NVLS,20091104,19.95,20.27,19.74,19.81,30892
NVLS,20091105,20.01,20.41,19.94,20.27,20685
NVLS,20091106,20.17,20.62,20.11,20.37,18872
NVLS,20091109,20.63,21.11,20.57,21.07,16543
NVLS,20091110,21.04,21.28,20.90,21.16,24642
NVLS,20091111,21.26,21.73,21.20,21.55,18710
NVLS,20091112,21.44,21.71,21.26,21.27,20981
NVLS,20091113,21.33,21.64,21.20,21.63,21775
NVLS,20091116,21.76,22.42,21.71,22.32,27890
NVLS,20091117,22.18,22.36,21.92,22.17,17858
NVLS,20091118,22.22,22.22,21.76,21.80,14998
NVLS,20091119,21.52,21.59,20.82,20.89,30592
NVLS,20091120,20.81,21.04,20.66,20.96,46268
NVLS,20091123,21.06,21.58,21.06,21.22,19612
NVLS,20091124,21.20,21.25,20.73,20.96,21300
NVLS,20091125,20.98,21.20,20.93,21.06,10300
NVLS,20091127,20.49,20.93,20.28,20.72,6157
NVLS,20091130,20.72,20.80,20.40,20.69,13402
NVLS,20091201,20.90,21.34,20.86,21.28,11525
NVLS,20091202,21.27,21.79,21.22,21.74,25333
NVLS,20091203,21.63,22.50,21.63,22.35,35047
NVLS,20091204,22.97,23.44,22.73,23.36,49869
NVLS,20091207,23.32,23.64,23.31,23.52,21121
NVLS,20091208,23.33,23.96,23.13,23.81,28520
NVLS,20091209,23.74,24.06,23.53,24.03,18202
NVLS,20091210,24.00,24.33,23.78,23.85,17509
NVLS,20091211,24.00,24.12,23.59,23.80,12876
NVLS,20091214,23.95,24.21,23.84,24.11,14186
NVLS,20091215,23.92,24.32,23.86,24.12,13214
NVLS,20091216,24.08,24.70,24.06,24.49,16742
NVLS,20091217,24.21,24.43,23.79,23.93,14685
NVLS,20091218,23.93,24.15,23.66,23.94,21005
NVLS,20091221,23.78,24.41,23.78,24.09,29203
NVLS,20091222,24.06,24.10,23.81,23.86,19917
NVLS,20091223,23.89,23.92,23.50,23.56,19620
NVLS,20091224,23.58,23.61,23.49,23.60,10032
NVLS,20091228,23.58,23.64,23.33,23.51,13320
NVLS,20091229,23.55,23.61,23.40,23.41,9228
NVLS,20091230,23.45,23.49,23.32,23.45,24283
NVLS,20091231,23.25,23.76,23.25,23.34,16628
NVLS,20100104,23.45,23.89,23.45,23.70,19723
NVLS,20100105,23.71,23.87,23.59,23.74,15063
NVLS,20100106,23.53,24.03,23.38,23.42,21069
NVLS,20100107,23.34,23.48,23.05,23.38,12860
NVLS,20100108,23.41,24.13,23.24,24.06,26344
NVLS,20100111,24.22,24.22,23.57,24.02,16840
NVLS,20100112,23.68,23.95,22.74,22.80,32847
NVLS,20100113,22.88,23.32,22.54,23.26,24208
NVLS,20100114,23.09,23.40,22.80,23.05,22681
NVLS,20100115,22.73,22.95,21.99,22.13,36043
NVLS,20100119,22.11,22.61,21.98,22.43,20393
NVLS,20100120,22.26,22.50,22.01,22.43,21007
NVLS,20100121,22.37,22.87,22.08,22.13,23791
NVLS,20100122,21.70,21.72,20.90,20.97,46536
NVLS,20100125,21.24,21.54,20.89,21.44,37619
NVLS,20100126,21.93,22.58,21.83,22.07,79966
NVLS,20100127,22.08,22.56,21.83,22.28,39125
NVLS,20100128,22.21,22.37,21.26,21.50,44998
NVLS,20100129,21.84,21.93,20.68,20.90,36505
NVLS,20100201,20.98,21.63,20.93,21.59,30484
NVLS,20100202,21.49,22.03,21.49,21.76,28697
NVLS,20100203,21.66,22.16,21.58,22.05,45260
NVLS,20100204,21.08,21.48,20.57,21.08,59864
NVLS,20100205,21.26,21.64,20.83,21.60,42846
NVLS,20100208,21.55,21.93,21.25,21.48,25723
NVLS,20100209,21.78,21.96,21.43,21.78,24356
NVLS,20100210,21.79,21.99,21.50,21.80,22676
NVLS,20100211,21.80,22.40,21.52,22.33,23326
NVLS,20100212,22.15,22.79,21.80,22.47,22932
NVLS,20100216,22.64,23.11,22.54,23.09,22480
NVLS,20100217,23.18,23.21,22.57,22.73,22070
NVLS,20100218,22.66,22.67,22.22,22.65,22105
NVLS,20100219,22.65,22.80,22.50,22.71,19721
NVLS,20100222,22.78,22.93,22.47,22.65,15306
NVLS,20100223,22.58,22.58,21.51,21.73,31066
NVLS,20100224,21.84,22.44,21.81,22.27,25056
NVLS,20100225,21.93,22.19,21.56,22.13,19765
NVLS,20100226,22.18,22.18,21.81,22.12,16217
NVLS,20100301,22.10,22.63,22.10,22.54,19838
NVLS,20100302,22.67,23.05,22.66,22.81,24364
NVLS,20100303,22.86,23.13,22.65,22.77,13248
NVLS,20100304,22.77,22.79,22.31,22.48,16162
NVLS,20100305,22.58,22.95,22.47,22.83,17164
NVLS,20100308,22.93,23.10,22.82,23.00,19270
NVLS,20100309,22.96,23.02,22.69,22.88,18733
NVLS,20100310,22.80,23.40,22.75,23.31,21850
NVLS,20100311,23.54,23.60,23.02,23.58,26082
NVLS,20100312,23.57,23.75,23.38,23.43,22895
NVLS,20100315,23.27,23.27,22.63,22.87,30459
NVLS,20100316,22.85,23.41,22.78,23.36,18856
NVLS,20100317,23.41,23.90,23.37,23.77,22665
NVLS,20100318,23.72,23.91,23.38,23.54,13172
NVLS,20100319,23.52,23.54,22.96,23.16,20977
NVLS,20100322,22.93,24.27,22.92,24.23,29604
NVLS,20100323,24.31,25.05,24.16,24.97,27737
NVLS,20100324,24.74,24.96,24.67,24.75,43336
NVLS,20100325,24.98,25.75,24.94,25.31,37871
NVLS,20100326,25.34,25.66,24.83,24.91,24183
NVLS,20100329,25.00,25.25,24.82,24.92,22420
NVLS,20100330,25.06,25.32,24.81,25.17,18775
NVLS,20100331,25.10,25.39,24.89,24.99,22648
NVLS,20100401,25.18,25.83,24.94,25.16,19942
NVLS,20100405,25.16,25.61,25.11,25.53,20928
NVLS,20100406,25.32,25.68,25.22,25.31,57207
NVLS,20100407,25.33,25.65,25.08,25.44,32005
NVLS,20100408,25.25,25.47,24.79,24.90,27081
NVLS,20100409,25.02,25.25,24.75,25.25,23493
NVLS,20100412,25.15,25.68,25.12,25.40,18978
NVLS,20100413,25.42,25.69,25.31,25.64,19573
NVLS,20100414,26.04,27.03,25.99,26.92,39033
NVLS,20100415,27.13,27.20,26.62,26.86,38550
NVLS,20100416,26.90,26.97,26.25,26.60,31683
NVLS,20100419,26.60,26.85,25.95,26.48,31923
NVLS,20100420,26.66,26.95,26.41,26.60,32823
NVLS,20100421,26.75,27.08,26.20,26.65,37668
NVLS,20100422,27.14,27.76,26.31,27.66,81984
NVLS,20100423,27.51,27.77,27.28,27.75,25288
NVLS,20100426,27.51,27.88,27.28,27.32,24100
NVLS,20100427,27.06,27.50,26.48,26.49,28986
NVLS,20100428,26.71,27.02,26.48,26.70,33347
NVLS,20100429,26.74,27.25,26.60,27.19,22214
NVLS,20100430,27.17,27.34,26.19,26.22,29732
NVLS,20100503,26.26,26.82,26.16,26.69,18185
NVLS,20100504,26.17,26.17,24.69,25.36,59508
NVLS,20100505,24.89,25.17,24.46,24.73,54620
NVLS,20100506,24.57,25.08,23.20,24.59,77001
NVLS,20100507,24.50,24.85,23.37,23.93,53030
NVLS,20100510,25.02,25.29,24.73,25.18,28663
NVLS,20100511,24.95,25.60,24.67,25.14,26702
NVLS,20100512,25.25,25.77,25.12,25.74,26011
NVLS,20100513,25.70,25.90,24.95,25.06,31244
NVLS,20100514,24.95,24.95,24.04,24.44,43199
NVLS,20100517,24.51,24.95,24.23,24.80,40516
NVLS,20100518,25.28,25.28,24.24,24.29,37524
NVLS,20100519,24.17,24.73,24.00,24.55,38175
NVLS,20100520,24.03,24.65,23.66,24.23,59986
NVLS,20100521,23.82,25.99,23.77,24.93,64431
NVLS,20100524,24.96,25.09,24.59,24.65,30973
NVLS,20100525,23.77,24.80,23.24,24.77,40445
NVLS,20100526,25.10,25.56,24.79,24.86,39145
NVLS,20100527,25.45,25.94,25.19,25.94,30110
NVLS,20100528,25.95,26.13,25.35,25.82,36653
NVLS,20100601,25.64,26.12,25.24,25.31,30527
NVLS,20100602,25.39,26.12,25.25,26.12,25506
NVLS,20100603,26.17,26.82,26.02,26.69,30473
NVLS,20100604,26.13,26.74,25.55,25.66,28328
NVLS,20100607,25.91,26.09,24.42,24.50,50446
NVLS,20100608,24.53,24.65,23.77,24.43,41785
NVLS,20100609,24.73,25.14,24.33,24.64,49695
NVLS,20100610,25.17,26.39,25.13,26.32,50168
NVLS,20100611,25.88,26.74,25.76,26.66,29125
NVLS,20100614,26.93,27.45,26.78,26.99,33317
NVLS,20100615,27.12,28.67,26.99,28.47,45482
NVLS,20100616,28.18,28.61,27.83,28.31,35795
NVLS,20100617,28.53,28.55,27.85,28.39,21290
NVLS,20100618,28.33,28.59,28.24,28.45,23300
NVLS,20100621,28.80,28.90,27.87,28.07,26524
NVLS,20100622,28.12,28.58,27.56,27.67,19600
NVLS,20100623,27.82,27.91,27.03,27.55,26101
NVLS,20100624,27.39,27.47,26.67,26.81,25298
NVLS,20100625,26.91,27.04,26.30,26.89,28336
NVLS,20100628,26.79,27.22,26.55,26.92,25066
NVLS,20100629,26.41,26.43,25.55,25.73,25055
NVLS,20100630,25.69,26.12,25.33,25.36,16351
NVLS,20100701,25.42,25.48,24.49,25.11,38539
NVLS,20100702,25.17,25.38,24.57,25.02,16213
NVLS,20100706,25.32,25.69,24.78,25.06,20879
NVLS,20100707,25.02,26.08,24.97,26.05,27227
NVLS,20100708,26.20,26.36,25.77,26.34,23061
NVLS,20100709,26.44,26.52,26.10,26.49,31518
NVLS,20100712,26.57,26.76,26.20,26.71,33137
NVLS,20100713,27.11,28.46,27.06,28.26,47551
NVLS,20100714,28.39,28.63,27.50,27.74,45059
NVLS,20100715,27.63,27.73,26.95,27.28,36694
NVLS,20100716,27.16,27.27,26.07,26.11,39472
NVLS,20100719,26.35,26.85,26.21,26.76,18656
NVLS,20100720,26.18,26.89,25.71,26.86,21087
NVLS,20100721,27.09,27.20,26.19,26.30,20883
NVLS,20100722,26.64,27.34,26.55,27.11,21135
NVLS,20100723,26.99,27.55,26.62,27.48,18966
NVLS,20100726,27.58,27.94,27.20,27.89,15783
NVLS,20100727,28.03,28.06,27.60,27.72,17842
NVLS,20100728,27.58,27.76,27.08,27.24,18145
NVLS,20100729,27.43,27.64,26.48,26.95,26252
NVLS,20100730,26.51,26.81,26.13,26.71,16056
NVLS,20100802,26.93,27.15,26.69,27.06,18753
NVLS,20100803,26.96,26.96,26.17,26.31,27346
NVLS,20100804,26.28,26.63,26.00,26.59,15432
NVLS,20100805,26.41,26.88,26.22,26.56,15474
NVLS,20100806,26.18,26.69,26.08,26.45,16332
NVLS,20100809,26.66,26.87,26.44,26.70,15203
NVLS,20100810,26.24,26.29,25.72,25.89,28350
NVLS,20100811,25.36,25.36,24.59,25.11,29738
NVLS,20100812,24.57,25.11,24.33,24.78,22956
NVLS,20100813,24.81,25.12,24.62,24.66,13825
NVLS,20100816,24.47,24.97,24.35,24.75,11411
NVLS,20100817,25.09,25.28,24.74,25.04,20354
NVLS,20100818,24.84,25.39,24.84,25.31,14712
NVLS,20100819,25.22,25.44,24.93,25.03,17867
NVLS,20100820,24.96,25.16,24.58,24.81,13898
NVLS,20100823,24.93,25.10,24.54,24.67,26345
NVLS,20100824,24.22,24.43,23.89,24.09,24131
NVLS,20100825,23.86,24.43,23.70,24.32,14262
NVLS,20100826,24.41,24.44,23.58,23.71,19860
NVLS,20100827,23.84,24.22,23.08,24.11,35103
NVLS,20100830,24.05,24.11,23.24,23.25,25839
NVLS,20100831,23.00,23.54,22.88,23.29,25282
NVLS,20100901,23.69,24.23,23.56,23.66,26615
NVLS,20100902,23.81,24.45,23.73,24.45,18430
NVLS,20100903,24.88,25.14,24.35,24.85,19102
NVLS,20100907,24.50,24.63,23.85,24.02,23095
NVLS,20100908,24.00,24.04,23.32,23.46,33946
NVLS,20100909,23.67,23.92,23.46,23.79,21013
NVLS,20100910,23.79,23.89,23.11,23.51,17504
NVLS,20100913,23.63,24.30,23.60,24.12,18017
NVLS,20100914,24.03,24.87,23.90,24.44,26902
NVLS,20100915,24.38,24.55,24.02,24.46,13489
NVLS,20100916,24.47,25.02,24.46,24.95,19040
NVLS,20100917,25.15,25.31,24.99,25.29,32640
NVLS,20100920,25.28,25.80,25.19,25.75,22072
NVLS,20100921,25.60,26.03,25.49,25.85,26354
NVLS,20100922,25.70,25.97,25.13,25.34,15695
NVLS,20100923,25.13,26.10,25.00,25.46,20926
NVLS,20100924,25.65,26.58,25.65,26.55,19553
NVLS,20100927,26.49,26.73,26.25,26.40,13351
NVLS,20100928,26.44,26.85,25.94,26.78,22551
NVLS,20100929,26.68,27.04,26.51,26.80,14417
NVLS,20100930,26.92,27.09,26.20,26.58,16185
NVLS,20101001,26.75,26.90,26.11,26.44,20046
NVLS,20101004,26.40,26.50,25.64,26.00,14707
NVLS,20101005,26.32,27.08,26.26,27.05,20855
NVLS,20101006,26.86,27.03,26.12,26.37,24467
NVLS,20101007,26.60,26.72,26.25,26.51,14722
NVLS,20101008,25.86,26.10,25.26,25.78,35153
NVLS,20101011,25.88,26.69,25.78,26.35,26759
NVLS,20101012,26.27,26.96,26.19,26.78,23447
NVLS,20101013,26.99,27.28,26.53,27.01,21181
NVLS,20101014,26.95,27.32,26.83,26.95,14208
NVLS,20101015,27.14,27.24,26.68,27.13,15407
NVLS,20101018,27.19,27.28,26.70,27.09,9674
NVLS,20101019,26.67,27.25,26.26,26.87,21201
NVLS,20101020,26.79,27.15,26.64,26.96,12804
NVLS,20101021,27.02,27.07,26.61,26.91,11594
NVLS,20101022,26.92,27.75,26.83,27.60,24677
NVLS,20101025,27.66,27.99,27.52,27.81,17916
NVLS,20101026,27.68,27.76,27.11,27.38,22651
NVLS,20101027,27.45,28.61,27.06,28.60,44025
NVLS,20101028,28.50,28.65,28.18,28.54,31393
NVLS,20101029,28.55,29.31,28.45,29.22,22482
NVLS,20101101,29.37,29.39,28.74,29.09,24916
NVLS,20101102,29.34,29.53,28.95,29.27,22965
NVLS,20101103,29.28,29.96,29.22,29.95,28809
NVLS,20101104,29.97,30.57,29.97,30.57,30997
NVLS,20101105,30.50,30.82,30.21,30.63,22168
NVLS,20101108,30.30,30.94,30.22,30.84,18899
NVLS,20101109,30.81,30.81,30.10,30.20,22668
NVLS,20101110,29.98,30.37,28.63,30.35,32709
NVLS,20101111,29.76,30.21,29.46,30.03,18899
NVLS,20101112,29.85,30.53,29.85,30.06,17911
NVLS,20101115,30.26,30.36,29.95,30.01,14918
NVLS,20101116,29.79,30.24,29.55,29.92,24860
NVLS,20101117,29.94,30.17,29.31,29.39,35675
NVLS,20101118,29.82,30.07,29.56,29.68,29066
NVLS,20101119,29.66,29.92,29.50,29.79,22672
NVLS,20101122,29.66,30.43,29.52,30.42,22056
NVLS,20101123,30.04,30.53,29.82,30.44,20054
NVLS,20101124,30.69,31.14,30.68,31.13,18212
NVLS,20101126,30.92,31.24,30.86,30.88,4974
NVLS,20101129,30.51,30.84,30.24,30.76,20545
NVLS,20101130,30.35,30.45,30.09,30.15,19631
NVLS,20101201,30.53,31.21,30.53,31.08,16333
NVLS,20101202,30.99,31.75,30.88,31.73,18168
NVLS,20101203,31.45,32.30,31.45,32.21,16919
NVLS,20101206,31.85,32.08,31.59,31.75,16361
NVLS,20101207,31.98,32.19,31.72,31.77,13433
NVLS,20101208,31.76,32.49,31.62,32.40,24052
NVLS,20101209,32.42,32.81,32.40,32.75,20260
NVLS,20101210,33.03,33.11,32.67,33.00,23777
NVLS,20101213,33.23,33.24,32.72,32.73,16275
NVLS,20101214,32.72,33.07,32.43,32.52,18051
NVLS,20101215,32.40,32.92,32.25,32.44,13972
NVLS,20101216,32.49,33.09,32.39,33.00,19105
NVLS,20101217,33.06,33.15,32.76,32.84,17457
NVLS,20101220,32.74,32.88,32.42,32.54,13741
NVLS,20101221,32.54,32.79,32.43,32.64,12068
NVLS,20101222,32.57,32.72,32.32,32.60,9502
NVLS,20101223,32.47,32.74,32.41,32.51,5550
NVLS,20101227,32.40,32.70,32.12,32.61,7570
NVLS,20101228,32.71,32.73,32.17,32.38,8988
NVLS,20101229,32.41,32.88,32.38,32.85,10085
NVLS,20101230,32.79,32.80,32.49,32.53,8323
NVLS,20101231,32.51,32.63,32.18,32.32,6203
NVLS,20110103,32.46,32.61,31.77,31.82,24082
NVLS,20110104,31.93,32.04,31.33,31.52,20902
NVLS,20110105,31.20,31.58,31.01,31.41,23366
NVLS,20110106,31.49,32.00,31.42,31.90,14480
NVLS,20110107,31.56,31.61,30.37,30.87,34936
