PBI,20090115,24.70,24.86,23.94,24.76,16227
PBI,20090116,25.20,25.46,24.57,25.06,17792
PBI,20090120,24.65,24.69,22.68,22.72,27042
PBI,20090121,24.02,24.05,22.13,22.91,25321
PBI,20090122,22.70,22.94,22.00,22.61,17580
PBI,20090123,22.08,22.74,21.58,22.38,20718
PBI,20090126,22.31,22.85,22.03,22.36,19954
PBI,20090127,22.43,22.71,22.05,22.48,20552
PBI,20090128,22.90,23.48,22.81,23.26,22041
PBI,20090129,23.00,23.61,22.75,23.10,22769
PBI,20090130,22.99,23.13,22.09,22.26,18472
PBI,20090202,22.02,22.13,21.56,21.97,16832
PBI,20090203,22.34,22.83,21.84,22.75,13795
PBI,20090204,22.89,23.09,22.35,22.52,14790
PBI,20090205,22.62,23.17,21.97,23.01,18740
PBI,20090206,23.50,25.31,22.78,24.16,34411
PBI,20090209,24.95,24.95,24.07,24.75,27927
PBI,20090210,24.59,24.87,23.33,23.54,25650
PBI,20090211,23.58,23.77,23.07,23.27,19658
PBI,20090212,23.20,23.28,22.32,23.13,18892
PBI,20090213,23.10,23.25,22.59,22.85,18081
PBI,20090217,22.32,22.54,22.00,22.13,31160
PBI,20090218,22.12,22.38,21.51,21.73,17714
PBI,20090219,21.65,22.03,21.07,21.22,21464
PBI,20090220,20.90,21.35,20.22,20.58,30142
PBI,20090223,20.56,20.93,19.49,19.52,22819
PBI,20090224,19.65,20.17,19.11,20.01,24064
PBI,20090225,19.88,20.00,19.38,19.60,30346
PBI,20090226,20.02,20.14,19.11,19.53,20728
PBI,20090227,19.22,19.79,19.01,19.29,26220
PBI,20090302,19.12,19.34,18.42,18.46,28086
PBI,20090303,18.50,18.77,17.62,17.78,38603
PBI,20090304,17.96,18.98,17.96,18.70,30255
PBI,20090305,18.51,18.51,17.89,18.03,29263
PBI,20090306,18.35,18.38,17.65,18.02,36446
PBI,20090309,17.81,18.11,17.64,17.77,28048
PBI,20090310,18.06,18.88,17.86,18.84,23821
PBI,20090311,18.80,19.77,18.80,19.50,27791
PBI,20090312,19.47,20.25,19.47,20.22,20092
PBI,20090313,20.27,20.42,19.97,20.20,13980
PBI,20090316,20.45,21.43,20.42,21.04,33452
PBI,20090317,21.02,21.72,20.93,21.71,19584
PBI,20090318,21.41,22.22,21.22,21.97,22084
PBI,20090319,21.91,22.26,21.91,22.12,15285
PBI,20090320,22.26,22.91,21.64,21.84,23642
PBI,20090323,22.40,23.31,21.94,23.27,24597
PBI,20090324,23.04,23.72,22.88,23.17,26673
PBI,20090325,23.25,24.02,22.71,23.43,24214
PBI,20090326,23.55,24.55,23.52,24.47,23150
PBI,20090327,24.31,24.46,23.86,24.00,12843
PBI,20090330,23.50,23.78,22.80,23.09,17566
PBI,20090331,23.55,23.77,23.23,23.35,27533
PBI,20090401,22.75,23.65,22.58,23.57,18761
PBI,20090402,23.79,24.55,23.79,23.88,29753
PBI,20090403,23.88,24.59,23.75,24.59,27037
PBI,20090406,24.40,24.66,24.17,24.58,22082
PBI,20090407,24.15,24.54,23.90,24.00,14324
PBI,20090408,24.07,24.23,23.84,24.15,12922
PBI,20090409,23.96,24.68,23.58,24.62,17247
PBI,20090413,24.62,24.71,23.78,24.12,19137
PBI,20090414,23.93,23.97,23.42,23.50,16125
PBI,20090415,23.37,24.02,23.25,23.98,20714
PBI,20090416,24.18,25.10,23.98,24.97,22892
PBI,20090417,25.16,25.25,24.63,25.04,19692
PBI,20090420,24.50,24.69,24.00,24.05,16529
PBI,20090421,24.05,24.71,24.05,24.52,19713
PBI,20090422,24.25,24.67,23.89,24.11,28484
PBI,20090423,24.09,24.20,23.50,24.19,24087
PBI,20090424,24.19,24.68,24.11,24.47,17903
PBI,20090427,23.97,24.49,23.97,24.02,19268
PBI,20090428,23.89,24.14,23.55,23.82,19039
PBI,20090429,24.01,24.49,23.96,24.08,21132
PBI,20090430,24.37,24.69,24.25,24.54,18289
PBI,20090501,24.49,25.05,24.40,24.96,14891
PBI,20090504,25.38,25.46,24.81,25.45,23388
PBI,20090505,25.50,26.25,25.50,25.99,24633
PBI,20090506,24.97,25.09,22.52,23.20,66809
PBI,20090507,23.21,23.39,22.19,22.41,39800
PBI,20090508,22.58,22.88,22.03,22.38,33621
PBI,20090511,22.20,22.35,21.89,22.02,23879
PBI,20090512,22.16,22.37,21.40,21.64,25966
PBI,20090513,21.09,21.58,21.06,21.25,25685
PBI,20090514,21.25,21.69,21.20,21.48,16443
PBI,20090515,21.47,21.84,21.22,21.34,18204
PBI,20090518,21.52,21.75,21.28,21.73,19945
PBI,20090519,21.60,21.91,21.45,21.68,21776
PBI,20090520,21.80,22.16,21.65,21.71,17939
PBI,20090521,21.50,21.66,21.25,21.65,26678
PBI,20090522,21.66,22.36,21.63,22.24,19717
PBI,20090526,22.07,22.94,21.94,22.87,17550
PBI,20090527,22.91,23.00,22.47,22.55,25824
PBI,20090528,22.50,22.85,22.21,22.78,20029
PBI,20090529,22.85,22.88,22.37,22.88,22631
PBI,20090601,22.93,23.58,22.86,23.20,25894
PBI,20090602,23.17,23.40,23.00,23.05,19965
PBI,20090603,22.91,23.12,22.47,22.68,16323
PBI,20090604,22.80,22.96,22.36,22.44,24406
PBI,20090605,22.77,22.77,22.09,22.33,28817
PBI,20090608,22.39,22.53,21.90,22.35,20017
PBI,20090609,22.38,22.51,22.13,22.26,15140
PBI,20090610,22.38,22.51,21.90,22.12,18406
PBI,20090611,22.11,22.43,22.09,22.17,15973
PBI,20090612,22.10,22.19,21.79,22.06,12459
PBI,20090615,21.87,22.01,21.23,21.59,19002
PBI,20090616,21.62,21.80,21.35,21.36,12006
PBI,20090617,21.32,21.84,21.32,21.65,10762
PBI,20090618,21.67,21.67,21.33,21.36,10459
PBI,20090619,21.51,21.59,21.16,21.18,17465
PBI,20090622,20.84,21.22,20.76,20.76,19190
PBI,20090623,20.85,20.98,20.71,20.87,17520
PBI,20090624,21.03,21.41,20.87,21.05,18667
PBI,20090625,21.29,22.04,21.00,21.90,16808
PBI,20090626,21.87,22.09,21.66,21.94,47883
PBI,20090629,22.04,22.12,21.72,22.07,15170
PBI,20090630,22.20,22.20,21.57,21.93,19276
PBI,20090701,22.00,22.42,21.79,22.08,16771
PBI,20090702,21.66,22.08,21.03,21.03,14540
PBI,20090706,20.92,21.10,20.61,20.81,18780
PBI,20090707,20.81,20.99,20.67,20.68,23429
PBI,20090708,20.80,20.86,20.60,20.78,13872
PBI,20090709,20.82,20.89,20.56,20.70,9413
PBI,20090710,20.64,20.95,20.60,20.90,10710
PBI,20090713,20.94,21.22,20.56,21.20,14298
PBI,20090714,21.15,21.20,20.92,21.11,11961
PBI,20090715,21.31,21.98,21.30,21.98,17711
PBI,20090716,21.90,22.35,21.79,22.30,14583
PBI,20090717,22.18,22.28,22.03,22.20,9759
PBI,20090720,22.26,22.67,22.16,22.65,10437
PBI,20090721,22.82,22.88,22.37,22.71,15154
PBI,20090722,22.63,23.00,22.63,22.94,13103
PBI,20090723,22.88,23.69,22.75,23.61,16206
PBI,20090724,23.43,23.67,23.15,23.63,8750
PBI,20090727,23.60,23.78,23.30,23.78,10270
PBI,20090728,23.54,23.98,23.46,23.84,12514
PBI,20090729,23.69,23.80,23.48,23.49,18033
PBI,20090730,23.77,23.78,23.33,23.50,21644
PBI,20090731,22.26,22.32,20.44,20.65,87951
PBI,20090803,20.81,20.94,20.38,20.62,40053
PBI,20090804,20.57,20.96,20.41,20.96,30114
PBI,20090805,20.97,21.55,20.97,21.45,26207
PBI,20090806,21.57,21.91,21.38,21.75,26057
PBI,20090807,21.99,22.54,21.95,22.38,18954
PBI,20090810,22.25,22.44,22.13,22.34,12024
PBI,20090811,22.25,22.45,22.13,22.36,14862
PBI,20090812,22.14,22.23,21.91,22.00,19554
PBI,20090813,22.04,22.05,21.45,21.88,20979
PBI,20090814,21.91,22.02,21.37,21.62,13225
PBI,20090817,21.45,21.46,21.10,21.39,27194
PBI,20090818,21.41,21.59,21.28,21.51,23675
PBI,20090819,21.34,21.67,21.04,21.62,21790
PBI,20090820,21.64,21.88,21.48,21.87,9857
PBI,20090821,21.91,22.46,21.80,22.45,14135
PBI,20090824,22.50,22.72,22.38,22.61,14821
PBI,20090825,22.72,22.92,22.52,22.75,11872
PBI,20090826,22.79,22.79,22.24,22.49,13169
PBI,20090827,22.40,22.60,22.18,22.48,11628
PBI,20090828,22.66,22.69,22.27,22.48,10053
PBI,20090831,22.38,22.53,22.25,22.35,13341
PBI,20090901,22.35,22.55,21.55,21.73,23381
PBI,20090902,21.57,21.69,21.40,21.50,14644
PBI,20090903,21.50,21.71,21.27,21.69,10836
PBI,20090904,21.71,22.03,21.49,21.99,7467
PBI,20090908,22.11,22.32,21.90,22.32,13642
PBI,20090909,22.50,22.62,22.25,22.37,14796
PBI,20090910,22.32,22.83,22.31,22.80,18348
PBI,20090911,22.82,23.32,22.82,23.22,20357
PBI,20090914,23.13,23.61,23.03,23.46,21577
PBI,20090915,23.50,23.74,23.35,23.69,15657
PBI,20090916,23.78,23.82,23.37,23.73,21190
PBI,20090917,24.47,24.98,24.02,24.81,42021
PBI,20090918,24.88,25.57,24.26,25.44,36181
PBI,20090921,25.21,25.54,25.00,25.43,26820
PBI,20090922,25.52,25.56,25.26,25.44,15712
PBI,20090923,25.44,25.52,25.11,25.16,27031
PBI,20090924,25.06,25.34,24.81,24.93,19816
PBI,20090925,24.89,24.99,24.63,24.72,14530
PBI,20090928,24.98,25.37,24.89,25.29,11543
PBI,20090929,25.31,25.36,24.96,25.12,18262
PBI,20090930,25.17,25.21,24.49,24.85,21504
PBI,20091001,24.70,24.85,23.92,24.15,26920
PBI,20091002,23.93,24.13,23.47,23.82,15389
PBI,20091005,23.86,24.32,23.73,24.28,16334
PBI,20091006,24.42,24.88,24.38,24.81,12475
PBI,20091007,24.86,24.94,24.61,24.74,12115
PBI,20091008,25.17,25.20,24.87,25.02,13650
PBI,20091009,25.05,25.20,24.88,25.20,8542
PBI,20091012,25.28,25.45,25.14,25.28,9216
PBI,20091013,25.20,25.35,24.93,25.26,12502
PBI,20091014,25.50,25.60,25.20,25.45,11558
PBI,20091015,25.37,25.46,25.20,25.38,11722
PBI,20091016,25.23,25.45,24.97,25.33,11664
PBI,20091019,25.40,25.90,25.34,25.83,13937
PBI,20091020,25.69,25.98,25.65,25.95,15062
PBI,20091021,25.90,26.19,25.68,25.71,14040
PBI,20091022,25.78,26.40,25.68,26.36,14889
PBI,20091023,26.40,26.41,25.66,25.87,11539
PBI,20091026,25.12,25.32,24.63,25.03,28974
PBI,20091027,25.01,25.16,24.80,25.01,18053
PBI,20091028,24.99,25.12,24.47,24.48,14521
PBI,20091029,24.58,24.97,24.45,24.96,16441
PBI,20091030,24.96,25.31,24.49,24.50,19238
PBI,20091102,24.60,24.77,24.26,24.53,21351
PBI,20091103,24.55,24.89,24.09,24.67,24702
PBI,20091104,24.46,25.18,24.40,24.83,21986
PBI,20091105,24.93,25.05,24.77,24.85,15456
PBI,20091106,24.77,25.02,24.61,24.99,21267
PBI,20091109,25.17,25.32,24.93,24.94,21761
PBI,20091110,24.92,25.00,24.44,24.49,31145
PBI,20091111,24.61,25.00,24.59,24.83,18562
PBI,20091112,24.81,25.03,24.81,24.83,21931
PBI,20091113,24.82,24.90,24.60,24.79,17994
PBI,20091116,24.90,25.02,24.87,25.02,24255
PBI,20091117,25.06,25.20,24.96,25.07,19451
PBI,20091118,25.13,25.13,24.42,24.56,16419
PBI,20091119,24.44,24.49,23.94,23.99,12786
PBI,20091120,23.86,24.06,23.60,23.64,18884
PBI,20091123,23.89,24.00,23.61,23.62,24047
PBI,20091124,23.71,23.73,23.44,23.58,21920
PBI,20091125,23.71,23.87,23.56,23.77,12316
PBI,20091127,23.29,23.50,23.00,23.27,8605
PBI,20091130,23.25,23.32,22.77,23.04,24906
PBI,20091201,23.22,23.32,22.98,23.14,19126
PBI,20091202,23.11,23.24,22.98,23.00,14321
PBI,20091203,23.13,23.30,22.87,22.88,14495
PBI,20091204,23.22,23.31,22.84,23.01,18641
PBI,20091207,23.13,23.40,22.97,23.05,22491
PBI,20091208,23.01,23.17,22.67,22.79,12297
PBI,20091209,22.88,22.88,22.44,22.51,18408
PBI,20091210,22.70,22.80,22.58,22.73,15678
PBI,20091211,22.71,23.25,22.69,23.15,30635
PBI,20091214,23.25,23.65,23.21,23.47,25301
PBI,20091215,23.76,23.96,23.26,23.30,16988
PBI,20091216,23.40,23.41,22.89,22.96,18551
PBI,20091217,22.86,22.98,22.63,22.76,31445
PBI,20091218,22.83,22.91,22.70,22.83,27570
PBI,20091221,22.89,23.05,22.73,22.77,13489
PBI,20091222,22.84,22.96,22.76,22.89,13539
PBI,20091223,22.96,23.02,22.76,22.90,11198
PBI,20091224,23.02,23.03,22.89,22.97,4124
PBI,20091228,23.05,23.06,22.75,22.86,8529
PBI,20091229,22.91,23.01,22.75,22.89,16320
PBI,20091230,22.80,23.06,22.76,23.02,17794
PBI,20091231,22.99,23.13,22.76,22.76,8334
PBI,20100104,22.88,22.99,22.65,22.92,20400
PBI,20100105,22.93,22.93,21.75,22.02,42406
PBI,20100106,22.08,22.29,22.00,22.24,26549
PBI,20100107,22.24,22.32,22.10,22.27,18868
PBI,20100108,22.27,22.28,22.15,22.27,18875
PBI,20100111,22.36,22.37,21.86,21.94,24643
PBI,20100112,21.86,22.22,21.86,22.11,23804
PBI,20100113,22.22,22.32,22.05,22.27,17720
PBI,20100114,22.37,22.37,22.14,22.26,11339
PBI,20100115,22.32,22.32,21.86,21.93,18130
PBI,20100119,22.03,22.17,21.93,22.07,24667
PBI,20100120,21.96,21.99,21.75,21.93,26146
PBI,20100121,21.95,22.01,21.37,21.51,31680
PBI,20100122,21.51,21.59,21.22,21.23,18890
PBI,20100125,21.44,21.44,21.15,21.28,12351
PBI,20100126,21.28,21.42,21.11,21.16,15733
PBI,20100127,21.18,21.26,20.82,21.20,19911
PBI,20100128,21.29,21.30,20.85,21.18,22606
PBI,20100129,21.26,21.31,20.86,20.92,25302
PBI,20100201,20.87,21.22,20.80,21.13,17574
PBI,20100202,21.20,21.48,21.18,21.41,17199
PBI,20100203,21.36,21.65,21.25,21.54,26242
PBI,20100204,21.66,21.74,21.21,21.30,38273
PBI,20100205,22.23,22.99,21.64,22.34,80362
PBI,20100208,22.36,22.61,22.02,22.09,25861
PBI,20100209,22.39,22.39,22.05,22.28,29576
PBI,20100210,22.30,22.62,22.26,22.42,22590
PBI,20100211,22.36,22.51,22.15,22.47,20780
PBI,20100212,22.35,22.37,22.13,22.37,19892
PBI,20100216,22.62,22.87,22.46,22.87,21975
PBI,20100217,22.82,22.82,22.46,22.59,18565
PBI,20100218,22.26,22.81,22.13,22.74,16825
PBI,20100219,22.66,22.86,22.52,22.84,13850
PBI,20100222,22.93,22.96,22.68,22.70,18592
PBI,20100223,22.71,22.80,22.50,22.59,16515
PBI,20100224,22.65,22.95,22.61,22.93,16086
PBI,20100225,22.75,22.97,22.57,22.94,14252
PBI,20100226,22.95,23.10,22.89,22.90,18712
PBI,20100301,23.04,23.19,23.00,23.19,20427
PBI,20100302,23.28,23.29,22.73,22.81,18756
PBI,20100303,22.91,23.01,22.75,22.77,14510
PBI,20100304,22.77,22.94,22.70,22.82,21393
PBI,20100305,22.94,22.99,22.81,22.95,22558
PBI,20100308,22.99,23.12,22.90,22.93,16852
PBI,20100309,22.94,23.03,22.75,22.81,14158
PBI,20100310,22.86,23.11,22.74,23.11,24708
PBI,20100311,23.06,23.61,22.88,23.58,24240
PBI,20100312,23.65,24.07,23.50,24.00,28930
PBI,20100315,23.95,24.00,23.80,23.93,14891
PBI,20100316,23.93,24.15,23.79,24.09,13187
PBI,20100317,24.16,24.71,24.16,24.48,24033
PBI,20100318,24.39,24.43,24.21,24.36,14162
PBI,20100319,24.40,24.64,24.16,24.52,25294
PBI,20100322,24.46,24.76,24.33,24.65,16072
PBI,20100323,24.65,24.75,24.37,24.68,14557
PBI,20100324,24.66,24.66,24.34,24.50,17045
PBI,20100325,24.67,24.69,24.36,24.38,14359
PBI,20100326,24.47,24.48,24.15,24.28,20614
PBI,20100329,24.41,24.53,24.36,24.44,9551
PBI,20100330,24.51,24.69,24.40,24.66,12577
PBI,20100331,24.61,24.65,24.39,24.45,31532
PBI,20100401,24.00,24.52,24.00,24.45,39522
PBI,20100405,24.54,24.79,24.48,24.78,13687
PBI,20100406,24.69,24.80,24.60,24.79,7917
PBI,20100407,24.80,24.95,24.66,24.71,12452
PBI,20100408,24.71,24.73,24.44,24.60,15107
PBI,20100409,24.68,24.80,24.53,24.72,15282
PBI,20100412,24.80,24.84,24.70,24.79,9769
PBI,20100413,24.80,24.89,24.71,24.84,11927
PBI,20100414,24.79,25.10,24.75,25.09,19920
PBI,20100415,25.10,25.24,24.98,25.23,11967
PBI,20100416,25.15,25.19,24.70,24.76,24296
PBI,20100419,24.71,24.95,24.58,24.94,14857
PBI,20100420,25.12,25.18,24.97,25.18,11464
PBI,20100421,25.24,25.29,25.03,25.18,14312
PBI,20100422,25.12,25.68,24.97,25.56,18317
PBI,20100423,25.66,25.78,25.41,25.77,10058
PBI,20100426,25.86,26.00,25.77,25.84,20064
PBI,20100427,25.83,25.96,25.47,25.61,29447
PBI,20100428,25.74,25.76,25.32,25.64,21835
PBI,20100429,25.78,25.99,25.72,25.85,19446
PBI,20100430,25.91,25.98,25.40,25.40,17258
PBI,20100503,25.54,26.00,25.54,25.88,42234
PBI,20100504,25.09,25.49,24.50,24.81,42155
PBI,20100505,24.59,25.02,24.52,24.67,22142
PBI,20100506,24.59,24.75,21.50,23.79,35949
PBI,20100507,23.65,23.87,22.86,23.53,43383
PBI,20100510,24.57,24.97,24.26,24.91,33753
PBI,20100511,24.70,25.06,24.51,24.63,25281
PBI,20100512,24.55,24.65,24.25,24.56,22044
PBI,20100513,24.57,24.62,23.84,23.91,21031
PBI,20100514,23.75,23.76,23.18,23.34,34912
PBI,20100517,23.33,23.59,23.06,23.45,25156
PBI,20100518,23.68,23.84,23.11,23.14,24481
PBI,20100519,23.09,23.21,22.64,22.74,32074
PBI,20100520,22.39,22.51,22.02,22.08,44474
PBI,20100521,21.62,22.51,21.62,22.51,27880
PBI,20100524,22.40,22.63,22.23,22.30,19351
PBI,20100525,21.94,22.20,21.55,22.17,22689
PBI,20100526,22.28,22.42,21.58,21.61,49321
PBI,20100527,22.03,22.61,22.01,22.60,23986
PBI,20100528,22.65,22.78,22.44,22.64,27600
PBI,20100601,22.50,22.57,21.83,21.83,28137
PBI,20100602,21.84,22.27,21.77,22.27,16493
PBI,20100603,22.38,22.77,22.31,22.70,23199
PBI,20100604,22.40,22.43,21.85,21.98,34543
PBI,20100607,22.06,22.09,21.46,21.46,25536
PBI,20100608,21.51,21.79,21.28,21.75,29542
PBI,20100609,21.94,22.16,21.72,21.88,19823
PBI,20100610,22.23,22.63,22.10,22.62,16610
PBI,20100611,22.32,22.68,22.24,22.64,20266
PBI,20100614,22.93,23.04,22.74,22.78,21181
PBI,20100615,23.02,23.30,22.87,23.30,13294
PBI,20100616,23.07,23.24,23.01,23.13,10951
PBI,20100617,23.31,23.35,22.90,23.11,12884
PBI,20100618,23.22,23.30,22.88,23.23,13788
PBI,20100621,23.50,23.59,22.89,22.98,13335
PBI,20100622,23.18,23.24,22.70,22.72,17870
PBI,20100623,22.70,22.87,22.24,22.37,19053
PBI,20100624,22.25,22.52,22.10,22.22,25005
PBI,20100625,22.32,22.71,22.24,22.63,41769
PBI,20100628,22.74,22.77,22.31,22.44,11304
PBI,20100629,22.20,22.25,21.91,22.06,21538
PBI,20100630,22.06,22.16,21.87,21.96,24365
PBI,20100701,22.01,22.33,21.93,22.21,26757
PBI,20100702,22.21,22.38,21.92,21.97,13518
PBI,20100706,22.12,22.32,21.94,22.08,44858
PBI,20100707,22.08,22.46,21.98,22.44,19679
PBI,20100708,22.55,23.03,22.51,22.94,20874
PBI,20100709,22.99,23.06,22.81,23.06,15023
PBI,20100712,23.01,23.24,22.84,23.05,11531
PBI,20100713,23.33,23.51,23.22,23.43,16643
PBI,20100714,23.44,23.62,23.35,23.62,18292
PBI,20100715,23.65,23.70,23.35,23.54,20030
PBI,20100716,23.46,23.51,22.88,22.93,16206
PBI,20100719,23.06,23.23,22.90,23.16,11112
PBI,20100720,22.90,23.49,22.90,23.43,17241
PBI,20100721,23.54,23.70,23.23,23.40,16139
PBI,20100722,23.64,24.12,23.60,24.03,24058
PBI,20100723,24.01,24.25,23.84,24.25,14857
PBI,20100726,24.28,24.72,24.17,24.72,11792
PBI,20100727,24.85,24.93,24.61,24.64,14629
PBI,20100728,24.57,24.75,24.35,24.51,17904
PBI,20100729,24.72,24.85,24.26,24.55,14932
PBI,20100730,24.23,24.54,24.02,24.41,13354
PBI,20100802,24.80,24.89,24.63,24.69,13966
PBI,20100803,24.78,25.00,24.72,24.96,18315
PBI,20100804,23.40,23.44,20.88,21.00,113928
PBI,20100805,21.01,21.30,20.50,20.62,56616
PBI,20100806,20.50,20.78,20.43,20.71,28637
PBI,20100809,20.80,20.97,20.61,20.86,23180
PBI,20100810,20.82,21.11,20.61,20.82,27465
PBI,20100811,20.22,20.33,19.76,19.93,29867
PBI,20100812,19.73,19.88,19.50,19.62,26245
PBI,20100813,19.60,19.72,19.34,19.55,20385
PBI,20100816,19.50,19.58,19.31,19.43,19581
PBI,20100817,19.62,20.06,19.46,19.97,22305
PBI,20100818,19.98,20.21,19.90,20.06,35416
PBI,20100819,20.03,20.16,19.70,19.80,21819
PBI,20100820,19.65,19.87,19.51,19.76,15328
PBI,20100823,19.88,20.02,19.66,19.68,34838
PBI,20100824,19.50,19.71,19.36,19.47,18223
PBI,20100825,19.38,19.64,19.20,19.56,18360
PBI,20100826,19.60,19.80,19.31,19.35,18141
PBI,20100827,19.50,19.65,19.20,19.61,12811
PBI,20100830,19.53,19.67,19.29,19.31,10019
PBI,20100831,19.21,19.31,19.06,19.24,20640
PBI,20100901,19.55,19.86,19.45,19.74,19679
PBI,20100902,19.65,19.92,19.61,19.81,14483
PBI,20100903,20.01,20.14,19.75,19.93,20624
PBI,20100907,19.92,19.99,19.64,19.71,13382
PBI,20100908,19.77,19.80,19.54,19.74,21813
PBI,20100909,19.93,19.97,19.75,19.90,16104
PBI,20100910,20.00,20.13,19.92,20.10,11856
PBI,20100913,20.35,20.49,20.24,20.43,13437
PBI,20100914,20.51,20.63,20.40,20.48,17009
PBI,20100915,20.45,20.83,20.27,20.82,18647
PBI,20100916,20.75,20.87,20.71,20.82,13434
PBI,20100917,20.91,21.09,20.81,20.98,16503
PBI,20100920,21.10,21.40,20.89,21.35,15110
PBI,20100921,21.40,21.40,21.07,21.11,23673
PBI,20100922,21.15,21.28,20.91,20.99,19698
PBI,20100923,20.91,21.17,20.83,20.93,18170
PBI,20100924,21.14,21.21,20.99,21.06,27670
PBI,20100927,21.05,21.22,20.97,21.15,20163
PBI,20100928,21.25,21.35,20.91,21.30,16709
PBI,20100929,21.32,21.49,21.00,21.46,17503
PBI,20100930,21.59,21.79,21.28,21.38,18227
PBI,20101001,21.41,21.45,21.21,21.40,16428
PBI,20101004,21.37,21.48,21.19,21.32,16243
PBI,20101005,21.51,21.84,21.46,21.78,16620
PBI,20101006,21.78,21.99,21.62,21.96,14522
PBI,20101007,22.00,22.09,21.80,21.87,11813
PBI,20101008,21.91,22.00,21.75,21.97,15905
PBI,20101011,21.97,22.07,21.85,22.00,8811
PBI,20101012,22.01,22.07,21.82,22.07,13113
PBI,20101013,22.21,22.39,22.09,22.30,16128
PBI,20101014,22.30,22.31,21.71,21.77,22507
PBI,20101015,21.93,22.01,21.65,21.86,16043
PBI,20101018,21.92,21.95,21.51,21.56,45418
PBI,20101019,21.48,21.78,21.40,21.55,18386
PBI,20101020,21.68,22.08,21.62,22.02,13499
PBI,20101021,22.01,22.23,21.86,22.06,24080
PBI,20101022,22.12,22.17,22.06,22.11,8485
PBI,20101025,22.23,22.36,22.15,22.18,9185
PBI,20101026,22.08,22.19,21.91,22.01,10598
PBI,20101027,21.92,21.96,21.38,21.46,25010
PBI,20101028,21.61,21.79,21.44,21.60,12466
PBI,20101029,21.67,21.95,21.56,21.94,28270
PBI,20101101,22.06,22.15,21.90,22.06,13465
PBI,20101102,22.22,22.34,22.12,22.13,22924
PBI,20101103,22.45,22.98,22.26,22.86,40358
PBI,20101104,23.00,23.09,22.96,23.04,48246
PBI,20101105,23.10,23.39,22.99,23.38,43866
PBI,20101108,23.28,23.58,23.24,23.54,43056
PBI,20101109,23.55,23.64,23.30,23.35,19400
PBI,20101110,23.44,23.47,23.05,23.45,20254
PBI,20101111,23.24,23.42,23.17,23.37,11212
PBI,20101112,23.16,23.33,22.96,23.11,12064
PBI,20101115,23.31,23.48,23.24,23.33,14455
PBI,20101116,23.26,23.30,22.79,23.06,20774
PBI,20101117,22.71,22.77,22.35,22.46,23968
PBI,20101118,22.69,22.77,22.48,22.50,20161
PBI,20101119,22.53,22.69,22.42,22.55,15973
PBI,20101122,22.38,22.65,22.38,22.56,20333
PBI,20101123,22.40,22.50,22.30,22.36,20682
PBI,20101124,22.54,22.65,22.46,22.61,16085
PBI,20101126,22.50,22.53,22.40,22.45,6005
PBI,20101129,22.40,22.41,22.03,22.34,16582
PBI,20101130,22.15,22.20,21.92,21.94,18293
PBI,20101201,22.23,22.44,22.12,22.34,16333
PBI,20101202,22.40,22.84,22.36,22.76,32385
PBI,20101203,22.76,22.79,22.60,22.67,37735
PBI,20101206,22.72,22.74,22.57,22.69,12533
PBI,20101207,22.90,23.24,22.85,23.03,30279
PBI,20101208,23.10,23.21,22.94,23.06,16293
PBI,20101209,23.22,23.27,23.01,23.19,14127
PBI,20101210,23.25,23.42,23.18,23.40,12509
PBI,20101213,23.50,23.85,23.44,23.79,31532
PBI,20101214,23.85,23.96,23.68,23.87,16814
PBI,20101215,23.89,24.23,23.78,24.20,39079
PBI,20101216,24.10,24.48,24.04,24.46,25864
PBI,20101217,24.45,24.57,24.42,24.54,28685
PBI,20101220,24.55,24.70,24.45,24.59,12324
PBI,20101221,24.78,24.78,24.48,24.58,11550
PBI,20101222,24.64,24.79,24.53,24.65,16495
PBI,20101223,24.68,24.78,24.49,24.54,13702
PBI,20101227,24.52,24.62,24.50,24.57,7411
PBI,20101228,24.67,24.71,24.56,24.66,7880
PBI,20101229,24.67,24.77,24.54,24.54,9072
PBI,20101230,24.53,24.57,24.34,24.44,8759
PBI,20101231,24.44,24.46,24.16,24.18,12499
PBI,20110103,24.37,24.43,24.15,24.22,27774
PBI,20110104,24.27,24.46,24.10,24.29,20097
PBI,20110105,24.20,24.40,24.20,24.34,15055
PBI,20110106,24.37,24.40,24.08,24.18,14177
PBI,20110107,24.19,24.30,23.46,23.78,21012
