PPL,20090115,30.73,31.47,30.49,31.37,28135
PPL,20090116,31.74,32.43,31.70,32.12,32765
PPL,20090120,32.02,32.49,31.40,31.53,24537
PPL,20090121,31.77,32.24,31.05,31.83,19539
PPL,20090122,31.53,32.08,31.27,31.93,23300
PPL,20090123,31.75,32.05,31.03,31.95,14523
PPL,20090126,32.06,32.90,32.04,32.35,34798
PPL,20090127,32.43,32.46,31.30,31.71,37398
PPL,20090128,32.13,32.25,31.48,31.70,31091
PPL,20090129,31.55,32.51,31.47,31.63,18644
PPL,20090130,31.68,32.07,30.56,30.66,24851
PPL,20090202,30.25,30.72,30.07,30.57,25683
PPL,20090203,30.68,30.73,29.96,30.54,43096
PPL,20090204,30.99,31.94,30.52,31.22,40823
PPL,20090205,31.19,32.67,30.92,32.52,39176
PPL,20090206,32.31,33.54,32.05,33.21,34841
PPL,20090209,33.17,33.24,32.32,32.76,13710
PPL,20090210,32.40,32.93,31.45,31.64,19339
PPL,20090211,31.74,31.95,30.82,31.29,18549
PPL,20090212,30.93,31.40,30.14,31.40,28278
PPL,20090213,31.24,31.56,30.96,31.14,18181
PPL,20090217,30.54,30.88,29.57,29.69,49284
PPL,20090218,29.89,30.00,29.43,29.61,24243
PPL,20090219,29.99,30.52,29.65,30.20,22476
PPL,20090220,30.00,30.00,28.41,28.80,30423
PPL,20090223,29.00,29.36,28.06,28.18,18657
PPL,20090224,28.50,29.48,28.29,29.25,28634
PPL,20090225,29.31,29.47,28.78,29.15,23930
PPL,20090226,29.39,29.74,28.35,28.43,26811
PPL,20090227,28.07,28.47,27.50,27.89,30059
PPL,20090302,27.44,27.95,26.64,26.68,23256
PPL,20090303,26.97,27.19,25.71,25.73,24349
PPL,20090304,26.04,26.91,25.76,26.55,23737
PPL,20090305,26.08,26.25,24.93,25.22,31836
PPL,20090306,25.42,26.30,24.27,24.94,30008
PPL,20090309,24.74,24.92,24.25,24.46,19339
PPL,20090310,24.83,25.43,24.61,25.26,33342
PPL,20090311,25.48,25.62,25.18,25.26,21038
PPL,20090312,25.16,25.31,24.72,25.09,27256
PPL,20090313,25.16,25.92,25.05,25.84,21086
PPL,20090316,25.99,27.08,25.90,26.53,23129
PPL,20090317,26.61,26.82,26.03,26.80,21776
PPL,20090318,26.62,28.15,26.30,28.10,33792
PPL,20090319,28.36,29.03,28.05,28.96,28599
PPL,20090320,28.93,29.47,28.32,28.41,26267
PPL,20090323,28.67,29.70,28.60,29.68,23467
PPL,20090324,29.42,29.84,29.02,29.26,17217
PPL,20090325,29.36,29.60,28.61,29.10,30126
PPL,20090326,29.21,29.38,28.62,29.32,30114
PPL,20090327,29.03,29.28,28.42,28.69,21157
PPL,20090330,28.22,28.51,27.57,27.90,26283
PPL,20090331,28.06,29.20,27.83,28.71,27229
PPL,20090401,28.42,29.25,28.30,28.79,32388
PPL,20090402,29.30,29.58,28.78,29.09,31900
PPL,20090403,29.06,29.40,28.38,28.67,17691
PPL,20090406,28.48,28.70,27.89,28.14,19014
PPL,20090407,27.98,28.43,27.40,28.16,18867
PPL,20090408,28.32,28.88,28.09,28.74,17078
PPL,20090409,29.29,29.60,28.48,28.91,17611
PPL,20090413,28.87,28.92,28.07,28.32,17000
PPL,20090414,28.22,28.22,27.59,27.83,17216
PPL,20090415,27.72,28.80,27.72,28.80,20039
PPL,20090416,29.02,29.27,28.50,29.17,21351
PPL,20090417,29.27,29.55,29.15,29.44,25032
PPL,20090420,29.08,29.99,29.01,29.36,29494
PPL,20090421,29.46,29.63,28.95,29.17,22795
PPL,20090422,28.91,29.52,28.71,29.20,31361
PPL,20090423,29.33,29.40,28.91,29.37,24311
PPL,20090424,29.55,29.68,28.93,29.30,17864
PPL,20090427,29.04,29.88,28.95,29.65,17567
PPL,20090428,29.36,30.00,29.26,29.77,15088
PPL,20090429,29.91,30.28,29.55,29.94,30602
PPL,20090430,30.15,30.39,29.36,29.91,45629
PPL,20090501,30.40,31.33,29.98,31.29,28707
PPL,20090504,31.50,31.50,30.70,31.43,25174
PPL,20090505,31.37,31.40,30.67,30.88,18028
PPL,20090506,30.90,31.33,30.47,31.02,17535
PPL,20090507,31.33,31.73,31.00,31.32,21248
PPL,20090508,31.67,32.79,31.42,32.58,24624
PPL,20090511,32.57,32.84,32.18,32.65,26884
PPL,20090512,32.72,32.81,32.08,32.60,20081
PPL,20090513,32.26,32.32,31.30,31.47,17312
PPL,20090514,31.47,32.15,31.15,31.94,24370
PPL,20090515,31.93,32.04,30.51,31.37,34247
PPL,20090518,31.64,32.02,30.69,30.76,42954
PPL,20090519,30.88,32.26,30.61,31.94,31133
PPL,20090520,32.09,32.33,31.50,31.58,23699
PPL,20090521,31.29,31.29,30.76,30.92,22291
PPL,20090522,30.92,31.67,30.77,31.13,19630
PPL,20090526,31.17,32.31,30.86,32.15,23572
PPL,20090527,32.08,32.28,31.32,31.51,21326
PPL,20090528,31.67,32.49,31.44,32.32,18912
PPL,20090529,32.46,32.73,31.98,32.47,23173
PPL,20090601,32.84,34.42,32.72,34.34,28733
PPL,20090602,34.20,34.34,33.43,33.70,21650
PPL,20090603,33.32,33.65,32.16,32.67,21297
PPL,20090604,32.91,33.43,32.71,33.26,15250
PPL,20090605,33.64,33.97,33.02,33.47,15889
PPL,20090608,33.20,33.48,32.07,32.48,20407
PPL,20090609,32.57,33.28,31.90,31.99,25882
PPL,20090610,32.28,32.56,31.75,32.28,31841
PPL,20090611,32.34,33.64,32.34,33.17,24488
PPL,20090612,33.08,33.51,32.66,33.30,20878
PPL,20090615,32.98,33.10,31.96,32.27,24961
PPL,20090616,32.43,32.67,32.10,32.30,21263
PPL,20090617,32.31,32.64,32.09,32.23,13900
PPL,20090618,32.26,33.35,32.26,33.26,18018
PPL,20090619,33.40,33.62,32.97,32.99,23942
PPL,20090622,32.77,33.27,32.67,32.75,14569
PPL,20090623,32.79,33.00,31.98,32.06,23415
PPL,20090624,32.17,32.37,31.79,32.10,26997
PPL,20090625,32.04,32.80,31.72,32.73,24177
PPL,20090626,32.71,32.94,32.52,32.80,14845
PPL,20090629,32.87,33.62,32.71,33.39,13314
PPL,20090630,33.45,33.45,32.50,32.96,16711
PPL,20090701,33.18,33.74,33.18,33.69,13938
PPL,20090702,33.19,33.37,31.83,31.83,12598
PPL,20090706,31.72,32.59,31.61,32.59,14342
PPL,20090707,32.56,32.74,31.77,31.80,13415
PPL,20090708,32.04,32.49,31.39,31.66,15678
PPL,20090709,31.84,32.07,31.33,31.64,14291
PPL,20090710,31.40,31.54,31.05,31.35,10635
PPL,20090713,31.36,31.95,31.03,31.92,13170
PPL,20090714,32.02,32.21,31.73,32.20,14226
PPL,20090715,32.36,32.88,32.11,32.80,12281
PPL,20090716,32.28,32.92,31.99,32.80,18602
PPL,20090717,32.72,32.74,32.12,32.45,15490
PPL,20090720,32.72,32.72,32.12,32.64,11363
PPL,20090721,32.73,33.27,32.52,33.17,19118
PPL,20090722,33.29,33.39,32.82,32.92,14444
PPL,20090723,32.91,33.39,32.59,33.25,32070
PPL,20090724,33.16,33.70,32.97,33.67,12886
PPL,20090727,33.56,33.72,33.27,33.62,9284
PPL,20090728,33.50,33.68,32.93,33.31,10118
PPL,20090729,33.20,33.55,32.71,33.28,10418
PPL,20090730,33.45,34.12,33.43,33.90,11788
PPL,20090731,33.76,34.08,33.54,33.79,13572
PPL,20090803,34.03,34.21,33.39,33.98,20918
PPL,20090804,30.51,31.37,29.39,29.50,109482
PPL,20090805,29.64,29.70,28.51,29.33,83614
PPL,20090806,29.40,29.49,29.19,29.43,30868
PPL,20090807,29.80,29.90,29.41,29.45,27602
PPL,20090810,29.49,29.49,29.22,29.36,27160
PPL,20090811,29.53,29.56,29.15,29.37,40098
PPL,20090812,29.28,29.72,29.22,29.58,25090
PPL,20090813,29.48,29.73,29.06,29.68,41581
PPL,20090814,29.51,29.72,29.21,29.42,27040
PPL,20090817,29.29,29.32,28.75,28.82,21036
PPL,20090818,28.81,29.01,28.27,28.59,24444
PPL,20090819,28.40,29.02,28.34,28.80,19949
PPL,20090820,28.80,29.04,28.60,29.01,10255
PPL,20090821,29.20,29.67,29.10,29.60,21868
PPL,20090824,29.49,29.85,29.00,29.57,21833
PPL,20090825,29.73,29.78,29.33,29.41,13446
PPL,20090826,29.34,29.58,29.10,29.48,19210
PPL,20090827,29.26,29.58,29.12,29.33,17285
PPL,20090828,29.50,29.64,29.19,29.63,14891
PPL,20090831,29.51,29.60,29.26,29.40,16178
PPL,20090901,29.38,29.63,29.15,29.27,20433
PPL,20090902,29.15,29.48,29.10,29.28,16346
PPL,20090903,29.34,29.56,29.25,29.49,21858
PPL,20090904,29.57,29.82,29.40,29.71,17105
PPL,20090908,29.61,29.68,29.15,29.31,12641
PPL,20090909,29.27,29.31,29.03,29.22,11614
PPL,20090910,29.24,29.30,28.95,29.25,10527
PPL,20090911,29.29,29.34,28.92,28.98,17483
PPL,20090914,29.04,29.42,28.90,29.40,12561
PPL,20090915,29.43,29.82,29.18,29.78,16994
PPL,20090916,29.86,30.63,29.60,30.63,26050
PPL,20090917,30.57,30.90,30.46,30.58,19355
PPL,20090918,30.77,30.88,30.53,30.64,14569
PPL,20090921,30.51,30.59,30.10,30.57,13122
PPL,20090922,30.62,31.00,30.39,30.83,22131
PPL,20090923,30.83,31.20,30.56,30.59,19086
PPL,20090924,30.66,30.87,30.45,30.54,10455
PPL,20090925,30.47,30.53,30.19,30.33,11070
PPL,20090928,30.56,30.88,30.39,30.68,10406
PPL,20090929,30.81,30.81,30.41,30.66,8153
PPL,20090930,30.64,30.67,30.19,30.34,20814
PPL,20091001,30.38,30.40,29.72,29.72,14086
PPL,20091002,29.46,29.67,29.11,29.16,22355
PPL,20091005,29.19,29.67,28.82,29.63,20453
PPL,20091006,29.69,29.88,29.38,29.83,25088
PPL,20091007,29.68,29.89,29.49,29.64,21462
PPL,20091008,29.80,29.94,29.45,29.55,34840
PPL,20091009,29.59,30.04,29.52,30.00,34586
PPL,20091012,30.15,30.57,29.91,30.50,31067
PPL,20091013,30.46,30.54,29.95,30.21,21536
PPL,20091014,30.45,30.60,30.22,30.28,23164
PPL,20091015,30.20,30.75,30.20,30.58,32462
PPL,20091016,30.40,30.93,30.28,30.71,49916
PPL,20091019,30.81,31.08,30.51,30.86,20272
PPL,20091020,30.82,30.84,30.50,30.73,27329
PPL,20091021,30.73,31.21,30.73,30.74,35813
PPL,20091022,30.78,30.99,30.41,30.88,28353
PPL,20091023,31.09,31.20,30.46,30.54,32634
PPL,20091026,30.62,30.97,29.90,30.01,21407
PPL,20091027,30.12,30.27,29.77,29.84,21804
PPL,20091028,29.89,30.01,29.35,29.48,34867
PPL,20091029,29.67,30.11,29.19,30.09,32103
PPL,20091030,30.13,30.19,29.44,29.44,44235
PPL,20091102,29.47,29.68,29.04,29.46,19768
PPL,20091103,29.33,29.51,29.16,29.24,16496
PPL,20091104,29.38,29.98,29.27,29.57,18971
PPL,20091105,29.76,30.13,29.68,29.99,16492
PPL,20091106,30.04,30.09,29.68,29.85,19104
PPL,20091109,29.96,30.37,29.84,30.37,18791
PPL,20091110,30.18,30.86,30.15,30.67,20504
PPL,20091111,30.80,30.91,30.43,30.53,13009
PPL,20091112,30.61,30.72,30.04,30.08,11974
PPL,20091113,30.06,30.47,29.90,30.19,20568
PPL,20091116,30.38,30.82,30.31,30.76,13831
PPL,20091117,30.71,30.77,30.46,30.55,12561
PPL,20091118,30.49,30.60,30.10,30.25,12162
PPL,20091119,30.17,30.17,29.66,29.84,14546
PPL,20091120,29.80,30.35,29.75,30.14,26182
PPL,20091123,30.44,30.81,30.29,30.69,17151
PPL,20091124,30.76,30.91,30.53,30.78,16242
PPL,20091125,30.79,31.14,30.70,30.99,14158
PPL,20091127,30.46,30.82,30.20,30.46,7054
PPL,20091130,30.40,30.66,30.34,30.52,15458
PPL,20091201,30.71,31.28,30.71,31.23,15819
PPL,20091202,31.20,31.78,31.20,31.50,20849
PPL,20091203,31.55,31.96,31.42,31.64,13208
PPL,20091204,32.00,32.20,31.14,31.63,19146
PPL,20091207,31.71,32.01,31.48,31.79,11595
PPL,20091208,31.39,31.42,31.00,31.23,11881
PPL,20091209,31.23,31.40,31.01,31.24,12184
PPL,20091210,31.50,31.88,31.38,31.87,14721
PPL,20091211,31.87,32.57,31.87,32.40,14591
PPL,20091214,32.54,32.82,32.23,32.38,14143
PPL,20091215,32.30,32.38,32.07,32.38,13584
PPL,20091216,32.58,32.69,32.35,32.47,16639
PPL,20091217,32.45,32.46,32.11,32.37,14667
PPL,20091218,32.49,32.74,32.29,32.65,25382
PPL,20091221,32.85,32.94,32.52,32.59,11529
PPL,20091222,32.58,32.75,32.10,32.14,12882
PPL,20091223,32.23,32.42,32.12,32.39,9618
PPL,20091224,32.35,32.83,32.35,32.82,4571
PPL,20091228,32.95,32.95,32.78,32.90,10194
PPL,20091229,32.99,32.99,32.85,32.91,9282
PPL,20091230,32.75,32.98,32.68,32.98,7188
PPL,20091231,32.90,33.05,32.31,32.31,7921
PPL,20100104,32.60,32.77,32.32,32.47,11268
PPL,20100105,32.37,32.59,31.57,32.05,20501
PPL,20100106,31.99,32.25,31.96,32.12,34719
PPL,20100107,31.99,32.11,31.59,31.81,9777
PPL,20100108,31.60,31.77,31.34,31.71,13437
PPL,20100111,31.94,32.26,31.88,32.12,14939
PPL,20100112,31.98,32.23,31.84,32.15,12067
PPL,20100113,32.17,32.76,32.15,32.61,13463
PPL,20100114,32.55,32.55,32.24,32.27,10250
PPL,20100115,32.08,32.29,31.52,31.89,16738
PPL,20100119,31.81,32.22,31.70,32.21,8787
PPL,20100120,32.09,32.09,31.38,31.76,17339
PPL,20100121,31.70,31.98,31.02,31.17,16159
PPL,20100122,31.05,31.36,30.44,30.44,18743
PPL,20100125,30.68,30.84,30.22,30.63,20866
PPL,20100126,30.55,30.84,30.37,30.62,13514
PPL,20100127,30.54,30.55,29.71,30.05,26484
PPL,20100128,30.10,30.21,29.52,29.71,37257
PPL,20100129,29.77,30.06,29.43,29.49,22258
PPL,20100201,29.61,29.70,29.36,29.62,15532
PPL,20100202,29.60,29.71,29.26,29.64,27181
PPL,20100203,29.50,29.57,29.26,29.40,15901
PPL,20100204,29.21,29.33,28.62,28.62,25422
PPL,20100205,28.68,29.14,28.35,29.00,28988
PPL,20100208,28.95,29.07,28.68,28.73,16689
PPL,20100209,29.05,29.40,28.77,28.97,29405
PPL,20100210,29.00,29.02,28.59,28.83,17737
PPL,20100211,28.88,29.36,28.75,29.33,35284
PPL,20100212,29.14,29.25,28.78,29.21,23085
PPL,20100216,29.33,29.81,29.33,29.81,16005
PPL,20100217,29.92,29.96,29.55,29.60,11546
PPL,20100218,29.51,29.92,29.48,29.56,16967
PPL,20100219,29.44,29.96,29.37,29.86,21607
PPL,20100222,30.05,30.05,29.33,29.33,22246
PPL,20100223,29.32,29.36,28.84,29.03,26175
PPL,20100224,29.20,29.20,28.68,28.90,22007
PPL,20100225,28.64,28.88,28.43,28.83,25489
PPL,20100226,29.01,29.01,28.47,28.48,20697
PPL,20100301,28.64,29.13,28.61,28.95,16982
PPL,20100302,29.00,29.14,28.77,28.96,26390
PPL,20100303,28.96,29.17,28.63,28.71,17759
PPL,20100304,28.70,28.79,28.51,28.66,24970
PPL,20100305,28.80,28.98,28.63,28.98,47479
PPL,20100308,28.66,28.98,28.65,28.93,21989
PPL,20100309,28.91,28.99,28.70,28.87,17409
PPL,20100310,28.85,29.08,28.65,29.07,21748
PPL,20100311,29.00,29.05,28.78,28.93,13625
PPL,20100312,28.95,28.98,28.20,28.20,34827
PPL,20100315,28.23,28.65,28.06,28.63,35916
PPL,20100316,28.73,28.95,28.53,28.93,25799
PPL,20100317,29.00,29.18,28.84,29.18,20038
PPL,20100318,29.17,29.30,28.84,28.85,18898
PPL,20100319,28.90,29.05,28.27,28.51,35043
PPL,20100322,28.41,28.46,28.19,28.26,21923
PPL,20100323,28.31,28.63,28.17,28.60,22974
PPL,20100324,28.53,28.57,28.24,28.24,20670
PPL,20100325,28.06,28.22,27.74,27.76,28166
PPL,20100326,27.91,27.91,27.47,27.58,27029
PPL,20100329,27.70,27.95,27.56,27.89,20461
PPL,20100330,27.85,28.02,27.82,27.89,16537
PPL,20100331,27.80,27.80,27.59,27.71,19345
PPL,20100401,27.92,28.34,27.86,28.28,19469
PPL,20100405,28.40,28.48,28.14,28.28,19160
PPL,20100406,28.14,28.57,28.05,28.56,17581
PPL,20100407,28.50,28.52,28.06,28.17,19851
PPL,20100408,28.17,28.18,27.87,28.00,27047
PPL,20100409,28.04,28.04,27.73,27.98,18129
PPL,20100412,28.16,28.38,28.06,28.14,18270
PPL,20100413,28.23,28.30,27.86,28.22,17955
PPL,20100414,28.21,28.30,27.98,28.29,17860
PPL,20100415,28.16,28.19,27.96,28.09,16824
PPL,20100416,28.06,28.06,27.40,27.47,34749
PPL,20100419,27.38,27.47,27.16,27.40,23013
PPL,20100420,27.53,27.91,27.42,27.90,18068
PPL,20100421,27.96,27.96,27.63,27.83,19053
PPL,20100422,27.65,28.06,27.35,28.01,38393
PPL,20100423,27.96,28.65,27.86,28.64,57392
PPL,20100426,28.65,28.80,28.33,28.34,22510
PPL,20100427,28.28,28.41,27.73,27.73,20214
PPL,20100428,27.83,27.90,25.54,25.60,163296
PPL,20100429,25.72,26.16,24.66,25.00,152255
PPL,20100430,25.05,25.24,24.73,24.76,75517
PPL,20100503,25.02,25.06,24.68,24.90,46148
PPL,20100504,24.70,24.83,24.56,24.67,50870
PPL,20100505,24.51,24.89,24.51,24.69,45543
PPL,20100506,24.68,25.21,23.75,24.67,86734
PPL,20100507,24.77,25.06,24.14,24.74,65400
PPL,20100510,25.35,25.64,25.04,25.55,44328
PPL,20100511,25.38,26.01,25.33,25.60,43692
PPL,20100512,25.64,26.06,25.43,25.94,46921
PPL,20100513,25.93,26.07,25.61,25.72,39698
PPL,20100514,25.52,25.77,25.24,25.56,31326
PPL,20100517,26.07,26.40,25.71,26.17,49256
PPL,20100518,26.43,26.43,25.79,25.81,42869
PPL,20100519,25.69,26.02,25.53,25.85,45888
PPL,20100520,25.51,25.56,24.70,24.78,45704
PPL,20100521,24.56,25.01,24.43,24.98,36494
PPL,20100524,24.91,25.14,24.68,24.71,24538
PPL,20100525,24.62,25.02,24.00,24.96,62407
PPL,20100526,25.14,25.31,24.89,25.05,31175
PPL,20100527,25.29,25.54,25.07,25.53,28182
PPL,20100528,25.60,26.04,25.49,25.81,45875
PPL,20100601,25.57,25.97,25.27,25.27,44018
PPL,20100602,25.45,25.78,25.25,25.78,25556
PPL,20100603,25.94,25.98,25.59,25.93,23137
PPL,20100604,25.49,25.77,25.00,25.09,30603
PPL,20100607,25.17,25.83,25.01,25.59,42484
PPL,20100608,25.15,25.35,25.00,25.30,30841
PPL,20100609,25.52,25.56,24.84,24.89,36309
PPL,20100610,25.24,25.67,25.21,25.59,39880
PPL,20100611,25.30,25.65,25.24,25.54,23776
PPL,20100614,25.82,25.95,25.49,25.65,33184
PPL,20100615,25.90,25.95,25.74,25.87,27684
PPL,20100616,25.82,26.08,25.70,25.98,27343
PPL,20100617,26.08,26.11,25.83,26.03,32298
PPL,20100618,25.94,26.10,25.81,26.06,27202
PPL,20100621,25.60,25.80,25.26,25.66,91466
PPL,20100622,25.28,25.35,24.24,24.24,171612
PPL,20100623,24.40,25.02,24.23,24.90,896105
PPL,20100624,24.96,25.49,24.71,24.74,164234
PPL,20100625,24.87,25.26,24.73,24.93,126606
PPL,20100628,25.10,25.49,24.89,25.43,76473
PPL,20100629,25.24,25.29,24.65,25.03,98098
PPL,20100630,24.91,25.32,24.82,24.95,76427
PPL,20100701,25.11,25.28,24.83,25.20,77364
PPL,20100702,25.31,25.58,25.05,25.46,54383
PPL,20100706,25.70,25.80,25.45,25.70,46055
PPL,20100707,25.88,26.31,25.72,26.20,62532
PPL,20100708,26.50,26.62,25.83,26.14,100949
PPL,20100709,26.04,26.26,25.96,26.22,54229
PPL,20100712,26.19,26.31,26.05,26.19,35026
PPL,20100713,26.40,26.48,26.08,26.13,56885
PPL,20100714,26.00,26.08,25.61,25.83,74286
PPL,20100715,25.87,26.29,25.71,26.19,47828
PPL,20100716,26.06,26.25,25.69,25.72,65804
PPL,20100719,25.86,26.34,25.75,26.21,39192
PPL,20100720,26.05,26.53,25.95,26.52,55884
PPL,20100721,26.50,26.62,26.17,26.34,37306
PPL,20100722,26.58,26.87,26.48,26.81,40398
PPL,20100723,26.74,26.80,26.23,26.66,40612
PPL,20100726,26.69,26.89,26.60,26.82,33369
PPL,20100727,26.90,27.33,26.81,27.22,44704
PPL,20100728,27.04,27.53,26.75,27.50,62924
PPL,20100729,27.86,28.00,27.24,27.35,61167
PPL,20100730,27.08,27.54,26.92,27.29,103997
PPL,20100802,27.46,27.85,27.45,27.79,53083
PPL,20100803,27.65,27.89,27.52,27.63,45710
PPL,20100804,27.66,27.78,27.26,27.72,45321
PPL,20100805,26.97,27.38,26.49,26.73,93267
PPL,20100806,26.50,26.82,26.16,26.78,66655
PPL,20100809,26.87,26.97,26.47,26.54,48648
PPL,20100810,26.45,26.71,26.12,26.43,57955
PPL,20100811,26.20,26.23,25.95,26.05,76260
PPL,20100812,25.87,26.53,25.51,26.43,59916
PPL,20100813,26.33,27.10,26.31,26.88,51875
PPL,20100816,26.71,26.94,26.46,26.93,35614
PPL,20100817,27.00,27.38,26.87,27.06,39503
PPL,20100818,27.00,27.15,26.74,26.90,39811
PPL,20100819,26.80,26.99,26.44,26.69,29824
PPL,20100820,26.52,26.64,26.34,26.56,28472
PPL,20100823,26.68,26.89,26.48,26.57,27268
PPL,20100824,26.40,26.83,26.30,26.61,51272
PPL,20100825,26.58,26.71,26.28,26.65,103233
PPL,20100826,26.67,26.85,26.57,26.63,23910
PPL,20100827,26.79,27.53,26.48,27.40,40562
PPL,20100830,27.37,27.51,27.11,27.12,24508
PPL,20100831,27.04,27.33,26.79,27.16,48257
PPL,20100901,27.31,27.95,27.28,27.85,37960
PPL,20100902,27.54,27.93,27.28,27.65,70681
PPL,20100903,27.86,27.92,27.44,27.70,42916
PPL,20100907,27.73,27.85,27.51,27.54,38394
PPL,20100908,27.18,27.42,27.06,27.09,50476
PPL,20100909,27.37,27.42,27.04,27.12,37831
PPL,20100910,27.11,27.29,26.90,27.24,26626
PPL,20100913,27.47,27.60,27.25,27.27,47213
PPL,20100914,27.18,27.30,26.90,26.94,43595
PPL,20100915,26.95,27.06,26.73,26.84,45179
PPL,20100916,26.78,26.95,26.53,26.79,44893
PPL,20100917,26.97,26.99,26.61,26.75,47822
PPL,20100920,26.55,26.93,26.50,26.65,57267
PPL,20100921,26.71,27.00,26.54,26.72,53494
PPL,20100922,26.81,27.24,26.70,27.07,39543
PPL,20100923,27.06,27.37,26.94,27.23,54390
PPL,20100924,27.42,27.55,27.29,27.41,52668
PPL,20100927,27.45,27.76,27.32,27.66,33413
PPL,20100928,27.70,27.84,27.33,27.58,44817
PPL,20100929,27.56,27.57,27.13,27.41,30734
PPL,20100930,27.49,27.54,27.08,27.23,47982
PPL,20101001,27.48,27.51,27.14,27.44,25130
PPL,20101004,27.46,27.66,27.36,27.62,41394
PPL,20101005,27.85,28.14,27.79,27.93,57633
PPL,20101006,27.95,28.03,27.55,27.66,28573
PPL,20101007,27.77,27.86,27.58,27.65,18478
PPL,20101008,27.73,27.83,27.44,27.71,25311
PPL,20101011,27.74,27.80,27.57,27.68,19529
PPL,20101012,27.71,27.72,27.44,27.54,24356
PPL,20101013,27.58,27.86,27.47,27.72,37347
PPL,20101014,27.75,27.88,27.47,27.57,24855
PPL,20101015,27.74,27.76,27.00,27.53,120465
PPL,20101018,27.55,27.99,27.52,27.93,29584
PPL,20101019,27.79,27.91,27.59,27.79,43392
PPL,20101020,27.89,28.14,27.82,27.88,29225
PPL,20101021,27.96,28.00,27.26,27.45,44826
PPL,20101022,27.55,27.59,26.82,26.91,53010
PPL,20101025,27.00,27.06,26.76,26.89,44324
PPL,20101026,26.84,26.89,26.55,26.74,30161
PPL,20101027,26.53,26.56,26.21,26.50,46479
PPL,20101028,26.59,26.71,25.89,26.44,89943
PPL,20101029,26.56,27.06,26.42,26.86,58822
PPL,20101101,27.00,27.06,26.18,26.31,45611
PPL,20101102,26.49,26.86,26.47,26.82,31415
PPL,20101103,26.95,26.98,26.38,26.61,31663
PPL,20101104,26.79,26.89,26.60,26.80,53505
PPL,20101105,26.87,27.08,26.74,27.00,36638
PPL,20101108,26.93,27.03,26.83,27.01,32030
PPL,20101109,27.00,27.09,26.82,26.90,25800
PPL,20101110,26.86,26.86,26.39,26.60,31375
PPL,20101111,26.66,26.73,26.37,26.55,24206
PPL,20101112,26.41,26.42,26.04,26.12,38952
PPL,20101115,26.09,26.29,26.01,26.06,31092
PPL,20101116,26.00,26.02,25.59,25.75,38631
PPL,20101117,25.85,26.02,25.64,25.80,23705
PPL,20101118,25.94,25.99,25.79,25.87,25357
PPL,20101119,25.85,25.90,25.50,25.71,35671
PPL,20101122,25.62,25.82,25.45,25.80,23071
PPL,20101123,25.67,25.70,25.30,25.56,38977
PPL,20101124,25.56,25.69,25.34,25.43,33525
PPL,20101126,25.33,25.55,25.18,25.30,21147
PPL,20101129,25.16,25.53,25.13,25.46,41411
PPL,20101130,25.51,25.59,25.24,25.41,106646
PPL,20101201,25.68,25.70,25.43,25.58,107165
PPL,20101202,25.55,25.91,25.43,25.76,108694
PPL,20101203,25.76,26.01,25.62,25.91,40316
PPL,20101206,25.90,26.00,25.79,25.96,31906
PPL,20101207,26.08,26.21,25.61,25.71,47477
PPL,20101208,25.37,25.52,25.14,25.30,43628
PPL,20101209,25.35,25.35,25.17,25.19,47380
PPL,20101210,25.26,25.36,25.13,25.25,30699
PPL,20101213,25.33,25.64,25.25,25.55,38086
PPL,20101214,25.58,25.73,25.47,25.50,35228
PPL,20101215,25.57,25.60,25.22,25.27,24939
PPL,20101216,25.37,25.68,25.17,25.68,42898
PPL,20101217,25.71,26.05,25.67,26.03,57506
PPL,20101220,26.14,26.20,26.00,26.16,31255
PPL,20101221,26.15,26.28,26.10,26.19,28749
PPL,20101222,26.21,26.38,26.11,26.33,25272
PPL,20101223,26.32,26.54,26.23,26.40,17470
PPL,20101227,26.37,26.45,26.29,26.30,11128
PPL,20101228,26.32,26.50,26.19,26.41,17989
PPL,20101229,26.41,26.49,26.27,26.34,16610
PPL,20101230,26.33,26.45,26.16,26.24,19285
PPL,20101231,26.26,26.43,26.17,26.32,13764
PPL,20110103,26.51,26.65,26.29,26.58,22583
PPL,20110104,26.59,26.98,26.31,26.91,33944
PPL,20110105,26.80,26.96,26.58,26.83,24235
PPL,20110106,26.85,26.85,26.48,26.64,29906
PPL,20110107,26.72,26.73,26.18,26.39,45308
