PVH,20090115,17.20,18.69,16.84,18.24,20667
PVH,20090116,18.63,19.36,18.12,19.08,10439
PVH,20090120,19.03,19.30,17.50,17.56,8531
PVH,20090121,17.91,18.87,17.27,18.81,9754
PVH,20090122,17.90,18.68,17.16,18.04,17276
PVH,20090123,17.55,18.85,17.11,18.22,11303
PVH,20090126,18.20,19.55,17.96,19.01,6670
PVH,20090127,19.11,19.52,18.59,19.07,4328
PVH,20090128,19.48,20.73,19.48,20.29,6877
PVH,20090129,20.33,20.33,19.46,19.58,5085
PVH,20090130,19.69,20.04,18.77,19.02,5061
PVH,20090202,18.42,18.97,17.99,18.23,7748
PVH,20090203,18.60,19.46,18.11,19.20,7868
PVH,20090204,19.25,19.31,18.64,18.89,8439
PVH,20090205,18.82,19.84,18.80,19.64,6501
PVH,20090206,19.63,20.68,19.63,20.24,12580
PVH,20090209,20.17,20.17,19.28,19.43,7076
PVH,20090210,19.20,19.69,18.65,18.79,6850
PVH,20090211,18.77,19.06,18.27,18.49,6565
PVH,20090212,17.89,18.88,17.89,18.81,7910
PVH,20090213,18.75,19.00,18.07,18.26,4707
PVH,20090217,17.47,18.26,17.32,17.90,4235
PVH,20090218,17.99,18.18,17.29,17.75,5501
PVH,20090219,18.02,18.49,17.61,17.95,6568
PVH,20090220,17.63,18.32,17.11,17.81,6323
PVH,20090223,17.92,18.14,16.93,16.98,5387
PVH,20090224,17.10,17.42,16.52,17.34,7647
PVH,20090225,17.22,17.39,16.45,16.77,8976
PVH,20090226,16.98,17.31,15.96,16.09,10075
PVH,20090227,15.83,17.15,15.82,16.57,7536
PVH,20090302,16.47,16.47,15.82,15.96,7576
PVH,20090303,15.96,16.18,15.43,15.54,7998
PVH,20090304,15.74,16.07,15.28,15.79,6642
PVH,20090305,15.38,15.82,14.67,14.91,7662
PVH,20090306,14.99,14.99,14.09,14.56,10566
PVH,20090309,14.43,15.14,14.38,14.50,5752
PVH,20090310,14.81,16.13,14.81,16.06,7412
PVH,20090311,14.77,16.05,14.77,15.49,15357
PVH,20090312,15.64,16.87,15.23,16.70,19549
PVH,20090313,16.86,17.38,16.41,17.19,7828
PVH,20090316,17.28,17.40,16.49,16.55,6623
PVH,20090317,16.62,17.37,16.38,17.37,6039
PVH,20090318,17.21,18.66,17.12,18.44,10502
PVH,20090319,18.74,19.16,18.17,18.59,7938
PVH,20090320,18.71,18.82,17.11,17.42,12292
PVH,20090323,17.85,18.97,17.64,18.97,13864
PVH,20090324,19.80,22.04,19.60,21.43,60938
PVH,20090325,21.74,22.71,21.67,22.27,30480
PVH,20090326,22.60,23.73,22.38,23.69,21177
PVH,20090327,23.49,24.25,23.06,23.96,13330
PVH,20090330,23.49,23.75,22.51,22.96,7880
PVH,20090331,23.16,23.28,22.23,22.68,13891
PVH,20090401,22.26,23.00,22.00,22.63,11494
PVH,20090402,22.80,24.82,22.80,23.83,16172
PVH,20090403,23.96,24.75,23.84,24.68,8552
PVH,20090406,24.35,24.35,22.96,23.53,6939
PVH,20090407,23.23,23.34,22.60,22.65,7043
PVH,20090408,22.87,24.44,22.87,24.41,8063
PVH,20090409,25.37,26.50,24.95,26.41,7356
PVH,20090413,26.05,26.23,25.24,25.70,7993
PVH,20090414,24.97,25.67,24.89,25.35,7897
PVH,20090415,25.14,25.48,24.11,24.59,8835
PVH,20090416,24.71,26.28,24.67,26.11,11369
PVH,20090417,26.67,28.65,26.27,28.37,25054
PVH,20090420,27.58,28.13,26.13,26.67,8887
PVH,20090421,26.44,29.01,26.17,28.46,15362
PVH,20090422,27.84,29.99,27.54,29.04,11090
PVH,20090423,29.18,30.48,28.03,28.92,15895
PVH,20090424,29.15,29.90,28.57,29.19,9860
PVH,20090427,28.74,29.62,28.22,28.66,10206
PVH,20090428,28.50,30.24,28.27,29.96,10470
PVH,20090429,30.32,30.32,28.72,29.02,11587
PVH,20090430,29.41,30.22,28.90,29.03,17900
PVH,20090501,28.79,29.10,28.20,28.46,6667
PVH,20090504,28.90,29.37,28.55,29.00,10933
PVH,20090505,28.96,29.46,28.66,29.25,8739
PVH,20090506,29.49,29.87,27.91,28.84,7219
PVH,20090507,29.40,29.56,27.40,27.61,8643
PVH,20090508,27.91,28.48,26.39,27.51,11502
PVH,20090511,26.69,29.01,26.69,28.15,17005
PVH,20090512,29.48,29.79,26.53,27.32,19142
PVH,20090513,26.76,26.83,24.71,25.49,15301
PVH,20090514,25.50,26.74,25.25,26.18,13444
PVH,20090515,26.11,27.40,26.11,26.56,12299
PVH,20090518,26.80,27.86,26.73,27.74,12071
PVH,20090519,27.70,28.38,26.98,27.88,12501
PVH,20090520,28.03,29.36,27.32,27.61,22896
PVH,20090521,27.20,27.96,26.11,27.50,19965
PVH,20090522,27.58,27.84,26.67,26.95,11566
PVH,20090526,26.78,29.32,26.78,29.07,18968
PVH,20090527,29.03,29.78,28.59,28.99,14097
PVH,20090528,28.94,29.21,27.85,28.51,14267
PVH,20090529,28.48,29.47,28.13,29.47,9924
PVH,20090601,29.90,31.40,29.45,31.00,10501
PVH,20090602,30.91,31.57,30.44,30.99,10300
PVH,20090603,30.54,31.05,30.39,30.98,7791
PVH,20090604,31.01,31.01,29.58,31.01,9680
PVH,20090605,31.27,31.93,30.55,31.30,8286
PVH,20090608,31.21,31.21,29.83,30.30,11607
PVH,20090609,30.37,30.82,30.02,30.61,7627
PVH,20090610,31.00,31.10,29.72,30.49,10427
PVH,20090611,31.28,32.60,30.96,31.31,19551
PVH,20090612,31.30,31.30,30.59,31.23,7154
PVH,20090615,30.68,30.75,29.86,30.51,9499
PVH,20090616,30.44,31.17,29.35,29.40,15294
PVH,20090617,29.35,29.37,28.35,28.69,14039
PVH,20090618,28.65,28.83,27.98,28.30,5806
PVH,20090619,28.64,29.01,28.27,28.51,7349
PVH,20090622,27.97,28.07,27.16,27.49,7790
PVH,20090623,27.50,27.55,26.57,26.85,9238
PVH,20090624,27.04,27.54,26.82,27.03,5216
PVH,20090625,26.88,28.54,26.78,28.46,9002
PVH,20090626,28.37,28.99,28.22,28.88,12126
PVH,20090629,28.97,28.99,28.22,28.60,8222
PVH,20090630,28.59,29.36,28.31,28.69,6835
PVH,20090701,28.83,29.67,28.70,28.89,4899
PVH,20090702,28.07,28.65,27.62,27.75,4197
PVH,20090706,27.50,27.76,26.14,26.91,8171
PVH,20090707,27.11,27.11,26.53,26.59,4667
PVH,20090708,26.62,26.86,26.28,26.75,4834
PVH,20090709,26.80,27.57,26.35,26.42,14870
PVH,20090710,26.20,27.03,26.20,26.61,5036
PVH,20090713,26.69,27.86,26.30,27.80,6747
PVH,20090714,27.55,28.86,27.35,28.86,10639
PVH,20090715,29.43,30.21,29.15,30.12,7603
PVH,20090716,30.06,31.16,29.93,31.02,8544
PVH,20090717,31.12,31.18,30.58,31.10,6549
PVH,20090720,31.20,32.04,30.73,32.00,6536
PVH,20090721,32.11,32.23,31.10,32.12,8165
PVH,20090722,32.07,33.42,31.87,32.73,7564
PVH,20090723,32.47,34.15,32.30,33.82,7584
PVH,20090724,33.54,34.34,33.21,34.24,6387
PVH,20090727,34.15,34.56,33.90,34.33,7559
PVH,20090728,34.06,35.53,33.79,35.36,17124
PVH,20090729,35.36,35.82,34.50,34.82,11270
PVH,20090730,35.39,36.08,35.19,35.30,5690
PVH,20090731,35.25,35.91,35.15,35.38,5321
PVH,20090803,35.49,35.67,34.71,35.32,8279
PVH,20090804,35.23,35.32,34.68,35.10,8320
PVH,20090805,35.02,35.67,34.58,35.09,9334
PVH,20090806,35.30,35.35,34.22,34.84,9385
PVH,20090807,35.35,36.61,35.35,36.23,9062
PVH,20090810,35.91,35.97,34.46,34.74,7717
PVH,20090811,34.65,34.86,33.81,34.52,7903
PVH,20090812,34.52,34.92,33.89,34.51,9548
PVH,20090813,33.90,34.78,33.15,33.88,14886
PVH,20090814,34.76,35.61,34.50,34.67,14114
PVH,20090817,34.01,34.95,33.79,34.38,10691
PVH,20090818,34.55,35.37,34.52,34.86,11038
PVH,20090819,34.28,35.34,34.28,35.22,7961
PVH,20090820,36.14,36.87,35.39,35.55,20941
PVH,20090821,35.94,36.67,35.61,36.59,10987
PVH,20090824,36.75,37.39,36.46,36.64,8783
PVH,20090825,37.06,37.22,36.35,37.10,8664
PVH,20090826,36.96,37.60,36.75,37.49,9234
PVH,20090827,37.37,37.75,36.56,37.50,6400
PVH,20090828,37.75,38.09,37.43,38.07,7566
PVH,20090831,37.66,37.93,37.38,37.78,13381
PVH,20090901,37.75,39.41,37.36,37.49,17513
PVH,20090902,37.17,38.13,37.17,37.29,9493
PVH,20090903,37.50,38.88,37.13,38.82,8604
PVH,20090904,38.58,40.16,38.58,39.61,13052
PVH,20090908,40.05,40.73,39.97,40.70,11212
PVH,20090909,40.70,41.73,40.37,41.54,15584
PVH,20090910,41.39,42.32,41.38,42.25,8251
PVH,20090911,42.40,42.45,41.59,42.11,6218
PVH,20090914,41.75,42.02,41.35,41.86,8611
PVH,20090915,41.76,42.40,41.58,42.04,5014
PVH,20090916,42.15,42.64,41.86,42.60,8658
PVH,20090917,42.50,43.25,42.01,42.07,8079
PVH,20090918,43.27,43.27,42.03,42.60,6782
PVH,20090921,42.25,43.83,41.91,43.40,11224
PVH,20090922,43.71,44.09,42.71,42.74,10043
PVH,20090923,42.87,43.25,42.43,42.57,6743
PVH,20090924,42.79,43.23,41.56,41.89,6001
PVH,20090925,41.74,42.15,41.06,41.50,5965
PVH,20090928,41.79,42.23,41.55,41.92,8650
PVH,20090929,42.94,43.99,42.69,43.09,9531
PVH,20090930,43.01,43.60,41.95,42.79,6751
PVH,20091001,42.53,42.85,41.38,41.40,6292
PVH,20091002,40.84,41.34,40.60,40.64,7719
PVH,20091005,40.69,42.35,40.69,42.32,6847
PVH,20091006,42.60,43.00,42.10,42.59,3144
PVH,20091007,42.41,42.79,41.82,42.44,5969
PVH,20091008,42.70,43.00,42.23,42.84,5862
PVH,20091009,42.69,43.18,42.15,43.11,4155
PVH,20091012,43.36,43.80,42.83,43.02,4668
PVH,20091013,43.02,43.16,42.47,42.94,3837
PVH,20091014,43.66,44.00,43.30,43.68,5101
PVH,20091015,43.57,44.28,43.30,43.44,4688
PVH,20091016,43.05,43.84,42.93,43.56,7597
PVH,20091019,43.51,43.85,43.23,43.42,5883
PVH,20091020,43.70,43.77,42.86,43.31,5825
PVH,20091021,43.40,43.75,42.32,42.40,6049
PVH,20091022,42.51,44.16,42.38,43.78,7203
PVH,20091023,44.06,44.66,43.49,44.15,7783
PVH,20091026,44.04,44.85,42.69,42.96,8267
PVH,20091027,42.62,42.68,41.03,41.41,6184
PVH,20091028,41.44,41.68,39.08,39.17,7415
PVH,20091029,39.38,41.16,39.34,40.92,7326
PVH,20091030,40.73,41.84,39.71,40.15,9824
PVH,20091102,40.25,41.36,39.67,40.80,7942
PVH,20091103,40.64,41.85,40.50,41.62,11157
PVH,20091104,41.86,41.90,40.26,40.34,9454
PVH,20091105,40.76,41.56,40.04,41.56,8539
PVH,20091106,41.30,41.94,40.95,41.74,6500
PVH,20091109,42.07,43.35,41.90,42.94,8350
PVH,20091110,42.91,43.60,42.48,42.94,6152
PVH,20091111,43.49,43.89,42.64,43.01,6086
PVH,20091112,42.97,43.05,41.32,41.40,6849
PVH,20091113,41.53,41.99,41.05,41.57,7875
PVH,20091116,41.99,42.86,41.99,42.54,5711
PVH,20091117,42.30,42.48,41.44,42.18,7720
PVH,20091118,42.25,42.86,41.79,42.39,8607
PVH,20091119,42.86,43.95,42.30,43.00,14313
PVH,20091120,42.57,43.22,42.18,43.08,12692
PVH,20091123,43.34,43.93,42.43,42.56,6862
PVH,20091124,42.48,42.55,41.69,41.79,5603
PVH,20091125,42.31,42.37,41.52,41.85,7520
PVH,20091127,41.06,41.63,40.61,41.15,2334
PVH,20091130,41.26,41.26,39.59,40.00,6845
PVH,20091201,40.50,41.10,40.43,40.75,8109
PVH,20091202,40.65,41.88,40.50,41.12,9438
PVH,20091203,41.13,41.19,40.12,40.56,8552
PVH,20091204,40.95,42.07,40.56,41.21,7364
PVH,20091207,41.23,41.34,40.37,40.51,4806
PVH,20091208,40.30,40.67,39.70,40.03,5166
PVH,20091209,40.10,40.11,39.03,39.31,8702
PVH,20091210,39.69,40.23,39.50,39.59,7933
PVH,20091211,39.68,40.57,39.64,40.48,5142
PVH,20091214,40.76,41.00,40.03,40.85,6763
PVH,20091215,40.53,40.85,40.13,40.36,5245
PVH,20091216,40.49,40.90,40.22,40.30,3493
PVH,20091217,39.91,40.13,39.45,39.78,3503
PVH,20091218,39.76,39.97,39.03,39.16,9265
PVH,20091221,39.36,40.31,39.36,40.28,6820
PVH,20091222,40.66,40.82,40.26,40.50,7030
PVH,20091223,40.72,41.15,40.12,40.41,7936
PVH,20091224,40.54,40.95,40.39,40.79,971
PVH,20091228,40.88,41.17,40.39,40.65,5168
PVH,20091229,40.62,41.05,40.50,40.97,4294
PVH,20091230,40.67,41.37,40.64,41.31,3508
PVH,20091231,41.27,41.36,40.64,40.68,3438
PVH,20100104,40.92,41.55,40.52,41.10,5405
PVH,20100105,41.03,42.72,41.00,42.64,8346
PVH,20100106,42.51,43.76,42.51,43.66,11113
PVH,20100107,43.45,44.50,43.45,43.66,4768
PVH,20100108,43.39,43.73,43.14,43.59,3323
PVH,20100111,43.84,43.87,43.13,43.50,3271
PVH,20100112,44.76,44.92,42.85,43.35,8515
PVH,20100113,43.62,43.92,43.35,43.72,4334
PVH,20100114,43.55,44.13,43.51,43.64,5714
PVH,20100115,43.29,43.90,43.06,43.21,3082
PVH,20100119,43.32,43.60,42.94,43.51,4173
PVH,20100120,43.04,43.44,42.89,43.25,5097
PVH,20100121,43.29,43.52,42.25,42.64,5981
PVH,20100122,42.67,42.84,41.34,41.51,3975
PVH,20100125,41.99,41.99,40.95,41.02,6623
PVH,20100126,40.94,41.31,39.94,40.01,10228
PVH,20100127,39.87,40.33,39.54,40.22,6026
PVH,20100128,40.31,40.48,39.80,40.00,8769
PVH,20100129,40.20,40.33,39.20,39.29,6352
PVH,20100201,39.58,39.96,39.30,39.81,4401
PVH,20100202,39.76,40.69,39.69,40.66,3732
PVH,20100203,40.34,40.35,39.74,40.04,6914
PVH,20100204,39.67,40.41,39.50,39.54,7478
PVH,20100205,39.52,39.52,38.25,38.69,11082
PVH,20100208,38.86,39.42,38.47,38.60,5782
PVH,20100209,38.94,39.50,38.65,39.26,3537
PVH,20100210,39.03,39.51,38.86,39.13,4419
PVH,20100211,39.16,39.93,38.90,39.87,3705
PVH,20100212,39.56,40.25,39.26,40.22,4435
PVH,20100216,40.46,40.87,40.08,40.85,4226
PVH,20100217,41.60,43.07,41.50,42.38,12470
PVH,20100218,42.39,42.73,42.28,42.68,4088
PVH,20100219,42.71,42.99,42.13,42.38,5020
PVH,20100222,42.35,42.51,42.15,42.36,3288
PVH,20100223,42.15,42.79,41.90,42.50,4320
PVH,20100224,42.56,43.28,42.41,43.22,4789
PVH,20100225,42.61,43.03,42.33,42.99,4587
PVH,20100226,43.09,43.61,42.97,43.52,4018
PVH,20100301,43.61,44.32,43.50,44.30,4002
PVH,20100302,44.31,44.59,43.85,44.14,5132
PVH,20100303,43.89,43.89,42.38,42.44,14431
PVH,20100304,42.63,43.00,42.49,42.90,9906
PVH,20100305,43.19,44.31,43.13,44.31,9027
PVH,20100308,44.42,46.65,44.35,46.24,15116
PVH,20100309,46.01,46.78,45.46,45.71,7805
PVH,20100310,45.60,46.45,45.41,46.28,5883
PVH,20100311,45.94,48.37,45.71,47.67,17775
PVH,20100312,47.82,48.78,47.44,47.74,6348
PVH,20100315,52.00,54.64,51.25,52.40,44164
PVH,20100316,52.64,53.90,52.61,53.78,23305
PVH,20100317,53.78,54.18,53.09,54.18,11355
PVH,20100318,54.22,54.75,53.62,54.08,11725
PVH,20100319,54.34,54.48,53.25,53.73,14181
PVH,20100322,53.46,56.07,52.97,55.43,17120
PVH,20100323,56.57,56.88,55.01,56.09,22062
PVH,20100324,55.92,56.84,55.09,56.70,15822
PVH,20100325,56.93,57.28,55.44,55.52,11514
PVH,20100326,55.56,57.07,55.55,57.03,9417
PVH,20100329,56.98,57.57,55.88,57.02,10026
PVH,20100330,56.92,57.37,56.46,57.08,5485
PVH,20100331,56.97,57.80,56.88,57.36,10390
PVH,20100401,57.76,58.37,57.52,58.27,9544
PVH,20100405,58.29,60.30,58.29,60.03,10893
PVH,20100406,59.99,60.20,59.50,60.08,8211
PVH,20100407,60.13,60.48,59.53,59.93,7772
PVH,20100408,59.79,61.39,59.05,61.31,9896
PVH,20100409,61.68,62.67,61.68,62.67,12186
PVH,20100412,62.80,63.00,62.13,62.75,8720
PVH,20100413,62.75,63.04,62.51,62.86,6734
PVH,20100414,62.68,64.25,62.68,64.16,7065
PVH,20100415,63.91,64.62,63.76,64.25,8238
PVH,20100416,63.91,64.83,63.30,63.71,10584
PVH,20100419,63.38,63.92,61.54,62.84,9453
PVH,20100420,63.23,63.52,61.97,62.43,9782
PVH,20100421,62.39,65.84,62.39,65.64,20924
PVH,20100422,65.14,67.50,65.00,67.08,18127
PVH,20100423,67.88,68.18,66.65,67.05,55354
PVH,20100426,66.79,67.24,65.70,66.24,16292
PVH,20100427,66.06,66.38,64.11,64.31,13678
PVH,20100428,64.72,65.59,63.17,63.57,13354
PVH,20100429,64.14,65.91,64.13,65.41,7698
PVH,20100430,65.27,65.75,62.89,63.01,12916
PVH,20100503,62.96,65.22,62.96,64.36,15176
PVH,20100504,63.24,63.27,62.00,62.53,10099
PVH,20100505,61.66,63.24,58.80,60.41,14555
PVH,20100506,59.94,60.84,53.86,58.18,27290
PVH,20100507,57.65,58.27,54.63,54.80,17693
PVH,20100510,57.11,59.76,57.05,59.58,14699
PVH,20100511,58.84,62.77,58.75,61.18,16545
PVH,20100512,61.54,62.18,60.96,61.79,7732
PVH,20100513,61.50,62.17,58.76,59.29,12342
PVH,20100514,58.67,58.80,57.01,57.89,8807
PVH,20100517,58.09,58.57,55.58,57.52,12095
PVH,20100518,56.86,58.49,55.72,56.29,19644
PVH,20100519,55.93,56.56,53.81,54.30,20235
PVH,20100520,52.56,53.01,50.79,51.41,31433
PVH,20100521,50.00,53.82,49.96,52.98,20398
PVH,20100524,54.02,55.75,54.01,54.28,22292
PVH,20100525,51.66,54.04,50.34,53.93,24807
PVH,20100526,54.27,55.29,53.20,53.27,12841
PVH,20100527,54.62,56.08,54.30,56.04,12991
PVH,20100528,55.77,56.57,54.26,54.73,18207
PVH,20100601,54.25,54.55,52.06,52.14,11731
PVH,20100602,52.48,53.30,51.44,53.27,15520
PVH,20100603,53.46,54.73,53.20,54.55,13561
PVH,20100604,53.05,53.49,50.78,51.06,7602
PVH,20100607,51.32,51.86,48.79,48.97,10474
PVH,20100608,49.88,50.46,47.58,50.05,19399
PVH,20100609,50.69,53.06,50.55,51.44,15027
PVH,20100610,52.62,53.92,52.36,53.25,8202
PVH,20100611,52.10,54.00,51.80,53.14,7134
PVH,20100614,53.65,54.96,53.50,54.09,8947
PVH,20100615,54.30,57.12,54.06,57.00,16042
PVH,20100616,56.18,56.62,55.38,55.61,15421
PVH,20100617,55.84,56.03,54.85,55.20,10091
PVH,20100618,55.04,55.92,54.42,54.93,7214
PVH,20100621,55.79,56.24,53.25,53.57,12275
PVH,20100622,53.76,54.60,51.01,51.05,9596
PVH,20100623,51.05,51.68,49.40,51.20,12004
PVH,20100624,50.85,50.97,49.60,49.71,8850
PVH,20100625,49.88,50.75,49.34,50.25,13967
PVH,20100628,50.19,50.66,48.79,49.05,8608
PVH,20100629,48.14,48.20,45.36,45.75,16624
PVH,20100630,46.11,47.35,45.45,46.27,11703
PVH,20100701,46.25,46.86,44.38,46.35,15267
PVH,20100702,46.53,46.70,44.99,45.47,9568
PVH,20100706,46.49,47.00,42.81,43.01,17019
PVH,20100707,43.35,45.79,43.06,45.64,18031
PVH,20100708,46.37,47.91,45.90,47.66,18375
PVH,20100709,47.45,48.09,47.05,47.95,9040
PVH,20100712,47.89,48.19,46.26,47.11,8010
PVH,20100713,47.93,49.23,47.90,48.95,7715
PVH,20100714,48.81,49.29,48.00,48.23,8440
PVH,20100715,48.31,48.37,46.70,47.58,7839
PVH,20100716,47.14,47.33,44.98,45.15,7410
PVH,20100719,45.50,46.17,44.57,46.06,11481
PVH,20100720,45.18,47.54,45.11,47.23,9106
PVH,20100721,47.57,47.93,46.53,47.18,7872
PVH,20100722,48.18,50.43,48.17,50.05,9901
PVH,20100723,49.69,51.67,49.35,51.17,9210
PVH,20100726,51.29,52.57,50.80,52.53,6444
PVH,20100727,53.16,53.20,50.63,50.85,11201
PVH,20100728,50.98,51.43,50.30,50.65,9693
PVH,20100729,51.07,51.77,49.94,51.44,13259
PVH,20100730,50.53,52.15,50.28,51.89,8180
PVH,20100802,53.04,53.45,52.68,53.41,7372
PVH,20100803,52.74,53.09,51.15,51.18,9303
PVH,20100804,51.65,53.46,51.47,53.33,8987
PVH,20100805,52.88,53.42,52.27,53.00,4452
PVH,20100806,52.37,53.32,52.12,53.10,5864
PVH,20100809,53.46,53.88,53.02,53.78,4617
PVH,20100810,53.03,53.71,52.55,53.27,4261
PVH,20100811,51.90,52.16,50.12,50.24,8689
PVH,20100812,49.28,51.02,49.00,50.77,6387
PVH,20100813,50.57,50.71,49.18,49.24,6740
PVH,20100816,48.66,49.42,48.12,48.32,10060
PVH,20100817,49.25,50.89,49.08,49.83,6467
PVH,20100818,49.42,50.99,49.09,50.29,5219
PVH,20100819,49.99,50.18,48.89,49.17,4290
PVH,20100820,48.73,49.59,48.04,49.39,4285
PVH,20100823,49.70,50.47,48.85,48.85,5244
PVH,20100824,47.76,47.88,46.29,46.33,11461
PVH,20100825,45.68,46.94,45.54,46.60,16681
PVH,20100826,46.88,47.00,45.14,45.32,9959
PVH,20100827,45.84,47.37,44.79,47.08,9845
PVH,20100830,46.71,47.15,45.58,45.66,6269
PVH,20100831,44.95,46.84,44.69,45.68,11286
PVH,20100901,47.08,48.63,46.83,47.92,9225
PVH,20100902,47.81,50.57,47.76,50.33,11499
PVH,20100903,51.23,51.70,50.39,51.10,8527
PVH,20100907,50.66,51.13,50.40,50.50,8422
PVH,20100908,53.58,55.80,52.76,54.07,38828
PVH,20100909,55.53,55.99,53.98,54.36,10491
PVH,20100910,54.52,54.93,53.84,53.89,5255
PVH,20100913,54.70,56.38,54.38,56.13,9057
PVH,20100914,55.73,57.00,55.52,56.50,6913
PVH,20100915,56.27,57.18,56.01,56.46,4969
PVH,20100916,56.36,57.01,56.02,56.28,4271
PVH,20100917,56.66,58.19,56.54,58.08,25518
PVH,20100920,58.31,60.18,58.10,60.02,17186
PVH,20100921,60.02,60.09,58.65,59.10,10496
PVH,20100922,59.31,59.55,57.52,58.19,9444
PVH,20100923,57.40,58.15,56.93,57.06,5876
PVH,20100924,58.17,59.72,57.93,58.79,8029
PVH,20100927,58.53,59.80,58.53,58.73,7703
PVH,20100928,58.60,59.09,57.30,59.05,8014
PVH,20100929,58.95,59.66,58.59,59.30,8344
PVH,20100930,60.24,60.60,58.69,60.16,10443
PVH,20101001,60.84,61.39,59.76,59.99,8873
PVH,20101004,61.85,61.99,59.54,60.54,10792
PVH,20101005,61.25,62.94,61.01,62.41,7500
PVH,20101006,61.97,62.24,61.40,61.93,7932
PVH,20101007,62.26,63.23,62.06,62.78,7104
PVH,20101008,62.88,63.99,62.66,63.11,5710
PVH,20101011,62.97,63.70,62.12,62.56,6527
PVH,20101012,62.30,63.32,61.34,63.04,6670
PVH,20101013,63.68,63.68,62.93,62.97,5478
PVH,20101014,62.99,63.70,62.80,63.45,5934
PVH,20101015,63.82,64.13,62.32,62.92,7282
PVH,20101018,63.14,63.27,62.19,62.47,7320
PVH,20101019,61.33,62.01,59.58,60.02,18050
PVH,20101020,60.59,61.16,60.22,60.67,8682
PVH,20101021,60.95,61.38,60.58,60.98,14409
PVH,20101022,61.06,62.13,60.97,61.73,3579
PVH,20101025,62.77,63.44,62.38,62.63,12360
PVH,20101026,62.16,63.34,62.07,62.97,10162
PVH,20101027,61.99,62.35,60.52,61.47,10212
PVH,20101028,61.89,62.00,60.39,60.96,9331
PVH,20101029,60.79,61.61,60.72,61.34,9107
PVH,20101101,61.65,62.38,61.37,61.60,12500
PVH,20101102,62.55,62.58,61.13,61.80,9074
PVH,20101103,61.98,62.05,60.56,61.36,8449
PVH,20101104,62.45,63.20,61.90,63.10,10173
PVH,20101105,63.03,64.39,62.90,64.32,8046
PVH,20101108,64.39,65.05,63.88,65.01,8508
PVH,20101109,65.00,66.17,64.83,65.53,13173
PVH,20101110,63.92,64.43,62.79,63.15,18117
PVH,20101111,62.32,63.02,61.91,62.49,10125
PVH,20101112,62.18,62.23,59.48,59.52,15681
PVH,20101115,61.81,62.42,59.99,60.08,13641
PVH,20101116,59.72,60.35,59.06,59.50,13891
PVH,20101117,59.90,61.69,59.68,61.54,10885
PVH,20101118,62.32,63.15,62.05,62.85,7258
PVH,20101119,63.02,64.07,62.56,64.01,5709
PVH,20101122,63.27,65.42,63.02,65.30,6295
PVH,20101123,64.21,65.66,64.00,64.75,7178
PVH,20101124,65.82,67.60,65.30,67.53,8950
PVH,20101126,67.06,67.77,66.77,67.54,2789
PVH,20101129,66.98,68.10,66.63,67.86,8532
PVH,20101130,67.10,68.43,66.51,67.84,24860
PVH,20101201,69.34,70.72,69.26,70.02,12228
PVH,20101202,70.31,71.62,69.12,71.23,13104
PVH,20101203,70.65,72.42,68.50,70.00,21661
PVH,20101206,70.31,70.33,68.90,69.38,7958
PVH,20101207,70.19,70.50,68.57,68.80,10223
PVH,20101208,69.19,69.58,67.79,68.55,7740
PVH,20101209,69.12,69.31,68.65,69.18,6613
PVH,20101210,69.57,69.72,68.44,69.18,5409
PVH,20101213,69.49,69.98,68.01,68.13,9314
PVH,20101214,68.25,68.35,66.30,66.49,13289
PVH,20101215,66.35,66.83,65.61,65.64,8816
PVH,20101216,65.94,66.72,65.65,66.65,10440
PVH,20101217,66.83,67.79,66.65,67.59,11509
PVH,20101220,67.87,68.04,66.75,66.94,7385
PVH,20101221,67.11,67.48,66.53,67.39,4706
PVH,20101222,67.64,67.76,65.57,65.95,6761
PVH,20101223,66.15,66.95,65.12,65.59,7179
PVH,20101227,65.34,65.57,64.58,64.92,4470
PVH,20101228,65.20,65.27,63.46,63.61,6248
PVH,20101229,63.60,64.38,63.46,63.53,5379
PVH,20101230,63.38,64.26,63.33,63.84,3789
PVH,20101231,63.71,63.90,62.93,63.01,4650
PVH,20110103,63.76,63.95,62.52,63.26,5823
PVH,20110104,63.47,63.56,61.08,61.57,9098
PVH,20110105,61.23,62.73,60.62,62.66,9091
PVH,20110106,62.55,62.60,60.44,61.13,9968
PVH,20110107,60.00,60.29,58.02,58.92,20281
