REG,20090115,36.55,38.00,34.64,37.08,33986
REG,20090116,37.40,38.59,36.11,38.48,26646
REG,20090120,37.77,38.00,33.94,34.25,29442
REG,20090121,35.41,38.00,33.96,37.61,33743
REG,20090122,37.18,38.54,35.02,36.44,26827
REG,20090123,35.13,37.69,34.47,37.18,18937
REG,20090126,36.58,38.29,35.84,36.84,14573
REG,20090127,37.20,38.87,37.00,38.11,12429
REG,20090128,38.67,40.25,38.32,39.92,31541
REG,20090129,38.81,39.82,36.46,37.02,23352
REG,20090130,37.31,38.43,34.75,35.30,24026
REG,20090202,34.97,35.61,33.15,35.37,22616
REG,20090203,35.64,35.91,34.32,35.03,16699
REG,20090204,35.75,35.88,33.46,33.49,23428
REG,20090205,31.47,33.84,30.50,32.62,41536
REG,20090206,31.47,34.40,30.65,34.06,30689
REG,20090209,34.10,34.72,33.37,34.67,15561
REG,20090210,33.83,34.11,30.72,31.19,28605
REG,20090211,31.10,32.54,30.31,32.32,22254
REG,20090212,31.45,32.24,29.58,31.83,30768
REG,20090213,30.45,30.91,29.09,29.27,22707
REG,20090217,29.20,29.20,27.09,27.46,22547
REG,20090218,27.81,28.54,26.92,28.11,22092
REG,20090219,28.75,28.91,26.83,27.00,18617
REG,20090220,25.65,29.35,25.65,29.03,23713
REG,20090223,29.49,29.64,26.35,26.48,28036
REG,20090224,27.00,29.62,26.52,29.36,28828
REG,20090225,28.98,30.17,27.80,28.76,31133
REG,20090226,29.33,29.84,26.80,27.03,22115
REG,20090227,26.20,27.60,26.18,26.98,25394
REG,20090302,25.99,26.58,23.66,23.96,28848
REG,20090303,24.64,25.18,23.23,23.76,32367
REG,20090304,24.51,25.09,23.35,24.39,22228
REG,20090305,23.44,24.00,22.25,22.53,26025
REG,20090306,22.95,23.27,20.72,22.02,41077
REG,20090309,21.76,22.65,21.35,22.54,27665
REG,20090310,23.32,27.06,22.85,26.93,51526
REG,20090311,26.84,28.10,26.10,27.00,30713
REG,20090312,26.85,29.87,26.51,29.45,33151
REG,20090313,29.74,29.78,27.46,28.07,20424
REG,20090316,28.59,29.23,25.95,25.98,27149
REG,20090317,26.24,28.43,25.63,28.24,29722
REG,20090318,27.20,30.24,27.19,29.49,37207
REG,20090319,30.25,30.55,28.55,28.81,30501
REG,20090320,29.02,29.22,24.76,24.93,36441
REG,20090323,26.02,29.26,25.85,29.24,46944
REG,20090324,28.23,29.33,26.23,26.46,28295
REG,20090325,26.94,27.92,24.71,26.99,25485
REG,20090326,27.06,27.94,25.75,27.78,23096
REG,20090327,27.06,27.55,26.23,26.62,16317
REG,20090330,25.64,25.73,24.44,24.57,19719
REG,20090331,25.33,27.21,24.62,26.57,28656
REG,20090401,25.97,26.99,25.61,26.55,20269
REG,20090402,27.62,29.30,26.74,28.99,33035
REG,20090403,28.99,31.74,28.21,31.69,38905
REG,20090406,31.86,33.34,30.75,32.58,34274
REG,20090407,31.15,32.06,31.00,31.02,36657
REG,20090408,31.44,32.22,30.39,31.24,20202
REG,20090409,32.56,37.01,32.31,36.69,37135
REG,20090413,35.91,37.11,34.38,36.39,26288
REG,20090414,35.86,36.77,32.78,32.90,37847
REG,20090415,32.12,36.04,32.12,35.86,29868
REG,20090416,35.36,38.81,34.80,36.98,32885
REG,20090417,36.15,40.77,35.79,38.63,31167
REG,20090420,37.65,37.74,34.01,34.12,31367
REG,20090421,34.29,37.28,33.12,36.46,120450
REG,20090422,35.36,38.38,35.36,36.07,41971
REG,20090423,36.36,36.70,34.51,36.61,30716
REG,20090424,36.83,38.77,35.44,37.97,35203
REG,20090427,36.04,37.14,33.93,34.80,30226
REG,20090428,34.39,36.51,34.25,35.60,25483
REG,20090429,35.85,37.24,35.55,36.78,28026
REG,20090430,37.06,39.44,36.94,37.45,43515
REG,20090501,37.07,37.42,34.23,34.82,33181
REG,20090504,35.65,38.18,35.20,37.83,30762
REG,20090505,36.60,37.19,34.71,35.55,26042
REG,20090506,36.01,37.73,35.07,37.19,26706
REG,20090507,37.80,40.00,32.91,33.87,35703
REG,20090508,34.29,37.68,34.20,37.46,33727
REG,20090511,35.78,37.10,35.57,35.71,24652
REG,20090512,35.99,36.39,33.88,34.87,23136
REG,20090513,34.28,34.28,30.90,31.33,35097
REG,20090514,31.40,32.43,30.47,32.06,21068
REG,20090515,31.89,32.17,30.11,30.85,25341
REG,20090518,31.72,33.26,30.64,33.16,30988
REG,20090519,32.48,33.49,31.86,32.45,25487
REG,20090520,33.41,34.51,32.64,33.04,26124
REG,20090521,32.55,34.01,31.85,33.45,24446
REG,20090522,33.69,33.83,32.84,32.93,21204
REG,20090526,32.74,35.74,32.36,34.98,29991
REG,20090527,35.08,35.28,33.74,34.06,27376
REG,20090528,34.61,35.22,33.39,34.43,20368
REG,20090529,34.64,35.63,34.00,35.63,21497
REG,20090601,36.29,38.64,36.09,36.96,26490
REG,20090602,36.97,37.36,36.16,36.63,16499
REG,20090603,36.10,36.81,35.52,36.12,16959
REG,20090604,36.33,37.65,36.03,37.37,19886
REG,20090605,37.54,38.24,36.76,37.21,20419
REG,20090608,36.80,37.56,36.29,37.10,12524
REG,20090609,37.46,37.65,36.81,37.29,15949
REG,20090610,37.53,37.75,35.38,36.24,15120
REG,20090611,36.26,36.72,35.26,35.50,13893
REG,20090612,35.18,36.77,35.17,36.61,15616
REG,20090615,36.22,36.35,34.22,34.50,18211
REG,20090616,34.67,35.33,33.53,33.88,15447
REG,20090617,33.83,34.50,33.22,33.64,13393
REG,20090618,33.91,34.29,33.37,33.78,12922
REG,20090619,33.97,34.73,33.97,34.66,14435
REG,20090622,34.29,34.49,32.78,32.91,16166
REG,20090623,32.93,33.64,32.50,32.59,13907
REG,20090624,32.75,33.54,32.69,33.26,13179
REG,20090625,32.91,33.87,32.62,33.87,11074
REG,20090626,33.81,35.01,33.48,34.72,10887
REG,20090629,35.11,35.30,34.15,34.58,11708
REG,20090630,34.76,35.31,34.44,34.91,10702
REG,20090701,35.06,35.68,35.00,35.37,11012
REG,20090702,34.84,34.85,32.95,32.95,15486
REG,20090706,32.80,34.18,32.60,34.16,17307
REG,20090707,34.04,34.04,32.06,32.23,14887
REG,20090708,32.45,32.77,30.97,31.86,14652
REG,20090709,32.20,32.27,30.81,30.95,12908
REG,20090710,30.78,31.34,29.94,30.87,13193
REG,20090713,31.19,32.14,30.79,32.13,17255
REG,20090714,32.03,32.58,31.37,32.14,12331
REG,20090715,32.61,34.03,32.18,33.62,16486
REG,20090716,33.25,34.50,32.68,34.11,14809
REG,20090717,32.28,33.20,29.21,29.43,56265
REG,20090720,29.40,30.00,28.90,29.49,35494
REG,20090721,29.90,29.90,28.10,28.50,24353
REG,20090722,28.37,28.94,28.17,28.75,20996
REG,20090723,28.84,29.87,28.56,29.45,26617
REG,20090724,29.26,30.41,28.85,30.39,19181
REG,20090727,30.34,30.78,29.89,30.76,12768
REG,20090728,30.21,30.84,30.19,30.82,12102
REG,20090729,30.58,30.58,29.78,30.39,13497
REG,20090730,30.71,32.42,30.70,32.11,22359
REG,20090731,31.93,32.41,31.31,32.08,14042
REG,20090803,32.28,32.67,31.61,32.25,14874
REG,20090804,31.71,33.95,31.46,33.60,30546
REG,20090805,33.67,35.35,33.30,35.03,20393
REG,20090806,35.74,37.25,33.38,33.47,30242
REG,20090807,34.24,36.22,33.56,35.15,27474
REG,20090810,34.76,34.81,33.72,34.31,18591
REG,20090811,33.78,33.97,32.27,33.31,20567
REG,20090812,33.21,33.99,32.57,33.12,23933
REG,20090813,33.80,33.82,32.74,33.55,15556
REG,20090814,33.43,33.47,32.20,32.97,16738
REG,20090817,32.09,32.52,30.97,31.48,24682
REG,20090818,31.63,32.42,31.21,31.65,14182
REG,20090819,31.00,31.57,30.67,31.47,15237
REG,20090820,31.46,32.57,31.46,32.35,15951
REG,20090821,32.61,33.64,32.49,32.80,17078
REG,20090824,33.05,33.28,32.16,32.33,14699
REG,20090825,32.58,33.26,32.15,32.92,14562
REG,20090826,32.66,32.97,32.43,32.89,13629
REG,20090827,32.85,33.32,32.10,33.21,12048
REG,20090828,33.61,33.70,32.85,33.67,11636
REG,20090831,33.01,33.60,32.71,33.55,12159
REG,20090901,33.33,33.60,32.22,32.27,27526
REG,20090902,32.26,32.26,31.11,31.12,22624
REG,20090903,31.34,31.66,30.72,31.63,16029
REG,20090904,31.49,32.14,30.81,32.07,9378
REG,20090908,32.72,33.62,32.28,33.53,14965
REG,20090909,33.30,35.28,33.24,35.10,22561
REG,20090910,35.15,36.76,34.60,36.64,20302
REG,20090911,36.82,37.38,36.39,37.14,22618
REG,20090914,36.38,37.87,36.26,37.80,18828
REG,20090915,37.88,38.60,37.14,38.42,28032
REG,20090916,38.41,40.09,38.41,39.94,38065
REG,20090917,39.81,41.29,39.37,40.46,30387
REG,20090918,40.74,41.71,39.79,41.05,19075
REG,20090921,40.38,40.92,39.42,39.65,17563
REG,20090922,39.84,41.01,39.56,40.53,21907
REG,20090923,40.72,40.72,38.41,38.43,20146
REG,20090924,38.64,39.14,36.48,36.49,24497
REG,20090925,36.46,36.74,35.94,36.28,25886
REG,20090928,36.59,37.42,36.39,37.36,13516
REG,20090929,37.38,37.85,37.04,37.10,15984
REG,20090930,37.35,37.77,36.42,37.05,18986
REG,20091001,36.47,37.05,35.52,35.53,20101
REG,20091002,35.06,35.88,34.29,34.36,22057
REG,20091005,34.50,35.38,34.50,34.80,12450
REG,20091006,35.30,35.76,34.54,34.80,17477
REG,20091007,34.74,35.18,34.38,34.71,11503
REG,20091008,35.08,35.75,34.73,35.43,12734
REG,20091009,35.14,35.74,34.81,35.56,10091
REG,20091012,35.72,35.96,34.73,34.90,6555
REG,20091013,34.87,34.94,34.00,34.20,12094
REG,20091014,34.75,35.93,34.63,35.72,11277
REG,20091015,35.57,36.04,35.06,35.80,9640
REG,20091016,35.19,35.64,34.70,34.84,12001
REG,20091019,35.09,35.77,34.73,35.63,9150
REG,20091020,35.61,35.63,34.93,35.40,9716
REG,20091021,35.39,36.26,35.25,35.28,12492
REG,20091022,35.33,36.35,34.69,36.24,10289
REG,20091023,36.37,36.45,35.63,36.05,13265
REG,20091026,36.27,37.09,35.72,35.80,8849
REG,20091027,35.92,36.18,35.17,35.20,8693
REG,20091028,34.54,35.31,33.03,33.13,13330
REG,20091029,33.88,35.06,33.31,34.73,15894
REG,20091030,34.64,34.86,32.65,33.55,35022
REG,20091102,33.62,33.95,31.85,32.55,17672
REG,20091103,32.12,33.95,32.12,33.83,24436
REG,20091104,34.10,34.68,33.41,33.54,20707
REG,20091105,33.96,34.10,32.60,33.15,18551
REG,20091106,32.69,33.06,32.47,32.63,8589
REG,20091109,32.83,34.51,32.82,34.45,13782
REG,20091110,34.23,34.53,33.35,34.05,8317
REG,20091111,34.72,34.97,34.12,34.77,8064
REG,20091112,34.62,34.94,33.87,33.93,9510
REG,20091113,34.10,34.46,33.95,34.19,9930
REG,20091116,34.41,34.50,33.61,33.90,16037
REG,20091117,33.65,34.40,33.54,33.71,18092
REG,20091118,33.80,34.04,33.32,33.78,12391
REG,20091119,33.27,33.40,32.62,32.83,11904
REG,20091120,32.51,32.97,32.40,32.80,11719
REG,20091123,33.40,34.15,33.15,33.40,13881
REG,20091124,33.28,33.28,32.39,32.54,10555
REG,20091125,32.89,32.89,32.49,32.55,9304
REG,20091127,31.76,32.38,31.41,31.62,5640
REG,20091130,31.72,33.55,31.49,33.47,21573
REG,20091201,33.80,34.32,33.26,33.98,13585
REG,20091202,32.70,33.75,32.66,33.54,20067
REG,20091203,32.63,33.84,32.63,32.98,14639
REG,20091204,31.71,34.14,31.65,33.51,70996
REG,20091207,33.58,33.86,32.06,32.40,17576
REG,20091208,32.13,32.79,31.87,32.29,16196
REG,20091209,32.40,33.42,32.21,33.09,19449
REG,20091210,33.38,33.59,33.16,33.45,12929
REG,20091211,33.70,34.09,33.35,34.04,8360
REG,20091214,34.05,34.40,33.34,34.22,17496
REG,20091215,34.14,34.14,33.42,33.69,12174
REG,20091216,33.95,34.31,33.77,33.94,13870
REG,20091217,33.69,33.97,33.28,33.48,12076
REG,20091218,33.77,33.78,33.21,33.65,25767
REG,20091221,33.82,34.01,33.40,33.83,12286
REG,20091222,33.86,34.55,33.75,34.53,11994
REG,20091223,34.49,35.75,34.49,35.44,15024
REG,20091224,35.63,35.81,35.15,35.66,5667
REG,20091228,35.82,36.23,35.66,35.82,8532
REG,20091229,36.01,36.01,34.93,35.04,9759
REG,20091230,34.97,35.24,34.64,35.21,5320
REG,20091231,35.17,35.63,34.98,35.06,8461
REG,20100104,35.30,35.68,34.50,34.77,13544
REG,20100105,34.78,35.02,34.43,35.02,10445
REG,20100106,35.07,35.52,35.00,35.07,13843
REG,20100107,34.86,35.51,34.57,35.34,9853
REG,20100108,35.01,35.46,34.93,35.28,10426
REG,20100111,36.25,36.25,35.52,35.81,11673
REG,20100112,35.33,35.70,34.89,35.15,10142
REG,20100113,35.26,36.23,35.22,36.17,9529
REG,20100114,35.92,36.08,35.59,36.00,9243
REG,20100115,35.90,36.77,35.78,36.43,18598
REG,20100119,36.52,37.82,36.36,37.63,19423
REG,20100120,36.95,36.97,36.13,36.71,15822
REG,20100121,36.82,37.03,35.68,35.79,19208
REG,20100122,35.79,36.18,34.73,34.79,13977
REG,20100125,35.14,35.30,33.59,34.30,16445
REG,20100126,34.08,34.64,34.02,34.17,9666
REG,20100127,34.09,34.47,33.65,34.24,13792
REG,20100128,34.34,34.34,33.50,33.74,6953
REG,20100129,33.89,34.26,33.28,33.49,10359
REG,20100201,33.75,34.28,33.48,34.28,6595
REG,20100202,34.29,34.50,33.75,34.31,11192
REG,20100203,34.09,34.27,33.50,33.67,11041
REG,20100204,33.29,33.48,32.06,32.65,25950
REG,20100205,33.03,33.95,32.65,33.85,20343
REG,20100208,33.94,34.12,33.05,33.17,18601
REG,20100209,33.71,33.76,32.38,32.56,23166
REG,20100210,32.39,32.94,31.89,32.54,7175
REG,20100211,32.47,32.79,32.04,32.66,8374
REG,20100212,31.94,32.69,31.71,32.60,11071
REG,20100216,32.91,33.66,32.81,33.64,9469
REG,20100217,33.77,33.92,33.52,33.68,5200
REG,20100218,33.64,34.29,33.53,34.18,11788
REG,20100219,33.86,34.43,33.86,34.29,6745
REG,20100222,34.43,34.43,33.73,33.92,6973
REG,20100223,33.87,34.04,33.48,33.53,10553
REG,20100224,33.72,34.23,33.48,34.23,7745
REG,20100225,33.84,34.48,33.51,34.40,6850
REG,20100226,34.49,34.98,34.21,34.67,11986
REG,20100301,34.76,35.40,34.64,35.32,11719
REG,20100302,35.37,35.41,35.08,35.37,8609
REG,20100303,35.57,35.61,35.21,35.31,5543
REG,20100304,35.34,35.56,35.29,35.45,5645
REG,20100305,35.67,36.54,35.46,36.39,9706
REG,20100308,36.29,36.92,36.16,36.78,6351
REG,20100309,36.61,37.66,36.54,37.04,15933
REG,20100310,37.04,37.22,36.59,36.81,10624
REG,20100311,36.57,37.06,36.44,36.89,9437
REG,20100312,37.13,37.78,37.04,37.57,8957
REG,20100315,37.54,37.65,36.86,37.41,7261
REG,20100316,37.62,38.82,37.41,38.67,9525
REG,20100317,38.84,39.60,38.77,39.37,13731
REG,20100318,39.13,39.71,38.99,38.99,7629
REG,20100319,39.05,39.21,38.22,38.32,8885
REG,20100322,38.03,39.13,37.99,38.89,6638
REG,20100323,38.86,39.17,38.27,38.77,5034
REG,20100324,38.53,39.05,38.53,38.78,6215
REG,20100325,39.10,39.69,39.02,39.05,7876
REG,20100326,39.14,39.33,38.52,38.60,8209
REG,20100329,38.88,38.88,38.06,38.30,7598
REG,20100330,38.26,38.46,37.84,37.88,7769
REG,20100331,37.74,37.98,37.36,37.47,8683
REG,20100401,37.68,37.73,37.08,37.46,6475
REG,20100405,37.61,38.23,37.44,38.22,7183
REG,20100406,37.94,39.25,37.83,39.05,8485
REG,20100407,38.91,39.30,37.93,38.12,10511
REG,20100408,38.06,38.17,37.80,37.94,7227
REG,20100409,37.94,38.39,37.74,38.30,11213
REG,20100412,38.30,38.42,37.82,37.84,6513
REG,20100413,37.91,39.80,37.85,39.52,18462
REG,20100414,39.61,39.69,39.29,39.49,11112
REG,20100415,39.28,39.30,38.57,39.07,12463
REG,20100416,38.90,39.13,38.27,38.38,16845
REG,20100419,38.10,38.60,37.54,38.11,9171
REG,20100420,38.54,38.61,37.92,38.55,7472
REG,20100421,38.48,39.57,38.48,39.45,17084
REG,20100422,39.02,40.03,38.89,39.86,6481
REG,20100423,39.85,40.40,39.50,40.39,10517
REG,20100426,40.36,40.91,40.19,40.62,8056
REG,20100427,40.34,40.82,39.40,39.41,11597
REG,20100428,39.79,40.07,39.32,39.53,7084
REG,20100429,39.90,42.01,39.90,41.95,13307
REG,20100430,41.92,42.55,41.03,41.05,25812
REG,20100503,41.55,42.47,41.28,41.96,15595
REG,20100504,41.24,41.46,40.09,40.23,13258
REG,20100505,39.86,40.37,39.28,39.67,14969
REG,20100506,39.89,41.50,37.67,39.65,34150
REG,20100507,40.04,40.63,38.16,38.94,23545
REG,20100510,41.00,41.79,40.47,41.75,18024
REG,20100511,41.15,41.67,40.40,41.38,16387
REG,20100512,41.67,41.84,41.20,41.61,13565
REG,20100513,41.38,41.61,39.82,40.14,17048
REG,20100514,39.90,39.97,38.07,38.37,16540
REG,20100517,37.92,38.90,36.82,37.97,11503
REG,20100518,38.57,38.78,36.86,37.07,13618
REG,20100519,36.85,37.68,36.05,36.84,14584
REG,20100520,35.97,36.44,35.14,35.36,18413
REG,20100521,34.78,36.68,34.49,36.63,22463
REG,20100524,36.56,36.82,35.77,35.86,11906
REG,20100525,35.40,35.98,34.43,35.82,18138
REG,20100526,36.11,36.66,35.01,35.27,22342
REG,20100527,36.10,37.13,35.50,37.11,12764
REG,20100528,36.90,37.26,36.34,36.75,16509
REG,20100601,36.27,36.76,35.97,36.31,16156
REG,20100602,36.51,36.73,35.64,36.69,12957
REG,20100603,36.60,36.75,36.01,36.22,9390
REG,20100604,35.54,35.84,33.94,34.04,15161
REG,20100607,34.28,34.94,33.97,34.01,12500
REG,20100608,34.05,35.09,33.39,35.08,15637
REG,20100609,35.36,36.20,34.75,34.98,9928
REG,20100610,35.79,36.90,35.37,36.66,10406
REG,20100611,36.18,37.61,36.10,37.50,10426
REG,20100614,37.68,38.14,37.12,37.56,13585
REG,20100615,37.53,38.73,37.50,38.64,8237
REG,20100616,38.44,38.67,38.01,38.34,7499
REG,20100617,38.42,38.56,37.74,38.24,5121
REG,20100618,38.33,38.41,37.89,38.06,8547
REG,20100621,38.68,38.82,38.01,38.15,10057
REG,20100622,38.40,38.42,36.57,36.67,8154
REG,20100623,36.75,37.20,36.13,36.79,6749
REG,20100624,36.51,36.84,35.67,35.75,9730
REG,20100625,35.90,37.07,35.76,36.83,12224
REG,20100628,37.06,37.09,36.02,36.17,4995
REG,20100629,35.63,35.64,34.51,34.80,13405
REG,20100630,34.90,35.41,34.34,34.40,14386
REG,20100701,34.39,34.64,33.46,34.20,12475
REG,20100702,34.24,34.55,33.23,33.25,9597
REG,20100706,33.81,34.02,31.94,32.25,11529
REG,20100707,32.47,33.81,32.30,33.80,9763
REG,20100708,34.31,34.60,33.37,34.05,9460
REG,20100709,33.91,34.68,33.89,34.61,9079
REG,20100712,34.37,34.79,34.04,34.69,6956
REG,20100713,35.23,35.69,35.11,35.50,9537
REG,20100714,35.18,35.77,34.77,35.31,6302
REG,20100715,35.26,35.26,34.35,34.80,6961
REG,20100716,34.50,34.59,33.41,33.60,11521
REG,20100719,33.76,34.26,33.06,34.19,10372
REG,20100720,33.51,34.71,33.08,34.50,15813
REG,20100721,34.79,34.91,33.53,33.80,10822
REG,20100722,34.27,35.65,34.23,35.57,14398
REG,20100723,35.21,36.21,34.98,36.21,13559
REG,20100726,36.17,37.58,35.88,37.54,11858
REG,20100727,37.59,38.16,37.14,37.74,8808
REG,20100728,37.61,38.00,36.92,37.27,10130
REG,20100729,37.56,37.88,37.18,37.40,9191
REG,20100730,36.81,37.90,36.75,37.74,9559
REG,20100802,38.56,39.52,38.24,39.52,8980
REG,20100803,39.16,39.33,38.77,38.95,14183
REG,20100804,39.05,39.40,38.37,39.39,9659
REG,20100805,39.27,40.53,39.16,39.53,18014
REG,20100806,39.16,39.65,38.79,39.56,7888
REG,20100809,39.71,40.25,39.40,40.11,7545
REG,20100810,39.50,40.21,39.31,39.72,9285
REG,20100811,38.93,39.36,38.19,38.24,12668
REG,20100812,37.66,38.06,37.35,37.37,15114
REG,20100813,37.40,37.74,36.96,36.96,9921
REG,20100816,36.36,37.08,36.33,36.62,10367
REG,20100817,36.98,37.86,36.82,37.44,8107
REG,20100818,37.91,38.22,37.42,37.77,10726
REG,20100819,37.55,37.55,36.33,36.50,8140
REG,20100820,36.45,36.52,35.99,36.38,4171
REG,20100823,36.63,36.75,36.14,36.20,3154
REG,20100824,35.59,36.36,35.37,35.99,7092
REG,20100825,35.82,36.71,35.65,36.62,9237
REG,20100826,36.77,37.01,36.07,36.14,10247
REG,20100827,36.34,36.87,35.60,36.69,12665
REG,20100830,36.66,36.95,36.24,36.27,7692
REG,20100831,36.24,36.83,36.00,36.46,12906
REG,20100901,37.19,37.99,36.97,37.86,12716
REG,20100902,37.89,38.91,37.86,38.82,12047
REG,20100903,39.57,39.62,39.11,39.34,7639
REG,20100907,39.01,39.48,38.80,39.01,7426
REG,20100908,39.21,39.42,38.92,39.24,5089
REG,20100909,39.76,39.85,39.05,39.31,6336
REG,20100910,39.34,39.78,39.10,39.56,4146
REG,20100913,39.95,40.40,39.71,40.24,4858
REG,20100914,40.06,40.17,39.82,39.83,7074
REG,20100915,39.56,39.96,39.49,39.70,11380
REG,20100916,39.69,39.82,39.20,39.40,6864
REG,20100917,39.59,39.65,38.84,39.28,9608
REG,20100920,39.48,40.18,39.36,39.94,8809
REG,20100921,39.96,40.07,39.26,39.30,6760
REG,20100922,39.31,39.97,39.11,39.23,6963
REG,20100923,38.73,38.98,38.10,38.14,7871
REG,20100924,38.81,39.56,38.71,39.31,8613
REG,20100927,39.26,39.32,38.25,38.38,6051
REG,20100928,38.53,39.25,37.84,39.20,15588
REG,20100929,38.92,39.04,38.21,38.81,13683
REG,20100930,39.01,39.80,39.01,39.47,14609
REG,20101001,39.75,39.79,39.01,39.60,7613
REG,20101004,39.60,40.69,39.39,40.60,8320
REG,20101005,41.22,41.53,40.70,41.21,7906
REG,20101006,41.12,41.39,40.78,41.21,7101
REG,20101007,41.32,41.47,41.13,41.23,5343
REG,20101008,41.22,41.44,40.81,41.22,8375
REG,20101011,41.24,41.57,41.12,41.31,3209
REG,20101012,40.99,41.56,40.83,41.46,6686
REG,20101013,41.66,42.43,41.57,42.18,8318
REG,20101014,42.12,42.33,41.75,41.92,5527
REG,20101015,42.36,42.53,41.87,41.93,7162
REG,20101018,42.07,42.18,41.75,42.18,9458
REG,20101019,41.52,42.58,41.50,41.94,8567
REG,20101020,42.13,43.00,42.01,42.74,8630
REG,20101021,42.86,43.17,42.48,42.76,4583
REG,20101022,42.92,42.98,42.42,42.93,4374
REG,20101025,43.25,43.30,42.74,42.79,6912
REG,20101026,42.51,42.69,42.14,42.47,7974
REG,20101027,42.25,42.60,41.82,42.25,7568
REG,20101028,42.65,42.88,42.10,42.37,5019
REG,20101029,42.25,42.63,42.15,42.18,4397
REG,20101101,42.40,43.25,42.34,42.77,7144
REG,20101102,43.43,43.82,43.10,43.60,10114
REG,20101103,43.49,43.71,43.04,43.50,8572
REG,20101104,44.25,44.25,43.11,43.69,16935
REG,20101105,43.64,44.95,43.47,44.80,11000
REG,20101108,44.78,44.81,44.13,44.47,6343
REG,20101109,44.52,44.57,42.35,42.59,8902
REG,20101110,42.98,43.32,42.60,43.27,6124
REG,20101111,42.84,43.57,42.83,43.08,4022
REG,20101112,43.08,43.40,42.05,42.07,9383
REG,20101115,41.93,42.20,41.48,41.57,5733
REG,20101116,41.35,41.44,39.89,40.19,8371
REG,20101117,40.40,41.04,40.29,40.80,5481
REG,20101118,41.33,41.67,40.99,41.09,4953
REG,20101119,41.42,41.79,40.86,41.36,7779
REG,20101122,41.24,41.61,40.80,41.03,6372
REG,20101123,40.59,40.89,40.48,40.70,4724
REG,20101124,40.93,41.75,40.93,41.66,5395
REG,20101126,41.47,41.66,41.20,41.42,1653
REG,20101129,41.28,41.56,40.69,41.41,4684
REG,20101130,41.07,41.19,40.55,40.72,8630
REG,20101201,41.23,41.29,40.60,41.05,9104
REG,20101202,41.18,41.82,41.05,41.75,7883
REG,20101203,41.60,41.74,41.10,41.55,5617
REG,20101206,41.41,42.00,41.08,41.95,5054
REG,20101207,42.33,42.52,42.06,42.51,11590
REG,20101208,42.55,42.67,41.68,41.92,10253
REG,20101209,42.14,42.29,41.21,41.34,6384
REG,20101210,41.39,41.69,41.12,41.45,7749
REG,20101213,41.59,41.64,40.99,41.16,6342
REG,20101214,41.19,41.64,40.39,40.55,7338
REG,20101215,40.44,40.87,39.95,40.17,8450
REG,20101216,40.23,40.61,40.12,40.21,7246
REG,20101217,40.21,40.84,40.20,40.73,10643
REG,20101220,40.85,41.46,40.65,41.09,5251
REG,20101221,41.32,41.43,40.96,41.27,6799
REG,20101222,41.12,42.26,41.04,41.65,4980
REG,20101223,41.67,41.77,41.15,41.17,4327
REG,20101227,41.21,41.70,40.77,41.62,5486
REG,20101228,41.69,42.04,41.25,41.83,5805
REG,20101229,41.95,42.09,41.60,41.95,4922
REG,20101230,42.02,42.41,41.90,42.15,4039
REG,20101231,42.12,42.67,42.01,42.24,6013
REG,20110103,42.57,43.16,42.57,43.04,5971
REG,20110104,43.20,43.28,41.66,41.93,7994
REG,20110105,41.77,42.41,41.73,42.15,10742
REG,20110106,42.35,42.52,41.90,41.95,9355
REG,20110107,42.02,42.21,41.32,41.53,7736
