SFD,20090115,12.10,12.85,11.46,12.68,30971
SFD,20090116,12.83,13.22,12.46,12.72,15967
SFD,20090120,12.65,12.80,11.68,11.69,27070
SFD,20090121,11.89,12.06,11.39,12.00,24528
SFD,20090122,11.76,12.21,11.40,12.07,16257
SFD,20090123,11.76,12.18,11.38,12.01,16615
SFD,20090126,12.09,12.75,11.81,12.24,13867
SFD,20090127,12.33,12.88,12.31,12.79,29602
SFD,20090128,12.95,13.38,12.87,13.15,17847
SFD,20090129,13.05,13.05,12.14,12.36,14177
SFD,20090130,12.42,12.71,11.64,11.87,14911
SFD,20090202,11.73,11.95,11.36,11.72,12714
SFD,20090203,11.65,11.78,11.26,11.63,17521
SFD,20090204,11.67,11.76,11.36,11.40,22969
SFD,20090205,11.31,11.40,10.73,11.12,18506
SFD,20090206,11.10,11.47,10.92,11.27,15262
SFD,20090209,11.27,11.64,10.78,10.88,16903
SFD,20090210,10.88,11.26,10.55,10.65,15945
SFD,20090211,10.65,10.94,10.43,10.68,13763
SFD,20090212,10.35,10.82,10.05,10.24,32712
SFD,20090213,9.93,9.93,9.25,9.57,23722
SFD,20090217,9.19,10.24,8.77,8.87,23923
SFD,20090218,8.89,8.92,8.31,8.43,32167
SFD,20090219,8.42,8.53,7.64,7.67,23173
SFD,20090220,6.76,7.51,6.76,7.18,33206
SFD,20090223,7.18,7.64,7.02,7.04,29827
SFD,20090224,7.11,7.41,6.96,7.28,22960
SFD,20090225,7.26,7.26,6.59,6.79,26592
SFD,20090226,7.06,7.96,7.06,7.70,36818
SFD,20090227,7.59,8.27,7.42,7.85,51339
SFD,20090302,7.72,7.76,6.79,6.79,34212
SFD,20090303,6.85,7.04,6.52,6.66,18994
SFD,20090304,6.74,7.15,6.68,6.89,16300
SFD,20090305,6.69,6.82,5.85,5.91,24268
SFD,20090306,5.93,6.17,5.72,5.93,25707
SFD,20090309,6.24,6.24,5.55,5.60,29313
SFD,20090310,5.74,6.24,5.72,6.01,43188
SFD,20090311,6.04,6.17,5.88,5.95,25937
SFD,20090312,6.50,7.97,6.50,7.97,77728
SFD,20090313,7.93,8.37,7.05,8.16,66081
SFD,20090316,8.30,8.94,8.12,8.26,27668
SFD,20090317,8.22,8.86,8.16,8.56,33024
SFD,20090318,8.50,8.95,8.40,8.78,27836
SFD,20090319,8.95,9.04,8.23,8.29,32638
SFD,20090320,8.32,8.50,7.72,8.35,25506
SFD,20090323,8.59,9.51,8.59,9.51,37866
SFD,20090324,9.31,9.72,9.27,9.45,17594
SFD,20090325,9.35,10.00,9.15,9.58,23484
SFD,20090326,9.86,10.24,9.62,10.23,22653
SFD,20090327,10.05,10.10,9.56,9.69,15422
SFD,20090330,9.48,9.58,8.69,8.85,19594
SFD,20090331,8.97,9.63,8.92,9.46,19527
SFD,20090401,9.21,9.91,9.01,9.70,23814
SFD,20090402,9.92,10.47,9.92,10.25,24920
SFD,20090403,10.25,10.65,10.16,10.65,13966
SFD,20090406,10.22,10.55,10.16,10.46,15789
SFD,20090407,10.18,10.66,10.16,10.33,18738
SFD,20090408,10.45,10.76,10.42,10.68,10363
SFD,20090409,10.92,11.62,10.92,11.59,18120
SFD,20090413,11.42,11.83,11.30,11.52,17546
SFD,20090414,11.56,11.68,10.44,10.82,31567
SFD,20090415,10.76,11.17,10.61,11.08,19041
SFD,20090416,11.17,11.17,10.65,10.70,25086
SFD,20090417,10.68,10.75,10.39,10.59,51004
SFD,20090420,10.35,10.45,9.72,9.74,22430
SFD,20090421,9.70,9.99,9.51,9.90,27717
SFD,20090422,9.82,10.82,9.81,10.33,63097
SFD,20090423,10.40,10.69,10.04,10.55,28330
SFD,20090424,10.66,10.85,10.15,10.32,37753
SFD,20090427,8.76,9.48,8.69,9.04,89577
SFD,20090428,9.35,9.78,9.01,9.44,57852
SFD,20090429,9.37,9.52,8.90,9.16,60710
SFD,20090430,9.26,9.36,8.45,8.64,52662
SFD,20090501,8.78,9.12,8.52,8.61,58139
SFD,20090504,9.00,9.89,8.80,9.87,65224
SFD,20090505,9.79,12.84,9.73,12.25,168615
SFD,20090506,12.20,12.25,11.50,11.58,76572
SFD,20090507,11.69,12.18,11.41,11.75,55466
SFD,20090508,11.83,12.46,11.50,12.46,33417
SFD,20090511,12.27,12.28,11.86,12.01,21003
SFD,20090512,12.08,12.22,11.76,12.01,22386
SFD,20090513,11.81,11.81,11.01,11.34,25328
SFD,20090514,11.22,12.04,10.99,11.91,24656
SFD,20090515,11.87,12.16,11.58,11.72,23300
SFD,20090518,12.15,12.74,11.72,12.62,26467
SFD,20090519,12.64,13.26,12.35,13.08,32457
SFD,20090520,13.17,13.76,13.04,13.41,29248
SFD,20090521,13.15,13.42,12.85,13.34,27630
SFD,20090522,13.38,13.39,12.94,13.07,10650
SFD,20090526,12.99,13.47,12.76,13.29,20080
SFD,20090527,13.22,13.56,13.07,13.10,20736
SFD,20090528,13.10,13.41,12.45,12.87,24922
SFD,20090529,12.77,13.00,12.22,12.43,29128
SFD,20090601,12.73,13.32,12.55,13.11,19948
SFD,20090602,13.07,13.23,12.80,13.14,17629
SFD,20090603,13.00,13.39,12.13,12.56,18652
SFD,20090604,12.56,12.89,12.08,12.42,17061
SFD,20090605,12.53,12.70,11.79,11.99,34855
SFD,20090608,11.84,12.16,11.64,12.01,20712
SFD,20090609,11.78,12.23,11.78,12.16,17311
SFD,20090610,12.24,12.39,11.54,11.74,28578
SFD,20090611,11.70,12.11,11.70,11.82,18089
SFD,20090612,11.80,12.16,11.71,11.92,21247
SFD,20090615,11.72,11.75,11.03,11.18,44677
SFD,20090616,11.34,11.45,10.61,10.64,53998
SFD,20090617,10.58,10.88,10.23,10.79,30561
SFD,20090618,10.75,12.05,10.68,11.99,39243
SFD,20090619,12.10,12.89,11.97,12.84,45592
SFD,20090622,12.79,12.89,11.89,12.12,39807
SFD,20090623,12.15,12.53,12.03,12.49,37689
SFD,20090624,12.72,13.32,12.60,13.04,40830
SFD,20090625,13.14,13.65,13.08,13.41,32462
SFD,20090626,13.36,13.82,12.97,13.73,44768
SFD,20090629,13.76,14.30,13.59,13.81,38623
SFD,20090630,13.86,14.05,13.45,13.97,25476
SFD,20090701,14.07,14.39,13.89,14.14,31633
SFD,20090702,13.95,14.05,13.60,13.70,23853
SFD,20090706,13.56,13.80,13.08,13.30,35143
SFD,20090707,13.25,13.39,13.07,13.14,32575
SFD,20090708,13.09,13.25,12.71,13.06,28011
SFD,20090709,13.13,13.28,12.99,13.08,19243
SFD,20090710,13.00,13.42,12.90,13.20,16690
SFD,20090713,13.03,13.54,13.03,13.33,25472
SFD,20090714,13.36,13.41,13.20,13.27,15858
SFD,20090715,13.38,13.66,13.34,13.64,31249
SFD,20090716,13.57,14.16,13.54,14.09,19549
SFD,20090717,13.43,13.58,12.83,13.28,29047
SFD,20090720,13.32,13.55,12.83,13.19,18571
SFD,20090721,13.27,13.54,12.65,12.90,16266
SFD,20090722,12.87,13.00,12.68,12.85,8692
SFD,20090723,12.82,13.39,12.61,13.24,14165
SFD,20090724,13.22,14.05,13.19,13.86,16492
SFD,20090727,13.75,13.95,13.47,13.62,9082
SFD,20090728,13.57,14.01,13.50,13.99,11840
SFD,20090729,13.90,14.11,13.70,13.76,15845
SFD,20090730,13.86,14.05,13.76,13.81,10251
SFD,20090731,13.69,13.90,13.41,13.55,13512
SFD,20090803,13.76,13.88,13.08,13.13,19824
SFD,20090804,13.06,13.35,12.84,12.92,17741
SFD,20090805,12.92,13.01,12.51,12.61,24970
SFD,20090806,12.74,13.10,12.67,12.70,15959
SFD,20090807,12.83,13.02,12.64,12.65,20514
SFD,20090810,12.55,12.55,12.17,12.31,26212
SFD,20090811,12.14,12.25,11.54,11.57,30704
SFD,20090812,11.71,12.18,11.55,11.70,30054
SFD,20090813,11.75,11.78,11.36,11.55,25671
SFD,20090814,11.55,11.96,11.51,11.93,28243
SFD,20090817,11.78,11.86,11.50,11.58,20829
SFD,20090818,11.58,11.94,11.58,11.86,15376
SFD,20090819,11.67,11.78,11.50,11.75,27266
SFD,20090820,11.70,12.03,11.64,12.00,14115
SFD,20090821,12.07,12.25,12.00,12.20,16714
SFD,20090824,12.21,12.52,12.01,12.52,30451
SFD,20090825,12.58,12.67,12.47,12.51,18743
SFD,20090826,12.45,12.62,12.30,12.43,8752
SFD,20090827,12.45,12.45,12.00,12.33,23259
SFD,20090828,12.39,12.61,12.27,12.34,12925
SFD,20090831,12.25,12.40,12.07,12.27,13446
SFD,20090901,12.16,12.63,12.14,12.37,40716
SFD,20090902,12.23,12.51,12.19,12.40,18298
SFD,20090903,12.53,12.79,12.31,12.73,17073
SFD,20090904,12.75,13.28,12.71,13.04,23330
SFD,20090908,12.45,13.35,12.45,12.75,30892
SFD,20090909,12.78,13.14,12.61,13.13,28666
SFD,20090910,12.95,14.41,12.93,14.35,49987
SFD,20090911,14.37,14.56,14.10,14.39,33508
SFD,20090914,14.30,14.34,13.97,14.30,20639
SFD,20090915,13.63,13.90,13.36,13.69,55126
SFD,20090916,13.65,14.26,13.27,14.18,26494
SFD,20090917,13.88,14.04,13.65,13.71,166319
SFD,20090918,13.71,14.05,13.48,13.89,66276
SFD,20090921,13.75,13.90,13.44,13.84,26319
SFD,20090922,13.90,13.95,13.58,13.83,25268
SFD,20090923,13.91,13.94,13.62,13.67,22229
SFD,20090924,13.73,13.73,13.32,13.47,36048
SFD,20090925,13.48,13.57,13.32,13.46,29919
SFD,20090928,13.56,13.68,13.31,13.46,19960
SFD,20090929,13.50,13.75,13.33,13.70,17266
SFD,20090930,13.75,13.97,13.31,13.80,56589
SFD,20091001,13.77,13.77,12.55,12.62,118964
SFD,20091002,12.56,12.89,12.15,12.64,58283
SFD,20091005,12.73,13.16,12.49,13.05,47254
SFD,20091006,13.18,13.21,12.94,13.01,21401
SFD,20091007,12.94,13.29,12.94,13.25,17295
SFD,20091008,13.36,13.37,13.01,13.36,22063
SFD,20091009,13.37,14.78,13.27,14.65,80237
SFD,20091012,14.60,14.60,14.26,14.39,28556
SFD,20091013,14.39,14.48,13.83,14.05,26563
SFD,20091014,14.27,14.29,13.90,14.08,18748
SFD,20091015,14.01,14.19,13.79,14.18,22270
SFD,20091016,14.10,14.28,13.97,14.09,23292
SFD,20091019,14.07,14.21,13.93,13.95,21526
SFD,20091020,14.10,14.11,13.58,13.78,25262
SFD,20091021,13.72,14.18,13.67,13.67,15644
SFD,20091022,13.63,14.03,13.23,13.93,21704
SFD,20091023,13.99,14.10,13.76,13.92,22007
SFD,20091026,13.94,14.21,13.58,13.64,17518
SFD,20091027,13.71,13.84,13.35,13.39,20254
SFD,20091028,13.27,13.45,13.08,13.22,25037
SFD,20091029,13.25,14.09,13.25,14.02,34999
SFD,20091030,13.95,14.01,13.26,13.34,21758
SFD,20091102,13.45,13.64,13.20,13.54,16294
SFD,20091103,13.46,13.61,13.34,13.48,14682
SFD,20091104,13.62,13.95,13.38,13.41,13069
SFD,20091105,13.59,13.85,13.52,13.82,13084
SFD,20091106,13.65,14.00,13.48,13.76,7218
SFD,20091109,13.92,14.79,13.91,14.77,27228
SFD,20091110,14.65,15.68,14.59,15.63,43572
SFD,20091111,16.02,17.34,15.92,17.12,78484
SFD,20091112,16.81,17.62,16.69,16.79,31968
SFD,20091113,16.60,17.03,16.36,16.96,22940
SFD,20091116,17.15,17.26,16.85,17.09,29250
SFD,20091117,17.09,17.25,16.82,17.02,22089
SFD,20091118,17.02,17.18,16.57,16.72,25559
SFD,20091119,16.61,16.61,16.06,16.43,21481
SFD,20091120,16.39,16.49,16.09,16.22,25700
SFD,20091123,16.40,16.65,16.12,16.22,19515
SFD,20091124,16.10,16.21,15.81,15.93,15811
SFD,20091125,15.98,16.01,15.78,15.97,10957
SFD,20091127,15.61,15.83,15.26,15.51,6697
SFD,20091130,15.58,15.58,15.08,15.48,19703
SFD,20091201,15.67,15.94,15.51,15.90,14864
SFD,20091202,15.92,16.01,15.76,15.94,14201
SFD,20091203,16.03,16.19,15.80,15.80,15332
SFD,20091204,16.10,16.33,15.77,16.27,15024
SFD,20091207,16.19,16.37,16.05,16.16,16463
SFD,20091208,16.13,16.97,16.02,16.68,35143
SFD,20091209,16.94,17.27,16.66,16.86,37034
SFD,20091210,17.48,17.48,16.02,16.33,40976
SFD,20091211,16.48,16.76,16.40,16.46,20467
SFD,20091214,16.52,16.67,16.19,16.30,19373
SFD,20091215,16.18,16.30,16.02,16.07,13819
SFD,20091216,16.23,16.50,16.12,16.23,17112
SFD,20091217,16.09,16.15,15.62,15.70,17429
SFD,20091218,15.75,15.88,15.40,15.63,16376
SFD,20091221,15.67,16.16,15.64,16.00,18606
SFD,20091222,16.01,16.30,15.91,16.05,18068
SFD,20091223,16.04,16.48,15.99,16.06,9609
SFD,20091224,16.06,16.21,15.81,15.92,7146
SFD,20091228,16.00,16.19,15.79,16.07,6963
SFD,20091229,16.14,16.14,15.82,15.90,5381
SFD,20091230,15.76,15.84,15.50,15.60,8514
SFD,20091231,15.60,15.60,15.18,15.19,18316
SFD,20100104,15.40,15.47,15.23,15.30,32665
SFD,20100105,15.38,16.22,15.30,16.17,23849
SFD,20100106,16.16,16.83,16.16,16.62,31295
SFD,20100107,16.60,16.95,16.60,16.85,16130
SFD,20100108,16.82,16.95,16.12,16.64,24562
SFD,20100111,16.74,16.84,16.35,16.41,11977
SFD,20100112,16.23,16.42,16.07,16.41,18466
SFD,20100113,16.44,17.05,16.44,16.96,26936
SFD,20100114,17.01,17.04,16.54,16.58,22553
SFD,20100115,16.59,16.73,16.26,16.39,20480
SFD,20100119,16.39,16.82,16.28,16.60,22701
SFD,20100120,16.46,16.81,16.30,16.76,19728
SFD,20100121,16.73,16.94,16.39,16.70,25752
SFD,20100122,16.65,16.69,16.13,16.13,20530
SFD,20100125,16.33,16.34,15.74,16.04,14535
SFD,20100126,15.99,15.99,15.46,15.55,21565
SFD,20100127,15.50,15.80,15.35,15.73,13956
SFD,20100128,15.80,15.81,15.29,15.32,8807
SFD,20100129,15.43,15.51,15.03,15.06,10524
SFD,20100201,15.16,15.44,14.96,15.39,10247
SFD,20100202,15.41,15.76,15.23,15.73,14944
SFD,20100203,15.58,15.59,15.23,15.27,7584
SFD,20100204,15.14,15.19,14.90,14.96,12222
SFD,20100205,15.05,15.38,14.70,15.18,18931
SFD,20100208,15.22,15.27,14.87,15.12,12906
SFD,20100209,15.34,15.49,15.05,15.38,14996
SFD,20100210,15.38,15.55,15.22,15.54,11956
SFD,20100211,15.46,16.32,15.45,16.30,26308
SFD,20100212,16.04,16.45,15.96,16.43,18209
SFD,20100216,16.58,16.79,16.45,16.62,12889
SFD,20100217,16.72,16.87,16.49,16.59,10852
SFD,20100218,16.61,16.98,16.61,16.85,12619
SFD,20100219,16.77,16.95,16.65,16.87,19929
SFD,20100222,17.01,17.10,16.78,16.84,11496
SFD,20100223,16.74,16.91,16.49,16.73,11450
SFD,20100224,16.69,16.94,16.65,16.72,20736
SFD,20100225,16.46,16.95,16.38,16.92,37224
SFD,20100226,16.90,17.26,16.82,17.21,14821
SFD,20100301,17.25,17.87,17.20,17.86,17175
SFD,20100302,17.99,18.81,17.93,18.76,31941
SFD,20100303,18.84,19.03,18.55,18.98,20839
SFD,20100304,18.95,19.86,18.90,19.45,42465
SFD,20100305,19.63,19.63,18.88,19.09,36327
SFD,20100308,19.18,19.30,18.96,19.02,18039
SFD,20100309,18.99,19.23,18.74,18.90,30531
SFD,20100310,18.84,19.25,18.64,18.99,27229
SFD,20100311,19.44,19.63,18.74,19.23,38092
SFD,20100312,19.33,19.35,18.49,18.69,20249
SFD,20100315,18.70,18.70,18.27,18.42,15671
SFD,20100316,18.52,18.64,18.37,18.53,11379
SFD,20100317,18.54,18.72,18.34,18.45,11253
SFD,20100318,18.41,19.37,18.32,19.01,34674
SFD,20100319,19.36,19.64,19.18,19.31,25610
SFD,20100322,19.21,19.64,19.10,19.61,19645
SFD,20100323,19.61,19.88,19.24,19.83,14710
SFD,20100324,19.69,20.30,19.63,20.21,23738
SFD,20100325,20.32,20.35,19.78,20.15,20911
SFD,20100326,20.25,20.79,20.02,20.67,36805
SFD,20100329,20.74,20.86,20.26,20.77,16898
SFD,20100330,20.96,20.96,20.51,20.78,8776
SFD,20100331,20.73,21.02,20.57,20.74,13656
SFD,20100401,20.93,21.00,20.62,20.77,12705
SFD,20100405,20.89,21.38,20.31,21.08,21060
SFD,20100406,21.04,21.36,21.00,21.35,15696
SFD,20100407,21.36,21.38,20.74,20.82,26798
SFD,20100408,20.71,20.71,20.36,20.47,30469
SFD,20100409,20.43,20.50,19.98,20.06,24191
SFD,20100412,20.03,20.15,19.81,19.95,21889
SFD,20100413,19.95,20.23,19.65,20.22,18982
SFD,20100414,20.27,20.67,20.00,20.51,19410
SFD,20100415,20.55,21.48,20.20,21.27,26010
SFD,20100416,21.19,21.35,20.58,20.78,17512
SFD,20100419,20.69,20.75,20.25,20.62,17374
SFD,20100420,20.72,20.79,20.52,20.67,10927
SFD,20100421,20.58,20.96,20.03,20.04,35982
SFD,20100422,19.95,19.95,19.09,19.45,55435
SFD,20100423,19.42,19.58,19.22,19.45,30280
SFD,20100426,19.39,19.81,19.35,19.69,21189
SFD,20100427,19.64,19.75,18.72,18.80,28405
SFD,20100428,18.95,19.08,18.84,18.94,25212
SFD,20100429,19.20,19.54,18.88,19.09,21420
SFD,20100430,19.15,19.19,18.62,18.74,23151
SFD,20100503,18.84,19.17,18.76,18.90,28235
SFD,20100504,18.64,19.05,18.50,18.70,23289
SFD,20100505,18.54,18.80,18.28,18.71,17232
SFD,20100506,18.56,18.60,16.00,17.60,47790
SFD,20100507,17.47,18.14,16.99,17.02,45601
SFD,20100510,17.82,18.39,17.79,18.29,27819
SFD,20100511,18.04,18.56,17.81,18.36,31227
SFD,20100512,18.41,18.87,18.41,18.84,16956
SFD,20100513,18.74,18.88,18.42,18.43,25268
SFD,20100514,18.27,18.34,18.01,18.24,20218
SFD,20100517,18.28,18.52,17.91,18.41,17292
SFD,20100518,18.63,18.63,17.93,17.94,30669
SFD,20100519,17.94,18.05,17.56,17.71,22666
SFD,20100520,17.26,17.33,16.36,16.74,56632
SFD,20100521,16.45,17.07,16.31,17.00,17907
SFD,20100524,16.90,17.38,16.76,16.88,23792
SFD,20100525,16.41,16.80,16.02,16.79,23347
SFD,20100526,16.88,17.31,16.66,16.66,20847
SFD,20100527,17.04,17.41,16.93,17.41,21653
SFD,20100528,17.34,17.57,17.15,17.24,14553
SFD,20100601,16.94,17.47,16.87,16.87,13936
SFD,20100602,17.11,17.79,17.00,17.78,17204
SFD,20100603,17.79,17.91,17.46,17.87,22695
SFD,20100604,17.39,17.60,16.94,17.03,16083
SFD,20100607,17.08,17.17,16.61,16.66,14907
SFD,20100608,16.75,16.79,16.06,16.41,28464
SFD,20100609,16.60,17.20,16.48,16.76,17935
SFD,20100610,17.10,17.28,16.23,16.28,33873
SFD,20100611,16.10,17.07,16.04,17.05,22766
SFD,20100614,17.26,17.46,16.85,17.15,17926
SFD,20100615,17.23,17.58,17.20,17.57,12803
SFD,20100616,17.43,17.72,17.34,17.52,17381
SFD,20100617,17.40,17.70,16.21,16.35,51448
SFD,20100618,16.38,16.53,15.74,15.79,42291
SFD,20100621,15.99,16.22,15.23,15.43,28061
SFD,20100622,15.34,15.75,15.22,15.24,20790
SFD,20100623,15.25,15.34,15.05,15.05,18254
SFD,20100624,14.88,15.38,14.73,15.10,21427
SFD,20100625,15.19,15.34,14.99,15.08,20865
SFD,20100628,15.14,15.23,14.86,14.88,14545
SFD,20100629,15.50,16.20,14.99,15.08,74433
SFD,20100630,15.07,15.99,14.65,14.90,41171
SFD,20100701,14.86,14.95,14.28,14.60,40317
SFD,20100702,14.62,14.72,13.97,14.25,25504
SFD,20100706,14.50,15.10,14.12,14.18,35969
SFD,20100707,14.16,14.18,13.34,13.91,49508
SFD,20100708,14.13,15.04,14.00,14.69,51367
SFD,20100709,14.70,14.96,14.63,14.74,25652
SFD,20100712,14.66,14.91,14.56,14.76,15848
SFD,20100713,14.96,15.21,14.76,15.15,21817
SFD,20100714,14.97,15.28,14.86,15.23,16483
SFD,20100715,15.23,15.29,14.85,14.97,17331
SFD,20100716,14.90,14.95,14.06,14.08,21765
SFD,20100719,14.22,14.25,13.89,14.16,12128
SFD,20100720,13.94,14.14,13.92,14.02,17301
SFD,20100721,14.21,14.27,13.78,13.79,20475
SFD,20100722,13.96,14.44,13.90,14.26,17136
SFD,20100723,14.16,14.42,14.08,14.40,11562
SFD,20100726,14.42,14.64,14.30,14.54,14958
SFD,20100727,14.64,14.98,14.57,14.94,17817
SFD,20100728,14.85,14.88,14.45,14.49,22433
SFD,20100729,14.47,14.54,13.93,14.07,26428
SFD,20100730,13.88,14.35,13.83,14.25,16372
SFD,20100802,14.48,14.71,14.24,14.64,21395
SFD,20100803,14.67,14.70,14.27,14.36,15361
SFD,20100804,14.65,14.94,14.42,14.92,24414
SFD,20100805,14.74,14.93,14.14,14.44,35795
SFD,20100806,14.58,15.09,14.43,14.86,27955
SFD,20100809,15.27,15.44,14.94,15.02,22011
SFD,20100810,14.83,15.05,14.75,14.89,14109
SFD,20100811,14.60,14.72,14.25,14.31,18003
SFD,20100812,14.13,14.55,14.04,14.41,9589
SFD,20100813,14.44,14.80,14.27,14.78,13534
SFD,20100816,14.75,15.08,14.65,15.08,22363
SFD,20100817,15.11,15.24,14.79,14.81,17970
SFD,20100818,14.84,15.29,14.73,15.26,17816
SFD,20100819,15.19,15.31,14.85,15.13,20855
SFD,20100820,15.12,15.38,14.97,15.36,14550
SFD,20100823,15.44,15.95,15.42,15.73,28049
SFD,20100824,15.43,15.55,15.14,15.35,23854
SFD,20100825,15.28,15.65,15.08,15.55,13630
SFD,20100826,15.64,15.95,15.55,15.66,17946
SFD,20100827,15.83,16.34,15.60,16.32,17114
SFD,20100830,16.26,16.38,15.99,16.03,18639
SFD,20100831,15.89,16.43,15.79,16.13,22968
SFD,20100901,16.35,16.58,16.17,16.54,23512
SFD,20100902,16.62,16.81,16.32,16.37,20775
SFD,20100903,16.62,16.74,16.37,16.72,16856
SFD,20100907,16.51,16.62,16.08,16.30,28150
SFD,20100908,16.67,17.18,16.48,16.52,42832
SFD,20100909,16.80,17.00,16.72,16.93,24557
SFD,20100910,16.62,17.09,16.55,16.83,22591
SFD,20100913,16.99,17.26,16.98,17.16,14563
SFD,20100914,17.07,17.16,16.73,16.88,23473
SFD,20100915,16.89,17.34,16.82,17.18,20042
SFD,20100916,17.08,17.31,16.83,17.07,17593
SFD,20100917,17.01,17.12,16.13,16.64,72421
SFD,20100920,16.60,17.00,16.37,16.91,20893
SFD,20100921,16.85,16.86,16.51,16.60,16148
SFD,20100922,16.62,16.72,16.04,16.14,18562
SFD,20100923,15.93,16.36,15.85,16.01,13911
SFD,20100924,16.27,16.61,16.25,16.45,15084
SFD,20100927,16.41,16.58,16.00,16.48,16121
SFD,20100928,16.45,16.87,16.17,16.83,19194
SFD,20100929,16.67,17.21,16.66,16.99,22283
SFD,20100930,17.22,17.22,16.72,16.83,29082
SFD,20101001,17.05,17.07,16.60,16.87,16188
SFD,20101004,16.92,17.03,16.43,16.45,12628
SFD,20101005,16.63,16.73,16.49,16.60,13779
SFD,20101006,16.67,16.69,16.34,16.43,8134
SFD,20101007,16.47,16.52,15.96,16.05,21738
SFD,20101008,15.85,15.94,14.83,14.97,74353
SFD,20101011,14.92,15.29,14.82,15.16,31886
SFD,20101012,15.27,15.84,15.15,15.62,35489
SFD,20101013,15.94,16.24,15.69,16.14,29125
SFD,20101014,16.21,16.64,16.09,16.58,34154
SFD,20101015,16.72,16.89,16.43,16.86,28059
SFD,20101018,16.76,16.82,16.56,16.74,16535
SFD,20101019,16.51,16.68,16.40,16.52,17041
SFD,20101020,16.58,16.63,16.42,16.47,22792
SFD,20101021,16.50,16.53,16.32,16.49,18117
SFD,20101022,16.57,16.93,16.51,16.86,13710
SFD,20101025,16.91,16.99,16.58,16.69,16131
SFD,20101026,16.61,16.86,16.41,16.82,11181
SFD,20101027,16.63,16.79,16.49,16.77,12515
SFD,20101028,16.87,16.97,16.83,16.92,13496
SFD,20101029,16.89,16.97,16.74,16.75,11395
SFD,20101101,16.82,17.00,16.56,16.80,15473
SFD,20101102,16.93,16.99,16.74,16.86,8790
SFD,20101103,16.85,17.12,16.60,16.78,17732
SFD,20101104,16.93,17.36,16.68,17.22,23674
SFD,20101105,17.23,17.23,16.77,16.81,15703
SFD,20101108,16.91,17.07,16.80,17.07,14379
SFD,20101109,16.89,17.00,16.66,16.82,16696
SFD,20101110,16.83,16.99,16.69,16.99,7519
SFD,20101111,16.82,16.91,16.61,16.89,11824
SFD,20101112,16.74,17.15,16.60,16.66,8974
SFD,20101115,16.84,16.88,16.54,16.54,8341
SFD,20101116,16.41,16.51,15.93,16.43,22932
SFD,20101117,16.40,16.82,16.33,16.71,11004
SFD,20101118,16.96,17.61,16.86,17.42,42558
SFD,20101119,17.43,17.85,17.35,17.75,17342
SFD,20101122,17.71,17.97,17.61,17.92,19269
SFD,20101123,17.73,17.80,17.49,17.52,15421
SFD,20101124,17.69,17.80,17.57,17.79,7688
SFD,20101126,17.68,17.91,17.61,17.82,4144
SFD,20101129,17.69,17.69,17.11,17.53,16256
SFD,20101130,17.34,17.69,17.28,17.61,15003
SFD,20101201,17.82,17.91,17.64,17.78,11609
SFD,20101202,17.84,17.98,17.74,17.96,18847
SFD,20101203,17.89,18.19,17.81,18.10,12151
SFD,20101206,18.14,18.17,17.84,17.85,8026
SFD,20101207,18.22,18.41,17.69,17.72,37608
SFD,20101208,17.88,17.93,17.58,17.70,24158
SFD,20101209,18.80,19.74,18.69,19.70,90776
SFD,20101210,19.77,20.67,19.66,20.28,53075
SFD,20101213,20.58,20.61,19.91,20.05,32277
SFD,20101214,19.99,20.10,19.84,19.95,23924
SFD,20101215,19.96,20.22,19.79,19.96,31335
SFD,20101216,20.26,20.50,19.94,20.10,40563
SFD,20101217,20.12,20.40,20.06,20.30,20714
SFD,20101220,20.43,20.69,20.34,20.65,23633
SFD,20101221,20.82,20.89,20.48,20.80,17919
SFD,20101222,20.74,21.17,20.70,21.05,24634
SFD,20101223,21.04,21.12,20.96,21.00,11394
SFD,20101227,20.95,21.06,20.82,20.90,12677
SFD,20101228,20.97,21.00,20.79,20.83,14335
SFD,20101229,20.88,21.14,20.85,21.11,12277
SFD,20101230,21.14,21.25,20.82,20.84,8131
SFD,20101231,20.78,20.94,20.58,20.63,9942
SFD,20110103,20.65,20.65,19.93,19.97,31875
SFD,20110104,19.95,20.10,19.64,19.77,23865
SFD,20110105,19.73,20.15,19.61,20.10,19471
SFD,20110106,20.13,20.29,19.80,20.05,25790
SFD,20110107,20.15,20.18,19.29,19.43,30852
