STEC,20090115,4.26,4.37,4.14,4.37,3474
STEC,20090116,4.35,4.42,4.18,4.33,3695
STEC,20090120,4.32,4.33,4.09,4.13,2445
STEC,20090121,4.17,4.30,4.14,4.24,2383
STEC,20090122,4.18,4.22,4.00,4.12,2590
STEC,20090123,4.07,4.41,4.04,4.37,2134
STEC,20090126,4.36,4.53,4.26,4.42,1956
STEC,20090127,4.42,4.56,4.28,4.49,1286
STEC,20090128,4.54,4.66,4.47,4.65,1781
STEC,20090129,4.62,4.62,4.40,4.45,1183
STEC,20090130,4.41,4.50,4.39,4.48,2402
STEC,20090202,4.46,4.50,4.13,4.18,2548
STEC,20090203,4.19,4.20,3.70,3.87,7073
STEC,20090204,3.86,4.16,3.84,4.12,3229
STEC,20090205,4.12,4.48,4.02,4.41,3574
STEC,20090206,4.41,4.65,4.28,4.65,3845
STEC,20090209,4.60,4.84,4.51,4.80,3315
STEC,20090210,4.76,4.99,4.64,4.64,6256
STEC,20090211,4.64,4.71,4.47,4.55,1589
STEC,20090212,4.49,4.61,4.39,4.57,2307
STEC,20090213,4.51,4.80,4.42,4.76,2247
STEC,20090217,4.64,4.83,4.54,4.78,4977
STEC,20090218,4.81,4.86,4.64,4.77,1616
STEC,20090219,4.79,5.24,4.78,5.11,5001
STEC,20090220,5.05,5.30,5.00,5.14,4112
STEC,20090223,5.15,5.28,4.97,5.02,2830
STEC,20090224,5.08,5.14,4.92,5.07,4653
STEC,20090225,5.03,5.49,4.97,5.34,6382
STEC,20090226,5.35,5.62,5.29,5.37,6111
STEC,20090227,5.31,5.73,5.30,5.64,8808
STEC,20090302,5.57,5.68,5.34,5.46,5098
STEC,20090303,5.50,5.58,5.25,5.39,4752
STEC,20090304,5.46,5.69,5.43,5.57,2030
STEC,20090305,5.57,5.64,5.33,5.41,2048
STEC,20090306,5.46,5.53,5.12,5.32,3247
STEC,20090309,5.30,5.43,5.10,5.21,2111
STEC,20090310,5.22,5.87,5.22,5.72,5553
STEC,20090311,5.77,6.46,5.75,6.13,6117
STEC,20090312,6.10,6.24,5.90,6.20,6404
STEC,20090313,7.60,7.80,7.28,7.35,34448
STEC,20090316,7.26,7.89,7.11,7.74,16105
STEC,20090317,7.79,8.68,7.70,8.62,12919
STEC,20090318,8.55,8.74,8.06,8.20,11051
STEC,20090319,8.25,8.28,8.00,8.12,10592
STEC,20090320,8.15,8.19,7.39,7.60,7635
STEC,20090323,7.65,8.49,7.65,8.47,10552
STEC,20090324,8.40,8.44,8.12,8.19,4831
STEC,20090325,8.19,8.37,7.67,7.92,7239
STEC,20090326,7.97,8.02,7.13,7.25,14776
STEC,20090327,7.25,7.71,7.19,7.53,10258
STEC,20090330,7.24,7.26,6.96,7.21,5992
STEC,20090331,7.29,7.52,7.24,7.36,3884
STEC,20090401,7.48,8.00,7.31,7.85,8183
STEC,20090402,7.96,8.35,7.96,8.13,9871
STEC,20090403,8.14,8.37,7.94,8.34,3474
STEC,20090406,8.48,8.65,8.19,8.36,7416
STEC,20090407,8.46,8.46,8.14,8.16,4718
STEC,20090408,8.30,8.45,8.15,8.43,6958
STEC,20090409,8.45,8.78,8.45,8.74,12405
STEC,20090413,8.50,8.79,8.31,8.44,5445
STEC,20090414,8.34,8.40,8.10,8.18,4416
STEC,20090415,8.11,8.50,8.08,8.48,5348
STEC,20090416,8.46,8.51,8.08,8.21,9533
STEC,20090417,8.19,8.32,8.11,8.22,5063
STEC,20090420,8.16,8.21,7.86,7.93,4193
STEC,20090421,7.89,8.36,7.89,8.30,4419
STEC,20090422,8.23,8.67,8.23,8.51,8708
STEC,20090423,8.54,8.84,8.37,8.51,4779
STEC,20090424,8.53,9.55,8.44,9.28,14265
STEC,20090427,9.11,9.48,9.08,9.26,6452
STEC,20090428,9.15,9.38,9.00,9.17,6311
STEC,20090429,9.19,9.70,9.13,9.57,7347
STEC,20090430,9.65,9.75,9.53,9.60,6561
STEC,20090501,9.58,9.95,9.40,9.81,4928
STEC,20090504,9.78,10.53,9.65,10.51,8004
STEC,20090505,10.50,10.53,10.02,10.25,4728
STEC,20090506,10.34,10.77,10.15,10.71,10899
STEC,20090507,10.75,10.98,9.95,10.07,7906
STEC,20090508,10.12,10.45,10.11,10.30,9552
STEC,20090511,10.11,10.39,9.84,10.39,17151
STEC,20090512,14.00,14.04,13.00,13.60,83362
STEC,20090513,13.50,14.47,13.40,14.16,27196
STEC,20090514,14.11,14.48,13.50,14.09,19704
STEC,20090515,14.04,14.45,13.93,14.36,13292
STEC,20090518,14.75,15.60,14.60,15.58,28654
STEC,20090519,15.60,16.25,15.24,16.00,17864
STEC,20090520,16.03,16.21,15.30,15.31,16412
STEC,20090521,15.41,16.25,15.03,16.20,20196
STEC,20090522,16.29,16.59,15.76,16.31,14471
STEC,20090526,16.30,17.22,16.09,17.00,16612
STEC,20090527,17.08,17.53,16.56,16.62,12184
STEC,20090528,16.75,17.60,16.50,16.73,12923
STEC,20090529,16.84,17.13,16.06,16.39,15342
STEC,20090601,16.78,17.60,16.75,17.27,12055
STEC,20090602,17.07,17.70,16.77,17.28,9259
STEC,20090603,17.17,17.17,16.45,16.74,6669
STEC,20090604,16.84,17.43,16.45,17.35,10521
STEC,20090605,17.83,18.81,17.23,18.58,18746
STEC,20090608,18.70,19.47,18.11,19.12,11635
STEC,20090609,19.66,21.43,19.66,20.92,29026
STEC,20090610,20.95,20.95,19.50,20.14,26830
STEC,20090611,19.81,20.54,19.43,19.63,22629
STEC,20090612,19.50,19.50,18.26,18.73,17735
STEC,20090615,18.34,18.99,17.75,18.02,15568
STEC,20090616,19.75,23.89,19.18,22.88,104375
STEC,20090617,22.73,24.44,22.23,23.70,38752
STEC,20090618,23.92,24.62,23.16,24.27,22135
STEC,20090619,24.46,24.60,23.74,24.20,14192
STEC,20090622,23.96,23.97,22.58,22.62,18913
STEC,20090623,22.81,22.82,21.43,21.78,21288
STEC,20090624,22.13,23.96,22.10,23.73,27325
STEC,20090625,23.75,24.45,23.20,23.50,14796
STEC,20090626,23.09,24.98,22.94,23.80,26635
STEC,20090629,24.25,24.25,23.01,23.57,14717
STEC,20090630,23.65,23.98,23.02,23.19,15588
STEC,20090701,23.40,26.00,23.26,25.49,33267
STEC,20090702,25.02,25.30,23.75,24.13,18422
STEC,20090706,24.02,25.15,23.50,24.70,14314
STEC,20090707,24.87,25.43,23.32,23.45,16114
STEC,20090708,24.03,24.03,22.83,23.86,15224
STEC,20090709,24.33,24.88,23.61,23.67,16700
STEC,20090710,23.64,24.27,23.44,23.53,10657
STEC,20090713,24.18,27.03,23.45,26.73,40410
STEC,20090714,27.04,28.37,26.60,27.27,35792
STEC,20090715,27.68,28.27,27.40,27.59,24501
STEC,20090716,29.96,32.31,29.60,31.79,69224
STEC,20090717,31.54,32.92,30.87,32.59,26931
STEC,20090720,33.38,33.50,31.88,32.92,21722
STEC,20090721,32.90,34.10,32.53,33.78,19803
STEC,20090722,33.36,35.00,33.35,34.83,19805
STEC,20090723,34.92,35.77,33.14,33.44,32631
STEC,20090724,32.89,34.48,32.21,34.06,20237
STEC,20090727,34.43,34.75,33.35,33.74,13538
STEC,20090728,33.36,34.61,33.10,34.38,12660
STEC,20090729,34.13,34.96,33.43,34.25,12972
STEC,20090730,34.90,36.59,33.83,34.04,22807
STEC,20090731,34.31,34.95,32.61,34.09,25794
STEC,20090803,35.22,35.96,34.20,35.50,32295
STEC,20090804,32.22,33.40,31.48,32.75,70275
STEC,20090805,32.60,35.22,32.60,33.59,35659
STEC,20090806,32.09,32.18,29.23,29.79,146369
STEC,20090807,30.69,30.69,28.35,29.15,47197
STEC,20090810,29.35,31.00,29.15,30.53,31387
STEC,20090811,30.95,32.43,30.50,32.23,36297
STEC,20090812,32.73,34.59,32.73,33.62,36263
STEC,20090813,34.40,36.56,32.89,36.47,51824
STEC,20090814,36.40,36.40,34.15,34.98,32750
STEC,20090817,33.11,34.70,32.35,33.05,36942
STEC,20090818,33.65,34.66,32.69,34.57,26769
STEC,20090819,33.89,35.08,33.20,34.17,24501
STEC,20090820,34.05,35.25,34.05,34.56,20452
STEC,20090821,35.25,36.09,34.79,34.97,29934
STEC,20090824,35.92,38.46,35.46,37.91,65161
STEC,20090825,38.39,40.07,37.98,39.24,44124
STEC,20090826,38.64,39.19,37.70,38.59,26640
STEC,20090827,38.50,39.41,37.20,39.34,23019
STEC,20090828,40.00,41.24,39.18,39.90,34396
STEC,20090831,38.95,40.63,38.13,40.53,29562
STEC,20090901,40.51,41.75,36.05,36.53,88139
STEC,20090902,35.54,38.79,35.25,38.52,56484
STEC,20090903,39.01,39.38,37.52,38.61,32552
STEC,20090904,38.75,39.92,38.67,39.50,31425
STEC,20090908,39.98,39.98,37.05,39.03,42957
STEC,20090909,40.20,42.50,39.58,40.95,61054
STEC,20090910,41.02,41.97,40.51,41.84,19671
STEC,20090911,42.00,42.00,40.41,41.30,23629
STEC,20090914,41.16,41.18,39.63,39.91,30579
STEC,20090915,40.20,40.67,39.25,39.84,24444
STEC,20090916,39.83,39.83,37.61,37.90,46087
STEC,20090917,36.17,36.34,31.10,31.53,212959
STEC,20090918,32.34,32.95,29.85,30.09,122516
STEC,20090921,29.66,30.25,28.48,28.71,85786
STEC,20090922,30.29,31.23,29.50,30.86,93151
STEC,20090923,31.75,32.34,30.36,30.85,64602
STEC,20090924,30.98,31.09,28.35,29.07,70045
STEC,20090925,29.80,30.77,29.16,29.48,52983
STEC,20090928,30.24,31.12,29.53,30.18,39561
STEC,20090929,30.40,31.01,29.50,29.67,36418
STEC,20090930,30.00,30.14,28.65,29.39,33540
STEC,20091001,29.18,29.68,27.17,27.24,57762
STEC,20091002,26.45,27.17,25.51,26.77,47166
STEC,20091005,27.22,28.45,27.05,28.06,44744
STEC,20091006,28.73,28.83,27.27,27.81,36019
STEC,20091007,28.55,28.88,27.37,27.75,38399
STEC,20091008,28.00,28.15,26.50,27.29,34545
STEC,20091009,27.08,27.23,26.38,26.97,31700
STEC,20091012,27.10,27.39,26.37,26.55,25111
STEC,20091013,26.55,26.60,23.49,24.35,121886
STEC,20091014,24.87,25.52,24.00,25.44,63863
STEC,20091015,25.22,25.43,24.53,25.18,30394
STEC,20091016,24.97,24.97,24.13,24.19,35774
STEC,20091019,24.40,25.70,23.97,25.01,48421
STEC,20091020,25.32,25.94,24.36,24.62,36373
STEC,20091021,24.90,26.01,24.67,25.01,48376
STEC,20091022,25.15,25.30,24.50,24.88,28087
STEC,20091023,25.05,25.65,23.90,24.18,39257
STEC,20091026,24.20,25.25,24.18,24.65,31908
STEC,20091027,24.58,24.58,21.80,22.03,62792
STEC,20091028,21.56,22.59,20.70,20.81,48603
STEC,20091029,21.04,22.50,21.03,22.45,32743
STEC,20091030,22.35,22.40,21.00,21.32,27674
STEC,20091102,21.65,22.31,21.13,21.56,28306
STEC,20091103,21.74,23.41,21.26,23.15,118504
STEC,20091104,15.98,16.26,14.04,14.14,320025
STEC,20091105,14.25,14.74,14.15,14.42,99867
STEC,20091106,14.16,14.38,13.06,13.13,110071
STEC,20091109,13.25,13.97,12.50,13.47,160410
STEC,20091110,13.39,14.05,13.04,13.18,96777
STEC,20091111,13.36,13.64,13.08,13.16,64667
STEC,20091112,13.33,14.63,13.22,14.19,141666
STEC,20091113,14.28,14.39,13.27,13.50,92051
STEC,20091116,13.68,13.71,13.25,13.37,57622
STEC,20091117,13.40,13.64,12.99,13.08,51573
STEC,20091118,13.11,13.60,12.73,13.21,63420
STEC,20091119,13.20,13.20,12.75,12.90,45438
STEC,20091120,12.75,12.89,12.58,12.69,33924
STEC,20091123,12.85,13.02,12.46,12.53,43195
STEC,20091124,12.47,12.61,12.32,12.37,30698
STEC,20091125,12.37,13.13,12.16,12.88,71928
STEC,20091127,12.30,12.64,12.24,12.24,23976
STEC,20091130,12.42,12.66,12.20,12.39,29948
STEC,20091201,12.75,13.28,12.70,13.12,74596
STEC,20091202,13.29,13.55,12.48,12.77,86282
STEC,20091203,12.77,13.19,12.54,12.59,47252
STEC,20091204,12.88,12.88,12.27,12.49,56596
STEC,20091207,12.52,12.75,12.37,12.53,26104
STEC,20091208,12.36,12.72,12.25,12.38,44508
STEC,20091209,12.43,12.49,12.07,12.11,43438
STEC,20091210,12.20,12.23,11.33,11.58,83122
STEC,20091211,11.61,11.77,11.25,11.44,43591
STEC,20091214,11.52,12.20,11.42,12.17,45724
STEC,20091215,12.02,12.88,12.02,12.29,63489
STEC,20091216,12.46,12.69,12.41,12.57,30128
STEC,20091217,12.58,13.32,12.43,12.65,37187
STEC,20091218,12.87,13.00,12.51,12.86,30896
STEC,20091221,13.03,14.14,13.00,13.95,83384
STEC,20091222,14.69,15.09,14.44,14.68,83231
STEC,20091223,15.00,15.35,14.29,15.26,58918
STEC,20091224,15.50,15.79,15.32,15.70,35623
STEC,20091228,15.95,17.35,15.83,16.65,136544
STEC,20091229,17.13,17.67,16.52,16.76,105093
STEC,20091230,16.65,16.65,15.80,16.21,62185
STEC,20091231,16.30,16.83,16.13,16.34,36399
STEC,20100104,17.25,18.34,16.91,18.34,116852
STEC,20100105,18.94,19.98,18.52,19.16,156390
STEC,20100106,19.30,19.65,18.64,18.93,84482
STEC,20100107,18.95,18.95,17.75,17.92,74267
STEC,20100108,18.00,18.52,17.65,18.25,47096
STEC,20100111,18.78,18.98,18.50,18.61,43208
STEC,20100112,18.20,19.26,18.04,18.79,58776
STEC,20100113,19.18,20.45,18.90,19.99,80768
STEC,20100114,19.98,20.30,19.17,19.28,47023
STEC,20100115,19.17,19.42,18.53,19.06,29774
STEC,20100119,19.00,19.59,18.25,18.39,71647
STEC,20100120,17.75,17.83,16.40,16.49,105383
STEC,20100121,16.76,17.17,16.45,16.64,49137
STEC,20100122,16.50,16.61,14.96,15.08,69282
STEC,20100125,15.28,15.90,15.14,15.43,34671
STEC,20100126,15.67,15.95,15.31,15.51,35392
STEC,20100127,15.45,15.69,14.81,15.20,31304
STEC,20100128,15.11,15.37,14.50,14.71,29783
STEC,20100129,14.90,14.95,13.83,14.02,30134
STEC,20100201,14.20,14.68,13.76,14.63,29169
STEC,20100202,14.78,15.50,14.65,15.47,40446
STEC,20100203,15.47,16.08,15.21,15.36,28668
STEC,20100204,14.94,14.96,14.43,14.56,24727
STEC,20100205,14.41,14.63,14.00,14.45,25611
STEC,20100208,14.43,15.24,14.30,14.73,17983
STEC,20100209,15.05,15.24,14.50,14.70,19476
STEC,20100210,14.64,14.93,14.54,14.80,18132
STEC,20100211,14.92,15.23,14.67,15.18,28440
STEC,20100212,14.93,15.20,14.80,15.02,21052
STEC,20100216,14.37,14.39,13.49,13.55,83047
STEC,20100217,13.70,14.15,13.63,13.86,52110
STEC,20100218,13.75,13.88,13.65,13.74,26292
STEC,20100219,13.53,13.60,13.15,13.27,37297
STEC,20100222,13.47,13.65,13.22,13.55,43989
STEC,20100223,13.55,13.65,13.21,13.42,76744
STEC,20100224,9.58,10.53,9.47,10.27,362384
STEC,20100225,9.95,10.50,9.89,10.48,71778
STEC,20100226,10.42,10.47,10.17,10.28,42550
STEC,20100301,10.25,10.71,10.15,10.70,55838
STEC,20100302,10.78,11.25,10.76,10.90,56395
STEC,20100303,10.90,10.97,10.53,10.55,35180
STEC,20100304,10.66,11.19,10.56,11.14,38966
STEC,20100305,11.30,12.20,11.27,11.90,71014
STEC,20100308,12.05,13.45,11.93,13.32,76956
STEC,20100309,13.30,14.18,12.49,12.75,132213
STEC,20100310,13.19,13.61,13.03,13.18,60565
STEC,20100311,13.13,13.23,12.72,12.92,44938
STEC,20100312,13.16,13.26,12.85,12.89,40288
STEC,20100315,12.89,12.94,12.43,12.60,35867
STEC,20100316,12.69,12.72,11.95,12.22,51153
STEC,20100317,12.30,12.46,11.97,11.97,30581
STEC,20100318,11.99,12.52,11.91,12.33,30756
STEC,20100319,12.37,12.40,11.90,11.96,26171
STEC,20100322,11.84,12.23,11.55,12.12,22258
STEC,20100323,12.11,12.55,12.10,12.37,20256
STEC,20100324,12.40,12.41,11.98,11.99,15462
STEC,20100325,12.09,12.24,11.80,11.85,18825
STEC,20100326,11.92,12.07,11.75,11.87,11083
STEC,20100329,11.90,12.15,11.87,12.03,11876
STEC,20100330,12.00,12.08,11.77,12.06,14359
STEC,20100331,11.99,12.10,11.90,11.98,10013
STEC,20100401,12.15,12.25,11.90,11.97,10100
STEC,20100405,11.98,12.16,11.93,12.13,11166
STEC,20100406,12.11,12.15,11.93,11.97,14436
STEC,20100407,11.96,12.00,11.61,11.76,22479
STEC,20100408,11.64,11.95,11.46,11.87,18213
STEC,20100409,11.86,11.90,11.64,11.85,10690
STEC,20100412,11.81,11.97,11.81,11.88,10277
STEC,20100413,11.87,11.94,11.74,11.82,8740
STEC,20100414,11.85,11.95,11.71,11.90,17933
STEC,20100415,11.85,14.24,11.83,13.69,172137
STEC,20100416,13.76,14.35,12.83,13.32,106272
STEC,20100419,13.25,14.19,13.05,13.72,57608
STEC,20100420,13.84,14.45,13.60,13.97,50509
STEC,20100421,14.15,14.71,14.06,14.17,54903
STEC,20100422,14.17,15.49,13.99,15.15,91262
STEC,20100423,15.62,16.09,15.38,15.88,79252
STEC,20100426,16.23,16.35,15.21,15.40,58116
STEC,20100427,15.67,15.95,15.10,15.36,53692
STEC,20100428,15.54,16.08,15.12,15.45,54592
STEC,20100429,15.78,15.85,15.22,15.32,30700
STEC,20100430,15.32,15.39,13.78,13.90,68372
STEC,20100503,14.20,14.93,13.97,14.76,34468
STEC,20100504,14.45,14.75,13.96,13.99,38512
STEC,20100505,13.10,14.04,12.50,13.83,69985
STEC,20100506,13.61,14.08,12.21,13.23,46594
STEC,20100507,12.93,13.47,12.23,12.87,66129
STEC,20100510,13.18,13.64,13.15,13.54,31143
STEC,20100511,13.43,13.85,13.25,13.49,28832
STEC,20100512,13.60,13.88,13.51,13.77,25992
STEC,20100513,14.01,14.13,13.27,13.38,39375
STEC,20100514,13.26,13.40,12.89,13.31,26950
STEC,20100517,13.34,13.47,12.73,13.24,22363
STEC,20100518,13.30,13.55,12.61,12.73,20501
STEC,20100519,12.61,12.76,11.97,12.41,36121
STEC,20100520,12.15,12.31,11.73,12.03,27537
STEC,20100521,11.75,12.40,11.67,12.26,25264
STEC,20100524,12.21,12.41,11.92,11.96,19075
STEC,20100525,11.50,11.96,11.10,11.90,20219
STEC,20100526,12.17,12.35,11.81,11.86,17185
STEC,20100527,12.32,12.56,12.11,12.56,16938
STEC,20100528,12.51,12.53,11.88,12.08,22013
STEC,20100601,11.91,12.28,11.62,11.62,17149
STEC,20100602,11.90,12.05,11.80,12.02,10226
STEC,20100603,12.07,12.26,11.85,12.23,21961
STEC,20100604,11.86,12.24,11.50,11.59,15206
STEC,20100607,11.63,11.69,10.90,10.91,15538
STEC,20100608,10.93,11.14,10.63,10.94,17284
STEC,20100609,11.09,11.43,10.81,10.89,13599
STEC,20100610,11.16,11.67,11.05,11.62,17521
STEC,20100611,11.50,11.95,11.43,11.92,13483
STEC,20100614,12.10,12.50,12.01,12.15,15253
STEC,20100615,12.28,12.62,12.22,12.51,14744
STEC,20100616,12.29,12.71,12.17,12.49,13166
STEC,20100617,12.56,12.80,12.29,12.71,14628
STEC,20100618,12.80,12.86,12.54,12.69,11168
STEC,20100621,12.88,13.42,12.83,13.00,24246
STEC,20100622,13.10,13.22,12.72,12.72,18471
STEC,20100623,12.85,13.18,12.62,13.06,17287
STEC,20100624,12.97,13.10,12.71,12.78,10034
STEC,20100625,12.72,13.28,12.57,13.27,37786
STEC,20100628,13.25,13.49,13.07,13.32,15823
STEC,20100629,12.94,13.09,12.67,12.73,24447
STEC,20100630,12.72,13.06,12.47,12.56,15173
STEC,20100701,12.48,12.77,12.08,12.72,17645
STEC,20100702,12.80,12.98,12.59,12.81,11899
STEC,20100706,12.89,13.10,12.59,12.81,16481
STEC,20100707,12.95,13.36,12.86,13.35,20119
STEC,20100708,13.57,14.16,13.52,14.10,36560
STEC,20100709,13.99,14.84,13.95,14.75,28889
STEC,20100712,15.36,15.78,14.30,14.35,89897
STEC,20100713,14.60,15.35,14.60,15.26,51500
STEC,20100714,15.29,15.59,14.99,15.26,35382
STEC,20100715,15.22,15.48,14.79,15.11,18465
STEC,20100716,14.95,15.05,14.42,14.44,19548
STEC,20100719,14.54,14.76,14.23,14.73,11053
STEC,20100720,14.33,15.01,14.15,14.99,13270
STEC,20100721,15.37,15.75,14.71,14.76,24469
STEC,20100722,15.11,15.25,14.90,15.20,12917
STEC,20100723,15.00,15.56,14.85,15.53,14328
STEC,20100726,15.39,15.95,15.36,15.79,15847
STEC,20100727,15.92,16.00,15.41,15.82,13045
STEC,20100728,15.75,15.81,15.17,15.31,11278
STEC,20100729,15.51,15.69,14.94,15.37,16261
STEC,20100730,15.17,15.65,15.06,15.60,13940
STEC,20100802,15.69,15.90,15.50,15.63,20869
STEC,20100803,15.74,15.79,15.33,15.65,29494
STEC,20100804,16.18,16.25,14.68,14.86,89125
STEC,20100805,14.71,14.96,14.20,14.23,23483
STEC,20100806,13.96,14.19,13.54,13.72,28246
STEC,20100809,13.81,13.90,13.46,13.63,16756
STEC,20100810,13.46,14.19,13.20,13.98,32117
STEC,20100811,13.53,13.95,13.42,13.52,21553
STEC,20100812,13.10,13.15,12.52,12.55,28591
STEC,20100813,12.72,12.83,12.42,12.49,16583
STEC,20100816,12.48,13.08,12.42,12.91,15707
STEC,20100817,13.07,13.17,12.85,12.89,12130
STEC,20100818,12.87,13.37,12.80,13.17,19347
STEC,20100819,13.01,13.10,12.61,12.74,19021
STEC,20100820,12.62,12.82,12.48,12.67,10315
STEC,20100823,12.88,13.00,11.94,11.98,26138
STEC,20100824,11.80,11.81,11.30,11.61,28932
STEC,20100825,11.44,11.52,11.15,11.28,21429
STEC,20100826,11.41,11.59,11.01,11.06,20391
STEC,20100827,11.31,11.78,10.95,11.76,24799
STEC,20100830,11.76,11.84,11.18,11.18,14305
STEC,20100831,11.27,11.37,11.00,11.16,13030
STEC,20100901,11.30,11.75,11.27,11.47,16103
STEC,20100902,11.50,11.70,11.36,11.68,14823
STEC,20100903,11.85,12.16,11.85,12.01,10085
STEC,20100907,11.93,12.02,11.61,11.63,8157
STEC,20100908,11.75,11.87,11.66,11.76,6142
STEC,20100909,11.89,11.95,11.52,11.59,7306
STEC,20100910,11.60,12.26,11.40,12.21,35500
STEC,20100913,12.39,12.39,11.93,12.03,18316
STEC,20100914,11.96,12.63,11.87,12.52,22730
STEC,20100915,12.42,13.07,12.40,12.99,21204
STEC,20100916,12.87,12.95,12.64,12.70,18484
STEC,20100917,12.78,13.41,12.65,13.13,29467
STEC,20100920,13.11,13.46,13.01,13.42,23694
STEC,20100921,13.34,13.44,13.03,13.12,14521
STEC,20100922,13.28,13.30,12.63,12.70,15510
STEC,20100923,12.52,13.00,12.16,12.82,18798
STEC,20100924,12.94,13.42,12.91,13.32,17701
STEC,20100927,13.33,13.40,12.89,12.92,11753
STEC,20100928,12.82,13.08,12.70,12.79,15041
STEC,20100929,12.85,12.90,12.63,12.72,15251
STEC,20100930,12.85,12.90,12.14,12.45,17144
STEC,20101001,12.57,12.71,12.25,12.31,9525
STEC,20101004,12.36,12.47,12.04,12.06,10758
STEC,20101005,12.18,13.46,12.01,13.29,68012
STEC,20101006,13.17,13.87,13.02,13.08,35920
STEC,20101007,13.22,13.60,12.98,13.47,18497
STEC,20101008,13.15,13.60,13.10,13.44,16434
STEC,20101011,13.58,14.47,13.44,14.20,36671
STEC,20101012,14.10,14.31,13.78,14.09,15804
STEC,20101013,14.29,14.36,14.10,14.30,13411
STEC,20101014,14.25,14.82,14.18,14.68,21864
STEC,20101015,15.00,15.04,14.47,14.83,18726
STEC,20101018,14.79,14.88,14.53,14.85,10986
STEC,20101019,14.54,14.82,13.88,14.00,23561
STEC,20101020,14.21,14.48,14.00,14.37,15361
STEC,20101021,14.39,14.65,14.07,14.18,9807
STEC,20101022,14.22,14.80,14.21,14.64,11221
STEC,20101025,14.69,14.90,14.37,14.61,14089
STEC,20101026,14.52,15.52,14.43,15.07,43018
STEC,20101027,14.93,15.98,14.91,15.96,32614
STEC,20101028,16.02,16.20,15.20,15.28,22059
STEC,20101029,15.15,15.77,15.07,15.60,14461
STEC,20101101,15.63,15.75,15.15,15.21,15664
STEC,20101102,15.49,15.63,15.18,15.32,28656
STEC,20101103,16.76,17.25,16.40,16.67,120651
STEC,20101104,16.89,17.39,16.85,17.29,46032
STEC,20101105,17.37,18.22,17.07,17.93,32386
STEC,20101108,17.94,18.46,17.56,17.76,31599
STEC,20101109,17.99,18.18,17.12,17.17,33815
STEC,20101110,17.35,17.70,17.17,17.64,20603
STEC,20101111,17.43,17.80,17.17,17.37,10995
STEC,20101112,17.28,17.50,16.18,16.25,30022
STEC,20101115,16.72,16.75,16.27,16.30,14488
STEC,20101116,15.91,15.99,14.65,14.97,47638
STEC,20101117,15.10,15.43,14.75,14.88,18606
STEC,20101118,15.34,15.50,14.95,15.02,24916
STEC,20101119,15.03,15.48,14.98,15.36,16737
STEC,20101122,15.42,16.25,15.24,16.05,30489
STEC,20101123,15.81,15.98,15.47,15.66,16230
STEC,20101124,15.77,16.23,15.76,16.17,13296
STEC,20101126,15.82,16.07,15.47,15.76,4864
STEC,20101129,15.74,16.38,15.62,16.30,15006
STEC,20101130,16.18,17.08,16.10,17.01,27120
STEC,20101201,17.32,17.45,16.90,17.02,25061
STEC,20101202,17.13,17.25,16.75,16.98,11199
STEC,20101203,16.93,17.00,16.64,16.86,9625
STEC,20101206,16.95,17.05,16.80,16.90,7128
STEC,20101207,17.03,17.94,17.03,17.62,25078
STEC,20101208,17.57,17.80,17.49,17.80,15127
STEC,20101209,17.96,17.96,17.26,17.32,10770
STEC,20101210,17.37,17.94,17.32,17.67,14054
STEC,20101213,17.63,17.78,17.26,17.30,7550
STEC,20101214,17.31,17.46,16.43,16.49,19574
STEC,20101215,16.65,17.28,16.50,16.82,13930
STEC,20101216,16.87,17.31,16.82,17.30,9828
STEC,20101217,17.23,17.66,17.22,17.61,18079
STEC,20101220,17.66,17.93,17.54,17.76,10063
STEC,20101221,17.83,17.88,17.31,17.36,12541
STEC,20101222,17.34,17.36,16.88,17.14,8541
STEC,20101223,17.11,17.61,17.10,17.45,6951
STEC,20101227,17.28,17.37,17.00,17.33,5691
STEC,20101228,17.35,17.35,16.80,17.09,12559
STEC,20101229,17.15,17.62,16.98,17.43,8767
STEC,20101230,17.41,17.75,17.30,17.56,6820
STEC,20101231,17.53,17.81,17.40,17.65,9032
STEC,20110103,17.90,19.48,17.77,18.88,41926
STEC,20110104,19.15,19.19,18.43,18.87,20510
STEC,20110105,18.78,19.46,18.50,19.35,23639
STEC,20110106,19.40,19.97,19.35,19.83,20267
STEC,20110107,19.80,19.97,18.80,19.18,21743
