T,20090115,25.28,25.34,23.90,25.12,432161
T,20090116,25.87,25.95,24.88,25.23,333385
T,20090120,25.18,25.75,24.88,25.02,343127
T,20090121,25.22,25.81,25.12,25.79,380351
T,20090122,25.18,25.90,24.97,25.51,301694
T,20090123,25.07,26.32,24.76,26.12,341155
T,20090126,25.91,27.11,25.91,26.83,360957
T,20090127,26.02,26.46,25.70,25.93,346927
T,20090128,25.25,27.00,24.77,25.91,562646
T,20090129,25.54,25.54,24.33,24.71,444790
T,20090130,24.77,24.95,24.25,24.62,380754
T,20090202,24.97,25.44,24.48,25.16,270457
T,20090203,25.44,25.60,24.78,25.37,314284
T,20090204,25.52,25.94,24.40,24.66,356386
T,20090205,24.57,25.49,24.41,25.15,297368
T,20090206,25.18,26.38,25.16,26.08,308427
T,20090209,26.12,26.23,25.70,25.89,222550
T,20090210,25.70,25.99,24.40,24.56,381311
T,20090211,24.88,24.88,24.15,24.44,261442
T,20090212,24.17,24.41,23.52,24.29,405203
T,20090213,24.31,24.75,24.15,24.19,235175
T,20090217,23.62,23.85,22.99,23.22,381133
T,20090218,23.35,23.40,22.75,22.96,285237
T,20090219,23.26,23.63,23.11,23.19,280250
T,20090220,23.13,23.94,22.90,23.58,399162
T,20090223,23.80,23.95,22.53,22.68,364089
T,20090224,22.69,23.41,22.30,23.25,394791
T,20090225,23.46,24.12,23.15,23.71,612462
T,20090226,24.05,24.41,23.83,24.09,417422
T,20090227,23.44,24.14,23.33,23.77,377191
T,20090302,23.47,23.83,22.93,23.04,435419
T,20090303,23.15,23.88,22.33,22.67,481621
T,20090304,23.07,23.43,22.55,23.00,373009
T,20090305,22.56,23.46,22.18,22.56,486192
T,20090306,22.77,23.41,21.82,22.58,478906
T,20090309,22.09,22.78,21.62,21.72,386434
T,20090310,22.10,23.09,21.93,23.02,444014
T,20090311,23.24,23.64,22.95,23.35,338826
T,20090312,23.49,24.43,23.28,24.35,399544
T,20090313,24.63,24.75,23.86,24.27,278031
T,20090316,24.50,24.87,24.35,24.36,291894
T,20090317,24.33,25.48,24.06,25.37,377165
T,20090318,25.25,26.25,25.11,25.70,373576
T,20090319,26.05,26.09,25.19,25.60,329877
T,20090320,25.84,26.13,25.23,25.33,464770
T,20090323,25.94,26.96,25.71,26.92,436578
T,20090324,26.63,26.85,26.20,26.33,274149
T,20090325,26.47,26.59,25.64,26.18,390492
T,20090326,26.38,26.57,25.60,26.35,353628
T,20090327,25.94,26.30,25.80,26.00,221419
T,20090330,25.49,25.69,24.88,25.16,301213
T,20090331,25.44,25.59,25.10,25.20,363702
T,20090401,24.78,26.09,24.78,25.92,285483
T,20090402,26.50,27.09,26.02,26.54,343918
T,20090403,26.72,26.97,26.53,26.83,253974
T,20090406,26.40,26.65,26.05,26.59,266463
T,20090407,25.77,25.84,25.29,25.53,256441
T,20090408,25.40,25.77,25.10,25.39,246183
T,20090409,25.70,26.30,25.66,26.10,281178
T,20090413,25.93,26.23,25.60,26.02,200438
T,20090414,25.80,25.80,25.23,25.28,289604
T,20090415,25.33,25.67,25.25,25.45,268848
T,20090416,25.65,26.29,25.40,25.99,321980
T,20090417,26.28,26.48,25.83,25.95,387682
T,20090420,25.65,25.95,25.14,25.29,273952
T,20090421,25.20,25.43,24.98,25.28,315629
T,20090422,25.80,26.43,25.46,25.74,502082
T,20090423,25.83,25.97,25.24,25.50,314230
T,20090424,25.56,25.76,25.00,25.16,281514
T,20090427,25.20,25.44,24.90,25.31,274300
T,20090428,25.20,25.98,25.00,25.65,260950
T,20090429,25.90,26.09,25.35,25.52,334173
T,20090430,25.83,25.95,25.34,25.62,324521
T,20090501,25.88,26.01,25.46,26.01,220805
T,20090504,26.13,26.73,26.13,26.69,272623
T,20090505,26.51,26.75,26.35,26.50,192927
T,20090506,26.64,26.78,26.27,26.69,247445
T,20090507,26.20,26.42,25.33,25.45,531878
T,20090508,25.70,25.83,25.06,25.25,416147
T,20090511,25.22,25.63,25.07,25.36,256130
T,20090512,25.49,25.90,25.31,25.73,232792
T,20090513,25.40,25.73,25.12,25.24,226511
T,20090514,25.41,25.41,24.90,24.98,306439
T,20090515,25.09,25.21,24.62,24.88,264945
T,20090518,25.02,25.16,24.46,24.59,367621
T,20090519,24.75,24.84,24.63,24.67,249150
T,20090520,24.86,24.86,24.09,24.13,378829
T,20090521,23.98,24.25,23.45,23.67,309166
T,20090522,23.59,23.93,23.38,23.68,235309
T,20090526,23.80,24.57,23.61,24.51,325075
T,20090527,24.44,24.75,23.97,24.07,258721
T,20090528,24.22,24.83,24.01,24.63,264233
T,20090529,24.73,24.79,24.24,24.79,252338
T,20090601,24.97,25.11,24.56,24.64,279417
T,20090602,24.71,24.98,24.57,24.84,293229
T,20090603,24.67,24.94,24.28,24.46,344048
T,20090604,24.64,24.77,24.24,24.36,329782
T,20090605,24.60,24.75,24.44,24.56,257664
T,20090608,24.22,24.57,24.03,24.40,296282
T,20090609,24.44,24.58,24.12,24.21,303503
T,20090610,24.32,24.44,24.14,24.28,334112
T,20090611,24.36,25.00,24.30,24.79,355976
T,20090612,24.65,25.05,24.59,25.01,270403
T,20090615,24.78,24.92,24.35,24.63,319694
T,20090616,24.36,24.55,24.09,24.22,305275
T,20090617,24.26,24.44,24.10,24.14,280558
T,20090618,24.13,24.36,23.98,24.13,286957
T,20090619,24.31,24.37,23.81,24.04,424176
T,20090622,23.92,24.23,23.83,24.15,398218
T,20090623,24.23,24.78,24.10,24.66,418630
T,20090624,24.83,24.98,24.52,24.65,272012
T,20090625,24.50,25.01,24.48,24.85,316967
T,20090626,24.77,24.90,24.61,24.82,198831
T,20090629,24.89,25.27,24.84,25.22,228791
T,20090630,25.14,25.17,24.65,24.84,284415
T,20090701,24.94,25.20,24.85,25.07,225190
T,20090702,24.99,24.99,24.47,24.59,270071
T,20090706,24.55,24.89,24.45,24.80,255662
T,20090707,24.86,24.86,24.25,24.33,237518
T,20090708,24.15,24.16,23.33,23.54,340865
T,20090709,23.66,23.69,23.33,23.38,254637
T,20090710,23.33,23.50,23.19,23.44,218254
T,20090713,23.53,23.83,23.26,23.77,257308
T,20090714,23.70,23.81,23.27,23.45,271020
T,20090715,23.59,24.00,23.56,23.97,256832
T,20090716,23.90,23.98,23.65,23.71,302863
T,20090717,23.82,23.99,23.62,23.98,259127
T,20090720,24.13,24.46,24.00,24.42,241059
T,20090721,24.56,24.77,24.39,24.57,241461
T,20090722,24.69,24.99,24.52,24.84,309010
T,20090723,25.03,25.95,25.01,25.48,550370
T,20090724,25.27,25.61,25.25,25.45,257192
T,20090727,25.65,25.76,25.36,25.73,262522
T,20090728,25.62,25.80,25.39,25.52,245573
T,20090729,25.46,25.97,25.40,25.95,270786
T,20090730,26.20,26.60,26.10,26.34,314045
T,20090731,26.34,26.40,25.87,26.23,273795
T,20090803,26.70,26.90,25.88,26.23,341882
T,20090804,26.34,26.46,26.02,26.27,198655
T,20090805,26.37,26.39,25.60,25.73,429778
T,20090806,25.75,25.86,25.42,25.55,257678
T,20090807,25.77,25.85,25.59,25.62,197304
T,20090810,25.72,25.72,25.43,25.58,154077
T,20090811,25.51,25.65,25.32,25.36,164447
T,20090812,25.39,25.92,25.30,25.65,210368
T,20090813,25.69,25.69,25.25,25.48,212452
T,20090814,25.49,25.58,25.12,25.45,187870
T,20090817,25.29,25.39,25.00,25.02,213068
T,20090818,25.11,25.23,24.97,25.10,169833
T,20090819,24.91,25.48,24.91,25.38,198801
T,20090820,25.41,25.58,25.26,25.54,136809
T,20090821,25.88,26.12,25.60,26.00,308329
T,20090824,26.18,26.28,26.00,26.14,179928
T,20090825,26.38,26.45,26.21,26.30,254761
T,20090826,26.29,26.72,26.20,26.51,266997
T,20090827,26.67,26.67,26.20,26.42,203018
T,20090828,26.55,26.56,26.06,26.21,220627
T,20090831,25.99,26.25,25.89,26.05,247700
T,20090901,25.95,26.09,25.25,25.36,319151
T,20090902,25.43,25.56,25.13,25.37,292849
T,20090903,25.47,25.47,25.01,25.15,275323
T,20090904,25.18,25.59,25.16,25.51,167197
T,20090908,25.89,25.94,25.67,25.75,213455
T,20090909,25.85,26.05,25.78,25.94,192016
T,20090910,26.06,26.56,25.86,26.56,350405
T,20090911,26.40,26.71,26.37,26.66,235424
T,20090914,26.46,26.65,26.37,26.53,266068
T,20090915,26.49,26.75,26.32,26.70,192762
T,20090916,26.81,26.85,26.29,26.54,256431
T,20090917,26.50,26.73,26.14,26.37,251455
T,20090918,26.52,27.16,26.36,27.05,494992
T,20090921,26.88,26.95,26.66,26.87,233548
T,20090922,26.95,27.00,26.49,26.50,275844
T,20090923,27.03,27.69,26.81,27.13,532625
T,20090924,27.34,27.50,26.91,27.03,287308
T,20090925,26.99,27.15,26.88,26.96,235209
T,20090928,27.14,27.60,27.10,27.43,233769
T,20090929,27.34,27.37,27.03,27.20,318971
T,20090930,27.34,27.37,26.90,27.01,384553
T,20091001,27.00,27.08,26.52,26.61,310874
T,20091002,26.55,26.75,26.45,26.52,247750
T,20091005,26.71,26.89,26.50,26.76,230291
T,20091006,26.95,27.19,26.87,27.15,257775
T,20091007,26.85,26.85,26.15,26.18,403561
T,20091008,26.37,26.44,25.88,25.94,442211
T,20091009,26.02,26.09,25.61,25.66,331459
T,20091012,25.74,25.83,25.53,25.60,260351
T,20091013,25.60,26.03,25.44,25.90,322979
T,20091014,26.22,26.25,25.78,25.83,326584
T,20091015,25.89,25.96,25.61,25.91,259199
T,20091016,25.80,25.88,25.56,25.70,349214
T,20091019,25.82,26.07,25.70,26.00,258854
T,20091020,26.25,26.25,25.77,25.99,346589
T,20091021,26.14,26.19,25.82,25.94,306246
T,20091022,26.38,26.64,26.02,26.10,437531
T,20091023,26.15,26.25,25.54,25.73,370781
T,20091026,25.87,25.89,25.25,25.31,345138
T,20091027,25.35,25.73,25.31,25.60,349332
T,20091028,25.63,26.28,25.60,26.08,432212
T,20091029,25.99,26.40,25.85,26.23,319442
T,20091030,26.15,26.26,25.62,25.67,415575
T,20091102,25.90,25.92,25.00,25.59,496834
T,20091103,25.52,25.63,25.24,25.36,267563
T,20091104,25.46,25.84,25.40,25.53,252969
T,20091105,25.57,25.98,25.57,25.94,219443
T,20091106,25.86,26.04,25.74,25.93,191022
T,20091109,25.97,26.35,25.91,26.34,236498
T,20091110,26.33,26.57,26.16,26.36,218371
T,20091111,26.51,26.52,26.22,26.44,183601
T,20091112,26.36,26.63,26.20,26.29,170106
T,20091113,26.30,26.50,26.11,26.25,198050
T,20091116,26.34,26.60,26.21,26.29,235669
T,20091117,26.30,26.36,26.15,26.28,214712
T,20091118,26.28,26.31,26.04,26.31,195954
T,20091119,26.18,26.21,25.96,26.11,241104
T,20091120,26.10,26.29,26.00,26.02,237378
T,20091123,26.38,26.89,26.25,26.78,459275
T,20091124,26.83,27.25,26.68,27.10,345597
T,20091125,27.25,27.33,27.03,27.08,208612
T,20091127,26.49,27.08,26.45,26.99,162558
T,20091130,26.96,27.00,26.67,26.94,317725
T,20091201,27.18,27.25,26.94,27.18,267621
T,20091202,27.31,27.57,27.22,27.35,183462
T,20091203,27.39,27.74,27.25,27.52,254258
T,20091204,27.86,27.97,27.52,27.60,319481
T,20091207,27.81,28.26,27.70,27.97,245494
T,20091208,27.99,27.99,27.50,27.61,259488
T,20091209,27.39,27.68,27.36,27.56,231414
T,20091210,27.71,27.96,27.65,27.76,202264
T,20091211,27.95,28.10,27.81,28.01,191890
T,20091214,28.35,28.36,27.99,28.05,215415
T,20091215,27.91,28.00,27.49,27.60,213917
T,20091216,27.66,27.80,27.48,27.52,273653
T,20091217,27.34,27.45,27.11,27.22,266285
T,20091218,27.46,27.55,27.18,27.32,470616
T,20091221,27.37,27.69,27.37,27.54,211883
T,20091222,27.73,27.95,27.56,27.90,260097
T,20091223,27.98,28.05,27.79,28.04,156128
T,20091224,28.10,28.12,27.95,28.10,61080
T,20091228,28.25,28.34,28.15,28.33,156247
T,20091229,28.40,28.46,28.24,28.34,158904
T,20091230,28.26,28.61,28.22,28.32,235464
T,20091231,28.29,28.43,28.02,28.03,160710
T,20100104,28.41,28.61,28.28,28.58,291377
T,20100105,28.70,28.73,28.35,28.44,352228
T,20100106,27.95,28.03,27.55,27.61,378961
T,20100107,27.58,27.69,27.12,27.30,336006
T,20100108,27.29,27.39,26.88,27.10,276335
T,20100111,27.18,27.22,26.85,26.97,257912
T,20100112,26.85,27.11,26.78,26.96,263078
T,20100113,27.00,27.10,26.53,26.64,425945
T,20100114,26.64,26.85,26.08,26.19,422476
T,20100115,26.25,26.27,25.65,25.79,640106
T,20100119,25.92,26.25,25.80,26.20,339633
T,20100120,26.03,26.03,25.70,25.83,390872
T,20100121,25.92,25.98,25.40,25.67,400777
T,20100122,25.52,25.83,25.36,25.39,383798
T,20100125,25.73,25.90,25.32,25.58,299019
T,20100126,25.40,25.51,25.06,25.33,341707
T,20100127,25.21,26.12,25.10,25.62,589858
T,20100128,25.70,26.15,25.29,25.54,520640
T,20100129,25.61,25.75,25.35,25.36,389251
T,20100201,25.67,25.71,25.28,25.38,367432
T,20100202,25.37,25.84,25.27,25.69,311199
T,20100203,25.63,25.81,25.40,25.58,229541
T,20100204,25.43,25.49,25.03,25.03,323294
T,20100205,25.12,25.31,24.96,25.24,508845
T,20100208,25.19,25.27,24.96,24.98,271755
T,20100209,25.18,25.42,25.05,25.26,349391
T,20100210,25.23,25.25,25.01,25.12,266500
T,20100211,25.05,25.38,24.83,25.19,274483
T,20100212,25.03,25.15,24.86,25.07,341131
T,20100216,25.30,25.49,25.13,25.32,259042
T,20100217,25.41,25.52,25.20,25.40,195062
T,20100218,25.40,25.53,25.16,25.24,270191
T,20100219,25.20,25.40,25.02,25.10,347018
T,20100222,25.13,25.16,24.97,25.02,311073
T,20100223,25.00,25.03,24.83,24.83,285160
T,20100224,24.88,24.95,24.80,24.91,289718
T,20100225,24.76,24.86,24.61,24.77,295835
T,20100226,24.86,24.91,24.71,24.81,291840
T,20100301,24.91,25.07,24.83,25.00,249060
T,20100302,25.00,25.06,24.71,24.88,334022
T,20100303,25.03,25.03,24.81,24.89,207013
T,20100304,24.90,25.00,24.80,24.96,287316
T,20100305,25.03,25.05,24.82,24.99,279606
T,20100308,25.05,25.36,24.90,25.28,246714
T,20100309,25.34,25.73,25.30,25.56,434665
T,20100310,25.61,25.72,25.37,25.52,235365
T,20100311,25.42,25.60,25.30,25.60,217643
T,20100312,25.69,25.73,25.41,25.62,178182
T,20100315,25.68,25.80,25.56,25.78,203203
T,20100316,25.86,25.99,25.71,25.85,176201
T,20100317,25.95,25.99,25.85,25.90,181041
T,20100318,25.96,26.09,25.90,26.06,170110
T,20100319,26.19,26.31,25.99,26.24,358665
T,20100322,26.19,26.54,26.08,26.40,245383
T,20100323,26.48,26.57,26.33,26.55,181366
T,20100324,26.42,26.50,26.12,26.26,204221
T,20100325,26.43,26.44,26.11,26.15,241013
T,20100326,26.17,26.50,26.11,26.24,180602
T,20100329,26.35,26.57,26.30,26.51,202858
T,20100330,26.23,26.33,25.84,25.95,522521
T,20100331,25.90,26.04,25.75,25.84,367066
T,20100401,26.05,26.21,25.91,26.11,205588
T,20100405,26.30,26.36,26.13,26.31,239745
T,20100406,26.27,26.36,26.15,26.31,213696
T,20100407,26.00,26.03,25.48,25.65,313695
T,20100408,25.61,26.06,25.60,26.02,365552
T,20100409,26.11,26.51,26.06,26.44,397419
T,20100412,26.57,26.67,26.34,26.38,229401
T,20100413,26.32,26.43,26.02,26.20,380159
T,20100414,26.17,26.24,26.02,26.24,277193
T,20100415,26.16,26.30,26.04,26.24,279915
T,20100416,26.20,26.35,25.91,25.93,319874
T,20100419,26.09,26.45,25.95,26.38,333004
T,20100420,26.42,26.74,26.36,26.66,344604
T,20100421,26.74,26.75,26.14,26.34,447498
T,20100422,26.09,26.31,25.79,26.27,329462
T,20100423,26.17,26.29,25.99,26.25,280208
T,20100426,26.23,26.42,26.21,26.27,177815
T,20100427,26.20,26.31,25.88,25.95,338607
T,20100428,26.00,26.10,25.63,25.91,341591
T,20100429,26.08,26.30,25.94,26.14,256330
T,20100430,26.21,26.50,26.05,26.06,337410
T,20100503,26.24,26.43,26.07,26.28,270764
T,20100504,26.32,26.43,25.75,25.90,313599
T,20100505,25.90,26.14,25.74,25.77,334860
T,20100506,25.71,25.74,24.04,25.14,677586
T,20100507,25.21,25.49,24.77,25.10,513622
T,20100510,25.77,26.02,25.40,25.67,408357
T,20100511,25.50,25.81,25.34,25.64,323732
T,20100512,25.73,25.89,25.56,25.82,293248
T,20100513,25.80,25.97,25.62,25.74,229453
T,20100514,25.73,25.78,25.18,25.40,378049
T,20100517,25.45,25.89,25.29,25.77,299262
T,20100518,25.86,25.90,25.31,25.59,379707
T,20100519,25.53,25.71,25.30,25.57,307937
T,20100520,25.28,25.30,24.86,24.96,412293
T,20100521,24.36,24.87,24.36,24.85,542684
T,20100524,24.71,24.75,24.30,24.43,300279
T,20100525,24.09,24.39,23.78,24.32,522364
T,20100526,24.31,24.42,24.02,24.13,376503
T,20100527,24.41,24.66,24.25,24.63,275580
T,20100528,24.60,24.73,24.29,24.30,303305
T,20100601,24.24,24.80,24.12,24.33,297409
T,20100602,24.47,24.79,24.39,24.78,256275
T,20100603,24.89,24.93,24.61,24.80,235504
T,20100604,24.48,24.54,24.03,24.17,368670
T,20100607,24.33,24.65,24.21,24.32,373624
T,20100608,24.40,25.03,24.35,24.97,414706
T,20100609,25.14,25.21,24.80,24.90,331661
T,20100610,25.24,25.52,25.18,25.44,330691
T,20100611,25.16,25.34,25.03,25.29,237476
T,20100614,25.35,25.55,25.15,25.17,248805
T,20100615,25.34,25.54,25.21,25.54,209885
T,20100616,25.47,25.53,25.32,25.52,199466
T,20100617,25.55,25.57,25.12,25.57,237357
T,20100618,25.62,25.66,25.23,25.43,405646
T,20100621,25.61,25.61,25.35,25.44,167867
T,20100622,25.47,25.60,25.29,25.36,257870
T,20100623,25.40,25.60,25.35,25.44,258349
T,20100624,25.30,25.52,25.00,25.05,274496
T,20100625,25.09,25.15,24.68,24.79,517713
T,20100628,24.93,25.18,24.85,24.95,218380
T,20100629,24.84,24.90,24.27,24.46,528545
T,20100630,24.40,24.44,24.11,24.19,371938
T,20100701,24.19,24.40,24.00,24.34,511827
T,20100702,24.34,24.43,24.10,24.29,232009
T,20100706,24.44,24.50,24.19,24.41,359871
T,20100707,24.00,24.40,23.88,24.33,317998
T,20100708,24.40,24.58,24.20,24.57,234287
T,20100709,24.61,24.88,24.55,24.83,196362
T,20100712,24.72,24.86,24.61,24.84,173321
T,20100713,24.98,25.18,24.91,24.95,261675
T,20100714,24.80,25.11,24.79,24.96,210520
T,20100715,24.99,25.05,24.75,25.00,374607
T,20100716,24.99,25.10,24.65,24.69,332737
T,20100719,24.84,24.96,24.75,24.88,189457
T,20100720,24.62,24.80,24.50,24.79,240553
T,20100721,24.84,25.17,24.73,24.92,289851
T,20100722,25.44,25.83,25.36,25.51,479626
T,20100723,25.84,25.92,25.45,25.54,327002
T,20100726,25.77,26.09,25.67,25.96,262325
T,20100727,26.07,26.41,26.02,26.15,260939
T,20100728,26.17,26.35,26.02,26.20,335726
T,20100729,26.39,26.40,25.91,26.02,326286
T,20100730,25.80,26.10,25.79,25.94,256027
T,20100802,26.50,26.69,26.34,26.59,350981
T,20100803,26.67,26.89,26.58,26.69,244262
T,20100804,26.68,26.75,26.39,26.64,261637
T,20100805,26.56,26.90,26.51,26.74,235113
T,20100806,26.46,26.65,26.23,26.54,264014
T,20100809,26.66,26.96,26.59,26.86,224389
T,20100810,26.80,27.08,26.66,27.01,266458
T,20100811,26.68,26.79,26.51,26.55,291204
T,20100812,26.50,26.95,26.40,26.66,305362
T,20100813,26.60,26.88,26.54,26.72,237503
T,20100816,26.60,26.71,26.48,26.65,198590
T,20100817,26.70,27.10,26.70,26.97,275114
T,20100818,26.97,27.39,26.85,27.28,297391
T,20100819,27.20,27.30,26.80,26.97,266425
T,20100820,26.86,26.88,26.33,26.45,355852
T,20100823,26.60,26.79,26.48,26.49,339301
T,20100824,26.29,26.85,26.20,26.72,341421
T,20100825,26.59,26.99,26.44,26.89,380981
T,20100826,26.99,27.00,26.64,26.70,259147
T,20100827,26.88,27.00,26.61,26.94,212354
T,20100830,26.82,26.93,26.63,26.63,158285
T,20100831,26.60,27.03,26.50,27.03,328436
T,20100901,27.17,27.49,27.10,27.35,284813
T,20100902,27.44,27.48,27.20,27.40,173620
T,20100903,27.39,27.49,27.06,27.44,231773
T,20100907,27.43,27.45,27.14,27.27,182427
T,20100908,27.34,27.47,27.24,27.39,151028
T,20100909,27.53,27.96,27.52,27.81,274237
T,20100910,27.85,27.92,27.63,27.83,197453
T,20100913,28.00,28.08,27.80,27.93,194533
T,20100914,27.97,28.12,27.88,27.93,203459
T,20100915,27.93,28.15,27.78,28.01,192462
T,20100916,28.01,28.16,27.80,28.11,211423
T,20100917,28.25,28.32,28.00,28.17,311202
T,20100920,28.42,28.63,28.22,28.54,285340
T,20100921,28.50,28.88,28.31,28.61,304467
T,20100922,28.72,28.92,28.56,28.59,305531
T,20100923,28.51,28.75,28.45,28.51,238382
T,20100924,28.70,28.80,28.50,28.58,266216
T,20100927,28.60,29.15,28.52,28.87,310261
T,20100928,28.93,29.03,28.67,28.92,274457
T,20100929,28.86,28.98,28.61,28.71,272363
T,20100930,28.74,29.06,28.57,28.60,283012
T,20101001,28.85,28.96,28.66,28.81,222087
T,20101004,28.83,29.08,28.70,28.86,265184
T,20101005,29.00,29.43,28.98,29.36,287732
T,20101006,29.00,29.05,28.24,28.62,490326
T,20101007,28.62,28.73,28.02,28.25,317921
T,20101008,28.32,28.38,27.86,28.22,249679
T,20101011,28.25,28.45,28.19,28.32,143968
T,20101012,28.31,28.50,28.13,28.39,243432
T,20101013,28.51,28.68,28.41,28.47,207167
T,20101014,28.45,28.63,28.35,28.50,177820
T,20101015,28.71,28.71,28.20,28.33,352605
T,20101018,28.47,28.70,28.39,28.62,158235
T,20101019,28.39,28.47,28.00,28.21,317831
T,20101020,28.33,28.67,28.30,28.61,225414
T,20101021,28.22,28.60,28.09,28.34,311546
T,20101022,28.28,28.41,28.14,28.29,180720
T,20101025,28.50,28.52,28.26,28.36,179134
T,20101026,28.37,28.53,28.26,28.31,213413
T,20101027,28.22,28.41,28.08,28.35,248426
T,20101028,28.56,28.64,28.41,28.50,217705
T,20101029,28.41,28.63,28.37,28.52,211819
T,20101101,28.88,28.89,28.63,28.72,259724
T,20101102,28.98,29.11,28.92,28.94,186901
T,20101103,29.00,29.11,28.76,29.06,192236
T,20101104,29.22,29.49,29.10,29.44,228890
T,20101105,29.45,29.47,29.13,29.27,180845
T,20101108,29.10,29.23,29.01,29.18,151872
T,20101109,29.17,29.27,29.06,29.18,196339
T,20101110,29.03,29.08,28.71,29.05,214961
T,20101111,29.06,29.11,28.75,28.83,213977
T,20101112,28.68,28.76,28.19,28.46,264116
T,20101115,28.53,28.89,28.47,28.63,231642
T,20101116,28.45,28.50,28.03,28.24,255569
T,20101117,28.21,28.24,27.93,27.96,242626
T,20101118,28.20,28.46,28.19,28.44,195890
T,20101119,28.40,28.48,28.11,28.32,193925
T,20101122,28.23,28.33,28.05,28.29,197962
T,20101123,28.14,28.15,27.91,28.03,188955
T,20101124,28.14,28.23,28.08,28.14,175739
T,20101126,28.00,28.09,27.90,27.93,79818
T,20101129,27.81,27.87,27.49,27.70,244721
T,20101130,27.72,27.93,27.53,27.79,255598
T,20101201,28.16,28.31,28.03,28.28,235351
T,20101202,28.25,28.65,28.21,28.55,224777
T,20101203,28.40,28.50,28.21,28.49,229622
T,20101206,28.40,28.52,28.26,28.30,230665
T,20101207,28.36,28.75,28.33,28.54,249884
T,20101208,28.67,28.71,28.45,28.63,172467
T,20101209,28.67,28.82,28.60,28.82,209224
T,20101210,28.85,28.97,28.75,28.89,262743
T,20101213,29.00,29.00,28.76,28.78,237999
T,20101214,28.84,29.34,28.81,29.34,265814
T,20101215,29.34,29.56,28.99,29.13,347970
T,20101216,29.16,29.35,29.12,29.23,172462
T,20101217,29.12,29.27,28.90,29.21,362103
T,20101220,29.50,29.52,28.98,29.13,275922
T,20101221,29.26,29.28,29.05,29.07,166924
T,20101222,29.03,29.16,28.99,29.13,168692
T,20101223,29.08,29.24,29.06,29.20,126973
T,20101227,29.17,29.40,29.15,29.25,116494
T,20101228,29.35,29.40,29.21,29.23,136775
T,20101229,29.30,29.44,29.21,29.31,122385
T,20101230,29.24,29.36,29.21,29.33,129092
T,20101231,29.34,29.53,29.29,29.38,152255
T,20110103,29.68,29.73,29.51,29.67,205829
T,20110104,29.80,29.91,29.65,29.88,207871
T,20110105,29.84,30.10,29.57,29.98,281436
T,20110106,29.57,29.61,28.70,29.15,407684
T,20110107,29.10,29.11,28.66,28.85,475106
