TAM,20090115,7.95,8.21,7.56,7.96,6230
TAM,20090116,8.18,8.26,7.94,8.01,6049
TAM,20090120,7.77,7.84,7.21,7.26,3274
TAM,20090121,7.51,7.99,7.49,7.99,6633
TAM,20090122,7.60,7.91,7.55,7.75,3048
TAM,20090123,7.42,7.89,7.35,7.81,6910
TAM,20090126,7.81,7.97,7.50,7.57,4395
TAM,20090127,7.71,7.71,7.32,7.47,2304
TAM,20090128,7.72,7.83,7.56,7.71,5565
TAM,20090129,7.62,7.75,7.39,7.51,4876
TAM,20090130,7.47,7.56,7.25,7.32,3459
TAM,20090202,7.13,7.37,7.07,7.27,4989
TAM,20090203,7.22,7.41,7.15,7.26,2834
TAM,20090204,7.19,7.40,6.88,6.93,4578
TAM,20090205,6.79,7.05,6.70,7.00,6434
TAM,20090206,7.02,7.28,7.01,7.25,7151
TAM,20090209,7.36,7.47,7.27,7.39,3818
TAM,20090210,7.51,7.61,7.06,7.15,5119
TAM,20090211,7.40,7.50,7.06,7.17,2897
TAM,20090212,7.15,7.30,7.10,7.28,4579
TAM,20090213,7.32,7.40,7.05,7.24,2814
TAM,20090217,6.90,7.02,6.83,6.89,3374
TAM,20090218,6.90,6.90,6.61,6.78,4187
TAM,20090219,6.93,6.97,6.64,6.75,3754
TAM,20090220,6.64,6.90,6.64,6.84,6378
TAM,20090223,6.90,6.92,6.29,6.44,3142
TAM,20090224,6.41,6.76,6.28,6.62,1708
TAM,20090225,6.59,6.79,6.16,6.67,3206
TAM,20090226,6.83,6.86,6.61,6.67,3061
TAM,20090227,6.55,6.80,6.52,6.66,3394
TAM,20090302,6.52,6.58,6.27,6.30,4356
TAM,20090303,6.51,6.51,6.09,6.39,7347
TAM,20090304,6.49,6.64,6.37,6.50,6544
TAM,20090305,6.31,6.39,5.96,6.06,4888
TAM,20090306,6.06,6.30,6.04,6.25,2229
TAM,20090309,6.11,6.25,6.00,6.14,3129
TAM,20090310,6.19,6.32,6.13,6.30,3282
TAM,20090311,6.34,6.53,6.28,6.29,2388
TAM,20090312,6.37,6.56,6.27,6.52,4585
TAM,20090313,6.58,6.71,6.52,6.63,1869
TAM,20090316,6.81,6.89,6.53,6.59,2311
TAM,20090317,6.63,6.79,6.52,6.74,2545
TAM,20090318,6.75,6.97,6.65,6.93,3570
TAM,20090319,6.97,7.07,6.57,6.66,2207
TAM,20090320,6.70,6.74,6.45,6.51,1804
TAM,20090323,6.45,6.61,6.27,6.43,4843
TAM,20090324,6.35,6.42,6.09,6.12,5190
TAM,20090325,6.27,6.53,6.22,6.48,3575
TAM,20090326,6.49,6.63,6.45,6.53,2341
TAM,20090327,6.37,6.50,6.14,6.19,3588
TAM,20090330,6.06,6.06,5.64,5.69,5172
TAM,20090331,5.79,5.79,5.50,5.50,7875
TAM,20090401,5.36,5.67,5.27,5.63,6582
TAM,20090402,5.93,6.02,5.80,6.00,7277
TAM,20090403,6.02,6.14,5.89,6.01,7157
TAM,20090406,6.04,6.04,5.78,5.97,12058
TAM,20090407,5.95,6.34,5.92,6.20,11197
TAM,20090408,6.40,6.69,6.34,6.64,11723
TAM,20090409,6.76,7.03,6.70,6.91,10693
TAM,20090413,6.91,7.77,6.87,7.72,7556
TAM,20090414,7.77,8.17,7.44,7.61,15167
TAM,20090415,7.43,7.87,7.36,7.87,4605
TAM,20090416,8.04,8.20,7.75,8.14,5928
TAM,20090417,7.97,8.12,7.66,7.73,19170
TAM,20090420,7.41,7.50,7.17,7.18,4723
TAM,20090421,7.02,7.52,6.96,7.51,5674
TAM,20090422,7.38,7.75,7.35,7.57,17905
TAM,20090423,7.40,7.50,7.25,7.36,11721
TAM,20090424,7.38,7.58,7.35,7.48,4322
TAM,20090427,7.15,7.36,6.87,6.93,9661
TAM,20090428,6.81,6.81,6.54,6.59,5189
TAM,20090429,6.70,6.97,6.70,6.85,14476
TAM,20090430,6.96,7.01,6.67,6.67,9285
TAM,20090501,6.70,6.98,6.70,6.86,8410
TAM,20090504,7.02,7.29,6.98,7.29,12374
TAM,20090505,7.42,7.66,7.25,7.59,26180
TAM,20090506,7.90,8.34,7.74,8.18,21644
TAM,20090507,8.66,9.54,8.64,9.39,16029
TAM,20090508,9.66,9.88,9.24,9.86,13583
TAM,20090511,9.38,9.46,9.12,9.31,7007
TAM,20090512,9.43,9.48,8.81,8.92,3911
TAM,20090513,8.52,8.61,8.33,8.50,5982
TAM,20090514,8.44,9.07,8.39,9.00,10584
TAM,20090515,9.22,9.31,8.87,8.96,4579
TAM,20090518,8.97,9.35,8.78,9.33,10444
TAM,20090519,9.24,9.45,9.11,9.38,5124
TAM,20090520,9.53,9.74,9.26,9.34,9707
TAM,20090521,9.06,9.15,8.77,9.00,3455
TAM,20090522,8.90,8.95,8.65,8.73,8320
TAM,20090526,8.44,9.03,8.39,9.00,5956
TAM,20090527,9.15,9.23,8.56,8.64,8461
TAM,20090528,8.87,8.92,8.54,8.80,7179
TAM,20090529,8.93,8.96,8.43,8.63,16699
TAM,20090601,8.80,9.00,8.77,8.95,10051
TAM,20090602,8.94,9.70,8.90,9.50,20116
TAM,20090603,9.35,9.80,9.27,9.44,6237
TAM,20090604,9.00,9.51,8.93,9.51,3187
TAM,20090605,9.51,9.61,9.29,9.55,4821
TAM,20090608,9.38,9.65,9.30,9.58,6323
TAM,20090609,9.80,9.98,9.59,9.95,5512
TAM,20090610,10.05,10.33,9.97,10.26,9032
TAM,20090611,10.56,10.56,10.20,10.40,3518
TAM,20090612,10.34,10.68,10.33,10.46,5059
TAM,20090615,10.15,10.15,9.64,9.70,5246
TAM,20090616,9.90,9.90,9.20,9.41,6943
TAM,20090617,9.32,9.91,9.21,9.72,4652
TAM,20090618,9.74,10.07,9.65,9.75,9343
TAM,20090619,10.00,10.23,9.97,10.14,2924
TAM,20090622,10.01,10.01,9.57,9.60,3062
TAM,20090623,9.81,10.10,9.72,10.02,5451
TAM,20090624,10.15,10.23,9.86,10.01,7581
TAM,20090625,10.00,10.60,9.89,10.60,3413
TAM,20090626,10.86,11.08,10.78,11.06,6019
TAM,20090629,10.94,11.05,10.74,10.80,3521
TAM,20090630,10.71,10.76,10.25,10.41,9012
TAM,20090701,10.68,11.02,10.67,10.82,6601
TAM,20090702,10.50,10.69,10.21,10.21,3230
TAM,20090706,10.08,10.74,9.96,10.72,4260
TAM,20090707,10.49,10.84,10.40,10.51,4716
TAM,20090708,10.64,10.74,10.03,10.21,4532
TAM,20090709,10.21,10.30,9.81,10.09,3433
TAM,20090710,9.93,10.28,9.90,10.26,2236
TAM,20090713,10.34,10.63,10.15,10.57,1895
TAM,20090714,10.97,11.29,10.82,11.24,10545
TAM,20090715,11.65,12.52,11.56,12.41,14611
TAM,20090716,12.20,12.64,12.20,12.46,8632
TAM,20090717,12.91,12.91,12.12,12.35,7266
TAM,20090720,12.75,13.48,12.67,13.46,14707
TAM,20090721,13.65,13.87,12.62,12.85,11351
TAM,20090722,13.00,13.02,12.60,12.72,7158
TAM,20090723,12.79,13.40,12.75,13.21,6477
TAM,20090724,12.99,13.17,12.75,12.90,7886
TAM,20090727,12.93,12.94,12.52,12.67,3422
TAM,20090728,12.67,12.81,12.02,12.50,6468
TAM,20090729,12.14,12.16,11.70,11.86,9896
TAM,20090730,12.19,12.33,12.10,12.30,10358
TAM,20090731,12.25,12.40,12.01,12.29,15735
TAM,20090803,12.71,12.86,12.49,12.84,4074
TAM,20090804,13.03,13.43,12.94,13.21,9502
TAM,20090805,13.21,13.33,12.71,13.00,4985
TAM,20090806,12.99,13.03,12.38,12.52,4828
TAM,20090807,12.84,13.58,12.65,13.50,14635
TAM,20090810,13.76,13.87,13.11,13.17,7183
TAM,20090811,13.02,13.40,12.66,13.34,6253
TAM,20090812,13.61,14.11,13.60,13.97,16926
TAM,20090813,14.50,14.60,13.50,14.18,17043
TAM,20090814,13.92,13.95,13.13,13.25,24316
TAM,20090817,12.41,12.91,12.30,12.78,5287
TAM,20090818,12.97,13.13,12.64,13.03,11984
TAM,20090819,12.75,13.33,12.66,13.13,11252
TAM,20090820,13.52,13.89,13.44,13.76,11238
TAM,20090821,13.93,14.05,13.73,14.00,5878
TAM,20090824,14.13,14.34,13.94,13.97,3899
TAM,20090825,14.24,14.24,13.51,13.73,4735
TAM,20090826,13.87,13.87,13.35,13.66,4688
TAM,20090827,13.35,13.56,13.06,13.54,5557
TAM,20090828,13.48,13.50,13.19,13.24,2930
TAM,20090831,12.92,13.12,12.77,12.83,8517
TAM,20090901,12.84,13.08,12.42,12.51,6770
TAM,20090902,12.49,12.89,12.38,12.65,5343
TAM,20090903,12.75,12.88,12.56,12.73,2922
TAM,20090904,12.73,12.94,12.68,12.89,2217
TAM,20090908,13.15,13.61,13.15,13.56,3053
TAM,20090909,13.61,13.73,13.26,13.40,5385
TAM,20090910,13.29,13.51,13.16,13.32,3547
TAM,20090911,13.39,13.57,13.29,13.56,6053
TAM,20090914,13.50,14.23,13.40,14.19,10206
TAM,20090915,14.18,14.21,13.73,13.81,9425
TAM,20090916,13.92,14.00,13.79,13.90,5255
TAM,20090917,13.74,13.93,13.51,13.59,2379
TAM,20090918,13.67,13.85,13.57,13.64,2698
TAM,20090921,13.42,13.58,13.30,13.42,2626
TAM,20090922,13.55,13.55,13.32,13.43,6397
TAM,20090923,13.40,13.49,13.10,13.15,3781
TAM,20090924,13.26,13.30,12.49,12.74,9075
TAM,20090925,12.76,13.10,12.76,13.02,4041
TAM,20090928,13.16,13.30,13.03,13.08,1483
TAM,20090929,13.07,13.14,12.92,13.00,2920
TAM,20090930,13.13,13.14,12.84,12.91,10199
TAM,20091001,12.91,13.12,12.77,12.85,7418
TAM,20091002,12.63,13.76,12.63,13.44,21906
TAM,20091005,13.51,13.86,13.40,13.74,6169
TAM,20091006,13.91,14.00,13.53,13.77,3622
TAM,20091007,13.72,13.81,13.36,13.57,2735
TAM,20091008,13.40,13.45,13.10,13.37,6505
TAM,20091009,13.44,13.91,13.32,13.88,7234
TAM,20091012,13.86,14.00,13.60,13.90,3443
TAM,20091013,13.61,13.90,13.50,13.76,5121
TAM,20091014,14.20,14.87,14.09,14.83,25096
TAM,20091015,14.80,15.18,14.76,15.04,5828
TAM,20091016,14.65,15.19,14.58,15.09,8005
TAM,20091019,15.00,15.08,14.82,14.89,7989
TAM,20091020,14.31,14.61,13.97,14.22,12133
TAM,20091021,14.30,14.69,13.98,14.07,7489
TAM,20091022,14.57,15.02,14.29,14.99,12500
TAM,20091023,15.49,16.00,15.41,15.94,28373
TAM,20091026,16.10,16.22,15.47,15.71,5351
TAM,20091027,15.51,15.75,15.16,15.62,5813
TAM,20091028,15.56,15.77,14.07,14.25,11523
TAM,20091029,14.47,15.16,14.47,14.81,9845
TAM,20091030,15.27,15.27,13.80,14.27,9130
TAM,20091102,14.39,14.61,13.99,14.47,5864
TAM,20091103,14.12,14.72,13.94,14.64,8111
TAM,20091104,14.87,15.19,14.75,15.03,10165
TAM,20091105,15.19,15.78,15.00,15.69,6455
TAM,20091106,15.49,16.28,15.35,16.05,9537
TAM,20091109,16.54,16.90,16.47,16.64,14176
TAM,20091110,16.43,16.83,16.37,16.65,9994
TAM,20091111,17.00,17.05,16.58,16.71,14439
TAM,20091112,16.51,16.64,15.46,15.67,8233
TAM,20091113,15.95,16.29,15.76,16.01,5889
TAM,20091116,15.98,16.29,15.46,16.11,5562
TAM,20091117,16.36,16.81,16.06,16.80,6325
TAM,20091118,17.31,17.43,16.29,16.45,11007
TAM,20091119,16.82,17.06,16.64,16.84,7284
TAM,20091120,16.72,16.72,16.06,16.40,4746
TAM,20091123,17.24,17.31,16.74,16.98,7820
TAM,20091124,17.33,17.60,16.83,17.35,12957
TAM,20091125,17.27,17.50,17.02,17.34,10754
TAM,20091127,16.79,17.21,16.79,16.95,5046
TAM,20091130,17.09,17.64,16.83,17.53,14150
TAM,20091201,17.89,18.13,17.77,17.99,7474
TAM,20091202,18.27,18.70,18.00,18.59,11522
TAM,20091203,19.28,19.37,18.31,18.40,8806
TAM,20091204,19.08,19.30,18.17,18.80,14207
TAM,20091207,19.17,19.80,19.00,19.59,15154
TAM,20091208,19.68,20.29,19.23,19.89,14174
TAM,20091209,20.33,20.38,19.35,19.79,12179
TAM,20091210,20.09,20.35,19.83,20.29,4987
TAM,20091211,20.78,21.60,20.62,21.43,9746
TAM,20091214,21.86,21.86,20.90,21.05,9531
TAM,20091215,20.73,20.80,20.39,20.56,5532
TAM,20091216,21.93,22.57,21.91,22.46,13508
TAM,20091217,21.76,22.04,20.43,20.55,13816
TAM,20091218,20.71,20.72,20.00,20.11,13571
TAM,20091221,20.84,21.00,19.87,20.23,18195
TAM,20091222,20.59,20.59,19.86,20.19,8596
TAM,20091223,21.22,22.18,20.98,21.74,7762
TAM,20091224,21.31,21.62,20.85,21.44,2690
TAM,20091228,22.05,22.46,21.88,22.39,6701
TAM,20091229,22.38,22.69,22.04,22.33,4849
TAM,20091230,22.39,22.46,22.10,22.30,2758
TAM,20091231,22.59,22.59,22.14,22.22,2077
TAM,20100104,22.86,23.11,22.70,22.90,4229
TAM,20100105,23.04,23.10,22.47,23.06,8351
TAM,20100106,23.48,23.81,23.22,23.56,5333
TAM,20100107,23.45,23.72,23.28,23.50,6234
TAM,20100108,23.91,24.73,23.73,24.66,8730
TAM,20100111,25.06,25.34,24.76,24.85,7330
TAM,20100112,24.40,24.73,23.79,24.01,9440
TAM,20100113,24.43,24.45,23.78,23.98,5489
TAM,20100114,23.90,23.94,22.75,23.11,9868
TAM,20100115,23.11,23.11,21.76,22.03,6427
TAM,20100119,22.49,23.22,22.38,23.04,4932
TAM,20100120,22.50,22.59,21.66,22.20,5748
TAM,20100121,21.54,21.54,20.35,20.70,12761
TAM,20100122,19.60,20.33,19.34,19.80,12398
TAM,20100125,20.34,20.75,19.63,20.14,5234
TAM,20100126,19.40,20.49,19.20,19.98,7146
TAM,20100127,20.16,20.29,19.33,20.01,5293
TAM,20100128,20.23,20.29,19.01,19.21,5380
TAM,20100129,19.28,19.48,18.04,18.24,8341
TAM,20100201,17.77,18.56,17.59,18.28,10281
TAM,20100202,19.20,19.62,18.98,19.52,18795
TAM,20100203,20.20,20.20,18.51,19.03,15394
TAM,20100204,18.29,18.44,17.05,17.22,13509
TAM,20100205,17.38,17.87,16.79,17.60,15180
TAM,20100208,17.90,18.18,17.40,17.85,7243
TAM,20100209,18.76,19.17,18.67,18.94,8279
TAM,20100210,19.40,19.42,18.93,19.19,8431
TAM,20100211,19.42,19.54,19.11,19.36,6909
TAM,20100212,18.91,19.42,18.79,19.32,7192
TAM,20100216,19.95,19.95,19.17,19.49,6405
TAM,20100217,19.65,19.77,19.38,19.43,5222
TAM,20100218,19.31,19.41,18.98,19.12,8158
TAM,20100219,18.87,19.06,18.71,18.73,4638
TAM,20100222,18.67,18.86,18.17,18.23,6715
TAM,20100223,18.03,18.28,17.44,17.57,9981
TAM,20100224,17.55,17.96,17.49,17.61,7470
TAM,20100225,17.00,17.16,16.71,17.16,22756
TAM,20100226,17.32,18.45,17.14,18.41,19130
TAM,20100301,18.38,18.67,18.29,18.61,7939
TAM,20100302,18.79,18.97,18.66,18.87,6941
TAM,20100303,19.05,19.23,18.63,18.74,7604
TAM,20100304,18.71,18.80,18.09,18.32,8848
TAM,20100305,18.46,18.59,17.55,17.79,15274
TAM,20100308,17.89,17.90,17.31,17.44,12166
TAM,20100309,17.39,17.65,17.29,17.50,18817
TAM,20100310,17.56,18.08,17.54,17.71,16482
TAM,20100311,17.80,17.80,17.48,17.56,10718
TAM,20100312,17.93,17.98,17.50,17.55,6789
TAM,20100315,17.38,17.47,17.07,17.22,4442
TAM,20100316,17.54,17.54,17.15,17.19,8107
TAM,20100317,17.49,17.52,17.16,17.27,9478
TAM,20100318,17.18,17.53,17.18,17.29,10351
TAM,20100319,17.40,17.47,16.05,16.50,17764
TAM,20100322,16.28,16.58,16.09,16.32,21700
TAM,20100323,16.56,16.56,16.27,16.54,10722
TAM,20100324,16.36,16.39,16.04,16.19,8384
TAM,20100325,16.15,16.31,15.79,15.85,12877
TAM,20100326,15.88,15.97,15.60,15.80,15196
TAM,20100329,16.16,16.38,16.02,16.21,6461
TAM,20100330,16.43,16.43,15.80,15.85,8126
TAM,20100331,16.19,17.03,16.10,16.96,16331
TAM,20100401,17.00,17.43,16.91,17.19,13257
TAM,20100405,17.57,17.68,17.23,17.49,11989
TAM,20100406,17.72,18.33,17.61,18.14,17981
TAM,20100407,18.08,18.12,17.65,17.95,16498
TAM,20100408,17.79,18.37,17.64,18.28,14796
TAM,20100409,18.30,18.47,17.97,18.26,15967
TAM,20100412,18.16,18.40,18.09,18.28,7400
TAM,20100413,18.19,18.19,17.54,17.94,11683
TAM,20100414,17.97,18.48,17.93,18.46,11185
TAM,20100415,18.76,19.08,18.73,18.94,11128
TAM,20100416,18.84,18.88,17.92,18.15,8831
TAM,20100419,17.55,17.82,17.16,17.57,12044
TAM,20100420,17.67,17.85,17.42,17.85,6043
TAM,20100421,17.94,18.00,17.32,17.53,7044
TAM,20100422,17.48,17.74,17.24,17.64,6319
TAM,20100423,17.51,18.00,17.40,18.00,6325
TAM,20100426,18.00,18.11,17.59,17.65,4926
TAM,20100427,17.32,17.34,16.61,16.73,14843
TAM,20100428,16.95,17.03,16.72,16.80,7622
TAM,20100429,17.05,17.54,17.05,17.46,11677
TAM,20100430,17.47,17.72,17.22,17.67,8333
TAM,20100503,17.14,17.29,16.92,17.11,6939
TAM,20100504,16.99,16.99,16.08,16.17,9622
TAM,20100505,15.82,16.38,15.61,16.06,8788
TAM,20100506,15.83,16.08,14.06,15.16,21319
TAM,20100507,14.66,15.65,14.62,15.07,13591
TAM,20100510,16.30,16.37,15.80,16.36,8712
TAM,20100511,15.95,16.31,15.89,16.00,7463
TAM,20100512,15.95,16.32,15.82,16.16,7863
TAM,20100513,16.15,16.42,16.05,16.13,4892
TAM,20100514,15.84,15.85,15.30,15.63,11243
TAM,20100517,15.18,15.38,14.65,14.85,13243
TAM,20100518,15.00,15.44,14.57,14.70,7580
TAM,20100519,14.00,14.37,13.74,14.30,12436
TAM,20100520,13.57,13.87,13.36,13.61,12130
TAM,20100521,13.03,13.80,13.02,13.51,12983
TAM,20100524,13.62,13.90,13.27,13.29,10600
TAM,20100525,12.52,12.95,12.50,12.86,14462
TAM,20100526,13.07,13.55,12.80,12.96,15578
TAM,20100527,13.48,13.87,13.32,13.85,6890
TAM,20100528,13.66,13.93,13.33,13.49,5230
TAM,20100601,12.96,13.65,12.92,13.29,12051
TAM,20100602,13.49,14.04,13.38,14.04,7814
TAM,20100603,14.13,14.18,13.50,13.93,7961
TAM,20100604,13.60,13.79,13.31,13.34,9324
TAM,20100607,13.41,13.54,12.73,12.84,8523
TAM,20100608,12.96,13.11,12.59,12.99,7005
TAM,20100609,13.19,13.31,12.72,12.78,6465
TAM,20100610,13.21,13.59,13.09,13.59,12976
TAM,20100611,13.53,13.88,13.40,13.78,4848
TAM,20100614,14.02,14.04,13.68,13.75,6858
TAM,20100615,14.06,15.25,14.01,15.18,19681
TAM,20100616,15.27,15.55,15.11,15.32,10675
TAM,20100617,15.45,15.50,14.71,14.79,10716
TAM,20100618,14.93,15.17,14.86,14.99,7412
TAM,20100621,15.45,15.49,14.85,14.95,5364
TAM,20100622,15.23,15.83,15.01,15.08,13418
TAM,20100623,15.20,15.39,14.98,15.12,8616
TAM,20100624,15.05,15.09,14.78,14.81,5113
TAM,20100625,14.99,15.03,14.56,15.00,5213
TAM,20100628,15.11,15.14,14.59,14.77,4782
TAM,20100629,14.30,14.36,13.66,13.77,6192
TAM,20100630,13.89,14.55,13.82,13.95,6692
TAM,20100701,13.90,14.07,13.35,13.85,7578
TAM,20100702,13.99,14.09,13.46,13.81,4720
TAM,20100706,14.42,14.51,14.06,14.18,5373
TAM,20100707,14.31,15.14,14.19,15.14,5861
TAM,20100708,15.10,15.25,14.75,15.21,6757
TAM,20100709,15.14,15.85,15.00,15.78,5221
TAM,20100712,15.37,15.52,15.15,15.49,5731
TAM,20100713,15.78,15.96,15.66,15.88,6148
TAM,20100714,15.40,16.05,15.37,15.86,8314
TAM,20100715,16.02,16.45,15.86,16.43,9464
TAM,20100716,16.14,16.19,15.63,15.83,10595
TAM,20100719,15.85,15.93,15.30,15.71,4735
TAM,20100720,15.50,15.91,15.40,15.83,4667
TAM,20100721,15.88,15.97,15.46,15.52,5520
TAM,20100722,15.81,16.43,15.76,16.37,7683
TAM,20100723,16.12,16.78,16.05,16.76,11772
TAM,20100726,16.67,17.03,16.54,16.99,5247
TAM,20100727,17.01,17.05,16.39,16.62,4983
TAM,20100728,16.28,16.37,16.15,16.20,5376
TAM,20100729,16.59,16.65,16.08,16.49,6909
TAM,20100730,16.30,16.90,16.25,16.88,9134
TAM,20100802,17.43,17.68,17.27,17.48,5201
TAM,20100803,17.41,17.48,16.80,16.84,3690
TAM,20100804,17.09,17.17,16.73,17.10,4054
TAM,20100805,16.84,17.05,16.59,16.74,3209
TAM,20100806,16.73,16.96,16.58,16.79,4749
TAM,20100809,16.89,16.97,16.73,16.85,5195
TAM,20100810,16.26,16.56,16.12,16.46,8445
TAM,20100811,16.36,16.42,15.85,16.05,3980
TAM,20100812,15.89,16.25,15.87,16.03,3555
TAM,20100813,15.88,16.73,15.24,16.69,32104
TAM,20100816,19.67,25.94,19.67,20.78,94412
TAM,20100817,20.78,21.62,20.69,21.51,34561
TAM,20100818,21.45,21.58,21.16,21.27,10235
TAM,20100819,20.86,20.92,20.28,20.37,19731
TAM,20100820,20.17,21.13,19.94,21.03,21336
TAM,20100823,21.47,21.55,20.59,20.64,8361
TAM,20100824,20.32,20.69,20.04,20.36,12354
TAM,20100825,20.01,20.21,19.80,19.87,15746
TAM,20100826,19.77,20.27,19.56,19.64,11213
TAM,20100827,20.06,20.12,19.78,19.96,8882
TAM,20100830,20.03,20.21,19.59,19.61,7470
TAM,20100831,19.58,19.88,19.43,19.72,6704
TAM,20100901,20.12,20.50,20.05,20.42,8469
TAM,20100902,20.53,22.85,20.26,21.37,26703
TAM,20100903,21.40,21.68,21.23,21.27,12377
TAM,20100907,21.73,21.78,21.00,21.39,11910
TAM,20100908,21.55,21.93,21.45,21.75,9321
TAM,20100909,22.09,22.37,22.05,22.15,9331
TAM,20100910,22.44,22.69,22.15,22.53,11459
TAM,20100913,22.70,22.87,22.22,22.44,11096
TAM,20100914,22.55,23.05,22.39,23.00,18037
TAM,20100915,22.92,23.28,22.80,23.21,14626
TAM,20100916,23.06,23.27,22.55,22.67,11773
TAM,20100917,22.75,22.83,21.78,22.36,16900
TAM,20100920,22.27,22.89,22.26,22.63,3673
TAM,20100921,22.65,22.94,22.56,22.89,6105
TAM,20100922,23.11,23.30,22.61,22.94,4387
TAM,20100923,22.90,23.29,22.74,23.04,5921
TAM,20100924,23.28,23.42,22.50,22.62,8061
TAM,20100927,22.76,22.99,22.56,22.78,8385
TAM,20100928,22.81,23.13,22.65,23.04,13198
TAM,20100929,22.98,23.13,22.75,23.05,4865
TAM,20100930,23.30,23.33,22.68,23.07,9845
TAM,20101001,23.45,23.59,23.23,23.49,5438
TAM,20101004,23.48,23.49,22.87,23.05,3228
TAM,20101005,23.32,23.49,23.12,23.18,8876
TAM,20101006,23.31,23.45,22.87,23.11,6392
TAM,20101007,23.06,23.44,22.74,23.10,5465
TAM,20101008,23.07,23.56,22.98,23.42,10911
TAM,20101011,23.60,23.91,23.26,23.31,6207
TAM,20101012,23.22,23.93,23.06,23.88,6848
TAM,20101013,24.19,24.99,24.00,24.94,11618
TAM,20101014,25.12,25.73,24.89,25.49,10274
TAM,20101015,25.54,25.67,24.68,24.86,6102
TAM,20101018,24.78,24.87,24.28,24.32,4400
TAM,20101019,23.65,24.12,23.17,23.63,9092
TAM,20101020,23.72,24.35,23.69,24.19,8573
TAM,20101021,24.34,24.57,23.76,24.22,5385
TAM,20101022,24.28,24.35,23.75,24.08,11611
TAM,20101025,24.24,24.33,23.95,24.03,8720
TAM,20101026,23.84,24.32,23.79,24.10,3218
TAM,20101027,24.11,24.20,23.81,23.94,3159
TAM,20101028,24.56,24.56,24.06,24.40,8188
TAM,20101029,24.65,24.84,24.45,24.67,6687
TAM,20101101,24.52,24.95,24.52,24.62,3896
TAM,20101102,24.79,25.21,24.65,25.13,2581
TAM,20101103,25.12,25.40,24.76,25.06,9303
TAM,20101104,25.30,25.66,25.16,25.49,5033
TAM,20101105,25.39,25.51,24.84,25.05,6558
TAM,20101108,24.66,24.74,24.22,24.69,6464
TAM,20101109,24.64,24.97,24.07,24.17,7198
TAM,20101110,24.31,24.62,23.92,24.32,5407
TAM,20101111,23.83,24.33,23.69,24.22,6475
TAM,20101112,24.56,24.63,24.12,24.20,5752
TAM,20101115,24.33,24.72,23.99,24.52,3421
TAM,20101116,24.20,24.48,23.88,24.10,7289
TAM,20101117,24.15,24.74,23.98,24.34,8651
TAM,20101118,24.72,25.12,24.57,25.03,9932
TAM,20101119,24.92,25.78,24.88,25.70,9596
TAM,20101122,25.26,25.53,24.92,25.43,9037
TAM,20101123,24.81,24.92,24.62,24.85,7971
TAM,20101124,25.00,25.29,24.94,25.24,10848
TAM,20101126,24.95,25.48,24.95,25.29,4784
TAM,20101129,24.55,24.93,24.22,24.93,12913
TAM,20101130,24.18,24.37,24.02,24.33,7503
TAM,20101201,24.89,25.25,24.77,25.08,4425
TAM,20101202,25.00,25.42,24.93,25.33,3116
TAM,20101203,25.28,25.92,25.24,25.85,4312
TAM,20101206,25.66,25.66,25.20,25.23,4120
TAM,20101207,25.80,25.83,24.86,24.96,2345
TAM,20101208,24.84,24.97,24.25,24.45,3769
TAM,20101209,24.46,24.67,24.33,24.42,9550
TAM,20101210,24.45,24.56,24.14,24.25,5163
TAM,20101213,24.08,24.41,24.02,24.27,5321
TAM,20101214,23.97,24.36,23.86,24.25,8641
TAM,20101215,24.04,24.18,23.86,23.96,7316
TAM,20101216,24.06,24.16,23.78,23.92,4769
TAM,20101217,23.78,24.27,23.77,24.20,5189
TAM,20101220,24.25,25.01,24.09,24.73,6899
TAM,20101221,25.16,25.44,24.69,24.87,5745
TAM,20101222,24.52,24.72,23.96,24.06,7608
TAM,20101223,24.60,24.71,24.23,24.29,2625
TAM,20101227,24.10,24.25,23.92,23.98,1560
TAM,20101228,23.93,24.05,23.66,23.71,2495
TAM,20101229,24.07,24.65,24.00,24.37,3773
TAM,20101230,24.42,24.69,23.93,24.17,5635
TAM,20101231,24.10,24.41,24.03,24.33,1217
TAM,20110103,24.30,24.81,24.24,24.49,6653
TAM,20110104,24.24,24.52,24.02,24.36,6243
TAM,20110105,24.30,24.51,23.96,24.04,4080
TAM,20110106,23.91,24.02,23.70,23.90,4674
TAM,20110107,23.92,24.09,23.44,23.78,2866
