TLCR,20091001,20.00,22.15,18.01,21.15,203122
TLCR,20091002,20.85,22.80,20.85,22.66,31845
TLCR,20091005,22.25,22.52,21.75,22.30,12930
TLCR,20091006,22.25,22.38,21.40,21.90,9355
TLCR,20091007,21.85,21.88,20.96,21.06,9873
TLCR,20091008,21.05,21.80,21.00,21.47,10427
TLCR,20091009,21.50,21.65,21.06,21.06,3037
TLCR,20091012,21.44,21.65,21.03,21.35,4576
TLCR,20091013,21.50,21.56,21.01,21.25,12992
TLCR,20091014,21.13,21.25,20.30,20.60,16355
TLCR,20091015,20.30,20.33,19.77,19.91,34132
TLCR,20091016,19.82,20.04,19.50,19.97,25614
TLCR,20091019,20.31,20.50,19.25,19.50,8558
TLCR,20091020,19.52,19.55,19.27,19.51,8454
TLCR,20091021,19.60,19.63,19.25,19.40,3222
TLCR,20091022,19.57,19.95,19.37,19.50,5952
TLCR,20091023,19.46,19.75,19.25,19.53,4164
TLCR,20091026,19.59,19.99,19.50,19.90,5021
TLCR,20091027,20.00,20.00,19.37,19.42,3834
TLCR,20091028,19.40,19.59,19.25,19.35,1344
TLCR,20091029,19.53,19.87,19.31,19.75,3953
TLCR,20091030,19.69,20.16,19.52,20.06,6641
TLCR,20091102,19.95,20.11,19.58,19.85,4281
TLCR,20091103,19.55,20.46,19.55,19.92,2293
TLCR,20091104,19.95,20.04,19.71,19.87,3166
TLCR,20091105,19.85,20.21,19.68,20.06,2260
TLCR,20091106,19.77,20.62,19.69,20.43,1137
TLCR,20091109,20.40,20.98,20.28,20.76,990
TLCR,20091110,21.93,23.44,21.60,22.57,21169
TLCR,20091111,23.44,23.44,22.77,23.05,3686
TLCR,20091112,22.69,22.96,20.30,21.28,28906
TLCR,20091113,21.72,22.22,21.50,21.84,11220
TLCR,20091116,21.75,22.15,20.55,20.69,5674
TLCR,20091117,20.50,20.54,19.32,20.32,7641
TLCR,20091118,20.60,20.71,19.76,20.13,6686
TLCR,20091119,20.17,20.44,19.45,19.97,4174
TLCR,20091120,19.89,19.89,19.35,19.65,2277
TLCR,20091123,20.09,20.44,19.25,19.28,2236
TLCR,20091124,19.35,20.38,18.73,20.18,5758
TLCR,20091125,20.01,20.09,19.43,20.04,1273
TLCR,20091127,19.51,19.76,19.25,19.29,1225
TLCR,20091130,19.23,19.23,18.15,18.75,3445
TLCR,20091201,18.94,19.25,18.63,18.97,6125
TLCR,20091202,18.80,18.97,18.67,18.85,2810
TLCR,20091203,18.90,19.00,18.50,18.61,3686
TLCR,20091204,18.61,19.14,18.30,18.68,4125
TLCR,20091207,18.83,19.20,18.41,18.84,2534
TLCR,20091208,18.74,19.20,18.20,19.04,1834
TLCR,20091209,19.10,19.18,18.56,19.10,1890
TLCR,20091210,19.18,19.51,18.69,19.30,2961
TLCR,20091211,19.00,19.62,19.00,19.56,4476
TLCR,20091214,19.79,20.65,19.62,20.41,4892
TLCR,20091215,20.51,21.93,20.01,20.99,7442
TLCR,20091216,21.04,21.80,21.04,21.69,6489
TLCR,20091217,21.50,21.91,21.31,21.60,5772
TLCR,20091218,21.75,21.95,20.51,21.85,38550
TLCR,20091221,22.07,22.07,20.61,22.04,5503
TLCR,20091222,22.09,22.69,21.62,22.55,3559
TLCR,20091223,22.49,22.90,22.42,22.59,7426
TLCR,20091224,22.42,22.96,21.88,22.89,1189
TLCR,20091228,22.71,22.89,21.57,21.93,1994
TLCR,20091229,21.77,22.49,21.52,22.18,1549
TLCR,20091230,21.88,22.15,21.49,21.70,1804
TLCR,20091231,21.69,22.46,21.52,22.27,2242
TLCR,20100104,22.35,22.35,21.61,21.83,3024
TLCR,20100105,21.62,22.55,21.62,22.18,3953
TLCR,20100106,22.44,22.44,21.75,21.95,4406
TLCR,20100107,21.81,22.06,21.81,22.00,2320
TLCR,20100108,21.97,22.07,21.09,21.42,3306
TLCR,20100111,21.41,22.00,21.32,21.73,3653
TLCR,20100112,21.75,23.36,21.65,22.13,15649
TLCR,20100113,22.04,23.29,21.96,23.13,4502
TLCR,20100114,22.96,23.99,22.96,23.83,4866
TLCR,20100115,23.89,24.24,23.52,23.92,4719
TLCR,20100119,24.00,24.03,23.64,23.89,4777
TLCR,20100120,23.99,24.07,23.52,23.59,5104
TLCR,20100121,23.94,23.99,23.17,23.86,6285
TLCR,20100122,24.10,24.41,23.72,23.80,3075
TLCR,20100125,24.03,24.31,23.75,24.00,2962
TLCR,20100126,24.00,24.07,23.23,23.57,2025
TLCR,20100127,23.57,23.97,23.15,23.56,3604
TLCR,20100128,23.50,23.57,23.10,23.33,2915
TLCR,20100129,23.28,23.54,22.70,23.40,1849
TLCR,20100201,23.93,23.93,23.25,23.50,1272
TLCR,20100202,23.67,24.18,22.97,24.12,4305
TLCR,20100203,24.25,24.31,23.33,23.74,1745
TLCR,20100204,23.57,23.80,22.54,23.27,2387
TLCR,20100205,23.21,23.69,21.31,23.01,5139
TLCR,20100208,22.99,23.23,22.45,22.55,1656
TLCR,20100209,22.75,22.75,22.21,22.50,970
TLCR,20100210,22.42,22.80,21.86,22.70,1334
TLCR,20100211,22.50,23.08,22.02,23.01,2853
TLCR,20100212,22.78,23.12,22.32,22.99,923
TLCR,20100216,23.03,23.07,22.35,22.74,2192
TLCR,20100217,22.46,22.96,22.46,22.89,1358
TLCR,20100218,22.74,22.78,22.36,22.54,804
TLCR,20100219,22.56,22.65,22.15,22.16,1000
TLCR,20100222,22.31,22.73,22.20,22.50,7426
TLCR,20100223,22.50,23.30,22.30,23.24,4032
TLCR,20100224,22.36,22.36,21.89,22.06,8480
TLCR,20100225,21.84,21.90,21.35,21.56,6643
TLCR,20100226,21.50,21.70,20.94,21.42,5733
TLCR,20100301,21.48,21.53,20.51,21.50,6685
TLCR,20100302,21.49,22.47,21.49,22.15,3693
TLCR,20100303,22.14,22.50,21.91,22.04,1812
TLCR,20100304,21.98,21.98,21.19,21.24,2144
TLCR,20100305,21.34,22.08,21.07,21.94,2509
TLCR,20100308,22.05,22.05,21.41,21.51,1584
TLCR,20100309,21.50,21.83,21.43,21.69,4587
TLCR,20100310,21.80,21.80,21.48,21.48,2540
TLCR,20100311,21.55,21.59,21.25,21.40,3816
TLCR,20100312,21.42,21.50,21.06,21.26,1692
TLCR,20100315,21.14,21.43,20.84,21.06,2130
TLCR,20100316,21.17,21.56,20.94,21.18,1694
TLCR,20100317,21.13,21.40,20.60,20.64,3546
TLCR,20100318,20.58,20.75,19.98,20.54,7461
TLCR,20100319,20.60,21.35,20.10,21.20,34969
TLCR,20100322,21.03,21.83,20.80,21.09,5243
TLCR,20100323,21.09,21.09,20.39,20.62,2516
TLCR,20100324,20.66,20.79,20.38,20.63,2161
TLCR,20100325,20.64,20.74,19.96,19.96,2283
TLCR,20100326,20.10,20.57,19.90,20.01,2830
TLCR,20100329,19.97,20.46,19.90,20.01,1057
TLCR,20100330,20.10,20.41,20.00,20.33,1344
TLCR,20100331,20.30,20.40,19.77,19.92,2173
TLCR,20100401,20.09,20.35,19.68,19.87,2047
TLCR,20100405,19.85,19.95,19.50,19.80,2988
TLCR,20100406,19.99,20.19,19.74,19.76,5740
TLCR,20100407,19.83,19.99,19.63,19.91,4092
TLCR,20100408,19.88,22.09,19.86,21.78,11685
TLCR,20100409,21.79,21.99,21.34,21.89,7708
TLCR,20100412,21.75,22.62,21.61,22.40,4785
TLCR,20100413,22.27,22.74,21.85,22.47,5965
TLCR,20100414,22.74,23.09,21.43,21.75,6852
TLCR,20100415,21.83,22.26,21.21,22.02,6496
TLCR,20100416,22.00,22.33,21.50,22.09,4607
TLCR,20100419,22.03,22.15,21.64,21.86,1879
TLCR,20100420,21.92,22.25,21.61,22.18,1964
TLCR,20100421,22.18,22.39,21.83,21.98,3865
TLCR,20100422,19.40,20.28,18.29,19.80,43321
TLCR,20100423,19.97,20.95,19.74,19.75,18451
TLCR,20100426,19.85,20.04,19.43,19.71,3468
TLCR,20100427,19.80,20.05,19.12,19.13,3598
TLCR,20100428,19.00,19.20,18.60,18.83,10023
TLCR,20100429,20.00,20.00,17.92,18.59,15174
TLCR,20100430,18.85,19.18,18.65,18.75,3582
TLCR,20100503,18.89,18.98,18.12,18.48,6441
TLCR,20100504,18.35,18.48,17.56,17.65,7963
TLCR,20100505,17.58,18.02,17.23,17.82,17549
TLCR,20100506,17.69,18.02,17.50,17.66,5220
TLCR,20100507,17.77,17.82,17.00,17.41,5914
TLCR,20100510,17.97,18.63,17.65,17.95,6055
TLCR,20100511,17.69,17.77,17.36,17.64,2429
TLCR,20100512,17.75,18.02,17.36,17.74,5628
TLCR,20100513,17.80,18.06,17.63,17.75,3949
TLCR,20100514,17.60,17.85,17.13,17.73,3911
TLCR,20100517,17.86,18.24,17.50,17.97,7460
TLCR,20100518,18.12,18.23,17.50,17.59,5527
TLCR,20100519,17.45,17.65,17.12,17.52,6738
TLCR,20100520,17.22,17.64,16.79,16.79,8023
TLCR,20100521,16.73,17.70,16.52,17.25,26001
TLCR,20100524,17.13,17.27,16.49,16.59,9296
TLCR,20100525,16.26,16.49,15.70,16.43,17291
TLCR,20100526,16.58,16.79,16.00,16.13,33172
TLCR,20100527,16.27,16.58,16.10,16.39,10104
TLCR,20100528,16.44,17.00,15.90,16.58,3699
TLCR,20100601,16.77,16.97,16.23,16.24,5010
TLCR,20100602,16.34,16.54,16.23,16.36,11749
TLCR,20100603,16.43,16.55,16.21,16.47,6509
TLCR,20100604,16.21,16.26,15.75,15.92,2459
TLCR,20100607,22.18,22.35,19.46,20.01,229788
TLCR,20100608,20.02,20.32,19.95,20.20,69532
TLCR,20100609,20.18,20.92,20.14,20.77,72135
TLCR,20100610,21.09,21.39,20.99,21.24,76489
TLCR,20100611,21.12,21.88,21.08,21.81,84191
TLCR,20100614,21.55,22.16,21.55,21.88,51165
TLCR,20100615,21.88,22.06,21.84,21.92,30403
TLCR,20100616,21.87,21.93,21.70,21.92,36309
TLCR,20100617,21.91,21.95,21.51,21.77,26169
TLCR,20100618,21.76,21.80,21.28,21.32,21237
TLCR,20100621,21.56,21.63,21.37,21.41,17597
TLCR,20100622,21.37,21.54,20.87,21.36,7591
TLCR,20100623,21.07,21.54,21.07,21.32,7302
TLCR,20100624,21.33,21.55,21.25,21.35,6384
TLCR,20100625,21.15,21.42,21.15,21.29,11830
TLCR,20100628,21.26,21.50,21.26,21.29,7213
TLCR,20100629,21.20,21.30,21.03,21.09,24525
TLCR,20100630,21.04,21.15,21.02,21.10,10934
TLCR,20100701,21.19,21.22,21.00,21.09,13920
TLCR,20100702,21.27,21.31,21.00,21.16,7004
TLCR,20100706,21.23,21.34,20.96,21.05,10482
TLCR,20100707,20.99,21.29,20.95,21.23,6504
TLCR,20100708,21.26,21.34,21.23,21.31,11222
TLCR,20100709,21.31,21.40,21.27,21.31,7120
TLCR,20100712,21.25,21.30,21.17,21.28,7693
TLCR,20100713,21.60,21.65,21.04,21.47,4116
TLCR,20100714,21.47,21.47,21.20,21.35,5755
TLCR,20100715,21.44,21.45,21.20,21.25,2743
TLCR,20100716,21.25,21.53,21.20,21.31,6899
TLCR,20100719,21.31,21.38,21.20,21.38,12258
TLCR,20100720,21.26,21.49,21.25,21.45,4395
TLCR,20100721,21.33,21.54,21.28,21.43,5491
TLCR,20100722,21.54,21.66,21.48,21.59,6988
TLCR,20100723,21.59,21.75,21.50,21.66,4508
TLCR,20100726,21.75,21.76,21.58,21.73,7146
TLCR,20100727,21.76,21.87,21.75,21.80,20946
TLCR,20100728,21.77,21.89,21.60,21.76,8443
TLCR,20100729,21.85,21.92,21.76,21.91,11735
TLCR,20100730,21.80,22.10,21.80,22.03,16960
TLCR,20100802,22.02,22.22,21.91,22.19,6739
TLCR,20100803,22.07,22.33,22.00,22.24,15360
TLCR,20100804,22.20,22.37,22.17,22.30,9460
TLCR,20100805,22.13,22.44,22.13,22.37,6922
TLCR,20100806,22.26,22.37,22.22,22.28,6133
TLCR,20100809,22.13,22.30,22.13,22.20,16976
TLCR,20100810,22.23,22.25,21.98,22.12,14388
TLCR,20100811,22.04,22.10,21.85,22.02,7008
TLCR,20100812,21.60,22.20,21.60,22.16,5640
TLCR,20100813,22.20,22.33,22.01,22.25,3652
TLCR,20100816,22.22,22.37,22.18,22.25,10359
TLCR,20100817,22.16,22.35,22.16,22.24,17678
TLCR,20100818,22.32,22.48,22.20,22.31,18394
TLCR,20100819,22.26,22.44,22.25,22.30,7226
TLCR,20100820,22.35,22.35,22.15,22.20,4570
TLCR,20100823,22.19,22.30,22.01,22.08,3178
TLCR,20100824,22.06,22.13,21.95,21.99,4030
TLCR,20100825,21.91,21.96,21.81,21.85,5764
TLCR,20100826,21.94,22.08,21.88,22.01,4043
TLCR,20100827,21.95,22.27,21.95,22.22,2876
TLCR,20100830,21.98,22.16,21.96,22.10,3600
TLCR,20100831,22.11,22.17,21.90,21.98,6747
TLCR,20100901,22.05,22.30,21.94,22.17,7570
TLCR,20100902,22.00,22.42,22.00,22.40,7506
TLCR,20100903,22.47,22.73,22.36,22.47,7800
TLCR,20100907,22.40,22.52,22.39,22.45,5350
TLCR,20100908,22.53,22.70,22.47,22.49,4634
TLCR,20100909,22.60,22.83,22.54,22.81,7878
TLCR,20100910,22.77,22.96,22.73,22.94,4122
TLCR,20100913,22.94,23.10,22.82,23.03,5891
TLCR,20100914,23.08,23.15,22.91,23.05,12930
TLCR,20100915,22.89,23.16,22.82,23.07,4266
TLCR,20100916,22.99,23.19,22.90,23.00,14864
TLCR,20100917,22.91,23.00,22.80,22.95,7982
TLCR,20100920,22.84,22.98,22.84,22.90,3476
TLCR,20100921,22.90,23.20,22.85,22.98,15993
TLCR,20100922,23.12,23.30,22.88,22.97,9052
TLCR,20100923,22.90,23.17,22.85,23.08,5237
TLCR,20100924,22.97,23.14,22.90,23.10,2119
TLCR,20100927,23.05,23.18,22.60,22.66,8925
TLCR,20100928,22.70,22.81,22.60,22.80,4565
TLCR,20100929,22.77,22.79,22.69,22.73,5235
TLCR,20100930,22.81,23.10,22.73,22.88,6702
TLCR,20101001,22.99,23.05,22.75,23.05,5850
TLCR,20101004,22.96,23.14,22.78,23.12,6238
TLCR,20101005,23.15,23.30,23.00,23.27,6098
TLCR,20101006,23.27,23.36,23.15,23.20,8975
TLCR,20101007,23.32,23.44,23.20,23.26,23951
TLCR,20101008,23.27,23.42,23.27,23.37,4026
TLCR,20101011,23.48,23.65,23.45,23.57,8966
TLCR,20101012,23.60,23.63,23.40,23.63,7452
TLCR,20101013,23.74,23.80,23.62,23.80,6538
TLCR,20101014,23.86,24.00,23.76,23.94,10419
TLCR,20101015,24.06,24.27,23.94,23.98,7587
TLCR,20101018,24.05,24.13,23.81,24.00,2749
TLCR,20101019,23.84,23.98,23.65,23.80,2872
TLCR,20101020,23.89,23.91,23.78,23.88,2308
TLCR,20101021,23.97,23.99,23.82,23.99,5343
TLCR,20101022,23.99,24.25,23.99,24.14,5086
TLCR,20101025,24.21,24.26,23.85,23.86,5031
TLCR,20101026,23.85,24.01,23.72,23.83,7323
TLCR,20101027,23.75,23.96,23.75,23.93,8196
TLCR,20101028,24.10,24.61,24.07,24.34,11411
TLCR,20101029,24.16,24.63,24.14,24.52,13104
TLCR,20101101,24.34,24.53,24.28,24.42,24481
TLCR,20101102,23.01,23.90,23.00,23.61,68764
TLCR,20101103,23.58,23.81,23.58,23.70,19644
TLCR,20101104,23.81,23.85,23.40,23.63,10762
TLCR,20101105,23.61,23.69,23.15,23.48,5418
TLCR,20101108,23.46,23.47,23.30,23.44,2427
TLCR,20101109,23.50,23.69,23.38,23.51,7649
TLCR,20101110,23.62,23.62,23.27,23.45,3018
TLCR,20101111,23.39,23.39,23.15,23.36,5376
TLCR,20101112,23.29,23.31,23.00,23.07,4051
TLCR,20101115,23.20,23.37,22.52,22.58,19232
TLCR,20101116,22.60,22.69,22.11,22.13,10040
TLCR,20101117,22.26,22.60,22.14,22.40,7586
TLCR,20101118,22.55,22.68,22.34,22.34,4073
TLCR,20101119,22.32,22.41,21.98,22.04,12843
TLCR,20101122,22.01,22.31,22.00,22.21,4914
TLCR,20101123,22.26,22.27,22.03,22.11,2622
TLCR,20101124,22.41,22.50,22.17,22.19,4519
TLCR,20101126,22.12,22.18,22.01,22.05,483
TLCR,20101129,22.17,22.50,21.96,22.07,7605
TLCR,20101130,22.00,22.09,21.62,21.70,8417
TLCR,20101201,21.85,21.91,21.36,21.36,13490
TLCR,20101202,21.52,21.68,21.30,21.64,13938
TLCR,20101203,21.66,22.56,21.65,22.51,21064
TLCR,20101206,22.29,22.55,22.17,22.22,9087
TLCR,20101207,22.36,22.51,22.21,22.22,3023
TLCR,20101208,22.35,22.36,22.18,22.19,6639
TLCR,20101209,22.20,22.44,22.20,22.24,4295
TLCR,20101210,22.26,22.36,22.24,22.29,4244
TLCR,20101213,22.33,22.65,22.27,22.27,1171
TLCR,20101214,22.33,22.57,22.27,22.32,4966
TLCR,20101215,22.38,22.45,22.27,22.35,23627
TLCR,20101216,22.41,22.48,22.31,22.35,12425
TLCR,20101217,22.42,22.44,22.31,22.35,14024
TLCR,20101220,22.44,22.47,22.30,22.45,13117
TLCR,20101221,22.49,22.89,22.49,22.79,10102
TLCR,20101222,22.95,23.02,22.81,23.02,5797
TLCR,20101223,22.93,23.12,22.93,23.12,2728
TLCR,20101227,23.08,23.17,22.89,22.94,2068
TLCR,20101228,22.99,23.09,22.94,23.05,2315
TLCR,20101229,23.03,23.28,22.99,23.28,10916
TLCR,20101230,23.24,23.36,23.18,23.25,2571
TLCR,20101231,23.15,23.32,23.15,23.30,2069
TLCR,20110103,23.10,23.30,22.92,23.14,8779
TLCR,20110104,23.12,23.30,22.92,22.98,15215
TLCR,20110105,22.94,23.08,22.70,22.77,5310
TLCR,20110106,22.92,22.97,22.76,22.95,9530
TLCR,20110107,22.92,23.01,22.84,22.89,2943
