UNM,20090115,15.58,16.26,14.45,15.54,45154
UNM,20090116,16.99,18.28,15.61,16.21,47127
UNM,20090120,16.19,16.21,13.87,14.00,62422
UNM,20090121,14.57,16.37,14.46,16.27,51551
UNM,20090122,15.43,15.80,13.85,14.50,69736
UNM,20090123,14.07,15.65,13.79,15.31,43771
UNM,20090126,15.04,15.57,14.25,14.59,48286
UNM,20090127,14.88,15.36,14.45,15.28,33567
UNM,20090128,16.33,17.29,15.76,16.43,52005
UNM,20090129,15.82,15.82,14.73,14.78,40258
UNM,20090130,14.78,15.19,14.01,14.16,45199
UNM,20090202,13.82,14.88,13.64,14.67,40056
UNM,20090203,14.82,14.82,13.87,14.24,50319
UNM,20090204,14.00,14.84,13.15,14.19,44472
UNM,20090205,13.87,15.29,13.51,14.77,59567
UNM,20090206,15.11,15.25,14.32,14.99,42597
UNM,20090209,14.93,15.38,14.45,14.70,33565
UNM,20090210,14.50,14.70,12.59,12.69,89553
UNM,20090211,12.75,13.25,12.52,12.98,47342
UNM,20090212,12.23,13.27,12.23,13.17,49953
UNM,20090213,13.07,13.63,12.67,12.82,47175
UNM,20090217,12.04,12.42,11.26,11.32,66728
UNM,20090218,12.26,12.26,11.15,11.68,52300
UNM,20090219,11.97,11.97,10.15,10.24,80808
UNM,20090220,10.28,11.16,9.91,10.59,97529
UNM,20090223,10.77,11.03,9.83,9.83,69087
UNM,20090224,10.00,11.39,9.91,11.37,82254
UNM,20090225,11.50,11.50,9.94,10.58,84330
UNM,20090226,11.04,11.32,10.65,11.00,73897
UNM,20090227,10.59,10.78,9.65,10.18,94428
UNM,20090302,9.41,10.04,9.24,9.34,95295
UNM,20090303,9.55,9.76,8.60,8.67,76824
UNM,20090304,8.89,9.60,8.30,9.28,78447
UNM,20090305,8.78,9.03,7.78,7.99,81417
UNM,20090306,8.30,8.33,7.61,8.11,71662
UNM,20090309,7.94,8.49,7.81,8.17,70658
UNM,20090310,8.59,9.69,8.28,9.44,82973
UNM,20090311,9.55,10.17,8.98,9.93,98205
UNM,20090312,9.89,11.01,9.67,10.84,87076
UNM,20090313,10.79,11.35,10.54,11.02,62369
UNM,20090316,11.10,11.55,10.42,10.47,55825
UNM,20090317,10.26,11.48,10.22,11.48,56056
UNM,20090318,11.33,12.82,10.90,12.80,102462
UNM,20090319,13.08,13.23,11.99,12.09,100838
UNM,20090320,12.47,12.47,11.35,11.41,57050
UNM,20090323,11.87,13.35,11.87,13.35,71552
UNM,20090324,12.61,13.65,12.47,12.69,63886
UNM,20090325,12.99,13.41,12.08,12.93,58707
UNM,20090326,12.93,13.58,12.26,13.40,61801
UNM,20090327,12.90,13.45,12.54,13.11,37346
UNM,20090330,12.80,12.81,11.63,11.76,51416
UNM,20090331,11.71,12.72,11.71,12.50,57348
UNM,20090401,12.17,13.21,11.80,13.11,58092
UNM,20090402,13.64,13.86,13.20,13.60,53457
UNM,20090403,13.45,13.94,13.12,13.92,46675
UNM,20090406,13.63,13.86,13.24,13.64,38508
UNM,20090407,12.92,13.45,12.86,13.04,31665
UNM,20090408,13.63,13.95,13.17,13.46,38767
UNM,20090409,14.19,14.96,13.66,14.67,67135
UNM,20090413,14.87,15.11,14.03,14.96,62275
UNM,20090414,14.50,14.70,13.45,13.64,60800
UNM,20090415,13.43,14.82,13.14,14.77,50397
UNM,20090416,14.84,14.96,14.06,14.57,56927
UNM,20090417,14.61,15.35,14.30,15.03,61961
UNM,20090420,14.51,14.66,14.00,14.02,69437
UNM,20090421,13.56,15.42,12.83,15.42,67165
UNM,20090422,14.00,15.20,14.00,14.46,81195
UNM,20090423,14.58,15.20,14.26,15.10,55885
UNM,20090424,15.22,15.38,14.52,15.04,69035
UNM,20090427,14.94,15.48,14.65,15.24,52754
UNM,20090428,14.95,15.64,14.95,15.30,43405
UNM,20090429,15.49,16.31,15.29,16.11,51539
UNM,20090430,16.34,16.61,15.99,16.34,79511
UNM,20090501,16.33,16.93,16.07,16.66,61624
UNM,20090504,16.72,17.77,16.60,17.72,81983
UNM,20090505,17.07,18.11,17.03,17.75,60884
UNM,20090506,18.15,18.25,17.51,18.03,91199
UNM,20090507,18.13,18.44,17.30,17.40,78511
UNM,20090508,17.51,18.94,17.22,18.94,81549
UNM,20090511,18.02,18.16,16.95,17.02,77140
UNM,20090512,17.13,17.42,16.57,16.91,95103
UNM,20090513,16.59,16.80,15.97,16.13,74403
UNM,20090514,15.99,16.95,15.84,16.74,65215
UNM,20090515,16.72,16.81,16.04,16.27,52749
UNM,20090518,16.66,17.61,16.42,17.50,56607
UNM,20090519,17.33,17.59,17.03,17.13,60408
UNM,20090520,17.46,17.77,16.58,16.64,58321
UNM,20090521,16.25,16.76,16.05,16.53,44828
UNM,20090522,16.64,16.88,16.42,16.59,32344
UNM,20090526,16.43,17.51,16.28,17.48,50389
UNM,20090527,17.43,17.51,16.18,16.23,55362
UNM,20090528,16.65,16.92,16.29,16.85,49335
UNM,20090529,16.84,17.16,16.36,17.11,45349
UNM,20090601,17.31,17.56,16.99,17.24,50853
UNM,20090602,17.30,17.88,17.06,17.60,49329
UNM,20090603,17.39,17.39,16.72,16.94,29817
UNM,20090604,17.09,17.47,17.03,17.41,34261
UNM,20090605,17.70,17.80,16.97,17.19,41707
UNM,20090608,16.99,17.46,16.76,17.27,30127
UNM,20090609,17.37,17.37,16.78,16.95,30201
UNM,20090610,17.06,17.06,16.49,16.79,35576
UNM,20090611,16.75,17.20,16.62,17.01,29073
UNM,20090612,16.96,16.96,16.47,16.86,26198
UNM,20090615,16.66,16.74,16.47,16.68,38916
UNM,20090616,16.77,16.87,15.96,15.96,34727
UNM,20090617,15.94,16.11,15.31,15.52,46915
UNM,20090618,15.61,16.00,15.49,15.77,40107
UNM,20090619,15.98,16.24,15.89,16.12,36673
UNM,20090622,15.90,16.06,15.09,15.14,39385
UNM,20090623,15.13,15.44,15.00,15.39,33767
UNM,20090624,15.49,15.98,15.44,15.70,28667
UNM,20090625,15.64,15.97,15.36,15.92,29705
UNM,20090626,15.85,16.01,15.54,15.94,24872
UNM,20090629,15.97,16.16,15.76,15.95,23757
UNM,20090630,15.93,16.15,15.34,15.86,42977
UNM,20090701,16.12,16.12,15.80,16.00,30465
UNM,20090702,15.73,15.88,15.04,15.04,33624
UNM,20090706,14.89,15.15,14.75,15.09,42760
UNM,20090707,15.09,15.21,14.83,14.86,32193
UNM,20090708,14.95,15.22,14.37,14.80,51633
UNM,20090709,15.00,15.40,14.90,15.16,29986
UNM,20090710,15.04,15.14,14.66,14.85,29045
UNM,20090713,15.11,16.04,15.03,16.03,40746
UNM,20090714,16.01,16.12,15.68,15.89,25487
UNM,20090715,16.10,16.64,15.89,16.39,47766
UNM,20090716,16.23,16.51,16.04,16.22,39237
UNM,20090717,16.29,16.41,16.06,16.36,26454
UNM,20090720,16.68,17.16,16.42,17.13,31454
UNM,20090721,17.28,17.45,17.02,17.22,24945
UNM,20090722,16.92,17.50,16.82,17.36,35667
UNM,20090723,17.53,18.15,17.31,18.02,34541
UNM,20090724,17.96,18.99,17.90,18.56,39567
UNM,20090727,18.60,18.93,18.42,18.52,25141
UNM,20090728,18.41,18.70,18.10,18.32,30672
UNM,20090729,18.17,18.41,17.94,18.11,20722
UNM,20090730,18.35,19.10,18.27,18.58,31302
UNM,20090731,18.69,18.89,18.41,18.77,24170
UNM,20090803,19.18,19.23,18.73,19.04,29395
UNM,20090804,18.95,19.97,18.90,19.90,39781
UNM,20090805,20.39,20.44,18.81,19.75,67322
UNM,20090806,19.98,20.35,19.33,20.07,45153
UNM,20090807,20.34,20.80,20.11,20.61,43675
UNM,20090810,20.42,20.61,19.87,20.12,34055
UNM,20090811,19.96,20.40,19.80,20.25,46038
UNM,20090812,20.44,21.35,20.17,21.16,37982
UNM,20090813,21.55,21.98,21.34,21.73,36633
UNM,20090814,21.62,21.73,21.11,21.34,26230
UNM,20090817,20.93,21.03,20.43,20.49,40330
UNM,20090818,20.60,21.10,20.41,21.08,33337
UNM,20090819,20.77,21.49,20.77,21.23,27214
UNM,20090820,21.05,21.75,21.05,21.48,28156
UNM,20090821,21.70,22.17,21.67,22.15,38155
UNM,20090824,22.02,22.44,21.84,21.98,36537
UNM,20090825,21.49,22.95,21.49,22.78,46400
UNM,20090826,22.69,23.00,22.33,22.63,41530
UNM,20090827,22.57,22.74,22.10,22.49,34159
UNM,20090828,22.54,22.87,22.34,22.65,31647
UNM,20090831,22.34,22.72,22.14,22.53,36911
UNM,20090901,22.40,22.55,20.93,21.00,52844
UNM,20090902,20.81,21.20,20.54,21.02,42256
UNM,20090903,21.26,21.70,20.86,21.63,30098
UNM,20090904,21.74,21.81,21.30,21.52,30454
UNM,20090908,21.72,21.93,21.34,21.51,27853
UNM,20090909,21.50,21.95,21.35,21.89,37843
UNM,20090910,21.66,22.02,21.32,21.89,35063
UNM,20090911,21.87,21.99,21.38,21.92,27975
UNM,20090914,21.60,21.93,21.15,21.92,35867
UNM,20090915,21.96,22.29,21.75,21.98,40231
UNM,20090916,22.10,22.95,22.06,22.89,41501
UNM,20090917,22.65,23.25,22.47,22.49,33745
UNM,20090918,22.59,22.72,22.12,22.46,38138
UNM,20090921,22.23,22.34,21.75,22.15,26110
UNM,20090922,22.34,22.79,22.22,22.46,32086
UNM,20090923,21.75,22.31,21.54,21.56,31522
UNM,20090924,21.72,21.72,20.96,21.17,36252
UNM,20090925,21.43,21.57,20.77,20.83,38440
UNM,20090928,20.71,21.44,20.71,21.44,53208
UNM,20090929,21.54,21.82,21.35,21.69,49859
UNM,20090930,21.73,21.96,21.13,21.44,49754
UNM,20091001,21.72,21.79,20.41,20.41,43256
UNM,20091002,20.10,20.68,19.93,20.35,34527
UNM,20091005,20.61,21.12,20.27,21.11,35666
UNM,20091006,21.09,21.83,20.69,21.53,38516
UNM,20091007,21.48,21.65,21.18,21.65,25891
UNM,20091008,21.72,22.15,21.60,21.67,27419
UNM,20091009,21.60,21.88,21.55,21.60,25275
UNM,20091012,21.85,22.04,21.59,21.92,17414
UNM,20091013,21.76,21.93,21.55,21.84,27948
UNM,20091014,22.18,22.78,22.10,22.74,35699
UNM,20091015,22.49,22.75,22.29,22.49,24379
UNM,20091016,22.25,22.30,21.75,21.78,36761
UNM,20091019,21.91,22.52,21.87,22.42,20659
UNM,20091020,22.50,22.50,21.85,21.99,33875
UNM,20091021,21.89,22.13,21.29,21.31,52431
UNM,20091022,21.33,21.90,21.02,21.90,28233
UNM,20091023,21.85,21.87,21.21,21.34,25230
UNM,20091026,21.42,21.63,20.62,20.75,28598
UNM,20091027,20.78,21.08,20.46,20.50,25991
UNM,20091028,20.36,20.60,19.83,19.87,38507
UNM,20091029,20.28,21.26,20.17,21.19,42082
UNM,20091030,21.00,21.00,19.90,19.95,54565
UNM,20091102,20.15,20.66,19.82,20.23,35227
UNM,20091103,19.91,20.33,19.91,20.19,45635
UNM,20091104,20.20,20.20,19.13,19.18,68330
UNM,20091105,19.30,19.43,18.87,19.20,48465
UNM,20091106,18.87,19.60,18.80,19.53,31311
UNM,20091109,19.71,20.36,19.71,20.36,41496
UNM,20091110,20.14,20.46,19.95,20.23,36138
UNM,20091111,20.52,20.74,20.40,20.55,29071
UNM,20091112,20.38,20.49,19.46,19.50,55052
UNM,20091113,19.68,19.83,19.49,19.65,46102
UNM,20091116,19.96,20.22,19.87,20.06,36617
UNM,20091117,19.93,20.09,19.79,19.80,49762
UNM,20091118,19.73,19.83,19.49,19.55,41370
UNM,20091119,19.37,19.46,18.99,19.13,27813
UNM,20091120,19.02,19.19,18.87,19.08,39376
UNM,20091123,19.41,19.47,19.16,19.31,25381
UNM,20091124,19.31,19.54,19.20,19.37,36321
UNM,20091125,19.50,19.74,19.33,19.66,24377
UNM,20091127,19.05,19.48,18.84,18.90,16445
UNM,20091130,18.96,19.08,18.67,19.04,37793
UNM,20091201,19.25,19.25,18.93,19.02,28630
UNM,20091202,19.07,19.39,18.85,19.37,35004
UNM,20091203,19.40,20.00,18.74,18.76,36764
UNM,20091204,19.05,19.38,18.71,19.09,43293
UNM,20091207,19.06,19.26,18.81,18.88,30540
UNM,20091208,18.88,18.92,18.56,18.63,28135
UNM,20091209,18.60,18.91,18.48,18.64,39209
UNM,20091210,18.73,19.06,18.69,18.92,23581
UNM,20091211,19.00,19.14,18.84,19.04,28152
UNM,20091214,19.15,19.46,19.03,19.42,21814
UNM,20091215,19.20,19.36,18.97,19.04,25679
UNM,20091216,19.17,19.50,19.15,19.26,28530
UNM,20091217,19.88,19.88,19.21,19.28,41095
UNM,20091218,19.40,19.41,18.90,19.15,31455
UNM,20091221,19.20,19.52,19.20,19.44,27050
UNM,20091222,19.50,19.87,19.50,19.67,19369
UNM,20091223,19.73,19.94,19.67,19.83,11624
UNM,20091224,19.98,20.06,19.90,20.04,5016
UNM,20091228,20.07,20.13,19.97,20.08,15085
UNM,20091229,20.12,20.26,20.02,20.10,17349
UNM,20091230,19.91,20.00,19.75,19.90,13098
UNM,20091231,19.97,20.09,19.50,19.52,15423
UNM,20100104,19.73,20.05,19.55,19.94,31103
UNM,20100105,19.85,20.29,19.80,20.23,19890
UNM,20100106,20.25,20.51,20.19,20.41,24352
UNM,20100107,20.24,20.92,20.07,20.86,37695
UNM,20100108,20.80,20.80,20.41,20.58,20463
UNM,20100111,20.58,20.99,20.58,20.96,21726
UNM,20100112,20.79,21.24,20.79,20.91,50540
UNM,20100113,21.01,21.15,20.77,21.05,26867
UNM,20100114,20.95,21.69,20.95,21.45,57548
UNM,20100115,21.41,21.79,21.30,21.39,61009
UNM,20100119,21.29,21.92,21.26,21.64,35268
UNM,20100120,21.50,21.61,21.17,21.53,39543
UNM,20100121,21.53,21.56,20.93,20.98,50311
UNM,20100122,20.99,21.09,20.15,20.19,36684
UNM,20100125,20.48,20.61,20.23,20.33,25027
UNM,20100126,20.13,20.41,19.76,19.80,29085
UNM,20100127,19.81,20.01,19.45,19.99,34718
UNM,20100128,19.92,20.03,19.59,19.61,40378
UNM,20100129,19.69,20.11,19.52,19.57,33365
UNM,20100201,19.71,20.14,19.59,20.10,31751
UNM,20100202,20.17,20.80,20.00,20.67,36105
UNM,20100203,20.45,20.62,19.75,19.95,37134
UNM,20100204,19.74,19.74,18.86,18.90,41271
UNM,20100205,18.90,19.23,18.56,19.22,48170
UNM,20100208,19.18,19.22,18.73,18.73,27486
UNM,20100209,19.04,19.38,18.78,19.01,33932
UNM,20100210,19.04,19.33,18.90,19.14,31120
UNM,20100211,19.14,19.50,18.97,19.42,28632
UNM,20100212,19.11,19.55,18.78,19.52,36299
UNM,20100216,19.74,20.08,19.62,20.08,30840
UNM,20100217,20.63,20.74,20.19,20.53,33160
UNM,20100218,20.48,20.94,20.40,20.92,36395
UNM,20100219,20.85,21.07,20.67,21.01,29203
UNM,20100222,20.93,21.10,20.87,21.01,16034
UNM,20100223,20.91,21.09,20.57,20.64,37347
UNM,20100224,20.77,20.99,20.64,20.93,27719
UNM,20100225,20.68,20.81,20.42,20.78,27999
UNM,20100226,20.84,20.96,20.62,20.81,26152
UNM,20100301,20.89,21.32,20.86,21.31,25354
UNM,20100302,21.38,21.43,21.16,21.30,25075
UNM,20100303,21.33,21.50,21.24,21.35,28252
UNM,20100304,21.44,21.68,21.29,21.68,22676
UNM,20100305,21.85,22.25,21.66,22.20,33385
UNM,20100308,22.26,22.54,22.19,22.42,25059
UNM,20100309,22.26,22.56,22.24,22.48,26198
UNM,20100310,22.58,22.83,22.37,22.77,22978
UNM,20100311,22.90,23.25,22.83,23.25,31954
UNM,20100312,23.43,23.55,23.02,23.40,42620
UNM,20100315,23.40,23.93,23.28,23.84,42061
UNM,20100316,23.90,24.23,23.75,24.17,35536
UNM,20100317,24.88,24.91,24.32,24.43,47812
UNM,20100318,24.34,24.42,24.19,24.33,26219
UNM,20100319,23.63,24.48,23.63,23.93,51423
UNM,20100322,23.59,24.01,23.55,23.89,32228
UNM,20100323,23.90,24.22,23.73,24.19,33935
UNM,20100324,24.08,24.31,23.97,24.18,27522
UNM,20100325,24.37,24.70,24.18,24.39,42148
UNM,20100326,24.41,24.78,24.41,24.65,41248
UNM,20100329,24.76,25.00,24.75,24.87,37318
UNM,20100330,24.89,25.00,24.70,24.73,20503
UNM,20100331,24.58,24.94,24.56,24.77,47518
UNM,20100401,24.97,25.31,24.93,25.17,19276
UNM,20100405,25.21,25.45,25.19,25.34,26003
UNM,20100406,25.22,25.84,25.13,25.60,35234
UNM,20100407,25.57,25.65,25.13,25.36,25854
UNM,20100408,25.24,25.49,25.09,25.43,18796
UNM,20100409,25.43,25.53,25.31,25.53,23332
UNM,20100412,25.65,25.72,25.46,25.54,17275
UNM,20100413,25.46,25.64,25.28,25.59,13220
UNM,20100414,25.69,26.42,25.69,26.41,25282
UNM,20100415,26.00,26.20,25.76,26.07,26976
UNM,20100416,25.92,26.01,24.96,25.32,42683
UNM,20100419,25.10,25.50,24.95,25.48,31138
UNM,20100420,25.67,25.94,25.64,25.89,19716
UNM,20100421,25.95,26.18,25.34,25.65,28303
UNM,20100422,25.38,25.56,24.92,25.51,23703
UNM,20100423,25.46,25.94,25.39,25.91,21033
UNM,20100426,25.84,26.09,25.63,25.64,21849
UNM,20100427,25.41,25.56,24.18,24.27,44273
UNM,20100428,24.57,24.94,24.14,24.28,49144
UNM,20100429,24.63,24.97,24.41,24.71,48137
UNM,20100430,24.91,25.17,24.36,24.47,45759
UNM,20100503,24.71,24.82,24.20,24.36,37794
UNM,20100504,24.05,24.06,23.44,23.57,58442
UNM,20100505,23.10,24.31,22.91,23.58,56657
UNM,20100506,23.45,23.83,21.03,22.66,55062
UNM,20100507,22.41,23.01,21.86,22.44,75414
UNM,20100510,23.69,24.32,23.66,24.32,47579
UNM,20100511,23.93,24.50,23.75,24.05,29744
UNM,20100512,24.20,24.38,23.95,24.31,43252
UNM,20100513,24.21,24.24,23.54,23.57,36630
UNM,20100514,23.29,23.38,22.49,22.71,52123
UNM,20100517,22.73,22.91,22.15,22.59,74673
UNM,20100518,22.80,22.93,21.95,22.07,62867
UNM,20100519,21.96,22.39,21.54,22.05,74753
UNM,20100520,21.63,21.97,21.03,21.51,187244
UNM,20100521,21.17,22.53,21.05,22.46,75781
UNM,20100524,22.33,22.50,22.01,22.08,43828
UNM,20100525,21.28,22.31,20.98,22.19,108403
UNM,20100526,22.44,22.81,22.26,22.40,66430
UNM,20100527,22.89,23.56,22.68,23.52,41355
UNM,20100528,23.53,23.77,23.02,23.10,52707
UNM,20100601,22.41,23.23,22.41,22.62,41411
UNM,20100602,22.70,23.41,22.65,23.40,37113
UNM,20100603,23.36,23.55,23.06,23.26,29828
UNM,20100604,22.64,22.77,22.19,22.28,71768
UNM,20100607,22.31,22.47,21.72,21.73,68159
UNM,20100608,21.91,22.36,21.59,22.28,54824
UNM,20100609,22.51,22.76,22.06,22.14,39209
UNM,20100610,22.60,23.10,22.49,23.06,28869
UNM,20100611,22.61,23.34,22.58,23.29,32423
UNM,20100614,23.50,23.73,23.27,23.35,36473
UNM,20100615,23.53,23.85,23.23,23.82,33679
UNM,20100616,23.62,23.74,23.28,23.43,29074
UNM,20100617,23.56,23.58,23.13,23.36,24171
UNM,20100618,23.46,23.58,23.38,23.58,22064
UNM,20100621,23.96,24.34,23.28,23.44,18601
UNM,20100622,23.54,23.68,22.93,22.96,26149
UNM,20100623,23.01,23.07,22.56,22.74,28526
UNM,20100624,22.59,22.72,22.24,22.33,33829
UNM,20100625,22.48,22.76,22.06,22.69,36418
UNM,20100628,22.80,22.95,22.60,22.79,27436
UNM,20100629,22.41,22.44,21.76,21.91,45757
UNM,20100630,21.83,22.21,21.65,21.70,45203
UNM,20100701,21.69,21.78,20.92,21.34,46717
UNM,20100702,21.47,21.59,20.98,21.26,31092
UNM,20100706,21.57,21.81,20.99,21.30,41897
UNM,20100707,21.41,21.99,21.31,21.95,50867
UNM,20100708,22.20,22.44,21.92,22.40,31404
UNM,20100709,22.45,22.70,22.35,22.66,20669
UNM,20100712,22.51,22.72,22.33,22.51,23857
UNM,20100713,22.82,23.01,22.73,22.89,28691
UNM,20100714,22.71,22.72,22.24,22.44,37289
UNM,20100715,22.43,22.53,21.99,22.46,32397
UNM,20100716,22.19,22.22,21.64,21.73,39846
UNM,20100719,21.90,21.97,21.34,21.72,23689
UNM,20100720,21.29,22.15,21.28,22.15,32639
UNM,20100721,22.28,22.45,21.73,21.80,44979
UNM,20100722,22.05,22.12,21.60,21.81,76477
UNM,20100723,21.68,22.49,21.56,22.46,57360
UNM,20100726,22.48,22.61,22.18,22.32,41779
UNM,20100727,22.62,23.00,22.53,22.88,43636
UNM,20100728,22.70,22.81,22.38,22.39,27121
UNM,20100729,22.86,23.10,22.28,22.74,40191
UNM,20100730,22.40,22.99,22.32,22.82,26692
UNM,20100802,23.21,23.57,22.84,23.24,41805
UNM,20100803,23.15,23.16,22.31,22.73,32749
UNM,20100804,22.76,22.93,21.50,21.83,95745
UNM,20100805,21.64,21.92,21.50,21.88,28044
UNM,20100806,21.54,21.87,21.30,21.81,48136
UNM,20100809,21.85,22.34,21.73,22.31,27428
UNM,20100810,22.05,22.18,21.83,21.92,54895
UNM,20100811,21.53,21.58,20.91,20.92,39451
UNM,20100812,20.64,20.87,20.60,20.78,30214
UNM,20100813,20.72,21.01,20.63,20.81,31177
UNM,20100816,20.62,20.85,20.54,20.72,22372
UNM,20100817,20.96,21.13,20.84,21.03,22871
UNM,20100818,21.02,21.12,20.75,21.01,19130
UNM,20100819,20.91,20.96,20.26,20.43,29546
UNM,20100820,20.28,20.46,20.06,20.33,24066
UNM,20100823,20.41,20.66,20.35,20.41,22622
UNM,20100824,20.13,20.25,19.80,19.81,32038
UNM,20100825,19.68,19.69,19.35,19.58,51784
UNM,20100826,19.72,19.77,19.31,19.45,30640
UNM,20100827,19.60,20.22,19.30,20.21,23319
UNM,20100830,20.12,20.19,19.58,19.60,15821
UNM,20100831,19.49,20.18,19.45,20.05,34530
UNM,20100901,20.37,20.97,20.32,20.93,38128
UNM,20100902,20.91,21.45,20.75,21.45,35767
UNM,20100903,21.80,22.30,21.65,22.27,39145
UNM,20100907,22.07,22.07,21.29,21.29,30465
UNM,20100908,21.42,21.70,21.35,21.39,21780
UNM,20100909,21.78,21.92,21.50,21.67,16334
UNM,20100910,21.69,22.06,21.51,21.87,23260
UNM,20100913,22.17,22.26,21.89,22.24,18179
UNM,20100914,22.21,22.31,21.95,22.17,26623
UNM,20100915,21.95,22.21,21.85,22.15,19420
UNM,20100916,22.09,22.13,21.93,22.12,14187
UNM,20100917,22.27,22.32,22.10,22.20,39551
UNM,20100920,22.27,22.71,22.17,22.64,17674
UNM,20100921,22.63,22.80,22.40,22.52,26104
UNM,20100922,22.44,22.49,22.09,22.20,40673
UNM,20100923,21.91,22.12,21.80,21.90,28008
UNM,20100924,21.77,22.45,21.69,22.40,37435
UNM,20100927,22.29,22.37,22.12,22.15,29668
UNM,20100928,22.15,22.45,21.91,22.35,20207
UNM,20100929,22.20,22.39,22.15,22.25,22792
UNM,20100930,22.40,22.58,22.08,22.15,27013
UNM,20101001,22.30,22.34,21.80,22.04,28162
UNM,20101004,22.00,22.11,21.71,21.80,28705
UNM,20101005,22.05,22.55,21.66,22.50,25950
UNM,20101006,22.51,22.57,22.37,22.45,17915
UNM,20101007,22.61,22.74,22.20,22.34,21493
UNM,20101008,22.40,22.42,22.01,22.37,23182
UNM,20101011,22.47,22.51,22.26,22.30,14640
UNM,20101012,22.19,22.33,21.93,22.25,31281
UNM,20101013,22.40,22.86,22.32,22.55,30472
UNM,20101014,22.50,22.96,22.31,22.52,27005
UNM,20101015,22.85,22.87,22.33,22.52,27568
UNM,20101018,22.48,22.86,22.42,22.84,15463
UNM,20101019,22.47,22.89,22.19,22.27,44420
UNM,20101020,22.34,22.40,22.12,22.27,40952
UNM,20101021,22.36,22.98,22.19,22.45,41731
UNM,20101022,22.49,22.61,22.34,22.42,19214
UNM,20101025,22.62,22.68,22.31,22.35,24702
UNM,20101026,22.27,22.47,22.22,22.42,39120
UNM,20101027,22.16,22.93,22.15,22.84,37029
UNM,20101028,22.99,23.08,22.59,22.77,19823
UNM,20101029,22.66,22.66,22.22,22.42,21590
UNM,20101101,22.52,22.98,22.26,22.47,19634
UNM,20101102,22.70,22.91,22.57,22.82,23108
UNM,20101103,22.55,22.81,21.74,22.07,51301
UNM,20101104,22.44,22.96,22.27,22.92,29208
UNM,20101105,22.91,23.27,22.73,22.88,22500
UNM,20101108,22.75,22.82,22.21,22.35,23872
UNM,20101109,22.41,22.44,21.67,21.74,34864
UNM,20101110,21.78,22.12,21.51,22.11,35283
UNM,20101111,21.87,22.34,21.69,22.08,27681
UNM,20101112,21.88,22.01,21.74,21.83,23675
UNM,20101115,21.91,22.17,21.81,21.99,20260
UNM,20101116,21.87,22.08,21.51,21.59,33884
UNM,20101117,21.64,22.31,21.59,21.82,30125
UNM,20101118,22.16,22.48,22.07,22.21,24861
UNM,20101119,22.14,22.33,22.03,22.17,17930
UNM,20101122,22.01,22.11,21.76,22.02,17132
UNM,20101123,21.74,21.77,21.45,21.48,24517
UNM,20101124,21.81,22.12,21.70,22.00,16753
UNM,20101126,21.68,21.87,21.65,21.69,7206
UNM,20101129,21.46,21.81,21.40,21.73,15594
UNM,20101130,21.46,21.67,21.34,21.49,21201
UNM,20101201,21.82,22.22,21.53,22.20,24139
UNM,20101202,22.32,22.73,22.24,22.68,25627
UNM,20101203,22.59,22.61,22.18,22.50,22283
UNM,20101206,22.34,22.49,22.27,22.40,14497
UNM,20101207,22.70,22.88,22.47,22.66,24430
UNM,20101208,22.64,23.34,22.64,23.26,38284
UNM,20101209,23.39,23.47,23.16,23.37,26317
UNM,20101210,23.43,23.72,23.27,23.71,17092
UNM,20101213,23.87,24.12,23.67,23.95,29788
UNM,20101214,24.09,24.31,23.83,23.92,34536
UNM,20101215,23.97,24.19,23.75,23.75,32149
UNM,20101216,23.82,23.96,23.63,23.65,21890
UNM,20101217,23.62,23.95,23.56,23.83,30663
UNM,20101220,23.90,24.03,23.82,23.99,14744
UNM,20101221,24.16,24.35,24.04,24.34,18482
UNM,20101222,24.39,24.59,24.36,24.58,17791
UNM,20101223,24.51,24.58,24.25,24.37,14055
UNM,20101227,24.25,24.57,24.21,24.51,10861
UNM,20101228,24.53,24.58,24.32,24.41,11020
UNM,20101229,24.40,24.48,24.24,24.27,8309
UNM,20101230,24.24,24.33,24.13,24.19,8133
UNM,20101231,24.16,24.32,24.03,24.22,11846
UNM,20110103,24.44,24.88,24.44,24.83,18112
UNM,20110104,24.84,24.95,24.63,24.79,20385
UNM,20110105,24.64,25.06,24.64,25.06,28480
UNM,20110106,25.05,25.11,24.87,25.02,16035
UNM,20110107,25.11,25.15,24.69,24.91,17924
