URBN,20090115,14.96,16.58,14.72,15.87,86469
URBN,20090116,16.15,16.50,15.28,16.14,66089
URBN,20090120,15.86,16.07,14.89,15.02,55720
URBN,20090121,15.00,15.96,14.76,15.93,48048
URBN,20090122,15.45,16.29,14.81,15.76,51340
URBN,20090123,15.45,16.12,15.23,15.94,43726
URBN,20090126,15.94,16.68,15.85,16.41,41395
URBN,20090127,16.28,16.78,16.02,16.42,33840
URBN,20090128,16.77,17.29,16.51,16.94,44439
URBN,20090129,16.95,16.95,16.04,16.21,36053
URBN,20090130,16.05,16.53,15.42,15.58,40391
URBN,20090202,15.45,16.16,15.23,15.68,42154
URBN,20090203,15.70,16.15,15.28,15.96,29722
URBN,20090204,15.96,16.29,15.43,15.76,42993
URBN,20090205,16.25,17.25,16.09,16.84,89221
URBN,20090206,16.86,18.18,16.79,17.85,57625
URBN,20090209,17.75,18.30,17.45,17.80,41701
URBN,20090210,17.62,17.80,16.25,16.42,64482
URBN,20090211,16.54,16.92,16.25,16.54,40485
URBN,20090212,16.43,17.09,16.13,17.06,54008
URBN,20090213,17.01,17.09,16.39,16.50,39046
URBN,20090217,16.06,16.33,15.55,15.98,50230
URBN,20090218,15.90,16.24,15.47,15.84,49480
URBN,20090219,16.11,16.44,15.51,15.57,42700
URBN,20090220,15.43,16.27,15.32,16.07,62649
URBN,20090223,16.12,16.46,15.86,16.09,70686
URBN,20090224,16.01,17.25,15.93,17.09,58844
URBN,20090225,16.94,17.39,16.45,16.93,60701
URBN,20090226,17.11,17.50,16.39,16.55,58908
URBN,20090227,16.31,17.00,16.02,16.64,49680
URBN,20090302,17.10,17.14,16.11,16.24,89139
URBN,20090303,16.44,16.55,15.23,15.61,67935
URBN,20090304,15.86,16.21,15.47,15.97,63084
URBN,20090305,14.41,15.25,13.94,14.81,130779
URBN,20090306,14.63,14.88,13.74,14.13,74513
URBN,20090309,13.63,14.82,13.63,14.54,49258
URBN,20090310,14.87,16.13,14.73,16.06,58215
URBN,20090311,16.09,16.57,15.75,16.39,44057
URBN,20090312,16.39,17.41,16.08,17.26,55428
URBN,20090313,17.32,17.46,16.85,17.28,34909
URBN,20090316,17.26,17.43,16.76,16.77,53001
URBN,20090317,17.04,18.16,16.87,18.16,53932
URBN,20090318,18.00,19.04,17.85,18.63,59952
URBN,20090319,18.91,19.12,18.54,18.69,58480
URBN,20090320,17.99,18.26,17.07,17.39,75406
URBN,20090323,17.01,17.73,16.52,17.72,72581
URBN,20090324,17.48,18.00,16.98,17.01,54614
URBN,20090325,16.91,17.15,15.42,16.02,100905
URBN,20090326,16.00,16.24,15.57,16.23,124695
URBN,20090327,15.99,17.08,15.91,16.59,82638
URBN,20090330,16.37,16.63,15.99,16.51,56319
URBN,20090331,16.59,16.75,15.82,16.37,57883
URBN,20090401,15.06,15.71,14.91,15.38,154555
URBN,20090402,15.92,16.20,15.15,15.59,71012
URBN,20090403,15.59,16.64,15.41,16.62,60222
URBN,20090406,16.63,16.63,15.69,16.04,50761
URBN,20090407,15.75,15.83,15.13,15.35,33865
URBN,20090408,15.44,16.12,15.36,16.12,38831
URBN,20090409,16.47,17.34,16.38,17.34,46862
URBN,20090413,17.28,17.29,16.98,17.17,34045
URBN,20090414,16.94,17.04,16.25,16.32,36294
URBN,20090415,16.28,16.57,15.90,16.53,43668
URBN,20090416,16.85,17.27,16.37,17.12,28596
URBN,20090417,17.12,17.62,16.94,17.52,32990
URBN,20090420,16.64,17.06,16.12,16.55,33535
URBN,20090421,16.39,17.15,16.16,16.98,34319
URBN,20090422,16.75,18.15,16.44,17.49,45830
URBN,20090423,17.08,17.61,16.59,16.80,64807
URBN,20090424,16.78,17.17,16.54,16.96,44095
URBN,20090427,16.40,17.23,16.40,16.58,34514
URBN,20090428,16.49,17.49,16.26,17.16,39184
URBN,20090429,17.40,18.69,17.36,18.36,97285
URBN,20090430,17.77,20.17,17.77,19.49,90153
URBN,20090501,18.93,19.76,18.73,19.14,65988
URBN,20090504,19.70,20.66,19.46,20.36,50500
URBN,20090505,20.31,21.24,20.08,21.05,59250
URBN,20090506,21.23,21.60,19.34,20.11,74894
URBN,20090507,20.24,20.95,18.68,19.30,74585
URBN,20090508,19.69,19.75,18.28,19.07,49251
URBN,20090511,18.65,19.48,18.31,19.06,38348
URBN,20090512,19.22,19.48,18.41,19.03,43917
URBN,20090513,18.79,19.06,18.27,18.83,48702
URBN,20090514,19.00,20.38,18.69,19.04,105226
URBN,20090515,19.06,19.27,18.58,18.76,41929
URBN,20090518,18.96,19.59,18.82,19.59,32463
URBN,20090519,19.35,19.97,19.00,19.74,35848
URBN,20090520,20.05,20.92,19.44,19.57,45400
URBN,20090521,19.43,19.93,19.14,19.47,35248
URBN,20090522,19.88,19.91,19.16,19.64,26922
URBN,20090526,19.11,20.49,18.94,20.36,42867
URBN,20090527,20.20,20.86,19.85,20.12,45618
URBN,20090528,20.66,20.66,19.53,20.05,35445
URBN,20090529,20.49,20.74,19.81,20.42,40820
URBN,20090601,20.87,22.26,20.55,21.85,51906
URBN,20090602,21.63,22.88,21.56,22.59,56916
URBN,20090603,22.20,22.33,21.70,22.15,53970
URBN,20090604,22.03,22.03,21.08,21.70,37709
URBN,20090605,21.86,22.11,20.98,21.26,56147
URBN,20090608,21.05,21.26,20.49,21.06,59073
URBN,20090609,21.27,22.22,21.18,22.01,71123
URBN,20090610,22.30,22.48,21.51,21.98,59867
URBN,20090611,21.84,22.16,20.90,21.11,43037
URBN,20090612,21.14,21.66,20.76,21.58,41133
URBN,20090615,21.10,21.21,20.49,21.11,53749
URBN,20090616,21.31,21.33,20.01,20.27,71996
URBN,20090617,20.35,21.25,20.12,21.02,71454
URBN,20090618,20.88,21.10,20.45,20.82,28694
URBN,20090619,21.08,21.64,20.70,21.55,58385
URBN,20090622,21.18,21.18,20.40,20.47,45865
URBN,20090623,20.67,20.99,19.92,20.12,60962
URBN,20090624,20.19,20.94,19.95,20.52,42181
URBN,20090625,20.45,21.46,20.31,21.23,31781
URBN,20090626,21.14,21.39,20.90,21.15,36333
URBN,20090629,21.10,21.30,20.63,21.04,23960
URBN,20090630,21.00,21.29,20.50,20.89,45286
URBN,20090701,21.04,21.53,20.67,20.69,40151
URBN,20090702,20.38,20.69,19.62,19.85,43751
URBN,20090706,19.61,19.94,19.07,19.63,39050
URBN,20090707,19.61,19.70,18.88,18.93,44746
URBN,20090708,19.07,19.83,19.07,19.77,49618
URBN,20090709,19.70,19.95,19.07,19.33,34882
URBN,20090710,19.25,19.70,19.08,19.35,29460
URBN,20090713,19.50,20.38,18.85,20.36,48001
URBN,20090714,20.31,21.09,20.14,21.06,54214
URBN,20090715,21.38,22.02,21.25,21.98,50311
URBN,20090716,21.91,21.91,21.25,21.63,38348
URBN,20090717,21.69,21.69,21.25,21.53,30172
URBN,20090720,21.44,21.94,21.32,21.81,40048
URBN,20090721,21.93,21.97,21.07,21.50,40136
URBN,20090722,21.42,22.37,21.28,21.98,33397
URBN,20090723,21.87,22.84,21.56,22.45,36509
URBN,20090724,22.18,22.58,21.85,22.47,22773
URBN,20090727,22.35,22.42,21.62,22.22,19386
URBN,20090728,22.47,22.66,21.89,22.56,35467
URBN,20090729,22.45,23.18,22.20,22.78,30017
URBN,20090730,23.08,24.01,23.01,23.52,35239
URBN,20090731,23.61,24.31,23.33,24.04,37028
URBN,20090803,24.22,24.83,23.80,24.81,41056
URBN,20090804,24.57,24.81,24.31,24.43,32510
URBN,20090805,24.57,24.72,23.85,24.56,28976
URBN,20090806,24.59,26.97,24.29,26.28,68709
URBN,20090807,26.98,28.59,26.95,28.06,71077
URBN,20090810,27.71,27.71,26.63,26.84,47022
URBN,20090811,26.89,27.74,26.45,27.46,47609
URBN,20090812,27.40,28.48,27.34,28.22,44736
URBN,20090813,30.20,30.50,28.34,29.06,96276
URBN,20090814,28.78,28.95,27.88,27.99,42387
URBN,20090817,27.45,27.76,27.05,27.23,42454
URBN,20090818,28.06,28.23,27.50,28.12,47003
URBN,20090819,27.86,28.19,27.53,27.96,33962
URBN,20090820,28.10,28.30,27.90,28.14,26223
URBN,20090821,28.47,28.90,28.18,28.80,26875
URBN,20090824,28.71,28.90,28.14,28.22,28483
URBN,20090825,28.40,29.71,28.30,28.95,36700
URBN,20090826,28.91,29.22,28.51,28.88,26507
URBN,20090827,28.74,29.03,28.12,28.46,15826
URBN,20090828,28.70,28.91,27.98,28.68,30099
URBN,20090831,28.40,28.54,27.82,28.43,21090
URBN,20090901,28.12,29.12,27.54,27.68,45575
URBN,20090902,27.50,27.80,27.21,27.42,29997
URBN,20090903,28.50,28.73,27.93,28.63,40101
URBN,20090904,28.82,29.19,28.27,29.10,21192
URBN,20090908,29.20,29.43,28.68,28.92,37228
URBN,20090909,29.10,31.00,29.05,30.60,76015
URBN,20090910,30.71,30.75,29.75,30.02,40413
URBN,20090911,30.01,30.32,29.65,29.79,31908
URBN,20090914,29.68,30.74,29.49,30.69,48505
URBN,20090915,30.65,31.00,30.31,30.78,31637
URBN,20090916,30.78,31.25,30.55,31.10,42287
URBN,20090917,31.03,31.15,30.36,30.83,26660
URBN,20090918,31.07,31.44,30.74,31.29,42550
URBN,20090921,31.05,31.55,30.73,31.15,22073
URBN,20090922,31.31,31.96,30.85,31.68,35792
URBN,20090923,31.80,31.91,30.82,30.90,28560
URBN,20090924,30.97,31.12,30.11,30.22,29413
URBN,20090925,30.15,30.23,29.59,29.74,29428
URBN,20090928,29.99,30.53,29.90,30.52,24808
URBN,20090929,30.40,30.99,30.33,30.68,18018
URBN,20090930,30.88,30.88,30.00,30.17,28071
URBN,20091001,30.11,30.15,29.09,29.31,46295
URBN,20091002,28.80,29.58,28.70,28.91,33884
URBN,20091005,29.15,30.10,28.93,30.00,25561
URBN,20091006,30.62,31.20,30.28,31.20,33560
URBN,20091007,30.95,31.43,30.62,30.87,18682
URBN,20091008,31.23,31.91,31.02,31.70,20942
URBN,20091009,31.42,31.59,30.75,31.17,25487
URBN,20091012,31.40,31.85,31.09,31.37,13534
URBN,20091013,31.32,31.54,30.89,30.95,19725
URBN,20091014,31.45,32.54,31.40,32.37,42044
URBN,20091015,32.06,32.53,31.75,32.17,23457
URBN,20091016,32.08,32.93,31.60,32.72,34929
URBN,20091019,32.62,33.49,32.54,33.33,22514
URBN,20091020,33.15,33.20,32.49,32.68,21218
URBN,20091021,32.70,33.99,32.23,32.33,40036
URBN,20091022,32.30,33.94,32.30,33.86,36245
URBN,20091023,33.63,33.98,32.67,32.80,33084
URBN,20091026,32.95,33.92,32.74,32.97,28134
URBN,20091027,33.12,33.29,31.54,31.90,28156
URBN,20091028,32.04,32.11,30.64,30.74,35924
URBN,20091029,31.80,32.74,31.34,32.53,40800
URBN,20091030,32.28,32.69,31.25,31.38,35047
URBN,20091102,31.55,32.31,30.99,32.20,29433
URBN,20091103,32.10,32.82,31.77,32.55,29159
URBN,20091104,32.72,33.26,32.28,32.32,31097
URBN,20091105,32.36,32.40,30.79,32.01,43772
URBN,20091106,32.05,32.78,31.77,32.43,28717
URBN,20091109,32.85,33.22,32.63,32.69,37264
URBN,20091110,32.63,33.03,32.44,32.77,26130
URBN,20091111,33.20,33.22,31.91,32.27,38596
URBN,20091112,32.24,33.24,31.57,32.80,52028
URBN,20091113,33.30,34.40,33.17,33.95,48064
URBN,20091116,34.35,34.67,34.13,34.56,21187
URBN,20091117,34.37,34.51,33.39,33.72,25779
URBN,20091118,33.57,33.80,33.00,33.08,32264
URBN,20091119,32.89,33.01,31.97,32.26,34805
URBN,20091120,32.22,32.76,32.01,32.18,23580
URBN,20091123,32.47,32.71,31.34,31.48,32725
URBN,20091124,31.58,31.66,31.07,31.63,28070
URBN,20091125,31.96,32.71,31.84,32.63,31260
URBN,20091127,31.84,32.60,31.67,31.82,14532
URBN,20091130,31.57,31.85,30.78,31.64,33750
URBN,20091201,32.08,33.05,32.08,32.85,40586
URBN,20091202,32.72,33.04,32.25,32.41,35987
URBN,20091203,32.47,33.29,32.20,32.48,41769
URBN,20091204,33.15,33.64,32.73,33.10,42904
URBN,20091207,33.27,33.27,32.49,32.57,26169
URBN,20091208,32.41,32.98,31.93,32.39,24784
URBN,20091209,32.24,32.31,31.57,32.25,29428
URBN,20091210,32.37,33.17,32.27,32.92,35003
URBN,20091211,33.21,33.66,33.04,33.64,26540
URBN,20091214,33.77,34.39,33.44,34.37,19840
URBN,20091215,34.08,34.28,33.37,33.39,16818
URBN,20091216,33.50,33.75,33.32,33.42,21486
URBN,20091217,33.16,33.49,32.78,33.33,19111
URBN,20091218,33.57,33.57,32.32,33.21,26872
URBN,20091221,33.35,33.94,33.24,33.88,12601
URBN,20091222,34.05,34.25,33.69,33.88,9885
URBN,20091223,34.09,34.56,33.78,34.47,10899
URBN,20091224,34.41,34.88,34.31,34.60,5126
URBN,20091228,34.73,35.47,34.41,35.43,20037
URBN,20091229,35.40,35.84,35.27,35.64,20339
URBN,20091230,35.58,35.80,35.30,35.51,12328
URBN,20091231,35.67,35.68,34.97,34.99,14339
URBN,20100104,35.61,35.84,34.65,34.91,34338
URBN,20100105,34.99,36.23,34.82,35.56,39585
URBN,20100106,35.27,35.56,34.77,35.28,32945
URBN,20100107,34.97,34.99,33.80,34.08,58547
URBN,20100108,34.02,34.39,33.73,34.01,29453
URBN,20100111,33.95,34.11,33.54,33.82,23401
URBN,20100112,33.64,33.75,33.06,33.59,29064
URBN,20100113,33.71,34.27,33.65,34.16,15508
URBN,20100114,33.91,34.27,33.29,33.78,25448
URBN,20100115,33.51,34.10,32.38,32.45,39824
URBN,20100119,32.62,32.91,32.47,32.72,26513
URBN,20100120,32.35,32.50,31.27,31.62,32208
URBN,20100121,31.72,32.12,31.21,31.45,32426
URBN,20100122,31.79,31.82,30.97,31.05,43898
URBN,20100125,31.08,31.42,30.85,31.12,38415
URBN,20100126,31.01,31.60,31.00,31.38,29988
URBN,20100127,31.22,31.70,31.01,31.54,19121
URBN,20100128,31.54,31.65,30.11,30.52,37054
URBN,20100129,31.54,32.84,31.12,31.57,51364
URBN,20100201,32.39,32.54,32.05,32.49,35192
URBN,20100202,32.47,32.91,32.28,32.67,27449
URBN,20100203,32.40,32.58,31.78,31.99,33812
URBN,20100204,31.02,31.18,30.48,30.85,49194
URBN,20100205,31.14,31.29,30.63,30.83,345188
URBN,20100208,30.94,31.36,30.52,30.91,52352
URBN,20100209,31.37,31.97,31.06,31.85,44974
URBN,20100210,31.73,31.85,31.11,31.39,25707
URBN,20100211,31.20,31.49,30.79,31.14,32837
URBN,20100212,30.81,31.00,30.55,30.84,33463
URBN,20100216,30.96,31.26,30.77,31.20,25692
URBN,20100217,31.33,31.57,31.27,31.56,21285
URBN,20100218,31.68,32.13,31.36,32.10,26476
URBN,20100219,32.02,32.46,31.95,31.96,24687
URBN,20100222,32.14,32.36,31.63,32.04,20121
URBN,20100223,31.99,32.15,31.50,31.66,15684
URBN,20100224,31.83,31.97,31.48,31.79,15298
URBN,20100225,31.22,31.91,31.07,31.88,30392
URBN,20100226,31.90,32.23,31.72,32.20,23760
URBN,20100301,32.48,33.19,32.26,33.18,27575
URBN,20100302,33.40,33.65,32.99,33.11,27969
URBN,20100303,33.32,33.95,33.12,33.40,30295
URBN,20100304,34.44,34.75,33.95,34.34,45346
URBN,20100305,34.28,35.08,34.27,34.98,27821
URBN,20100308,35.00,35.42,34.88,35.32,41015
URBN,20100309,35.26,36.01,35.14,35.84,36905
URBN,20100310,35.95,36.57,35.78,36.31,38727
URBN,20100311,36.09,36.61,35.97,36.46,21833
URBN,20100312,36.64,36.64,36.16,36.49,20062
URBN,20100315,36.51,36.75,35.99,36.75,21655
URBN,20100316,36.56,36.91,36.09,36.42,22479
URBN,20100317,36.32,36.65,35.84,36.04,30870
URBN,20100318,35.98,36.41,35.85,36.14,21665
URBN,20100319,36.18,36.26,35.36,35.60,33441
URBN,20100322,35.66,36.75,35.59,36.44,28975
URBN,20100323,36.52,36.63,36.02,36.39,26343
URBN,20100324,36.20,36.39,35.98,36.29,20892
URBN,20100325,36.51,37.32,36.35,36.85,29989
URBN,20100326,37.75,38.74,37.50,37.98,49349
URBN,20100329,38.14,38.29,37.35,37.51,17281
URBN,20100330,37.37,38.29,37.29,38.13,28623
URBN,20100331,37.86,38.39,37.67,38.07,36234
URBN,20100401,38.53,38.84,37.52,37.84,42750
URBN,20100405,37.85,39.00,37.78,38.91,30443
URBN,20100406,38.71,39.21,38.33,39.15,30536
URBN,20100407,39.19,39.29,38.26,38.29,37636
URBN,20100408,38.24,38.52,37.54,38.29,37267
URBN,20100409,38.51,38.60,37.82,38.56,22705
URBN,20100412,38.62,38.70,37.92,38.05,22599
URBN,20100413,38.07,38.39,37.73,38.32,28066
URBN,20100414,38.32,39.21,38.22,39.18,29248
URBN,20100415,39.00,39.44,39.00,39.40,20777
URBN,20100416,39.42,39.47,38.24,38.41,26659
URBN,20100419,38.22,38.56,37.05,37.97,26950
URBN,20100420,38.18,38.64,37.70,38.20,25065
URBN,20100421,38.05,38.62,37.89,38.42,17721
URBN,20100422,38.32,40.49,38.03,40.30,36591
URBN,20100423,40.48,40.58,39.60,39.87,27643
URBN,20100426,40.44,40.77,39.84,40.56,31436
URBN,20100427,40.25,40.84,39.06,39.16,31766
URBN,20100428,39.26,39.60,38.05,38.12,32472
URBN,20100429,38.25,38.56,37.67,38.15,31639
URBN,20100430,38.01,38.14,36.97,37.56,40732
URBN,20100503,37.82,38.81,37.63,38.48,32833
URBN,20100504,37.95,38.17,37.16,37.54,30264
URBN,20100505,37.49,38.50,37.24,38.05,36745
URBN,20100506,37.20,37.74,33.75,35.92,51512
URBN,20100507,35.71,36.66,34.21,34.89,64097
URBN,20100510,37.37,38.62,36.65,38.55,66290
URBN,20100511,38.40,39.12,37.86,38.78,53692
URBN,20100512,39.10,39.41,38.38,39.41,38934
URBN,20100513,38.17,38.59,36.45,36.78,70669
URBN,20100514,36.48,36.76,35.56,35.88,38075
URBN,20100517,35.92,36.13,34.90,36.00,37945
URBN,20100518,36.18,36.68,34.95,35.06,24548
URBN,20100519,34.91,35.97,34.54,35.35,31826
URBN,20100520,34.54,35.46,34.03,34.41,29517
URBN,20100521,34.08,35.87,33.28,35.55,39804
URBN,20100524,35.36,36.14,34.97,35.74,34660
URBN,20100525,35.12,36.50,34.49,36.50,36906
URBN,20100526,36.55,37.14,35.08,35.33,48592
URBN,20100527,36.13,36.58,35.69,36.49,22618
URBN,20100528,36.15,36.74,35.78,36.30,18090
URBN,20100601,36.24,37.25,36.03,36.35,25746
URBN,20100602,35.82,37.81,35.79,37.79,36579
URBN,20100603,37.94,39.18,37.49,39.15,36074
URBN,20100604,38.38,38.83,36.78,36.88,36664
URBN,20100607,37.03,37.27,36.01,36.08,23768
URBN,20100608,36.21,36.32,34.87,36.00,45657
URBN,20100609,36.13,37.10,35.73,36.02,27224
URBN,20100610,36.57,37.31,36.54,37.29,22805
URBN,20100611,36.86,37.63,36.54,37.12,23984
URBN,20100614,37.63,37.91,37.11,37.58,21786
URBN,20100615,37.78,38.10,37.17,38.06,16300
URBN,20100616,37.75,37.75,36.85,36.93,23688
URBN,20100617,37.07,37.09,36.06,36.54,18860
URBN,20100618,36.59,37.35,36.40,36.53,20105
URBN,20100621,37.23,37.34,35.65,35.77,21935
URBN,20100622,35.88,35.99,34.59,34.70,26131
URBN,20100623,34.72,35.28,34.20,35.07,22600
URBN,20100624,35.15,35.15,33.96,34.66,42849
URBN,20100625,34.85,36.56,34.60,36.06,59071
URBN,20100628,36.03,36.37,35.59,35.80,25327
URBN,20100629,35.21,35.21,34.03,34.62,39545
URBN,20100630,34.49,35.63,34.35,34.39,30237
URBN,20100701,34.66,35.42,33.99,35.25,53796
URBN,20100702,35.23,35.77,34.51,34.69,20203
URBN,20100706,35.04,35.60,33.55,33.68,48948
URBN,20100707,33.88,34.72,33.70,34.43,35367
URBN,20100708,34.49,34.79,33.47,33.97,42051
URBN,20100709,34.05,34.52,33.72,34.12,19859
URBN,20100712,34.22,34.24,33.36,33.66,24659
URBN,20100713,32.89,34.03,32.71,33.91,57638
URBN,20100714,34.00,34.00,33.06,33.26,30962
URBN,20100715,33.27,33.46,32.86,33.32,34315
URBN,20100716,33.23,33.54,31.89,31.96,45633
URBN,20100719,32.07,32.62,32.03,32.21,29342
URBN,20100720,31.64,33.74,31.64,33.64,42374
URBN,20100721,33.82,33.82,32.80,32.94,24863
URBN,20100722,33.33,34.10,33.23,33.87,26781
URBN,20100723,33.71,34.25,33.32,34.19,26616
URBN,20100726,34.05,34.64,33.90,34.62,19855
URBN,20100727,34.67,34.88,32.84,32.97,38388
URBN,20100728,33.01,33.29,32.37,32.56,25481
URBN,20100729,32.84,32.91,31.50,32.02,37687
URBN,20100730,31.60,32.28,31.52,32.16,28539
URBN,20100802,32.76,32.79,31.83,32.39,33694
URBN,20100803,32.16,32.21,30.76,31.56,54960
URBN,20100804,31.81,32.24,31.51,32.21,39195
URBN,20100805,32.15,33.28,31.45,33.22,47312
URBN,20100806,32.75,33.43,32.49,33.11,42292
URBN,20100809,33.39,33.86,33.28,33.58,20699
URBN,20100810,33.23,33.47,32.68,32.89,20525
URBN,20100811,32.02,32.31,31.76,31.88,23979
URBN,20100812,31.42,31.77,30.79,31.61,27389
URBN,20100813,31.36,31.61,30.88,30.90,27129
URBN,20100816,30.87,31.78,30.68,31.36,40946
URBN,20100817,32.59,33.90,31.87,32.95,99328
URBN,20100818,32.83,33.50,32.47,33.43,29142
URBN,20100819,33.25,33.67,32.96,33.16,30502
URBN,20100820,32.91,33.29,32.51,32.95,28940
URBN,20100823,32.99,33.37,32.36,32.65,25611
URBN,20100824,32.31,32.69,31.74,31.75,38461
URBN,20100825,31.49,32.49,31.02,32.34,43830
URBN,20100826,32.48,32.67,31.36,31.52,28385
URBN,20100827,31.35,31.59,30.77,31.05,65815
URBN,20100830,30.90,31.10,30.68,30.70,23033
URBN,20100831,30.62,31.26,30.19,30.32,42289
URBN,20100901,30.93,31.79,30.68,31.19,29304
URBN,20100902,31.48,32.74,31.31,32.58,46411
URBN,20100903,33.16,33.71,32.75,33.10,27724
URBN,20100907,32.85,33.10,32.26,32.29,24122
URBN,20100908,32.48,33.49,32.11,33.34,44252
URBN,20100909,33.82,34.33,33.08,33.32,42933
URBN,20100910,33.51,33.57,32.96,33.18,25609
URBN,20100913,33.44,33.76,33.28,33.71,34090
URBN,20100914,33.78,34.95,33.63,34.76,32984
URBN,20100915,34.40,34.99,34.26,34.97,22334
URBN,20100916,34.78,34.93,34.12,34.82,30719
URBN,20100917,34.98,34.99,34.01,34.11,39392
URBN,20100920,34.23,34.54,33.96,34.13,30004
URBN,20100921,34.48,34.48,33.34,33.61,35654
URBN,20100922,33.78,33.80,32.91,33.40,25363
URBN,20100923,33.01,33.90,32.93,33.43,17840
URBN,20100924,33.99,34.68,33.77,34.67,21200
URBN,20100927,34.39,34.68,34.07,34.37,17592
URBN,20100928,34.60,35.11,34.08,34.87,28132
URBN,20100929,34.64,34.70,31.76,31.96,189922
URBN,20100930,32.53,32.84,31.40,31.44,76082
URBN,20101001,31.70,31.94,31.16,31.47,54637
URBN,20101004,31.34,32.00,31.29,31.49,59409
URBN,20101005,31.73,32.21,31.18,32.15,51839
URBN,20101006,31.64,32.06,31.06,32.06,51983
URBN,20101007,32.43,32.55,31.19,31.46,51592
URBN,20101008,31.50,31.88,31.06,31.28,40323
URBN,20101011,31.26,31.46,30.54,30.82,49988
URBN,20101012,30.50,31.32,30.08,31.21,71086
URBN,20101013,31.49,32.41,31.32,31.79,57171
URBN,20101014,31.89,32.03,31.15,31.27,28300
URBN,20101015,31.09,31.44,30.76,31.00,47448
URBN,20101018,31.09,31.31,30.58,31.18,35734
URBN,20101019,30.80,30.80,29.08,29.28,121535
URBN,20101020,29.40,30.20,29.14,29.40,74424
URBN,20101021,29.65,30.15,29.03,29.36,70854
URBN,20101022,29.36,30.38,29.09,30.28,54288
URBN,20101025,30.50,31.16,30.28,31.16,73477
URBN,20101026,30.96,31.91,30.89,31.81,62902
URBN,20101027,31.57,31.57,30.59,31.05,45446
URBN,20101028,31.22,31.30,30.25,30.34,47817
URBN,20101029,30.28,30.87,30.21,30.79,27439
URBN,20101101,30.80,31.00,30.18,30.31,39080
URBN,20101102,30.49,30.65,30.20,30.31,36684
URBN,20101103,30.29,31.54,30.25,31.54,48005
URBN,20101104,31.96,32.31,31.28,31.72,48557
URBN,20101105,31.81,32.50,31.73,32.44,22476
URBN,20101108,32.35,33.60,32.08,33.33,38242
URBN,20101109,33.36,33.50,33.10,33.27,40813
URBN,20101110,33.19,33.50,32.72,33.43,30718
URBN,20101111,32.91,33.24,32.50,33.10,40704
URBN,20101112,33.01,33.31,32.67,32.90,34322
URBN,20101115,32.94,33.34,32.70,32.74,41002
URBN,20101116,34.26,36.66,34.16,36.63,194092
URBN,20101117,36.57,37.57,36.08,37.28,89054
URBN,20101118,37.44,37.55,36.41,36.66,54682
URBN,20101119,36.56,37.46,36.18,37.26,39550
URBN,20101122,37.35,37.92,36.96,37.35,33740
URBN,20101123,37.71,38.19,37.43,37.74,59531
URBN,20101124,38.05,38.60,37.91,38.40,38199
URBN,20101126,38.36,38.73,38.29,38.46,14349
URBN,20101129,38.25,38.49,37.70,38.23,41414
URBN,20101130,37.97,38.35,37.71,37.79,39360
URBN,20101201,38.25,38.49,37.83,38.12,36246
URBN,20101202,38.42,38.95,38.22,38.32,36027
URBN,20101203,38.20,38.32,37.55,38.26,38154
URBN,20101206,38.29,38.53,37.71,37.88,21848
URBN,20101207,38.27,38.39,37.37,38.10,33366
URBN,20101208,38.22,38.36,37.72,38.32,23430
URBN,20101209,38.40,38.47,37.54,37.63,27230
URBN,20101210,37.35,37.39,36.44,37.20,42456
URBN,20101213,37.39,37.50,36.10,36.15,36900
URBN,20101214,36.30,36.83,35.93,36.34,26049
URBN,20101215,36.20,36.99,36.14,36.62,28218
URBN,20101216,36.64,37.15,36.49,36.67,19612
URBN,20101217,36.70,36.95,36.35,36.36,29582
URBN,20101220,36.55,36.91,36.41,36.79,16707
URBN,20101221,35.96,36.97,35.72,36.79,32325
URBN,20101222,36.98,36.98,35.83,36.06,25876
URBN,20101223,36.07,36.15,35.38,35.87,17089
URBN,20101227,35.85,35.92,35.51,35.72,8182
URBN,20101228,35.83,36.16,35.69,36.07,13661
URBN,20101229,36.21,36.57,35.99,36.20,13310
URBN,20101230,36.08,36.45,35.96,36.39,10509
URBN,20101231,36.26,36.38,35.63,35.81,12420
URBN,20110103,35.46,35.79,35.11,35.45,42258
URBN,20110104,35.52,36.43,35.52,35.89,60979
URBN,20110105,35.70,36.23,35.48,35.75,50404
URBN,20110106,35.56,36.14,35.00,36.07,35880
URBN,20110107,36.15,36.19,35.29,36.01,32112
