VIV,20090115,13.26,14.34,13.01,14.27,15953
VIV,20090116,14.39,14.68,14.33,14.46,19287
VIV,20090120,13.92,14.15,13.59,13.85,21716
VIV,20090121,14.19,15.07,14.10,15.00,16832
VIV,20090122,14.72,14.86,14.18,14.38,14395
VIV,20090123,14.32,14.45,13.99,14.30,13682
VIV,20090126,14.55,14.58,14.07,14.24,10344
VIV,20090127,14.50,14.59,13.73,13.92,8940
VIV,20090128,14.51,14.51,13.95,14.04,22604
VIV,20090129,14.03,14.10,13.71,13.79,7375
VIV,20090130,14.00,14.55,13.81,14.18,12227
VIV,20090202,13.69,14.23,13.60,14.08,8830
VIV,20090203,13.89,14.47,13.70,14.26,4896
VIV,20090204,14.17,14.82,14.03,14.18,3982
VIV,20090205,14.06,14.55,13.78,14.43,6408
VIV,20090206,14.49,14.90,14.42,14.75,15222
VIV,20090209,14.58,14.81,14.50,14.71,5127
VIV,20090210,14.82,15.15,14.58,14.91,17518
VIV,20090211,15.22,15.41,14.99,15.17,20003
VIV,20090212,14.95,15.21,14.82,15.11,11276
VIV,20090213,16.04,16.70,15.85,16.53,26147
VIV,20090217,15.44,15.71,15.14,15.43,33301
VIV,20090218,15.48,15.73,15.22,15.38,31112
VIV,20090219,15.68,15.87,15.37,15.45,23812
VIV,20090220,15.04,16.12,15.04,16.02,20926
VIV,20090223,15.93,16.30,15.41,15.58,17225
VIV,20090224,15.50,16.00,15.24,15.95,16263
VIV,20090225,15.89,16.21,15.25,16.04,21597
VIV,20090226,16.30,16.38,15.68,15.76,18369
VIV,20090227,15.51,16.47,15.45,16.21,30643
VIV,20090302,15.85,15.97,14.99,15.04,17730
VIV,20090303,15.38,15.59,14.73,15.17,17246
VIV,20090304,15.65,15.82,15.39,15.44,19433
VIV,20090305,15.32,15.45,14.61,14.70,18669
VIV,20090306,14.84,15.03,14.36,14.68,15115
VIV,20090309,14.40,15.00,14.33,14.58,15838
VIV,20090310,14.96,15.36,14.96,15.24,16926
VIV,20090311,15.25,15.68,15.25,15.40,12269
VIV,20090312,15.33,15.82,15.33,15.75,14727
VIV,20090313,15.97,16.00,15.48,15.81,8950
VIV,20090316,15.90,16.10,15.53,15.55,9375
VIV,20090317,15.48,16.18,15.39,16.17,9058
VIV,20090318,16.03,16.73,15.75,16.58,6114
VIV,20090319,16.87,17.03,16.67,16.87,8615
VIV,20090320,16.59,16.75,14.89,14.90,20874
VIV,20090323,15.34,15.97,15.15,15.89,19883
VIV,20090324,15.91,16.02,15.27,15.28,15852
VIV,20090325,15.42,15.53,14.90,15.24,16274
VIV,20090326,15.49,15.49,15.02,15.15,13570
VIV,20090327,14.80,14.85,14.01,14.02,13171
VIV,20090330,13.82,13.82,13.24,13.34,17116
VIV,20090331,13.56,13.67,13.04,13.05,25932
VIV,20090401,13.23,13.62,12.93,13.50,22463
VIV,20090402,14.17,14.17,13.54,13.70,27372
VIV,20090403,13.94,14.14,13.40,14.14,22223
VIV,20090406,14.13,14.58,13.65,14.50,20536
VIV,20090407,14.51,14.92,14.20,14.54,26867
VIV,20090408,14.81,15.07,14.68,14.98,12644
VIV,20090409,15.32,15.64,15.24,15.47,8454
VIV,20090413,15.27,15.52,15.02,15.44,8279
VIV,20090414,15.41,15.59,14.71,14.78,14206
VIV,20090415,14.65,15.25,14.61,15.25,11612
VIV,20090416,15.52,15.62,15.28,15.52,9605
VIV,20090417,15.36,15.68,15.20,15.51,8020
VIV,20090420,14.96,14.96,14.43,14.48,7980
VIV,20090421,14.01,14.80,13.50,14.69,11433
VIV,20090422,14.57,15.07,14.35,14.78,10973
VIV,20090423,15.04,15.38,14.88,15.31,9267
VIV,20090424,15.67,16.34,15.51,16.15,20450
VIV,20090427,15.70,15.88,15.27,15.38,17412
VIV,20090428,15.25,15.91,15.23,15.75,16262
VIV,20090429,16.24,16.94,16.20,16.59,22533
VIV,20090430,16.63,16.95,15.91,15.96,22100
VIV,20090501,16.15,16.52,15.95,16.38,7404
VIV,20090504,16.72,17.25,16.58,17.14,13315
VIV,20090505,17.48,17.49,16.86,17.06,13732
VIV,20090506,16.76,17.52,16.71,17.37,8273
VIV,20090507,17.48,17.49,16.44,16.63,11795
VIV,20090508,17.47,17.72,17.18,17.71,14779
VIV,20090511,17.42,17.69,16.99,17.26,17754
VIV,20090512,17.55,17.85,17.20,17.70,14382
VIV,20090513,17.15,17.35,16.87,16.87,6182
VIV,20090514,17.00,17.96,16.80,17.86,12911
VIV,20090515,17.74,18.11,17.66,18.01,14256
VIV,20090518,18.17,18.89,18.09,18.85,9844
VIV,20090519,18.97,19.55,18.95,19.22,19737
VIV,20090520,19.63,19.72,18.95,19.07,23127
VIV,20090521,18.52,18.63,17.96,18.19,16152
VIV,20090522,18.52,18.79,18.25,18.35,7653
VIV,20090526,18.11,19.14,18.10,19.07,7879
VIV,20090527,19.39,20.49,19.20,19.55,29542
VIV,20090528,19.77,20.18,19.49,19.93,11287
VIV,20090529,20.44,20.44,19.70,20.17,18156
VIV,20090601,20.77,21.54,20.57,21.30,12350
VIV,20090602,21.17,21.50,20.91,21.00,15102
VIV,20090603,20.63,20.63,19.46,19.68,6533
VIV,20090604,19.80,19.99,19.59,19.91,7610
VIV,20090605,20.46,20.46,19.47,19.81,7705
VIV,20090608,19.63,20.11,19.37,19.95,7827
VIV,20090609,20.65,20.65,20.13,20.24,4764
VIV,20090610,20.67,20.76,19.32,19.42,8176
VIV,20090611,19.38,19.60,19.00,19.47,14554
VIV,20090612,19.56,19.56,19.08,19.41,11496
VIV,20090615,19.00,19.16,18.46,18.82,7207
VIV,20090616,19.23,19.23,18.13,18.15,7460
VIV,20090617,18.18,18.39,17.89,18.02,9152
VIV,20090618,18.18,18.42,17.99,18.22,10360
VIV,20090619,18.74,18.94,18.18,18.19,8830
VIV,20090622,17.90,17.95,16.80,16.92,20834
VIV,20090623,17.13,17.90,17.08,17.71,14424
VIV,20090624,17.80,18.47,17.72,17.98,13131
VIV,20090625,17.78,18.60,17.71,18.58,12671
VIV,20090626,18.69,18.91,18.53,18.78,10781
VIV,20090629,18.90,18.99,18.42,18.70,6467
VIV,20090630,18.69,18.98,18.69,18.94,13387
VIV,20090701,19.79,19.87,19.34,19.41,9570
VIV,20090702,19.15,19.34,18.71,18.71,8954
VIV,20090706,18.41,18.78,18.29,18.78,5893
VIV,20090707,18.57,18.60,17.77,17.85,14683
VIV,20090708,18.28,18.42,17.73,18.19,17889
VIV,20090709,18.24,19.46,18.24,19.03,26171
VIV,20090710,18.67,19.34,18.66,19.28,13700
VIV,20090713,19.25,19.37,18.68,19.33,8734
VIV,20090714,19.36,19.61,19.27,19.61,11117
VIV,20090715,19.92,20.35,19.92,20.30,7485
VIV,20090716,20.00,20.79,20.00,20.64,7686
VIV,20090717,20.85,21.07,20.53,21.06,8871
VIV,20090720,21.39,21.73,21.23,21.72,9335
VIV,20090721,21.89,21.96,21.53,21.92,13342
VIV,20090722,21.64,21.91,21.48,21.83,6985
VIV,20090723,21.99,22.59,21.90,22.45,10765
VIV,20090724,22.10,22.36,21.80,22.00,6351
VIV,20090727,22.27,22.62,22.11,22.46,9305
VIV,20090728,21.98,22.69,21.98,22.69,6230
VIV,20090729,22.18,22.35,21.81,22.02,17298
VIV,20090730,22.37,22.63,22.22,22.52,8960
VIV,20090731,22.36,22.85,22.28,22.77,7302
VIV,20090803,23.22,23.30,23.07,23.29,7351
VIV,20090804,23.02,23.25,22.85,23.20,8853
VIV,20090805,23.23,23.49,22.94,23.33,5359
VIV,20090806,23.10,23.53,23.10,23.50,21813
VIV,20090807,23.67,24.32,23.67,24.28,16853
VIV,20090810,23.63,24.12,23.51,23.98,17143
VIV,20090811,23.68,23.79,23.42,23.48,7135
VIV,20090812,23.45,23.98,23.33,23.63,6272
VIV,20090813,23.66,23.87,23.42,23.70,5368
VIV,20090814,23.80,23.85,23.54,23.85,14392
VIV,20090817,22.81,23.12,22.68,22.95,6613
VIV,20090818,22.92,23.33,22.88,23.16,5412
VIV,20090819,22.61,23.30,22.61,22.99,3989
VIV,20090820,22.68,23.10,22.61,22.99,6036
VIV,20090821,23.29,23.32,22.92,23.19,6259
VIV,20090824,23.44,23.86,23.31,23.69,10835
VIV,20090825,23.85,24.10,23.17,23.24,6299
VIV,20090826,23.21,23.51,23.05,23.47,5649
VIV,20090827,23.57,23.57,22.58,22.90,9737
VIV,20090828,23.04,23.06,22.44,22.88,8103
VIV,20090831,22.67,22.88,22.54,22.76,7320
VIV,20090901,22.88,23.04,21.96,21.97,6423
VIV,20090902,21.93,22.19,21.74,22.05,9267
VIV,20090903,22.24,22.98,22.20,22.85,9321
VIV,20090904,22.89,23.34,22.73,23.33,5699
VIV,20090908,23.92,24.13,23.79,24.12,8978
VIV,20090909,24.43,24.43,23.84,23.97,5188
VIV,20090910,24.03,24.50,23.85,24.50,8502
VIV,20090911,24.19,24.39,23.69,23.84,9588
VIV,20090914,23.91,24.10,23.77,24.01,10869
VIV,20090915,24.06,24.21,23.88,24.05,6655
VIV,20090916,24.16,24.52,24.13,24.51,7285
VIV,20090917,24.30,24.74,24.18,24.28,10794
VIV,20090918,24.54,24.68,24.45,24.47,4305
VIV,20090921,24.17,24.28,23.82,24.23,11046
VIV,20090922,24.71,24.72,24.36,24.61,12875
VIV,20090923,24.45,24.80,24.03,24.09,13346
VIV,20090924,24.40,24.40,23.85,24.20,17141
VIV,20090925,24.10,24.21,23.36,23.42,15227
VIV,20090928,23.40,24.02,23.40,24.00,17109
VIV,20090929,24.18,24.29,23.79,24.27,16198
VIV,20090930,24.40,25.28,24.03,25.25,18151
VIV,20091001,25.07,25.29,24.78,24.93,12654
VIV,20091002,24.49,26.44,24.48,26.18,28994
VIV,20091005,25.99,27.04,25.87,26.99,15166
VIV,20091006,27.24,27.36,26.56,26.86,19663
VIV,20091007,25.83,26.86,25.81,26.61,14364
VIV,20091008,27.19,28.61,27.02,28.58,25706
VIV,20091009,27.70,28.10,27.55,27.75,13997
VIV,20091012,28.56,28.56,27.71,28.28,6404
VIV,20091013,28.33,28.69,27.97,28.03,10958
VIV,20091014,28.64,28.93,28.45,28.93,9744
VIV,20091015,28.69,29.02,28.61,28.94,9815
VIV,20091016,28.11,28.75,27.84,28.38,9175
VIV,20091019,28.24,28.45,28.16,28.27,12093
VIV,20091020,27.06,27.52,25.77,26.54,24532
VIV,20091021,26.76,28.22,26.70,27.57,10569
VIV,20091022,27.63,27.88,27.48,27.48,10083
VIV,20091023,28.03,28.21,26.64,26.71,13807
VIV,20091026,27.21,27.72,26.75,26.95,11272
VIV,20091027,26.76,27.01,26.22,26.30,19360
VIV,20091028,26.26,26.55,24.31,24.44,21694
VIV,20091029,24.78,26.18,24.74,26.14,16478
VIV,20091030,26.73,26.73,23.97,24.25,22754
VIV,20091102,24.57,25.39,24.13,24.40,17805
VIV,20091103,24.00,26.19,23.90,26.17,20186
VIV,20091104,26.20,27.38,26.20,26.83,19162
VIV,20091105,27.67,28.70,27.43,28.59,32756
VIV,20091106,28.09,29.12,27.98,28.82,15323
VIV,20091109,28.97,29.32,28.80,29.27,15630
VIV,20091110,28.70,29.51,28.60,29.48,12143
VIV,20091111,29.88,29.97,29.46,29.92,14418
VIV,20091112,29.77,30.10,29.19,29.36,18837
VIV,20091113,29.27,30.49,28.96,29.88,16618
VIV,20091116,30.13,30.62,29.98,30.43,15186
VIV,20091117,30.00,30.53,29.83,30.44,8301
VIV,20091118,30.54,30.54,29.37,29.60,10760
VIV,20091119,29.62,29.70,28.45,28.99,8329
VIV,20091120,28.52,28.98,28.51,28.85,3187
VIV,20091123,29.40,29.65,28.67,29.02,5679
VIV,20091124,29.12,29.38,28.36,29.28,8200
VIV,20091125,29.73,29.79,29.06,29.70,9739
VIV,20091127,28.69,30.41,28.69,29.84,8856
VIV,20091130,29.95,30.56,29.67,30.50,8783
VIV,20091201,30.87,31.73,30.82,31.40,11596
VIV,20091202,31.73,32.15,31.66,32.06,10049
VIV,20091203,32.25,32.57,31.96,32.05,31610
VIV,20091204,32.36,33.05,31.30,32.00,21203
VIV,20091207,28.02,32.52,26.75,32.02,14055
VIV,20091208,31.64,31.97,30.70,30.99,10027
VIV,20091209,31.84,31.84,30.32,30.52,12544
VIV,20091210,30.48,30.78,29.80,29.97,17803
VIV,20091211,30.29,31.17,30.12,31.07,8607
VIV,20091214,31.72,33.31,31.51,33.16,13528
VIV,20091215,32.41,33.15,32.24,32.45,10910
VIV,20091216,32.76,33.10,31.60,31.72,12478
VIV,20091217,31.37,31.37,29.63,29.75,26732
VIV,20091218,29.75,29.86,29.06,29.31,15369
VIV,20091221,30.06,30.39,30.00,30.19,9981
VIV,20091222,30.47,30.54,29.92,30.33,14795
VIV,20091223,30.39,30.40,29.77,29.98,6914
VIV,20091224,30.09,30.41,29.53,30.40,1148
VIV,20091228,31.20,31.45,30.80,31.11,5933
VIV,20091229,31.18,31.55,30.93,31.32,6761
VIV,20091230,31.23,31.90,31.10,31.40,7451
VIV,20091231,31.53,31.56,30.89,31.00,2782
VIV,20100104,31.71,32.15,31.67,32.13,8706
VIV,20100105,31.97,32.70,31.82,32.69,11927
VIV,20100106,32.17,32.74,32.01,32.28,6691
VIV,20100107,31.59,31.59,30.84,30.91,9728
VIV,20100108,31.02,31.16,30.87,30.89,17230
VIV,20100111,31.28,31.28,30.38,30.43,9712
VIV,20100112,30.25,30.26,29.61,29.79,9857
VIV,20100113,30.00,30.17,29.57,29.80,11794
VIV,20100114,29.78,29.93,29.35,29.39,15243
VIV,20100115,29.48,29.61,28.48,28.69,10498
VIV,20100119,29.10,29.57,29.04,29.40,27488
VIV,20100120,29.31,29.45,28.46,28.84,8990
VIV,20100121,28.65,29.09,28.36,28.88,17175
VIV,20100122,28.83,29.70,28.69,28.82,15756
VIV,20100125,29.20,29.98,29.05,29.56,10289
VIV,20100126,28.98,29.18,28.67,28.84,15016
VIV,20100127,28.61,28.76,28.25,28.75,10756
VIV,20100128,29.66,29.67,28.98,29.07,20028
VIV,20100129,29.25,29.31,27.70,27.99,12968
VIV,20100201,28.23,29.39,28.23,29.39,9659
VIV,20100202,29.99,29.99,29.41,29.78,20127
VIV,20100203,29.75,29.98,29.44,29.57,10701
VIV,20100204,29.03,29.05,27.22,27.26,12960
VIV,20100205,27.38,27.56,26.03,27.43,22282
VIV,20100208,27.00,27.84,26.85,27.45,12524
VIV,20100209,28.46,29.30,28.20,28.98,11023
VIV,20100210,29.63,29.75,28.52,28.70,15037
VIV,20100211,28.48,28.64,28.03,28.49,20415
VIV,20100212,27.54,28.12,27.43,28.01,9913
VIV,20100216,27.81,28.26,27.80,28.15,11001
VIV,20100217,28.14,28.21,27.61,27.87,10927
VIV,20100218,28.02,28.28,27.83,27.98,16396
VIV,20100219,28.23,28.50,27.81,28.26,11235
VIV,20100222,28.67,28.67,27.59,27.67,9687
VIV,20100223,27.26,27.59,26.88,26.99,11679
VIV,20100224,27.23,27.34,26.69,26.89,13019
VIV,20100225,26.30,26.85,26.16,26.84,16771
VIV,20100226,26.98,27.20,26.65,27.06,6707
VIV,20100301,26.55,26.82,26.33,26.58,11691
VIV,20100302,27.11,27.83,27.07,27.78,20066
VIV,20100303,27.97,28.38,27.42,27.70,9748
VIV,20100304,27.85,27.90,27.14,27.19,15197
VIV,20100305,27.55,27.65,27.16,27.38,17007
VIV,20100308,27.60,27.62,27.13,27.26,7341
VIV,20100309,27.11,27.62,27.06,27.37,17512
VIV,20100310,27.50,28.17,27.37,28.15,14069
VIV,20100311,28.12,28.87,28.03,28.87,11664
VIV,20100312,28.93,29.00,28.29,28.32,8633
VIV,20100315,28.35,28.38,27.70,28.26,9489
VIV,20100316,28.40,28.48,28.09,28.43,8437
VIV,20100317,28.59,28.67,28.30,28.43,6205
VIV,20100318,28.22,28.43,27.30,27.69,11070
VIV,20100319,27.73,27.99,27.15,27.24,11301
VIV,20100322,27.12,28.14,26.96,28.14,16473
VIV,20100323,28.13,28.15,27.69,28.00,9201
VIV,20100324,27.41,27.71,26.78,26.79,9726
VIV,20100325,27.23,27.23,26.06,26.12,13435
VIV,20100326,26.24,26.35,25.60,25.91,12596
VIV,20100329,26.21,26.84,26.19,26.84,8795
VIV,20100330,26.91,27.39,26.91,27.17,9834
VIV,20100331,27.19,27.20,26.79,27.11,10410
VIV,20100401,27.33,27.77,27.22,27.45,13138
VIV,20100405,27.70,28.17,27.59,28.14,10369
VIV,20100406,27.85,28.63,27.83,28.45,10921
VIV,20100407,28.00,28.32,27.57,27.75,13053
VIV,20100408,27.64,27.94,27.22,27.50,9103
VIV,20100409,27.74,27.79,27.13,27.30,9241
VIV,20100412,27.30,27.49,27.26,27.42,6785
VIV,20100413,27.33,27.34,26.70,26.96,8067
VIV,20100414,27.25,27.25,26.69,26.92,12751
VIV,20100415,26.82,26.82,26.21,26.30,14216
VIV,20100416,26.32,26.56,25.70,25.81,15101
VIV,20100419,25.76,25.79,24.99,25.52,16045
VIV,20100420,25.94,26.40,25.67,26.38,11105
VIV,20100421,26.35,26.40,25.70,26.07,8610
VIV,20100422,25.97,26.00,25.59,25.74,15535
VIV,20100423,25.60,25.86,25.38,25.47,13189
VIV,20100426,25.60,25.68,25.16,25.22,8598
VIV,20100427,25.17,25.46,24.75,24.99,16352
VIV,20100428,25.27,25.35,24.60,25.08,15095
VIV,20100429,25.38,25.83,25.28,25.54,12888
VIV,20100430,25.77,26.53,25.72,26.47,14451
VIV,20100503,26.64,26.94,26.04,26.78,18278
VIV,20100504,26.35,26.61,25.46,25.55,19646
VIV,20100505,24.95,25.49,24.44,25.24,17069
VIV,20100506,24.72,25.05,23.13,24.67,26010
VIV,20100507,24.23,24.77,23.15,23.33,28603
VIV,20100510,24.73,25.66,24.73,25.65,19609
VIV,20100511,27.00,28.00,26.84,27.16,41976
VIV,20100512,27.09,28.39,27.06,27.91,17349
VIV,20100513,27.67,28.44,27.67,28.28,19435
VIV,20100514,27.92,28.31,27.31,27.49,16863
VIV,20100517,27.40,27.58,26.32,27.47,14299
VIV,20100518,28.02,28.03,26.87,26.92,13229
VIV,20100519,26.48,27.23,26.10,27.03,16106
VIV,20100520,25.77,25.93,24.79,25.14,25623
VIV,20100521,24.60,25.75,24.58,25.14,16061
VIV,20100524,25.34,25.40,24.88,25.22,16375
VIV,20100525,24.33,25.26,23.91,25.23,9965
VIV,20100526,25.54,26.64,25.49,26.34,19635
VIV,20100527,27.04,28.64,26.74,28.27,27183
VIV,20100528,27.85,28.40,27.21,27.32,9772
VIV,20100601,26.72,28.72,26.55,27.73,36373
VIV,20100602,28.27,28.42,27.69,28.06,13166
VIV,20100603,28.00,28.24,27.25,28.15,12282
VIV,20100604,27.71,27.98,26.38,26.47,11618
VIV,20100607,26.46,26.95,25.90,25.97,8778
VIV,20100608,25.98,27.19,25.91,27.19,13487
VIV,20100609,27.85,28.24,27.40,27.59,14225
VIV,20100610,28.05,29.45,28.05,29.29,14396
VIV,20100611,28.88,29.98,28.77,29.71,12208
VIV,20100614,30.12,30.23,29.03,29.11,8307
VIV,20100615,29.20,29.85,29.01,29.80,6044
VIV,20100616,29.24,29.73,29.01,29.59,7131
VIV,20100617,29.42,29.59,28.57,28.94,8906
VIV,20100618,28.82,29.37,28.74,28.89,6116
VIV,20100621,29.48,29.69,28.14,28.19,14431
VIV,20100622,28.39,28.75,27.40,27.49,18329
VIV,20100623,27.46,28.11,27.31,27.96,7988
VIV,20100624,27.78,27.89,26.95,27.25,9405
VIV,20100625,27.26,27.74,27.03,27.25,5936
VIV,20100628,27.44,27.67,27.01,27.06,6910
VIV,20100629,26.52,26.84,25.38,26.01,19421
VIV,20100630,25.96,26.76,25.42,25.92,17645
VIV,20100701,25.91,26.89,25.64,26.85,14058
VIV,20100702,27.03,27.53,26.92,27.27,10199
VIV,20100706,27.17,27.34,25.86,26.00,15809
VIV,20100707,25.90,26.48,25.88,26.47,11149
VIV,20100708,27.05,27.27,26.21,27.00,13964
VIV,20100709,26.22,27.21,26.10,26.99,9779
VIV,20100712,26.87,27.02,26.14,26.26,6440
VIV,20100713,26.48,27.12,26.10,26.95,17405
VIV,20100714,26.99,27.25,26.79,26.94,6166
VIV,20100715,27.20,27.26,26.00,26.22,17419
VIV,20100716,26.07,26.12,25.09,25.10,15459
VIV,20100719,25.35,25.44,25.16,25.24,12100
VIV,20100720,25.23,26.04,25.15,25.80,14389
VIV,20100721,25.99,26.20,25.52,25.67,9231
VIV,20100722,26.02,26.20,25.63,26.02,18659
VIV,20100723,26.02,26.30,25.76,26.23,20294
VIV,20100726,26.00,26.29,25.71,25.98,19875
VIV,20100727,26.21,26.38,25.89,26.10,19816
VIV,20100728,27.44,27.69,26.77,27.01,31587
VIV,20100729,27.25,27.33,26.37,26.41,15542
VIV,20100730,26.34,26.81,26.16,26.74,12133
VIV,20100802,27.18,27.24,26.79,27.13,7625
VIV,20100803,26.72,26.89,26.09,26.23,15944
VIV,20100804,26.22,26.30,25.82,25.87,11529
VIV,20100805,25.87,25.94,25.18,25.42,21945
VIV,20100806,25.60,25.60,24.96,25.16,18368
VIV,20100809,25.39,25.43,24.86,24.91,10724
VIV,20100810,24.67,24.69,24.34,24.50,21433
VIV,20100811,24.49,24.58,24.20,24.29,22321
VIV,20100812,24.39,24.46,24.12,24.14,19632
VIV,20100813,24.22,24.38,24.15,24.18,8724
VIV,20100816,24.11,24.24,23.95,24.09,11558
VIV,20100817,24.23,24.29,23.57,23.60,32256
VIV,20100818,23.80,24.78,23.75,24.71,26022
VIV,20100819,24.59,25.04,24.49,24.93,17057
VIV,20100820,24.85,25.34,24.63,25.28,16388
VIV,20100823,25.23,25.34,24.50,24.80,12161
VIV,20100824,24.31,24.79,24.26,24.69,8113
VIV,20100825,24.44,24.47,24.09,24.25,12039
VIV,20100826,24.20,24.39,23.67,23.89,17195
VIV,20100827,24.16,24.89,23.71,24.87,20583
VIV,20100830,24.55,24.62,24.08,24.09,8023
VIV,20100831,24.24,24.37,23.86,24.00,10574
VIV,20100901,24.12,24.32,23.77,24.17,20571
VIV,20100902,24.25,24.57,24.01,24.56,11401
VIV,20100903,24.75,25.23,24.71,24.87,11585
VIV,20100907,24.68,25.07,24.52,24.90,6372
VIV,20100908,25.18,25.78,25.11,25.30,12087
VIV,20100909,25.65,26.13,25.57,25.74,14613
VIV,20100910,25.80,26.63,25.63,26.52,15274
VIV,20100913,26.61,26.89,26.26,26.32,14829
VIV,20100914,26.48,26.55,26.17,26.24,12373
VIV,20100915,26.37,26.75,26.28,26.62,9546
VIV,20100916,26.46,26.83,26.28,26.74,5688
VIV,20100917,26.69,26.99,26.47,26.61,9738
VIV,20100920,26.68,26.75,26.47,26.67,7755
VIV,20100921,26.57,27.29,26.38,27.27,11922
VIV,20100922,27.42,27.68,27.15,27.42,13768
VIV,20100923,27.09,27.63,27.07,27.40,12563
VIV,20100924,27.57,27.99,27.50,27.88,12587
VIV,20100927,27.80,27.84,27.31,27.56,8462
VIV,20100928,27.48,27.58,26.92,27.44,11112
VIV,20100929,27.36,27.57,27.16,27.39,8029
VIV,20100930,27.51,27.65,26.99,27.17,11537
VIV,20101001,27.49,28.39,27.28,28.26,14832
VIV,20101004,28.43,28.72,28.21,28.71,10994
VIV,20101005,28.90,29.07,28.76,28.96,24755
VIV,20101006,28.95,29.00,28.79,28.93,12883
VIV,20101007,28.98,29.06,28.48,28.93,7678
VIV,20101008,28.99,29.47,28.85,29.34,11620
VIV,20101011,29.44,29.79,29.42,29.76,11923
VIV,20101012,29.73,29.92,29.43,29.81,10137
VIV,20101013,29.82,30.12,29.64,29.93,14231
VIV,20101014,29.87,29.88,29.26,29.49,9139
VIV,20101015,29.51,29.53,29.05,29.26,7566
VIV,20101018,29.30,29.38,28.82,29.09,9875
VIV,20101019,28.66,28.98,28.41,28.64,8698
VIV,20101020,28.85,29.27,28.75,29.18,10304
VIV,20101021,29.01,29.43,28.73,28.99,12143
VIV,20101022,29.10,29.20,28.21,28.40,7115
VIV,20101025,28.28,28.99,28.13,28.88,8658
VIV,20101026,28.80,29.68,28.64,29.64,7300
VIV,20101027,29.24,29.24,28.32,28.38,7769
VIV,20101028,28.47,28.50,28.02,28.18,15263
VIV,20101029,28.35,28.71,28.17,28.64,11132
VIV,20101101,28.82,29.41,28.70,28.99,13792
VIV,20101102,29.40,29.47,28.94,29.00,9381
VIV,20101103,29.05,29.57,28.98,29.42,16094
VIV,20101104,29.63,29.89,29.09,29.89,18950
VIV,20101105,29.58,29.98,29.51,29.69,9752
VIV,20101108,29.37,29.77,29.36,29.60,9811
VIV,20101109,30.14,30.35,29.67,29.76,21439
VIV,20101110,30.86,30.95,30.12,30.52,19870
VIV,20101111,30.55,31.17,30.21,31.15,13418
VIV,20101112,30.62,31.40,30.43,31.01,12914
VIV,20101115,31.13,31.42,30.93,31.19,6258
VIV,20101116,30.91,31.15,29.90,30.19,14424
VIV,20101117,30.33,30.43,29.99,30.11,14389
VIV,20101118,30.57,31.27,30.35,31.10,15107
VIV,20101119,30.76,30.85,30.34,30.63,9426
VIV,20101122,30.40,30.62,30.05,30.32,9834
VIV,20101123,29.90,29.90,29.15,29.65,11920
VIV,20101124,30.05,30.99,29.97,30.73,13250
VIV,20101126,30.12,30.66,30.11,30.55,4360
VIV,20101129,29.68,29.77,28.95,29.35,20917
VIV,20101130,29.07,29.25,28.61,28.87,14008
VIV,20101201,29.51,29.63,28.98,29.38,16172
VIV,20101202,29.57,29.83,29.39,29.67,14333
VIV,20101203,29.38,30.20,29.32,29.60,12955
VIV,20101206,29.84,30.08,29.70,29.89,12558
VIV,20101207,30.27,30.33,29.67,29.74,13045
VIV,20101208,29.99,30.30,29.80,30.22,12416
VIV,20101209,30.39,30.65,30.18,30.30,9554
VIV,20101210,30.03,30.19,29.46,30.17,11744
VIV,20101213,30.01,30.71,29.93,30.65,7982
VIV,20101214,30.27,31.09,29.94,30.92,15184
VIV,20101215,30.61,30.96,30.41,30.51,6665
VIV,20101216,30.43,30.54,29.87,30.28,8453
VIV,20101217,30.24,30.77,30.05,30.67,8053
VIV,20101220,30.71,31.08,30.59,30.91,8026
VIV,20101221,31.00,31.68,30.91,31.47,13820
VIV,20101222,31.74,32.12,31.39,32.03,7150
VIV,20101223,31.68,32.00,31.52,31.87,8953
VIV,20101227,31.64,31.91,31.36,31.82,5244
VIV,20101228,32.26,33.02,32.10,32.81,12057
VIV,20101229,32.79,33.13,32.67,33.12,13224
VIV,20101230,33.22,33.33,32.80,32.87,5905
VIV,20101231,32.86,33.16,32.58,32.59,7531
VIV,20110103,32.84,34.24,32.84,34.20,16402
VIV,20110104,33.75,34.60,33.75,34.54,21420
VIV,20110105,34.04,34.77,33.99,34.49,13619
VIV,20110106,34.44,34.78,34.32,34.39,21234
VIV,20110107,34.74,34.78,33.77,34.02,15785
