VNQ,20090115,30.42,32.15,28.89,31.42,39274
VNQ,20090116,32.00,32.71,30.62,32.61,55402
VNQ,20090120,32.16,32.18,28.80,28.96,39186
VNQ,20090121,29.64,32.01,28.66,31.99,34715
VNQ,20090122,30.82,31.86,29.79,30.24,39043
VNQ,20090123,29.25,31.28,29.05,31.16,35634
VNQ,20090126,31.22,32.05,30.37,30.98,37556
VNQ,20090127,31.20,31.96,30.83,31.47,24642
VNQ,20090128,33.08,34.27,32.04,34.14,27127
VNQ,20090129,33.42,33.50,31.22,31.35,27146
VNQ,20090130,31.72,32.19,29.67,30.06,23865
VNQ,20090202,29.37,30.83,29.26,30.79,27325
VNQ,20090203,30.95,30.99,29.94,30.40,21420
VNQ,20090204,30.49,31.30,29.74,29.74,78183
VNQ,20090205,29.11,30.17,28.23,29.11,47705
VNQ,20090206,29.27,31.44,29.21,31.13,45002
VNQ,20090209,31.48,31.64,30.51,31.59,26261
VNQ,20090210,31.54,31.54,28.52,28.78,46864
VNQ,20090211,29.08,29.33,27.91,29.33,34942
VNQ,20090212,28.29,28.69,26.74,28.67,34506
VNQ,20090213,28.56,28.58,27.00,27.06,34220
VNQ,20090217,26.00,26.25,24.89,25.14,25607
VNQ,20090218,25.49,25.68,24.40,25.50,55323
VNQ,20090219,26.00,26.21,24.18,24.35,29344
VNQ,20090220,23.74,26.06,23.18,25.94,62868
VNQ,20090223,26.18,26.37,23.85,23.99,50585
VNQ,20090224,24.82,26.13,23.92,26.02,51877
VNQ,20090225,25.73,26.63,24.51,25.52,48898
VNQ,20090226,26.04,26.31,24.09,24.21,38206
VNQ,20090227,23.55,24.71,23.50,23.89,36770
VNQ,20090302,23.56,23.56,21.88,22.40,47736
VNQ,20090303,22.68,22.99,21.35,22.49,54138
VNQ,20090304,22.93,23.41,22.18,22.94,30422
VNQ,20090305,22.27,22.56,21.13,21.44,33907
VNQ,20090306,21.58,21.81,19.95,21.15,49337
VNQ,20090309,20.51,21.64,20.51,21.62,38819
VNQ,20090310,22.21,24.72,22.00,24.63,30608
VNQ,20090311,24.73,25.09,23.89,24.23,26958
VNQ,20090312,24.26,26.38,23.89,26.21,27913
VNQ,20090313,26.79,26.94,24.79,25.65,27578
VNQ,20090316,25.84,26.08,23.58,23.63,22830
VNQ,20090317,23.68,25.49,23.14,25.42,23979
VNQ,20090318,25.01,26.83,24.37,26.81,38927
VNQ,20090319,27.23,27.27,25.06,25.17,21767
VNQ,20090320,25.08,25.08,23.00,23.00,27824
VNQ,20090323,24.09,26.91,23.85,26.72,27640
VNQ,20090324,26.00,26.86,24.40,24.66,44932
VNQ,20090325,24.74,25.19,22.56,24.58,23407
VNQ,20090326,24.84,25.37,23.61,25.13,30104
VNQ,20090327,24.56,24.82,23.96,24.01,25264
VNQ,20090330,23.27,23.37,22.50,22.70,14129
VNQ,20090331,23.11,24.63,22.83,24.28,24617
VNQ,20090401,23.85,24.51,23.59,24.15,18592
VNQ,20090402,25.02,26.18,24.49,25.90,23537
VNQ,20090403,25.82,28.25,25.32,28.13,27934
VNQ,20090406,27.55,28.47,26.90,27.81,32352
VNQ,20090407,27.15,27.30,25.51,25.73,23699
VNQ,20090408,25.85,26.32,25.34,26.11,25797
VNQ,20090409,27.27,29.61,26.78,29.61,24938
VNQ,20090413,28.88,30.30,28.58,29.70,43142
VNQ,20090414,29.16,29.49,27.12,27.18,33820
VNQ,20090415,27.11,29.70,26.92,29.54,41448
VNQ,20090416,29.56,31.94,28.38,30.53,58037
VNQ,20090417,30.73,32.18,29.92,31.08,58052
VNQ,20090420,30.04,30.31,27.71,27.88,41248
VNQ,20090421,27.19,30.42,27.02,30.35,76396
VNQ,20090422,29.73,30.90,29.12,29.29,93770
VNQ,20090423,29.48,30.79,29.00,30.61,61325
VNQ,20090424,30.86,33.00,30.24,32.06,78193
VNQ,20090427,31.48,31.69,29.27,30.14,61084
VNQ,20090428,29.86,31.30,29.41,30.54,60298
VNQ,20090429,30.92,32.30,30.63,31.87,51135
VNQ,20090430,32.22,32.97,31.59,31.73,55749
VNQ,20090501,31.76,31.78,30.28,30.69,39267
VNQ,20090504,31.33,33.29,31.00,33.22,54379
VNQ,20090505,32.94,32.94,31.69,31.98,61087
VNQ,20090506,32.64,33.37,31.68,33.20,80673
VNQ,20090507,33.61,33.62,30.47,31.30,75615
VNQ,20090508,31.76,33.60,31.30,33.39,61142
VNQ,20090511,32.37,32.96,32.02,32.12,34840
VNQ,20090512,32.45,32.68,30.66,32.03,31816
VNQ,20090513,30.96,31.02,29.45,29.93,28673
VNQ,20090514,29.50,31.13,29.00,30.64,25924
VNQ,20090515,30.47,30.75,29.03,29.61,21036
VNQ,20090518,29.93,32.20,29.90,31.99,27768
VNQ,20090519,32.13,32.29,30.98,31.38,29090
VNQ,20090520,32.21,32.70,30.96,31.13,34177
VNQ,20090521,30.58,31.57,30.31,31.22,26846
VNQ,20090522,31.64,31.64,30.41,30.45,16696
VNQ,20090526,30.28,32.55,30.15,32.26,25172
VNQ,20090527,32.23,32.47,30.91,31.09,25398
VNQ,20090528,31.58,31.92,30.69,31.52,23975
VNQ,20090529,32.00,32.63,31.38,32.56,16928
VNQ,20090601,33.34,34.99,33.00,34.23,38118
VNQ,20090602,33.75,34.03,33.26,33.52,27962
VNQ,20090603,33.36,33.54,32.93,33.46,20191
VNQ,20090604,33.72,34.83,33.48,34.53,20059
VNQ,20090605,35.08,35.10,33.85,34.44,27982
VNQ,20090608,34.74,34.74,33.49,33.81,35584
VNQ,20090609,34.24,34.27,33.62,33.81,25167
VNQ,20090610,34.22,34.32,32.38,33.22,23730
VNQ,20090611,33.22,33.46,32.44,32.54,27146
VNQ,20090612,32.50,33.72,32.30,33.72,17653
VNQ,20090615,33.24,33.42,31.58,32.12,21295
VNQ,20090616,32.21,32.37,31.03,31.53,22480
VNQ,20090617,31.48,31.70,30.58,30.93,21446
VNQ,20090618,31.09,31.42,30.65,31.14,17424
VNQ,20090619,31.50,31.61,30.98,31.45,12922
VNQ,20090622,30.88,31.21,29.74,29.81,20419
VNQ,20090623,30.18,30.55,29.65,30.03,18549
VNQ,20090624,30.44,30.45,29.80,30.19,44245
VNQ,20090625,30.00,30.59,29.57,30.59,18722
VNQ,20090626,30.51,31.09,30.22,30.85,23565
VNQ,20090629,30.91,31.11,30.37,30.83,23420
VNQ,20090630,31.04,31.33,30.79,31.01,18941
VNQ,20090701,31.23,31.75,31.16,31.55,16828
VNQ,20090702,31.10,31.16,29.85,29.88,23440
VNQ,20090706,29.70,30.71,29.42,30.63,26540
VNQ,20090707,30.71,30.72,29.34,29.44,20360
VNQ,20090708,29.60,29.71,28.33,29.16,23704
VNQ,20090709,29.36,29.48,28.57,28.61,12892
VNQ,20090710,28.35,28.74,27.82,28.57,11242
VNQ,20090713,28.69,29.84,28.37,29.65,39294
VNQ,20090714,29.75,30.28,29.22,30.01,28222
VNQ,20090715,30.61,31.56,30.32,31.12,17681
VNQ,20090716,30.99,31.74,30.51,31.48,16062
VNQ,20090717,31.29,31.36,30.41,30.64,14547
VNQ,20090720,31.03,31.86,30.94,31.72,16878
VNQ,20090721,32.00,32.00,30.96,31.63,29901
VNQ,20090722,31.17,32.12,31.13,31.67,19492
VNQ,20090723,31.70,33.31,31.60,32.93,29223
VNQ,20090724,32.71,33.27,32.29,33.16,12724
VNQ,20090727,33.20,33.73,32.90,33.64,21484
VNQ,20090728,33.43,33.75,33.11,33.61,14511
VNQ,20090729,33.38,33.62,32.93,33.19,11871
VNQ,20090730,33.79,34.91,33.71,34.38,19182
VNQ,20090731,34.37,34.70,34.01,34.35,22087
VNQ,20090803,35.09,35.14,34.43,34.97,25418
VNQ,20090804,34.79,37.14,34.52,36.88,34540
VNQ,20090805,36.90,38.49,36.61,38.29,39653
VNQ,20090806,38.83,39.81,38.00,38.00,59533
VNQ,20090807,38.92,40.90,38.34,40.12,54713
VNQ,20090810,39.99,40.08,38.82,39.26,44320
VNQ,20090811,38.87,39.06,37.65,38.12,42752
VNQ,20090812,38.05,39.18,38.01,38.40,46192
VNQ,20090813,38.84,38.99,38.10,38.60,53394
VNQ,20090814,38.44,38.47,37.33,38.28,35385
VNQ,20090817,36.78,36.88,36.00,36.24,33858
VNQ,20090818,36.36,37.01,36.12,36.60,23799
VNQ,20090819,35.95,36.48,35.74,36.31,26935
VNQ,20090820,36.31,37.79,36.26,37.76,52355
VNQ,20090821,38.28,39.55,38.09,38.75,59534
VNQ,20090824,39.29,39.31,38.45,38.62,59583
VNQ,20090825,38.90,39.35,38.57,39.05,34838
VNQ,20090826,38.97,39.23,38.61,39.17,26808
VNQ,20090827,39.15,39.65,38.35,39.55,24650
VNQ,20090828,39.90,40.04,39.19,39.90,30745
VNQ,20090831,39.17,39.57,38.86,39.27,29612
VNQ,20090901,38.97,39.32,37.13,37.17,43564
VNQ,20090902,36.86,37.14,36.42,36.42,34438
VNQ,20090903,36.89,37.19,36.18,37.15,19331
VNQ,20090904,37.14,37.58,36.48,37.58,15879
VNQ,20090908,38.17,38.89,37.89,38.89,20519
VNQ,20090909,38.87,39.78,38.54,39.65,28257
VNQ,20090910,39.61,40.33,39.04,40.24,21173
VNQ,20090911,40.47,40.66,39.67,40.17,23840
VNQ,20090914,39.58,41.39,39.57,41.36,22299
VNQ,20090915,41.65,42.62,40.81,42.02,35549
VNQ,20090916,42.43,43.79,42.23,43.73,36597
VNQ,20090917,43.69,45.24,42.89,43.54,51528
VNQ,20090918,43.79,44.17,42.82,43.60,28740
VNQ,20090921,42.99,43.42,42.60,42.92,24235
VNQ,20090922,43.46,44.35,43.23,44.28,44879
VNQ,20090923,44.43,44.44,42.61,42.68,32916
VNQ,20090924,42.52,42.70,40.46,40.72,48049
VNQ,20090925,40.44,41.31,40.07,40.85,46360
VNQ,20090928,41.17,42.59,40.98,42.54,26446
VNQ,20090929,42.64,42.96,41.70,41.85,31981
VNQ,20090930,42.22,42.23,40.86,41.45,39053
VNQ,20091001,41.36,41.42,39.59,39.59,90985
VNQ,20091002,38.66,40.44,38.63,39.31,47427
VNQ,20091005,39.75,40.50,39.40,40.39,29283
VNQ,20091006,40.76,41.27,39.74,40.28,35481
VNQ,20091007,40.14,40.58,39.68,40.25,33385
VNQ,20091008,40.80,41.40,40.58,41.02,30321
VNQ,20091009,40.81,41.40,40.47,41.37,26732
VNQ,20091012,41.66,41.82,41.10,41.31,19333
VNQ,20091013,41.04,41.22,40.39,40.73,25469
VNQ,20091014,41.50,42.38,41.25,42.22,31524
VNQ,20091015,41.88,42.03,41.62,41.86,34923
VNQ,20091016,41.31,41.43,40.66,40.76,30714
VNQ,20091019,41.05,41.75,40.83,41.64,25808
VNQ,20091020,41.54,41.64,40.68,40.87,21280
VNQ,20091021,40.58,41.51,40.27,40.35,24872
VNQ,20091022,40.33,41.45,39.75,41.41,33860
VNQ,20091023,41.52,41.57,40.72,40.92,32431
VNQ,20091026,40.91,41.92,40.73,40.82,36073
VNQ,20091027,40.84,41.03,40.05,40.23,35937
VNQ,20091028,39.98,40.57,38.47,38.54,46548
VNQ,20091029,39.15,40.43,39.02,40.30,33097
VNQ,20091030,40.01,40.26,38.59,39.60,44241
VNQ,20091102,39.70,40.48,38.44,39.59,49060
VNQ,20091103,39.02,40.25,38.99,40.17,45094
VNQ,20091104,40.72,40.83,39.28,39.31,43210
VNQ,20091105,39.84,40.29,39.42,40.20,23797
VNQ,20091106,39.51,40.19,39.22,39.54,24423
VNQ,20091109,40.13,41.50,39.94,41.49,22740
VNQ,20091110,41.19,41.48,40.58,41.18,25483
VNQ,20091111,41.55,42.25,41.42,41.95,31072
VNQ,20091112,41.90,42.25,41.42,41.52,29205
VNQ,20091113,41.56,42.20,41.50,42.08,24440
VNQ,20091116,42.37,43.51,42.37,43.10,30536
VNQ,20091117,42.82,43.31,42.31,42.35,24859
VNQ,20091118,42.34,43.23,42.29,43.12,29289
VNQ,20091119,42.66,42.74,41.94,42.13,19605
VNQ,20091120,41.90,42.05,41.68,41.83,17823
VNQ,20091123,42.58,43.02,42.02,42.36,21826
VNQ,20091124,42.32,42.37,41.57,41.73,20518
VNQ,20091125,41.96,42.19,41.76,41.90,15301
VNQ,20091127,40.67,41.41,40.47,40.68,13151
VNQ,20091130,40.83,42.36,40.50,42.20,23067
VNQ,20091201,42.63,43.04,42.18,42.82,22298
VNQ,20091202,42.66,43.74,42.66,43.52,22925
VNQ,20091203,43.75,44.29,42.89,43.03,34296
VNQ,20091204,44.13,44.62,43.47,44.30,34939
VNQ,20091207,44.19,44.30,43.06,43.37,20040
VNQ,20091208,43.01,43.84,42.94,43.12,20695
VNQ,20091209,43.26,43.49,42.97,43.03,19424
VNQ,20091210,43.27,43.41,42.63,42.86,15469
VNQ,20091211,43.05,43.59,42.91,43.55,15552
VNQ,20091214,43.73,44.43,43.24,44.34,31699
VNQ,20091215,44.06,44.24,43.79,43.90,24506
VNQ,20091216,44.16,44.44,44.00,44.22,26261
VNQ,20091217,43.89,44.22,43.60,43.95,25263
VNQ,20091218,44.07,44.30,43.52,44.24,20616
VNQ,20091221,44.40,44.90,44.36,44.84,29570
VNQ,20091222,44.85,45.35,44.85,45.31,17035
VNQ,20091223,45.30,46.35,45.30,45.85,15313
VNQ,20091224,45.52,45.94,45.47,45.92,5602
VNQ,20091228,46.10,46.64,45.95,46.14,29095
VNQ,20091229,46.31,46.44,45.44,45.45,19394
VNQ,20091230,45.30,45.57,45.04,45.52,14242
VNQ,20091231,45.74,45.98,44.69,44.74,12589
VNQ,20100104,45.22,45.42,44.20,44.55,24083
VNQ,20100105,44.50,44.58,43.93,44.50,20542
VNQ,20100106,44.52,44.84,44.30,44.42,24711
VNQ,20100107,44.46,45.10,43.95,44.90,20917
VNQ,20100108,44.81,44.85,44.18,44.57,26820
VNQ,20100111,44.87,45.06,44.58,44.83,19247
VNQ,20100112,44.43,44.77,43.86,44.08,31244
VNQ,20100113,44.18,45.08,44.13,44.97,21329
VNQ,20100114,44.91,45.06,44.59,44.93,15946
VNQ,20100115,44.75,44.85,44.40,44.59,55769
VNQ,20100119,44.54,45.63,44.46,45.50,24542
VNQ,20100120,45.16,45.16,44.55,44.99,33398
VNQ,20100121,44.98,45.27,43.62,43.70,42333
VNQ,20100122,43.55,44.01,42.47,42.60,50395
VNQ,20100125,43.14,43.14,42.10,42.90,37490
VNQ,20100126,42.47,43.18,42.42,42.50,33529
VNQ,20100127,42.63,42.94,41.86,42.88,37143
VNQ,20100128,43.21,43.23,42.10,42.51,37500
VNQ,20100129,42.82,43.18,41.98,42.27,40961
VNQ,20100201,42.59,43.10,42.49,43.04,28394
VNQ,20100202,43.17,43.84,42.68,43.63,32700
VNQ,20100203,43.48,43.49,42.67,42.92,30791
VNQ,20100204,42.56,42.61,41.33,41.33,39428
VNQ,20100205,41.49,42.28,40.86,42.09,51005
VNQ,20100208,42.26,42.39,41.07,41.17,29696
VNQ,20100209,41.68,41.81,40.72,41.04,47851
VNQ,20100210,41.12,41.63,40.33,41.12,28938
VNQ,20100211,41.10,41.53,40.60,41.51,27063
VNQ,20100212,40.99,42.00,40.87,42.00,33850
VNQ,20100216,42.44,43.23,42.36,43.19,27303
VNQ,20100217,43.31,43.75,43.24,43.58,31389
VNQ,20100218,43.41,44.35,43.27,44.23,27372
VNQ,20100219,44.03,44.50,43.86,44.26,32500
VNQ,20100222,44.40,44.67,44.15,44.37,17577
VNQ,20100223,44.21,44.51,43.93,44.03,27159
VNQ,20100224,44.11,44.49,44.04,44.48,29653
VNQ,20100225,44.00,44.74,43.72,44.65,20670
VNQ,20100226,44.76,45.12,44.43,44.63,17842
VNQ,20100301,44.90,45.18,44.73,45.01,18496
VNQ,20100302,45.19,45.27,44.92,45.03,15753
VNQ,20100303,45.14,45.22,44.84,44.91,18842
VNQ,20100304,44.92,45.24,44.88,45.19,15572
VNQ,20100305,45.35,46.51,45.25,46.42,21618
VNQ,20100308,46.45,47.06,46.36,46.89,17291
VNQ,20100309,46.81,47.72,46.61,47.00,21260
VNQ,20100310,47.23,47.64,46.96,47.42,23115
VNQ,20100311,47.20,47.75,47.03,47.70,17662
VNQ,20100312,48.09,48.36,47.69,48.08,23444
VNQ,20100315,47.96,48.32,47.48,47.97,21643
VNQ,20100316,48.17,49.28,48.03,49.13,38944
VNQ,20100317,49.35,49.96,49.15,49.86,34678
VNQ,20100318,49.70,50.06,49.51,49.59,24486
VNQ,20100319,49.61,49.81,49.00,49.05,27033
VNQ,20100322,48.70,49.81,48.62,49.67,29226
VNQ,20100323,49.66,49.74,49.07,49.53,39747
VNQ,20100324,49.37,50.15,49.31,49.80,32412
VNQ,20100325,49.80,50.50,49.55,49.55,40334
VNQ,20100326,49.78,50.04,49.17,49.29,43390
VNQ,20100329,49.63,49.66,49.10,49.44,19141
VNQ,20100330,49.53,49.63,49.17,49.37,19683
VNQ,20100331,49.19,49.42,48.79,48.81,23659
VNQ,20100401,49.17,49.31,48.61,49.06,21982
VNQ,20100405,49.27,50.22,49.13,50.14,19612
VNQ,20100406,50.05,51.40,49.87,51.29,33071
VNQ,20100407,51.19,51.32,49.94,50.16,35217
VNQ,20100408,49.94,50.30,49.85,50.22,20478
VNQ,20100409,50.42,51.05,50.13,50.93,17105
VNQ,20100412,51.12,51.15,50.56,50.61,18722
VNQ,20100413,50.65,52.03,50.58,51.85,17126
VNQ,20100414,52.25,52.30,51.63,51.93,20267
VNQ,20100415,51.68,51.78,50.46,50.51,25947
VNQ,20100416,50.39,50.82,49.24,49.35,44501
VNQ,20100419,49.01,49.96,48.84,49.57,28256
VNQ,20100420,49.85,50.41,49.32,50.41,21932
VNQ,20100421,50.32,51.59,50.28,51.29,29801
VNQ,20100422,50.90,52.28,50.62,52.08,27596
VNQ,20100423,52.23,52.83,51.72,52.77,33028
VNQ,20100426,52.93,53.60,52.72,53.19,24867
VNQ,20100427,52.89,53.25,51.49,51.49,45896
VNQ,20100428,52.12,52.20,51.44,51.65,35005
VNQ,20100429,52.31,54.06,52.27,53.98,32685
VNQ,20100430,53.87,54.36,52.18,52.30,40562
VNQ,20100503,52.76,54.35,52.75,54.04,40160
VNQ,20100504,53.23,53.54,52.34,52.81,36725
VNQ,20100505,51.97,53.05,51.32,52.10,35972
VNQ,20100506,51.73,52.09,45.00,49.96,61922
VNQ,20100507,50.43,51.13,48.32,49.12,58966
VNQ,20100510,51.76,52.51,51.33,52.36,48173
VNQ,20100511,51.65,53.18,51.52,52.67,32291
VNQ,20100512,52.91,53.71,52.55,53.52,25774
VNQ,20100513,53.64,53.76,52.56,52.65,25221
VNQ,20100514,52.21,52.26,50.44,50.98,45579
VNQ,20100517,51.24,52.01,49.52,51.05,29132
VNQ,20100518,51.85,51.90,49.47,49.76,37252
VNQ,20100519,49.30,50.40,47.98,49.30,59557
VNQ,20100520,47.98,48.46,46.67,46.77,58471
VNQ,20100521,46.00,48.40,45.73,48.34,56522
VNQ,20100524,48.38,48.64,47.18,47.26,38260
VNQ,20100525,45.92,47.74,45.36,47.64,47364
VNQ,20100526,48.44,49.04,47.23,47.54,49373
VNQ,20100527,48.77,50.20,48.19,50.15,28761
VNQ,20100528,50.07,50.47,49.19,49.51,27691
VNQ,20100601,48.94,49.70,48.40,48.48,27149
VNQ,20100602,48.82,49.53,47.97,49.43,20156
VNQ,20100603,49.67,49.75,48.85,49.29,21717
VNQ,20100604,48.35,48.71,46.25,46.50,97511
VNQ,20100607,46.73,47.53,46.17,46.25,36466
VNQ,20100608,46.46,47.17,45.23,47.08,49663
VNQ,20100609,47.51,48.72,47.12,47.36,41304
VNQ,20100610,48.34,49.60,47.96,49.41,39187
VNQ,20100611,48.86,50.12,48.79,50.00,26268
VNQ,20100614,50.67,51.15,50.11,50.62,29670
VNQ,20100615,50.95,51.86,50.59,51.75,26925
VNQ,20100616,51.34,51.71,51.02,51.28,24965
VNQ,20100617,51.51,51.63,50.83,51.39,31371
VNQ,20100618,51.52,51.58,50.97,51.23,19811
VNQ,20100621,51.94,52.15,50.68,50.83,29100
VNQ,20100622,50.92,51.18,49.19,49.32,44680
VNQ,20100623,49.19,50.03,48.52,49.45,29878
VNQ,20100624,48.67,48.85,47.79,47.95,31634
VNQ,20100625,48.15,49.38,47.84,49.16,48837
VNQ,20100628,49.34,49.39,48.39,48.58,24394
VNQ,20100629,47.84,47.87,46.60,46.99,48050
VNQ,20100630,47.11,47.71,46.34,46.49,36160
VNQ,20100701,46.49,46.74,45.18,46.33,78047
VNQ,20100702,46.55,46.71,45.20,45.44,26826
VNQ,20100706,46.26,46.55,43.96,44.43,49898
VNQ,20100707,44.49,46.65,44.45,46.59,37025
VNQ,20100708,47.24,47.59,46.33,47.17,22884
VNQ,20100709,47.02,47.86,46.95,47.77,15970
VNQ,20100712,47.69,48.07,47.17,47.92,24198
VNQ,20100713,48.65,49.28,48.39,49.10,26227
VNQ,20100714,48.83,49.27,48.17,48.81,22972
VNQ,20100715,48.90,48.90,47.68,48.65,25607
VNQ,20100716,48.40,48.40,46.70,47.07,27581
VNQ,20100719,47.15,47.90,46.37,47.65,27405
VNQ,20100720,46.82,48.71,46.72,48.54,34947
VNQ,20100721,48.76,48.92,47.28,47.53,35267
VNQ,20100722,48.14,49.71,48.09,49.31,32951
VNQ,20100723,49.30,49.98,48.44,49.94,29563
VNQ,20100726,49.88,51.31,49.64,51.19,38564
VNQ,20100727,51.68,51.82,50.59,51.18,34832
VNQ,20100728,51.00,51.70,50.78,51.08,29191
VNQ,20100729,51.55,51.64,50.14,50.65,22768
VNQ,20100730,50.15,51.21,49.95,50.95,27463
VNQ,20100802,51.75,52.81,51.62,52.66,30182
VNQ,20100803,52.57,52.57,51.78,52.15,19554
VNQ,20100804,52.38,52.54,51.90,52.52,20412
VNQ,20100805,52.15,52.50,51.75,51.86,18472
VNQ,20100806,51.30,51.78,50.76,51.62,18361
VNQ,20100809,51.99,52.38,51.56,52.21,29145
VNQ,20100810,51.70,52.23,51.16,51.70,21802
VNQ,20100811,50.84,51.09,49.99,50.41,26886
VNQ,20100812,49.76,50.29,49.50,49.78,26326
VNQ,20100813,49.78,50.15,49.62,49.78,22086
VNQ,20100816,49.56,50.19,49.25,49.74,18273
VNQ,20100817,50.23,51.24,49.93,50.88,22907
VNQ,20100818,51.00,51.27,50.51,50.93,16518
VNQ,20100819,50.71,50.78,49.35,49.63,28837
VNQ,20100820,49.44,49.54,48.96,49.47,15853
VNQ,20100823,49.67,49.84,49.19,49.21,15356
VNQ,20100824,48.50,49.34,48.11,49.01,26114
VNQ,20100825,48.65,50.04,48.53,49.79,18177
VNQ,20100826,50.14,50.44,49.42,49.49,27934
VNQ,20100827,49.85,50.40,48.75,50.31,22995
VNQ,20100830,50.21,50.68,49.87,49.92,16420
VNQ,20100831,49.70,50.46,49.49,50.30,28047
VNQ,20100901,50.98,52.07,50.88,51.94,20377
VNQ,20100902,51.94,52.67,51.86,52.60,19900
VNQ,20100903,53.32,53.40,52.82,53.37,20930
VNQ,20100907,52.95,53.11,52.49,52.55,17283
VNQ,20100908,52.74,52.99,52.43,52.66,20431
VNQ,20100909,53.25,53.28,51.89,52.05,14285
VNQ,20100910,52.22,52.57,51.92,52.33,10243
VNQ,20100913,52.84,53.23,52.66,53.19,16109
VNQ,20100914,53.03,53.38,52.70,52.99,18427
VNQ,20100915,52.72,53.65,52.67,53.45,39810
VNQ,20100916,53.39,53.54,52.96,53.17,14903
VNQ,20100917,53.42,53.56,52.85,53.33,12876
VNQ,20100920,53.57,54.85,53.41,54.63,18017
VNQ,20100921,54.71,54.77,53.71,53.83,32663
VNQ,20100922,53.56,53.92,53.00,53.10,29271
VNQ,20100923,52.63,52.79,51.59,51.79,23527
VNQ,20100924,52.07,52.80,51.92,52.78,36175
VNQ,20100927,52.92,52.98,51.88,52.13,17651
VNQ,20100928,52.30,52.47,51.36,52.34,17550
VNQ,20100929,52.27,52.28,51.74,51.93,20322
VNQ,20100930,52.36,52.82,51.68,52.08,27455
VNQ,20101001,52.38,52.60,51.69,52.34,60979
VNQ,20101004,52.22,52.82,52.15,52.82,52329
VNQ,20101005,53.27,53.84,52.82,53.66,20613
VNQ,20101006,53.52,53.60,53.09,53.37,21000
VNQ,20101007,53.60,53.89,53.26,53.52,12830
VNQ,20101008,53.44,53.80,53.24,53.67,11180
VNQ,20101011,53.80,53.84,53.52,53.66,9549
VNQ,20101012,53.55,54.18,53.28,54.04,16865
VNQ,20101013,54.38,55.09,54.11,54.60,16346
VNQ,20101014,54.40,54.81,54.12,54.46,15875
VNQ,20101015,54.78,54.92,54.27,54.39,17940
VNQ,20101018,54.37,55.15,54.31,55.09,16379
VNQ,20101019,54.52,55.24,54.23,54.41,19870
VNQ,20101020,54.54,56.08,54.52,55.60,19587
VNQ,20101021,55.92,56.18,55.18,55.54,18482
VNQ,20101022,55.64,55.91,55.17,55.57,11478
VNQ,20101025,55.97,56.00,55.57,55.67,16639
VNQ,20101026,55.21,55.43,54.97,55.27,16694
VNQ,20101027,55.04,55.26,54.50,54.88,24856
VNQ,20101028,55.15,55.38,54.01,54.54,11853
VNQ,20101029,54.46,54.77,54.32,54.55,10178
VNQ,20101101,54.84,55.54,54.67,55.02,12631
VNQ,20101102,55.35,55.57,55.08,55.40,11664
VNQ,20101103,55.54,55.61,54.92,55.40,15894
VNQ,20101104,55.95,56.78,55.77,56.68,11864
VNQ,20101105,56.86,57.65,56.46,57.29,15342
VNQ,20101108,57.17,57.30,56.50,56.98,17844
VNQ,20101109,57.21,57.21,54.29,54.67,30792
VNQ,20101110,54.91,55.38,54.70,55.35,14800
VNQ,20101111,55.00,55.43,54.75,54.91,13050
VNQ,20101112,54.59,55.06,54.13,54.40,16837
VNQ,20101115,54.60,54.82,53.79,53.88,20169
VNQ,20101116,53.53,53.54,51.62,52.03,38886
VNQ,20101117,52.16,52.74,51.96,52.43,15032
VNQ,20101118,53.29,53.40,52.79,52.90,24988
VNQ,20101119,52.71,53.31,52.33,53.18,20018
VNQ,20101122,53.06,53.50,53.01,53.32,14431
VNQ,20101123,52.69,53.00,52.58,52.90,26715
VNQ,20101124,53.30,54.00,53.30,53.92,15556
VNQ,20101126,53.66,54.05,53.57,53.81,6611
VNQ,20101129,53.54,53.94,53.04,53.78,16205
VNQ,20101130,53.27,53.87,53.21,53.54,16520
VNQ,20101201,54.17,54.20,53.41,53.85,21953
VNQ,20101202,54.02,54.72,53.89,54.68,13538
VNQ,20101203,54.33,54.81,54.17,54.67,15890
VNQ,20101206,54.64,54.91,54.08,54.78,16024
VNQ,20101207,55.26,55.42,54.89,54.90,17735
VNQ,20101208,55.05,55.10,53.77,54.09,22636
VNQ,20101209,54.36,54.48,53.49,53.61,14879
VNQ,20101210,53.75,54.30,53.62,53.96,27546
VNQ,20101213,54.27,54.44,53.99,54.05,10238
VNQ,20101214,54.14,54.61,53.28,53.52,16458
VNQ,20101215,53.46,53.87,52.92,53.01,14477
VNQ,20101216,53.12,53.35,52.75,53.10,12702
VNQ,20101217,53.19,53.59,53.05,53.54,28712
VNQ,20101220,53.71,54.36,53.66,54.18,23885
VNQ,20101221,54.38,54.84,54.27,54.75,29275
VNQ,20101222,54.70,55.52,54.67,55.17,13980
VNQ,20101223,55.23,55.35,54.90,54.92,12416
VNQ,20101227,54.22,55.02,54.11,55.00,12754
VNQ,20101228,55.10,55.29,54.72,55.22,29192
VNQ,20101229,55.30,55.43,55.02,55.33,15114
VNQ,20101230,55.43,55.68,55.24,55.48,12295
VNQ,20101231,55.47,55.75,55.30,55.37,11685
VNQ,20110103,55.71,56.44,55.71,56.40,19573
VNQ,20110104,56.50,56.63,55.00,55.32,23156
VNQ,20110105,55.15,55.63,55.14,55.52,15127
VNQ,20110106,55.67,55.68,54.97,55.00,18192
VNQ,20110107,55.22,55.45,54.50,55.02,20012
