VRSN,20090115,17.31,18.71,17.31,18.38,67962
VRSN,20090116,18.73,19.08,17.94,18.61,45219
VRSN,20090120,18.44,18.61,17.08,17.09,45400
VRSN,20090121,17.13,19.46,17.13,19.41,65937
VRSN,20090122,18.87,18.99,18.00,18.52,51139
VRSN,20090123,17.99,18.81,17.87,18.46,42626
VRSN,20090126,18.62,18.81,18.30,18.74,47764
VRSN,20090127,18.84,19.63,18.69,19.50,49505
VRSN,20090128,19.56,20.61,19.43,20.40,40616
VRSN,20090129,20.00,20.28,19.58,19.65,26289
VRSN,20090130,19.73,20.05,19.16,19.31,26882
VRSN,20090202,18.33,19.23,18.30,19.00,30688
VRSN,20090203,18.82,19.85,18.82,19.78,48231
VRSN,20090204,19.78,20.32,19.43,19.51,35569
VRSN,20090205,18.93,20.26,18.67,20.21,49626
VRSN,20090206,18.89,20.34,18.51,20.09,108237
VRSN,20090209,20.10,20.75,19.92,20.63,67325
VRSN,20090210,20.47,20.90,19.22,19.46,48876
VRSN,20090211,19.78,20.38,19.51,20.19,49241
VRSN,20090212,20.25,20.25,19.41,19.98,39936
VRSN,20090213,20.00,20.20,19.67,19.89,27816
VRSN,20090217,19.08,19.28,18.60,18.93,30101
VRSN,20090218,19.10,19.51,18.59,19.20,28440
VRSN,20090219,19.27,19.61,19.20,19.24,39085
VRSN,20090220,18.61,19.48,18.61,19.30,30657
VRSN,20090223,19.53,19.53,18.56,18.64,37890
VRSN,20090224,18.95,19.85,18.80,19.70,37343
VRSN,20090225,19.62,19.97,18.95,19.60,35839
VRSN,20090226,19.91,20.22,19.15,19.20,39618
VRSN,20090227,19.00,19.82,18.87,19.33,51429
VRSN,20090302,18.68,20.48,18.68,18.96,45690
VRSN,20090303,19.55,21.28,19.43,20.62,104771
VRSN,20090304,21.27,21.57,20.69,20.80,61996
VRSN,20090305,20.52,20.63,19.49,19.64,44517
VRSN,20090306,19.78,20.44,19.51,20.06,45198
VRSN,20090309,20.03,20.77,19.63,19.68,41941
VRSN,20090310,20.17,21.51,20.08,21.41,52606
VRSN,20090311,21.40,21.65,20.20,20.81,72355
VRSN,20090312,20.68,21.10,19.96,20.43,89495
VRSN,20090313,20.49,20.50,19.70,20.17,51925
VRSN,20090316,20.44,20.50,19.21,19.24,49127
VRSN,20090317,19.39,20.15,19.24,20.12,48428
VRSN,20090318,19.51,20.42,19.50,20.13,45622
VRSN,20090319,20.35,20.54,19.79,19.89,38120
VRSN,20090320,20.01,20.21,19.64,19.78,36743
VRSN,20090323,20.10,21.22,19.98,21.21,49291
VRSN,20090324,20.81,20.95,20.11,20.14,39429
VRSN,20090325,19.69,19.71,18.79,19.25,68967
VRSN,20090326,19.55,19.83,19.35,19.65,41993
VRSN,20090327,19.50,19.72,19.09,19.23,23465
VRSN,20090330,18.95,19.00,18.47,18.84,28623
VRSN,20090331,19.05,19.18,18.70,18.87,30069
VRSN,20090401,18.80,19.21,18.41,19.05,30365
VRSN,20090402,19.41,20.85,19.41,20.07,59152
VRSN,20090403,20.07,20.27,19.77,20.16,33079
VRSN,20090406,20.13,20.63,19.80,20.58,63146
VRSN,20090407,20.23,20.50,19.84,20.03,48596
VRSN,20090408,20.26,20.45,19.91,20.33,27941
VRSN,20090409,20.71,21.01,20.61,20.85,28601
VRSN,20090413,20.69,20.80,20.32,20.56,23420
VRSN,20090414,20.56,20.82,20.27,20.43,25534
VRSN,20090415,20.25,20.32,19.80,20.18,26816
VRSN,20090416,20.44,20.50,19.87,20.16,37993
VRSN,20090417,20.16,20.16,19.65,19.83,57188
VRSN,20090420,19.60,20.09,19.13,19.18,36378
VRSN,20090421,19.28,19.49,18.86,19.25,28521
VRSN,20090422,18.72,19.57,18.72,18.91,38203
VRSN,20090423,19.24,19.31,18.67,19.11,28220
VRSN,20090424,19.36,19.51,18.87,19.36,20833
VRSN,20090427,19.53,19.70,19.07,19.23,20511
VRSN,20090428,18.98,19.33,18.91,19.05,23057
VRSN,20090429,19.23,20.00,19.11,19.91,40834
VRSN,20090430,19.92,20.91,19.91,20.58,48252
VRSN,20090501,20.80,21.47,20.45,21.29,41881
VRSN,20090504,21.01,21.89,21.01,21.83,55122
VRSN,20090505,21.64,22.33,21.55,21.79,52124
VRSN,20090506,22.13,22.44,21.16,21.65,29556
VRSN,20090507,21.80,21.96,20.74,20.83,51121
VRSN,20090508,23.16,24.56,22.25,24.26,138217
VRSN,20090511,23.92,24.88,23.64,24.19,45027
VRSN,20090512,24.47,24.49,23.56,24.00,34957
VRSN,20090513,23.46,23.66,22.95,23.08,26875
VRSN,20090514,23.13,23.62,23.04,23.48,26402
VRSN,20090515,23.11,23.30,22.85,22.98,28024
VRSN,20090518,23.11,23.49,22.90,23.49,27634
VRSN,20090519,23.13,23.45,22.90,23.24,37426
VRSN,20090520,23.24,24.00,23.16,23.29,32766
VRSN,20090521,23.21,23.30,22.76,22.86,28799
VRSN,20090522,22.93,23.10,22.40,22.72,24694
VRSN,20090526,22.48,23.20,22.06,23.15,60441
VRSN,20090527,23.09,23.62,22.87,23.18,37808
VRSN,20090528,23.47,23.52,22.80,23.19,28377
VRSN,20090529,22.74,23.41,22.74,23.41,26785
VRSN,20090601,23.52,24.53,23.37,23.95,47447
VRSN,20090602,24.00,24.15,23.22,23.54,52715
VRSN,20090603,23.29,23.50,22.33,22.79,41265
VRSN,20090604,22.73,23.26,22.63,23.20,19997
VRSN,20090605,23.33,23.60,23.09,23.19,22480
VRSN,20090608,22.29,22.41,19.46,19.90,209968
VRSN,20090609,20.27,20.43,18.72,18.93,158196
VRSN,20090610,19.22,19.98,19.10,19.45,118753
VRSN,20090611,19.71,19.77,19.10,19.24,54572
VRSN,20090612,19.24,19.40,18.92,19.24,40182
VRSN,20090615,18.99,19.05,18.05,18.33,71290
VRSN,20090616,18.45,18.56,18.06,18.08,57992
VRSN,20090617,18.28,18.56,18.08,18.38,58465
VRSN,20090618,18.20,18.74,17.54,18.52,115069
VRSN,20090619,18.77,18.95,18.40,18.59,81402
VRSN,20090622,18.84,18.91,18.36,18.62,81112
VRSN,20090623,18.62,18.78,18.30,18.54,46755
VRSN,20090624,18.54,19.17,18.48,18.86,55810
VRSN,20090625,18.67,19.27,18.64,19.06,56686
VRSN,20090626,19.01,19.22,18.82,19.14,33508
VRSN,20090629,19.12,19.17,18.60,18.71,46284
VRSN,20090630,18.76,18.76,18.37,18.52,44969
VRSN,20090701,18.50,18.83,18.46,18.51,31752
VRSN,20090702,18.29,18.32,17.71,18.05,37772
VRSN,20090706,18.43,18.63,18.10,18.53,45566
VRSN,20090707,18.41,18.43,17.83,17.93,50697
VRSN,20090708,17.85,18.18,17.59,17.94,40679
VRSN,20090709,18.10,18.28,17.81,18.15,46184
VRSN,20090710,18.02,18.29,17.83,18.06,29810
VRSN,20090713,18.05,18.28,17.64,18.22,32604
VRSN,20090714,18.12,18.66,18.10,18.58,41608
VRSN,20090715,18.81,19.78,18.81,19.67,84887
VRSN,20090716,19.67,19.77,19.40,19.65,36912
VRSN,20090717,19.72,19.93,19.40,19.86,52036
VRSN,20090720,19.85,19.91,19.55,19.87,37133
VRSN,20090721,19.89,19.99,19.57,19.97,34398
VRSN,20090722,19.76,19.96,19.49,19.93,31231
VRSN,20090723,19.94,20.71,19.81,20.40,71225
VRSN,20090724,20.16,20.52,19.94,20.24,52006
VRSN,20090727,20.29,20.44,19.92,20.16,30683
VRSN,20090728,20.09,20.21,19.72,20.17,19758
VRSN,20090729,19.71,20.26,19.71,20.24,27710
VRSN,20090730,20.49,20.65,20.30,20.53,48597
VRSN,20090731,20.59,20.84,20.30,20.44,33375
VRSN,20090803,20.52,20.79,20.40,20.69,29491
VRSN,20090804,20.69,20.69,20.40,20.54,34729
VRSN,20090805,20.62,20.72,20.12,20.58,36098
VRSN,20090806,20.63,20.81,20.36,20.56,43952
VRSN,20090807,20.00,20.06,18.44,18.66,194431
VRSN,20090810,18.63,19.09,18.27,18.80,92239
VRSN,20090811,18.77,19.30,18.77,19.12,54192
VRSN,20090812,19.60,19.98,19.40,19.72,91566
VRSN,20090813,19.81,20.32,19.73,20.27,82266
VRSN,20090814,20.08,21.01,19.99,20.99,75444
VRSN,20090817,20.12,20.73,20.06,20.46,68092
VRSN,20090818,20.47,20.77,20.35,20.50,43573
VRSN,20090819,20.12,20.85,20.12,20.76,57716
VRSN,20090820,20.59,20.82,20.41,20.58,39907
VRSN,20090821,20.86,21.15,20.68,20.94,58666
VRSN,20090824,21.09,21.10,20.64,20.74,41818
VRSN,20090825,20.87,21.02,20.49,20.56,45363
VRSN,20090826,21.00,21.05,20.41,21.00,46739
VRSN,20090827,21.10,21.28,20.71,21.10,37113
VRSN,20090828,21.25,21.89,21.23,21.46,74707
VRSN,20090831,21.72,21.85,21.04,21.19,45051
VRSN,20090901,21.07,21.46,20.76,20.82,57254
VRSN,20090902,20.74,20.87,20.55,20.62,35934
VRSN,20090903,20.65,20.86,20.51,20.70,30843
VRSN,20090904,20.75,20.95,20.68,20.95,42497
VRSN,20090908,21.00,21.27,21.00,21.25,46053
VRSN,20090909,21.40,21.60,21.13,21.25,45904
VRSN,20090910,21.21,22.07,21.05,21.98,51760
VRSN,20090911,22.16,22.68,21.98,22.66,47487
VRSN,20090914,22.57,22.63,22.16,22.45,37622
VRSN,20090915,22.43,22.68,22.19,22.64,51920
VRSN,20090916,22.70,23.50,22.65,23.36,48152
VRSN,20090917,23.30,23.78,22.95,23.55,51401
VRSN,20090918,23.63,23.63,23.24,23.26,30777
VRSN,20090921,23.23,23.30,22.95,23.22,21894
VRSN,20090922,23.25,23.44,23.07,23.29,19793
VRSN,20090923,23.30,23.95,23.15,23.46,26915
VRSN,20090924,23.57,23.62,22.54,22.92,31664
VRSN,20090925,22.68,23.02,22.64,22.80,14890
VRSN,20090928,22.96,23.41,22.73,23.17,15133
VRSN,20090929,23.32,23.45,22.81,22.96,31010
VRSN,20090930,23.01,23.81,22.58,23.69,61938
VRSN,20091001,23.57,23.73,22.77,22.95,40081
VRSN,20091002,22.91,23.16,22.55,23.00,29915
VRSN,20091005,23.01,23.35,22.77,22.99,28503
VRSN,20091006,23.11,23.94,22.86,23.60,46104
VRSN,20091007,23.49,23.90,23.13,23.86,27955
VRSN,20091008,23.72,24.09,23.54,23.70,33582
VRSN,20091009,23.59,23.78,23.36,23.70,21224
VRSN,20091012,23.79,23.79,23.19,23.47,29197
VRSN,20091013,23.12,23.65,23.12,23.47,17832
VRSN,20091014,23.63,23.77,23.44,23.63,22342
VRSN,20091015,23.41,23.61,23.30,23.42,25858
VRSN,20091016,23.34,23.42,22.85,23.30,39382
VRSN,20091019,23.45,24.40,23.38,24.37,42751
VRSN,20091020,24.23,24.30,23.74,24.18,37172
VRSN,20091021,24.17,24.99,24.10,24.14,40533
VRSN,20091022,24.17,24.45,23.96,24.39,19585
VRSN,20091023,24.36,24.57,23.66,23.79,33726
VRSN,20091026,23.91,24.08,23.35,23.62,28069
VRSN,20091027,23.55,24.03,23.23,23.48,22035
VRSN,20091028,23.41,23.52,22.48,22.52,34174
VRSN,20091029,22.80,23.34,22.71,23.28,38557
VRSN,20091030,23.22,23.30,22.60,22.81,30073
VRSN,20091102,22.95,23.47,22.84,23.14,31503
VRSN,20091103,23.10,23.10,22.76,22.96,33058
VRSN,20091104,22.97,23.48,22.74,23.18,27770
VRSN,20091105,23.50,24.12,23.44,24.00,35686
VRSN,20091106,22.10,23.31,21.50,23.24,104837
VRSN,20091109,22.45,23.06,22.32,23.02,79397
VRSN,20091110,23.00,23.20,22.58,22.66,54252
VRSN,20091111,22.82,23.28,22.75,22.91,30112
VRSN,20091112,22.95,23.11,22.69,22.75,25578
VRSN,20091113,22.74,22.81,22.37,22.74,42665
VRSN,20091116,22.66,23.17,22.64,23.00,23916
VRSN,20091117,22.86,22.96,22.74,22.86,27402
VRSN,20091118,22.77,22.96,22.50,22.66,30976
VRSN,20091119,22.75,22.75,21.81,21.88,71362
VRSN,20091120,21.34,21.76,21.28,21.56,65811
VRSN,20091123,21.74,22.33,21.74,22.02,69434
VRSN,20091124,22.05,22.32,21.89,22.28,50151
VRSN,20091125,22.25,22.61,22.16,22.45,42020
VRSN,20091127,21.86,22.59,21.86,22.30,27662
VRSN,20091130,22.17,22.62,22.17,22.44,53755
VRSN,20091201,22.55,22.75,22.29,22.58,33082
VRSN,20091202,22.57,22.74,22.12,22.15,58003
VRSN,20091203,22.19,22.47,22.17,22.25,43056
VRSN,20091204,22.22,22.47,22.04,22.37,46991
VRSN,20091207,22.35,22.59,22.31,22.37,26772
VRSN,20091208,22.39,22.39,22.00,22.11,29675
VRSN,20091209,22.03,22.15,21.67,21.85,29058
VRSN,20091210,21.89,22.20,21.89,22.02,24047
VRSN,20091211,22.18,22.34,21.97,22.19,20735
VRSN,20091214,22.30,22.40,22.09,22.24,21436
VRSN,20091215,22.24,22.32,22.03,22.28,22224
VRSN,20091216,22.32,22.63,22.11,22.54,29630
VRSN,20091217,22.67,22.67,22.17,22.19,32895
VRSN,20091218,23.11,24.25,23.10,23.85,106907
VRSN,20091221,24.02,24.07,23.61,23.90,29071
VRSN,20091222,23.98,23.98,23.61,23.84,25352
VRSN,20091223,23.90,24.26,23.84,24.20,16462
VRSN,20091224,24.29,24.29,24.15,24.27,5467
VRSN,20091228,24.28,24.50,24.16,24.37,11357
VRSN,20091229,24.39,24.56,24.31,24.41,15702
VRSN,20091230,24.39,24.72,24.25,24.62,15528
VRSN,20091231,24.46,24.70,24.23,24.24,18207
VRSN,20100104,24.56,24.87,24.29,24.74,26520
VRSN,20100105,24.79,25.14,24.50,25.00,46287
VRSN,20100106,24.90,25.07,24.65,24.73,30019
VRSN,20100107,24.70,24.74,24.28,24.39,56746
VRSN,20100108,24.33,24.69,24.31,24.58,23514
VRSN,20100111,24.61,24.74,24.03,24.51,34432
VRSN,20100112,24.32,24.49,23.90,24.18,24848
VRSN,20100113,24.34,24.47,23.94,24.40,25632
VRSN,20100114,24.61,24.61,24.16,24.33,18637
VRSN,20100115,24.47,24.47,23.66,23.98,52084
VRSN,20100119,23.95,24.42,23.87,24.30,29122
VRSN,20100120,24.05,24.14,23.79,24.01,42857
VRSN,20100121,24.01,24.36,23.69,24.03,37773
VRSN,20100122,23.94,24.14,23.21,23.34,44671
VRSN,20100125,23.46,23.56,23.03,23.40,24915
VRSN,20100126,23.21,23.72,23.08,23.52,34920
VRSN,20100127,23.40,23.63,23.25,23.61,25335
VRSN,20100128,23.39,23.65,22.73,23.08,36296
VRSN,20100129,23.02,23.55,22.70,22.91,43735
VRSN,20100201,22.90,23.19,22.75,23.19,29784
VRSN,20100202,23.13,23.48,22.90,23.42,50284
VRSN,20100203,21.38,23.58,21.21,23.30,192698
VRSN,20100204,22.90,23.57,22.84,23.04,69630
VRSN,20100205,23.00,23.32,22.84,23.24,62938
VRSN,20100208,23.06,23.33,22.97,22.98,27174
VRSN,20100209,23.30,23.32,22.86,23.00,43052
VRSN,20100210,23.03,23.10,22.76,22.87,31086
VRSN,20100211,22.95,23.50,22.94,23.35,28675
VRSN,20100212,23.19,23.37,23.03,23.29,26026
VRSN,20100216,23.37,23.78,23.34,23.61,26960
VRSN,20100217,23.79,24.17,23.60,24.12,31229
VRSN,20100218,24.13,24.23,23.77,23.98,27809
VRSN,20100219,23.88,24.31,23.87,24.12,22313
VRSN,20100222,24.17,24.50,23.89,24.32,32467
VRSN,20100223,24.33,24.50,24.24,24.38,29968
VRSN,20100224,24.44,24.80,24.22,24.65,43412
VRSN,20100225,24.37,24.93,24.22,24.86,44120
VRSN,20100226,24.92,25.18,24.79,24.92,51702
VRSN,20100301,24.97,25.59,24.86,25.44,49967
VRSN,20100302,25.44,25.55,25.11,25.26,34703
VRSN,20100303,25.23,25.54,25.20,25.35,43263
VRSN,20100304,25.57,26.46,25.57,26.25,79328
VRSN,20100305,26.31,26.64,26.28,26.50,38866
VRSN,20100308,26.43,26.67,26.39,26.55,32481
VRSN,20100309,26.44,26.77,26.39,26.51,39634
VRSN,20100310,26.65,27.07,26.55,26.90,42063
VRSN,20100311,26.79,26.82,26.45,26.73,34971
VRSN,20100312,26.73,26.78,26.42,26.64,50591
VRSN,20100315,26.70,26.98,26.46,26.86,40777
VRSN,20100316,26.94,26.97,26.61,26.75,26179
VRSN,20100317,26.72,26.83,26.64,26.72,17861
VRSN,20100318,26.72,27.05,26.67,26.97,19747
VRSN,20100319,27.18,27.18,26.47,26.80,45540
VRSN,20100322,26.15,26.57,26.10,26.53,35385
VRSN,20100323,26.53,26.59,26.24,26.42,25728
VRSN,20100324,26.32,26.51,26.28,26.37,19495
VRSN,20100325,26.52,26.68,26.08,26.08,34569
VRSN,20100326,26.29,26.30,25.84,25.94,31236
VRSN,20100329,25.76,25.97,25.71,25.79,36889
VRSN,20100330,25.88,26.07,25.79,25.95,26807
VRSN,20100331,25.92,26.18,25.77,26.02,22451
VRSN,20100401,26.07,26.37,26.03,26.36,32602
VRSN,20100405,26.44,27.08,26.44,26.81,36699
VRSN,20100406,26.66,27.04,26.61,26.92,18394
VRSN,20100407,26.92,26.99,26.47,26.54,29656
VRSN,20100408,26.39,26.66,26.22,26.60,22356
VRSN,20100409,26.61,26.85,26.48,26.84,26486
VRSN,20100412,26.92,27.00,26.60,26.68,26059
VRSN,20100413,26.55,26.64,26.25,26.52,23248
VRSN,20100414,26.49,26.88,26.45,26.80,25530
VRSN,20100415,26.71,27.00,26.60,26.85,34120
VRSN,20100416,26.76,26.95,26.54,26.60,32890
VRSN,20100419,26.67,26.92,26.43,26.84,29498
VRSN,20100420,26.89,27.15,26.82,27.08,21274
VRSN,20100421,27.19,27.43,27.04,27.39,31853
VRSN,20100422,27.19,27.52,26.86,27.42,24739
VRSN,20100423,27.48,27.49,27.07,27.43,20915
VRSN,20100426,27.39,27.49,27.19,27.39,16537
VRSN,20100427,27.40,27.69,27.06,27.11,23082
VRSN,20100428,27.27,27.36,26.62,26.88,35819
VRSN,20100429,26.63,28.00,26.58,27.51,60607
VRSN,20100430,27.64,27.69,27.25,27.28,27492
VRSN,20100503,27.30,27.85,27.12,27.71,22192
VRSN,20100504,27.38,27.39,26.63,26.78,31753
VRSN,20100505,26.75,27.10,26.52,26.76,26289
VRSN,20100506,26.67,26.85,24.59,26.35,84074
VRSN,20100507,26.18,26.39,24.72,24.95,77628
VRSN,20100510,25.92,26.54,25.92,26.45,37497
VRSN,20100511,26.21,27.00,26.02,26.52,27162
VRSN,20100512,26.48,27.37,26.40,27.35,37575
VRSN,20100513,27.04,27.69,26.58,27.13,21374
VRSN,20100514,26.99,27.06,26.37,26.71,21820
VRSN,20100517,26.82,27.16,26.42,26.84,25377
VRSN,20100518,26.94,28.95,26.94,28.23,174613
VRSN,20100519,27.82,29.23,27.68,27.99,117352
VRSN,20100520,27.51,28.12,27.14,27.56,107769
VRSN,20100521,27.08,27.75,26.93,27.35,97298
VRSN,20100524,27.27,27.39,26.98,27.10,57971
VRSN,20100525,26.33,26.40,25.88,26.32,71446
VRSN,20100526,26.42,27.16,25.99,26.83,107064
VRSN,20100527,27.18,27.83,27.08,27.80,58603
VRSN,20100528,27.88,28.16,27.65,27.91,40392
VRSN,20100601,27.75,28.00,27.18,27.21,46543
VRSN,20100602,27.27,27.96,27.17,27.88,49781
VRSN,20100603,27.78,29.48,27.75,28.89,87253
VRSN,20100604,28.54,29.15,28.15,28.29,63306
VRSN,20100607,28.38,28.64,27.55,27.66,69119
VRSN,20100608,27.62,27.98,27.19,27.55,58910
VRSN,20100609,27.90,28.74,27.74,27.96,58203
VRSN,20100610,28.35,28.61,27.97,28.49,46388
VRSN,20100611,28.31,28.77,28.31,28.74,24487
VRSN,20100614,28.86,29.08,28.58,28.66,32432
VRSN,20100615,28.88,29.30,28.84,29.25,42771
VRSN,20100616,29.20,29.71,29.04,29.49,36225
VRSN,20100617,29.44,29.54,29.19,29.52,34285
VRSN,20100618,29.59,29.75,29.34,29.39,47753
VRSN,20100621,29.62,29.79,28.91,29.02,32157
VRSN,20100622,28.97,29.37,28.16,28.26,88989
VRSN,20100623,28.35,28.78,28.26,28.46,53743
VRSN,20100624,28.29,28.57,27.70,27.92,41681
VRSN,20100625,27.93,28.00,27.65,27.73,48836
VRSN,20100628,27.99,28.07,27.59,27.87,50018
VRSN,20100629,27.46,27.65,26.47,26.70,56450
VRSN,20100630,26.60,27.02,26.48,26.55,43097
VRSN,20100701,26.58,26.80,25.93,26.29,45631
VRSN,20100702,26.04,26.53,25.96,26.10,21548
VRSN,20100706,26.34,26.51,25.73,25.94,33104
VRSN,20100707,26.68,27.42,25.94,27.36,65643
VRSN,20100708,27.38,28.42,27.38,27.99,76352
VRSN,20100709,28.00,28.19,26.96,27.25,93137
VRSN,20100712,27.11,27.50,27.00,27.29,47418
VRSN,20100713,27.71,28.61,27.64,28.49,68792
VRSN,20100714,28.39,28.94,28.26,28.92,58832
VRSN,20100715,28.88,28.92,28.39,28.73,26713
VRSN,20100716,28.69,28.74,27.82,27.90,27793
VRSN,20100719,27.91,28.35,27.84,28.26,22104
VRSN,20100720,27.86,28.53,27.66,28.46,20050
VRSN,20100721,28.49,28.58,28.01,28.08,24992
VRSN,20100722,28.27,28.67,28.27,28.59,52555
VRSN,20100723,28.54,28.85,28.38,28.80,31814
VRSN,20100726,28.82,29.11,28.59,28.95,29071
VRSN,20100727,29.08,29.12,28.73,28.85,22381
VRSN,20100728,28.80,28.98,28.26,28.43,39507
VRSN,20100729,28.61,28.73,28.06,28.45,47512
VRSN,20100730,28.20,28.59,28.09,28.15,40760
VRSN,20100802,28.17,28.33,27.80,28.00,45627
VRSN,20100803,28.32,29.42,28.11,29.22,87968
VRSN,20100804,29.25,29.75,28.75,29.67,57298
VRSN,20100805,29.41,29.73,29.13,29.51,47137
VRSN,20100806,29.14,29.78,28.97,29.50,50861
VRSN,20100809,29.49,29.74,29.27,29.63,42992
VRSN,20100810,29.37,30.25,29.08,29.79,82619
VRSN,20100811,29.39,29.39,28.59,28.78,71107
VRSN,20100812,28.73,28.91,28.35,28.71,36258
VRSN,20100813,28.70,29.79,28.40,28.53,34978
VRSN,20100816,28.52,29.22,28.40,29.01,54471
VRSN,20100817,29.10,29.46,29.07,29.24,34177
VRSN,20100818,28.98,29.44,28.88,29.19,34182
VRSN,20100819,29.16,29.70,28.99,29.35,82237
VRSN,20100820,29.37,29.41,28.99,29.37,27697
VRSN,20100823,29.48,29.67,29.00,29.10,28037
VRSN,20100824,28.78,28.93,28.24,28.48,49443
VRSN,20100825,28.22,29.01,28.15,28.83,72249
VRSN,20100826,28.99,29.32,28.88,29.02,53576
VRSN,20100827,29.19,29.58,28.83,29.54,35238
VRSN,20100830,29.30,29.52,28.97,29.05,33170
VRSN,20100831,28.85,29.22,28.53,29.09,45888
VRSN,20100901,29.36,30.00,29.30,29.58,42895
VRSN,20100902,29.77,29.89,29.51,29.74,23446
VRSN,20100903,29.98,30.33,29.79,30.10,28610
VRSN,20100907,29.92,30.21,29.70,29.76,18021
VRSN,20100908,29.92,30.55,29.87,30.49,28891
VRSN,20100909,30.73,30.88,30.53,30.65,19181
VRSN,20100910,30.74,31.03,30.67,30.87,25996
VRSN,20100913,30.90,31.57,30.81,31.57,36919
VRSN,20100914,31.52,31.60,31.27,31.29,26506
VRSN,20100915,31.25,31.49,31.08,31.37,18131
VRSN,20100916,31.39,31.56,31.28,31.37,17596
VRSN,20100917,31.44,31.50,31.02,31.45,43792
VRSN,20100920,31.48,32.17,31.40,32.11,23051
VRSN,20100921,32.14,32.17,31.68,31.85,34249
VRSN,20100922,31.83,32.09,31.45,31.89,34512
VRSN,20100923,31.67,32.02,31.37,31.43,27828
VRSN,20100924,31.89,31.98,31.59,31.63,33575
VRSN,20100927,31.52,31.75,31.48,31.57,21264
VRSN,20100928,31.63,31.78,31.19,31.48,34540
VRSN,20100929,31.35,31.68,31.27,31.61,20930
VRSN,20100930,31.82,31.99,31.29,31.74,27712
VRSN,20101001,31.91,31.96,31.48,31.71,24949
VRSN,20101004,31.65,31.95,31.59,31.78,29846
VRSN,20101005,32.06,32.76,32.02,32.57,39276
VRSN,20101006,32.54,32.74,31.76,31.93,27346
VRSN,20101007,31.99,32.17,31.76,31.98,20446
VRSN,20101008,32.06,32.15,31.63,31.99,22372
VRSN,20101011,31.93,32.06,31.68,31.75,10115
VRSN,20101012,31.70,32.16,31.40,32.10,28505
VRSN,20101013,32.27,32.50,32.09,32.18,25450
VRSN,20101014,32.16,32.27,31.86,32.03,11808
VRSN,20101015,32.15,32.39,31.84,32.16,31438
VRSN,20101018,32.05,32.18,31.95,32.08,13645
VRSN,20101019,31.87,32.00,31.40,31.68,23195
VRSN,20101020,31.79,32.37,31.67,32.17,17267
VRSN,20101021,32.37,32.43,31.82,32.19,18412
VRSN,20101022,32.05,32.93,32.05,32.86,35778
VRSN,20101025,32.99,33.60,32.95,33.35,25241
VRSN,20101026,33.25,33.44,33.09,33.26,27495
VRSN,20101027,33.03,33.43,33.00,33.27,39274
VRSN,20101028,33.41,33.99,33.03,33.45,41644
VRSN,20101029,32.89,35.50,31.75,34.75,79545
VRSN,20101101,34.66,34.77,33.83,34.43,44704
VRSN,20101102,34.76,34.79,34.25,34.34,23281
VRSN,20101103,34.28,34.64,34.09,34.52,32545
VRSN,20101104,34.82,35.28,34.69,35.27,31244
VRSN,20101105,34.92,35.34,34.78,35.15,20955
VRSN,20101108,35.07,35.54,34.90,35.38,25404
VRSN,20101109,35.37,35.63,34.92,35.08,29114
VRSN,20101110,34.93,35.00,34.02,34.60,51951
VRSN,20101111,34.39,34.66,34.13,34.58,25194
VRSN,20101112,34.34,34.59,33.93,34.21,22991
VRSN,20101115,34.36,34.62,34.02,34.06,25426
VRSN,20101116,33.83,34.17,33.75,34.09,33238
VRSN,20101117,33.99,34.48,33.85,34.39,30536
VRSN,20101118,34.70,35.16,34.61,34.84,15907
VRSN,20101119,34.77,34.99,34.43,34.85,11521
VRSN,20101122,34.74,35.42,34.66,35.42,23939
VRSN,20101123,35.10,35.10,34.36,34.52,16787
VRSN,20101124,34.74,35.68,34.74,35.50,18509
VRSN,20101126,35.20,35.40,35.04,35.29,6242
VRSN,20101129,35.09,35.11,34.00,34.61,44884
VRSN,20101130,34.14,34.37,33.86,34.31,34806
VRSN,20101201,34.77,35.16,34.72,35.04,23432
VRSN,20101202,35.14,35.40,34.85,35.30,32390
VRSN,20101203,35.23,35.29,34.77,34.94,27558
VRSN,20101206,34.97,35.17,34.87,35.00,17996
VRSN,20101207,35.36,35.38,34.98,35.26,40366
VRSN,20101208,35.39,35.52,35.02,35.26,17431
VRSN,20101209,35.35,35.37,34.81,35.03,13658
VRSN,20101210,35.91,36.24,35.23,35.70,74260
VRSN,20101213,36.19,36.26,35.33,35.43,80111
VRSN,20101214,35.48,35.65,35.35,35.49,29131
VRSN,20101215,35.45,37.18,35.32,37.01,112807
VRSN,20101216,33.73,34.15,33.13,34.11,87944
VRSN,20101217,34.02,34.54,33.95,34.28,50673
VRSN,20101220,34.48,34.48,34.01,34.13,25285
VRSN,20101221,34.12,34.33,33.75,33.92,22035
VRSN,20101222,33.95,34.02,33.46,33.61,25460
VRSN,20101223,33.53,33.57,33.33,33.37,15401
VRSN,20101227,33.37,33.37,32.81,33.16,26091
VRSN,20101228,33.26,33.33,32.85,32.94,21045
VRSN,20101229,33.07,33.07,32.68,32.91,14915
VRSN,20101230,32.93,33.00,32.67,32.92,12811
VRSN,20101231,32.95,32.96,32.66,32.67,11883
VRSN,20110103,32.99,33.47,32.93,33.41,32955
VRSN,20110104,33.60,33.64,32.97,33.20,22858
VRSN,20110105,33.09,33.53,32.97,33.49,21505
VRSN,20110106,33.44,33.93,33.33,33.76,16437
VRSN,20110107,33.85,33.88,33.04,33.34,16909
