WFT,20090115,11.19,11.38,10.60,11.13,154471
WFT,20090116,11.48,11.48,10.53,10.77,162121
WFT,20090120,10.52,10.88,9.32,9.36,222842
WFT,20090121,9.55,10.63,9.55,10.58,134948
WFT,20090122,10.36,10.49,9.79,9.99,153059
WFT,20090123,10.88,11.05,9.25,10.85,155256
WFT,20090126,11.80,11.90,10.28,10.88,215128
WFT,20090127,11.19,11.43,10.55,11.16,169605
WFT,20090128,11.61,12.29,11.34,12.02,183491
WFT,20090129,11.77,11.84,11.30,11.51,150661
WFT,20090130,11.69,12.05,10.92,11.03,128982
WFT,20090202,10.76,10.97,10.28,10.59,136592
WFT,20090203,10.66,10.83,10.45,10.69,97082
WFT,20090204,10.79,11.39,10.73,11.04,112096
WFT,20090205,10.87,11.90,10.56,11.69,150398
WFT,20090206,11.61,12.53,11.38,12.35,157727
WFT,20090209,12.55,12.93,11.93,12.17,134260
WFT,20090210,12.02,12.44,11.00,11.15,175506
WFT,20090211,11.26,11.46,10.51,10.98,153990
WFT,20090212,10.73,10.95,10.31,10.79,149430
WFT,20090213,10.73,11.02,10.57,10.63,128395
WFT,20090217,9.81,10.00,9.21,9.22,310995
WFT,20090218,9.55,10.01,9.08,9.75,394742
WFT,20090219,10.11,10.85,10.10,10.28,354105
WFT,20090220,10.07,10.29,9.51,10.01,265878
WFT,20090223,10.19,10.25,9.48,9.52,239615
WFT,20090224,9.59,9.84,9.20,9.69,361553
WFT,20090225,9.52,10.00,9.17,9.70,2130585
WFT,20090226,10.18,10.83,10.07,10.58,526954
WFT,20090227,10.10,11.23,9.88,10.67,278704
WFT,20090302,10.30,10.60,9.15,9.36,291340
WFT,20090303,9.85,10.00,9.31,9.55,222984
WFT,20090304,10.02,10.85,9.73,10.42,255852
WFT,20090305,10.06,10.65,9.65,9.94,176787
WFT,20090306,10.39,10.45,9.92,10.31,236723
WFT,20090309,10.36,11.05,10.10,10.60,191935
WFT,20090310,10.78,11.68,10.75,11.33,259713
WFT,20090311,11.18,11.41,10.64,10.83,175337
WFT,20090312,10.84,11.22,10.61,11.19,154385
WFT,20090313,11.22,11.40,10.83,11.10,130036
WFT,20090316,11.20,11.81,10.75,11.27,170566
WFT,20090317,11.14,11.75,10.95,11.73,143019
WFT,20090318,11.66,12.40,11.25,12.06,175798
WFT,20090319,12.47,13.05,12.20,12.49,182994
WFT,20090320,12.29,12.55,11.76,11.85,171816
WFT,20090323,12.44,13.10,12.10,13.07,165257
WFT,20090324,12.57,13.09,12.34,12.78,149380
WFT,20090325,12.89,13.04,12.11,12.61,148782
WFT,20090326,12.76,13.14,12.46,12.61,160489
WFT,20090327,12.12,12.24,11.51,11.67,129478
WFT,20090330,11.40,11.40,10.72,11.02,107275
WFT,20090331,11.05,11.45,11.00,11.07,124590
WFT,20090401,10.66,11.60,10.50,11.51,150674
WFT,20090402,12.10,12.51,11.90,12.23,127879
WFT,20090403,12.16,13.23,12.16,13.08,184400
WFT,20090406,12.86,12.86,12.43,12.74,115023
WFT,20090407,12.45,12.48,12.12,12.28,82030
WFT,20090408,12.14,12.65,11.62,12.54,101542
WFT,20090409,12.68,13.15,12.68,12.99,86774
WFT,20090413,12.60,13.14,12.24,12.97,113449
WFT,20090414,13.08,13.44,12.50,12.82,124229
WFT,20090415,12.69,13.43,12.69,13.30,166955
WFT,20090416,13.50,14.64,13.46,14.57,241197
WFT,20090417,14.37,14.92,14.10,14.75,216046
WFT,20090420,13.69,14.52,13.43,14.17,217106
WFT,20090421,13.74,15.88,13.74,15.69,250734
WFT,20090422,15.48,16.59,15.36,15.64,218582
WFT,20090423,15.86,16.24,15.36,15.98,155329
WFT,20090424,16.33,17.64,16.33,17.41,256288
WFT,20090427,16.66,16.75,16.21,16.46,165606
WFT,20090428,16.28,16.32,15.42,16.19,158457
WFT,20090429,16.31,17.15,16.26,17.05,147694
WFT,20090430,17.25,17.37,16.11,16.63,136044
WFT,20090501,16.57,17.14,16.24,17.08,245827
WFT,20090504,17.52,18.48,17.17,18.38,180942
WFT,20090505,18.27,18.63,17.64,18.16,147043
WFT,20090506,18.50,19.41,18.50,18.95,178643
WFT,20090507,19.67,19.78,17.39,18.30,170092
WFT,20090508,18.80,19.44,18.35,19.20,164223
WFT,20090511,18.94,18.94,17.87,18.17,131320
WFT,20090512,18.52,18.99,17.89,18.66,172698
WFT,20090513,18.29,18.55,17.62,17.96,172786
WFT,20090514,17.62,18.68,17.57,18.38,131747
WFT,20090515,18.33,18.90,17.58,17.84,177584
WFT,20090518,18.29,19.15,18.29,18.79,126379
WFT,20090519,18.94,19.75,18.49,19.39,165310
WFT,20090520,19.88,20.78,19.31,19.39,193024
WFT,20090521,18.96,18.96,17.98,18.37,143373
WFT,20090522,18.75,19.06,18.40,18.72,108111
WFT,20090526,18.59,19.44,18.07,19.24,119306
WFT,20090527,19.49,19.93,19.02,19.33,130300
WFT,20090528,19.51,20.40,18.94,20.13,159495
WFT,20090529,20.40,20.95,20.30,20.70,150547
WFT,20090601,21.65,22.55,21.22,21.78,167929
WFT,20090602,21.91,21.94,21.17,21.86,138890
WFT,20090603,21.55,21.74,19.24,20.00,243619
WFT,20090604,20.45,21.07,20.17,20.85,140940
WFT,20090605,21.35,21.35,20.14,20.63,117258
WFT,20090608,20.22,20.45,19.62,20.26,116624
WFT,20090609,20.75,21.53,20.69,21.32,134725
WFT,20090610,21.90,22.55,21.48,22.45,203116
WFT,20090611,22.30,23.75,22.10,23.44,169693
WFT,20090612,23.01,23.09,22.40,22.65,105798
WFT,20090615,22.25,22.32,21.17,22.06,110765
WFT,20090616,22.51,22.85,20.93,21.06,132303
WFT,20090617,20.72,20.96,19.52,20.13,195550
WFT,20090618,20.23,20.59,19.75,20.10,111981
WFT,20090619,20.51,20.82,20.00,20.15,137729
WFT,20090622,19.49,19.49,18.22,18.25,200231
WFT,20090623,18.51,18.66,17.58,18.18,223879
WFT,20090624,18.43,18.98,18.22,18.70,170458
WFT,20090625,18.93,19.64,18.80,19.52,135240
WFT,20090626,19.50,19.88,19.15,19.70,90946
WFT,20090629,20.13,20.36,19.79,20.03,108885
WFT,20090630,19.96,20.44,19.28,19.56,112738
WFT,20090701,19.76,20.24,19.37,19.44,113358
WFT,20090702,18.88,19.44,18.03,18.29,142929
WFT,20090706,17.70,18.12,17.40,18.07,135677
WFT,20090707,18.25,18.25,17.52,17.60,98406
WFT,20090708,17.90,18.15,17.22,17.97,197355
WFT,20090709,18.55,18.78,18.01,18.33,107989
WFT,20090710,18.00,18.21,17.58,18.13,113387
WFT,20090713,18.04,18.46,17.27,18.44,127612
WFT,20090714,18.67,19.05,18.52,18.81,93161
WFT,20090715,19.27,19.80,19.26,19.66,134596
WFT,20090716,19.49,20.05,19.36,19.94,94996
WFT,20090717,19.94,19.99,19.60,19.93,129228
WFT,20090720,18.68,19.05,18.01,18.95,351499
WFT,20090721,19.45,19.46,18.50,19.10,180577
WFT,20090722,18.84,19.16,18.31,18.96,107689
WFT,20090723,19.06,19.71,18.68,19.41,205603
WFT,20090724,19.34,19.43,18.88,19.22,119119
WFT,20090727,19.17,19.25,18.45,18.52,173540
WFT,20090728,18.38,18.47,17.80,18.04,146774
WFT,20090729,17.57,17.75,17.23,17.37,150061
WFT,20090730,17.83,18.56,17.48,18.35,131172
WFT,20090731,18.00,18.86,17.88,18.76,123375
WFT,20090803,19.41,20.00,19.24,19.55,138224
WFT,20090804,19.08,19.36,18.87,19.07,149285
WFT,20090805,18.90,19.03,18.33,18.82,102688
WFT,20090806,19.00,19.19,18.35,18.65,86881
WFT,20090807,18.88,19.35,18.36,18.62,89572
WFT,20090810,18.51,18.97,18.42,18.73,54998
WFT,20090811,18.54,18.54,18.14,18.27,65272
WFT,20090812,18.05,19.00,18.05,18.74,90349
WFT,20090813,19.04,19.73,18.74,19.70,113202
WFT,20090814,19.70,19.83,19.09,19.55,107395
WFT,20090817,18.92,18.92,18.44,18.64,127391
WFT,20090818,18.74,19.40,18.55,19.32,91475
WFT,20090819,18.92,19.75,18.63,19.59,108918
WFT,20090820,19.65,19.92,19.59,19.83,77151
WFT,20090821,20.11,20.88,19.97,20.82,148944
WFT,20090824,20.86,21.67,20.86,21.21,112739
WFT,20090825,21.61,21.68,20.32,20.42,151842
WFT,20090826,20.19,20.58,20.00,20.52,92702
WFT,20090827,20.46,20.53,19.85,20.51,112827
WFT,20090828,20.80,20.84,20.19,20.54,77525
WFT,20090831,20.08,20.24,19.55,19.95,99780
WFT,20090901,19.96,20.48,19.46,19.70,110977
WFT,20090902,19.58,20.05,19.34,19.55,87611
WFT,20090903,19.82,20.17,19.74,20.10,85911
WFT,20090904,20.18,20.54,19.83,20.48,97704
WFT,20090908,21.01,21.56,20.89,21.34,107474
WFT,20090909,21.52,21.60,21.00,21.40,112996
WFT,20090910,21.56,21.95,21.22,21.85,125112
WFT,20090911,22.00,22.14,21.65,21.82,216540
WFT,20090914,21.32,21.91,21.12,21.89,137989
WFT,20090915,22.00,22.08,21.41,22.07,180718
WFT,20090916,22.05,22.59,22.01,22.41,132173
WFT,20090917,22.32,22.56,21.98,22.11,98114
WFT,20090918,22.25,22.59,21.58,22.48,98713
WFT,20090921,22.01,22.89,21.92,22.39,99731
WFT,20090922,22.88,23.00,22.53,22.61,160531
WFT,20090923,22.66,22.74,21.85,21.88,119782
WFT,20090924,21.88,22.04,20.67,20.92,159777
WFT,20090925,20.69,21.10,20.42,20.61,148021
WFT,20090928,20.64,21.20,20.50,21.19,86753
WFT,20090929,21.08,21.24,20.53,21.14,92208
WFT,20090930,21.33,21.33,20.39,20.73,114321
WFT,20091001,20.61,20.92,19.75,19.76,153257
WFT,20091002,19.39,19.66,19.07,19.55,173514
WFT,20091005,19.52,20.01,19.20,19.24,164417
WFT,20091006,19.81,20.18,19.60,19.78,140818
WFT,20091007,19.84,20.20,19.70,20.11,128852
WFT,20091008,19.15,20.06,18.61,19.89,604056
WFT,20091009,20.12,20.20,19.13,19.52,254969
WFT,20091012,19.96,19.99,19.49,19.69,139102
WFT,20091013,19.68,19.69,19.11,19.31,201135
WFT,20091014,19.64,19.80,19.52,19.76,169268
WFT,20091015,19.57,20.61,19.33,20.47,346679
WFT,20091016,20.62,20.90,20.37,20.58,252619
WFT,20091019,19.95,20.19,19.47,19.92,438764
WFT,20091020,19.58,20.08,19.35,20.06,306007
WFT,20091021,19.82,20.24,19.43,19.49,228903
WFT,20091022,19.39,20.47,19.39,20.41,245988
WFT,20091023,20.58,20.75,19.67,19.93,207743
WFT,20091026,20.09,20.21,18.89,19.12,233104
WFT,20091027,19.11,19.27,18.71,18.87,186589
WFT,20091028,18.81,18.81,17.68,17.80,219656
WFT,20091029,18.23,18.55,17.04,17.87,438083
WFT,20091030,17.85,18.05,17.09,17.53,176996
WFT,20091102,17.66,17.91,17.10,17.54,181930
WFT,20091103,17.44,18.10,17.20,17.97,227902
WFT,20091104,18.10,18.43,17.72,17.74,124301
WFT,20091105,17.85,18.10,17.68,17.89,140056
WFT,20091106,17.70,18.09,17.41,17.72,114538
WFT,20091109,18.16,18.59,18.05,18.49,102109
WFT,20091110,18.50,19.00,18.18,18.57,138750
WFT,20091111,18.93,19.01,18.44,18.65,93370
WFT,20091112,18.49,18.53,17.75,17.90,115671
WFT,20091113,17.90,18.19,17.65,17.78,119383
WFT,20091116,18.11,18.62,17.88,18.22,242243
WFT,20091117,18.06,18.61,17.94,18.56,173864
WFT,20091118,18.71,18.89,18.45,18.58,162521
WFT,20091119,18.42,18.42,17.48,17.52,167289
WFT,20091120,17.43,17.43,16.72,16.93,198343
WFT,20091123,17.29,17.36,16.27,16.30,339772
WFT,20091124,16.40,16.58,16.03,16.47,195940
WFT,20091125,16.41,16.89,16.13,16.70,247712
WFT,20091127,16.08,16.55,15.98,16.43,100383
WFT,20091130,16.43,17.03,16.30,16.70,176655
WFT,20091201,17.06,17.39,16.95,17.20,232705
WFT,20091202,17.24,17.42,16.88,17.13,133412
WFT,20091203,17.32,17.32,16.82,16.91,202876
WFT,20091204,17.19,17.41,16.42,16.64,171156
WFT,20091207,16.63,16.80,16.00,16.02,212917
WFT,20091208,15.76,15.85,15.43,15.74,288941
WFT,20091209,15.85,16.45,15.67,16.18,172647
WFT,20091210,16.35,16.56,16.06,16.28,141164
WFT,20091211,16.30,16.44,15.70,15.88,175118
WFT,20091214,16.21,16.23,15.71,15.76,201076
WFT,20091215,15.86,16.23,15.67,15.99,173048
WFT,20091216,16.14,16.66,16.02,16.29,174720
WFT,20091217,16.22,16.88,16.16,16.63,172404
WFT,20091218,16.84,17.10,16.76,17.08,179086
WFT,20091221,17.25,17.59,17.21,17.28,117977
WFT,20091222,17.29,17.60,17.22,17.24,115656
WFT,20091223,17.43,17.83,17.25,17.76,92506
WFT,20091224,17.80,18.00,17.72,17.80,35164
WFT,20091228,17.99,18.29,17.64,17.73,85687
WFT,20091229,17.80,18.03,17.76,17.91,84204
WFT,20091230,17.82,18.14,17.76,18.11,106497
WFT,20091231,18.25,18.25,17.89,17.91,70537
WFT,20100104,18.26,18.92,18.22,18.91,154030
WFT,20100105,19.11,19.30,18.91,19.03,196526
WFT,20100106,19.07,19.70,18.90,19.61,134887
WFT,20100107,19.65,19.69,19.34,19.67,105922
WFT,20100108,19.25,20.78,19.25,20.47,232881
WFT,20100111,20.88,20.88,19.73,19.79,185641
WFT,20100112,19.60,19.65,18.98,19.07,180030
WFT,20100113,19.06,19.25,18.75,19.16,176539
WFT,20100114,19.25,19.50,18.85,19.13,179735
WFT,20100115,19.24,19.31,18.59,18.76,145380
WFT,20100119,18.65,18.92,18.38,18.88,110660
WFT,20100120,18.47,18.75,18.25,18.55,125864
WFT,20100121,18.55,18.86,18.35,18.70,196234
WFT,20100122,18.59,18.75,17.76,17.88,178140
WFT,20100125,17.90,18.33,17.67,17.73,188718
WFT,20100126,16.33,16.70,16.03,16.39,438013
WFT,20100127,16.39,16.58,15.86,16.33,216030
WFT,20100128,16.55,16.60,15.96,16.08,173096
WFT,20100129,16.26,16.49,15.50,15.68,190962
WFT,20100201,15.93,16.44,15.87,16.34,139065
WFT,20100202,16.46,16.58,16.07,16.30,168697
WFT,20100203,16.33,16.38,15.88,15.98,137996
WFT,20100204,15.78,15.80,15.14,15.29,194617
WFT,20100205,15.48,15.51,14.63,15.17,232383
WFT,20100208,15.34,15.56,14.94,14.97,125005
WFT,20100209,15.26,15.40,14.91,15.14,164994
WFT,20100210,15.10,15.31,14.86,15.13,191228
WFT,20100211,15.06,15.35,14.95,15.23,170314
WFT,20100212,15.05,15.15,14.90,15.01,159701
WFT,20100216,15.31,15.41,15.10,15.14,180577
WFT,20100217,15.35,15.66,15.16,15.57,219445
WFT,20100218,15.64,15.96,15.45,15.78,166355
WFT,20100219,16.30,16.71,16.06,16.60,241447
WFT,20100222,17.04,17.07,16.55,16.73,264228
WFT,20100223,16.71,16.72,16.06,16.24,195586
WFT,20100224,16.26,16.65,15.94,16.56,226166
WFT,20100225,16.29,16.55,16.05,16.47,190740
WFT,20100226,16.52,16.80,16.25,16.69,134044
WFT,20100301,16.84,16.89,16.44,16.61,135528
WFT,20100302,16.78,16.97,16.52,16.69,134575
WFT,20100303,17.01,17.25,16.85,17.07,171989
WFT,20100304,17.16,17.28,16.80,17.00,154547
WFT,20100305,17.47,17.58,17.25,17.38,154814
WFT,20100308,17.67,17.75,17.11,17.35,159027
WFT,20100309,17.23,17.49,17.15,17.29,101807
WFT,20100310,17.40,17.52,17.10,17.23,113257
WFT,20100311,17.37,17.42,17.20,17.24,95799
WFT,20100312,17.40,17.55,17.26,17.42,129197
WFT,20100315,17.28,17.38,17.00,17.22,104750
WFT,20100316,17.32,17.48,17.05,17.47,105006
WFT,20100317,17.52,17.80,17.25,17.34,141066
WFT,20100318,17.28,17.45,16.80,16.98,142098
WFT,20100319,16.68,16.76,15.92,16.07,287571
WFT,20100322,15.70,15.96,15.56,15.83,195664
WFT,20100323,15.86,15.94,15.63,15.79,145771
WFT,20100324,15.60,16.20,15.56,15.99,132356
WFT,20100325,16.33,16.38,15.44,15.48,195055
WFT,20100326,15.62,15.72,15.25,15.42,141851
WFT,20100329,15.58,15.82,15.51,15.65,76644
WFT,20100330,15.82,15.95,15.62,15.90,103103
WFT,20100331,16.10,16.10,15.76,15.86,106619
WFT,20100401,16.08,16.29,16.00,16.29,116399
WFT,20100405,16.50,16.67,16.37,16.58,104258
WFT,20100406,16.50,16.83,16.41,16.79,95941
WFT,20100407,16.78,16.91,16.36,16.48,110688
WFT,20100408,16.26,16.55,16.12,16.44,84459
WFT,20100409,16.60,16.64,16.21,16.54,92450
WFT,20100412,16.42,16.72,16.27,16.47,75684
WFT,20100413,16.50,16.58,16.13,16.54,95240
WFT,20100414,16.69,17.17,16.55,17.16,182324
WFT,20100415,17.08,17.27,16.89,16.98,96773
WFT,20100416,16.87,17.07,16.33,16.53,161579
WFT,20100419,16.38,16.46,16.00,16.28,146118
WFT,20100420,16.54,17.31,16.50,17.21,344051
WFT,20100421,17.11,17.25,16.55,16.62,286776
WFT,20100422,16.37,16.84,16.01,16.72,203335
WFT,20100423,17.19,17.87,17.16,17.73,279292
WFT,20100426,17.84,18.52,17.81,18.29,268410
WFT,20100427,18.75,18.80,17.88,17.97,305878
WFT,20100428,18.25,18.34,17.76,18.23,142752
WFT,20100429,18.51,18.67,17.80,18.48,213288
WFT,20100430,18.55,18.63,17.97,18.11,169803
WFT,20100503,17.93,18.08,17.23,17.92,187295
WFT,20100504,17.68,17.75,17.23,17.33,134821
WFT,20100505,17.00,17.19,16.52,16.60,242010
WFT,20100506,16.51,16.88,14.75,16.14,218329
WFT,20100507,15.63,15.99,14.93,15.30,327450
WFT,20100510,16.37,16.46,15.76,15.95,237153
WFT,20100511,15.75,15.94,15.37,15.51,267077
WFT,20100512,15.68,16.06,15.49,15.96,203018
WFT,20100513,16.04,16.60,15.79,16.30,236869
WFT,20100514,16.00,16.20,15.52,15.76,144269
WFT,20100517,15.80,15.95,15.10,15.38,154652
WFT,20100518,15.63,15.91,15.17,15.24,143282
WFT,20100519,15.08,15.34,14.57,14.94,176359
WFT,20100520,14.51,14.57,14.05,14.20,203484
WFT,20100521,13.96,14.78,13.78,14.70,187221
WFT,20100524,14.65,14.75,14.02,14.07,160829
WFT,20100525,13.47,13.90,13.08,13.86,299352
WFT,20100526,14.19,14.44,13.92,13.94,132727
WFT,20100527,14.42,14.64,14.01,14.43,140467
WFT,20100528,14.25,14.42,13.75,14.12,157366
WFT,20100601,13.75,14.00,13.06,13.08,208776
WFT,20100602,13.32,13.69,13.14,13.69,239537
WFT,20100603,13.91,13.97,13.25,13.72,179686
WFT,20100604,13.25,13.84,13.19,13.55,137674
WFT,20100607,13.27,13.51,13.05,13.06,98487
WFT,20100608,13.11,13.34,12.34,12.73,272358
WFT,20100609,13.10,13.41,12.70,12.77,237858
WFT,20100610,13.32,13.70,13.15,13.64,202658
WFT,20100611,13.38,13.76,13.28,13.47,143331
WFT,20100614,13.87,14.19,13.74,13.79,155726
WFT,20100615,14.17,14.52,13.94,14.45,140049
WFT,20100616,14.23,15.13,14.15,14.94,295623
WFT,20100617,14.99,15.12,14.55,14.80,115840
WFT,20100618,14.90,15.32,14.60,15.21,134295
WFT,20100621,15.51,15.60,15.00,15.13,110199
WFT,20100622,15.05,15.25,14.56,14.61,173308
WFT,20100623,14.68,14.91,14.30,14.78,138671
WFT,20100624,14.63,14.76,14.14,14.25,191453
WFT,20100625,14.27,14.60,14.07,14.58,569650
WFT,20100628,14.54,14.65,14.23,14.30,153538
WFT,20100629,13.90,13.96,13.29,13.30,234230
WFT,20100630,13.34,13.74,13.07,13.14,196845
WFT,20100701,13.14,13.32,12.68,13.22,172073
WFT,20100702,13.30,13.54,12.94,13.07,98823
WFT,20100706,13.44,13.68,13.05,13.28,115730
WFT,20100707,13.59,14.10,13.39,14.04,167080
WFT,20100708,14.26,14.51,13.95,14.45,131567
WFT,20100709,14.42,14.67,14.29,14.65,75917
WFT,20100712,14.64,14.84,14.27,14.27,93058
WFT,20100713,14.53,14.63,14.27,14.44,111336
WFT,20100714,14.36,14.78,14.28,14.71,110258
WFT,20100715,14.68,14.86,14.46,14.81,163673
WFT,20100716,14.57,14.71,14.41,14.50,132235
WFT,20100719,14.65,15.25,14.42,15.06,175316
WFT,20100720,15.35,16.04,15.26,15.56,351304
WFT,20100721,15.72,15.82,15.09,15.19,174280
WFT,20100722,15.70,15.82,15.53,15.66,136670
WFT,20100723,15.58,15.79,15.25,15.75,95827
WFT,20100726,15.75,16.03,15.63,15.96,84247
WFT,20100727,16.09,16.13,15.55,15.80,86255
WFT,20100728,15.67,16.07,15.65,15.79,94612
WFT,20100729,15.90,16.10,15.58,15.84,67797
WFT,20100730,15.52,16.27,15.51,16.20,140237
WFT,20100802,16.36,16.81,16.36,16.59,126091
WFT,20100803,16.43,16.74,16.26,16.43,108655
WFT,20100804,16.42,16.67,16.30,16.57,76649
WFT,20100805,16.35,16.74,16.31,16.62,84601
WFT,20100806,16.38,16.60,16.26,16.53,57495
WFT,20100809,16.62,16.70,16.41,16.63,76264
WFT,20100810,16.35,16.36,16.03,16.17,111019
WFT,20100811,15.72,15.90,15.31,15.59,105468
WFT,20100812,15.22,15.68,15.21,15.42,73252
WFT,20100813,15.40,15.64,15.31,15.37,41534
WFT,20100816,15.25,15.38,15.07,15.34,80531
WFT,20100817,15.48,15.96,15.38,15.69,77122
WFT,20100818,15.97,15.97,15.50,15.72,97801
WFT,20100819,15.61,15.79,15.40,15.55,52824
WFT,20100820,15.37,15.42,14.99,15.19,64626
WFT,20100823,15.23,15.44,15.19,15.21,58614
WFT,20100824,14.98,15.52,14.93,15.16,102876
WFT,20100825,14.91,15.04,14.70,15.00,70396
WFT,20100826,15.10,15.19,14.72,14.88,66535
WFT,20100827,14.95,15.33,14.65,15.27,104848
WFT,20100830,15.19,15.45,15.11,15.15,53916
WFT,20100831,15.13,15.16,14.72,14.91,77596
WFT,20100901,15.16,15.70,15.10,15.46,87379
WFT,20100902,15.50,15.75,15.40,15.70,56554
WFT,20100903,15.95,16.24,15.54,15.66,71995
WFT,20100907,15.55,15.76,15.26,15.55,70675
WFT,20100908,15.53,15.71,15.07,15.47,279855
WFT,20100909,15.80,16.03,15.60,15.67,105189
WFT,20100910,15.80,16.30,15.70,16.13,135641
WFT,20100913,16.36,16.49,16.28,16.36,74131
WFT,20100914,16.26,16.40,15.95,16.24,99096
WFT,20100915,16.04,16.53,15.93,16.48,117545
WFT,20100916,16.36,16.59,16.19,16.37,78865
WFT,20100917,16.45,16.80,16.42,16.70,186237
WFT,20100920,16.71,17.37,16.56,17.27,140781
WFT,20100921,17.26,17.43,16.85,17.03,144320
WFT,20100922,17.01,17.23,16.78,16.83,78797
WFT,20100923,16.62,17.10,16.57,16.83,73561
WFT,20100924,17.04,17.50,17.00,17.26,89966
WFT,20100927,17.31,17.38,16.88,16.88,81485
WFT,20100928,16.97,17.20,16.82,17.15,89857
WFT,20100929,17.06,17.49,16.92,17.40,82580
WFT,20100930,17.50,17.60,16.96,17.10,119360
WFT,20101001,17.39,17.45,17.15,17.33,114598
WFT,20101004,17.24,17.30,16.82,17.02,69180
WFT,20101005,17.21,17.55,17.10,17.51,89779
WFT,20101006,17.50,17.62,17.34,17.43,84770
WFT,20101007,17.50,17.58,17.04,17.24,89220
WFT,20101008,17.19,17.73,17.12,17.65,84233
WFT,20101011,17.64,17.83,17.53,17.81,62983
WFT,20101012,17.73,18.11,17.45,17.99,109542
WFT,20101013,18.16,18.69,18.12,18.50,163359
WFT,20101014,18.56,18.70,18.15,18.30,105009
WFT,20101015,18.41,18.62,17.97,18.60,159166
WFT,20101018,18.53,18.74,18.32,18.42,197205
WFT,20101019,17.23,17.65,16.87,17.17,300358
WFT,20101020,17.42,17.47,16.70,17.37,291410
WFT,20101021,17.37,17.59,17.15,17.28,133288
WFT,20101022,17.34,17.57,17.16,17.28,138175
WFT,20101025,17.23,17.48,17.05,17.09,138790
WFT,20101026,17.01,17.23,16.91,17.12,116329
WFT,20101027,16.98,17.16,16.92,17.16,113219
WFT,20101028,17.16,17.24,16.75,16.96,134211
WFT,20101029,16.88,17.16,16.70,16.81,110886
WFT,20101101,16.95,17.29,16.71,16.89,134877
WFT,20101102,17.05,17.44,16.92,17.36,130981
WFT,20101103,17.41,17.61,17.24,17.60,126097
WFT,20101104,18.00,18.88,17.95,18.76,200658
WFT,20101105,18.73,19.36,18.71,19.04,193317
WFT,20101108,18.95,19.33,18.89,19.17,142036
WFT,20101109,19.33,19.75,18.92,19.07,138140
WFT,20101110,19.15,19.46,18.76,19.46,129530
WFT,20101111,19.36,19.95,19.22,19.65,137870
WFT,20101112,19.39,19.65,19.18,19.50,121919
WFT,20101115,19.55,19.75,19.32,19.37,86559
WFT,20101116,19.11,19.39,18.60,19.16,220791
WFT,20101117,19.41,19.66,19.05,19.61,208591
WFT,20101118,19.94,19.99,19.81,19.91,320930
WFT,20101119,19.97,20.05,19.78,20.05,253495
WFT,20101122,20.08,20.48,19.86,20.40,199396
WFT,20101123,20.21,20.30,19.63,19.68,190452
WFT,20101124,19.88,20.28,19.86,20.23,126850
WFT,20101126,20.00,20.16,19.86,19.90,50600
WFT,20101129,19.86,20.47,19.54,20.40,94132
WFT,20101130,20.17,20.77,19.97,20.41,175030
WFT,20101201,20.93,21.49,20.92,21.16,192182
WFT,20101202,21.23,21.45,20.97,21.19,164942
WFT,20101203,21.17,21.83,21.16,21.72,132641
WFT,20101206,21.63,22.00,21.52,21.90,137843
WFT,20101207,22.29,22.36,21.28,21.34,143953
WFT,20101208,21.35,21.60,20.94,21.16,114419
WFT,20101209,21.33,21.37,20.67,21.29,86419
WFT,20101210,21.23,21.34,20.62,20.69,172279
WFT,20101213,20.80,21.20,20.64,20.89,218632
WFT,20101214,20.99,21.08,20.65,20.70,107301
WFT,20101215,20.59,21.09,20.53,20.55,111636
WFT,20101216,20.58,21.21,20.52,21.16,115244
WFT,20101217,21.17,22.00,21.11,21.99,159667
WFT,20101220,22.05,22.33,21.86,22.25,116755
WFT,20101221,22.44,22.87,22.16,22.87,117933
WFT,20101222,22.75,22.91,22.56,22.65,68832
WFT,20101223,22.66,22.98,22.64,22.66,66910
WFT,20101227,22.53,22.59,22.00,22.12,77194
WFT,20101228,22.30,22.34,21.91,22.16,50079
WFT,20101229,22.23,22.89,22.22,22.83,62072
WFT,20101230,22.81,22.90,22.52,22.74,50124
WFT,20101231,22.74,22.93,22.59,22.80,42129
WFT,20110103,23.02,23.10,22.63,22.69,83589
WFT,20110104,22.76,22.99,21.87,22.14,135747
WFT,20110105,22.11,22.66,21.78,22.61,121801
WFT,20110106,22.41,22.60,21.60,21.85,136123
WFT,20110107,21.95,22.60,21.82,22.37,115402
