0,        20090116,            1.07
1,        20090120,            0.98
2,        20090121,            1.04
3,        20090122,            1.00
4,        20090123,            1.10
5,        20090126,            0.98
6,        20090127,            0.95
7,        20090128,            0.99
8,        20090129,            1.03
9,        20090130,            0.99
10,        20090202,            0.95
11,        20090203,            1.01
12,        20090204,            1.03
13,        20090205,            1.04
14,        20090206,            1.01
15,        20090209,            0.96
16,        20090210,            0.99
17,        20090211,            1.07
18,        20090212,            0.99
19,        20090213,            0.96
20,        20090217,            1.01
21,        20090218,            0.99
22,        20090219,            0.96
23,        20090220,            1.06
24,        20090223,            1.00
25,        20090224,            0.92
26,        20090225,            0.98
27,        20090226,            0.99
28,        20090227,            1.02
29,        20090302,            0.93
30,        20090303,            1.04
31,        20090304,            0.98
32,        20090305,            1.07
33,        20090306,            0.98
34,        20090309,            0.97
35,        20090310,            0.95
36,        20090311,            1.07
37,        20090312,            1.01
38,        20090313,            1.02
39,        20090316,            0.96
40,        20090317,            0.99
41,        20090318,            1.11
42,        20090319,            1.04
43,        20090320,            1.01
44,        20090323,            1.01
45,        20090324,            1.00
46,        20090325,            1.03
47,        20090326,            0.99
48,        20090327,            0.98
49,        20090330,            1.00
50,        20090331,            1.01
51,        20090401,            1.02
52,        20090402,            0.94
53,        20090403,            0.94
54,        20090406,            0.98
55,        20090407,            1.00
56,        20090408,            0.99
57,        20090409,            0.99
58,        20090413,            1.00
59,        20090414,            1.00
60,        20090415,            1.00
61,        20090416,            0.93
62,        20090417,            0.95
63,        20090420,            1.08
64,        20090421,            0.97
65,        20090422,            1.00
66,        20090423,            1.04
67,        20090424,            1.05
68,        20090427,            0.96
69,        20090428,            0.95
70,        20090429,            1.02
71,        20090430,            0.96
72,        20090501,            1.01
73,        20090504,            1.04
74,        20090505,            1.00
75,        20090506,            1.04
76,        20090507,            0.99
77,        20090508,            1.04
78,        20090511,            0.97
79,        20090512,            1.06
80,        20090513,            1.02
81,        20090514,            1.02
82,        20090515,            0.98
83,        20090518,            1.01
84,        20090519,            1.01
85,        20090520,            1.06
86,        20090521,            1.01
87,        20090522,            1.01
88,        20090526,            0.99
89,        20090527,            0.97
90,        20090528,            1.06
91,        20090529,            1.05
92,        20090601,            0.98
93,        20090602,            1.02
94,        20090603,            0.95
95,        20090604,            1.04
96,        20090605,            0.95
97,        20090608,            1.01
98,        20090609,            0.98
99,        20090610,            1.00
100,        20090611,            1.00
101,        20090612,            0.95
102,        20090615,            0.97
103,        20090616,            1.01
104,        20090617,            1.00
105,        20090618,            0.97
106,        20090619,            1.03
107,        20090622,            0.93
108,        20090623,            1.05
109,        20090624,            1.05
110,        20090625,            1.04
111,        20090626,            0.98
112,        20090629,            1.00
113,        20090630,            0.96
114,        20090701,            1.04
115,        20090702,            0.98
116,        20090706,            0.96
117,        20090707,            1.00
118,        20090708,            0.96
119,        20090709,            1.00
120,        20090710,            1.00
121,        20090713,            1.03
122,        20090714,            1.02
123,        20090715,            1.06
124,        20090716,            1.01
125,        20090717,            1.01
126,        20090720,            1.04
127,        20090721,            0.98
128,        20090722,            1.01
129,        20090723,            1.00
130,        20090724,            1.01
131,        20090727,            1.00
132,        20090728,            0.94
133,        20090729,            0.97
134,        20090730,            1.07
135,        20090731,            1.05
136,        20090803,            1.02
137,        20090804,            1.01
138,        20090805,            1.00
139,        20090806,            1.01
140,        20090807,            0.97
141,        20090810,            0.97
142,        20090811,            0.99
143,        20090812,            1.00
144,        20090813,            1.01
145,        20090814,            0.97
146,        20090817,            0.96
147,        20090818,            1.02
148,        20090819,            1.01
149,        20090820,            1.02
150,        20090821,            1.03
151,        20090824,            0.99
152,        20090825,            1.01
153,        20090826,            0.99
154,        20090827,            1.02
155,        20090828,            1.01
156,        20090831,            0.98
157,        20090901,            0.98
158,        20090902,            1.11
159,        20090903,            1.06
160,        20090904,            1.01
161,        20090908,            0.97
162,        20090909,            0.99
163,        20090910,            1.05
164,        20090911,            1.03
165,        20090914,            0.99
166,        20090915,            1.02
167,        20090916,            1.01
168,        20090917,            0.99
169,        20090918,            0.98
170,        20090921,            1.00
171,        20090922,            1.02
172,        20090923,            0.96
173,        20090924,            0.95
174,        20090925,            1.01
175,        20090928,            1.00
176,        20090929,            1.02
177,        20090930,            1.03
178,        20091001,            0.95
179,        20091002,            1.00
180,        20091005,            1.04
181,        20091006,            1.06
182,        20091007,            1.02
183,        20091008,            1.00
184,        20091009,            1.00
185,        20091012,            1.00
186,        20091013,            1.02
187,        20091014,            0.99
188,        20091015,            0.97
189,        20091016,            1.01
190,        20091019,            1.01
191,        20091020,            0.98
192,        20091021,            1.00
193,        20091022,            1.00
194,        20091023,            0.99
195,        20091026,            0.96
196,        20091027,            0.99
197,        20091028,            0.95
198,        20091029,            0.93
199,        20091030,            0.94
200,        20091102,            1.02
201,        20091103,            1.08
202,        20091104,            0.97
203,        20091105,            1.00
204,        20091106,            1.02
205,        20091109,            1.04
206,        20091110,            1.02
207,        20091111,            1.00
208,        20091112,            0.98
209,        20091113,            1.02
210,        20091116,            1.02
211,        20091117,            1.00
212,        20091118,            0.99
213,        20091119,            1.01
214,        20091120,            0.99
215,        20091123,            1.04
216,        20091124,            1.00
217,        20091125,            1.03
218,        20091127,            0.96
219,        20091130,            1.00
220,        20091201,            1.04
221,        20091202,            1.03
222,        20091203,            0.97
223,        20091204,            0.96
224,        20091207,            0.99
225,        20091208,            0.97
226,        20091209,            1.03
227,        20091210,            1.00
228,        20091211,            0.98
229,        20091214,            0.99
230,        20091215,            0.99
231,        20091216,            1.01
232,        20091217,            0.90
233,        20091218,            1.01
234,        20091221,            0.98
235,        20091222,            1.01
236,        20091223,            1.02
237,        20091224,            1.00
238,        20091228,            0.99
239,        20091229,            1.00
240,        20091230,            0.99
241,        20091231,            1.00
242,        20100104,            1.04
243,        20100105,            1.01
244,        20100106,            1.02
245,        20100107,            0.99
246,        20100108,            1.03
247,        20100111,            1.00
248,        20100112,            0.97
249,        20100113,            1.02
250,        20100114,            1.00
251,        20100115,            0.98
252,        20100119,            1.01
253,        20100120,            0.96
254,        20100121,            0.95
255,        20100122,            1.01
256,        20100125,            0.99
257,        20100126,            1.00
258,        20100127,            0.99
259,        20100128,            1.00
260,        20100129,            0.96
261,        20100201,            1.06
262,        20100202,            1.01
263,        20100203,            0.99
264,        20100204,            0.94
265,        20100205,            1.08
266,        20100208,            0.96
267,        20100209,            1.04
268,        20100210,            1.01
269,        20100211,            1.05
270,        20100212,            1.00
271,        20100216,            1.03
272,        20100217,            0.99
273,        20100218,            1.02
274,        20100219,            0.97
275,        20100222,            0.99
276,        20100223,            0.96
277,        20100224,            1.00
278,        20100225,            1.03
279,        20100226,            1.01
280,        20100301,            1.02
281,        20100302,            1.02
282,        20100303,            1.01
283,        20100304,            0.99
284,        20100305,            1.01
285,        20100308,            0.99
286,        20100309,            0.98
287,        20100310,            0.98
288,        20100311,            1.02
289,        20100312,            0.98
290,        20100315,            0.99
291,        20100316,            1.03
292,        20100317,            1.00
293,        20100318,            0.99
294,        20100319,            0.97
295,        20100322,            1.00
296,        20100323,            1.01
297,        20100324,            0.95
298,        20100325,            0.98
299,        20100326,            1.02
300,        20100329,            1.01
301,        20100330,            0.98
302,        20100331,            1.01
303,        20100401,            1.03
304,        20100405,            1.01
305,        20100406,            1.00
306,        20100407,            1.03
307,        20100408,            1.00
308,        20100409,            1.02
309,        20100412,            0.99
310,        20100413,            0.99
311,        20100414,            1.02
312,        20100415,            0.99
313,        20100416,            0.98
314,        20100419,            0.99
315,        20100420,            1.00
316,        20100421,            1.01
317,        20100422,            1.00
318,        20100423,            1.02
319,        20100426,            1.00
320,        20100427,            1.00
321,        20100428,            1.04
322,        20100429,            1.00
323,        20100430,            0.99
324,        20100503,            0.99
325,        20100504,            0.99
326,        20100505,            1.00
327,        20100506,            1.02
328,        20100507,            1.00
329,        20100510,            1.01
330,        20100511,            1.03
331,        20100512,            1.00
332,        20100513,            0.98
333,        20100514,            1.01
334,        20100517,            0.98
335,        20100518,            0.99
336,        20100519,            0.95
337,        20100520,            0.95
338,        20100521,            1.00
339,        20100524,            1.00
340,        20100525,            1.03
341,        20100526,            0.99
342,        20100527,            1.02
343,        20100528,            0.99
344,        20100601,            0.99
345,        20100602,            1.03
346,        20100603,            0.98
347,        20100604,            0.98
348,        20100607,            1.03
349,        20100608,            1.01
350,        20100609,            0.98
351,        20100610,            1.02
352,        20100611,            1.01
353,        20100614,            0.98
354,        20100615,            1.03
355,        20100616,            1.02
356,        20100617,            1.02
357,        20100618,            1.02
358,        20100621,            0.97
359,        20100622,            0.99
360,        20100623,            1.00
361,        20100624,            1.00
362,        20100625,            1.02
363,        20100628,            0.99
364,        20100629,            0.98
365,        20100630,            1.00
366,        20100701,            0.95
367,        20100702,            1.00
368,        20100706,            0.99
369,        20100707,            1.02
370,        20100708,            0.98
371,        20100709,            1.02
372,        20100712,            1.00
373,        20100713,            1.00
374,        20100714,            1.01
375,        20100715,            1.00
376,        20100716,            0.96
377,        20100719,            0.99
378,        20100720,            1.03
379,        20100721,            0.99
380,        20100722,            1.03
381,        20100723,            0.99
382,        20100726,            0.99
383,        20100727,            0.97
384,        20100728,            1.01
385,        20100729,            1.00
386,        20100730,            1.01
387,        20100802,            0.99
388,        20100803,            1.02
389,        20100804,            1.04
390,        20100805,            1.00
391,        20100806,            1.02
392,        20100809,            1.01
393,        20100810,            1.01
394,        20100811,            0.99
395,        20100812,            1.03
396,        20100813,            1.00
397,        20100816,            1.01
398,        20100817,            0.99
399,        20100818,            1.02
400,        20100819,            1.00
401,        20100820,            1.00
402,        20100823,            0.99
403,        20100824,            1.00
404,        20100825,            1.02
405,        20100826,            1.01
406,        20100827,            1.02
407,        20100830,            1.00
408,        20100831,            1.00
409,        20100901,            0.99
410,        20100902,            1.01
411,        20100903,            1.00
412,        20100907,            1.01
413,        20100908,            0.99
414,        20100909,            0.99
415,        20100910,            1.00
416,        20100913,            1.00
417,        20100914,            1.04
418,        20100915,            1.00
419,        20100916,            1.01
420,        20100917,            1.00
421,        20100920,            1.01
422,        20100921,            1.00
423,        20100922,            1.01
424,        20100923,            1.00
425,        20100924,            0.99
426,        20100927,            1.00
427,        20100928,            1.03
428,        20100929,            1.00
429,        20100930,            1.01
430,        20101001,            1.00
431,        20101004,            0.99
432,        20101005,            1.04
433,        20101006,            1.02
434,        20101007,            0.96
435,        20101008,            1.02
436,        20101011,            1.00
437,        20101012,            0.99
438,        20101013,            1.03
439,        20101014,            0.99
440,        20101015,            0.99
441,        20101018,            1.00
442,        20101019,            0.94
443,        20101020,            1.02
444,        20101021,            0.99
445,        20101022,            1.01
446,        20101025,            1.02
447,        20101026,            1.00
448,        20101027,            0.99
449,        20101028,            1.06
450,        20101029,            1.03
451,        20101101,            0.99
452,        20101102,            1.00
453,        20101103,            0.99
454,        20101104,            1.05
455,        20101105,            1.00
456,        20101108,            1.03
457,        20101109,            0.97
458,        20101110,            1.01
459,        20101111,            1.00
460,        20101112,            0.98
461,        20101115,            0.99
462,        20101116,            0.98
463,        20101117,            1.00
464,        20101118,            0.99
465,        20101119,            1.01
466,        20101122,            1.01
467,        20101123,            1.00
468,        20101124,            1.01
469,        20101126,            0.98
470,        20101129,            1.01
471,        20101130,            1.03
472,        20101201,            1.02
473,        20101202,            1.01
474,        20101203,            1.02
475,        20101206,            1.02
476,        20101207,            0.97
477,        20101208,            0.99
478,        20101209,            1.00
479,        20101210,            1.00
480,        20101213,            1.00
481,        20101214,            1.00
482,        20101215,            0.98
483,        20101216,            0.94
484,        20101217,            1.00
485,        20101220,            1.02
486,        20101221,            0.99
487,        20101222,            0.98
488,        20101223,            1.01
489,        20101227,            0.99
490,        20101228,            1.03
491,        20101229,            1.00
492,        20101230,            1.00
493,        20101231,            1.00
494,        20110103,            0.96
495,        20110104,            0.98
496,        20110105,            0.99
497,        20110106,            0.97
498,        20110107,            1.01
