0,        20090116,            1.01
1,        20090120,            0.96
2,        20090121,            1.06
3,        20090122,            0.90
4,        20090123,            1.05
5,        20090126,            0.92
6,        20090127,            1.07
7,        20090128,            1.04
8,        20090129,            0.91
9,        20090130,            0.99
10,        20090202,            0.96
11,        20090203,            0.88
12,        20090204,            0.95
13,        20090205,            0.97
14,        20090206,            1.04
15,        20090209,            1.00
16,        20090210,            0.88
17,        20090211,            1.04
18,        20090212,            0.94
19,        20090213,            0.94
20,        20090217,            0.92
21,        20090218,            0.94
22,        20090219,            0.81
23,        20090220,            0.92
24,        20090223,            0.98
25,        20090224,            0.77
26,        20090225,            1.12
27,        20090226,            1.13
28,        20090227,            0.81
29,        20090302,            1.00
30,        20090303,            1.02
31,        20090304,            1.00
32,        20090305,            0.81
33,        20090306,            1.00
34,        20090309,            1.00
35,        20090310,            1.20
36,        20090311,            0.98
37,        20090312,            1.00
38,        20090313,            1.22
39,        20090316,            1.66
40,        20090317,            1.16
41,        20090318,            1.44
42,        20090319,            1.17
43,        20090320,            0.78
44,        20090323,            1.17
45,        20090324,            0.94
46,        20090325,            0.86
47,        20090326,            0.92
48,        20090327,            0.93
49,        20090330,            0.93
50,        20090331,            1.05
51,        20090401,            1.07
52,        20090402,            1.07
53,        20090403,            1.00
54,        20090406,            0.96
55,        20090407,            0.95
56,        20090408,            1.03
57,        20090409,            1.07
58,        20090413,            1.22
59,        20090414,            1.07
60,        20090415,            1.05
61,        20090416,            1.06
62,        20090417,            0.96
63,        20090420,            0.80
64,        20090421,            1.13
65,        20090422,            0.98
66,        20090423,            1.05
67,        20090424,            0.97
68,        20090427,            0.96
69,        20090428,            0.96
70,        20090429,            1.05
71,        20090430,            0.98
72,        20090501,            1.00
73,        20090504,            1.06
74,        20090505,            1.18
75,        20090506,            1.06
76,        20090507,            1.06
77,        20090508,            1.03
78,        20090511,            0.95
79,        20090512,            0.95
80,        20090513,            0.88
81,        20090514,            1.15
82,        20090515,            0.93
83,        20090518,            1.06
84,        20090519,            0.99
85,        20090520,            0.98
86,        20090521,            1.01
87,        20090522,            0.94
88,        20090526,            1.00
89,        20090527,            0.98
90,        20090528,            1.01
91,        20090529,            1.01
92,        20090601,            0.98
93,        20090602,            0.94
94,        20090603,            0.94
95,        20090604,            1.12
96,        20090605,            1.04
97,        20090608,            0.97
98,        20090609,            0.99
99,        20090610,            0.97
100,        20090611,            1.01
101,        20090612,            1.00
102,        20090615,            0.95
103,        20090616,            0.97
104,        20090617,            0.95
105,        20090618,            1.05
106,        20090619,            1.04
107,        20090622,            0.91
108,        20090623,            1.01
109,        20090624,            1.01
110,        20090625,            1.03
111,        20090626,            1.00
112,        20090629,            0.91
113,        20090630,            0.87
114,        20090701,            0.78
115,        20090702,            1.01
116,        20090706,            0.89
117,        20090707,            0.85
118,        20090708,            0.95
119,        20090709,            0.72
120,        20090710,            1.24
121,        20090713,            1.24
122,        20090714,            0.98
123,        20090715,            0.99
124,        20090716,            0.90
125,        20090717,            1.06
126,        20090720,            1.00
127,        20090721,            0.99
128,        20090722,            0.98
129,        20090723,            0.96
130,        20090724,            0.98
131,        20090727,            1.04
132,        20090728,            1.03
133,        20090729,            0.98
134,        20090730,            1.01
135,        20090731,            1.00
136,        20090803,            1.04
137,        20090804,            0.99
138,        20090805,            1.63
139,        20090806,            1.02
140,        20090807,            1.20
141,        20090810,            1.06
142,        20090811,            0.87
143,        20090812,            1.02
144,        20090813,            0.99
145,        20090814,            0.97
146,        20090817,            0.96
147,        20090818,            1.05
148,        20090819,            1.09
149,        20090820,            1.21
150,        20090821,            1.02
151,        20090824,            1.03
152,        20090825,            1.00
153,        20090826,            1.11
154,        20090827,            1.27
155,        20090828,            1.05
156,        20090831,            0.90
157,        20090901,            0.79
158,        20090902,            1.05
159,        20090903,            1.10
160,        20090904,            0.96
161,        20090908,            0.90
162,        20090909,            1.08
163,        20090910,            0.97
164,        20090911,            0.99
165,        20090914,            1.09
166,        20090915,            0.94
167,        20090916,            1.04
168,        20090917,            0.98
169,        20090918,            1.01
170,        20090921,            1.21
171,        20090922,            0.95
172,        20090923,            1.02
173,        20090924,            0.96
174,        20090925,            0.99
175,        20090928,            1.03
176,        20090929,            0.98
177,        20090930,            0.98
178,        20091001,            0.93
179,        20091002,            1.05
180,        20091005,            0.99
181,        20091006,            1.05
182,        20091007,            1.02
183,        20091008,            0.95
184,        20091009,            1.01
185,        20091012,            1.00
186,        20091013,            1.00
187,        20091014,            1.00
188,        20091015,            1.00
189,        20091016,            0.97
190,        20091019,            0.95
191,        20091020,            0.98
192,        20091021,            0.97
193,        20091022,            1.06
194,        20091023,            0.94
195,        20091026,            0.93
196,        20091027,            0.94
197,        20091028,            1.04
198,        20091029,            1.03
199,        20091030,            0.93
200,        20091102,            1.02
201,        20091103,            1.14
202,        20091104,            0.92
203,        20091105,            1.09
204,        20091106,            0.90
205,        20091109,            1.02
206,        20091110,            1.04
207,        20091111,            0.98
208,        20091112,            0.99
209,        20091113,            1.00
210,        20091116,            0.98
211,        20091117,            1.01
212,        20091118,            1.00
213,        20091119,            0.99
214,        20091120,            0.98
215,        20091123,            1.01
216,        20091124,            0.99
217,        20091125,            0.99
218,        20091127,            0.96
219,        20091130,            0.85
220,        20091201,            1.09
221,        20091202,            1.01
222,        20091203,            0.96
223,        20091204,            1.01
224,        20091207,            1.00
225,        20091208,            0.99
226,        20091209,            0.99
227,        20091210,            0.98
228,        20091211,            0.98
229,        20091214,            1.03
230,        20091215,            0.99
231,        20091216,            1.00
232,        20091217,            0.97
233,        20091218,            1.00
234,        20091221,            1.00
235,        20091222,            1.11
236,        20091223,            0.95
237,        20091224,            1.02
238,        20091228,            1.05
239,        20091229,            1.01
240,        20091230,            0.97
241,        20091231,            0.98
242,        20100104,            1.00
243,        20100105,            0.98
244,        20100106,            0.99
245,        20100107,            0.98
246,        20100108,            1.03
247,        20100111,            1.01
248,        20100112,            0.96
249,        20100113,            1.02
250,        20100114,            0.98
251,        20100115,            0.98
252,        20100119,            1.01
253,        20100120,            0.99
254,        20100121,            0.99
255,        20100122,            0.96
256,        20100125,            0.98
257,        20100126,            0.94
258,        20100127,            1.02
259,        20100128,            0.97
260,        20100129,            1.00
261,        20100201,            0.99
262,        20100202,            1.00
263,        20100203,            0.99
264,        20100204,            0.95
265,        20100205,            0.99
266,        20100208,            0.99
267,        20100209,            1.04
268,        20100210,            1.16
269,        20100211,            0.98
270,        20100212,            1.02
271,        20100216,            1.02
272,        20100217,            0.98
273,        20100218,            0.99
274,        20100219,            0.99
275,        20100222,            1.07
276,        20100223,            0.94
277,        20100224,            1.05
278,        20100225,            0.98
279,        20100226,            0.90
280,        20100301,            1.04
281,        20100302,            0.97
282,        20100303,            0.99
283,        20100304,            1.07
284,        20100305,            1.05
285,        20100308,            1.04
286,        20100309,            1.13
287,        20100310,            1.11
288,        20100311,            0.97
289,        20100312,            0.97
290,        20100315,            1.00
291,        20100316,            0.98
292,        20100317,            1.02
293,        20100318,            1.01
294,        20100319,            1.00
295,        20100322,            0.96
296,        20100323,            1.00
297,        20100324,            1.00
298,        20100325,            1.04
299,        20100326,            0.99
300,        20100329,            1.01
301,        20100330,            0.99
302,        20100331,            1.00
303,        20100401,            1.00
304,        20100405,            1.03
305,        20100406,            1.02
306,        20100407,            1.11
307,        20100408,            0.95
308,        20100409,            1.01
309,        20100412,            1.08
310,        20100413,            0.97
311,        20100414,            0.99
312,        20100415,            1.01
313,        20100416,            0.98
314,        20100419,            1.00
315,        20100420,            1.06
316,        20100421,            0.98
317,        20100422,            1.06
318,        20100423,            1.03
319,        20100426,            1.00
320,        20100427,            0.84
321,        20100428,            1.06
322,        20100429,            1.02
323,        20100430,            0.97
324,        20100503,            1.02
325,        20100504,            0.97
326,        20100505,            0.99
327,        20100506,            0.97
328,        20100507,            1.05
329,        20100510,            1.06
330,        20100511,            1.05
331,        20100512,            0.97
332,        20100513,            0.98
333,        20100514,            0.98
334,        20100517,            0.98
335,        20100518,            0.97
336,        20100519,            0.99
337,        20100520,            0.93
338,        20100521,            1.03
339,        20100524,            0.96
340,        20100525,            1.00
341,        20100526,            0.99
342,        20100527,            1.07
343,        20100528,            0.97
344,        20100601,            0.97
345,        20100602,            1.02
346,        20100603,            1.00
347,        20100604,            0.99
348,        20100607,            0.98
349,        20100608,            1.01
350,        20100609,            1.00
351,        20100610,            1.03
352,        20100611,            0.99
353,        20100614,            1.06
354,        20100615,            1.02
355,        20100616,            1.00
356,        20100617,            1.00
357,        20100618,            1.00
358,        20100621,            1.02
359,        20100622,            0.99
360,        20100623,            0.99
361,        20100624,            0.97
362,        20100625,            1.00
363,        20100628,            0.98
364,        20100629,            0.95
365,        20100630,            1.00
366,        20100701,            0.98
367,        20100702,            0.98
368,        20100706,            1.02
369,        20100707,            1.05
370,        20100708,            1.00
371,        20100709,            1.01
372,        20100712,            0.99
373,        20100713,            1.07
374,        20100714,            0.99
375,        20100715,            1.00
376,        20100716,            0.95
377,        20100719,            0.99
378,        20100720,            1.03
379,        20100721,            0.97
380,        20100722,            1.03
381,        20100723,            1.01
382,        20100726,            1.05
383,        20100727,            1.01
384,        20100728,            1.00
385,        20100729,            1.00
386,        20100730,            0.99
387,        20100802,            1.04
388,        20100803,            0.99
389,        20100804,            1.01
390,        20100805,            1.00
391,        20100806,            1.03
392,        20100809,            1.02
393,        20100810,            0.97
394,        20100811,            0.94
395,        20100812,            0.98
396,        20100813,            0.99
397,        20100816,            0.98
398,        20100817,            1.01
399,        20100818,            1.01
400,        20100819,            0.97
401,        20100820,            0.99
402,        20100823,            1.00
403,        20100824,            0.98
404,        20100825,            1.00
405,        20100826,            0.99
406,        20100827,            1.04
407,        20100830,            0.97
408,        20100831,            1.00
409,        20100901,            1.05
410,        20100902,            1.01
411,        20100903,            1.02
412,        20100907,            0.97
413,        20100908,            1.02
414,        20100909,            1.00
415,        20100910,            1.00
416,        20100913,            1.02
417,        20100914,            0.98
418,        20100915,            1.00
419,        20100916,            0.99
420,        20100917,            1.00
421,        20100920,            1.03
422,        20100921,            1.00
423,        20100922,            0.97
424,        20100923,            0.98
425,        20100924,            1.04
426,        20100927,            1.02
427,        20100928,            1.01
428,        20100929,            1.00
429,        20100930,            1.04
430,        20101001,            0.99
431,        20101004,            1.01
432,        20101005,            1.02
433,        20101006,            1.02
434,        20101007,            0.99
435,        20101008,            1.01
436,        20101011,            1.00
437,        20101012,            1.02
438,        20101013,            1.02
439,        20101014,            0.98
440,        20101015,            0.99
441,        20101018,            1.02
442,        20101019,            0.97
443,        20101020,            1.01
444,        20101021,            0.99
445,        20101022,            1.01
446,        20101025,            0.99
447,        20101026,            1.02
448,        20101027,            1.00
449,        20101028,            1.00
450,        20101029,            1.00
451,        20101101,            1.00
452,        20101102,            1.00
453,        20101103,            1.03
454,        20101104,            1.03
455,        20101105,            1.02
456,        20101108,            0.98
457,        20101109,            0.96
458,        20101110,            1.00
459,        20101111,            0.99
460,        20101112,            0.98
461,        20101115,            1.01
462,        20101116,            0.98
463,        20101117,            1.00
464,        20101118,            1.02
465,        20101119,            1.00
466,        20101122,            0.99
467,        20101123,            0.97
468,        20101124,            1.02
469,        20101126,            0.99
470,        20101129,            1.01
471,        20101130,            0.99
472,        20101201,            1.02
473,        20101202,            1.01
474,        20101203,            1.02
475,        20101206,            1.00
476,        20101207,            1.01
477,        20101208,            0.96
478,        20101209,            1.13
479,        20101210,            1.02
480,        20101213,            0.99
481,        20101214,            1.07
482,        20101215,            0.99
483,        20101216,            1.02
484,        20101217,            1.01
485,        20101220,            1.02
486,        20101221,            1.03
487,        20101222,            1.01
488,        20101223,            0.97
489,        20101227,            1.09
490,        20101228,            0.99
491,        20101229,            0.97
492,        20101230,            1.00
493,        20101231,            1.00
494,        20110103,            1.01
495,        20110104,            0.98
496,        20110105,            1.07
497,        20110106,            0.99
498,        20110107,            1.01
