0,        20090116,            1.07
1,        20090120,            0.82
2,        20090121,            1.17
3,        20090122,            0.94
4,        20090123,            1.01
5,        20090126,            1.02
6,        20090127,            1.03
7,        20090128,            1.08
8,        20090129,            0.96
9,        20090130,            0.95
10,        20090202,            1.06
11,        20090203,            0.98
12,        20090204,            1.00
13,        20090205,            1.05
14,        20090206,            0.99
15,        20090209,            1.01
16,        20090210,            0.91
17,        20090211,            1.05
18,        20090212,            1.01
19,        20090213,            0.98
20,        20090217,            0.88
21,        20090218,            1.03
22,        20090219,            0.92
23,        20090220,            1.00
24,        20090223,            0.93
25,        20090224,            1.11
26,        20090225,            0.95
27,        20090226,            0.99
28,        20090227,            0.95
29,        20090302,            0.94
30,        20090303,            0.97
31,        20090304,            1.06
32,        20090305,            0.92
33,        20090306,            1.00
34,        20090309,            0.97
35,        20090310,            1.14
36,        20090311,            1.06
37,        20090312,            1.06
38,        20090313,            1.01
39,        20090316,            0.94
40,        20090317,            1.08
41,        20090318,            1.10
42,        20090319,            0.96
43,        20090320,            0.97
44,        20090323,            1.17
45,        20090324,            0.94
46,        20090325,            1.03
47,        20090326,            1.01
48,        20090327,            0.96
49,        20090330,            0.91
50,        20090331,            1.08
51,        20090401,            1.02
52,        20090402,            1.04
53,        20090403,            1.05
54,        20090406,            0.97
55,        20090407,            0.93
56,        20090408,            1.07
57,        20090409,            1.10
58,        20090413,            1.01
59,        20090414,            0.91
60,        20090415,            1.06
61,        20090416,            1.05
62,        20090417,            1.01
63,        20090420,            0.96
64,        20090421,            1.02
65,        20090422,            1.05
66,        20090423,            1.03
67,        20090424,            1.01
68,        20090427,            0.98
69,        20090428,            0.96
70,        20090429,            1.06
71,        20090430,            1.00
72,        20090501,            1.00
73,        20090504,            1.02
74,        20090505,            0.98
75,        20090506,            1.05
76,        20090507,            0.97
77,        20090508,            1.08
78,        20090511,            0.90
79,        20090512,            0.98
80,        20090513,            0.95
81,        20090514,            1.02
82,        20090515,            1.01
83,        20090518,            1.08
84,        20090519,            1.05
85,        20090520,            0.97
86,        20090521,            1.01
87,        20090522,            1.01
88,        20090526,            1.03
89,        20090527,            0.96
90,        20090528,            1.03
91,        20090529,            1.02
92,        20090601,            1.02
93,        20090602,            0.97
94,        20090603,            0.98
95,        20090604,            1.04
96,        20090605,            0.97
97,        20090608,            0.96
98,        20090609,            0.99
99,        20090610,            0.93
100,        20090611,            0.98
101,        20090612,            0.95
102,        20090615,            1.02
103,        20090616,            0.99
104,        20090617,            0.98
105,        20090618,            1.00
106,        20090619,            1.01
107,        20090622,            0.95
108,        20090623,            1.01
109,        20090624,            1.04
110,        20090625,            1.00
111,        20090626,            0.99
112,        20090629,            1.01
113,        20090630,            1.00
114,        20090701,            1.01
115,        20090702,            0.95
116,        20090706,            1.02
117,        20090707,            0.95
118,        20090708,            0.98
119,        20090709,            1.02
120,        20090710,            0.98
121,        20090713,            1.06
122,        20090714,            1.00
123,        20090715,            1.04
124,        20090716,            1.01
125,        20090717,            1.00
126,        20090720,            1.01
127,        20090721,            1.01
128,        20090722,            1.00
129,        20090723,            1.05
130,        20090724,            0.98
131,        20090727,            1.06
132,        20090728,            0.98
133,        20090729,            1.00
134,        20090730,            1.05
135,        20090731,            0.99
136,        20090803,            1.00
137,        20090804,            1.02
138,        20090805,            1.02
139,        20090806,            0.97
140,        20090807,            1.06
141,        20090810,            0.98
142,        20090811,            0.96
143,        20090812,            1.03
144,        20090813,            1.02
145,        20090814,            0.99
146,        20090817,            0.95
147,        20090818,            1.02
148,        20090819,            1.00
149,        20090820,            1.04
150,        20090821,            1.02
151,        20090824,            0.99
152,        20090825,            1.02
153,        20090826,            0.98
154,        20090827,            1.01
155,        20090828,            1.00
156,        20090831,            0.99
157,        20090901,            0.94
158,        20090902,            0.99
159,        20090903,            1.03
160,        20090904,            1.00
161,        20090908,            1.02
162,        20090909,            1.02
163,        20090910,            1.03
164,        20090911,            0.98
165,        20090914,            1.05
166,        20090915,            1.00
167,        20090916,            1.04
168,        20090917,            0.99
169,        20090918,            1.00
170,        20090921,            0.99
171,        20090922,            1.02
172,        20090923,            0.98
173,        20090924,            0.97
174,        20090925,            0.99
175,        20090928,            1.06
176,        20090929,            0.99
177,        20090930,            1.12
178,        20091001,            1.02
179,        20091002,            0.99
180,        20091005,            0.99
181,        20091006,            1.01
182,        20091007,            1.01
183,        20091008,            1.00
184,        20091009,            0.99
185,        20091012,            1.01
186,        20091013,            0.97
187,        20091014,            1.05
188,        20091015,            0.99
189,        20091016,            0.97
190,        20091019,            1.01
191,        20091020,            0.98
192,        20091021,            0.99
193,        20091022,            1.08
194,        20091023,            0.97
195,        20091026,            0.99
196,        20091027,            0.98
197,        20091028,            0.98
198,        20091029,            1.01
199,        20091030,            0.98
200,        20091102,            1.02
201,        20091103,            1.00
202,        20091104,            1.05
203,        20091105,            1.01
204,        20091106,            1.02
205,        20091109,            1.04
206,        20091110,            0.99
207,        20091111,            1.01
208,        20091112,            0.98
209,        20091113,            1.02
210,        20091116,            0.99
211,        20091117,            0.99
212,        20091118,            1.00
213,        20091119,            0.98
214,        20091120,            0.99
215,        20091123,            1.02
216,        20091124,            1.00
217,        20091125,            1.00
218,        20091127,            0.97
219,        20091130,            1.03
220,        20091201,            1.02
221,        20091202,            1.00
222,        20091203,            0.98
223,        20091204,            1.00
224,        20091207,            0.99
225,        20091208,            0.99
226,        20091209,            1.00
227,        20091210,            1.01
228,        20091211,            1.02
229,        20091214,            1.02
230,        20091215,            0.98
231,        20091216,            0.99
232,        20091217,            1.00
233,        20091218,            1.00
234,        20091221,            1.01
235,        20091222,            1.01
236,        20091223,            1.01
237,        20091224,            1.01
238,        20091228,            1.00
239,        20091229,            0.99
240,        20091230,            1.00
241,        20091231,            0.99
242,        20100104,            1.03
243,        20100105,            1.02
244,        20100106,            1.01
245,        20100107,            1.01
246,        20100108,            1.00
247,        20100111,            1.01
248,        20100112,            0.98
249,        20100113,            1.01
250,        20100114,            1.00
251,        20100115,            0.99
252,        20100119,            1.01
253,        20100120,            1.00
254,        20100121,            0.97
255,        20100122,            0.98
256,        20100125,            1.02
257,        20100126,            0.99
258,        20100127,            1.02
259,        20100128,            0.98
260,        20100129,            0.96
261,        20100201,            1.04
262,        20100202,            1.01
263,        20100203,            0.98
264,        20100204,            0.96
265,        20100205,            1.01
266,        20100208,            0.98
267,        20100209,            1.02
268,        20100210,            1.02
269,        20100211,            0.99
270,        20100212,            1.01
271,        20100216,            1.03
272,        20100217,            1.01
273,        20100218,            1.00
274,        20100219,            1.01
275,        20100222,            1.01
276,        20100223,            0.98
277,        20100224,            1.02
278,        20100225,            0.99
279,        20100226,            1.00
280,        20100301,            1.01
281,        20100302,            1.01
282,        20100303,            1.00
283,        20100304,            1.01
284,        20100305,            1.04
285,        20100308,            1.00
286,        20100309,            0.99
287,        20100310,            1.00
288,        20100311,            1.00
289,        20100312,            1.01
290,        20100315,            1.00
291,        20100316,            1.01
292,        20100317,            1.02
293,        20100318,            1.00
294,        20100319,            0.99
295,        20100322,            1.00
296,        20100323,            1.01
297,        20100324,            1.00
298,        20100325,            1.00
299,        20100326,            0.98
300,        20100329,            1.01
301,        20100330,            1.02
302,        20100331,            1.00
303,        20100401,            1.02
304,        20100405,            1.00
305,        20100406,            0.99
306,        20100407,            0.98
307,        20100408,            1.02
308,        20100409,            1.00
309,        20100412,            1.01
310,        20100413,            1.02
311,        20100414,            1.02
312,        20100415,            1.00
313,        20100416,            0.98
314,        20100419,            1.01
315,        20100420,            1.02
316,        20100421,            1.00
317,        20100422,            1.00
318,        20100423,            1.01
319,        20100426,            0.99
320,        20100427,            0.93
321,        20100428,            1.03
322,        20100429,            1.04
323,        20100430,            0.96
324,        20100503,            1.02
325,        20100504,            0.97
326,        20100505,            0.99
327,        20100506,            0.96
328,        20100507,            0.97
329,        20100510,            1.07
330,        20100511,            1.01
331,        20100512,            1.00
332,        20100513,            0.98
333,        20100514,            0.96
334,        20100517,            1.00
335,        20100518,            0.96
336,        20100519,            1.00
337,        20100520,            0.93
338,        20100521,            1.05
339,        20100524,            0.97
340,        20100525,            0.99
341,        20100526,            1.01
342,        20100527,            1.06
343,        20100528,            0.97
344,        20100601,            0.97
345,        20100602,            1.04
346,        20100603,            1.00
347,        20100604,            0.95
348,        20100607,            0.98
349,        20100608,            1.02
350,        20100609,            0.99
351,        20100610,            1.03
352,        20100611,            1.01
353,        20100614,            1.00
354,        20100615,            1.03
355,        20100616,            1.00
356,        20100617,            0.98
357,        20100618,            1.00
358,        20100621,            1.00
359,        20100622,            0.98
360,        20100623,            0.99
361,        20100624,            0.98
362,        20100625,            1.02
363,        20100628,            0.99
364,        20100629,            0.95
365,        20100630,            1.00
366,        20100701,            0.99
367,        20100702,            1.01
368,        20100706,            1.01
369,        20100707,            1.05
370,        20100708,            1.00
371,        20100709,            1.02
372,        20100712,            0.99
373,        20100713,            1.03
374,        20100714,            1.00
375,        20100715,            0.99
376,        20100716,            0.96
377,        20100719,            1.00
378,        20100720,            1.02
379,        20100721,            0.97
380,        20100722,            1.04
381,        20100723,            1.00
382,        20100726,            1.00
383,        20100727,            1.01
384,        20100728,            0.99
385,        20100729,            1.12
386,        20100730,            0.99
387,        20100802,            1.03
388,        20100803,            0.98
389,        20100804,            1.01
390,        20100805,            1.00
391,        20100806,            0.99
392,        20100809,            1.02
393,        20100810,            1.01
394,        20100811,            0.97
395,        20100812,            0.99
396,        20100813,            0.99
397,        20100816,            1.01
398,        20100817,            1.05
399,        20100818,            1.00
400,        20100819,            0.97
401,        20100820,            0.99
402,        20100823,            1.00
403,        20100824,            0.98
404,        20100825,            1.01
405,        20100826,            0.99
406,        20100827,            1.04
407,        20100830,            0.99
408,        20100831,            1.01
409,        20100901,            1.05
410,        20100902,            1.01
411,        20100903,            1.02
412,        20100907,            0.98
413,        20100908,            1.01
414,        20100909,            1.01
415,        20100910,            1.00
416,        20100913,            1.02
417,        20100914,            0.99
418,        20100915,            0.99
419,        20100916,            1.00
420,        20100917,            1.01
421,        20100920,            1.02
422,        20100921,            0.99
423,        20100922,            0.97
424,        20100923,            0.99
425,        20100924,            1.03
426,        20100927,            1.00
427,        20100928,            1.01
428,        20100929,            1.00
429,        20100930,            0.99
430,        20101001,            1.01
431,        20101004,            1.00
432,        20101005,            1.03
433,        20101006,            1.01
434,        20101007,            1.00
435,        20101008,            1.00
436,        20101011,            1.00
437,        20101012,            1.01
438,        20101013,            1.00
439,        20101014,            1.00
440,        20101015,            0.99
441,        20101018,            1.03
442,        20101019,            0.99
443,        20101020,            1.01
444,        20101021,            1.00
445,        20101022,            0.99
446,        20101025,            1.00
447,        20101026,            0.99
448,        20101027,            1.01
449,        20101028,            1.05
450,        20101029,            0.97
451,        20101101,            0.99
452,        20101102,            1.02
453,        20101103,            1.00
454,        20101104,            1.03
455,        20101105,            1.02
456,        20101108,            0.99
457,        20101109,            0.98
458,        20101110,            1.01
459,        20101111,            0.99
460,        20101112,            0.99
461,        20101115,            0.99
462,        20101116,            0.98
463,        20101117,            1.00
464,        20101118,            1.02
465,        20101119,            1.00
466,        20101122,            0.99
467,        20101123,            0.99
468,        20101124,            1.02
469,        20101126,            0.99
470,        20101129,            1.01
471,        20101130,            0.99
472,        20101201,            1.02
473,        20101202,            1.01
474,        20101203,            1.01
475,        20101206,            1.00
476,        20101207,            1.01
477,        20101208,            1.01
478,        20101209,            1.01
479,        20101210,            1.00
480,        20101213,            1.00
481,        20101214,            0.99
482,        20101215,            1.00
483,        20101216,            1.01
484,        20101217,            0.99
485,        20101220,            0.99
486,        20101221,            1.05
487,        20101222,            1.01
488,        20101223,            1.00
489,        20101227,            1.00
490,        20101228,            1.00
491,        20101229,            1.00
492,        20101230,            0.99
493,        20101231,            1.00
494,        20110103,            1.03
495,        20110104,            0.99
496,        20110105,            1.02
497,        20110106,            1.00
498,        20110107,            1.00
