0,        20090116,            1.07
1,        20090120,            0.95
2,        20090121,            1.02
3,        20090122,            0.99
4,        20090123,            1.02
5,        20090126,            1.01
6,        20090127,            0.99
7,        20090128,            1.02
8,        20090129,            0.97
9,        20090130,            0.98
10,        20090202,            1.01
11,        20090203,            1.04
12,        20090204,            0.99
13,        20090205,            1.07
14,        20090206,            1.04
15,        20090209,            1.00
16,        20090210,            0.95
17,        20090211,            0.97
18,        20090212,            1.04
19,        20090213,            0.99
20,        20090217,            0.96
21,        20090218,            0.99
22,        20090219,            0.94
23,        20090220,            1.02
24,        20090223,            0.94
25,        20090224,            1.09
26,        20090225,            1.01
27,        20090226,            0.99
28,        20090227,            1.03
29,        20090302,            0.93
30,        20090303,            0.99
31,        20090304,            1.02
32,        20090305,            0.99
33,        20090306,            0.94
34,        20090309,            0.99
35,        20090310,            1.12
36,        20090311,            1.06
37,        20090312,            1.02
38,        20090313,            0.99
39,        20090316,            0.95
40,        20090317,            1.03
41,        20090318,            1.03
42,        20090319,            1.03
43,        20090320,            0.99
44,        20090323,            1.03
45,        20090324,            0.96
46,        20090325,            0.96
47,        20090326,            1.05
48,        20090327,            0.99
49,        20090330,            0.97
50,        20090331,            0.99
51,        20090401,            1.05
52,        20090402,            1.01
53,        20090403,            0.99
54,        20090406,            0.99
55,        20090407,            0.95
56,        20090408,            1.02
57,        20090409,            1.02
58,        20090413,            0.97
59,        20090414,            1.02
60,        20090415,            0.99
61,        20090416,            1.08
62,        20090417,            0.95
63,        20090420,            0.95
64,        20090421,            1.00
65,        20090422,            1.04
66,        20090423,            1.03
67,        20090424,            0.99
68,        20090427,            0.98
69,        20090428,            1.06
70,        20090429,            1.00
71,        20090430,            0.98
72,        20090501,            0.99
73,        20090504,            1.06
74,        20090505,            1.01
75,        20090506,            0.91
76,        20090507,            0.98
77,        20090508,            0.99
78,        20090511,            0.96
79,        20090512,            0.97
80,        20090513,            0.98
81,        20090514,            1.17
82,        20090515,            0.93
83,        20090518,            1.04
84,        20090519,            1.01
85,        20090520,            1.02
86,        20090521,            0.96
87,        20090522,            0.98
88,        20090526,            1.05
89,        20090527,            0.98
90,        20090528,            1.05
91,        20090529,            0.97
92,        20090601,            1.05
93,        20090602,            0.97
94,        20090603,            1.00
95,        20090604,            1.03
96,        20090605,            0.97
97,        20090608,            1.03
98,        20090609,            1.08
99,        20090610,            0.99
100,        20090611,            0.99
101,        20090612,            0.97
102,        20090615,            0.97
103,        20090616,            0.98
104,        20090617,            1.01
105,        20090618,            0.99
106,        20090619,            0.99
107,        20090622,            0.96
108,        20090623,            0.94
109,        20090624,            1.04
110,        20090625,            1.02
111,        20090626,            1.04
112,        20090629,            0.99
113,        20090630,            0.99
114,        20090701,            1.01
115,        20090702,            1.01
116,        20090706,            0.99
117,        20090707,            0.98
118,        20090708,            1.01
119,        20090709,            1.01
120,        20090710,            1.00
121,        20090713,            1.05
122,        20090714,            1.00
123,        20090715,            1.05
124,        20090716,            0.99
125,        20090717,            1.02
126,        20090720,            0.99
127,        20090721,            1.01
128,        20090722,            1.01
129,        20090723,            1.00
130,        20090724,            1.00
131,        20090727,            0.99
132,        20090728,            1.00
133,        20090729,            1.02
134,        20090730,            0.98
135,        20090731,            1.00
136,        20090803,            1.04
137,        20090804,            0.92
138,        20090805,            0.99
139,        20090806,            0.99
140,        20090807,            1.01
141,        20090810,            1.00
142,        20090811,            0.98
143,        20090812,            1.01
144,        20090813,            1.03
145,        20090814,            0.98
146,        20090817,            0.97
147,        20090818,            1.02
148,        20090819,            0.99
149,        20090820,            1.02
150,        20090821,            1.02
151,        20090824,            0.98
152,        20090825,            1.01
153,        20090826,            0.99
154,        20090827,            1.03
155,        20090828,            1.04
156,        20090831,            0.98
157,        20090901,            1.00
158,        20090902,            1.02
159,        20090903,            1.05
160,        20090904,            1.00
161,        20090908,            1.00
162,        20090909,            1.01
163,        20090910,            1.01
164,        20090911,            0.97
165,        20090914,            1.01
166,        20090915,            1.02
167,        20090916,            0.97
168,        20090917,            0.95
169,        20090918,            0.99
170,        20090921,            0.99
171,        20090922,            1.03
172,        20090923,            0.98
173,        20090924,            0.99
174,        20090925,            1.06
175,        20090928,            1.00
176,        20090929,            0.98
177,        20090930,            1.00
178,        20091001,            0.96
179,        20091002,            1.00
180,        20091005,            1.00
181,        20091006,            0.99
182,        20091007,            1.01
183,        20091008,            0.99
184,        20091009,            1.03
185,        20091012,            1.03
186,        20091013,            0.99
187,        20091014,            1.01
188,        20091015,            1.00
189,        20091016,            0.95
190,        20091019,            1.06
191,        20091020,            0.98
192,        20091021,            0.97
193,        20091022,            1.01
194,        20091023,            0.97
195,        20091026,            1.01
196,        20091027,            0.97
197,        20091028,            0.96
198,        20091029,            1.01
199,        20091030,            0.96
200,        20091102,            0.99
201,        20091103,            1.01
202,        20091104,            1.02
203,        20091105,            1.03
204,        20091106,            1.00
205,        20091109,            1.02
206,        20091110,            0.99
207,        20091111,            1.02
208,        20091112,            1.00
209,        20091113,            1.01
210,        20091116,            1.02
211,        20091117,            1.02
212,        20091118,            0.99
213,        20091119,            0.97
214,        20091120,            0.99
215,        20091123,            1.01
216,        20091124,            0.99
217,        20091125,            1.00
218,        20091127,            0.99
219,        20091130,            1.01
220,        20091201,            1.02
221,        20091202,            1.02
222,        20091203,            1.00
223,        20091204,            1.01
224,        20091207,            1.01
225,        20091208,            0.99
226,        20091209,            1.00
227,        20091210,            0.99
228,        20091211,            1.02
229,        20091214,            1.00
230,        20091215,            1.01
231,        20091216,            1.03
232,        20091217,            0.98
233,        20091218,            1.02
234,        20091221,            1.03
235,        20091222,            1.04
236,        20091223,            1.00
237,        20091224,            1.02
238,        20091228,            0.98
239,        20091229,            0.99
240,        20091230,            1.00
241,        20091231,            1.00
242,        20100104,            1.05
243,        20100105,            1.03
244,        20100106,            1.03
245,        20100107,            1.01
246,        20100108,            1.02
247,        20100111,            0.96
248,        20100112,            0.98
249,        20100113,            1.04
250,        20100114,            1.00
251,        20100115,            0.98
252,        20100119,            1.02
253,        20100120,            1.02
254,        20100121,            1.01
255,        20100122,            0.94
256,        20100125,            1.02
257,        20100126,            1.00
258,        20100127,            1.01
259,        20100128,            0.94
260,        20100129,            0.97
261,        20100201,            1.04
262,        20100202,            1.01
263,        20100203,            1.02
264,        20100204,            0.95
265,        20100205,            1.02
266,        20100208,            1.00
267,        20100209,            0.90
268,        20100210,            1.07
269,        20100211,            1.01
270,        20100212,            0.99
271,        20100216,            1.02
272,        20100217,            1.01
273,        20100218,            1.02
274,        20100219,            1.00
275,        20100222,            0.99
276,        20100223,            0.97
277,        20100224,            1.00
278,        20100225,            0.98
279,        20100226,            0.97
280,        20100301,            1.04
281,        20100302,            1.07
282,        20100303,            0.99
283,        20100304,            1.01
284,        20100305,            1.01
285,        20100308,            1.01
286,        20100309,            0.99
287,        20100310,            1.03
288,        20100311,            0.99
289,        20100312,            1.00
290,        20100315,            0.98
291,        20100316,            1.03
292,        20100317,            1.02
293,        20100318,            0.98
294,        20100319,            0.99
295,        20100322,            1.01
296,        20100323,            1.02
297,        20100324,            0.96
298,        20100325,            0.99
299,        20100326,            0.98
300,        20100329,            1.01
301,        20100330,            1.00
302,        20100331,            1.01
303,        20100401,            1.00
304,        20100405,            1.04
305,        20100406,            0.99
306,        20100407,            1.01
307,        20100408,            0.98
308,        20100409,            1.03
309,        20100412,            1.01
310,        20100413,            1.01
311,        20100414,            1.07
312,        20100415,            1.03
313,        20100416,            1.00
314,        20100419,            0.97
315,        20100420,            0.99
316,        20100421,            0.99
317,        20100422,            1.02
318,        20100423,            0.98
319,        20100426,            1.00
320,        20100427,            0.96
321,        20100428,            1.02
322,        20100429,            1.03
323,        20100430,            0.95
324,        20100503,            0.99
325,        20100504,            0.99
326,        20100505,            1.07
327,        20100506,            0.95
328,        20100507,            0.95
329,        20100510,            1.05
330,        20100511,            1.02
331,        20100512,            1.02
332,        20100513,            0.97
333,        20100514,            0.97
334,        20100517,            1.03
335,        20100518,            0.95
336,        20100519,            1.00
337,        20100520,            0.95
338,        20100521,            1.01
339,        20100524,            0.98
340,        20100525,            1.00
341,        20100526,            1.00
342,        20100527,            1.06
343,        20100528,            0.98
344,        20100601,            0.98
345,        20100602,            1.01
346,        20100603,            1.02
347,        20100604,            0.97
348,        20100607,            0.94
349,        20100608,            1.00
350,        20100609,            1.01
351,        20100610,            1.04
352,        20100611,            1.01
353,        20100614,            1.01
354,        20100615,            1.04
355,        20100616,            1.01
356,        20100617,            1.01
357,        20100618,            0.99
358,        20100621,            0.97
359,        20100622,            0.99
360,        20100623,            1.02
361,        20100624,            0.98
362,        20100625,            1.02
363,        20100628,            0.99
364,        20100629,            0.97
365,        20100630,            0.97
366,        20100701,            0.99
367,        20100702,            0.97
368,        20100706,            0.99
369,        20100707,            1.05
370,        20100708,            1.01
371,        20100709,            1.03
372,        20100712,            1.01
373,        20100713,            1.04
374,        20100714,            1.00
375,        20100715,            1.00
376,        20100716,            0.97
377,        20100719,            1.03
378,        20100720,            1.00
379,        20100721,            0.99
380,        20100722,            1.03
381,        20100723,            1.02
382,        20100726,            1.03
383,        20100727,            0.99
384,        20100728,            0.98
385,        20100729,            0.98
386,        20100730,            1.01
387,        20100802,            1.02
388,        20100803,            0.96
389,        20100804,            1.01
390,        20100805,            1.19
391,        20100806,            0.99
392,        20100809,            1.00
393,        20100810,            1.01
394,        20100811,            0.97
395,        20100812,            0.97
396,        20100813,            0.99
397,        20100816,            0.99
398,        20100817,            1.01
399,        20100818,            1.01
400,        20100819,            0.99
401,        20100820,            1.00
402,        20100823,            0.99
403,        20100824,            1.01
404,        20100825,            1.00
405,        20100826,            1.02
406,        20100827,            1.02
407,        20100830,            0.97
408,        20100831,            1.00
409,        20100901,            1.02
410,        20100902,            1.03
411,        20100903,            1.04
412,        20100907,            1.00
413,        20100908,            1.04
414,        20100909,            1.00
415,        20100910,            0.99
416,        20100913,            1.07
417,        20100914,            1.00
418,        20100915,            1.01
419,        20100916,            1.02
420,        20100917,            1.00
421,        20100920,            1.02
422,        20100921,            1.01
423,        20100922,            1.00
424,        20100923,            1.03
425,        20100924,            1.04
426,        20100927,            1.02
427,        20100928,            1.03
428,        20100929,            0.99
429,        20100930,            0.99
430,        20101001,            0.99
431,        20101004,            1.01
432,        20101005,            1.05
433,        20101006,            0.97
434,        20101007,            1.01
435,        20101008,            1.01
436,        20101011,            1.03
437,        20101012,            1.00
438,        20101013,            1.01
439,        20101014,            0.96
440,        20101015,            1.02
441,        20101018,            1.00
442,        20101019,            0.98
443,        20101020,            1.01
444,        20101021,            0.96
445,        20101022,            1.03
446,        20101025,            1.01
447,        20101026,            1.02
448,        20101027,            1.02
449,        20101028,            1.00
450,        20101029,            1.03
451,        20101101,            1.00
452,        20101102,            0.99
453,        20101103,            1.01
454,        20101104,            1.01
455,        20101105,            1.15
456,        20101108,            1.02
457,        20101109,            0.97
458,        20101110,            1.00
459,        20101111,            1.00
460,        20101112,            0.97
461,        20101115,            1.01
462,        20101116,            0.96
463,        20101117,            1.03
464,        20101118,            1.04
465,        20101119,            0.99
466,        20101122,            1.03
467,        20101123,            1.00
468,        20101124,            1.05
469,        20101126,            0.98
470,        20101129,            1.01
471,        20101130,            0.96
472,        20101201,            1.03
473,        20101202,            1.07
474,        20101203,            1.02
475,        20101206,            1.00
476,        20101207,            0.99
477,        20101208,            1.01
478,        20101209,            1.02
479,        20101210,            1.04
480,        20101213,            0.99
481,        20101214,            0.95
482,        20101215,            1.01
483,        20101216,            1.04
484,        20101217,            1.00
485,        20101220,            0.98
486,        20101221,            1.01
487,        20101222,            1.00
488,        20101223,            0.99
489,        20101227,            1.02
490,        20101228,            0.99
491,        20101229,            0.99
492,        20101230,            1.01
493,        20101231,            1.00
494,        20110103,            1.03
495,        20110104,            1.01
496,        20110105,            1.01
497,        20110106,            1.01
498,        20110107,            1.03
