0,        20090116,            0.97
1,        20090120,            0.79
2,        20090121,            1.16
3,        20090122,            0.86
4,        20090123,            0.95
5,        20090126,            1.07
6,        20090127,            1.10
7,        20090128,            0.97
8,        20090129,            0.66
9,        20090130,            0.83
10,        20090202,            0.95
11,        20090203,            0.96
12,        20090204,            1.01
13,        20090205,            0.99
14,        20090206,            1.06
15,        20090209,            1.24
16,        20090210,            0.86
17,        20090211,            1.08
18,        20090212,            1.01
19,        20090213,            0.92
20,        20090217,            0.92
21,        20090218,            1.01
22,        20090219,            1.00
23,        20090220,            1.01
24,        20090223,            1.01
25,        20090224,            1.28
26,        20090225,            0.88
27,        20090226,            0.91
28,        20090227,            0.89
29,        20090302,            0.88
30,        20090303,            1.01
31,        20090304,            1.04
32,        20090305,            0.84
33,        20090306,            0.91
34,        20090309,            0.92
35,        20090310,            1.20
36,        20090311,            1.01
37,        20090312,            1.15
38,        20090313,            1.00
39,        20090316,            1.01
40,        20090317,            1.09
41,        20090318,            1.22
42,        20090319,            0.94
43,        20090320,            0.89
44,        20090323,            1.20
45,        20090324,            1.10
46,        20090325,            1.01
47,        20090326,            0.97
48,        20090327,            0.90
49,        20090330,            0.90
50,        20090331,            0.97
51,        20090401,            1.22
52,        20090402,            1.10
53,        20090403,            1.02
54,        20090406,            0.87
55,        20090407,            0.91
56,        20090408,            1.00
57,        20090409,            1.22
58,        20090413,            1.04
59,        20090414,            0.95
60,        20090415,            1.15
61,        20090416,            1.05
62,        20090417,            1.13
63,        20090420,            0.87
64,        20090421,            1.14
65,        20090422,            0.99
66,        20090423,            1.01
67,        20090424,            1.07
68,        20090427,            0.87
69,        20090428,            1.01
70,        20090429,            1.02
71,        20090430,            0.93
72,        20090501,            0.97
73,        20090504,            1.23
74,        20090505,            0.97
75,        20090506,            1.06
76,        20090507,            0.94
77,        20090508,            1.16
78,        20090511,            1.04
79,        20090512,            0.98
80,        20090513,            0.95
81,        20090514,            1.07
82,        20090515,            0.94
83,        20090518,            1.06
84,        20090519,            0.97
85,        20090520,            0.97
86,        20090521,            1.00
87,        20090522,            1.00
88,        20090526,            1.04
89,        20090527,            0.96
90,        20090528,            0.99
91,        20090529,            1.04
92,        20090601,            0.98
93,        20090602,            0.99
94,        20090603,            0.97
95,        20090604,            0.92
96,        20090605,            0.94
97,        20090608,            1.04
98,        20090609,            1.00
99,        20090610,            1.01
100,        20090611,            1.01
101,        20090612,            1.00
102,        20090615,            0.99
103,        20090616,            0.99
104,        20090617,            1.02
105,        20090618,            0.98
106,        20090619,            1.05
107,        20090622,            0.96
108,        20090623,            1.00
109,        20090624,            1.00
110,        20090625,            0.90
111,        20090626,            0.92
112,        20090629,            0.91
113,        20090630,            0.96
114,        20090701,            1.01
115,        20090702,            0.95
116,        20090706,            0.86
117,        20090707,            1.02
118,        20090708,            0.90
119,        20090709,            1.04
120,        20090710,            1.03
121,        20090713,            0.99
122,        20090714,            1.00
123,        20090715,            1.00
124,        20090716,            1.02
125,        20090717,            1.03
126,        20090720,            1.02
127,        20090721,            0.93
128,        20090722,            1.02
129,        20090723,            1.08
130,        20090724,            0.94
131,        20090727,            0.99
132,        20090728,            1.04
133,        20090729,            1.05
134,        20090730,            1.12
135,        20090731,            1.07
136,        20090803,            0.97
137,        20090804,            1.01
138,        20090805,            1.01
139,        20090806,            0.95
140,        20090807,            1.09
141,        20090810,            0.96
142,        20090811,            0.98
143,        20090812,            1.02
144,        20090813,            1.00
145,        20090814,            0.96
146,        20090817,            0.90
147,        20090818,            1.00
148,        20090819,            1.00
149,        20090820,            0.96
150,        20090821,            0.98
151,        20090824,            1.15
152,        20090825,            1.03
153,        20090826,            0.96
154,        20090827,            0.91
155,        20090828,            0.98
156,        20090831,            0.98
157,        20090901,            0.95
158,        20090902,            0.90
159,        20090903,            0.97
160,        20090904,            1.04
161,        20090908,            1.06
162,        20090909,            1.00
163,        20090910,            1.00
164,        20090911,            1.00
165,        20090914,            0.92
166,        20090915,            1.03
167,        20090916,            1.00
168,        20090917,            1.01
169,        20090918,            1.01
170,        20090921,            0.99
171,        20090922,            1.09
172,        20090923,            1.01
173,        20090924,            0.95
174,        20090925,            1.00
175,        20090928,            0.97
176,        20090929,            0.96
177,        20090930,            0.97
178,        20091001,            0.92
179,        20091002,            0.99
180,        20091005,            1.02
181,        20091006,            1.03
182,        20091007,            1.01
183,        20091008,            0.97
184,        20091009,            1.02
185,        20091012,            1.00
186,        20091013,            1.01
187,        20091014,            1.01
188,        20091015,            0.98
189,        20091016,            0.93
190,        20091019,            1.00
191,        20091020,            0.96
192,        20091021,            1.30
193,        20091022,            1.00
194,        20091023,            0.94
195,        20091026,            1.00
196,        20091027,            1.01
197,        20091028,            0.99
198,        20091029,            1.06
199,        20091030,            1.04
200,        20091102,            1.01
201,        20091103,            0.97
202,        20091104,            0.87
203,        20091105,            1.05
204,        20091106,            1.00
205,        20091109,            0.97
206,        20091110,            1.03
207,        20091111,            1.05
208,        20091112,            0.98
209,        20091113,            1.01
210,        20091116,            1.07
211,        20091117,            0.98
212,        20091118,            0.98
213,        20091119,            0.96
214,        20091120,            0.98
215,        20091123,            1.09
216,        20091124,            1.01
217,        20091125,            1.00
218,        20091127,            0.94
219,        20091130,            0.98
220,        20091201,            0.96
221,        20091202,            0.99
222,        20091203,            0.97
223,        20091204,            1.00
224,        20091207,            1.05
225,        20091208,            0.89
226,        20091209,            0.97
227,        20091210,            1.12
228,        20091211,            0.94
229,        20091214,            0.98
230,        20091215,            1.03
231,        20091216,            1.02
232,        20091217,            0.95
233,        20091218,            1.00
234,        20091221,            0.98
235,        20091222,            0.98
236,        20091223,            1.11
237,        20091224,            1.07
238,        20091228,            1.01
239,        20091229,            0.97
240,        20091230,            1.00
241,        20091231,            1.00
242,        20100104,            1.03
243,        20100105,            0.98
244,        20100106,            0.99
245,        20100107,            1.06
246,        20100108,            1.06
247,        20100111,            0.96
248,        20100112,            1.01
249,        20100113,            1.00
250,        20100114,            1.01
251,        20100115,            0.99
252,        20100119,            1.03
253,        20100120,            1.00
254,        20100121,            1.05
255,        20100122,            0.96
256,        20100125,            0.97
257,        20100126,            0.99
258,        20100127,            1.07
259,        20100128,            1.01
260,        20100129,            0.96
261,        20100201,            0.99
262,        20100202,            1.01
263,        20100203,            0.98
264,        20100204,            0.91
265,        20100205,            1.01
266,        20100208,            1.02
267,        20100209,            1.05
268,        20100210,            0.99
269,        20100211,            1.03
270,        20100212,            0.95
271,        20100216,            1.01
272,        20100217,            1.01
273,        20100218,            0.99
274,        20100219,            1.00
275,        20100222,            1.00
276,        20100223,            0.99
277,        20100224,            1.02
278,        20100225,            1.00
279,        20100226,            0.97
280,        20100301,            1.03
281,        20100302,            1.00
282,        20100303,            1.00
283,        20100304,            1.06
284,        20100305,            1.09
285,        20100308,            0.99
286,        20100309,            1.00
287,        20100310,            1.04
288,        20100311,            1.02
289,        20100312,            1.00
290,        20100315,            0.99
291,        20100316,            1.04
292,        20100317,            1.08
293,        20100318,            0.98
294,        20100319,            1.05
295,        20100322,            0.94
296,        20100323,            1.06
297,        20100324,            1.00
298,        20100325,            0.98
299,        20100326,            0.98
300,        20100329,            1.01
301,        20100330,            0.98
302,        20100331,            1.04
303,        20100401,            1.03
304,        20100405,            1.08
305,        20100406,            1.12
306,        20100407,            1.08
307,        20100408,            1.11
308,        20100409,            0.99
309,        20100412,            0.98
310,        20100413,            0.98
311,        20100414,            1.09
312,        20100415,            1.10
313,        20100416,            1.01
314,        20100419,            1.01
315,        20100420,            1.00
316,        20100421,            1.05
317,        20100422,            1.13
318,        20100423,            1.01
319,        20100426,            0.79
320,        20100427,            0.94
321,        20100428,            0.99
322,        20100429,            0.98
323,        20100430,            0.99
324,        20100503,            0.99
325,        20100504,            0.97
326,        20100505,            0.99
327,        20100506,            0.97
328,        20100507,            0.95
329,        20100510,            1.05
330,        20100511,            1.04
331,        20100512,            1.11
332,        20100513,            0.95
333,        20100514,            0.93
334,        20100517,            0.99
335,        20100518,            0.98
336,        20100519,            0.99
337,        20100520,            0.97
338,        20100521,            0.99
339,        20100524,            0.94
340,        20100525,            0.97
341,        20100526,            0.98
342,        20100527,            1.03
343,        20100528,            0.95
344,        20100601,            0.96
345,        20100602,            1.00
346,        20100603,            1.04
347,        20100604,            0.93
348,        20100607,            0.95
349,        20100608,            0.99
350,        20100609,            0.98
351,        20100610,            1.03
352,        20100611,            0.94
353,        20100614,            1.00
354,        20100615,            1.07
355,        20100616,            0.94
356,        20100617,            0.97
357,        20100618,            0.76
358,        20100621,            1.00
359,        20100622,            0.89
360,        20100623,            0.94
361,        20100624,            0.91
362,        20100625,            0.97
363,        20100628,            1.01
364,        20100629,            0.99
365,        20100630,            0.99
366,        20100701,            1.03
367,        20100702,            0.98
368,        20100706,            1.02
369,        20100707,            1.00
370,        20100708,            1.05
371,        20100709,            1.03
372,        20100712,            1.00
373,        20100713,            1.02
374,        20100714,            0.95
375,        20100715,            0.97
376,        20100716,            0.97
377,        20100719,            0.98
378,        20100720,            1.02
379,        20100721,            1.00
380,        20100722,            1.08
381,        20100723,            1.00
382,        20100726,            1.10
383,        20100727,            1.00
384,        20100728,            1.02
385,        20100729,            0.97
386,        20100730,            1.00
387,        20100802,            1.03
388,        20100803,            0.98
389,        20100804,            1.02
390,        20100805,            0.99
391,        20100806,            1.00
392,        20100809,            0.98
393,        20100810,            0.96
394,        20100811,            0.92
395,        20100812,            1.02
396,        20100813,            1.00
397,        20100816,            1.00
398,        20100817,            1.05
399,        20100818,            1.01
400,        20100819,            0.95
401,        20100820,            0.99
402,        20100823,            1.00
403,        20100824,            0.99
404,        20100825,            0.99
405,        20100826,            1.00
406,        20100827,            1.01
407,        20100830,            0.98
408,        20100831,            1.01
409,        20100901,            1.02
410,        20100902,            1.04
411,        20100903,            1.03
412,        20100907,            0.98
413,        20100908,            1.05
414,        20100909,            1.00
415,        20100910,            0.99
416,        20100913,            1.00
417,        20100914,            1.00
418,        20100915,            0.99
419,        20100916,            0.97
420,        20100917,            0.99
421,        20100920,            0.98
422,        20100921,            1.03
423,        20100922,            0.97
424,        20100923,            0.97
425,        20100924,            1.04
426,        20100927,            1.00
427,        20100928,            1.02
428,        20100929,            1.01
429,        20100930,            0.97
430,        20101001,            0.99
431,        20101004,            0.99
432,        20101005,            0.99
433,        20101006,            0.96
434,        20101007,            0.94
435,        20101008,            0.98
436,        20101011,            0.97
437,        20101012,            1.02
438,        20101013,            1.00
439,        20101014,            0.96
440,        20101015,            1.00
441,        20101018,            1.01
442,        20101019,            1.01
443,        20101020,            1.01
444,        20101021,            0.99
445,        20101022,            0.94
446,        20101025,            1.01
447,        20101026,            0.99
448,        20101027,            0.99
449,        20101028,            0.97
450,        20101029,            1.00
451,        20101101,            1.01
452,        20101102,            1.04
453,        20101103,            0.97
454,        20101104,            1.01
455,        20101105,            1.10
456,        20101108,            1.01
457,        20101109,            0.99
458,        20101110,            0.99
459,        20101111,            0.97
460,        20101112,            0.99
461,        20101115,            1.00
462,        20101116,            1.00
463,        20101117,            0.97
464,        20101118,            0.99
465,        20101119,            0.99
466,        20101122,            1.01
467,        20101123,            1.00
468,        20101124,            0.98
469,        20101126,            0.99
470,        20101129,            1.01
471,        20101130,            0.97
472,        20101201,            1.02
473,        20101202,            1.04
474,        20101203,            1.01
475,        20101206,            0.99
476,        20101207,            0.98
477,        20101208,            1.01
478,        20101209,            1.02
479,        20101210,            1.02
480,        20101213,            0.97
481,        20101214,            0.99
482,        20101215,            0.96
483,        20101216,            1.01
484,        20101217,            1.04
485,        20101220,            1.03
486,        20101221,            1.03
487,        20101222,            1.14
488,        20101223,            1.05
489,        20101227,            1.04
490,        20101228,            1.01
491,        20101229,            1.02
492,        20101230,            1.01
493,        20101231,            1.00
494,        20110103,            0.97
495,        20110104,            0.99
496,        20110105,            1.00
497,        20110106,            1.00
498,        20110107,            0.98
