0,        20090116,            0.97
1,        20090120,            0.85
2,        20090121,            1.05
3,        20090122,            0.97
4,        20090123,            1.00
5,        20090126,            1.03
6,        20090127,            1.06
7,        20090128,            1.08
8,        20090129,            0.93
9,        20090130,            1.00
10,        20090202,            0.99
11,        20090203,            1.04
12,        20090204,            0.99
13,        20090205,            1.01
14,        20090206,            1.02
15,        20090209,            1.00
16,        20090210,            0.94
17,        20090211,            1.00
18,        20090212,            1.00
19,        20090213,            0.96
20,        20090217,            0.87
21,        20090218,            1.02
22,        20090219,            0.99
23,        20090220,            0.96
24,        20090223,            0.94
25,        20090224,            1.06
26,        20090225,            0.99
27,        20090226,            1.03
28,        20090227,            0.96
29,        20090302,            0.89
30,        20090303,            1.00
31,        20090304,            1.02
32,        20090305,            0.91
33,        20090306,            0.99
34,        20090309,            0.97
35,        20090310,            1.14
36,        20090311,            1.03
37,        20090312,            1.06
38,        20090313,            1.02
39,        20090316,            1.00
40,        20090317,            1.06
41,        20090318,            1.05
42,        20090319,            0.99
43,        20090320,            0.98
44,        20090323,            1.13
45,        20090324,            0.96
46,        20090325,            1.04
47,        20090326,            1.00
48,        20090327,            0.93
49,        20090330,            0.92
50,        20090331,            1.06
51,        20090401,            1.04
52,        20090402,            1.10
53,        20090403,            1.04
54,        20090406,            0.97
55,        20090407,            0.95
56,        20090408,            1.03
57,        20090409,            1.12
58,        20090413,            1.03
59,        20090414,            0.99
60,        20090415,            1.02
61,        20090416,            1.01
62,        20090417,            0.99
63,        20090420,            0.94
64,        20090421,            1.01
65,        20090422,            1.00
66,        20090423,            1.03
67,        20090424,            1.02
68,        20090427,            0.95
69,        20090428,            1.00
70,        20090429,            1.05
71,        20090430,            1.01
72,        20090501,            1.01
73,        20090504,            1.04
74,        20090505,            0.99
75,        20090506,            1.03
76,        20090507,            0.98
77,        20090508,            1.08
78,        20090511,            0.95
79,        20090512,            1.01
80,        20090513,            0.94
81,        20090514,            1.01
82,        20090515,            0.98
83,        20090518,            1.06
84,        20090519,            1.01
85,        20090520,            1.00
86,        20090521,            1.01
87,        20090522,            1.01
88,        20090526,            1.03
89,        20090527,            0.98
90,        20090528,            1.01
91,        20090529,            1.01
92,        20090601,            1.01
93,        20090602,            1.03
94,        20090603,            0.94
95,        20090604,            1.01
96,        20090605,            0.99
97,        20090608,            0.99
98,        20090609,            1.01
99,        20090610,            1.01
100,        20090611,            1.02
101,        20090612,            1.01
102,        20090615,            0.96
103,        20090616,            0.97
104,        20090617,            0.99
105,        20090618,            1.01
106,        20090619,            1.03
107,        20090622,            0.96
108,        20090623,            1.01
109,        20090624,            1.03
110,        20090625,            1.03
111,        20090626,            1.00
112,        20090629,            1.03
113,        20090630,            0.99
114,        20090701,            1.02
115,        20090702,            0.96
116,        20090706,            1.01
117,        20090707,            0.99
118,        20090708,            0.99
119,        20090709,            1.02
120,        20090710,            0.97
121,        20090713,            1.04
122,        20090714,            1.01
123,        20090715,            1.07
124,        20090716,            1.02
125,        20090717,            0.99
126,        20090720,            1.02
127,        20090721,            0.98
128,        20090722,            1.01
129,        20090723,            1.03
130,        20090724,            1.01
131,        20090727,            1.02
132,        20090728,            1.04
133,        20090729,            1.00
134,        20090730,            1.03
135,        20090731,            1.04
136,        20090803,            1.02
137,        20090804,            0.99
138,        20090805,            0.99
139,        20090806,            0.99
140,        20090807,            1.01
141,        20090810,            0.99
142,        20090811,            0.99
143,        20090812,            1.02
144,        20090813,            1.02
145,        20090814,            0.99
146,        20090817,            0.95
147,        20090818,            1.02
148,        20090819,            1.01
149,        20090820,            1.02
150,        20090821,            1.03
151,        20090824,            1.02
152,        20090825,            1.03
153,        20090826,            0.99
154,        20090827,            1.01
155,        20090828,            0.99
156,        20090831,            0.99
157,        20090901,            0.96
158,        20090902,            0.98
159,        20090903,            1.02
160,        20090904,            1.02
161,        20090908,            1.02
162,        20090909,            1.01
163,        20090910,            0.99
164,        20090911,            0.99
165,        20090914,            1.01
166,        20090915,            1.00
167,        20090916,            1.00
168,        20090917,            0.99
169,        20090918,            1.00
170,        20090921,            0.98
171,        20090922,            1.02
172,        20090923,            0.99
173,        20090924,            0.99
174,        20090925,            0.99
175,        20090928,            1.03
176,        20090929,            0.99
177,        20090930,            1.00
178,        20091001,            0.95
179,        20091002,            0.99
180,        20091005,            1.03
181,        20091006,            1.02
182,        20091007,            0.99
183,        20091008,            1.03
184,        20091009,            1.00
185,        20091012,            1.01
186,        20091013,            1.00
187,        20091014,            1.03
188,        20091015,            1.00
189,        20091016,            0.98
190,        20091019,            1.02
191,        20091020,            0.99
192,        20091021,            1.00
193,        20091022,            1.03
194,        20091023,            0.99
195,        20091026,            0.98
196,        20091027,            0.99
197,        20091028,            0.97
198,        20091029,            1.06
199,        20091030,            0.95
200,        20091102,            1.01
201,        20091103,            0.98
202,        20091104,            1.00
203,        20091105,            1.03
204,        20091106,            1.00
205,        20091109,            1.03
206,        20091110,            1.01
207,        20091111,            1.02
208,        20091112,            0.98
209,        20091113,            1.02
210,        20091116,            1.02
211,        20091117,            1.01
212,        20091118,            1.00
213,        20091119,            0.98
214,        20091120,            0.98
215,        20091123,            1.02
216,        20091124,            1.00
217,        20091125,            1.01
218,        20091127,            0.96
219,        20091130,            1.01
220,        20091201,            1.02
221,        20091202,            0.99
222,        20091203,            1.00
223,        20091204,            1.01
224,        20091207,            0.99
225,        20091208,            0.97
226,        20091209,            0.97
227,        20091210,            1.00
228,        20091211,            0.99
229,        20091214,            1.02
230,        20091215,            0.98
231,        20091216,            1.02
232,        20091217,            0.97
233,        20091218,            1.01
234,        20091221,            1.01
235,        20091222,            1.00
236,        20091223,            1.02
237,        20091224,            1.01
238,        20091228,            1.01
239,        20091229,            1.00
240,        20091230,            0.98
241,        20091231,            0.99
242,        20100104,            1.03
243,        20100105,            1.01
244,        20100106,            1.00
245,        20100107,            0.99
246,        20100108,            1.01
247,        20100111,            1.00
248,        20100112,            0.99
249,        20100113,            1.00
250,        20100114,            1.00
251,        20100115,            0.98
252,        20100119,            1.01
253,        20100120,            0.96
254,        20100121,            0.95
255,        20100122,            0.99
256,        20100125,            1.01
257,        20100126,            0.99
258,        20100127,            0.95
259,        20100128,            0.96
260,        20100129,            0.99
261,        20100201,            1.02
262,        20100202,            1.02
263,        20100203,            0.95
264,        20100204,            0.91
265,        20100205,            0.98
266,        20100208,            0.98
267,        20100209,            1.05
268,        20100210,            1.01
269,        20100211,            0.99
270,        20100212,            0.99
271,        20100216,            1.02
272,        20100217,            0.99
273,        20100218,            1.01
274,        20100219,            0.99
275,        20100222,            1.00
276,        20100223,            0.95
277,        20100224,            0.99
278,        20100225,            1.00
279,        20100226,            1.00
280,        20100301,            1.00
281,        20100302,            1.02
282,        20100303,            1.02
283,        20100304,            1.01
284,        20100305,            1.04
285,        20100308,            1.02
286,        20100309,            0.99
287,        20100310,            1.01
288,        20100311,            1.01
289,        20100312,            0.99
290,        20100315,            1.00
291,        20100316,            1.01
292,        20100317,            1.00
293,        20100318,            0.98
294,        20100319,            0.97
295,        20100322,            1.00
296,        20100323,            1.01
297,        20100324,            0.97
298,        20100325,            1.01
299,        20100326,            1.01
300,        20100329,            1.00
301,        20100330,            0.98
302,        20100331,            1.00
303,        20100401,            1.03
304,        20100405,            1.00
305,        20100406,            0.99
306,        20100407,            1.01
307,        20100408,            1.00
308,        20100409,            1.04
309,        20100412,            1.01
310,        20100413,            1.01
311,        20100414,            1.01
312,        20100415,            0.99
313,        20100416,            0.98
314,        20100419,            1.00
315,        20100420,            1.01
316,        20100421,            0.97
317,        20100422,            0.98
318,        20100423,            1.00
319,        20100426,            1.00
320,        20100427,            0.92
321,        20100428,            0.99
322,        20100429,            1.02
323,        20100430,            1.00
324,        20100503,            0.99
325,        20100504,            0.91
326,        20100505,            0.95
327,        20100506,            0.91
328,        20100507,            1.01
329,        20100510,            1.20
330,        20100511,            0.97
331,        20100512,            1.02
332,        20100513,            0.97
333,        20100514,            0.92
334,        20100517,            1.00
335,        20100518,            1.00
336,        20100519,            1.01
337,        20100520,            0.96
338,        20100521,            1.05
339,        20100524,            0.95
340,        20100525,            0.99
341,        20100526,            0.95
342,        20100527,            1.08
343,        20100528,            0.98
344,        20100601,            0.96
345,        20100602,            1.03
346,        20100603,            0.97
347,        20100604,            0.90
348,        20100607,            0.98
349,        20100608,            1.01
350,        20100609,            1.00
351,        20100610,            1.10
352,        20100611,            1.04
353,        20100614,            1.00
354,        20100615,            1.06
355,        20100616,            0.98
356,        20100617,            1.02
357,        20100618,            1.05
358,        20100621,            0.99
359,        20100622,            0.99
360,        20100623,            1.00
361,        20100624,            0.96
362,        20100625,            1.02
363,        20100628,            0.99
364,        20100629,            0.93
365,        20100630,            1.02
366,        20100701,            1.05
367,        20100702,            0.98
368,        20100706,            1.02
369,        20100707,            1.09
370,        20100708,            1.02
371,        20100709,            1.01
372,        20100712,            0.98
373,        20100713,            1.03
374,        20100714,            1.00
375,        20100715,            1.01
376,        20100716,            0.96
377,        20100719,            1.01
378,        20100720,            1.02
379,        20100721,            0.96
380,        20100722,            1.06
381,        20100723,            1.02
382,        20100726,            1.03
383,        20100727,            1.06
384,        20100728,            0.98
385,        20100729,            1.01
386,        20100730,            0.98
387,        20100802,            1.05
388,        20100803,            1.01
389,        20100804,            1.00
390,        20100805,            1.00
391,        20100806,            0.99
392,        20100809,            1.00
393,        20100810,            1.00
394,        20100811,            0.92
395,        20100812,            0.99
396,        20100813,            0.98
397,        20100816,            1.00
398,        20100817,            1.02
399,        20100818,            1.01
400,        20100819,            0.98
401,        20100820,            0.98
402,        20100823,            1.01
403,        20100824,            0.98
404,        20100825,            0.99
405,        20100826,            0.99
406,        20100827,            1.03
407,        20100830,            0.98
408,        20100831,            1.01
409,        20100901,            1.05
410,        20100902,            1.01
411,        20100903,            1.01
412,        20100907,            0.95
413,        20100908,            1.01
414,        20100909,            1.01
415,        20100910,            1.01
416,        20100913,            1.03
417,        20100914,            1.01
418,        20100915,            1.00
419,        20100916,            1.00
420,        20100917,            0.98
421,        20100920,            1.02
422,        20100921,            1.01
423,        20100922,            1.00
424,        20100923,            0.98
425,        20100924,            1.05
426,        20100927,            0.98
427,        20100928,            1.00
428,        20100929,            0.98
429,        20100930,            1.01
430,        20101001,            1.00
431,        20101004,            0.98
432,        20101005,            1.06
433,        20101006,            0.98
434,        20101007,            1.00
435,        20101008,            1.00
436,        20101011,            0.99
437,        20101012,            1.00
438,        20101013,            1.02
439,        20101014,            0.99
440,        20101015,            1.00
441,        20101018,            1.02
442,        20101019,            0.98
443,        20101020,            1.03
444,        20101021,            0.97
445,        20101022,            1.01
446,        20101025,            0.98
447,        20101026,            0.99
448,        20101027,            0.98
449,        20101028,            1.00
450,        20101029,            1.01
451,        20101101,            0.95
452,        20101102,            1.02
453,        20101103,            0.98
454,        20101104,            1.01
455,        20101105,            0.96
456,        20101108,            0.97
457,        20101109,            1.00
458,        20101110,            0.98
459,        20101111,            0.98
460,        20101112,            1.02
461,        20101115,            1.00
462,        20101116,            0.97
463,        20101117,            1.00
464,        20101118,            1.03
465,        20101119,            1.00
466,        20101122,            0.96
467,        20101123,            0.94
468,        20101124,            1.01
469,        20101126,            0.97
470,        20101129,            0.93
471,        20101130,            0.96
472,        20101201,            1.10
473,        20101202,            1.04
474,        20101203,            1.02
475,        20101206,            0.96
476,        20101207,            0.99
477,        20101208,            1.04
478,        20101209,            1.01
479,        20101210,            0.99
480,        20101213,            1.01
481,        20101214,            0.99
482,        20101215,            0.97
483,        20101216,            1.00
484,        20101217,            0.98
485,        20101220,            1.01
486,        20101221,            1.03
487,        20101222,            1.00
488,        20101223,            0.98
489,        20101227,            0.98
490,        20101228,            1.00
491,        20101229,            1.01
492,        20101230,            1.00
493,        20101231,            1.02
494,        20110103,            1.00
495,        20110104,            1.00
496,        20110105,            0.97
497,        20110106,            0.96
498,        20110107,            0.98
