0,        20090116,            1.08
1,        20090120,            0.93
2,        20090121,            1.00
3,        20090122,            1.00
4,        20090123,            1.02
5,        20090126,            1.02
6,        20090127,            1.00
7,        20090128,            1.07
8,        20090129,            0.96
9,        20090130,            0.96
10,        20090202,            0.97
11,        20090203,            1.05
12,        20090204,            0.98
13,        20090205,            1.05
14,        20090206,            1.02
15,        20090209,            1.01
16,        20090210,            0.95
17,        20090211,            1.02
18,        20090212,            1.04
19,        20090213,            1.00
20,        20090217,            0.93
21,        20090218,            0.98
22,        20090219,            1.01
23,        20090220,            1.00
24,        20090223,            0.99
25,        20090224,            1.01
26,        20090225,            1.01
27,        20090226,            1.02
28,        20090227,            1.00
29,        20090302,            0.93
30,        20090303,            1.00
31,        20090304,            1.03
32,        20090305,            0.94
33,        20090306,            0.95
34,        20090309,            1.00
35,        20090310,            1.14
36,        20090311,            1.01
37,        20090312,            1.04
38,        20090313,            1.01
39,        20090316,            0.98
40,        20090317,            1.09
41,        20090318,            1.03
42,        20090319,            1.03
43,        20090320,            0.96
44,        20090323,            1.06
45,        20090324,            0.97
46,        20090325,            1.01
47,        20090326,            1.13
48,        20090327,            1.01
49,        20090330,            0.97
50,        20090331,            1.03
51,        20090401,            1.03
52,        20090402,            1.02
53,        20090403,            1.01
54,        20090406,            0.97
55,        20090407,            0.98
56,        20090408,            1.03
57,        20090409,            1.04
58,        20090413,            1.00
59,        20090414,            0.93
60,        20090415,            0.99
61,        20090416,            1.02
62,        20090417,            1.03
63,        20090420,            0.98
64,        20090421,            1.04
65,        20090422,            0.99
66,        20090423,            0.99
67,        20090424,            0.99
68,        20090427,            0.97
69,        20090428,            0.99
70,        20090429,            0.99
71,        20090430,            1.02
72,        20090501,            0.97
73,        20090504,            1.09
74,        20090505,            1.01
75,        20090506,            0.97
76,        20090507,            0.99
77,        20090508,            0.97
78,        20090511,            1.01
79,        20090512,            0.97
80,        20090513,            0.95
81,        20090514,            1.03
82,        20090515,            0.98
83,        20090518,            1.03
84,        20090519,            1.02
85,        20090520,            0.97
86,        20090521,            0.97
87,        20090522,            1.00
88,        20090526,            1.05
89,        20090527,            0.95
90,        20090528,            0.99
91,        20090529,            1.00
92,        20090601,            1.07
93,        20090602,            1.01
94,        20090603,            1.00
95,        20090604,            0.97
96,        20090605,            1.01
97,        20090608,            1.03
98,        20090609,            1.02
99,        20090610,            0.97
100,        20090611,            0.97
101,        20090612,            1.04
102,        20090615,            1.00
103,        20090616,            0.93
104,        20090617,            1.00
105,        20090618,            0.95
106,        20090619,            1.01
107,        20090622,            0.97
108,        20090623,            0.99
109,        20090624,            1.00
110,        20090625,            1.03
111,        20090626,            0.99
112,        20090629,            1.01
113,        20090630,            0.98
114,        20090701,            1.02
115,        20090702,            0.94
116,        20090706,            1.00
117,        20090707,            0.98
118,        20090708,            1.03
119,        20090709,            1.02
120,        20090710,            1.00
121,        20090713,            1.04
122,        20090714,            1.01
123,        20090715,            1.03
124,        20090716,            1.01
125,        20090717,            1.02
126,        20090720,            1.02
127,        20090721,            0.99
128,        20090722,            0.99
129,        20090723,            1.03
130,        20090724,            0.98
131,        20090727,            0.99
132,        20090728,            1.04
133,        20090729,            0.99
134,        20090730,            0.99
135,        20090731,            1.02
136,        20090803,            1.03
137,        20090804,            1.00
138,        20090805,            0.98
139,        20090806,            1.00
140,        20090807,            1.06
141,        20090810,            0.95
142,        20090811,            0.98
143,        20090812,            0.99
144,        20090813,            1.01
145,        20090814,            0.98
146,        20090817,            0.95
147,        20090818,            1.04
148,        20090819,            1.01
149,        20090820,            1.01
150,        20090821,            1.02
151,        20090824,            0.96
152,        20090825,            1.03
153,        20090826,            1.01
154,        20090827,            1.00
155,        20090828,            1.00
156,        20090831,            0.97
157,        20090901,            0.99
158,        20090902,            1.04
159,        20090903,            1.06
160,        20090904,            0.99
161,        20090908,            1.04
162,        20090909,            1.00
163,        20090910,            1.00
164,        20090911,            0.97
165,        20090914,            1.02
166,        20090915,            0.95
167,        20090916,            1.01
168,        20090917,            0.97
169,        20090918,            1.01
170,        20090921,            1.01
171,        20090922,            1.00
172,        20090923,            1.00
173,        20090924,            0.99
174,        20090925,            0.98
175,        20090928,            1.01
176,        20090929,            1.00
177,        20090930,            0.99
178,        20091001,            0.99
179,        20091002,            0.98
180,        20091005,            1.02
181,        20091006,            1.02
182,        20091007,            1.01
183,        20091008,            1.01
184,        20091009,            1.00
185,        20091012,            1.02
186,        20091013,            1.00
187,        20091014,            1.03
188,        20091015,            1.01
189,        20091016,            1.00
190,        20091019,            1.00
191,        20091020,            0.97
192,        20091021,            0.98
193,        20091022,            1.02
194,        20091023,            0.99
195,        20091026,            1.01
196,        20091027,            1.01
197,        20091028,            0.97
198,        20091029,            1.02
199,        20091030,            0.97
200,        20091102,            1.02
201,        20091103,            1.01
202,        20091104,            0.99
203,        20091105,            1.03
204,        20091106,            1.00
205,        20091109,            1.04
206,        20091110,            1.01
207,        20091111,            1.00
208,        20091112,            0.99
209,        20091113,            1.00
210,        20091116,            1.03
211,        20091117,            0.98
212,        20091118,            1.01
213,        20091119,            1.01
214,        20091120,            1.01
215,        20091123,            1.01
216,        20091124,            0.98
217,        20091125,            1.01
218,        20091127,            0.99
219,        20091130,            1.00
220,        20091201,            1.02
221,        20091202,            0.99
222,        20091203,            1.01
223,        20091204,            1.01
224,        20091207,            1.00
225,        20091208,            0.99
226,        20091209,            0.99
227,        20091210,            1.00
228,        20091211,            1.03
229,        20091214,            1.02
230,        20091215,            0.92
231,        20091216,            0.99
232,        20091217,            0.99
233,        20091218,            0.96
234,        20091221,            1.01
235,        20091222,            1.01
236,        20091223,            1.01
237,        20091224,            1.00
238,        20091228,            1.00
239,        20091229,            0.99
240,        20091230,            1.00
241,        20091231,            0.98
242,        20100104,            1.02
243,        20100105,            1.03
244,        20100106,            0.99
245,        20100107,            1.02
246,        20100108,            0.96
247,        20100111,            0.98
248,        20100112,            1.00
249,        20100113,            1.01
250,        20100114,            0.99
251,        20100115,            0.99
252,        20100119,            1.00
253,        20100120,            0.99
254,        20100121,            0.98
255,        20100122,            0.97
256,        20100125,            1.01
257,        20100126,            0.99
258,        20100127,            1.00
259,        20100128,            0.98
260,        20100129,            1.01
261,        20100201,            1.00
262,        20100202,            1.01
263,        20100203,            0.99
264,        20100204,            0.96
265,        20100205,            1.01
266,        20100208,            0.99
267,        20100209,            1.01
268,        20100210,            0.98
269,        20100211,            1.01
270,        20100212,            1.00
271,        20100216,            1.02
272,        20100217,            1.00
273,        20100218,            1.00
274,        20100219,            1.01
275,        20100222,            1.01
276,        20100223,            1.00
277,        20100224,            1.01
278,        20100225,            1.00
279,        20100226,            0.99
280,        20100301,            1.01
281,        20100302,            0.99
282,        20100303,            1.00
283,        20100304,            1.02
284,        20100305,            1.04
285,        20100308,            1.02
286,        20100309,            0.99
287,        20100310,            1.00
288,        20100311,            1.01
289,        20100312,            1.02
290,        20100315,            0.99
291,        20100316,            1.00
292,        20100317,            1.01
293,        20100318,            1.01
294,        20100319,            1.01
295,        20100322,            1.01
296,        20100323,            1.01
297,        20100324,            0.99
298,        20100325,            1.04
299,        20100326,            1.01
300,        20100329,            1.00
301,        20100330,            0.99
302,        20100331,            1.00
303,        20100401,            1.00
304,        20100405,            1.02
305,        20100406,            1.02
306,        20100407,            1.00
307,        20100408,            1.01
308,        20100409,            1.01
309,        20100412,            1.01
310,        20100413,            0.99
311,        20100414,            1.02
312,        20100415,            1.01
313,        20100416,            0.99
314,        20100419,            0.99
315,        20100420,            1.01
316,        20100421,            1.02
317,        20100422,            1.02
318,        20100423,            1.03
319,        20100426,            0.99
320,        20100427,            0.96
321,        20100428,            1.00
322,        20100429,            1.03
323,        20100430,            0.95
324,        20100503,            1.01
325,        20100504,            0.97
326,        20100505,            0.96
327,        20100506,            0.97
328,        20100507,            0.99
329,        20100510,            1.06
330,        20100511,            1.02
331,        20100512,            1.02
332,        20100513,            0.97
333,        20100514,            0.98
334,        20100517,            1.00
335,        20100518,            0.98
336,        20100519,            0.99
337,        20100520,            0.97
338,        20100521,            1.03
339,        20100524,            0.98
340,        20100525,            1.00
341,        20100526,            0.99
342,        20100527,            1.04
343,        20100528,            1.00
344,        20100601,            0.96
345,        20100602,            0.99
346,        20100603,            1.00
347,        20100604,            0.97
348,        20100607,            0.98
349,        20100608,            1.02
350,        20100609,            1.01
351,        20100610,            1.03
352,        20100611,            1.02
353,        20100614,            1.00
354,        20100615,            0.94
355,        20100616,            0.99
356,        20100617,            0.99
357,        20100618,            1.00
358,        20100621,            0.98
359,        20100622,            0.99
360,        20100623,            1.00
361,        20100624,            0.98
362,        20100625,            0.98
363,        20100628,            1.01
364,        20100629,            0.97
365,        20100630,            0.99
366,        20100701,            1.01
367,        20100702,            0.99
368,        20100706,            0.98
369,        20100707,            1.04
370,        20100708,            1.00
371,        20100709,            1.00
372,        20100712,            0.99
373,        20100713,            1.04
374,        20100714,            0.99
375,        20100715,            1.01
376,        20100716,            0.97
377,        20100719,            1.00
378,        20100720,            1.01
379,        20100721,            0.98
380,        20100722,            1.03
381,        20100723,            1.02
382,        20100726,            1.03
383,        20100727,            0.96
384,        20100728,            0.99
385,        20100729,            0.98
386,        20100730,            1.00
387,        20100802,            1.03
388,        20100803,            0.97
389,        20100804,            1.01
390,        20100805,            1.00
391,        20100806,            0.99
392,        20100809,            1.02
393,        20100810,            0.97
394,        20100811,            0.96
395,        20100812,            1.00
396,        20100813,            0.99
397,        20100816,            1.00
398,        20100817,            1.00
399,        20100818,            1.01
400,        20100819,            0.98
401,        20100820,            1.00
402,        20100823,            0.99
403,        20100824,            0.98
404,        20100825,            1.03
405,        20100826,            0.98
406,        20100827,            1.00
407,        20100830,            0.99
408,        20100831,            1.00
409,        20100901,            1.04
410,        20100902,            1.02
411,        20100903,            1.03
412,        20100907,            0.98
413,        20100908,            1.00
414,        20100909,            1.00
415,        20100910,            1.01
416,        20100913,            1.02
417,        20100914,            1.06
418,        20100915,            1.00
419,        20100916,            1.00
420,        20100917,            1.01
421,        20100920,            1.03
422,        20100921,            0.99
423,        20100922,            1.01
424,        20100923,            1.01
425,        20100924,            1.03
426,        20100927,            1.00
427,        20100928,            1.02
428,        20100929,            1.00
429,        20100930,            1.01
430,        20101001,            1.00
431,        20101004,            0.99
432,        20101005,            1.02
433,        20101006,            1.00
434,        20101007,            1.01
435,        20101008,            1.00
436,        20101011,            0.99
437,        20101012,            1.00
438,        20101013,            1.01
439,        20101014,            1.00
440,        20101015,            1.03
441,        20101018,            1.01
442,        20101019,            0.99
443,        20101020,            1.01
444,        20101021,            1.00
445,        20101022,            1.01
446,        20101025,            1.01
447,        20101026,            1.00
448,        20101027,            1.00
449,        20101028,            1.00
450,        20101029,            1.00
451,        20101101,            0.98
452,        20101102,            1.01
453,        20101103,            1.00
454,        20101104,            1.02
455,        20101105,            1.02
456,        20101108,            1.00
457,        20101109,            0.98
458,        20101110,            1.01
459,        20101111,            1.00
460,        20101112,            0.98
461,        20101115,            0.99
462,        20101116,            0.99
463,        20101117,            1.00
464,        20101118,            1.00
465,        20101119,            1.01
466,        20101122,            1.03
467,        20101123,            0.98
468,        20101124,            1.01
469,        20101126,            1.00
470,        20101129,            0.97
471,        20101130,            0.98
472,        20101201,            0.99
473,        20101202,            1.03
474,        20101203,            0.98
475,        20101206,            0.99
476,        20101207,            0.98
477,        20101208,            1.00
478,        20101209,            1.01
479,        20101210,            1.00
480,        20101213,            1.00
481,        20101214,            0.85
482,        20101215,            0.97
483,        20101216,            1.00
484,        20101217,            0.99
485,        20101220,            0.99
486,        20101221,            0.98
487,        20101222,            1.00
488,        20101223,            1.02
489,        20101227,            1.00
490,        20101228,            1.00
491,        20101229,            1.01
492,        20101230,            1.00
493,        20101231,            1.00
494,        20110103,            1.01
495,        20110104,            1.02
496,        20110105,            1.02
497,        20110106,            0.99
498,        20110107,            1.00
