0,        20090116,            1.00
1,        20090120,            0.99
2,        20090121,            1.03
3,        20090122,            0.99
4,        20090123,            1.00
5,        20090126,            0.99
6,        20090127,            1.04
7,        20090128,            0.97
8,        20090129,            0.98
9,        20090130,            0.98
10,        20090202,            1.03
11,        20090203,            1.04
12,        20090204,            0.99
13,        20090205,            1.00
14,        20090206,            1.01
15,        20090209,            1.00
16,        20090210,            0.96
17,        20090211,            1.02
18,        20090212,            1.00
19,        20090213,            0.97
20,        20090217,            0.98
21,        20090218,            0.98
22,        20090219,            0.98
23,        20090220,            0.99
24,        20090223,            0.98
25,        20090224,            1.02
26,        20090225,            1.01
27,        20090226,            0.95
28,        20090227,            0.95
29,        20090302,            0.96
30,        20090303,            0.99
31,        20090304,            1.06
32,        20090305,            0.96
33,        20090306,            1.04
34,        20090309,            1.04
35,        20090310,            1.06
36,        20090311,            0.96
37,        20090312,            1.07
38,        20090313,            1.01
39,        20090316,            0.98
40,        20090317,            1.03
41,        20090318,            1.01
42,        20090319,            0.98
43,        20090320,            0.98
44,        20090323,            1.04
45,        20090324,            0.98
46,        20090325,            1.01
47,        20090326,            1.00
48,        20090327,            0.98
49,        20090330,            1.02
50,        20090331,            1.04
51,        20090401,            1.00
52,        20090402,            0.97
53,        20090403,            0.95
54,        20090406,            1.02
55,        20090407,            0.99
56,        20090408,            1.01
57,        20090409,            0.99
58,        20090413,            1.00
59,        20090414,            0.99
60,        20090415,            1.02
61,        20090416,            1.00
62,        20090417,            1.02
63,        20090420,            0.97
64,        20090421,            0.99
65,        20090422,            0.99
66,        20090423,            1.02
67,        20090424,            1.00
68,        20090427,            1.02
69,        20090428,            0.96
70,        20090429,            0.97
71,        20090430,            1.00
72,        20090501,            1.00
73,        20090504,            1.01
74,        20090505,            1.01
75,        20090506,            1.01
76,        20090507,            1.01
77,        20090508,            1.02
78,        20090511,            0.99
79,        20090512,            1.01
80,        20090513,            0.99
81,        20090514,            1.01
82,        20090515,            0.98
83,        20090518,            1.02
84,        20090519,            1.00
85,        20090520,            1.01
86,        20090521,            0.99
87,        20090522,            0.98
88,        20090526,            0.99
89,        20090527,            0.98
90,        20090528,            1.00
91,        20090529,            1.02
92,        20090601,            1.01
93,        20090602,            1.01
94,        20090603,            0.98
95,        20090604,            1.00
96,        20090605,            1.00
97,        20090608,            0.99
98,        20090609,            0.98
99,        20090610,            1.00
100,        20090611,            1.03
101,        20090612,            0.99
102,        20090615,            0.98
103,        20090616,            1.00
104,        20090617,            1.03
105,        20090618,            1.03
106,        20090619,            1.01
107,        20090622,            0.99
108,        20090623,            0.99
109,        20090624,            1.00
110,        20090625,            1.03
111,        20090626,            1.00
112,        20090629,            0.98
113,        20090630,            0.99
114,        20090701,            1.00
115,        20090702,            0.98
116,        20090706,            1.00
117,        20090707,            1.00
118,        20090708,            1.00
119,        20090709,            0.99
120,        20090710,            0.99
121,        20090713,            1.01
122,        20090714,            1.00
123,        20090715,            1.02
124,        20090716,            1.01
125,        20090717,            0.99
126,        20090720,            0.99
127,        20090721,            1.01
128,        20090722,            1.01
129,        20090723,            1.03
130,        20090724,            1.03
131,        20090727,            1.00
132,        20090728,            0.99
133,        20090729,            1.02
134,        20090730,            1.00
135,        20090731,            1.01
136,        20090803,            1.00
137,        20090804,            1.00
138,        20090805,            0.99
139,        20090806,            1.00
140,        20090807,            1.01
141,        20090810,            1.00
142,        20090811,            1.00
143,        20090812,            1.00
144,        20090813,            1.00
145,        20090814,            1.00
146,        20090817,            0.99
147,        20090818,            1.00
148,        20090819,            1.02
149,        20090820,            1.00
150,        20090821,            1.01
151,        20090824,            1.00
152,        20090825,            1.02
153,        20090826,            1.00
154,        20090827,            0.99
155,        20090828,            0.97
156,        20090831,            1.00
157,        20090901,            0.98
158,        20090902,            1.00
159,        20090903,            1.00
160,        20090904,            1.01
161,        20090908,            1.00
162,        20090909,            1.01
163,        20090910,            1.00
164,        20090911,            1.00
165,        20090914,            1.00
166,        20090915,            0.99
167,        20090916,            1.01
168,        20090917,            0.99
169,        20090918,            1.01
170,        20090921,            1.00
171,        20090922,            0.99
172,        20090923,            1.00
173,        20090924,            1.01
174,        20090925,            1.00
175,        20090928,            1.01
176,        20090929,            1.01
177,        20090930,            0.98
178,        20091001,            0.98
179,        20091002,            1.01
180,        20091005,            1.00
181,        20091006,            1.01
182,        20091007,            0.99
183,        20091008,            1.00
184,        20091009,            1.01
185,        20091012,            1.01
186,        20091013,            1.00
187,        20091014,            1.02
188,        20091015,            1.01
189,        20091016,            0.99
190,        20091019,            1.00
191,        20091020,            1.00
192,        20091021,            0.98
193,        20091022,            0.99
194,        20091023,            0.99
195,        20091026,            0.99
196,        20091027,            1.01
197,        20091028,            1.00
198,        20091029,            1.00
199,        20091030,            0.98
200,        20091102,            1.00
201,        20091103,            1.00
202,        20091104,            1.01
203,        20091105,            1.01
204,        20091106,            1.01
205,        20091109,            1.02
206,        20091110,            1.01
207,        20091111,            1.00
208,        20091112,            0.99
209,        20091113,            1.00
210,        20091116,            1.05
211,        20091117,            1.00
212,        20091118,            1.01
213,        20091119,            0.98
214,        20091120,            1.02
215,        20091123,            1.02
216,        20091124,            1.00
217,        20091125,            1.02
218,        20091127,            0.99
219,        20091130,            1.00
220,        20091201,            0.97
221,        20091202,            1.00
222,        20091203,            1.02
223,        20091204,            1.00
224,        20091207,            1.01
225,        20091208,            0.98
226,        20091209,            1.01
227,        20091210,            1.02
228,        20091211,            1.01
229,        20091214,            1.01
230,        20091215,            0.99
231,        20091216,            1.00
232,        20091217,            1.00
233,        20091218,            1.00
234,        20091221,            1.00
235,        20091222,            0.99
236,        20091223,            1.00
237,        20091224,            1.00
238,        20091228,            1.01
239,        20091229,            1.00
240,        20091230,            0.99
241,        20091231,            0.99
242,        20100104,            1.02
243,        20100105,            0.98
244,        20100106,            1.00
245,        20100107,            1.00
246,        20100108,            0.98
247,        20100111,            1.01
248,        20100112,            0.99
249,        20100113,            1.01
250,        20100114,            1.00
251,        20100115,            1.00
252,        20100119,            1.02
253,        20100120,            0.99
254,        20100121,            0.98
255,        20100122,            0.99
256,        20100125,            0.99
257,        20100126,            1.00
258,        20100127,            1.00
259,        20100128,            0.99
260,        20100129,            1.01
261,        20100201,            1.00
262,        20100202,            1.02
263,        20100203,            0.99
264,        20100204,            0.98
265,        20100205,            1.00
266,        20100208,            1.00
267,        20100209,            1.01
268,        20100210,            0.99
269,        20100211,            1.00
270,        20100212,            1.00
271,        20100216,            1.01
272,        20100217,            1.01
273,        20100218,            1.01
274,        20100219,            1.00
275,        20100222,            0.99
276,        20100223,            0.99
277,        20100224,            1.01
278,        20100225,            0.99
279,        20100226,            1.00
280,        20100301,            1.00
281,        20100302,            1.01
282,        20100303,            0.98
283,        20100304,            1.01
284,        20100305,            1.03
285,        20100308,            1.00
286,        20100309,            1.00
287,        20100310,            1.02
288,        20100311,            1.01
289,        20100312,            1.00
290,        20100315,            1.00
291,        20100316,            1.00
292,        20100317,            1.00
293,        20100318,            1.00
294,        20100319,            1.00
295,        20100322,            1.02
296,        20100323,            1.01
297,        20100324,            1.00
298,        20100325,            1.00
299,        20100326,            1.00
300,        20100329,            1.01
301,        20100330,            0.99
302,        20100331,            1.00
303,        20100401,            1.01
304,        20100405,            0.99
305,        20100406,            0.99
306,        20100407,            1.01
307,        20100408,            0.99
308,        20100409,            1.00
309,        20100412,            1.00
310,        20100413,            0.99
311,        20100414,            0.99
312,        20100415,            0.99
313,        20100416,            1.01
314,        20100419,            1.01
315,        20100420,            0.99
316,        20100421,            0.99
317,        20100422,            0.97
318,        20100423,            1.01
319,        20100426,            0.99
320,        20100427,            0.99
321,        20100428,            1.01
322,        20100429,            1.04
323,        20100430,            1.00
324,        20100503,            0.99
325,        20100504,            1.01
326,        20100505,            0.99
327,        20100506,            0.97
328,        20100507,            1.00
329,        20100510,            0.99
330,        20100511,            1.01
331,        20100512,            1.00
332,        20100513,            0.98
333,        20100514,            0.98
334,        20100517,            1.01
335,        20100518,            0.99
336,        20100519,            1.01
337,        20100520,            0.97
338,        20100521,            0.99
339,        20100524,            1.00
340,        20100525,            0.99
341,        20100526,            0.99
342,        20100527,            1.03
343,        20100528,            0.99
344,        20100601,            0.99
345,        20100602,            1.00
346,        20100603,            0.99
347,        20100604,            0.98
348,        20100607,            1.06
349,        20100608,            1.02
350,        20100609,            0.99
351,        20100610,            1.02
352,        20100611,            1.02
353,        20100614,            1.01
354,        20100615,            1.01
355,        20100616,            1.01
356,        20100617,            1.00
357,        20100618,            1.00
358,        20100621,            0.99
359,        20100622,            1.00
360,        20100623,            0.99
361,        20100624,            1.00
362,        20100625,            1.01
363,        20100628,            1.00
364,        20100629,            0.99
365,        20100630,            0.99
366,        20100701,            0.99
367,        20100702,            1.00
368,        20100706,            1.02
369,        20100707,            1.02
370,        20100708,            0.99
371,        20100709,            1.00
372,        20100712,            0.99
373,        20100713,            1.00
374,        20100714,            0.99
375,        20100715,            1.02
376,        20100716,            0.99
377,        20100719,            0.99
378,        20100720,            1.01
379,        20100721,            0.99
380,        20100722,            1.01
381,        20100723,            0.99
382,        20100726,            1.01
383,        20100727,            1.01
384,        20100728,            0.99
385,        20100729,            1.00
386,        20100730,            0.99
387,        20100802,            1.02
388,        20100803,            1.01
389,        20100804,            1.01
390,        20100805,            1.01
391,        20100806,            1.00
392,        20100809,            1.01
393,        20100810,            1.01
394,        20100811,            0.98
395,        20100812,            1.00
396,        20100813,            1.00
397,        20100816,            1.00
398,        20100817,            1.01
399,        20100818,            0.99
400,        20100819,            0.99
401,        20100820,            1.01
402,        20100823,            1.00
403,        20100824,            0.98
404,        20100825,            1.00
405,        20100826,            0.99
406,        20100827,            1.01
407,        20100830,            0.99
408,        20100831,            1.01
409,        20100901,            1.01
410,        20100902,            1.00
411,        20100903,            1.01
412,        20100907,            1.00
413,        20100908,            1.01
414,        20100909,            1.00
415,        20100910,            1.01
416,        20100913,            1.00
417,        20100914,            0.99
418,        20100915,            1.00
419,        20100916,            1.00
420,        20100917,            1.01
421,        20100920,            1.02
422,        20100921,            1.00
423,        20100922,            1.00
424,        20100923,            0.99
425,        20100924,            1.00
426,        20100927,            1.00
427,        20100928,            1.01
428,        20100929,            0.98
429,        20100930,            0.99
430,        20101001,            1.01
431,        20101004,            0.98
432,        20101005,            1.02
433,        20101006,            1.00
434,        20101007,            1.00
435,        20101008,            0.99
436,        20101011,            1.01
437,        20101012,            1.00
438,        20101013,            1.00
439,        20101014,            1.01
440,        20101015,            0.99
441,        20101018,            1.00
442,        20101019,            0.98
443,        20101020,            1.00
444,        20101021,            1.01
445,        20101022,            0.99
446,        20101025,            1.01
447,        20101026,            0.99
448,        20101027,            1.00
449,        20101028,            1.00
450,        20101029,            1.00
451,        20101101,            1.01
452,        20101102,            0.99
453,        20101103,            0.99
454,        20101104,            1.01
455,        20101105,            0.99
456,        20101108,            0.99
457,        20101109,            0.99
458,        20101110,            1.00
459,        20101111,            1.00
460,        20101112,            0.99
461,        20101115,            1.01
462,        20101116,            0.99
463,        20101117,            1.00
464,        20101118,            1.01
465,        20101119,            0.99
466,        20101122,            1.00
467,        20101123,            0.99
468,        20101124,            1.00
469,        20101126,            1.00
470,        20101129,            0.99
471,        20101130,            0.99
472,        20101201,            1.01
473,        20101202,            1.01
474,        20101203,            1.00
475,        20101206,            1.00
476,        20101207,            1.00
477,        20101208,            1.00
478,        20101209,            1.00
479,        20101210,            1.01
480,        20101213,            1.01
481,        20101214,            1.01
482,        20101215,            1.00
483,        20101216,            1.00
484,        20101217,            0.99
485,        20101220,            1.00
486,        20101221,            0.99
487,        20101222,            1.00
488,        20101223,            1.00
489,        20101227,            1.01
490,        20101228,            1.00
491,        20101229,            1.00
492,        20101230,            1.00
493,        20101231,            1.00
494,        20110103,            1.00
495,        20110104,            1.00
496,        20110105,            0.98
497,        20110106,            0.99
498,        20110107,            1.00
