0,        20090116,            0.96
1,        20090120,            0.86
2,        20090121,            1.20
3,        20090122,            0.92
4,        20090123,            1.05
5,        20090126,            1.02
6,        20090127,            0.97
7,        20090128,            1.08
8,        20090129,            1.01
9,        20090130,            0.94
10,        20090202,            1.01
11,        20090203,            1.03
12,        20090204,            0.98
13,        20090205,            0.74
14,        20090206,            0.98
15,        20090209,            0.97
16,        20090210,            0.92
17,        20090211,            0.92
18,        20090212,            0.95
19,        20090213,            1.27
20,        20090217,            0.88
21,        20090218,            0.98
22,        20090219,            1.04
23,        20090220,            0.95
24,        20090223,            0.93
25,        20090224,            1.10
26,        20090225,            0.98
27,        20090226,            0.98
28,        20090227,            0.96
29,        20090302,            0.86
30,        20090303,            1.01
31,        20090304,            1.03
32,        20090305,            0.89
33,        20090306,            0.89
34,        20090309,            1.06
35,        20090310,            1.06
36,        20090311,            1.00
37,        20090312,            1.20
38,        20090313,            0.96
39,        20090316,            1.00
40,        20090317,            1.08
41,        20090318,            1.04
42,        20090319,            1.16
43,        20090320,            0.92
44,        20090323,            1.12
45,        20090324,            0.92
46,        20090325,            1.04
47,        20090326,            1.12
48,        20090327,            0.88
49,        20090330,            0.96
50,        20090331,            0.98
51,        20090401,            1.12
52,        20090402,            0.97
53,        20090403,            1.03
54,        20090406,            1.02
55,        20090407,            0.95
56,        20090408,            1.08
57,        20090409,            1.09
58,        20090413,            1.04
59,        20090414,            1.04
60,        20090415,            1.06
61,        20090416,            1.05
62,        20090417,            1.01
63,        20090420,            0.93
64,        20090421,            1.09
65,        20090422,            0.96
66,        20090423,            0.97
67,        20090424,            1.00
68,        20090427,            0.96
69,        20090428,            0.94
70,        20090429,            1.08
71,        20090430,            1.03
72,        20090501,            1.04
73,        20090504,            1.16
74,        20090505,            1.00
75,        20090506,            1.02
76,        20090507,            0.96
77,        20090508,            1.09
78,        20090511,            0.93
79,        20090512,            0.97
80,        20090513,            0.93
81,        20090514,            1.04
82,        20090515,            0.95
83,        20090518,            1.09
84,        20090519,            1.01
85,        20090520,            1.05
86,        20090521,            0.91
87,        20090522,            1.02
88,        20090526,            1.04
89,        20090527,            0.99
90,        20090528,            1.08
91,        20090529,            1.04
92,        20090601,            1.02
93,        20090602,            1.02
94,        20090603,            0.94
95,        20090604,            1.02
96,        20090605,            0.97
97,        20090608,            0.99
98,        20090609,            0.96
99,        20090610,            1.00
100,        20090611,            0.99
101,        20090612,            1.01
102,        20090615,            0.95
103,        20090616,            0.96
104,        20090617,            0.96
105,        20090618,            0.98
106,        20090619,            0.98
107,        20090622,            0.91
108,        20090623,            1.04
109,        20090624,            1.00
110,        20090625,            1.03
111,        20090626,            0.99
112,        20090629,            0.97
113,        20090630,            0.96
114,        20090701,            1.02
115,        20090702,            0.98
116,        20090706,            0.98
117,        20090707,            0.96
118,        20090708,            1.09
119,        20090709,            1.07
120,        20090710,            1.01
121,        20090713,            1.05
122,        20090714,            1.04
123,        20090715,            1.06
124,        20090716,            1.00
125,        20090717,            1.00
126,        20090720,            1.01
127,        20090721,            1.00
128,        20090722,            0.98
129,        20090723,            1.04
130,        20090724,            1.02
131,        20090727,            1.07
132,        20090728,            1.03
133,        20090729,            0.95
134,        20090730,            1.06
135,        20090731,            0.99
136,        20090803,            1.01
137,        20090804,            1.00
138,        20090805,            0.99
139,        20090806,            0.95
140,        20090807,            1.04
141,        20090810,            0.88
142,        20090811,            0.96
143,        20090812,            1.03
144,        20090813,            1.06
145,        20090814,            0.96
146,        20090817,            0.93
147,        20090818,            1.03
148,        20090819,            1.04
149,        20090820,            0.98
150,        20090821,            1.02
151,        20090824,            1.00
152,        20090825,            0.98
153,        20090826,            1.00
154,        20090827,            1.02
155,        20090828,            1.00
156,        20090831,            0.99
157,        20090901,            0.94
158,        20090902,            1.05
159,        20090903,            1.02
160,        20090904,            1.03
161,        20090908,            0.99
162,        20090909,            1.04
163,        20090910,            1.10
164,        20090911,            1.03
165,        20090914,            1.00
166,        20090915,            1.00
167,        20090916,            1.03
168,        20090917,            1.01
169,        20090918,            1.01
170,        20090921,            0.96
171,        20090922,            1.07
172,        20090923,            1.03
173,        20090924,            0.93
174,        20090925,            0.98
175,        20090928,            1.00
176,        20090929,            1.01
177,        20090930,            1.02
178,        20091001,            0.93
179,        20091002,            0.98
180,        20091005,            1.04
181,        20091006,            1.00
182,        20091007,            0.97
183,        20091008,            1.04
184,        20091009,            1.00
185,        20091012,            1.00
186,        20091013,            1.00
187,        20091014,            1.03
188,        20091015,            1.07
189,        20091016,            0.97
190,        20091019,            0.99
191,        20091020,            0.98
192,        20091021,            1.00
193,        20091022,            0.98
194,        20091023,            0.98
195,        20091026,            0.97
196,        20091027,            0.97
197,        20091028,            0.92
198,        20091029,            1.06
199,        20091030,            0.94
200,        20091102,            0.99
201,        20091103,            1.04
202,        20091104,            1.01
203,        20091105,            1.06
204,        20091106,            0.99
205,        20091109,            0.99
206,        20091110,            0.97
207,        20091111,            1.03
208,        20091112,            1.08
209,        20091113,            1.00
210,        20091116,            1.01
211,        20091117,            0.98
212,        20091118,            0.98
213,        20091119,            0.97
214,        20091120,            1.04
215,        20091123,            1.01
216,        20091124,            0.99
217,        20091125,            1.05
218,        20091127,            0.98
219,        20091130,            0.98
220,        20091201,            1.04
221,        20091202,            1.09
222,        20091203,            0.99
223,        20091204,            1.03
224,        20091207,            0.97
225,        20091208,            0.97
226,        20091209,            1.00
227,        20091210,            1.00
228,        20091211,            1.01
229,        20091214,            1.04
230,        20091215,            1.02
231,        20091216,            1.01
232,        20091217,            0.98
233,        20091218,            1.05
234,        20091221,            1.07
235,        20091222,            0.98
236,        20091223,            1.01
237,        20091224,            0.99
238,        20091228,            1.00
239,        20091229,            1.01
240,        20091230,            1.04
241,        20091231,            0.96
242,        20100104,            0.88
243,        20100105,            1.05
244,        20100106,            0.98
245,        20100107,            0.93
246,        20100108,            1.00
247,        20100111,            0.96
248,        20100112,            1.01
249,        20100113,            0.99
250,        20100114,            1.01
251,        20100115,            0.99
252,        20100119,            0.98
253,        20100120,            0.95
254,        20100121,            0.96
255,        20100122,            1.00
256,        20100125,            1.04
257,        20100126,            0.98
258,        20100127,            0.92
259,        20100128,            0.95
260,        20100129,            0.97
261,        20100201,            1.01
262,        20100202,            1.05
263,        20100203,            0.99
264,        20100204,            0.92
265,        20100205,            1.03
266,        20100208,            1.01
267,        20100209,            1.06
268,        20100210,            1.02
269,        20100211,            1.05
270,        20100212,            1.00
271,        20100216,            1.03
272,        20100217,            1.07
273,        20100218,            1.02
274,        20100219,            1.01
275,        20100222,            1.01
276,        20100223,            0.98
277,        20100224,            1.01
278,        20100225,            1.05
279,        20100226,            0.99
280,        20100301,            1.04
281,        20100302,            0.98
282,        20100303,            0.97
283,        20100304,            0.98
284,        20100305,            1.01
285,        20100308,            0.98
286,        20100309,            0.96
287,        20100310,            1.00
288,        20100311,            1.06
289,        20100312,            1.00
290,        20100315,            0.98
291,        20100316,            1.00
292,        20100317,            1.00
293,        20100318,            0.98
294,        20100319,            0.98
295,        20100322,            1.02
296,        20100323,            0.98
297,        20100324,            1.00
298,        20100325,            0.98
299,        20100326,            1.01
300,        20100329,            1.02
301,        20100330,            1.03
302,        20100331,            0.99
303,        20100401,            0.98
304,        20100405,            1.02
305,        20100406,            0.99
306,        20100407,            0.99
307,        20100408,            0.98
308,        20100409,            1.01
309,        20100412,            1.00
310,        20100413,            1.01
311,        20100414,            1.03
312,        20100415,            0.99
313,        20100416,            0.97
314,        20100419,            0.98
315,        20100420,            1.01
316,        20100421,            1.00
317,        20100422,            1.01
318,        20100423,            1.03
319,        20100426,            0.96
320,        20100427,            0.96
321,        20100428,            1.03
322,        20100429,            1.00
323,        20100430,            0.97
324,        20100503,            1.03
325,        20100504,            0.96
326,        20100505,            0.95
327,        20100506,            0.96
328,        20100507,            0.94
329,        20100510,            1.07
330,        20100511,            0.86
331,        20100512,            1.07
332,        20100513,            1.00
333,        20100514,            0.97
334,        20100517,            0.98
335,        20100518,            0.99
336,        20100519,            1.01
337,        20100520,            0.92
338,        20100521,            1.02
339,        20100524,            0.95
340,        20100525,            1.01
341,        20100526,            1.03
342,        20100527,            1.08
343,        20100528,            0.99
344,        20100601,            0.95
345,        20100602,            1.03
346,        20100603,            1.01
347,        20100604,            0.94
348,        20100607,            0.95
349,        20100608,            1.00
350,        20100609,            1.00
351,        20100610,            1.02
352,        20100611,            1.00
353,        20100614,            1.06
354,        20100615,            1.03
355,        20100616,            1.00
356,        20100617,            0.97
357,        20100618,            1.05
358,        20100621,            0.97
359,        20100622,            0.98
360,        20100623,            0.99
361,        20100624,            0.97
362,        20100625,            1.06
363,        20100628,            0.96
364,        20100629,            0.93
365,        20100630,            0.97
366,        20100701,            1.04
367,        20100702,            0.97
368,        20100706,            0.96
369,        20100707,            1.02
370,        20100708,            1.00
371,        20100709,            0.94
372,        20100712,            0.99
373,        20100713,            0.89
374,        20100714,            0.97
375,        20100715,            1.08
376,        20100716,            0.92
377,        20100719,            1.05
378,        20100720,            1.01
379,        20100721,            0.97
380,        20100722,            1.16
381,        20100723,            1.12
382,        20100726,            1.00
383,        20100727,            0.99
384,        20100728,            1.01
385,        20100729,            1.01
386,        20100730,            1.04
387,        20100802,            1.03
388,        20100803,            1.02
389,        20100804,            0.98
390,        20100805,            0.99
391,        20100806,            1.02
392,        20100809,            0.97
393,        20100810,            0.97
394,        20100811,            0.94
395,        20100812,            0.97
396,        20100813,            1.00
397,        20100816,            1.06
398,        20100817,            1.00
399,        20100818,            0.99
400,        20100819,            0.99
401,        20100820,            1.00
402,        20100823,            0.92
403,        20100824,            1.02
404,        20100825,            1.05
405,        20100826,            0.98
406,        20100827,            0.99
407,        20100830,            0.98
408,        20100831,            1.02
409,        20100901,            1.05
410,        20100902,            1.01
411,        20100903,            1.02
412,        20100907,            0.96
413,        20100908,            1.03
414,        20100909,            1.02
415,        20100910,            1.00
416,        20100913,            1.06
417,        20100914,            0.94
418,        20100915,            0.99
419,        20100916,            0.98
420,        20100917,            0.98
421,        20100920,            1.06
422,        20100921,            0.96
423,        20100922,            0.99
424,        20100923,            0.99
425,        20100924,            1.01
426,        20100927,            0.89
427,        20100928,            0.96
428,        20100929,            1.05
429,        20100930,            1.02
430,        20101001,            1.02
431,        20101004,            0.89
432,        20101005,            0.99
433,        20101006,            0.97
434,        20101007,            1.01
435,        20101008,            1.04
436,        20101011,            0.98
437,        20101012,            0.97
438,        20101013,            1.00
439,        20101014,            1.00
440,        20101015,            1.02
441,        20101018,            1.01
442,        20101019,            1.02
443,        20101020,            1.00
444,        20101021,            1.01
445,        20101022,            1.06
446,        20101025,            0.95
447,        20101026,            1.01
448,        20101027,            1.02
449,        20101028,            0.98
450,        20101029,            1.03
451,        20101101,            0.98
452,        20101102,            1.03
453,        20101103,            1.02
454,        20101104,            1.04
455,        20101105,            1.03
456,        20101108,            1.01
457,        20101109,            0.94
458,        20101110,            1.02
459,        20101111,            0.98
460,        20101112,            1.00
461,        20101115,            0.97
462,        20101116,            0.96
463,        20101117,            1.01
464,        20101118,            1.00
465,        20101119,            1.06
466,        20101122,            1.02
467,        20101123,            0.98
468,        20101124,            1.02
469,        20101126,            0.99
470,        20101129,            1.02
471,        20101130,            0.98
472,        20101201,            1.12
473,        20101202,            1.00
474,        20101203,            1.02
475,        20101206,            0.99
476,        20101207,            0.99
477,        20101208,            0.96
478,        20101209,            0.99
479,        20101210,            0.99
480,        20101213,            0.98
481,        20101214,            1.00
482,        20101215,            0.99
483,        20101216,            1.00
484,        20101217,            1.04
485,        20101220,            1.03
486,        20101221,            1.02
487,        20101222,            1.00
488,        20101223,            1.03
489,        20101227,            1.01
490,        20101228,            0.97
491,        20101229,            1.02
492,        20101230,            1.01
493,        20101231,            1.02
494,        20110103,            1.02
495,        20110104,            0.97
496,        20110105,            0.98
497,        20110106,            1.08
498,        20110107,            1.00
