0,        20091008,            1.00
1,        20091009,            1.01
2,        20091012,            0.99
3,        20091013,            1.01
4,        20091014,            1.01
5,        20091015,            1.03
6,        20091016,            0.98
7,        20091019,            1.01
8,        20091020,            0.96
9,        20091021,            0.99
10,        20091022,            1.02
11,        20091023,            1.00
12,        20091026,            1.00
13,        20091027,            0.98
14,        20091028,            0.94
15,        20091029,            1.01
16,        20091030,            0.96
17,        20091102,            0.99
18,        20091103,            1.04
19,        20091104,            1.00
20,        20091105,            1.02
21,        20091106,            0.98
22,        20091109,            1.01
23,        20091110,            1.00
24,        20091111,            1.03
25,        20091112,            0.98
26,        20091113,            1.01
27,        20091116,            1.03
28,        20091117,            1.01
29,        20091118,            1.02
30,        20091119,            0.97
31,        20091120,            0.99
32,        20091123,            1.02
33,        20091124,            1.01
34,        20091125,            1.00
35,        20091127,            1.00
36,        20091130,            1.02
37,        20091201,            1.06
38,        20091202,            1.01
39,        20091203,            0.96
40,        20091204,            0.97
41,        20091207,            1.00
42,        20091208,            1.01
43,        20091209,            1.01
44,        20091210,            0.98
45,        20091211,            1.00
46,        20091214,            0.98
47,        20091215,            0.97
48,        20091216,            1.01
49,        20091217,            0.98
50,        20091218,            1.04
51,        20091221,            1.02
52,        20091222,            1.00
53,        20091223,            1.00
54,        20091224,            1.01
55,        20091228,            0.99
56,        20091229,            1.01
57,        20091230,            1.02
58,        20091231,            1.00
59,        20100104,            1.01
60,        20100105,            1.00
61,        20100106,            0.99
62,        20100107,            0.98
63,        20100108,            1.01
64,        20100111,            1.00
65,        20100112,            0.99
66,        20100113,            0.99
67,        20100114,            0.98
68,        20100115,            0.98
69,        20100119,            1.01
70,        20100120,            0.98
71,        20100121,            0.96
72,        20100122,            0.97
73,        20100125,            1.02
74,        20100126,            1.00
75,        20100127,            0.99
76,        20100128,            1.01
77,        20100129,            0.99
78,        20100201,            1.00
79,        20100202,            1.01
80,        20100203,            1.00
81,        20100204,            0.90
82,        20100205,            0.98
83,        20100208,            1.03
84,        20100209,            1.05
85,        20100210,            1.02
86,        20100211,            1.02
87,        20100212,            0.99
88,        20100216,            1.02
89,        20100217,            1.00
90,        20100218,            1.00
91,        20100219,            1.00
92,        20100222,            1.00
93,        20100223,            0.97
94,        20100224,            1.00
95,        20100225,            1.00
96,        20100226,            1.02
97,        20100301,            1.00
98,        20100302,            1.00
99,        20100303,            1.01
100,        20100304,            1.01
101,        20100305,            1.02
102,        20100308,            1.02
103,        20100309,            0.98
104,        20100310,            1.02
105,        20100311,            0.99
106,        20100312,            0.99
107,        20100315,            0.98
108,        20100316,            1.00
109,        20100317,            1.01
110,        20100318,            1.00
111,        20100319,            1.00
112,        20100322,            1.01
113,        20100323,            0.99
114,        20100324,            0.96
115,        20100325,            0.99
116,        20100326,            1.01
117,        20100329,            1.02
118,        20100330,            1.04
119,        20100331,            1.00
120,        20100401,            1.01
121,        20100405,            1.00
122,        20100406,            0.99
123,        20100407,            0.98
124,        20100408,            1.02
125,        20100409,            1.00
126,        20100412,            1.00
127,        20100413,            0.98
128,        20100414,            1.00
129,        20100415,            0.99
130,        20100416,            0.98
131,        20100419,            0.98
132,        20100420,            1.00
133,        20100421,            1.00
134,        20100422,            0.99
135,        20100423,            1.00
136,        20100426,            0.99
137,        20100427,            0.96
138,        20100428,            0.99
139,        20100429,            1.06
140,        20100430,            1.01
141,        20100503,            1.01
142,        20100504,            0.98
143,        20100505,            0.98
144,        20100506,            0.94
145,        20100507,            0.96
146,        20100510,            1.12
147,        20100511,            0.98
148,        20100512,            1.02
149,        20100513,            1.02
150,        20100514,            0.96
151,        20100517,            1.01
152,        20100518,            0.99
153,        20100519,            0.98
154,        20100520,            0.92
155,        20100521,            1.08
156,        20100524,            1.00
157,        20100525,            0.95
158,        20100526,            1.01
159,        20100527,            1.07
160,        20100528,            0.95
161,        20100601,            0.97
162,        20100602,            1.04
163,        20100603,            1.00
164,        20100604,            0.96
165,        20100607,            0.99
166,        20100608,            1.03
167,        20100609,            1.00
168,        20100610,            1.06
169,        20100611,            1.05
170,        20100614,            0.96
171,        20100615,            1.02
172,        20100616,            1.01
173,        20100617,            1.01
174,        20100618,            1.04
175,        20100621,            0.98
176,        20100622,            0.98
177,        20100623,            1.00
178,        20100624,            0.99
179,        20100625,            1.02
180,        20100628,            0.99
181,        20100629,            0.93
182,        20100630,            0.98
183,        20100701,            1.01
184,        20100702,            1.03
185,        20100706,            1.03
186,        20100707,            1.04
187,        20100708,            1.02
188,        20100709,            1.03
189,        20100712,            1.00
190,        20100713,            1.02
191,        20100714,            0.99
192,        20100715,            0.99
193,        20100716,            0.95
194,        20100719,            1.03
195,        20100720,            1.03
196,        20100721,            1.03
197,        20100722,            1.02
198,        20100723,            1.00
199,        20100726,            0.99
200,        20100727,            1.01
201,        20100728,            1.00
202,        20100729,            1.01
203,        20100730,            1.02
204,        20100802,            1.01
205,        20100803,            0.98
206,        20100804,            0.99
207,        20100805,            1.00
208,        20100806,            0.99
209,        20100809,            1.01
210,        20100810,            0.99
211,        20100811,            0.96
212,        20100812,            1.01
213,        20100813,            0.99
214,        20100816,            1.03
215,        20100817,            1.01
216,        20100818,            0.99
217,        20100819,            0.99
218,        20100820,            0.99
219,        20100823,            1.00
220,        20100824,            0.99
221,        20100825,            0.99
222,        20100826,            0.97
223,        20100827,            1.01
224,        20100830,            1.00
225,        20100831,            1.02
226,        20100901,            1.02
227,        20100902,            0.99
228,        20100903,            0.99
229,        20100907,            0.97
230,        20100908,            1.04
231,        20100909,            1.00
232,        20100910,            1.00
233,        20100913,            1.02
234,        20100914,            0.98
235,        20100915,            0.98
236,        20100916,            1.02
237,        20100917,            1.01
238,        20100920,            1.01
239,        20100921,            0.99
240,        20100922,            0.99
241,        20100923,            1.00
242,        20100924,            1.01
243,        20100927,            1.00
244,        20100928,            1.01
245,        20100929,            1.01
246,        20100930,            1.05
247,        20101001,            1.02
248,        20101004,            1.00
249,        20101005,            1.04
250,        20101006,            0.98
251,        20101007,            1.02
252,        20101008,            1.03
253,        20101011,            0.99
254,        20101012,            1.02
255,        20101013,            1.02
256,        20101014,            0.98
257,        20101015,            1.00
258,        20101018,            0.99
259,        20101019,            0.98
260,        20101020,            1.00
261,        20101021,            0.99
262,        20101022,            1.00
263,        20101025,            1.02
264,        20101026,            1.01
265,        20101027,            0.99
266,        20101028,            1.00
267,        20101029,            0.98
268,        20101101,            1.00
269,        20101102,            1.00
270,        20101103,            1.03
271,        20101104,            1.05
272,        20101105,            0.98
273,        20101108,            1.02
274,        20101109,            0.93
275,        20101110,            1.00
276,        20101111,            0.98
277,        20101112,            0.99
278,        20101115,            1.01
279,        20101116,            0.96
280,        20101117,            1.00
281,        20101118,            1.04
282,        20101119,            0.98
283,        20101122,            0.98
284,        20101123,            0.98
285,        20101124,            1.02
286,        20101126,            0.96
287,        20101129,            1.00
288,        20101130,            1.00
289,        20101201,            1.05
290,        20101202,            1.01
291,        20101203,            0.97
292,        20101206,            0.99
293,        20101207,            0.99
294,        20101208,            1.00
295,        20101209,            1.01
296,        20101210,            1.01
297,        20101213,            1.00
298,        20101214,            0.98
299,        20101215,            0.97
300,        20101216,            1.01
301,        20101217,            1.00
302,        20101220,            0.98
303,        20101221,            1.02
304,        20101222,            1.01
305,        20101223,            1.01
306,        20101227,            0.98
307,        20101228,            1.00
308,        20101229,            1.02
309,        20101230,            1.01
310,        20101231,            1.00
311,        20110103,            1.01
312,        20110104,            0.99
313,        20110105,            0.99
314,        20110106,            0.98
315,        20110107,            0.99
