0,        20090116,            1.02
1,        20090120,            0.95
2,        20090121,            1.03
3,        20090122,            0.97
4,        20090123,            1.02
5,        20090126,            1.00
6,        20090127,            1.01
7,        20090128,            1.02
8,        20090129,            0.99
9,        20090130,            1.00
10,        20090202,            0.99
11,        20090203,            1.08
12,        20090204,            1.04
13,        20090205,            1.01
14,        20090206,            1.03
15,        20090209,            1.00
16,        20090210,            0.97
17,        20090211,            1.01
18,        20090212,            1.04
19,        20090213,            0.99
20,        20090217,            0.96
21,        20090218,            1.00
22,        20090219,            1.00
23,        20090220,            0.99
24,        20090223,            0.96
25,        20090224,            1.04
26,        20090225,            1.01
27,        20090226,            1.00
28,        20090227,            1.00
29,        20090302,            0.96
30,        20090303,            0.99
31,        20090304,            1.06
32,        20090305,            1.00
33,        20090306,            0.98
34,        20090309,            0.97
35,        20090310,            1.04
36,        20090311,            1.01
37,        20090312,            1.03
38,        20090313,            1.03
39,        20090316,            0.96
40,        20090317,            1.01
41,        20090318,            1.02
42,        20090319,            0.99
43,        20090320,            0.97
44,        20090323,            0.99
45,        20090324,            0.99
46,        20090325,            1.03
47,        20090326,            1.02
48,        20090327,            0.98
49,        20090330,            1.02
50,        20090331,            1.03
51,        20090401,            0.99
52,        20090402,            1.01
53,        20090403,            0.99
54,        20090406,            0.99
55,        20090407,            0.98
56,        20090408,            1.01
57,        20090409,            1.00
58,        20090413,            0.99
59,        20090414,            1.00
60,        20090415,            1.03
61,        20090416,            1.07
62,        20090417,            0.99
63,        20090420,            0.98
64,        20090421,            1.02
65,        20090422,            0.98
66,        20090423,            1.00
67,        20090424,            1.00
68,        20090427,            0.97
69,        20090428,            0.99
70,        20090429,            1.02
71,        20090430,            0.97
72,        20090501,            1.02
73,        20090504,            1.02
74,        20090505,            1.02
75,        20090506,            0.99
76,        20090507,            0.98
77,        20090508,            1.00
78,        20090511,            0.99
79,        20090512,            1.03
80,        20090513,            0.97
81,        20090514,            1.04
82,        20090515,            1.01
83,        20090518,            0.99
84,        20090519,            1.01
85,        20090520,            0.97
86,        20090521,            1.00
87,        20090522,            1.02
88,        20090526,            1.05
89,        20090527,            0.97
90,        20090528,            1.01
91,        20090529,            0.97
92,        20090601,            1.02
93,        20090602,            1.01
94,        20090603,            0.99
95,        20090604,            1.02
96,        20090605,            0.98
97,        20090608,            1.00
98,        20090609,            1.00
99,        20090610,            0.99
100,        20090611,            0.99
101,        20090612,            0.98
102,        20090615,            0.98
103,        20090616,            0.99
104,        20090617,            1.01
105,        20090618,            0.99
106,        20090619,            1.00
107,        20090622,            0.99
108,        20090623,            1.01
109,        20090624,            1.00
110,        20090625,            1.04
111,        20090626,            1.01
112,        20090629,            1.01
113,        20090630,            1.01
114,        20090701,            1.02
115,        20090702,            1.00
116,        20090706,            0.99
117,        20090707,            0.98
118,        20090708,            1.01
119,        20090709,            0.97
120,        20090710,            0.98
121,        20090713,            1.01
122,        20090714,            1.00
123,        20090715,            1.02
124,        20090716,            1.04
125,        20090717,            1.00
126,        20090720,            1.00
127,        20090721,            0.99
128,        20090722,            1.02
129,        20090723,            1.03
130,        20090724,            1.00
131,        20090727,            0.99
132,        20090728,            0.98
133,        20090729,            0.99
134,        20090730,            1.01
135,        20090731,            1.00
136,        20090803,            1.02
137,        20090804,            1.00
138,        20090805,            1.00
139,        20090806,            0.98
140,        20090807,            0.98
141,        20090810,            1.00
142,        20090811,            1.01
143,        20090812,            1.01
144,        20090813,            1.02
145,        20090814,            1.00
146,        20090817,            0.99
147,        20090818,            1.00
148,        20090819,            1.00
149,        20090820,            1.00
150,        20090821,            1.01
151,        20090824,            0.99
152,        20090825,            1.00
153,        20090826,            1.00
154,        20090827,            1.01
155,        20090828,            0.99
156,        20090831,            0.98
157,        20090901,            0.98
158,        20090902,            0.99
159,        20090903,            1.02
160,        20090904,            1.01
161,        20090908,            1.00
162,        20090909,            1.00
163,        20090910,            1.03
164,        20090911,            1.02
165,        20090914,            1.03
166,        20090915,            1.01
167,        20090916,            1.00
168,        20090917,            0.97
169,        20090918,            1.01
170,        20090921,            1.03
171,        20090922,            0.98
172,        20090923,            0.98
173,        20090924,            1.00
174,        20090925,            1.01
175,        20090928,            1.02
176,        20090929,            1.01
177,        20090930,            1.00
178,        20091001,            0.98
179,        20091002,            1.00
180,        20091005,            1.01
181,        20091006,            1.02
182,        20091007,            1.05
183,        20091008,            0.99
184,        20091009,            1.00
185,        20091012,            1.02
186,        20091013,            1.00
187,        20091014,            1.02
188,        20091015,            0.91
189,        20091016,            1.02
190,        20091019,            1.00
191,        20091020,            0.99
192,        20091021,            0.99
193,        20091022,            0.99
194,        20091023,            0.99
195,        20091026,            1.00
196,        20091027,            1.01
197,        20091028,            0.98
198,        20091029,            1.02
199,        20091030,            1.00
200,        20091102,            0.97
201,        20091103,            1.03
202,        20091104,            1.00
203,        20091105,            1.00
204,        20091106,            0.99
205,        20091109,            1.03
206,        20091110,            0.98
207,        20091111,            1.00
208,        20091112,            0.99
209,        20091113,            1.00
210,        20091116,            1.01
211,        20091117,            0.99
212,        20091118,            0.99
213,        20091119,            0.99
214,        20091120,            1.00
215,        20091123,            1.01
216,        20091124,            0.99
217,        20091125,            1.00
218,        20091127,            0.98
219,        20091130,            1.00
220,        20091201,            1.00
221,        20091202,            1.01
222,        20091203,            1.00
223,        20091204,            1.01
224,        20091207,            1.01
225,        20091208,            0.99
226,        20091209,            1.00
227,        20091210,            1.00
228,        20091211,            1.00
229,        20091214,            1.01
230,        20091215,            1.00
231,        20091216,            1.00
232,        20091217,            0.99
233,        20091218,            0.99
234,        20091221,            1.01
235,        20091222,            1.01
236,        20091223,            1.00
237,        20091224,            1.00
238,        20091228,            1.01
239,        20091229,            1.00
240,        20091230,            1.00
241,        20091231,            1.00
242,        20100104,            1.03
243,        20100105,            1.01
244,        20100106,            1.00
245,        20100107,            0.99
246,        20100108,            1.00
247,        20100111,            0.99
248,        20100112,            1.00
249,        20100113,            1.01
250,        20100114,            0.99
251,        20100115,            1.01
252,        20100119,            1.01
253,        20100120,            0.99
254,        20100121,            0.99
255,        20100122,            0.97
256,        20100125,            1.00
257,        20100126,            0.98
258,        20100127,            1.00
259,        20100128,            1.00
260,        20100129,            0.98
261,        20100201,            0.99
262,        20100202,            1.10
263,        20100203,            1.00
264,        20100204,            0.98
265,        20100205,            1.01
266,        20100208,            0.99
267,        20100209,            1.02
268,        20100210,            0.99
269,        20100211,            1.01
270,        20100212,            1.01
271,        20100216,            1.01
272,        20100217,            0.99
273,        20100218,            0.98
274,        20100219,            1.00
275,        20100222,            1.01
276,        20100223,            1.00
277,        20100224,            1.02
278,        20100225,            1.01
279,        20100226,            1.02
280,        20100301,            1.01
281,        20100302,            0.98
282,        20100303,            1.00
283,        20100304,            0.99
284,        20100305,            1.01
285,        20100308,            1.00
286,        20100309,            1.00
287,        20100310,            1.00
288,        20100311,            1.01
289,        20100312,            1.00
290,        20100315,            1.00
291,        20100316,            1.00
292,        20100317,            1.01
293,        20100318,            0.99
294,        20100319,            1.00
295,        20100322,            1.01
296,        20100323,            1.01
297,        20100324,            0.99
298,        20100325,            1.00
299,        20100326,            0.99
300,        20100329,            1.01
301,        20100330,            0.99
302,        20100331,            1.00
303,        20100401,            1.02
304,        20100405,            1.02
305,        20100406,            0.99
306,        20100407,            0.99
307,        20100408,            1.00
308,        20100409,            1.01
309,        20100412,            0.99
310,        20100413,            0.99
311,        20100414,            1.01
312,        20100415,            1.01
313,        20100416,            1.01
314,        20100419,            0.99
315,        20100420,            1.00
316,        20100421,            1.00
317,        20100422,            1.01
318,        20100423,            1.01
319,        20100426,            0.99
320,        20100427,            0.98
321,        20100428,            1.00
322,        20100429,            0.99
323,        20100430,            0.97
324,        20100503,            1.00
325,        20100504,            0.98
326,        20100505,            0.99
327,        20100506,            0.99
328,        20100507,            0.98
329,        20100510,            1.04
330,        20100511,            0.98
331,        20100512,            1.01
332,        20100513,            0.98
333,        20100514,            0.99
334,        20100517,            1.01
335,        20100518,            0.99
336,        20100519,            0.99
337,        20100520,            0.96
338,        20100521,            1.01
339,        20100524,            0.98
340,        20100525,            0.99
341,        20100526,            0.99
342,        20100527,            1.03
343,        20100528,            1.00
344,        20100601,            0.98
345,        20100602,            1.04
346,        20100603,            1.02
347,        20100604,            0.98
348,        20100607,            0.99
349,        20100608,            1.01
350,        20100609,            1.00
351,        20100610,            1.01
352,        20100611,            1.02
353,        20100614,            1.00
354,        20100615,            1.02
355,        20100616,            1.00
356,        20100617,            1.00
357,        20100618,            1.00
358,        20100621,            0.99
359,        20100622,            0.98
360,        20100623,            1.00
361,        20100624,            1.00
362,        20100625,            1.00
363,        20100628,            1.01
364,        20100629,            0.99
365,        20100630,            1.01
366,        20100701,            0.98
367,        20100702,            1.00
368,        20100706,            1.00
369,        20100707,            1.02
370,        20100708,            1.02
371,        20100709,            0.99
372,        20100712,            1.00
373,        20100713,            1.03
374,        20100714,            1.00
375,        20100715,            1.01
376,        20100716,            0.99
377,        20100719,            1.00
378,        20100720,            1.03
379,        20100721,            1.01
380,        20100722,            1.03
381,        20100723,            1.02
382,        20100726,            0.99
383,        20100727,            1.01
384,        20100728,            0.98
385,        20100729,            1.01
386,        20100730,            1.01
387,        20100802,            1.02
388,        20100803,            0.99
389,        20100804,            1.00
390,        20100805,            1.00
391,        20100806,            1.00
392,        20100809,            1.00
393,        20100810,            1.00
394,        20100811,            0.98
395,        20100812,            1.00
396,        20100813,            1.00
397,        20100816,            0.99
398,        20100817,            1.03
399,        20100818,            1.01
400,        20100819,            0.99
401,        20100820,            1.00
402,        20100823,            1.00
403,        20100824,            0.98
404,        20100825,            1.00
405,        20100826,            0.99
406,        20100827,            1.01
407,        20100830,            0.99
408,        20100831,            1.01
409,        20100901,            1.02
410,        20100902,            1.01
411,        20100903,            1.00
412,        20100907,            1.00
413,        20100908,            1.01
414,        20100909,            1.00
415,        20100910,            1.01
416,        20100913,            1.01
417,        20100914,            1.00
418,        20100915,            0.99
419,        20100916,            0.99
420,        20100917,            0.98
421,        20100920,            1.01
422,        20100921,            1.01
423,        20100922,            0.99
424,        20100923,            0.99
425,        20100924,            1.00
426,        20100927,            1.00
427,        20100928,            1.00
428,        20100929,            1.00
429,        20100930,            1.00
430,        20101001,            1.01
431,        20101004,            0.99
432,        20101005,            1.01
433,        20101006,            1.00
434,        20101007,            1.00
435,        20101008,            0.98
436,        20101011,            1.01
437,        20101012,            1.00
438,        20101013,            1.01
439,        20101014,            1.02
440,        20101015,            1.01
441,        20101018,            0.99
442,        20101019,            1.03
443,        20101020,            1.01
444,        20101021,            1.01
445,        20101022,            0.99
446,        20101025,            1.01
447,        20101026,            1.00
448,        20101027,            1.00
449,        20101028,            1.01
450,        20101029,            1.01
451,        20101101,            1.00
452,        20101102,            1.00
453,        20101103,            0.99
454,        20101104,            1.03
455,        20101105,            0.99
456,        20101108,            1.01
457,        20101109,            0.99
458,        20101110,            0.99
459,        20101111,            1.01
460,        20101112,            0.96
461,        20101115,            1.01
462,        20101116,            0.98
463,        20101117,            0.99
464,        20101118,            1.00
465,        20101119,            1.02
466,        20101122,            1.01
467,        20101123,            0.99
468,        20101124,            1.01
469,        20101126,            0.99
470,        20101129,            0.99
471,        20101130,            1.00
472,        20101201,            1.02
473,        20101202,            1.02
474,        20101203,            1.00
475,        20101206,            0.99
476,        20101207,            1.00
477,        20101208,            1.01
478,        20101209,            1.00
479,        20101210,            1.03
480,        20101213,            1.01
481,        20101214,            1.01
482,        20101215,            0.99
483,        20101216,            1.00
484,        20101217,            0.99
485,        20101220,            0.99
486,        20101221,            1.02
487,        20101222,            1.00
488,        20101223,            1.00
489,        20101227,            1.00
490,        20101228,            1.00
491,        20101229,            1.00
492,        20101230,            1.00
493,        20101231,            0.99
494,        20110103,            1.01
495,        20110104,            1.00
496,        20110105,            1.00
497,        20110106,            1.00
498,        20110107,            1.00
