0,        20090116,            1.03
1,        20090120,            0.88
2,        20090121,            1.03
3,        20090122,            0.94
4,        20090123,            1.02
5,        20090126,            1.01
6,        20090127,            1.02
7,        20090128,            1.03
8,        20090129,            0.96
9,        20090130,            1.01
10,        20090202,            0.98
11,        20090203,            1.01
12,        20090204,            0.99
13,        20090205,            1.00
14,        20090206,            1.08
15,        20090209,            1.03
16,        20090210,            0.96
17,        20090211,            1.00
18,        20090212,            0.98
19,        20090213,            1.00
20,        20090217,            0.92
21,        20090218,            1.05
22,        20090219,            1.00
23,        20090220,            0.98
24,        20090223,            1.00
25,        20090224,            1.06
26,        20090225,            0.98
27,        20090226,            0.98
28,        20090227,            0.97
29,        20090302,            0.99
30,        20090303,            1.04
31,        20090304,            1.09
32,        20090305,            0.97
33,        20090306,            0.98
34,        20090309,            0.97
35,        20090310,            1.05
36,        20090311,            0.99
37,        20090312,            1.07
38,        20090313,            1.02
39,        20090316,            1.00
40,        20090317,            0.98
41,        20090318,            0.99
42,        20090319,            1.01
43,        20090320,            1.01
44,        20090323,            1.08
45,        20090324,            0.98
46,        20090325,            0.99
47,        20090326,            1.00
48,        20090327,            1.04
49,        20090330,            0.97
50,        20090331,            0.96
51,        20090401,            0.98
52,        20090402,            0.99
53,        20090403,            0.97
54,        20090406,            1.01
55,        20090407,            1.00
56,        20090408,            1.02
57,        20090409,            1.03
58,        20090413,            1.01
59,        20090414,            0.96
60,        20090415,            1.08
61,        20090416,            1.01
62,        20090417,            1.00
63,        20090420,            0.95
64,        20090421,            1.05
65,        20090422,            0.96
66,        20090423,            1.02
67,        20090424,            1.00
68,        20090427,            0.98
69,        20090428,            1.01
70,        20090429,            1.06
71,        20090430,            1.02
72,        20090501,            1.01
73,        20090504,            1.08
74,        20090505,            0.98
75,        20090506,            1.03
76,        20090507,            0.92
77,        20090508,            1.03
78,        20090511,            0.98
79,        20090512,            0.99
80,        20090513,            0.94
81,        20090514,            1.05
82,        20090515,            0.99
83,        20090518,            1.07
84,        20090519,            1.00
85,        20090520,            1.02
86,        20090521,            0.98
87,        20090522,            0.99
88,        20090526,            0.99
89,        20090527,            1.01
90,        20090528,            1.02
91,        20090529,            1.00
92,        20090601,            1.12
93,        20090602,            1.09
94,        20090603,            0.96
95,        20090604,            1.02
96,        20090605,            1.02
97,        20090608,            0.96
98,        20090609,            1.00
99,        20090610,            1.03
100,        20090611,            1.03
101,        20090612,            0.98
102,        20090615,            0.95
103,        20090616,            0.95
104,        20090617,            1.00
105,        20090618,            1.00
106,        20090619,            1.01
107,        20090622,            0.95
108,        20090623,            0.99
109,        20090624,            1.02
110,        20090625,            1.03
111,        20090626,            1.03
112,        20090629,            0.98
113,        20090630,            0.97
114,        20090701,            1.01
115,        20090702,            0.93
116,        20090706,            1.04
117,        20090707,            1.00
118,        20090708,            1.04
119,        20090709,            1.02
120,        20090710,            0.98
121,        20090713,            0.97
122,        20090714,            1.00
123,        20090715,            1.06
124,        20090716,            0.98
125,        20090717,            1.04
126,        20090720,            1.04
127,        20090721,            0.98
128,        20090722,            0.97
129,        20090723,            1.03
130,        20090724,            1.00
131,        20090727,            1.00
132,        20090728,            1.00
133,        20090729,            0.95
134,        20090730,            1.03
135,        20090731,            1.00
136,        20090803,            1.03
137,        20090804,            1.00
138,        20090805,            1.00
139,        20090806,            1.06
140,        20090807,            0.97
141,        20090810,            1.00
142,        20090811,            0.96
143,        20090812,            1.00
144,        20090813,            0.99
145,        20090814,            0.98
146,        20090817,            0.96
147,        20090818,            1.02
148,        20090819,            0.99
149,        20090820,            1.03
150,        20090821,            0.99
151,        20090824,            1.00
152,        20090825,            0.99
153,        20090826,            0.97
154,        20090827,            1.02
155,        20090828,            1.02
156,        20090831,            0.97
157,        20090901,            0.97
158,        20090902,            0.99
159,        20090903,            1.01
160,        20090904,            1.03
161,        20090908,            1.01
162,        20090909,            0.99
163,        20090910,            1.03
164,        20090911,            1.02
165,        20090914,            1.02
166,        20090915,            1.00
167,        20090916,            1.02
168,        20090917,            1.00
169,        20090918,            0.97
170,        20090921,            0.98
171,        20090922,            1.00
172,        20090923,            1.01
173,        20090924,            0.98
174,        20090925,            1.01
175,        20090928,            0.98
176,        20090929,            1.02
177,        20090930,            0.99
178,        20091001,            0.99
179,        20091002,            1.00
180,        20091005,            1.02
181,        20091006,            1.00
182,        20091007,            1.00
183,        20091008,            1.01
184,        20091009,            0.99
185,        20091012,            0.99
186,        20091013,            1.00
187,        20091014,            1.02
188,        20091015,            0.98
189,        20091016,            1.00
190,        20091019,            1.03
191,        20091020,            0.99
192,        20091021,            0.98
193,        20091022,            0.99
194,        20091023,            0.97
195,        20091026,            0.99
196,        20091027,            0.99
197,        20091028,            0.98
198,        20091029,            1.02
199,        20091030,            0.96
200,        20091102,            1.02
201,        20091103,            0.98
202,        20091104,            1.04
203,        20091105,            1.04
204,        20091106,            1.01
205,        20091109,            1.03
206,        20091110,            1.00
207,        20091111,            0.99
208,        20091112,            0.97
209,        20091113,            1.00
210,        20091116,            1.01
211,        20091117,            0.99
212,        20091118,            1.00
213,        20091119,            0.98
214,        20091120,            1.01
215,        20091123,            1.02
216,        20091124,            0.98
217,        20091125,            1.01
218,        20091127,            0.97
219,        20091130,            1.01
220,        20091201,            1.01
221,        20091202,            1.00
222,        20091203,            0.97
223,        20091204,            0.99
224,        20091207,            1.00
225,        20091208,            0.99
226,        20091209,            1.02
227,        20091210,            1.00
228,        20091211,            0.99
229,        20091214,            1.00
230,        20091215,            1.00
231,        20091216,            1.00
232,        20091217,            0.97
233,        20091218,            0.99
234,        20091221,            1.00
235,        20091222,            0.98
236,        20091223,            1.01
237,        20091224,            1.00
238,        20091228,            1.03
239,        20091229,            1.00
240,        20091230,            1.01
241,        20091231,            1.00
242,        20100104,            1.01
243,        20100105,            1.00
244,        20100106,            1.01
245,        20100107,            0.99
246,        20100108,            0.98
247,        20100111,            1.00
248,        20100112,            0.99
249,        20100113,            0.99
250,        20100114,            1.00
251,        20100115,            0.97
252,        20100119,            0.97
253,        20100120,            1.00
254,        20100121,            0.99
255,        20100122,            0.97
256,        20100125,            1.01
257,        20100126,            0.97
258,        20100127,            0.98
259,        20100128,            0.98
260,        20100129,            1.02
261,        20100201,            1.00
262,        20100202,            1.01
263,        20100203,            1.00
264,        20100204,            0.94
265,        20100205,            0.99
266,        20100208,            1.00
267,        20100209,            1.03
268,        20100210,            1.00
269,        20100211,            1.05
270,        20100212,            0.99
271,        20100216,            1.01
272,        20100217,            1.00
273,        20100218,            0.99
274,        20100219,            0.97
275,        20100222,            1.00
276,        20100223,            1.00
277,        20100224,            1.01
278,        20100225,            1.01
279,        20100226,            1.08
280,        20100301,            1.04
281,        20100302,            0.99
282,        20100303,            0.99
283,        20100304,            1.01
284,        20100305,            1.00
285,        20100308,            0.99
286,        20100309,            0.99
287,        20100310,            1.01
288,        20100311,            0.99
289,        20100312,            0.99
290,        20100315,            0.99
291,        20100316,            1.00
292,        20100317,            1.02
293,        20100318,            0.98
294,        20100319,            0.99
295,        20100322,            1.00
296,        20100323,            1.02
297,        20100324,            0.95
298,        20100325,            0.95
299,        20100326,            1.01
300,        20100329,            1.04
301,        20100330,            0.97
302,        20100331,            1.00
303,        20100401,            1.02
304,        20100405,            0.98
305,        20100406,            1.01
306,        20100407,            1.01
307,        20100408,            1.03
308,        20100409,            1.04
309,        20100412,            0.97
310,        20100413,            1.01
311,        20100414,            1.00
312,        20100415,            0.97
313,        20100416,            1.02
314,        20100419,            1.00
315,        20100420,            1.03
316,        20100421,            1.01
317,        20100422,            0.99
318,        20100423,            1.00
319,        20100426,            0.99
320,        20100427,            1.01
321,        20100428,            1.04
322,        20100429,            0.98
323,        20100430,            1.02
324,        20100503,            1.01
325,        20100504,            0.96
326,        20100505,            1.00
327,        20100506,            0.95
328,        20100507,            1.02
329,        20100510,            1.05
330,        20100511,            0.97
331,        20100512,            1.01
332,        20100513,            1.01
333,        20100514,            0.98
334,        20100517,            0.97
335,        20100518,            1.00
336,        20100519,            1.00
337,        20100520,            0.96
338,        20100521,            1.04
339,        20100524,            1.02
340,        20100525,            1.00
341,        20100526,            1.02
342,        20100527,            1.01
343,        20100528,            1.01
344,        20100601,            0.99
345,        20100602,            1.00
346,        20100603,            0.99
347,        20100604,            0.97
348,        20100607,            0.98
349,        20100608,            1.02
350,        20100609,            1.03
351,        20100610,            1.03
352,        20100611,            0.99
353,        20100614,            1.02
354,        20100615,            1.01
355,        20100616,            1.01
356,        20100617,            0.99
357,        20100618,            1.00
358,        20100621,            1.06
359,        20100622,            0.98
360,        20100623,            1.02
361,        20100624,            0.98
362,        20100625,            1.02
363,        20100628,            1.02
364,        20100629,            0.97
365,        20100630,            1.01
366,        20100701,            1.00
367,        20100702,            1.02
368,        20100706,            1.01
369,        20100707,            0.99
370,        20100708,            0.96
371,        20100709,            1.01
372,        20100712,            1.02
373,        20100713,            0.99
374,        20100714,            1.00
375,        20100715,            0.97
376,        20100716,            0.97
377,        20100719,            1.05
378,        20100720,            1.01
379,        20100721,            1.01
380,        20100722,            1.04
381,        20100723,            1.00
382,        20100726,            0.99
383,        20100727,            0.99
384,        20100728,            0.99
385,        20100729,            0.99
386,        20100730,            1.04
387,        20100802,            1.03
388,        20100803,            0.99
389,        20100804,            1.00
390,        20100805,            0.99
391,        20100806,            0.99
392,        20100809,            0.99
393,        20100810,            0.98
394,        20100811,            0.98
395,        20100812,            1.01
396,        20100813,            1.03
397,        20100816,            1.01
398,        20100817,            1.00
399,        20100818,            1.00
400,        20100819,            0.98
401,        20100820,            1.00
402,        20100823,            0.99
403,        20100824,            1.01
404,        20100825,            1.01
405,        20100826,            1.01
406,        20100827,            1.00
407,        20100830,            1.00
408,        20100831,            1.01
409,        20100901,            1.03
410,        20100902,            1.02
411,        20100903,            1.00
412,        20100907,            0.99
413,        20100908,            1.00
414,        20100909,            1.02
415,        20100910,            1.01
416,        20100913,            1.05
417,        20100914,            0.99
418,        20100915,            0.98
419,        20100916,            1.00
420,        20100917,            1.00
421,        20100920,            1.02
422,        20100921,            0.99
423,        20100922,            0.98
424,        20100923,            0.99
425,        20100924,            1.02
426,        20100927,            0.94
427,        20100928,            1.02
428,        20100929,            1.01
429,        20100930,            0.99
430,        20101001,            1.01
431,        20101004,            1.00
432,        20101005,            1.02
433,        20101006,            0.99
434,        20101007,            0.97
435,        20101008,            1.02
436,        20101011,            1.01
437,        20101012,            0.99
438,        20101013,            1.00
439,        20101014,            1.00
440,        20101015,            1.00
441,        20101018,            1.00
442,        20101019,            1.00
443,        20101020,            1.02
444,        20101021,            0.99
445,        20101022,            0.99
446,        20101025,            1.02
447,        20101026,            1.00
448,        20101027,            0.98
449,        20101028,            1.00
450,        20101029,            0.98
451,        20101101,            1.01
452,        20101102,            1.00
453,        20101103,            1.00
454,        20101104,            1.01
455,        20101105,            1.00
456,        20101108,            0.99
457,        20101109,            0.99
458,        20101110,            1.01
459,        20101111,            1.02
460,        20101112,            0.96
461,        20101115,            0.99
462,        20101116,            0.98
463,        20101117,            1.01
464,        20101118,            1.00
465,        20101119,            0.98
466,        20101122,            0.99
467,        20101123,            0.99
468,        20101124,            1.02
469,        20101126,            0.99
470,        20101129,            1.01
471,        20101130,            0.99
472,        20101201,            1.01
473,        20101202,            1.01
474,        20101203,            0.99
475,        20101206,            0.98
476,        20101207,            1.02
477,        20101208,            0.98
478,        20101209,            1.02
479,        20101210,            1.01
480,        20101213,            1.03
481,        20101214,            1.01
482,        20101215,            0.99
483,        20101216,            1.01
484,        20101217,            1.01
485,        20101220,            1.02
486,        20101221,            1.00
487,        20101222,            1.00
488,        20101223,            0.98
489,        20101227,            0.98
490,        20101228,            0.99
491,        20101229,            1.00
492,        20101230,            0.98
493,        20101231,            1.01
494,        20110103,            1.01
495,        20110104,            1.00
496,        20110105,            1.00
497,        20110106,            0.98
498,        20110107,            1.00
