0,        20090116,            1.03
1,        20090120,            0.89
2,        20090121,            1.04
3,        20090122,            0.95
4,        20090123,            1.06
5,        20090126,            1.02
6,        20090127,            0.98
7,        20090128,            1.05
8,        20090129,            0.96
9,        20090130,            0.98
10,        20090202,            0.97
11,        20090203,            0.99
12,        20090204,            1.01
13,        20090205,            1.05
14,        20090206,            1.02
15,        20090209,            1.05
16,        20090210,            0.92
17,        20090211,            0.97
18,        20090212,            1.00
19,        20090213,            0.99
20,        20090217,            0.92
21,        20090218,            0.99
22,        20090219,            1.02
23,        20090220,            0.96
24,        20090223,            0.95
25,        20090224,            1.09
26,        20090225,            0.99
27,        20090226,            1.05
28,        20090227,            0.97
29,        20090302,            0.87
30,        20090303,            1.02
31,        20090304,            1.05
32,        20090305,            1.05
33,        20090306,            1.03
34,        20090309,            1.02
35,        20090310,            1.07
36,        20090311,            0.98
37,        20090312,            1.08
38,        20090313,            0.99
39,        20090316,            1.01
40,        20090317,            1.05
41,        20090318,            1.00
42,        20090319,            1.04
43,        20090320,            0.97
44,        20090323,            1.09
45,        20090324,            0.96
46,        20090325,            1.03
47,        20090326,            1.02
48,        20090327,            0.97
49,        20090330,            0.93
50,        20090331,            0.99
51,        20090401,            1.04
52,        20090402,            1.07
53,        20090403,            1.02
54,        20090406,            0.99
55,        20090407,            0.96
56,        20090408,            1.02
57,        20090409,            1.05
58,        20090413,            1.02
59,        20090414,            0.98
60,        20090415,            1.02
61,        20090416,            1.01
62,        20090417,            1.03
63,        20090420,            0.92
64,        20090421,            1.03
65,        20090422,            1.02
66,        20090423,            1.05
67,        20090424,            1.02
68,        20090427,            0.98
69,        20090428,            0.95
70,        20090429,            1.02
71,        20090430,            1.00
72,        20090501,            1.03
73,        20090504,            1.09
74,        20090505,            0.98
75,        20090506,            1.04
76,        20090507,            0.97
77,        20090508,            1.07
78,        20090511,            0.97
79,        20090512,            1.00
80,        20090513,            0.93
81,        20090514,            1.03
82,        20090515,            0.97
83,        20090518,            1.06
84,        20090519,            1.02
85,        20090520,            1.04
86,        20090521,            0.95
87,        20090522,            1.02
88,        20090526,            1.03
89,        20090527,            0.99
90,        20090528,            1.05
91,        20090529,            1.03
92,        20090601,            1.05
93,        20090602,            0.99
94,        20090603,            0.92
95,        20090604,            1.02
96,        20090605,            0.99
97,        20090608,            0.99
98,        20090609,            1.01
99,        20090610,            1.01
100,        20090611,            1.03
101,        20090612,            0.97
102,        20090615,            0.95
103,        20090616,            0.98
104,        20090617,            0.97
105,        20090618,            0.99
106,        20090619,            1.00
107,        20090622,            0.92
108,        20090623,            1.02
109,        20090624,            1.01
110,        20090625,            1.06
111,        20090626,            0.99
112,        20090629,            1.02
113,        20090630,            0.99
114,        20090701,            0.99
115,        20090702,            0.97
116,        20090706,            0.95
117,        20090707,            0.98
118,        20090708,            0.97
119,        20090709,            1.03
120,        20090710,            1.00
121,        20090713,            1.04
122,        20090714,            1.03
123,        20090715,            1.05
124,        20090716,            1.02
125,        20090717,            1.02
126,        20090720,            1.04
127,        20090721,            0.96
128,        20090722,            0.98
129,        20090723,            1.06
130,        20090724,            1.01
131,        20090727,            1.00
132,        20090728,            0.99
133,        20090729,            0.97
134,        20090730,            1.04
135,        20090731,            1.03
136,        20090803,            1.07
137,        20090804,            0.98
138,        20090805,            1.00
139,        20090806,            0.97
140,        20090807,            0.97
141,        20090810,            0.99
142,        20090811,            0.96
143,        20090812,            1.02
144,        20090813,            1.02
145,        20090814,            0.99
146,        20090817,            0.97
147,        20090818,            1.02
148,        20090819,            1.01
149,        20090820,            1.01
150,        20090821,            1.02
151,        20090824,            1.02
152,        20090825,            0.98
153,        20090826,            0.99
154,        20090827,            1.00
155,        20090828,            1.00
156,        20090831,            0.97
157,        20090901,            0.98
158,        20090902,            0.99
159,        20090903,            1.02
160,        20090904,            1.04
161,        20090908,            1.04
162,        20090909,            1.01
163,        20090910,            1.03
164,        20090911,            1.03
165,        20090914,            1.01
166,        20090915,            1.04
167,        20090916,            1.02
168,        20090917,            1.00
169,        20090918,            1.00
170,        20090921,            0.99
171,        20090922,            1.04
172,        20090923,            0.97
173,        20090924,            0.95
174,        20090925,            1.00
175,        20090928,            1.02
176,        20090929,            0.99
177,        20090930,            1.01
178,        20091001,            0.96
179,        20091002,            0.98
180,        20091005,            1.03
181,        20091006,            1.03
182,        20091007,            1.00
183,        20091008,            1.04
184,        20091009,            1.01
185,        20091012,            1.04
186,        20091013,            1.00
187,        20091014,            1.04
188,        20091015,            1.01
189,        20091016,            0.99
190,        20091019,            1.01
191,        20091020,            0.96
192,        20091021,            1.00
193,        20091022,            1.00
194,        20091023,            0.97
195,        20091026,            0.97
196,        20091027,            1.00
197,        20091028,            0.95
198,        20091029,            1.04
199,        20091030,            0.95
200,        20091102,            0.98
201,        20091103,            1.02
202,        20091104,            1.00
203,        20091105,            0.98
204,        20091106,            1.03
205,        20091109,            1.04
206,        20091110,            0.99
207,        20091111,            1.00
208,        20091112,            0.97
209,        20091113,            1.02
210,        20091116,            1.04
211,        20091117,            1.00
212,        20091118,            0.99
213,        20091119,            0.98
214,        20091120,            0.99
215,        20091123,            1.02
216,        20091124,            1.01
217,        20091125,            1.02
218,        20091127,            0.97
219,        20091130,            1.00
220,        20091201,            1.02
221,        20091202,            0.99
222,        20091203,            0.99
223,        20091204,            1.00
224,        20091207,            0.98
225,        20091208,            0.96
226,        20091209,            1.01
227,        20091210,            1.02
228,        20091211,            1.00
229,        20091214,            1.02
230,        20091215,            1.00
231,        20091216,            1.03
232,        20091217,            0.98
233,        20091218,            1.01
234,        20091221,            1.02
235,        20091222,            1.00
236,        20091223,            1.02
237,        20091224,            1.01
238,        20091228,            1.00
239,        20091229,            1.02
240,        20091230,            0.99
241,        20091231,            1.00
242,        20100104,            1.03
243,        20100105,            1.00
244,        20100106,            1.00
245,        20100107,            0.98
246,        20100108,            1.01
247,        20100111,            0.99
248,        20100112,            0.98
249,        20100113,            1.01
250,        20100114,            1.00
251,        20100115,            0.99
252,        20100119,            1.00
253,        20100120,            0.98
254,        20100121,            0.99
255,        20100122,            0.97
256,        20100125,            1.01
257,        20100126,            0.99
258,        20100127,            1.00
259,        20100128,            0.99
260,        20100129,            0.98
261,        20100201,            1.02
262,        20100202,            1.03
263,        20100203,            1.01
264,        20100204,            0.97
265,        20100205,            0.99
266,        20100208,            0.99
267,        20100209,            1.02
268,        20100210,            1.00
269,        20100211,            1.03
270,        20100212,            1.00
271,        20100216,            1.03
272,        20100217,            1.00
273,        20100218,            1.01
274,        20100219,            1.00
275,        20100222,            0.99
276,        20100223,            0.97
277,        20100224,            1.00
278,        20100225,            1.00
279,        20100226,            1.01
280,        20100301,            1.02
281,        20100302,            1.00
282,        20100303,            1.00
283,        20100304,            1.01
284,        20100305,            1.03
285,        20100308,            1.00
286,        20100309,            1.01
287,        20100310,            1.01
288,        20100311,            1.00
289,        20100312,            1.00
290,        20100315,            0.98
291,        20100316,            1.02
292,        20100317,            1.01
293,        20100318,            0.98
294,        20100319,            0.99
295,        20100322,            0.99
296,        20100323,            1.00
297,        20100324,            0.99
298,        20100325,            0.99
299,        20100326,            1.00
300,        20100329,            1.03
301,        20100330,            1.01
302,        20100331,            1.02
303,        20100401,            1.05
304,        20100405,            1.03
305,        20100406,            0.99
306,        20100407,            0.99
307,        20100408,            1.01
308,        20100409,            1.00
309,        20100412,            1.00
310,        20100413,            0.99
311,        20100414,            1.01
312,        20100415,            0.99
313,        20100416,            0.97
314,        20100419,            1.00
315,        20100420,            1.03
316,        20100421,            0.99
317,        20100422,            1.00
318,        20100423,            1.01
319,        20100426,            1.00
320,        20100427,            0.96
321,        20100428,            1.01
322,        20100429,            1.02
323,        20100430,            1.00
324,        20100503,            1.02
325,        20100504,            0.96
326,        20100505,            0.95
327,        20100506,            0.96
328,        20100507,            1.00
329,        20100510,            1.05
330,        20100511,            0.99
331,        20100512,            1.01
332,        20100513,            0.98
333,        20100514,            0.99
334,        20100517,            0.99
335,        20100518,            0.99
336,        20100519,            0.98
337,        20100520,            0.95
338,        20100521,            1.03
339,        20100524,            0.97
340,        20100525,            1.01
341,        20100526,            1.02
342,        20100527,            1.06
343,        20100528,            1.00
344,        20100601,            0.96
345,        20100602,            1.06
346,        20100603,            1.02
347,        20100604,            0.95
348,        20100607,            0.98
349,        20100608,            1.02
350,        20100609,            0.99
351,        20100610,            1.05
352,        20100611,            1.00
353,        20100614,            1.00
354,        20100615,            1.03
355,        20100616,            1.00
356,        20100617,            0.99
357,        20100618,            1.02
358,        20100621,            0.99
359,        20100622,            0.97
360,        20100623,            0.99
361,        20100624,            0.98
362,        20100625,            1.01
363,        20100628,            0.99
364,        20100629,            0.95
365,        20100630,            1.00
366,        20100701,            1.00
367,        20100702,            0.99
368,        20100706,            1.00
369,        20100707,            1.04
370,        20100708,            1.03
371,        20100709,            1.01
372,        20100712,            0.99
373,        20100713,            1.01
374,        20100714,            1.00
375,        20100715,            1.00
376,        20100716,            0.97
377,        20100719,            1.00
378,        20100720,            1.01
379,        20100721,            0.98
380,        20100722,            1.03
381,        20100723,            1.00
382,        20100726,            1.01
383,        20100727,            1.00
384,        20100728,            0.98
385,        20100729,            1.00
386,        20100730,            0.99
387,        20100802,            1.02
388,        20100803,            1.01
389,        20100804,            1.01
390,        20100805,            1.01
391,        20100806,            0.99
392,        20100809,            1.01
393,        20100810,            0.98
394,        20100811,            0.95
395,        20100812,            0.98
396,        20100813,            0.99
397,        20100816,            1.01
398,        20100817,            1.04
399,        20100818,            0.99
400,        20100819,            0.98
401,        20100820,            0.98
402,        20100823,            1.00
403,        20100824,            0.97
404,        20100825,            1.00
405,        20100826,            1.00
406,        20100827,            1.05
407,        20100830,            0.99
408,        20100831,            0.99
409,        20100901,            1.04
410,        20100902,            1.01
411,        20100903,            1.01
412,        20100907,            0.97
413,        20100908,            1.00
414,        20100909,            1.01
415,        20100910,            0.99
416,        20100913,            1.03
417,        20100914,            1.00
418,        20100915,            0.98
419,        20100916,            1.00
420,        20100917,            0.99
421,        20100920,            1.01
422,        20100921,            0.99
423,        20100922,            0.97
424,        20100923,            0.98
425,        20100924,            1.03
426,        20100927,            1.00
427,        20100928,            1.01
428,        20100929,            1.02
429,        20100930,            1.01
430,        20101001,            1.04
431,        20101004,            0.98
432,        20101005,            1.03
433,        20101006,            1.02
434,        20101007,            0.98
435,        20101008,            1.02
436,        20101011,            1.00
437,        20101012,            1.00
438,        20101013,            1.01
439,        20101014,            0.99
440,        20101015,            0.99
441,        20101018,            1.00
442,        20101019,            0.97
443,        20101020,            1.00
444,        20101021,            0.99
445,        20101022,            1.00
446,        20101025,            1.01
447,        20101026,            0.99
448,        20101027,            0.99
449,        20101028,            1.01
450,        20101029,            1.02
451,        20101101,            1.00
452,        20101102,            1.02
453,        20101103,            1.00
454,        20101104,            1.05
455,        20101105,            1.01
456,        20101108,            1.00
457,        20101109,            1.00
458,        20101110,            1.01
459,        20101111,            1.01
460,        20101112,            0.97
461,        20101115,            1.00
462,        20101116,            0.96
463,        20101117,            1.00
464,        20101118,            1.03
465,        20101119,            1.02
466,        20101122,            0.99
467,        20101123,            0.97
468,        20101124,            1.03
469,        20101126,            0.99
470,        20101129,            1.00
471,        20101130,            0.98
472,        20101201,            1.05
473,        20101202,            1.03
474,        20101203,            1.00
475,        20101206,            1.02
476,        20101207,            1.00
477,        20101208,            0.98
478,        20101209,            1.01
479,        20101210,            0.99
480,        20101213,            1.02
481,        20101214,            1.00
482,        20101215,            0.99
483,        20101216,            1.01
484,        20101217,            1.00
485,        20101220,            1.00
486,        20101221,            1.02
487,        20101222,            1.02
488,        20101223,            1.01
489,        20101227,            0.98
490,        20101228,            1.00
491,        20101229,            1.01
492,        20101230,            1.00
493,        20101231,            1.00
494,        20110103,            1.02
495,        20110104,            0.98
496,        20110105,            1.00
497,        20110106,            0.97
498,        20110107,            0.95
