0,        20090116,            1.02
1,        20090120,            1.00
2,        20090121,            0.97
3,        20090122,            1.07
4,        20090123,            1.01
5,        20090126,            0.96
6,        20090127,            1.01
7,        20090128,            1.06
8,        20090129,            1.00
9,        20090130,            1.00
10,        20090202,            1.02
11,        20090203,            1.10
12,        20090204,            1.00
13,        20090205,            1.00
14,        20090206,            1.01
15,        20090209,            1.01
16,        20090210,            0.98
17,        20090211,            1.01
18,        20090212,            0.93
19,        20090213,            1.07
20,        20090217,            0.99
21,        20090218,            0.97
22,        20090219,            0.88
23,        20090220,            1.09
24,        20090223,            0.97
25,        20090224,            1.02
26,        20090225,            1.05
27,        20090226,            0.93
28,        20090227,            1.04
29,        20090302,            0.95
30,        20090303,            1.02
31,        20090304,            0.95
32,        20090305,            0.93
33,        20090306,            1.00
34,        20090309,            1.01
35,        20090310,            1.05
36,        20090311,            1.01
37,        20090312,            1.03
38,        20090313,            0.99
39,        20090316,            0.93
40,        20090317,            1.07
41,        20090318,            1.03
42,        20090319,            1.01
43,        20090320,            1.02
44,        20090323,            1.04
45,        20090324,            0.98
46,        20090325,            1.02
47,        20090326,            1.01
48,        20090327,            0.97
49,        20090330,            1.06
50,        20090331,            0.94
51,        20090401,            0.98
52,        20090402,            1.02
53,        20090403,            0.97
54,        20090406,            1.00
55,        20090407,            0.92
56,        20090408,            0.95
57,        20090409,            1.00
58,        20090413,            0.98
59,        20090414,            1.04
60,        20090415,            1.02
61,        20090416,            1.07
62,        20090417,            1.02
63,        20090420,            0.98
64,        20090421,            0.90
65,        20090422,            1.01
66,        20090423,            0.95
67,        20090424,            1.01
68,        20090427,            0.97
69,        20090428,            1.01
70,        20090429,            1.02
71,        20090430,            0.97
72,        20090501,            0.98
73,        20090504,            1.02
74,        20090505,            1.01
75,        20090506,            1.00
76,        20090507,            0.98
77,        20090508,            1.00
78,        20090511,            1.03
79,        20090512,            1.03
80,        20090513,            0.99
81,        20090514,            1.04
82,        20090515,            1.01
83,        20090518,            1.00
84,        20090519,            1.01
85,        20090520,            0.99
86,        20090521,            0.99
87,        20090522,            0.99
88,        20090526,            1.03
89,        20090527,            0.94
90,        20090528,            0.95
91,        20090529,            1.03
92,        20090601,            1.02
93,        20090602,            1.04
94,        20090603,            0.99
95,        20090604,            0.97
96,        20090605,            0.99
97,        20090608,            1.02
98,        20090609,            1.02
99,        20090610,            0.97
100,        20090611,            1.00
101,        20090612,            0.98
102,        20090615,            0.99
103,        20090616,            1.01
104,        20090617,            1.06
105,        20090618,            1.03
106,        20090619,            0.99
107,        20090622,            0.96
108,        20090623,            0.98
109,        20090624,            1.00
110,        20090625,            1.05
111,        20090626,            1.01
112,        20090629,            0.98
113,        20090630,            1.04
114,        20090701,            0.99
115,        20090702,            0.96
116,        20090706,            0.97
117,        20090707,            0.98
118,        20090708,            0.99
119,        20090709,            0.97
120,        20090710,            1.01
121,        20090713,            1.00
122,        20090714,            1.00
123,        20090715,            1.02
124,        20090716,            1.01
125,        20090717,            1.02
126,        20090720,            0.98
127,        20090721,            1.04
128,        20090722,            1.05
129,        20090723,            0.97
130,        20090724,            0.99
131,        20090727,            0.97
132,        20090728,            1.00
133,        20090729,            1.00
134,        20090730,            1.00
135,        20090731,            0.99
136,        20090803,            1.01
137,        20090804,            1.00
138,        20090805,            1.01
139,        20090806,            0.99
140,        20090807,            1.02
141,        20090810,            1.01
142,        20090811,            1.02
143,        20090812,            0.96
144,        20090813,            1.02
145,        20090814,            0.99
146,        20090817,            0.99
147,        20090818,            1.01
148,        20090819,            1.02
149,        20090820,            1.02
150,        20090821,            1.02
151,        20090824,            1.03
152,        20090825,            1.07
153,        20090826,            1.02
154,        20090827,            1.03
155,        20090828,            0.98
156,        20090831,            1.00
157,        20090901,            1.00
158,        20090902,            1.01
159,        20090903,            1.00
160,        20090904,            0.98
161,        20090908,            0.99
162,        20090909,            1.01
163,        20090910,            1.00
164,        20090911,            0.96
165,        20090914,            1.04
166,        20090915,            1.01
167,        20090916,            1.00
168,        20090917,            0.99
169,        20090918,            0.99
170,        20090921,            1.07
171,        20090922,            0.94
172,        20090923,            0.93
173,        20090924,            1.02
174,        20090925,            0.99
175,        20090928,            1.01
176,        20090929,            1.04
177,        20090930,            1.00
178,        20091001,            0.97
179,        20091002,            0.99
180,        20091005,            1.00
181,        20091006,            1.02
182,        20091007,            1.00
183,        20091008,            1.00
184,        20091009,            1.00
185,        20091012,            0.98
186,        20091013,            0.95
187,        20091014,            1.07
188,        20091015,            0.99
189,        20091016,            0.96
190,        20091019,            1.01
191,        20091020,            1.04
192,        20091021,            0.98
193,        20091022,            1.00
194,        20091023,            0.98
195,        20091026,            0.98
196,        20091027,            1.01
197,        20091028,            0.96
198,        20091029,            0.96
199,        20091030,            0.99
200,        20091102,            1.01
201,        20091103,            0.97
202,        20091104,            0.96
203,        20091105,            1.01
204,        20091106,            0.98
205,        20091109,            1.01
206,        20091110,            1.03
207,        20091111,            0.99
208,        20091112,            1.03
209,        20091113,            0.99
210,        20091116,            1.04
211,        20091117,            0.99
212,        20091118,            1.01
213,        20091119,            0.95
214,        20091120,            0.99
215,        20091123,            0.99
216,        20091124,            0.99
217,        20091125,            0.99
218,        20091127,            1.00
219,        20091130,            0.99
220,        20091201,            0.98
221,        20091202,            1.00
222,        20091203,            0.98
223,        20091204,            0.98
224,        20091207,            1.00
225,        20091208,            0.99
226,        20091209,            1.01
227,        20091210,            0.98
228,        20091211,            1.00
229,        20091214,            1.03
230,        20091215,            0.99
231,        20091216,            1.00
232,        20091217,            0.95
233,        20091218,            1.03
234,        20091221,            0.98
235,        20091222,            1.01
236,        20091223,            1.00
237,        20091224,            1.01
238,        20091228,            1.01
239,        20091229,            1.00
240,        20091230,            0.99
241,        20091231,            1.01
242,        20100104,            0.98
243,        20100105,            1.00
244,        20100106,            1.03
245,        20100107,            1.01
246,        20100108,            0.99
247,        20100111,            1.00
248,        20100112,            0.99
249,        20100113,            1.00
250,        20100114,            1.00
251,        20100115,            0.98
252,        20100119,            1.00
253,        20100120,            1.00
254,        20100121,            1.00
255,        20100122,            1.00
256,        20100125,            1.00
257,        20100126,            1.01
258,        20100127,            1.07
259,        20100128,            0.99
260,        20100129,            0.99
261,        20100201,            1.02
262,        20100202,            0.97
263,        20100203,            1.02
264,        20100204,            0.94
265,        20100205,            0.99
266,        20100208,            0.99
267,        20100209,            1.04
268,        20100210,            1.00
269,        20100211,            1.01
270,        20100212,            1.01
271,        20100216,            1.04
272,        20100217,            1.03
273,        20100218,            1.04
274,        20100219,            1.01
275,        20100222,            1.01
276,        20100223,            0.98
277,        20100224,            1.04
278,        20100225,            1.01
279,        20100226,            1.01
280,        20100301,            1.03
281,        20100302,            0.99
282,        20100303,            1.02
283,        20100304,            1.02
284,        20100305,            1.03
285,        20100308,            1.00
286,        20100309,            0.99
287,        20100310,            1.01
288,        20100311,            1.00
289,        20100312,            1.02
290,        20100315,            0.99
291,        20100316,            1.04
292,        20100317,            1.01
293,        20100318,            1.01
294,        20100319,            0.99
295,        20100322,            1.02
296,        20100323,            1.01
297,        20100324,            1.00
298,        20100325,            0.99
299,        20100326,            0.96
300,        20100329,            1.00
301,        20100330,            1.01
302,        20100331,            0.96
303,        20100401,            1.00
304,        20100405,            1.00
305,        20100406,            1.02
306,        20100407,            1.00
307,        20100408,            0.98
308,        20100409,            0.98
309,        20100412,            1.00
310,        20100413,            1.07
311,        20100414,            0.99
312,        20100415,            1.01
313,        20100416,            0.99
314,        20100419,            0.99
315,        20100420,            1.00
316,        20100421,            1.04
317,        20100422,            0.97
318,        20100423,            0.96
319,        20100426,            0.97
320,        20100427,            0.98
321,        20100428,            1.00
322,        20100429,            0.95
323,        20100430,            0.98
324,        20100503,            1.02
325,        20100504,            0.94
326,        20100505,            0.99
327,        20100506,            0.99
328,        20100507,            0.97
329,        20100510,            1.04
330,        20100511,            0.98
331,        20100512,            1.04
332,        20100513,            0.97
333,        20100514,            0.96
334,        20100517,            1.13
335,        20100518,            0.94
336,        20100519,            1.04
337,        20100520,            0.94
338,        20100521,            0.99
339,        20100524,            0.98
340,        20100525,            0.98
341,        20100526,            1.00
342,        20100527,            0.97
343,        20100528,            1.00
344,        20100601,            0.96
345,        20100602,            1.02
346,        20100603,            0.98
347,        20100604,            0.98
348,        20100607,            0.94
349,        20100608,            1.01
350,        20100609,            0.98
351,        20100610,            1.00
352,        20100611,            1.02
353,        20100614,            0.98
354,        20100615,            1.02
355,        20100616,            1.00
356,        20100617,            0.95
357,        20100618,            1.01
358,        20100621,            0.97
359,        20100622,            0.95
360,        20100623,            0.98
361,        20100624,            1.04
362,        20100625,            0.95
363,        20100628,            1.01
364,        20100629,            0.97
365,        20100630,            0.98
366,        20100701,            0.98
367,        20100702,            0.94
368,        20100706,            0.95
369,        20100707,            1.01
370,        20100708,            1.07
371,        20100709,            1.07
372,        20100712,            0.96
373,        20100713,            1.02
374,        20100714,            0.96
375,        20100715,            1.02
376,        20100716,            0.98
377,        20100719,            1.09
378,        20100720,            1.01
379,        20100721,            0.95
380,        20100722,            1.02
381,        20100723,            1.00
382,        20100726,            0.98
383,        20100727,            0.98
384,        20100728,            0.98
385,        20100729,            0.97
386,        20100730,            0.98
387,        20100802,            1.02
388,        20100803,            0.94
389,        20100804,            0.97
390,        20100805,            0.93
391,        20100806,            1.02
392,        20100809,            1.01
393,        20100810,            0.96
394,        20100811,            0.97
395,        20100812,            0.93
396,        20100813,            0.95
397,        20100816,            0.78
398,        20100817,            0.96
399,        20100818,            1.06
400,        20100819,            1.02
401,        20100820,            0.83
402,        20100823,            0.99
403,        20100824,            0.98
404,        20100825,            1.08
405,        20100826,            0.99
406,        20100827,            1.03
407,        20100830,            1.10
408,        20100831,            0.92
409,        20100901,            1.04
410,        20100902,            1.02
411,        20100903,            0.99
412,        20100907,            0.98
413,        20100908,            0.97
414,        20100909,            1.11
415,        20100910,            1.00
416,        20100913,            1.07
417,        20100914,            0.98
418,        20100915,            0.99
419,        20100916,            1.08
420,        20100917,            1.05
421,        20100920,            1.01
422,        20100921,            0.98
423,        20100922,            0.98
424,        20100923,            1.05
425,        20100924,            0.97
426,        20100927,            0.99
427,        20100928,            1.05
428,        20100929,            1.00
429,        20100930,            1.07
430,        20101001,            1.02
431,        20101004,            0.97
432,        20101005,            1.03
433,        20101006,            0.97
434,        20101007,            0.93
435,        20101008,            0.98
436,        20101011,            1.00
437,        20101012,            0.93
438,        20101013,            1.02
439,        20101014,            0.80
440,        20101015,            0.99
441,        20101018,            1.05
442,        20101019,            0.98
443,        20101020,            0.98
444,        20101021,            0.97
445,        20101022,            1.03
446,        20101025,            1.01
447,        20101026,            1.04
448,        20101027,            1.07
449,        20101028,            1.01
450,        20101029,            0.97
451,        20101101,            0.98
452,        20101102,            0.95
453,        20101103,            0.92
454,        20101104,            0.88
455,        20101105,            1.02
456,        20101108,            1.03
457,        20101109,            1.00
458,        20101110,            1.00
459,        20101111,            1.00
460,        20101112,            1.01
461,        20101115,            1.05
462,        20101116,            0.99
463,        20101117,            0.98
464,        20101118,            1.04
465,        20101119,            1.06
466,        20101122,            0.97
467,        20101123,            0.97
468,        20101124,            0.97
469,        20101126,            0.99
470,        20101129,            1.00
471,        20101130,            0.97
472,        20101201,            0.99
473,        20101202,            1.04
474,        20101203,            1.04
475,        20101206,            0.96
476,        20101207,            1.00
477,        20101208,            1.05
478,        20101209,            0.97
479,        20101210,            1.03
480,        20101213,            0.99
481,        20101214,            0.99
482,        20101215,            1.00
483,        20101216,            0.99
484,        20101217,            1.03
485,        20101220,            1.03
486,        20101221,            0.98
487,        20101222,            1.03
488,        20101223,            1.01
489,        20101227,            1.00
490,        20101228,            0.99
491,        20101229,            1.03
492,        20101230,            1.09
493,        20101231,            1.01
494,        20110103,            0.98
495,        20110104,            1.00
496,        20110105,            1.03
497,        20110106,            1.07
498,        20110107,            0.95
