0,        20090116,            0.99
1,        20090120,            0.97
2,        20090121,            1.04
3,        20090122,            0.98
4,        20090123,            0.97
5,        20090126,            0.98
6,        20090127,            1.06
7,        20090128,            1.02
8,        20090129,            0.99
9,        20090130,            0.92
10,        20090202,            1.02
11,        20090203,            1.02
12,        20090204,            1.02
13,        20090205,            1.02
14,        20090206,            1.01
15,        20090209,            0.98
16,        20090210,            1.04
17,        20090211,            0.99
18,        20090212,            1.01
19,        20090213,            1.01
20,        20090217,            0.98
21,        20090218,            0.98
22,        20090219,            0.99
23,        20090220,            0.99
24,        20090223,            0.97
25,        20090224,            1.02
26,        20090225,            0.97
27,        20090226,            0.95
28,        20090227,            1.02
29,        20090302,            0.94
30,        20090303,            0.99
31,        20090304,            1.08
32,        20090305,            0.99
33,        20090306,            1.01
34,        20090309,            0.97
35,        20090310,            1.07
36,        20090311,            1.00
37,        20090312,            1.05
38,        20090313,            1.05
39,        20090316,            0.97
40,        20090317,            0.99
41,        20090318,            1.02
42,        20090319,            0.99
43,        20090320,            1.00
44,        20090323,            1.05
45,        20090324,            0.99
46,        20090325,            1.01
47,        20090326,            1.00
48,        20090327,            0.97
49,        20090330,            0.96
50,        20090331,            1.00
51,        20090401,            1.00
52,        20090402,            1.02
53,        20090403,            0.99
54,        20090406,            1.03
55,        20090407,            0.99
56,        20090408,            1.02
57,        20090409,            1.02
58,        20090413,            0.99
59,        20090414,            0.99
60,        20090415,            1.01
61,        20090416,            1.01
62,        20090417,            1.01
63,        20090420,            0.91
64,        20090421,            0.98
65,        20090422,            0.94
66,        20090423,            1.01
67,        20090424,            1.01
68,        20090427,            1.00
69,        20090428,            1.03
70,        20090429,            1.03
71,        20090430,            1.02
72,        20090501,            0.99
73,        20090504,            1.03
74,        20090505,            0.99
75,        20090506,            1.01
76,        20090507,            0.98
77,        20090508,            1.02
78,        20090511,            0.98
79,        20090512,            1.01
80,        20090513,            0.98
81,        20090514,            1.02
82,        20090515,            0.99
83,        20090518,            1.03
84,        20090519,            1.02
85,        20090520,            1.02
86,        20090521,            0.99
87,        20090522,            1.01
88,        20090526,            1.02
89,        20090527,            0.99
90,        20090528,            1.02
91,        20090529,            1.02
92,        20090601,            1.00
93,        20090602,            1.01
94,        20090603,            0.99
95,        20090604,            1.01
96,        20090605,            1.00
97,        20090608,            0.98
98,        20090609,            1.00
99,        20090610,            0.99
100,        20090611,            1.00
101,        20090612,            1.01
102,        20090615,            0.98
103,        20090616,            0.98
104,        20090617,            1.02
105,        20090618,            1.03
106,        20090619,            1.02
107,        20090622,            1.00
108,        20090623,            0.99
109,        20090624,            1.01
110,        20090625,            1.02
111,        20090626,            1.01
112,        20090629,            0.99
113,        20090630,            1.02
114,        20090701,            0.99
115,        20090702,            0.98
116,        20090706,            0.97
117,        20090707,            0.99
118,        20090708,            0.98
119,        20090709,            1.00
120,        20090710,            1.00
121,        20090713,            1.00
122,        20090714,            1.02
123,        20090715,            1.00
124,        20090716,            1.00
125,        20090717,            0.99
126,        20090720,            1.01
127,        20090721,            1.02
128,        20090722,            0.95
129,        20090723,            1.02
130,        20090724,            1.01
131,        20090727,            1.00
132,        20090728,            1.03
133,        20090729,            0.99
134,        20090730,            1.05
135,        20090731,            0.99
136,        20090803,            1.01
137,        20090804,            1.03
138,        20090805,            0.91
139,        20090806,            1.01
140,        20090807,            1.02
141,        20090810,            1.01
142,        20090811,            0.99
143,        20090812,            1.03
144,        20090813,            1.03
145,        20090814,            0.98
146,        20090817,            0.98
147,        20090818,            1.00
148,        20090819,            1.03
149,        20090820,            1.02
150,        20090821,            1.02
151,        20090824,            0.99
152,        20090825,            1.00
153,        20090826,            1.00
154,        20090827,            1.00
155,        20090828,            0.99
156,        20090831,            0.99
157,        20090901,            0.99
158,        20090902,            1.00
159,        20090903,            1.00
160,        20090904,            1.02
161,        20090908,            1.01
162,        20090909,            1.02
163,        20090910,            1.03
164,        20090911,            1.00
165,        20090914,            1.01
166,        20090915,            0.97
167,        20090916,            1.03
168,        20090917,            0.99
169,        20090918,            0.99
170,        20090921,            0.99
171,        20090922,            1.01
172,        20090923,            1.00
173,        20090924,            0.99
174,        20090925,            1.01
175,        20090928,            1.01
176,        20090929,            1.01
177,        20090930,            1.00
178,        20091001,            0.98
179,        20091002,            0.98
180,        20091005,            1.03
181,        20091006,            1.03
182,        20091007,            1.01
183,        20091008,            1.02
184,        20091009,            0.99
185,        20091012,            0.99
186,        20091013,            0.99
187,        20091014,            1.01
188,        20091015,            1.00
189,        20091016,            0.98
190,        20091019,            1.00
191,        20091020,            0.99
192,        20091021,            1.02
193,        20091022,            1.04
194,        20091023,            0.97
195,        20091026,            0.97
196,        20091027,            0.99
197,        20091028,            0.98
198,        20091029,            1.01
199,        20091030,            0.98
200,        20091102,            1.01
201,        20091103,            1.01
202,        20091104,            0.92
203,        20091105,            1.01
204,        20091106,            1.00
205,        20091109,            0.98
206,        20091110,            0.98
207,        20091111,            0.99
208,        20091112,            0.99
209,        20091113,            1.00
210,        20091116,            0.99
211,        20091117,            1.00
212,        20091118,            1.00
213,        20091119,            1.00
214,        20091120,            1.00
215,        20091123,            1.00
216,        20091124,            0.99
217,        20091125,            1.01
218,        20091127,            0.99
219,        20091130,            0.99
220,        20091201,            1.02
221,        20091202,            1.02
222,        20091203,            0.99
223,        20091204,            0.99
224,        20091207,            0.99
225,        20091208,            0.98
226,        20091209,            0.99
227,        20091210,            1.01
228,        20091211,            0.98
229,        20091214,            1.04
230,        20091215,            1.00
231,        20091216,            0.98
232,        20091217,            0.98
233,        20091218,            1.00
234,        20091221,            1.02
235,        20091222,            1.01
236,        20091223,            1.01
237,        20091224,            1.01
238,        20091228,            1.01
239,        20091229,            1.01
240,        20091230,            1.00
241,        20091231,            1.00
242,        20100104,            1.00
243,        20100105,            1.01
244,        20100106,            0.99
245,        20100107,            1.04
246,        20100108,            0.99
247,        20100111,            1.01
248,        20100112,            1.04
249,        20100113,            1.06
250,        20100114,            0.98
251,        20100115,            1.00
252,        20100119,            1.01
253,        20100120,            0.98
254,        20100121,            1.00
255,        20100122,            0.98
256,        20100125,            1.00
257,        20100126,            1.01
258,        20100127,            1.01
259,        20100128,            0.98
260,        20100129,            1.00
261,        20100201,            1.00
262,        20100202,            1.02
263,        20100203,            0.99
264,        20100204,            0.96
265,        20100205,            1.01
266,        20100208,            1.00
267,        20100209,            1.01
268,        20100210,            0.99
269,        20100211,            1.01
270,        20100212,            1.01
271,        20100216,            1.01
272,        20100217,            1.01
273,        20100218,            1.01
274,        20100219,            1.00
275,        20100222,            0.99
276,        20100223,            0.99
277,        20100224,            1.03
278,        20100225,            1.00
279,        20100226,            1.00
280,        20100301,            1.01
281,        20100302,            1.01
282,        20100303,            1.02
283,        20100304,            0.99
284,        20100305,            1.00
285,        20100308,            0.99
286,        20100309,            0.98
287,        20100310,            0.99
288,        20100311,            1.04
289,        20100312,            1.00
290,        20100315,            0.99
291,        20100316,            1.00
292,        20100317,            1.00
293,        20100318,            1.00
294,        20100319,            1.01
295,        20100322,            1.01
296,        20100323,            1.01
297,        20100324,            1.01
298,        20100325,            1.00
299,        20100326,            0.99
300,        20100329,            1.01
301,        20100330,            1.00
302,        20100331,            0.99
303,        20100401,            1.02
304,        20100405,            1.00
305,        20100406,            1.00
306,        20100407,            0.99
307,        20100408,            0.99
308,        20100409,            1.05
309,        20100412,            0.97
310,        20100413,            1.00
311,        20100414,            1.01
312,        20100415,            1.01
313,        20100416,            0.99
314,        20100419,            0.99
315,        20100420,            1.01
316,        20100421,            1.00
317,        20100422,            0.98
318,        20100423,            1.00
319,        20100426,            0.84
320,        20100427,            1.01
321,        20100428,            1.01
322,        20100429,            1.00
323,        20100430,            0.98
324,        20100503,            0.99
325,        20100504,            0.97
326,        20100505,            1.00
327,        20100506,            0.96
328,        20100507,            0.98
329,        20100510,            1.02
330,        20100511,            1.01
331,        20100512,            1.04
332,        20100513,            1.01
333,        20100514,            0.97
334,        20100517,            1.02
335,        20100518,            1.00
336,        20100519,            1.00
337,        20100520,            0.99
338,        20100521,            1.01
339,        20100524,            0.98
340,        20100525,            1.00
341,        20100526,            1.01
342,        20100527,            1.04
343,        20100528,            1.01
344,        20100601,            0.99
345,        20100602,            1.02
346,        20100603,            1.01
347,        20100604,            0.96
348,        20100607,            0.98
349,        20100608,            1.04
350,        20100609,            1.04
351,        20100610,            1.00
352,        20100611,            1.03
353,        20100614,            0.99
354,        20100615,            1.02
355,        20100616,            0.97
356,        20100617,            1.02
357,        20100618,            1.01
358,        20100621,            0.99
359,        20100622,            0.97
360,        20100623,            0.99
361,        20100624,            0.99
362,        20100625,            1.02
363,        20100628,            0.99
364,        20100629,            0.97
365,        20100630,            1.01
366,        20100701,            0.99
367,        20100702,            0.99
368,        20100706,            1.00
369,        20100707,            1.02
370,        20100708,            1.01
371,        20100709,            1.00
372,        20100712,            0.99
373,        20100713,            1.03
374,        20100714,            0.98
375,        20100715,            1.00
376,        20100716,            0.98
377,        20100719,            1.00
378,        20100720,            1.00
379,        20100721,            0.99
380,        20100722,            1.01
381,        20100723,            1.01
382,        20100726,            1.02
383,        20100727,            0.97
384,        20100728,            0.98
385,        20100729,            0.94
386,        20100730,            0.97
387,        20100802,            0.96
388,        20100803,            1.01
389,        20100804,            1.03
390,        20100805,            0.99
391,        20100806,            1.00
392,        20100809,            1.01
393,        20100810,            0.98
394,        20100811,            0.98
395,        20100812,            1.01
396,        20100813,            0.99
397,        20100816,            1.01
398,        20100817,            1.01
399,        20100818,            1.00
400,        20100819,            0.99
401,        20100820,            1.00
402,        20100823,            0.99
403,        20100824,            0.98
404,        20100825,            1.00
405,        20100826,            0.99
406,        20100827,            1.01
407,        20100830,            0.99
408,        20100831,            0.98
409,        20100901,            1.02
410,        20100902,            1.03
411,        20100903,            1.02
412,        20100907,            0.97
413,        20100908,            1.00
414,        20100909,            1.00
415,        20100910,            1.00
416,        20100913,            1.02
417,        20100914,            0.99
418,        20100915,            1.04
419,        20100916,            1.01
420,        20100917,            1.02
421,        20100920,            1.01
422,        20100921,            1.00
423,        20100922,            0.99
424,        20100923,            1.00
425,        20100924,            1.02
426,        20100927,            1.00
427,        20100928,            0.99
428,        20100929,            1.03
429,        20100930,            1.00
430,        20101001,            1.01
431,        20101004,            0.98
432,        20101005,            1.01
433,        20101006,            0.98
434,        20101007,            1.00
435,        20101008,            1.01
436,        20101011,            1.00
437,        20101012,            1.00
438,        20101013,            1.00
439,        20101014,            1.00
440,        20101015,            1.01
441,        20101018,            0.99
442,        20101019,            0.98
443,        20101020,            1.00
444,        20101021,            1.00
445,        20101022,            1.00
446,        20101025,            1.01
447,        20101026,            1.00
448,        20101027,            1.00
449,        20101028,            1.00
450,        20101029,            1.00
451,        20101101,            1.00
452,        20101102,            1.01
453,        20101103,            1.00
454,        20101104,            0.97
455,        20101105,            0.99
456,        20101108,            1.00
457,        20101109,            1.01
458,        20101110,            1.00
459,        20101111,            1.01
460,        20101112,            0.99
461,        20101115,            1.02
462,        20101116,            1.01
463,        20101117,            1.00
464,        20101118,            1.02
465,        20101119,            1.00
466,        20101122,            1.00
467,        20101123,            0.99
468,        20101124,            1.01
469,        20101126,            0.99
470,        20101129,            1.00
471,        20101130,            0.99
472,        20101201,            1.02
473,        20101202,            1.01
474,        20101203,            1.00
475,        20101206,            1.01
476,        20101207,            1.01
477,        20101208,            0.99
478,        20101209,            1.03
479,        20101210,            1.01
480,        20101213,            0.99
481,        20101214,            1.00
482,        20101215,            1.01
483,        20101216,            1.01
484,        20101217,            1.00
485,        20101220,            1.00
486,        20101221,            1.00
487,        20101222,            1.01
488,        20101223,            1.00
489,        20101227,            1.01
490,        20101228,            0.99
491,        20101229,            1.01
492,        20101230,            1.00
493,        20101231,            0.99
494,        20110103,            1.01
495,        20110104,            1.01
496,        20110105,            1.01
497,        20110106,            0.99
498,        20110107,            1.01
