0,        20090116,            1.01
1,        20090120,            0.94
2,        20090121,            1.05
3,        20090122,            0.95
4,        20090123,            0.98
5,        20090126,            0.96
6,        20090127,            1.02
7,        20090128,            1.05
8,        20090129,            0.95
9,        20090130,            0.97
10,        20090202,            1.01
11,        20090203,            1.03
12,        20090204,            1.04
13,        20090205,            1.06
14,        20090206,            1.05
15,        20090209,            0.97
16,        20090210,            0.95
17,        20090211,            1.00
18,        20090212,            0.97
19,        20090213,            0.97
20,        20090217,            0.93
21,        20090218,            0.96
22,        20090219,            0.94
23,        20090220,            0.95
24,        20090223,            0.93
25,        20090224,            1.05
26,        20090225,            0.95
27,        20090226,            1.01
28,        20090227,            1.01
29,        20090302,            0.90
30,        20090303,            1.02
31,        20090304,            1.06
32,        20090305,            0.94
33,        20090306,            1.01
34,        20090309,            1.01
35,        20090310,            1.08
36,        20090311,            1.03
37,        20090312,            1.04
38,        20090313,            0.99
39,        20090316,            1.02
40,        20090317,            1.02
41,        20090318,            1.01
42,        20090319,            1.02
43,        20090320,            0.97
44,        20090323,            1.12
45,        20090324,            1.02
46,        20090325,            0.99
47,        20090326,            1.04
48,        20090327,            0.98
49,        20090330,            0.92
50,        20090331,            1.01
51,        20090401,            1.04
52,        20090402,            1.05
53,        20090403,            1.03
54,        20090406,            0.99
55,        20090407,            0.95
56,        20090408,            0.98
57,        20090409,            1.09
58,        20090413,            1.00
59,        20090414,            0.99
60,        20090415,            1.06
61,        20090416,            1.03
62,        20090417,            0.98
63,        20090420,            0.93
64,        20090421,            1.03
65,        20090422,            1.03
66,        20090423,            0.99
67,        20090424,            1.04
68,        20090427,            0.97
69,        20090428,            0.98
70,        20090429,            1.05
71,        20090430,            1.03
72,        20090501,            1.04
73,        20090504,            1.05
74,        20090505,            1.01
75,        20090506,            1.04
76,        20090507,            0.93
77,        20090508,            1.03
78,        20090511,            0.98
79,        20090512,            1.00
80,        20090513,            0.94
81,        20090514,            1.02
82,        20090515,            1.00
83,        20090518,            1.06
84,        20090519,            0.99
85,        20090520,            1.01
86,        20090521,            0.94
87,        20090522,            1.01
88,        20090526,            1.02
89,        20090527,            1.00
90,        20090528,            0.98
91,        20090529,            1.04
92,        20090601,            1.08
93,        20090602,            0.99
94,        20090603,            0.96
95,        20090604,            1.04
96,        20090605,            1.00
97,        20090608,            0.99
98,        20090609,            1.00
99,        20090610,            0.99
100,        20090611,            0.99
101,        20090612,            0.99
102,        20090615,            0.96
103,        20090616,            0.97
104,        20090617,            0.98
105,        20090618,            0.99
106,        20090619,            0.99
107,        20090622,            0.97
108,        20090623,            1.01
109,        20090624,            1.02
110,        20090625,            1.05
111,        20090626,            0.99
112,        20090629,            1.01
113,        20090630,            0.95
114,        20090701,            1.01
115,        20090702,            0.95
116,        20090706,            0.99
117,        20090707,            0.95
118,        20090708,            1.00
119,        20090709,            1.00
120,        20090710,            0.99
121,        20090713,            1.04
122,        20090714,            1.01
123,        20090715,            1.05
124,        20090716,            1.01
125,        20090717,            0.98
126,        20090720,            1.04
127,        20090721,            1.02
128,        20090722,            0.99
129,        20090723,            1.05
130,        20090724,            1.01
131,        20090727,            1.01
132,        20090728,            0.99
133,        20090729,            0.98
134,        20090730,            1.04
135,        20090731,            1.02
136,        20090803,            1.04
137,        20090804,            1.00
138,        20090805,            1.00
139,        20090806,            1.00
140,        20090807,            1.02
141,        20090810,            0.98
142,        20090811,            0.99
143,        20090812,            1.02
144,        20090813,            1.00
145,        20090814,            0.98
146,        20090817,            0.95
147,        20090818,            1.06
148,        20090819,            0.97
149,        20090820,            1.00
150,        20090821,            1.02
151,        20090824,            1.01
152,        20090825,            1.02
153,        20090826,            0.97
154,        20090827,            1.00
155,        20090828,            0.99
156,        20090831,            0.98
157,        20090901,            0.97
158,        20090902,            0.97
159,        20090903,            1.00
160,        20090904,            1.02
161,        20090908,            1.01
162,        20090909,            1.01
163,        20090910,            1.00
164,        20090911,            1.00
165,        20090914,            1.01
166,        20090915,            1.04
167,        20090916,            1.00
168,        20090917,            1.02
169,        20090918,            0.98
170,        20090921,            1.00
171,        20090922,            1.03
172,        20090923,            0.98
173,        20090924,            0.98
174,        20090925,            0.99
175,        20090928,            0.97
176,        20090929,            1.01
177,        20090930,            0.99
178,        20091001,            0.96
179,        20091002,            0.99
180,        20091005,            1.02
181,        20091006,            1.02
182,        20091007,            0.99
183,        20091008,            1.01
184,        20091009,            1.00
185,        20091012,            0.99
186,        20091013,            1.00
187,        20091014,            1.03
188,        20091015,            1.01
189,        20091016,            1.00
190,        20091019,            1.05
191,        20091020,            1.00
192,        20091021,            1.05
193,        20091022,            1.01
194,        20091023,            0.99
195,        20091026,            1.00
196,        20091027,            0.98
197,        20091028,            0.97
198,        20091029,            1.05
199,        20091030,            0.96
200,        20091102,            1.02
201,        20091103,            1.02
202,        20091104,            0.99
203,        20091105,            1.03
204,        20091106,            0.98
205,        20091109,            1.03
206,        20091110,            1.00
207,        20091111,            0.99
208,        20091112,            0.99
209,        20091113,            1.00
210,        20091116,            1.03
211,        20091117,            1.00
212,        20091118,            1.05
213,        20091119,            0.99
214,        20091120,            1.00
215,        20091123,            1.02
216,        20091124,            1.01
217,        20091125,            1.03
218,        20091127,            0.98
219,        20091130,            1.02
220,        20091201,            1.01
221,        20091202,            1.00
222,        20091203,            1.01
223,        20091204,            1.00
224,        20091207,            0.99
225,        20091208,            0.98
226,        20091209,            1.01
227,        20091210,            1.00
228,        20091211,            1.00
229,        20091214,            1.02
230,        20091215,            1.00
231,        20091216,            1.02
232,        20091217,            0.99
233,        20091218,            1.01
234,        20091221,            1.01
235,        20091222,            1.02
236,        20091223,            0.99
237,        20091224,            1.00
238,        20091228,            0.99
239,        20091229,            0.98
240,        20091230,            1.00
241,        20091231,            0.99
242,        20100104,            1.04
243,        20100105,            1.00
244,        20100106,            1.00
245,        20100107,            1.01
246,        20100108,            1.03
247,        20100111,            1.04
248,        20100112,            0.96
249,        20100113,            1.02
250,        20100114,            1.00
251,        20100115,            0.97
252,        20100119,            1.02
253,        20100120,            0.97
254,        20100121,            0.99
255,        20100122,            0.96
256,        20100125,            1.01
257,        20100126,            0.99
258,        20100127,            0.98
259,        20100128,            0.98
260,        20100129,            0.98
261,        20100201,            1.03
262,        20100202,            1.02
263,        20100203,            0.99
264,        20100204,            0.96
265,        20100205,            1.00
266,        20100208,            0.98
267,        20100209,            1.03
268,        20100210,            0.99
269,        20100211,            1.05
270,        20100212,            1.02
271,        20100216,            1.01
272,        20100217,            1.05
273,        20100218,            1.01
274,        20100219,            1.00
275,        20100222,            0.99
276,        20100223,            0.99
277,        20100224,            1.00
278,        20100225,            1.01
279,        20100226,            1.01
280,        20100301,            1.02
281,        20100302,            1.00
282,        20100303,            1.01
283,        20100304,            1.00
284,        20100305,            1.02
285,        20100308,            0.99
286,        20100309,            1.00
287,        20100310,            0.99
288,        20100311,            0.99
289,        20100312,            1.02
290,        20100315,            0.99
291,        20100316,            1.01
292,        20100317,            1.01
293,        20100318,            0.99
294,        20100319,            1.00
295,        20100322,            1.02
296,        20100323,            1.03
297,        20100324,            0.98
298,        20100325,            1.00
299,        20100326,            1.01
300,        20100329,            1.01
301,        20100330,            1.00
302,        20100331,            0.97
303,        20100401,            1.00
304,        20100405,            1.02
305,        20100406,            1.00
306,        20100407,            1.00
307,        20100408,            1.00
308,        20100409,            1.02
309,        20100412,            1.01
310,        20100413,            0.99
311,        20100414,            1.00
312,        20100415,            1.00
313,        20100416,            0.98
314,        20100419,            1.00
315,        20100420,            1.00
316,        20100421,            1.00
317,        20100422,            1.01
318,        20100423,            1.01
319,        20100426,            1.01
320,        20100427,            0.95
321,        20100428,            1.00
322,        20100429,            1.02
323,        20100430,            0.99
324,        20100503,            1.03
325,        20100504,            0.95
326,        20100505,            0.98
327,        20100506,            0.98
328,        20100507,            1.00
329,        20100510,            1.05
330,        20100511,            1.00
331,        20100512,            1.03
332,        20100513,            0.98
333,        20100514,            0.97
334,        20100517,            0.99
335,        20100518,            0.99
336,        20100519,            1.03
337,        20100520,            0.96
338,        20100521,            1.04
339,        20100524,            0.96
340,        20100525,            0.99
341,        20100526,            1.00
342,        20100527,            1.06
343,        20100528,            0.97
344,        20100601,            0.99
345,        20100602,            1.05
346,        20100603,            0.99
347,        20100604,            0.95
348,        20100607,            0.96
349,        20100608,            1.01
350,        20100609,            1.00
351,        20100610,            1.05
352,        20100611,            1.02
353,        20100614,            0.98
354,        20100615,            1.03
355,        20100616,            1.00
356,        20100617,            1.00
357,        20100618,            1.00
358,        20100621,            1.02
359,        20100622,            0.98
360,        20100623,            1.00
361,        20100624,            0.98
362,        20100625,            1.03
363,        20100628,            0.98
364,        20100629,            0.95
365,        20100630,            1.00
366,        20100701,            0.99
367,        20100702,            0.99
368,        20100706,            1.00
369,        20100707,            1.04
370,        20100708,            1.01
371,        20100709,            1.01
372,        20100712,            0.99
373,        20100713,            1.03
374,        20100714,            1.01
375,        20100715,            1.02
376,        20100716,            0.98
377,        20100719,            1.01
378,        20100720,            1.01
379,        20100721,            1.02
380,        20100722,            1.02
381,        20100723,            1.03
382,        20100726,            1.01
383,        20100727,            0.99
384,        20100728,            1.00
385,        20100729,            1.01
386,        20100730,            1.03
387,        20100802,            1.01
388,        20100803,            0.99
389,        20100804,            1.01
390,        20100805,            1.01
391,        20100806,            1.00
392,        20100809,            1.02
393,        20100810,            0.98
394,        20100811,            0.96
395,        20100812,            1.00
396,        20100813,            0.99
397,        20100816,            1.01
398,        20100817,            1.03
399,        20100818,            0.98
400,        20100819,            1.00
401,        20100820,            0.99
402,        20100823,            0.97
403,        20100824,            0.99
404,        20100825,            1.01
405,        20100826,            1.00
406,        20100827,            1.03
407,        20100830,            0.97
408,        20100831,            1.00
409,        20100901,            1.05
410,        20100902,            1.02
411,        20100903,            1.01
412,        20100907,            0.99
413,        20100908,            1.01
414,        20100909,            0.99
415,        20100910,            1.01
416,        20100913,            1.03
417,        20100914,            1.00
418,        20100915,            1.00
419,        20100916,            0.99
420,        20100917,            1.04
421,        20100920,            1.02
422,        20100921,            0.99
423,        20100922,            0.99
424,        20100923,            0.99
425,        20100924,            1.02
426,        20100927,            0.99
427,        20100928,            0.99
428,        20100929,            1.00
429,        20100930,            0.97
430,        20101001,            0.98
431,        20101004,            1.00
432,        20101005,            1.04
433,        20101006,            1.01
434,        20101007,            1.00
435,        20101008,            1.05
436,        20101011,            1.00
437,        20101012,            0.99
438,        20101013,            1.01
439,        20101014,            1.00
440,        20101015,            1.01
441,        20101018,            1.00
442,        20101019,            0.99
443,        20101020,            1.02
444,        20101021,            1.01
445,        20101022,            1.00
446,        20101025,            1.00
447,        20101026,            0.99
448,        20101027,            0.99
449,        20101028,            1.00
450,        20101029,            1.02
451,        20101101,            0.99
452,        20101102,            1.01
453,        20101103,            1.00
454,        20101104,            1.02
455,        20101105,            1.00
456,        20101108,            0.99
457,        20101109,            0.99
458,        20101110,            1.01
459,        20101111,            1.00
460,        20101112,            0.98
461,        20101115,            1.00
462,        20101116,            0.99
463,        20101117,            1.00
464,        20101118,            1.02
465,        20101119,            1.01
466,        20101122,            0.99
467,        20101123,            0.99
468,        20101124,            1.00
469,        20101126,            1.00
470,        20101129,            0.99
471,        20101130,            0.99
472,        20101201,            1.02
473,        20101202,            1.03
474,        20101203,            1.00
475,        20101206,            1.01
476,        20101207,            1.03
477,        20101208,            0.99
478,        20101209,            1.00
479,        20101210,            1.02
480,        20101213,            1.00
481,        20101214,            1.01
482,        20101215,            0.99
483,        20101216,            1.01
484,        20101217,            0.99
485,        20101220,            1.01
486,        20101221,            1.02
487,        20101222,            0.99
488,        20101223,            1.00
489,        20101227,            1.00
490,        20101228,            1.00
491,        20101229,            1.00
492,        20101230,            1.00
493,        20101231,            1.00
494,        20110103,            1.01
495,        20110104,            0.99
496,        20110105,            1.01
497,        20110106,            1.00
498,        20110107,            1.00
