0,        20090116,            1.04
1,        20090120,            0.89
2,        20090121,            1.06
3,        20090122,            0.98
4,        20090123,            1.00
5,        20090126,            1.08
6,        20090127,            1.03
7,        20090128,            1.05
8,        20090129,            0.89
9,        20090130,            0.94
10,        20090202,            1.02
11,        20090203,            1.04
12,        20090204,            0.98
13,        20090205,            1.00
14,        20090206,            1.05
15,        20090209,            0.95
16,        20090210,            0.93
17,        20090211,            1.03
18,        20090212,            1.01
19,        20090213,            0.90
20,        20090217,            0.96
21,        20090218,            0.91
22,        20090219,            0.99
23,        20090220,            0.90
24,        20090223,            1.00
25,        20090224,            1.07
26,        20090225,            0.90
27,        20090226,            0.90
28,        20090227,            1.03
29,        20090302,            0.93
30,        20090303,            0.91
31,        20090304,            1.15
32,        20090305,            1.10
33,        20090306,            0.99
34,        20090309,            0.92
35,        20090310,            1.03
36,        20090311,            1.03
37,        20090312,            1.09
38,        20090313,            0.99
39,        20090316,            0.96
40,        20090317,            1.03
41,        20090318,            1.02
42,        20090319,            1.10
43,        20090320,            1.03
44,        20090323,            1.15
45,        20090324,            1.21
46,        20090325,            0.95
47,        20090326,            1.31
48,        20090327,            0.96
49,        20090330,            0.84
50,        20090331,            0.90
51,        20090401,            1.11
52,        20090402,            1.17
53,        20090403,            1.01
54,        20090406,            0.97
55,        20090407,            0.98
56,        20090408,            1.05
57,        20090409,            1.01
58,        20090413,            1.03
59,        20090414,            1.09
60,        20090415,            0.96
61,        20090416,            1.08
62,        20090417,            1.20
63,        20090420,            0.85
64,        20090421,            0.97
65,        20090422,            1.11
66,        20090423,            1.15
67,        20090424,            0.97
68,        20090427,            1.15
69,        20090428,            1.12
70,        20090429,            1.17
71,        20090430,            1.12
72,        20090501,            1.09
73,        20090504,            1.10
74,        20090505,            1.04
75,        20090506,            1.15
76,        20090507,            0.91
77,        20090508,            0.97
78,        20090511,            1.03
79,        20090512,            0.95
80,        20090513,            0.97
81,        20090514,            0.97
82,        20090515,            1.08
83,        20090518,            1.22
84,        20090519,            1.18
85,        20090520,            1.01
86,        20090521,            0.99
87,        20090522,            1.01
88,        20090526,            1.09
89,        20090527,            1.07
90,        20090528,            1.03
91,        20090529,            1.05
92,        20090601,            0.99
93,        20090602,            1.01
94,        20090603,            1.04
95,        20090604,            1.00
96,        20090605,            1.04
97,        20090608,            1.04
98,        20090609,            0.99
99,        20090610,            1.01
100,        20090611,            1.05
101,        20090612,            1.00
102,        20090615,            0.94
103,        20090616,            1.01
104,        20090617,            0.99
105,        20090618,            1.02
106,        20090619,            1.02
107,        20090622,            0.92
108,        20090623,            1.05
109,        20090624,            1.15
110,        20090625,            1.24
111,        20090626,            1.04
112,        20090629,            0.96
113,        20090630,            1.03
114,        20090701,            1.00
115,        20090702,            1.02
116,        20090706,            0.99
117,        20090707,            0.99
118,        20090708,            1.05
119,        20090709,            1.02
120,        20090710,            1.01
121,        20090713,            1.05
122,        20090714,            1.01
123,        20090715,            1.00
124,        20090716,            1.00
125,        20090717,            1.00
126,        20090720,            1.05
127,        20090721,            1.03
128,        20090722,            1.00
129,        20090723,            1.02
130,        20090724,            0.98
131,        20090727,            0.99
132,        20090728,            0.96
133,        20090729,            0.99
134,        20090730,            1.02
135,        20090731,            0.99
136,        20090803,            1.04
137,        20090804,            1.02
138,        20090805,            1.14
139,        20090806,            0.96
140,        20090807,            1.06
141,        20090810,            1.08
142,        20090811,            0.98
143,        20090812,            1.03
144,        20090813,            1.05
145,        20090814,            0.97
146,        20090817,            0.87
147,        20090818,            1.06
148,        20090819,            0.96
149,        20090820,            1.11
150,        20090821,            1.04
151,        20090824,            0.96
152,        20090825,            1.02
153,        20090826,            0.97
154,        20090827,            0.98
155,        20090828,            0.96
156,        20090831,            0.94
157,        20090901,            0.94
158,        20090902,            1.03
159,        20090903,            1.06
160,        20090904,            1.05
161,        20090908,            1.04
162,        20090909,            1.02
163,        20090910,            1.05
164,        20090911,            0.98
165,        20090914,            1.00
166,        20090915,            1.03
167,        20090916,            1.07
168,        20090917,            0.98
169,        20090918,            1.00
170,        20090921,            1.02
171,        20090922,            1.00
172,        20090923,            0.96
173,        20090924,            0.93
174,        20090925,            0.97
175,        20090928,            1.11
176,        20090929,            0.96
177,        20090930,            1.03
178,        20091001,            0.94
179,        20091002,            0.99
180,        20091005,            1.04
181,        20091006,            1.04
182,        20091007,            1.01
183,        20091008,            1.03
184,        20091009,            1.02
185,        20091012,            1.01
186,        20091013,            1.00
187,        20091014,            1.03
188,        20091015,            0.98
189,        20091016,            0.98
190,        20091019,            1.01
191,        20091020,            0.95
192,        20091021,            1.01
193,        20091022,            1.00
194,        20091023,            0.97
195,        20091026,            1.01
196,        20091027,            0.84
197,        20091028,            0.92
198,        20091029,            1.00
199,        20091030,            0.95
200,        20091102,            0.99
201,        20091103,            1.05
202,        20091104,            0.94
203,        20091105,            1.04
204,        20091106,            1.02
205,        20091109,            1.04
206,        20091110,            0.99
207,        20091111,            1.04
208,        20091112,            0.94
209,        20091113,            0.99
210,        20091116,            1.04
211,        20091117,            0.97
212,        20091118,            1.01
213,        20091119,            0.96
214,        20091120,            0.99
215,        20091123,            1.03
216,        20091124,            1.01
217,        20091125,            1.00
218,        20091127,            0.97
219,        20091130,            0.99
220,        20091201,            1.01
221,        20091202,            1.03
222,        20091203,            1.01
223,        20091204,            1.10
224,        20091207,            1.02
225,        20091208,            1.00
226,        20091209,            0.98
227,        20091210,            1.02
228,        20091211,            0.99
229,        20091214,            1.03
230,        20091215,            1.01
231,        20091216,            1.07
232,        20091217,            0.99
233,        20091218,            1.04
234,        20091221,            1.04
235,        20091222,            1.04
236,        20091223,            1.00
237,        20091224,            1.00
238,        20091228,            1.00
239,        20091229,            0.97
240,        20091230,            1.01
241,        20091231,            0.97
242,        20100104,            1.01
243,        20100105,            1.04
244,        20100106,            1.00
245,        20100107,            1.00
246,        20100108,            1.04
247,        20100111,            0.99
248,        20100112,            0.97
249,        20100113,            1.02
250,        20100114,            1.03
251,        20100115,            0.97
252,        20100119,            0.98
253,        20100120,            0.98
254,        20100121,            0.97
255,        20100122,            0.96
256,        20100125,            0.98
257,        20100126,            0.99
258,        20100127,            1.06
259,        20100128,            1.02
260,        20100129,            0.95
261,        20100201,            1.05
262,        20100202,            0.99
263,        20100203,            0.99
264,        20100204,            0.95
265,        20100205,            1.02
266,        20100208,            1.03
267,        20100209,            1.04
268,        20100210,            1.01
269,        20100211,            1.04
270,        20100212,            1.02
271,        20100216,            1.02
272,        20100217,            1.08
273,        20100218,            0.99
274,        20100219,            1.00
275,        20100222,            0.98
276,        20100223,            0.97
277,        20100224,            1.02
278,        20100225,            1.00
279,        20100226,            1.04
280,        20100301,            1.03
281,        20100302,            0.98
282,        20100303,            1.00
283,        20100304,            1.01
284,        20100305,            1.03
285,        20100308,            1.02
286,        20100309,            1.02
287,        20100310,            0.99
288,        20100311,            1.00
289,        20100312,            0.99
290,        20100315,            0.98
291,        20100316,            1.03
292,        20100317,            0.99
293,        20100318,            1.01
294,        20100319,            1.01
295,        20100322,            1.02
296,        20100323,            1.03
297,        20100324,            0.99
298,        20100325,            0.98
299,        20100326,            1.01
300,        20100329,            1.00
301,        20100330,            0.98
302,        20100331,            0.97
303,        20100401,            1.00
304,        20100405,            1.04
305,        20100406,            1.02
306,        20100407,            1.00
307,        20100408,            1.05
308,        20100409,            1.01
309,        20100412,            1.00
310,        20100413,            1.01
311,        20100414,            1.01
312,        20100415,            0.99
313,        20100416,            0.95
314,        20100419,            0.99
315,        20100420,            1.03
316,        20100421,            1.05
317,        20100422,            1.04
318,        20100423,            1.00
319,        20100426,            1.11
320,        20100427,            0.98
321,        20100428,            1.02
322,        20100429,            1.04
323,        20100430,            0.98
324,        20100503,            1.15
325,        20100504,            1.02
326,        20100505,            0.97
327,        20100506,            1.00
328,        20100507,            0.96
329,        20100510,            1.02
330,        20100511,            0.99
331,        20100512,            1.00
332,        20100513,            1.02
333,        20100514,            1.02
334,        20100517,            1.00
335,        20100518,            0.99
336,        20100519,            0.97
337,        20100520,            0.94
338,        20100521,            1.02
339,        20100524,            1.01
340,        20100525,            0.96
341,        20100526,            1.03
342,        20100527,            1.04
343,        20100528,            0.99
344,        20100601,            0.99
345,        20100602,            1.01
346,        20100603,            0.99
347,        20100604,            0.97
348,        20100607,            0.98
349,        20100608,            1.01
350,        20100609,            1.00
351,        20100610,            1.02
352,        20100611,            1.00
353,        20100614,            0.98
354,        20100615,            1.00
355,        20100616,            1.00
356,        20100617,            1.00
357,        20100618,            1.00
358,        20100621,            0.99
359,        20100622,            0.98
360,        20100623,            1.00
361,        20100624,            1.00
362,        20100625,            1.00
363,        20100628,            1.00
364,        20100629,            0.99
365,        20100630,            0.99
366,        20100701,            0.97
367,        20100702,            1.01
368,        20100706,            0.98
369,        20100707,            1.05
370,        20100708,            1.03
371,        20100709,            1.03
372,        20100712,            1.00
373,        20100713,            1.01
374,        20100714,            1.00
375,        20100715,            0.99
376,        20100716,            1.00
377,        20100719,            0.99
378,        20100720,            1.01
379,        20100721,            1.02
380,        20100722,            1.01
381,        20100723,            1.00
382,        20100726,            1.01
383,        20100727,            1.00
384,        20100728,            1.02
385,        20100729,            1.02
386,        20100730,            1.00
387,        20100802,            1.02
388,        20100803,            0.99
389,        20100804,            0.97
390,        20100805,            0.98
391,        20100806,            1.02
392,        20100809,            1.01
393,        20100810,            0.98
394,        20100811,            1.01
395,        20100812,            0.99
396,        20100813,            0.99
397,        20100816,            1.00
398,        20100817,            1.00
399,        20100818,            1.01
400,        20100819,            1.00
401,        20100820,            1.01
402,        20100823,            1.00
403,        20100824,            0.99
404,        20100825,            1.00
405,        20100826,            0.99
406,        20100827,            1.01
407,        20100830,            0.99
408,        20100831,            0.99
409,        20100901,            1.01
410,        20100902,            1.01
411,        20100903,            1.01
412,        20100907,            0.98
413,        20100908,            1.01
414,        20100909,            1.00
415,        20100910,            1.01
416,        20100913,            1.05
417,        20100914,            1.00
418,        20100915,            1.00
419,        20100916,            0.99
420,        20100917,            1.01
421,        20100920,            1.00
422,        20100921,            0.99
423,        20100922,            1.02
424,        20100923,            1.02
425,        20100924,            0.97
426,        20100927,            1.00
427,        20100928,            0.99
428,        20100929,            1.00
429,        20100930,            1.00
430,        20101001,            0.99
431,        20101004,            1.00
432,        20101005,            1.00
433,        20101006,            0.98
434,        20101007,            0.98
435,        20101008,            1.00
436,        20101011,            1.00
437,        20101012,            1.00
438,        20101013,            1.01
439,        20101014,            1.00
440,        20101015,            0.99
441,        20101018,            1.00
442,        20101019,            1.00
443,        20101020,            1.00
444,        20101021,            1.00
445,        20101022,            0.99
446,        20101025,            1.00
447,        20101026,            1.00
448,        20101027,            0.99
449,        20101028,            0.98
450,        20101029,            0.99
451,        20101101,            0.99
452,        20101102,            1.03
453,        20101103,            1.01
454,        20101104,            1.01
455,        20101105,            1.01
456,        20101108,            0.99
457,        20101109,            0.99
458,        20101110,            1.00
459,        20101111,            0.99
460,        20101112,            0.99
461,        20101115,            1.00
462,        20101116,            0.99
463,        20101117,            1.01
464,        20101118,            1.01
465,        20101119,            1.00
466,        20101122,            1.00
467,        20101123,            0.99
468,        20101124,            1.01
469,        20101126,            0.99
470,        20101129,            1.00
471,        20101130,            1.00
472,        20101201,            1.01
473,        20101202,            1.01
474,        20101203,            1.00
475,        20101206,            1.01
476,        20101207,            1.01
477,        20101208,            1.01
478,        20101209,            0.99
479,        20101210,            1.00
480,        20101213,            1.00
481,        20101214,            0.99
482,        20101215,            0.99
483,        20101216,            1.00
484,        20101217,            1.00
485,        20101220,            1.00
486,        20101221,            1.00
487,        20101222,            1.01
488,        20101223,            1.00
489,        20101227,            1.00
490,        20101228,            1.00
491,        20101229,            1.00
492,        20101230,            1.00
493,        20101231,            1.00
494,        20110103,            1.01
495,        20110104,            1.00
496,        20110105,            1.01
497,        20110106,            1.00
498,        20110107,            1.00
