0,        20090116,            0.97
1,        20090120,            0.89
2,        20090121,            1.20
3,        20090122,            0.90
4,        20090123,            1.06
5,        20090126,            0.97
6,        20090127,            0.98
7,        20090128,            1.16
8,        20090129,            0.91
9,        20090130,            0.97
10,        20090202,            1.00
11,        20090203,            1.02
12,        20090204,            0.98
13,        20090205,            0.99
14,        20090206,            1.12
15,        20090209,            1.05
16,        20090210,            0.89
17,        20090211,            1.03
18,        20090212,            0.98
19,        20090213,            0.97
20,        20090217,            0.93
21,        20090218,            1.00
22,        20090219,            0.92
23,        20090220,            0.92
24,        20090223,            0.98
25,        20090224,            1.14
26,        20090225,            0.98
27,        20090226,            0.93
28,        20090227,            0.89
29,        20090302,            0.94
30,        20090303,            0.99
31,        20090304,            1.01
32,        20090305,            0.87
33,        20090306,            0.94
34,        20090309,            0.97
35,        20090310,            1.25
36,        20090311,            0.92
37,        20090312,            0.97
38,        20090313,            1.14
39,        20090316,            1.09
40,        20090317,            1.11
41,        20090318,            1.41
42,        20090319,            0.91
43,        20090320,            1.01
44,        20090323,            1.17
45,        20090324,            0.95
46,        20090325,            1.00
47,        20090326,            1.04
48,        20090327,            0.97
49,        20090330,            0.88
50,        20090331,            1.07
51,        20090401,            1.01
52,        20090402,            1.07
53,        20090403,            1.01
54,        20090406,            0.96
55,        20090407,            0.95
56,        20090408,            1.02
57,        20090409,            1.07
58,        20090413,            1.29
59,        20090414,            1.07
60,        20090415,            1.11
61,        20090416,            1.10
62,        20090417,            1.13
63,        20090420,            0.83
64,        20090421,            1.14
65,        20090422,            0.98
66,        20090423,            1.07
67,        20090424,            0.98
68,        20090427,            0.95
69,        20090428,            1.05
70,        20090429,            0.66
71,        20090430,            0.88
72,        20090501,            1.10
73,        20090504,            1.09
74,        20090505,            0.98
75,        20090506,            1.04
76,        20090507,            0.97
77,        20090508,            1.17
78,        20090511,            0.90
79,        20090512,            0.89
80,        20090513,            0.96
81,        20090514,            1.00
82,        20090515,            0.96
83,        20090518,            1.08
84,        20090519,            0.99
85,        20090520,            0.97
86,        20090521,            0.93
87,        20090522,            0.97
88,        20090526,            0.96
89,        20090527,            1.06
90,        20090528,            1.01
91,        20090529,            1.01
92,        20090601,            1.05
93,        20090602,            0.97
94,        20090603,            0.97
95,        20090604,            1.06
96,        20090605,            0.99
97,        20090608,            0.98
98,        20090609,            1.06
99,        20090610,            1.04
100,        20090611,            1.04
101,        20090612,            1.19
102,        20090615,            0.92
103,        20090616,            0.91
104,        20090617,            0.88
105,        20090618,            0.98
106,        20090619,            0.88
107,        20090622,            0.94
108,        20090623,            1.02
109,        20090624,            1.02
110,        20090625,            1.02
111,        20090626,            1.02
112,        20090629,            1.02
113,        20090630,            0.99
114,        20090701,            1.05
115,        20090702,            0.97
116,        20090706,            0.98
117,        20090707,            0.92
118,        20090708,            1.00
119,        20090709,            1.02
120,        20090710,            0.99
121,        20090713,            1.01
122,        20090714,            1.00
123,        20090715,            1.07
124,        20090716,            1.02
125,        20090717,            0.95
126,        20090720,            1.04
127,        20090721,            1.01
128,        20090722,            1.05
129,        20090723,            1.04
130,        20090724,            1.00
131,        20090727,            1.08
132,        20090728,            0.94
133,        20090729,            1.01
134,        20090730,            1.01
135,        20090731,            1.01
136,        20090803,            0.98
137,        20090804,            0.99
138,        20090805,            1.00
139,        20090806,            0.99
140,        20090807,            0.97
141,        20090810,            1.00
142,        20090811,            0.99
143,        20090812,            1.07
144,        20090813,            0.96
145,        20090814,            0.96
146,        20090817,            1.00
147,        20090818,            1.04
148,        20090819,            0.99
149,        20090820,            1.04
150,        20090821,            0.98
151,        20090824,            0.97
152,        20090825,            0.99
153,        20090826,            1.04
154,        20090827,            1.04
155,        20090828,            1.13
156,        20090831,            1.07
157,        20090901,            0.85
158,        20090902,            0.99
159,        20090903,            1.01
160,        20090904,            1.03
161,        20090908,            1.06
162,        20090909,            1.01
163,        20090910,            1.03
164,        20090911,            0.97
165,        20090914,            1.07
166,        20090915,            1.01
167,        20090916,            1.00
168,        20090917,            0.94
169,        20090918,            1.08
170,        20090921,            1.08
171,        20090922,            0.96
172,        20090923,            0.96
173,        20090924,            0.95
174,        20090925,            1.01
175,        20090928,            1.03
176,        20090929,            0.99
177,        20090930,            0.97
178,        20091001,            0.91
179,        20091002,            1.05
180,        20091005,            1.02
181,        20091006,            0.99
182,        20091007,            0.99
183,        20091008,            1.01
184,        20091009,            0.99
185,        20091012,            0.98
186,        20091013,            1.01
187,        20091014,            1.00
188,        20091015,            1.06
189,        20091016,            0.98
190,        20091019,            0.99
191,        20091020,            0.96
192,        20091021,            0.97
193,        20091022,            1.03
194,        20091023,            0.99
195,        20091026,            0.96
196,        20091027,            0.98
197,        20091028,            0.93
198,        20091029,            1.06
199,        20091030,            0.94
200,        20091102,            0.95
201,        20091103,            1.04
202,        20091104,            0.99
203,        20091105,            1.03
204,        20091106,            1.04
205,        20091109,            1.02
206,        20091110,            0.96
207,        20091111,            0.99
208,        20091112,            0.98
209,        20091113,            1.03
210,        20091116,            1.03
211,        20091117,            0.99
212,        20091118,            1.09
213,        20091119,            0.96
214,        20091120,            1.01
215,        20091123,            1.00
216,        20091124,            0.98
217,        20091125,            1.03
218,        20091127,            0.96
219,        20091130,            1.03
220,        20091201,            1.04
221,        20091202,            1.02
222,        20091203,            0.96
223,        20091204,            1.01
224,        20091207,            0.99
225,        20091208,            0.98
226,        20091209,            1.00
227,        20091210,            0.98
228,        20091211,            1.03
229,        20091214,            0.99
230,        20091215,            0.98
231,        20091216,            1.05
232,        20091217,            0.95
233,        20091218,            1.11
234,        20091221,            0.99
235,        20091222,            1.01
236,        20091223,            1.02
237,        20091224,            1.01
238,        20091228,            0.98
239,        20091229,            0.99
240,        20091230,            1.00
241,        20091231,            0.99
242,        20100104,            1.05
243,        20100105,            0.98
244,        20100106,            0.99
245,        20100107,            1.01
246,        20100108,            1.00
247,        20100111,            0.99
248,        20100112,            0.97
249,        20100113,            1.01
250,        20100114,            0.99
251,        20100115,            1.06
252,        20100119,            0.98
253,        20100120,            0.98
254,        20100121,            0.98
255,        20100122,            0.94
256,        20100125,            1.01
257,        20100126,            0.98
258,        20100127,            1.02
259,        20100128,            0.97
260,        20100129,            0.95
261,        20100201,            1.05
262,        20100202,            0.96
263,        20100203,            1.01
264,        20100204,            0.94
265,        20100205,            1.01
266,        20100208,            1.02
267,        20100209,            1.01
268,        20100210,            0.97
269,        20100211,            1.03
270,        20100212,            1.00
271,        20100216,            1.02
272,        20100217,            1.01
273,        20100218,            1.01
274,        20100219,            1.01
275,        20100222,            1.01
276,        20100223,            0.99
277,        20100224,            1.00
278,        20100225,            1.01
279,        20100226,            1.03
280,        20100301,            1.02
281,        20100302,            0.98
282,        20100303,            1.02
283,        20100304,            1.01
284,        20100305,            1.00
285,        20100308,            1.01
286,        20100309,            1.01
287,        20100310,            0.99
288,        20100311,            1.00
289,        20100312,            0.99
290,        20100315,            1.01
291,        20100316,            1.02
292,        20100317,            0.99
293,        20100318,            0.98
294,        20100319,            0.96
295,        20100322,            0.96
296,        20100323,            1.07
297,        20100324,            0.98
298,        20100325,            1.00
299,        20100326,            0.97
300,        20100329,            1.03
301,        20100330,            1.04
302,        20100331,            1.00
303,        20100401,            1.00
304,        20100405,            1.02
305,        20100406,            1.01
306,        20100407,            1.00
307,        20100408,            0.99
308,        20100409,            1.01
309,        20100412,            1.00
310,        20100413,            0.98
311,        20100414,            1.01
312,        20100415,            1.05
313,        20100416,            0.98
314,        20100419,            0.99
315,        20100420,            1.02
316,        20100421,            1.03
317,        20100422,            1.01
318,        20100423,            1.04
319,        20100426,            0.98
320,        20100427,            0.98
321,        20100428,            1.01
322,        20100429,            0.95
323,        20100430,            0.97
324,        20100503,            1.04
325,        20100504,            0.95
326,        20100505,            0.99
327,        20100506,            0.95
328,        20100507,            0.96
329,        20100510,            1.07
330,        20100511,            0.99
331,        20100512,            1.01
332,        20100513,            1.00
333,        20100514,            0.98
334,        20100517,            0.97
335,        20100518,            0.97
336,        20100519,            1.04
337,        20100520,            0.92
338,        20100521,            1.02
339,        20100524,            1.00
340,        20100525,            0.97
341,        20100526,            1.01
342,        20100527,            1.05
343,        20100528,            0.98
344,        20100601,            0.96
345,        20100602,            1.06
346,        20100603,            1.01
347,        20100604,            0.93
348,        20100607,            0.93
349,        20100608,            0.99
350,        20100609,            1.00
351,        20100610,            1.06
352,        20100611,            1.01
353,        20100614,            0.99
354,        20100615,            1.02
355,        20100616,            1.01
356,        20100617,            0.97
357,        20100618,            1.01
358,        20100621,            1.01
359,        20100622,            0.98
360,        20100623,            0.99
361,        20100624,            0.96
362,        20100625,            0.99
363,        20100628,            1.00
364,        20100629,            0.93
365,        20100630,            0.98
366,        20100701,            0.99
367,        20100702,            0.99
368,        20100706,            1.00
369,        20100707,            1.00
370,        20100708,            1.03
371,        20100709,            1.02
372,        20100712,            1.00
373,        20100713,            1.05
374,        20100714,            1.02
375,        20100715,            1.04
376,        20100716,            0.95
377,        20100719,            1.01
378,        20100720,            1.00
379,        20100721,            0.98
380,        20100722,            1.04
381,        20100723,            1.08
382,        20100726,            1.01
383,        20100727,            0.99
384,        20100728,            1.00
385,        20100729,            1.00
386,        20100730,            1.01
387,        20100802,            1.03
388,        20100803,            0.98
389,        20100804,            1.04
390,        20100805,            0.99
391,        20100806,            0.99
392,        20100809,            1.01
393,        20100810,            0.97
394,        20100811,            0.95
395,        20100812,            0.99
396,        20100813,            1.00
397,        20100816,            0.99
398,        20100817,            1.03
399,        20100818,            1.02
400,        20100819,            0.97
401,        20100820,            0.97
402,        20100823,            0.99
403,        20100824,            0.96
404,        20100825,            1.00
405,        20100826,            0.97
406,        20100827,            1.02
407,        20100830,            0.97
408,        20100831,            1.00
409,        20100901,            1.05
410,        20100902,            1.04
411,        20100903,            1.04
412,        20100907,            0.98
413,        20100908,            0.99
414,        20100909,            1.04
415,        20100910,            0.99
416,        20100913,            1.02
417,        20100914,            0.99
418,        20100915,            1.00
419,        20100916,            0.98
420,        20100917,            1.00
421,        20100920,            1.03
422,        20100921,            1.00
423,        20100922,            1.02
424,        20100923,            1.00
425,        20100924,            1.05
426,        20100927,            1.00
427,        20100928,            0.97
428,        20100929,            0.98
429,        20100930,            1.00
430,        20101001,            1.02
431,        20101004,            0.97
432,        20101005,            1.03
433,        20101006,            1.00
434,        20101007,            0.98
435,        20101008,            1.01
436,        20101011,            1.00
437,        20101012,            1.00
438,        20101013,            1.02
439,        20101014,            0.98
440,        20101015,            0.99
441,        20101018,            1.01
442,        20101019,            0.98
443,        20101020,            1.02
444,        20101021,            0.96
445,        20101022,            0.99
446,        20101025,            1.00
447,        20101026,            1.01
448,        20101027,            1.01
449,        20101028,            1.00
450,        20101029,            1.00
451,        20101101,            0.99
452,        20101102,            1.02
453,        20101103,            1.00
454,        20101104,            1.04
455,        20101105,            1.02
456,        20101108,            0.99
457,        20101109,            0.99
458,        20101110,            1.02
459,        20101111,            1.00
460,        20101112,            0.98
461,        20101115,            1.00
462,        20101116,            0.98
463,        20101117,            0.99
464,        20101118,            1.01
465,        20101119,            1.02
466,        20101122,            0.99
467,        20101123,            0.98
468,        20101124,            1.02
469,        20101126,            0.99
470,        20101129,            1.00
471,        20101130,            0.99
472,        20101201,            1.04
473,        20101202,            1.02
474,        20101203,            1.00
475,        20101206,            1.00
476,        20101207,            1.00
477,        20101208,            1.02
478,        20101209,            1.01
479,        20101210,            1.00
480,        20101213,            1.00
481,        20101214,            0.98
482,        20101215,            0.96
483,        20101216,            1.00
484,        20101217,            1.02
485,        20101220,            1.01
486,        20101221,            1.03
487,        20101222,            1.00
488,        20101223,            1.00
489,        20101227,            1.01
490,        20101228,            1.01
491,        20101229,            0.99
492,        20101230,            1.00
493,        20101231,            1.01
494,        20110103,            1.02
495,        20110104,            1.01
496,        20110105,            1.00
497,        20110106,            1.00
498,        20110107,            1.00
