0,        20090116,            0.98
1,        20090120,            0.97
2,        20090121,            0.98
3,        20090122,            0.93
4,        20090123,            0.93
5,        20090126,            1.08
6,        20090127,            1.02
7,        20090128,            1.03
8,        20090129,            0.96
9,        20090130,            0.96
10,        20090202,            1.01
11,        20090203,            1.04
12,        20090204,            0.99
13,        20090205,            0.99
14,        20090206,            1.01
15,        20090209,            0.98
16,        20090210,            0.96
17,        20090211,            1.02
18,        20090212,            0.97
19,        20090213,            0.98
20,        20090217,            0.96
21,        20090218,            0.99
22,        20090219,            0.98
23,        20090220,            0.97
24,        20090223,            1.09
25,        20090224,            1.16
26,        20090225,            1.00
27,        20090226,            0.99
28,        20090227,            1.01
29,        20090302,            0.94
30,        20090303,            0.96
31,        20090304,            1.03
32,        20090305,            0.97
33,        20090306,            0.94
34,        20090309,            1.02
35,        20090310,            1.06
36,        20090311,            1.06
37,        20090312,            1.07
38,        20090313,            1.04
39,        20090316,            0.96
40,        20090317,            1.09
41,        20090318,            1.08
42,        20090319,            1.02
43,        20090320,            1.10
44,        20090323,            1.05
45,        20090324,            0.99
46,        20090325,            0.97
47,        20090326,            1.06
48,        20090327,            0.97
49,        20090330,            0.97
50,        20090331,            0.95
51,        20090401,            1.04
52,        20090402,            1.06
53,        20090403,            1.12
54,        20090406,            1.16
55,        20090407,            0.93
56,        20090408,            1.13
57,        20090409,            1.07
58,        20090413,            1.00
59,        20090414,            1.01
60,        20090415,            0.94
61,        20090416,            1.03
62,        20090417,            0.96
63,        20090420,            0.92
64,        20090421,            1.03
65,        20090422,            1.13
66,        20090423,            1.05
67,        20090424,            1.11
68,        20090427,            1.02
69,        20090428,            1.02
70,        20090429,            1.05
71,        20090430,            1.10
72,        20090501,            0.95
73,        20090504,            1.03
74,        20090505,            0.99
75,        20090506,            1.07
76,        20090507,            0.97
77,        20090508,            1.03
78,        20090511,            0.97
79,        20090512,            0.82
80,        20090513,            0.99
81,        20090514,            1.04
82,        20090515,            1.06
83,        20090518,            1.00
84,        20090519,            1.02
85,        20090520,            0.96
86,        20090521,            0.99
87,        20090522,            0.99
88,        20090526,            1.03
89,        20090527,            0.99
90,        20090528,            1.04
91,        20090529,            1.03
92,        20090601,            1.07
93,        20090602,            1.05
94,        20090603,            0.96
95,        20090604,            1.03
96,        20090605,            1.00
97,        20090608,            1.00
98,        20090609,            0.98
99,        20090610,            0.99
100,        20090611,            0.97
101,        20090612,            1.02
102,        20090615,            0.97
103,        20090616,            0.96
104,        20090617,            1.01
105,        20090618,            0.99
106,        20090619,            1.01
107,        20090622,            0.94
108,        20090623,            1.03
109,        20090624,            1.02
110,        20090625,            1.01
111,        20090626,            0.99
112,        20090629,            1.03
113,        20090630,            1.05
114,        20090701,            0.97
115,        20090702,            1.00
116,        20090706,            0.98
117,        20090707,            0.96
118,        20090708,            0.97
119,        20090709,            1.05
120,        20090710,            1.02
121,        20090713,            0.99
122,        20090714,            1.03
123,        20090715,            1.04
124,        20090716,            1.01
125,        20090717,            1.00
126,        20090720,            1.01
127,        20090721,            1.00
128,        20090722,            1.03
129,        20090723,            1.09
130,        20090724,            0.97
131,        20090727,            1.07
132,        20090728,            0.98
133,        20090729,            1.00
134,        20090730,            1.04
135,        20090731,            1.08
136,        20090803,            1.04
137,        20090804,            1.00
138,        20090805,            1.02
139,        20090806,            0.96
140,        20090807,            0.99
141,        20090810,            0.96
142,        20090811,            1.01
143,        20090812,            0.99
144,        20090813,            1.03
145,        20090814,            0.99
146,        20090817,            0.94
147,        20090818,            1.04
148,        20090819,            1.00
149,        20090820,            1.00
150,        20090821,            1.01
151,        20090824,            0.96
152,        20090825,            1.02
153,        20090826,            1.00
154,        20090827,            1.01
155,        20090828,            1.01
156,        20090831,            0.98
157,        20090901,            0.95
158,        20090902,            0.97
159,        20090903,            1.06
160,        20090904,            0.99
161,        20090908,            0.98
162,        20090909,            1.01
163,        20090910,            1.01
164,        20090911,            0.99
165,        20090914,            1.01
166,        20090915,            0.97
167,        20090916,            0.99
168,        20090917,            0.97
169,        20090918,            1.00
170,        20090921,            0.98
171,        20090922,            1.03
172,        20090923,            1.05
173,        20090924,            1.00
174,        20090925,            0.99
175,        20090928,            1.03
176,        20090929,            0.99
177,        20090930,            0.97
178,        20091001,            0.97
179,        20091002,            0.98
180,        20091005,            1.03
181,        20091006,            1.01
182,        20091007,            1.00
183,        20091008,            1.01
184,        20091009,            0.99
185,        20091012,            1.07
186,        20091013,            1.00
187,        20091014,            1.01
188,        20091015,            1.00
189,        20091016,            0.97
190,        20091019,            1.02
191,        20091020,            1.02
192,        20091021,            1.01
193,        20091022,            1.00
194,        20091023,            0.98
195,        20091026,            0.98
196,        20091027,            0.98
197,        20091028,            0.95
198,        20091029,            1.05
199,        20091030,            0.96
200,        20091102,            1.08
201,        20091103,            0.98
202,        20091104,            0.98
203,        20091105,            1.02
204,        20091106,            1.04
205,        20091109,            1.06
206,        20091110,            1.01
207,        20091111,            1.01
208,        20091112,            0.98
209,        20091113,            1.03
210,        20091116,            1.04
211,        20091117,            1.03
212,        20091118,            1.00
213,        20091119,            0.98
214,        20091120,            0.99
215,        20091123,            1.01
216,        20091124,            1.01
217,        20091125,            1.00
218,        20091127,            0.99
219,        20091130,            1.02
220,        20091201,            1.00
221,        20091202,            1.01
222,        20091203,            0.99
223,        20091204,            1.00
224,        20091207,            1.00
225,        20091208,            0.99
226,        20091209,            1.00
227,        20091210,            1.02
228,        20091211,            0.99
229,        20091214,            1.01
230,        20091215,            1.03
231,        20091216,            1.01
232,        20091217,            0.99
233,        20091218,            1.03
234,        20091221,            1.00
235,        20091222,            1.02
236,        20091223,            1.02
237,        20091224,            1.00
238,        20091228,            1.01
239,        20091229,            0.99
240,        20091230,            0.99
241,        20091231,            1.00
242,        20100104,            1.03
243,        20100105,            1.07
244,        20100106,            1.04
245,        20100107,            1.03
246,        20100108,            1.00
247,        20100111,            1.04
248,        20100112,            0.98
249,        20100113,            0.98
250,        20100114,            1.01
251,        20100115,            0.99
252,        20100119,            1.01
253,        20100120,            0.98
254,        20100121,            0.97
255,        20100122,            0.94
256,        20100125,            1.05
257,        20100126,            1.01
258,        20100127,            1.03
259,        20100128,            0.99
260,        20100129,            0.95
261,        20100201,            1.03
262,        20100202,            1.02
263,        20100203,            1.02
264,        20100204,            0.95
265,        20100205,            0.99
266,        20100208,            1.01
267,        20100209,            1.02
268,        20100210,            0.98
269,        20100211,            1.02
270,        20100212,            0.99
271,        20100216,            1.02
272,        20100217,            1.02
273,        20100218,            0.99
274,        20100219,            0.99
275,        20100222,            0.99
276,        20100223,            1.03
277,        20100224,            1.01
278,        20100225,            1.00
279,        20100226,            1.00
280,        20100301,            1.06
281,        20100302,            0.98
282,        20100303,            1.04
283,        20100304,            1.01
284,        20100305,            1.02
285,        20100308,            0.99
286,        20100309,            0.99
287,        20100310,            1.00
288,        20100311,            1.01
289,        20100312,            1.03
290,        20100315,            1.00
291,        20100316,            1.01
292,        20100317,            1.05
293,        20100318,            0.97
294,        20100319,            0.97
295,        20100322,            1.05
296,        20100323,            0.99
297,        20100324,            1.00
298,        20100325,            0.99
299,        20100326,            1.00
300,        20100329,            0.98
301,        20100330,            0.98
302,        20100331,            0.95
303,        20100401,            1.00
304,        20100405,            1.01
305,        20100406,            0.99
306,        20100407,            0.99
307,        20100408,            1.00
308,        20100409,            1.01
309,        20100412,            1.00
310,        20100413,            1.00
311,        20100414,            1.04
312,        20100415,            1.03
313,        20100416,            0.98
314,        20100419,            1.01
315,        20100420,            1.02
316,        20100421,            1.02
317,        20100422,            1.00
318,        20100423,            1.00
319,        20100426,            1.02
320,        20100427,            0.94
321,        20100428,            0.98
322,        20100429,            1.02
323,        20100430,            0.96
324,        20100503,            1.02
325,        20100504,            0.97
326,        20100505,            0.96
327,        20100506,            0.95
328,        20100507,            0.98
329,        20100510,            1.06
330,        20100511,            1.01
331,        20100512,            1.03
332,        20100513,            0.98
333,        20100514,            0.98
334,        20100517,            0.99
335,        20100518,            0.97
336,        20100519,            1.00
337,        20100520,            0.94
338,        20100521,            1.04
339,        20100524,            0.98
340,        20100525,            1.00
341,        20100526,            1.03
342,        20100527,            1.05
343,        20100528,            0.98
344,        20100601,            0.97
345,        20100602,            1.04
346,        20100603,            1.01
347,        20100604,            0.96
348,        20100607,            0.96
349,        20100608,            1.01
350,        20100609,            0.98
351,        20100610,            1.03
352,        20100611,            1.00
353,        20100614,            1.01
354,        20100615,            1.02
355,        20100616,            0.99
356,        20100617,            0.99
357,        20100618,            1.00
358,        20100621,            1.01
359,        20100622,            0.97
360,        20100623,            0.98
361,        20100624,            0.98
362,        20100625,            1.00
363,        20100628,            0.97
364,        20100629,            0.95
365,        20100630,            1.02
366,        20100701,            1.05
367,        20100702,            0.97
368,        20100706,            0.99
369,        20100707,            1.04
370,        20100708,            1.00
371,        20100709,            1.02
372,        20100712,            1.02
373,        20100713,            1.05
374,        20100714,            1.01
375,        20100715,            1.00
376,        20100716,            0.96
377,        20100719,            1.01
378,        20100720,            1.02
379,        20100721,            0.98
380,        20100722,            1.05
381,        20100723,            1.05
382,        20100726,            1.02
383,        20100727,            1.01
384,        20100728,            0.99
385,        20100729,            1.00
386,        20100730,            0.98
387,        20100802,            1.03
388,        20100803,            0.98
389,        20100804,            1.02
390,        20100805,            0.99
391,        20100806,            1.00
392,        20100809,            1.00
393,        20100810,            0.99
394,        20100811,            0.96
395,        20100812,            0.99
396,        20100813,            0.99
397,        20100816,            0.99
398,        20100817,            1.01
399,        20100818,            1.00
400,        20100819,            0.97
401,        20100820,            0.99
402,        20100823,            0.99
403,        20100824,            0.97
404,        20100825,            1.01
405,        20100826,            0.99
406,        20100827,            1.03
407,        20100830,            0.98
408,        20100831,            0.99
409,        20100901,            1.03
410,        20100902,            1.01
411,        20100903,            1.03
412,        20100907,            0.98
413,        20100908,            1.00
414,        20100909,            1.00
415,        20100910,            1.00
416,        20100913,            1.02
417,        20100914,            1.00
418,        20100915,            0.99
419,        20100916,            1.05
420,        20100917,            1.00
421,        20100920,            1.01
422,        20100921,            1.00
423,        20100922,            0.99
424,        20100923,            0.99
425,        20100924,            1.02
426,        20100927,            0.99
427,        20100928,            1.00
428,        20100929,            0.98
429,        20100930,            0.99
430,        20101001,            1.00
431,        20101004,            1.05
432,        20101005,            1.01
433,        20101006,            1.02
434,        20101007,            1.01
435,        20101008,            1.03
436,        20101011,            1.01
437,        20101012,            1.00
438,        20101013,            0.99
439,        20101014,            1.02
440,        20101015,            0.99
441,        20101018,            1.01
442,        20101019,            0.96
443,        20101020,            1.02
444,        20101021,            1.01
445,        20101022,            1.01
446,        20101025,            1.01
447,        20101026,            1.01
448,        20101027,            0.99
449,        20101028,            1.00
450,        20101029,            0.99
451,        20101101,            1.01
452,        20101102,            1.01
453,        20101103,            1.05
454,        20101104,            1.04
455,        20101105,            1.02
456,        20101108,            1.01
457,        20101109,            0.98
458,        20101110,            1.03
459,        20101111,            1.00
460,        20101112,            0.98
461,        20101115,            1.04
462,        20101116,            0.97
463,        20101117,            1.01
464,        20101118,            0.97
465,        20101119,            1.01
466,        20101122,            1.00
467,        20101123,            0.97
468,        20101124,            1.02
469,        20101126,            1.01
470,        20101129,            1.00
471,        20101130,            0.99
472,        20101201,            1.03
473,        20101202,            1.02
474,        20101203,            1.00
475,        20101206,            0.99
476,        20101207,            0.99
477,        20101208,            1.01
478,        20101209,            1.00
479,        20101210,            1.00
480,        20101213,            0.98
481,        20101214,            1.00
482,        20101215,            1.01
483,        20101216,            1.01
484,        20101217,            1.00
485,        20101220,            1.00
486,        20101221,            1.01
487,        20101222,            1.00
488,        20101223,            0.99
489,        20101227,            1.01
490,        20101228,            0.99
491,        20101229,            1.00
492,        20101230,            1.00
493,        20101231,            1.01
494,        20110103,            1.03
495,        20110104,            1.01
496,        20110105,            1.03
497,        20110106,            1.02
498,        20110107,            1.00
