0,        20090116,            1.05
1,        20090120,            0.88
2,        20090121,            1.05
3,        20090122,            0.96
4,        20090123,            1.02
5,        20090126,            1.00
6,        20090127,            1.03
7,        20090128,            1.09
8,        20090129,            0.98
9,        20090130,            0.93
10,        20090202,            1.04
11,        20090203,            0.97
12,        20090204,            1.03
13,        20090205,            1.01
14,        20090206,            1.07
15,        20090209,            1.00
16,        20090210,            0.91
17,        20090211,            0.96
18,        20090212,            0.98
19,        20090213,            0.99
20,        20090217,            0.92
21,        20090218,            0.98
22,        20090219,            0.93
23,        20090220,            0.96
24,        20090223,            0.92
25,        20090224,            1.05
26,        20090225,            1.05
27,        20090226,            0.96
28,        20090227,            1.04
29,        20090302,            0.91
30,        20090303,            0.93
31,        20090304,            1.04
32,        20090305,            1.00
33,        20090306,            0.94
34,        20090309,            0.99
35,        20090310,            1.17
36,        20090311,            1.06
37,        20090312,            1.00
38,        20090313,            1.06
39,        20090316,            0.94
40,        20090317,            1.05
41,        20090318,            1.03
42,        20090319,            1.02
43,        20090320,            0.96
44,        20090323,            1.04
45,        20090324,            0.97
46,        20090325,            1.02
47,        20090326,            1.04
48,        20090327,            1.00
49,        20090330,            0.91
50,        20090331,            1.02
51,        20090401,            1.08
52,        20090402,            1.04
53,        20090403,            1.10
54,        20090406,            0.99
55,        20090407,            0.98
56,        20090408,            1.02
57,        20090409,            1.05
58,        20090413,            1.00
59,        20090414,            1.00
60,        20090415,            1.00
61,        20090416,            1.11
62,        20090417,            1.08
63,        20090420,            0.96
64,        20090421,            1.04
65,        20090422,            1.02
66,        20090423,            1.01
67,        20090424,            1.02
68,        20090427,            0.99
69,        20090428,            0.97
70,        20090429,            1.04
71,        20090430,            1.04
72,        20090501,            0.98
73,        20090504,            1.08
74,        20090505,            0.99
75,        20090506,            0.99
76,        20090507,            0.96
77,        20090508,            0.97
78,        20090511,            1.02
79,        20090512,            0.94
80,        20090513,            0.96
81,        20090514,            1.06
82,        20090515,            1.02
83,        20090518,            1.04
84,        20090519,            1.04
85,        20090520,            0.99
86,        20090521,            0.97
87,        20090522,            1.01
88,        20090526,            1.00
89,        20090527,            1.01
90,        20090528,            1.04
91,        20090529,            1.09
92,        20090601,            1.09
93,        20090602,            0.96
94,        20090603,            0.92
95,        20090604,            1.03
96,        20090605,            0.98
97,        20090608,            1.05
98,        20090609,            1.12
99,        20090610,            1.04
100,        20090611,            0.99
101,        20090612,            0.97
102,        20090615,            0.95
103,        20090616,            0.98
104,        20090617,            1.01
105,        20090618,            0.97
106,        20090619,            1.04
107,        20090622,            0.93
108,        20090623,            0.98
109,        20090624,            1.07
110,        20090625,            1.00
111,        20090626,            0.97
112,        20090629,            0.98
113,        20090630,            0.98
114,        20090701,            1.04
115,        20090702,            0.98
116,        20090706,            0.98
117,        20090707,            1.00
118,        20090708,            0.98
119,        20090709,            1.03
120,        20090710,            1.00
121,        20090713,            1.05
122,        20090714,            1.05
123,        20090715,            1.11
124,        20090716,            0.97
125,        20090717,            1.02
126,        20090720,            1.03
127,        20090721,            0.98
128,        20090722,            1.02
129,        20090723,            1.00
130,        20090724,            0.98
131,        20090727,            1.02
132,        20090728,            0.98
133,        20090729,            0.98
134,        20090730,            1.00
135,        20090731,            1.04
136,        20090803,            1.01
137,        20090804,            1.01
138,        20090805,            0.96
139,        20090806,            0.96
140,        20090807,            1.01
141,        20090810,            1.01
142,        20090811,            0.98
143,        20090812,            1.06
144,        20090813,            1.07
145,        20090814,            0.97
146,        20090817,            0.94
147,        20090818,            1.02
148,        20090819,            1.01
149,        20090820,            1.02
150,        20090821,            1.02
151,        20090824,            1.01
152,        20090825,            1.02
153,        20090826,            1.05
154,        20090827,            1.01
155,        20090828,            1.03
156,        20090831,            0.98
157,        20090901,            0.97
158,        20090902,            1.00
159,        20090903,            1.02
160,        20090904,            1.03
161,        20090908,            1.03
162,        20090909,            1.04
163,        20090910,            1.04
164,        20090911,            0.95
165,        20090914,            1.00
166,        20090915,            1.02
167,        20090916,            1.00
168,        20090917,            0.97
169,        20090918,            1.01
170,        20090921,            1.02
171,        20090922,            1.02
172,        20090923,            0.97
173,        20090924,            0.95
174,        20090925,            0.99
175,        20090928,            1.03
176,        20090929,            0.98
177,        20090930,            0.99
178,        20091001,            0.90
179,        20091002,            0.97
180,        20091005,            1.02
181,        20091006,            1.01
182,        20091007,            0.99
183,        20091008,            0.97
184,        20091009,            1.04
185,        20091012,            1.02
186,        20091013,            0.98
187,        20091014,            1.05
188,        20091015,            0.91
189,        20091016,            1.00
190,        20091019,            1.00
191,        20091020,            1.00
192,        20091021,            0.97
193,        20091022,            1.00
194,        20091023,            0.97
195,        20091026,            0.98
196,        20091027,            0.96
197,        20091028,            0.98
198,        20091029,            1.04
199,        20091030,            0.95
200,        20091102,            0.98
201,        20091103,            1.05
202,        20091104,            1.03
203,        20091105,            1.05
204,        20091106,            0.99
205,        20091109,            1.03
206,        20091110,            0.99
207,        20091111,            1.02
208,        20091112,            0.98
209,        20091113,            1.02
210,        20091116,            1.04
211,        20091117,            1.00
212,        20091118,            1.00
213,        20091119,            0.94
214,        20091120,            0.98
215,        20091123,            1.01
216,        20091124,            0.99
217,        20091125,            1.01
218,        20091127,            0.98
219,        20091130,            1.01
220,        20091201,            1.09
221,        20091202,            1.06
222,        20091203,            1.02
223,        20091204,            1.04
224,        20091207,            0.97
225,        20091208,            0.97
226,        20091209,            1.00
227,        20091210,            0.98
228,        20091211,            0.99
229,        20091214,            1.05
230,        20091215,            0.99
231,        20091216,            1.03
232,        20091217,            0.95
233,        20091218,            1.00
234,        20091221,            1.05
235,        20091222,            1.03
236,        20091223,            1.01
237,        20091224,            1.02
238,        20091228,            1.00
239,        20091229,            1.00
240,        20091230,            1.00
241,        20091231,            0.98
242,        20100104,            0.99
243,        20100105,            0.99
244,        20100106,            1.02
245,        20100107,            1.00
246,        20100108,            1.03
247,        20100111,            0.98
248,        20100112,            0.93
249,        20100113,            1.00
250,        20100114,            0.98
251,        20100115,            0.95
252,        20100119,            1.01
253,        20100120,            1.04
254,        20100121,            1.05
255,        20100122,            0.98
256,        20100125,            1.03
257,        20100126,            0.98
258,        20100127,            1.01
259,        20100128,            0.96
260,        20100129,            0.95
261,        20100201,            1.06
262,        20100202,            1.01
263,        20100203,            0.99
264,        20100204,            0.94
265,        20100205,            0.99
266,        20100208,            1.02
267,        20100209,            1.03
268,        20100210,            1.03
269,        20100211,            1.03
270,        20100212,            1.03
271,        20100216,            1.01
272,        20100217,            0.99
273,        20100218,            1.00
274,        20100219,            1.02
275,        20100222,            0.98
276,        20100223,            0.97
277,        20100224,            1.03
278,        20100225,            1.00
279,        20100226,            1.00
280,        20100301,            1.04
281,        20100302,            0.97
282,        20100303,            0.98
283,        20100304,            1.02
284,        20100305,            1.00
285,        20100308,            1.00
286,        20100309,            1.00
287,        20100310,            1.01
288,        20100311,            0.97
289,        20100312,            0.99
290,        20100315,            1.00
291,        20100316,            1.03
292,        20100317,            1.01
293,        20100318,            0.98
294,        20100319,            0.98
295,        20100322,            1.04
296,        20100323,            1.03
297,        20100324,            0.97
298,        20100325,            1.00
299,        20100326,            1.00
300,        20100329,            1.01
301,        20100330,            1.01
302,        20100331,            0.99
303,        20100401,            1.01
304,        20100405,            1.03
305,        20100406,            0.99
306,        20100407,            1.01
307,        20100408,            0.95
308,        20100409,            1.03
309,        20100412,            1.05
310,        20100413,            1.00
311,        20100414,            1.08
312,        20100415,            0.99
313,        20100416,            0.98
314,        20100419,            0.99
315,        20100420,            1.02
316,        20100421,            0.98
317,        20100422,            1.01
318,        20100423,            1.00
319,        20100426,            1.03
320,        20100427,            0.95
321,        20100428,            1.00
322,        20100429,            1.01
323,        20100430,            0.94
324,        20100503,            1.00
325,        20100504,            0.95
326,        20100505,            0.99
327,        20100506,            0.96
328,        20100507,            0.99
329,        20100510,            1.05
330,        20100511,            0.99
331,        20100512,            1.01
332,        20100513,            0.97
333,        20100514,            0.96
334,        20100517,            1.02
335,        20100518,            0.99
336,        20100519,            0.99
337,        20100520,            0.99
338,        20100521,            1.02
339,        20100524,            1.00
340,        20100525,            0.99
341,        20100526,            1.00
342,        20100527,            1.06
343,        20100528,            0.97
344,        20100601,            0.97
345,        20100602,            1.01
346,        20100603,            1.01
347,        20100604,            0.95
348,        20100607,            0.97
349,        20100608,            0.97
350,        20100609,            1.00
351,        20100610,            1.04
352,        20100611,            1.03
353,        20100614,            1.00
354,        20100615,            1.04
355,        20100616,            0.99
356,        20100617,            0.99
357,        20100618,            1.00
358,        20100621,            1.01
359,        20100622,            0.95
360,        20100623,            0.98
361,        20100624,            0.97
362,        20100625,            1.00
363,        20100628,            1.02
364,        20100629,            0.97
365,        20100630,            0.95
366,        20100701,            1.01
367,        20100702,            1.00
368,        20100706,            0.98
369,        20100707,            1.06
370,        20100708,            1.01
371,        20100709,            1.03
372,        20100712,            1.02
373,        20100713,            1.02
374,        20100714,            1.04
375,        20100715,            1.05
376,        20100716,            0.96
377,        20100719,            1.03
378,        20100720,            0.98
379,        20100721,            0.97
380,        20100722,            1.05
381,        20100723,            1.01
382,        20100726,            1.01
383,        20100727,            1.00
384,        20100728,            0.96
385,        20100729,            0.93
386,        20100730,            0.98
387,        20100802,            1.00
388,        20100803,            0.97
389,        20100804,            1.02
390,        20100805,            1.00
391,        20100806,            1.02
392,        20100809,            1.03
393,        20100810,            0.95
394,        20100811,            0.95
395,        20100812,            0.97
396,        20100813,            0.99
397,        20100816,            1.01
398,        20100817,            1.03
399,        20100818,            1.00
400,        20100819,            0.97
401,        20100820,            1.02
402,        20100823,            0.97
403,        20100824,            0.98
404,        20100825,            1.01
405,        20100826,            0.99
406,        20100827,            1.02
407,        20100830,            0.98
408,        20100831,            0.97
409,        20100901,            1.04
410,        20100902,            1.02
411,        20100903,            1.03
412,        20100907,            0.97
413,        20100908,            0.99
414,        20100909,            1.00
415,        20100910,            0.98
416,        20100913,            1.03
417,        20100914,            1.06
418,        20100915,            1.01
419,        20100916,            0.99
420,        20100917,            1.02
421,        20100920,            1.01
422,        20100921,            1.02
423,        20100922,            0.93
424,        20100923,            0.99
425,        20100924,            1.06
426,        20100927,            1.00
427,        20100928,            1.01
428,        20100929,            1.02
429,        20100930,            1.00
430,        20101001,            0.99
431,        20101004,            0.97
432,        20101005,            1.04
433,        20101006,            0.96
434,        20101007,            1.02
435,        20101008,            1.03
436,        20101011,            1.01
437,        20101012,            1.01
438,        20101013,            0.96
439,        20101014,            1.08
440,        20101015,            1.01
441,        20101018,            1.00
442,        20101019,            0.98
443,        20101020,            1.03
444,        20101021,            1.00
445,        20101022,            1.02
446,        20101025,            1.02
447,        20101026,            1.01
448,        20101027,            1.03
449,        20101028,            1.01
450,        20101029,            0.99
451,        20101101,            1.00
452,        20101102,            1.03
453,        20101103,            1.01
454,        20101104,            1.06
455,        20101105,            1.01
456,        20101108,            1.00
457,        20101109,            1.00
458,        20101110,            0.98
459,        20101111,            0.98
460,        20101112,            1.01
461,        20101115,            1.01
462,        20101116,            0.98
463,        20101117,            1.01
464,        20101118,            1.04
465,        20101119,            1.03
466,        20101122,            1.01
467,        20101123,            0.98
468,        20101124,            1.07
469,        20101126,            1.00
470,        20101129,            1.01
471,        20101130,            1.01
472,        20101201,            1.02
473,        20101202,            1.04
474,        20101203,            1.01
475,        20101206,            1.02
476,        20101207,            1.00
477,        20101208,            0.99
478,        20101209,            1.00
479,        20101210,            1.01
480,        20101213,            1.01
481,        20101214,            0.98
482,        20101215,            0.99
483,        20101216,            1.02
484,        20101217,            1.00
485,        20101220,            1.01
486,        20101221,            1.02
487,        20101222,            0.98
488,        20101223,            0.99
489,        20101227,            1.02
490,        20101228,            1.01
491,        20101229,            1.00
492,        20101230,            1.02
493,        20101231,            0.98
494,        20110103,            1.00
495,        20110104,            1.02
496,        20110105,            0.99
497,        20110106,            1.04
498,        20110107,            0.99
