0,        20090116,            0.99
1,        20090120,            0.98
2,        20090121,            1.02
3,        20090122,            0.99
4,        20090123,            0.98
5,        20090126,            0.99
6,        20090127,            1.02
7,        20090128,            1.02
8,        20090129,            0.98
9,        20090130,            1.01
10,        20090202,            1.00
11,        20090203,            1.05
12,        20090204,            0.97
13,        20090205,            0.94
14,        20090206,            1.01
15,        20090209,            1.02
16,        20090210,            0.97
17,        20090211,            1.01
18,        20090212,            1.02
19,        20090213,            0.97
20,        20090217,            1.00
21,        20090218,            1.00
22,        20090219,            1.01
23,        20090220,            1.02
24,        20090223,            0.99
25,        20090224,            1.02
26,        20090225,            1.01
27,        20090226,            0.99
28,        20090227,            1.01
29,        20090302,            1.01
30,        20090303,            0.96
31,        20090304,            1.03
32,        20090305,            1.12
33,        20090306,            0.99
34,        20090309,            1.01
35,        20090310,            1.02
36,        20090311,            0.99
37,        20090312,            1.01
38,        20090313,            1.01
39,        20090316,            0.97
40,        20090317,            1.03
41,        20090318,            1.01
42,        20090319,            0.99
43,        20090320,            0.98
44,        20090323,            1.03
45,        20090324,            0.98
46,        20090325,            1.03
47,        20090326,            1.03
48,        20090327,            1.01
49,        20090330,            1.00
50,        20090331,            0.99
51,        20090401,            0.99
52,        20090402,            0.97
53,        20090403,            0.99
54,        20090406,            1.04
55,        20090407,            0.98
56,        20090408,            1.06
57,        20090409,            0.99
58,        20090413,            0.98
59,        20090414,            1.00
60,        20090415,            0.98
61,        20090416,            1.00
62,        20090417,            0.99
63,        20090420,            1.01
64,        20090421,            0.99
65,        20090422,            1.02
66,        20090423,            0.97
67,        20090424,            1.01
68,        20090427,            1.00
69,        20090428,            1.02
70,        20090429,            1.00
71,        20090430,            1.00
72,        20090501,            0.97
73,        20090504,            1.02
74,        20090505,            1.01
75,        20090506,            0.97
76,        20090507,            0.99
77,        20090508,            0.96
78,        20090511,            1.06
79,        20090512,            0.96
80,        20090513,            1.00
81,        20090514,            0.99
82,        20090515,            0.99
83,        20090518,            0.99
84,        20090519,            1.03
85,        20090520,            0.96
86,        20090521,            1.00
87,        20090522,            1.01
88,        20090526,            1.05
89,        20090527,            0.99
90,        20090528,            0.96
91,        20090529,            1.02
92,        20090601,            1.03
93,        20090602,            1.04
94,        20090603,            1.00
95,        20090604,            0.95
96,        20090605,            1.01
97,        20090608,            1.00
98,        20090609,            1.00
99,        20090610,            0.99
100,        20090611,            0.96
101,        20090612,            1.00
102,        20090615,            0.98
103,        20090616,            0.99
104,        20090617,            1.02
105,        20090618,            0.99
106,        20090619,            1.01
107,        20090622,            1.01
108,        20090623,            0.98
109,        20090624,            1.00
110,        20090625,            1.01
111,        20090626,            1.00
112,        20090629,            1.00
113,        20090630,            0.98
114,        20090701,            1.00
115,        20090702,            0.99
116,        20090706,            1.00
117,        20090707,            0.99
118,        20090708,            1.12
119,        20090709,            0.99
120,        20090710,            0.98
121,        20090713,            1.00
122,        20090714,            1.02
123,        20090715,            1.01
124,        20090716,            0.99
125,        20090717,            1.00
126,        20090720,            1.00
127,        20090721,            0.98
128,        20090722,            1.01
129,        20090723,            1.01
130,        20090724,            1.00
131,        20090727,            1.00
132,        20090728,            1.02
133,        20090729,            1.00
134,        20090730,            1.00
135,        20090731,            0.99
136,        20090803,            0.99
137,        20090804,            1.00
138,        20090805,            0.99
139,        20090806,            1.00
140,        20090807,            1.02
141,        20090810,            0.97
142,        20090811,            1.02
143,        20090812,            0.99
144,        20090813,            0.97
145,        20090814,            0.98
146,        20090817,            0.99
147,        20090818,            1.00
148,        20090819,            1.02
149,        20090820,            1.00
150,        20090821,            1.01
151,        20090824,            0.98
152,        20090825,            1.02
153,        20090826,            1.03
154,        20090827,            1.00
155,        20090828,            1.00
156,        20090831,            0.99
157,        20090901,            1.01
158,        20090902,            1.02
159,        20090903,            0.91
160,        20090904,            1.02
161,        20090908,            0.98
162,        20090909,            0.99
163,        20090910,            1.00
164,        20090911,            0.98
165,        20090914,            0.99
166,        20090915,            1.00
167,        20090916,            1.00
168,        20090917,            0.98
169,        20090918,            1.00
170,        20090921,            1.02
171,        20090922,            0.99
172,        20090923,            0.99
173,        20090924,            0.99
174,        20090925,            1.00
175,        20090928,            1.00
176,        20090929,            0.99
177,        20090930,            1.02
178,        20091001,            1.02
179,        20091002,            0.99
180,        20091005,            1.01
181,        20091006,            1.06
182,        20091007,            0.99
183,        20091008,            1.02
184,        20091009,            1.00
185,        20091012,            0.99
186,        20091013,            0.99
187,        20091014,            1.00
188,        20091015,            1.02
189,        20091016,            0.99
190,        20091019,            1.01
191,        20091020,            1.02
192,        20091021,            0.97
193,        20091022,            1.03
194,        20091023,            1.00
195,        20091026,            0.99
196,        20091027,            1.01
197,        20091028,            0.98
198,        20091029,            1.00
199,        20091030,            0.98
200,        20091102,            1.01
201,        20091103,            0.99
202,        20091104,            1.00
203,        20091105,            1.01
204,        20091106,            1.00
205,        20091109,            1.04
206,        20091110,            1.00
207,        20091111,            1.00
208,        20091112,            1.00
209,        20091113,            1.00
210,        20091116,            1.02
211,        20091117,            0.99
212,        20091118,            1.02
213,        20091119,            0.99
214,        20091120,            1.00
215,        20091123,            1.00
216,        20091124,            1.02
217,        20091125,            1.01
218,        20091127,            0.99
219,        20091130,            0.98
220,        20091201,            1.01
221,        20091202,            1.00
222,        20091203,            0.92
223,        20091204,            1.00
224,        20091207,            1.00
225,        20091208,            1.00
226,        20091209,            0.99
227,        20091210,            1.00
228,        20091211,            1.01
229,        20091214,            1.00
230,        20091215,            0.99
231,        20091216,            1.00
232,        20091217,            1.00
233,        20091218,            1.01
234,        20091221,            1.00
235,        20091222,            0.99
236,        20091223,            1.00
237,        20091224,            1.00
238,        20091228,            1.00
239,        20091229,            1.00
240,        20091230,            1.01
241,        20091231,            0.99
242,        20100104,            0.98
243,        20100105,            1.00
244,        20100106,            1.12
245,        20100107,            0.99
246,        20100108,            0.99
247,        20100111,            1.01
248,        20100112,            0.99
249,        20100113,            1.00
250,        20100114,            1.00
251,        20100115,            1.01
252,        20100119,            1.01
253,        20100120,            0.99
254,        20100121,            1.01
255,        20100122,            0.99
256,        20100125,            1.00
257,        20100126,            1.00
258,        20100127,            1.01
259,        20100128,            1.00
260,        20100129,            1.01
261,        20100201,            1.00
262,        20100202,            1.01
263,        20100203,            1.00
264,        20100204,            1.00
265,        20100205,            1.00
266,        20100208,            1.01
267,        20100209,            1.00
268,        20100210,            0.99
269,        20100211,            1.01
270,        20100212,            1.00
271,        20100216,            1.02
272,        20100217,            1.00
273,        20100218,            1.00
274,        20100219,            1.00
275,        20100222,            1.00
276,        20100223,            1.00
277,        20100224,            1.02
278,        20100225,            0.99
279,        20100226,            1.01
280,        20100301,            0.99
281,        20100302,            1.01
282,        20100303,            0.99
283,        20100304,            1.08
284,        20100305,            1.01
285,        20100308,            1.00
286,        20100309,            1.00
287,        20100310,            1.00
288,        20100311,            0.99
289,        20100312,            1.00
290,        20100315,            1.00
291,        20100316,            1.00
292,        20100317,            1.02
293,        20100318,            1.00
294,        20100319,            0.99
295,        20100322,            1.02
296,        20100323,            1.00
297,        20100324,            0.99
298,        20100325,            1.00
299,        20100326,            1.03
300,        20100329,            1.00
301,        20100330,            1.00
302,        20100331,            0.99
303,        20100401,            1.01
304,        20100405,            1.01
305,        20100406,            1.01
306,        20100407,            1.03
307,        20100408,            1.00
308,        20100409,            0.99
309,        20100412,            0.99
310,        20100413,            1.02
311,        20100414,            1.00
312,        20100415,            1.00
313,        20100416,            0.99
314,        20100419,            0.99
315,        20100420,            1.01
316,        20100421,            1.01
317,        20100422,            1.02
318,        20100423,            1.01
319,        20100426,            0.99
320,        20100427,            0.98
321,        20100428,            1.00
322,        20100429,            1.02
323,        20100430,            0.99
324,        20100503,            1.00
325,        20100504,            0.99
326,        20100505,            1.01
327,        20100506,            0.98
328,        20100507,            1.00
329,        20100510,            1.02
330,        20100511,            1.01
331,        20100512,            1.02
332,        20100513,            0.99
333,        20100514,            1.00
334,        20100517,            1.01
335,        20100518,            0.99
336,        20100519,            1.03
337,        20100520,            0.97
338,        20100521,            1.03
339,        20100524,            1.00
340,        20100525,            1.01
341,        20100526,            0.97
342,        20100527,            1.00
343,        20100528,            1.00
344,        20100601,            0.99
345,        20100602,            1.00
346,        20100603,            0.96
347,        20100604,            0.99
348,        20100607,            0.98
349,        20100608,            1.01
350,        20100609,            1.01
351,        20100610,            1.02
352,        20100611,            1.00
353,        20100614,            1.01
354,        20100615,            1.01
355,        20100616,            1.00
356,        20100617,            1.01
357,        20100618,            0.99
358,        20100621,            0.99
359,        20100622,            0.98
360,        20100623,            1.02
361,        20100624,            1.00
362,        20100625,            0.98
363,        20100628,            1.01
364,        20100629,            0.99
365,        20100630,            0.99
366,        20100701,            1.03
367,        20100702,            1.00
368,        20100706,            1.02
369,        20100707,            0.92
370,        20100708,            1.00
371,        20100709,            0.99
372,        20100712,            1.00
373,        20100713,            1.01
374,        20100714,            1.01
375,        20100715,            1.03
376,        20100716,            1.00
377,        20100719,            1.00
378,        20100720,            1.01
379,        20100721,            1.00
380,        20100722,            1.01
381,        20100723,            1.02
382,        20100726,            1.01
383,        20100727,            0.99
384,        20100728,            1.05
385,        20100729,            0.99
386,        20100730,            1.01
387,        20100802,            1.01
388,        20100803,            0.99
389,        20100804,            1.01
390,        20100805,            1.00
391,        20100806,            1.00
392,        20100809,            1.02
393,        20100810,            1.00
394,        20100811,            1.00
395,        20100812,            1.01
396,        20100813,            1.00
397,        20100816,            1.00
398,        20100817,            1.01
399,        20100818,            1.01
400,        20100819,            0.99
401,        20100820,            0.99
402,        20100823,            1.00
403,        20100824,            1.01
404,        20100825,            0.99
405,        20100826,            1.01
406,        20100827,            1.01
407,        20100830,            0.99
408,        20100831,            1.00
409,        20100901,            1.01
410,        20100902,            1.01
411,        20100903,            0.98
412,        20100907,            0.99
413,        20100908,            1.00
414,        20100909,            1.00
415,        20100910,            1.00
416,        20100913,            1.01
417,        20100914,            1.00
418,        20100915,            1.01
419,        20100916,            0.99
420,        20100917,            1.01
421,        20100920,            1.01
422,        20100921,            0.99
423,        20100922,            1.00
424,        20100923,            1.00
425,        20100924,            1.00
426,        20100927,            0.99
427,        20100928,            1.01
428,        20100929,            1.02
429,        20100930,            1.00
430,        20101001,            1.00
431,        20101004,            1.00
432,        20101005,            1.02
433,        20101006,            1.01
434,        20101007,            1.01
435,        20101008,            0.98
436,        20101011,            1.01
437,        20101012,            1.00
438,        20101013,            1.00
439,        20101014,            0.99
440,        20101015,            1.00
441,        20101018,            1.00
442,        20101019,            0.98
443,        20101020,            1.01
444,        20101021,            1.00
445,        20101022,            1.00
446,        20101025,            1.01
447,        20101026,            1.01
448,        20101027,            1.00
449,        20101028,            1.00
450,        20101029,            1.00
451,        20101101,            1.01
452,        20101102,            1.01
453,        20101103,            1.00
454,        20101104,            1.01
455,        20101105,            1.01
456,        20101108,            1.00
457,        20101109,            0.99
458,        20101110,            1.01
459,        20101111,            1.00
460,        20101112,            1.00
461,        20101115,            1.00
462,        20101116,            1.00
463,        20101117,            1.01
464,        20101118,            1.01
465,        20101119,            1.00
466,        20101122,            1.01
467,        20101123,            1.00
468,        20101124,            1.03
469,        20101126,            1.00
470,        20101129,            0.99
471,        20101130,            1.00
472,        20101201,            1.00
473,        20101202,            1.01
474,        20101203,            1.01
475,        20101206,            1.00
476,        20101207,            1.00
477,        20101208,            0.99
478,        20101209,            0.98
479,        20101210,            1.01
480,        20101213,            0.99
481,        20101214,            1.00
482,        20101215,            1.00
483,        20101216,            1.01
484,        20101217,            1.00
485,        20101220,            1.00
486,        20101221,            0.99
487,        20101222,            1.00
488,        20101223,            1.01
489,        20101227,            1.00
490,        20101228,            1.00
491,        20101229,            1.01
492,        20101230,            1.01
493,        20101231,            0.99
494,        20110103,            1.01
495,        20110104,            0.98
496,        20110105,            0.91
497,        20110106,            0.99
498,        20110107,            0.99
