0,        20090116,            1.05
1,        20090120,            0.91
2,        20090121,            1.06
3,        20090122,            0.98
4,        20090123,            1.04
5,        20090126,            1.00
6,        20090127,            1.01
7,        20090128,            1.07
8,        20090129,            0.89
9,        20090130,            1.02
10,        20090202,            1.02
11,        20090203,            0.98
12,        20090204,            0.97
13,        20090205,            0.96
14,        20090206,            1.05
15,        20090209,            1.00
16,        20090210,            0.92
17,        20090211,            1.01
18,        20090212,            0.97
19,        20090213,            0.95
20,        20090217,            0.97
21,        20090218,            1.01
22,        20090219,            0.95
23,        20090220,            1.09
24,        20090223,            0.95
25,        20090224,            1.08
26,        20090225,            0.98
27,        20090226,            0.96
28,        20090227,            0.97
29,        20090302,            0.94
30,        20090303,            1.02
31,        20090304,            1.01
32,        20090305,            0.94
33,        20090306,            0.99
34,        20090309,            1.02
35,        20090310,            1.10
36,        20090311,            1.00
37,        20090312,            1.06
38,        20090313,            0.98
39,        20090316,            0.94
40,        20090317,            1.07
41,        20090318,            1.04
42,        20090319,            0.94
43,        20090320,            0.97
44,        20090323,            1.15
45,        20090324,            0.93
46,        20090325,            0.99
47,        20090326,            0.96
48,        20090327,            0.97
49,        20090330,            0.94
50,        20090331,            1.09
51,        20090401,            0.99
52,        20090402,            1.06
53,        20090403,            1.04
54,        20090406,            1.01
55,        20090407,            0.93
56,        20090408,            1.03
57,        20090409,            1.10
58,        20090413,            1.00
59,        20090414,            0.91
60,        20090415,            1.07
61,        20090416,            1.00
62,        20090417,            0.97
63,        20090420,            0.92
64,        20090421,            1.08
65,        20090422,            0.95
66,        20090423,            1.06
67,        20090424,            1.03
68,        20090427,            0.97
69,        20090428,            1.03
70,        20090429,            1.02
71,        20090430,            0.96
72,        20090501,            0.97
73,        20090504,            1.06
74,        20090505,            0.95
75,        20090506,            1.03
76,        20090507,            0.94
77,        20090508,            1.08
78,        20090511,            0.97
79,        20090512,            1.01
80,        20090513,            0.96
81,        20090514,            1.02
82,        20090515,            0.96
83,        20090518,            1.06
84,        20090519,            0.97
85,        20090520,            0.99
86,        20090521,            1.01
87,        20090522,            0.99
88,        20090526,            1.04
89,        20090527,            0.96
90,        20090528,            1.02
91,        20090529,            1.03
92,        20090601,            1.02
93,        20090602,            0.98
94,        20090603,            1.01
95,        20090604,            1.03
96,        20090605,            0.99
97,        20090608,            1.01
98,        20090609,            1.00
99,        20090610,            0.98
100,        20090611,            0.98
101,        20090612,            1.04
102,        20090615,            0.96
103,        20090616,            1.00
104,        20090617,            1.00
105,        20090618,            1.00
106,        20090619,            1.00
107,        20090622,            0.97
108,        20090623,            1.00
109,        20090624,            1.01
110,        20090625,            1.01
111,        20090626,            0.99
112,        20090629,            1.01
113,        20090630,            1.00
114,        20090701,            1.01
115,        20090702,            0.96
116,        20090706,            1.04
117,        20090707,            0.99
118,        20090708,            1.01
119,        20090709,            0.99
120,        20090710,            1.01
121,        20090713,            1.03
122,        20090714,            1.00
123,        20090715,            1.03
124,        20090716,            1.01
125,        20090717,            0.99
126,        20090720,            1.03
127,        20090721,            1.01
128,        20090722,            0.99
129,        20090723,            1.04
130,        20090724,            1.00
131,        20090727,            1.02
132,        20090728,            1.00
133,        20090729,            1.00
134,        20090730,            1.03
135,        20090731,            1.00
136,        20090803,            1.02
137,        20090804,            1.04
138,        20090805,            1.03
139,        20090806,            0.94
140,        20090807,            1.04
141,        20090810,            0.97
142,        20090811,            0.98
143,        20090812,            1.00
144,        20090813,            0.99
145,        20090814,            1.00
146,        20090817,            0.98
147,        20090818,            1.02
148,        20090819,            1.00
149,        20090820,            1.04
150,        20090821,            1.02
151,        20090824,            0.99
152,        20090825,            1.00
153,        20090826,            1.00
154,        20090827,            1.01
155,        20090828,            1.01
156,        20090831,            0.99
157,        20090901,            0.94
158,        20090902,            1.00
159,        20090903,            1.00
160,        20090904,            1.00
161,        20090908,            1.02
162,        20090909,            1.02
163,        20090910,            0.99
164,        20090911,            1.00
165,        20090914,            1.02
166,        20090915,            1.01
167,        20090916,            1.02
168,        20090917,            1.00
169,        20090918,            1.00
170,        20090921,            0.99
171,        20090922,            1.02
172,        20090923,            0.97
173,        20090924,            0.98
174,        20090925,            1.00
175,        20090928,            1.03
176,        20090929,            0.99
177,        20090930,            0.98
178,        20091001,            0.99
179,        20091002,            1.01
180,        20091005,            1.02
181,        20091006,            1.00
182,        20091007,            1.01
183,        20091008,            1.01
184,        20091009,            1.02
185,        20091012,            1.01
186,        20091013,            0.99
187,        20091014,            1.03
188,        20091015,            1.00
189,        20091016,            0.99
190,        20091019,            1.03
191,        20091020,            0.98
192,        20091021,            0.98
193,        20091022,            1.03
194,        20091023,            0.99
195,        20091026,            1.01
196,        20091027,            1.00
197,        20091028,            0.97
198,        20091029,            1.03
199,        20091030,            0.98
200,        20091102,            1.01
201,        20091103,            1.00
202,        20091104,            0.97
203,        20091105,            0.98
204,        20091106,            0.98
205,        20091109,            1.04
206,        20091110,            0.98
207,        20091111,            1.01
208,        20091112,            0.99
209,        20091113,            1.01
210,        20091116,            1.01
211,        20091117,            0.99
212,        20091118,            1.02
213,        20091119,            0.99
214,        20091120,            1.00
215,        20091123,            1.01
216,        20091124,            1.00
217,        20091125,            1.00
218,        20091127,            0.97
219,        20091130,            1.04
220,        20091201,            1.01
221,        20091202,            1.01
222,        20091203,            0.99
223,        20091204,            1.02
224,        20091207,            0.99
225,        20091208,            1.00
226,        20091209,            1.00
227,        20091210,            1.00
228,        20091211,            1.00
229,        20091214,            1.01
230,        20091215,            0.99
231,        20091216,            0.99
232,        20091217,            0.99
233,        20091218,            1.00
234,        20091221,            1.01
235,        20091222,            1.00
236,        20091223,            1.00
237,        20091224,            1.01
238,        20091228,            1.00
239,        20091229,            0.99
240,        20091230,            1.00
241,        20091231,            0.96
242,        20100104,            0.99
243,        20100105,            1.01
244,        20100106,            1.00
245,        20100107,            1.00
246,        20100108,            0.99
247,        20100111,            1.00
248,        20100112,            0.99
249,        20100113,            1.02
250,        20100114,            0.99
251,        20100115,            1.00
252,        20100119,            1.03
253,        20100120,            1.00
254,        20100121,            0.98
255,        20100122,            0.98
256,        20100125,            1.00
257,        20100126,            0.99
258,        20100127,            1.01
259,        20100128,            1.00
260,        20100129,            0.99
261,        20100201,            1.00
262,        20100202,            1.01
263,        20100203,            0.99
264,        20100204,            0.95
265,        20100205,            1.01
266,        20100208,            0.98
267,        20100209,            1.00
268,        20100210,            1.00
269,        20100211,            1.01
270,        20100212,            0.99
271,        20100216,            1.02
272,        20100217,            1.01
273,        20100218,            1.01
274,        20100219,            0.99
275,        20100222,            1.00
276,        20100223,            0.99
277,        20100224,            1.02
278,        20100225,            1.01
279,        20100226,            0.99
280,        20100301,            1.01
281,        20100302,            1.00
282,        20100303,            1.00
283,        20100304,            1.01
284,        20100305,            1.01
285,        20100308,            1.01
286,        20100309,            1.01
287,        20100310,            1.01
288,        20100311,            1.01
289,        20100312,            1.01
290,        20100315,            1.00
291,        20100316,            1.02
292,        20100317,            1.01
293,        20100318,            0.99
294,        20100319,            1.00
295,        20100322,            1.01
296,        20100323,            1.00
297,        20100324,            1.00
298,        20100325,            1.00
299,        20100326,            0.99
300,        20100329,            1.00
301,        20100330,            1.00
302,        20100331,            0.99
303,        20100401,            1.00
304,        20100405,            1.01
305,        20100406,            1.01
306,        20100407,            0.98
307,        20100408,            1.00
308,        20100409,            1.01
309,        20100412,            0.99
310,        20100413,            1.02
311,        20100414,            1.00
312,        20100415,            0.96
313,        20100416,            0.98
314,        20100419,            1.00
315,        20100420,            1.01
316,        20100421,            1.01
317,        20100422,            1.01
318,        20100423,            1.01
319,        20100426,            1.01
320,        20100427,            0.98
321,        20100428,            1.00
322,        20100429,            1.03
323,        20100430,            0.98
324,        20100503,            1.02
325,        20100504,            0.97
326,        20100505,            0.98
327,        20100506,            0.94
328,        20100507,            1.00
329,        20100510,            1.06
330,        20100511,            1.00
331,        20100512,            1.00
332,        20100513,            0.99
333,        20100514,            0.99
334,        20100517,            1.00
335,        20100518,            0.98
336,        20100519,            0.99
337,        20100520,            0.97
338,        20100521,            1.04
339,        20100524,            1.00
340,        20100525,            1.03
341,        20100526,            0.98
342,        20100527,            1.04
343,        20100528,            0.99
344,        20100601,            0.98
345,        20100602,            1.01
346,        20100603,            1.00
347,        20100604,            0.97
348,        20100607,            1.00
349,        20100608,            1.02
350,        20100609,            1.01
351,        20100610,            1.03
352,        20100611,            1.00
353,        20100614,            1.00
354,        20100615,            1.01
355,        20100616,            0.99
356,        20100617,            1.00
357,        20100618,            0.98
358,        20100621,            0.99
359,        20100622,            0.98
360,        20100623,            1.01
361,        20100624,            0.99
362,        20100625,            1.02
363,        20100628,            1.00
364,        20100629,            0.99
365,        20100630,            0.99
366,        20100701,            1.00
367,        20100702,            0.99
368,        20100706,            0.99
369,        20100707,            1.03
370,        20100708,            1.01
371,        20100709,            1.01
372,        20100712,            1.00
373,        20100713,            1.02
374,        20100714,            1.00
375,        20100715,            1.00
376,        20100716,            0.98
377,        20100719,            1.02
378,        20100720,            1.02
379,        20100721,            0.99
380,        20100722,            1.02
381,        20100723,            1.01
382,        20100726,            1.01
383,        20100727,            1.00
384,        20100728,            1.00
385,        20100729,            0.99
386,        20100730,            1.00
387,        20100802,            1.03
388,        20100803,            0.99
389,        20100804,            1.00
390,        20100805,            0.99
391,        20100806,            1.00
392,        20100809,            1.00
393,        20100810,            1.00
394,        20100811,            0.98
395,        20100812,            1.00
396,        20100813,            1.00
397,        20100816,            0.99
398,        20100817,            1.02
399,        20100818,            1.00
400,        20100819,            0.99
401,        20100820,            1.00
402,        20100823,            0.99
403,        20100824,            1.00
404,        20100825,            1.01
405,        20100826,            0.99
406,        20100827,            1.02
407,        20100830,            0.99
408,        20100831,            1.01
409,        20100901,            1.02
410,        20100902,            1.01
411,        20100903,            1.01
412,        20100907,            0.99
413,        20100908,            1.00
414,        20100909,            0.99
415,        20100910,            1.00
416,        20100913,            1.01
417,        20100914,            1.00
418,        20100915,            1.01
419,        20100916,            1.00
420,        20100917,            1.01
421,        20100920,            1.01
422,        20100921,            0.97
423,        20100922,            1.00
424,        20100923,            0.99
425,        20100924,            1.02
426,        20100927,            0.99
427,        20100928,            1.01
428,        20100929,            0.99
429,        20100930,            1.01
430,        20101001,            1.00
431,        20101004,            1.01
432,        20101005,            1.02
433,        20101006,            1.00
434,        20101007,            1.00
435,        20101008,            1.00
436,        20101011,            1.00
437,        20101012,            1.01
438,        20101013,            1.00
439,        20101014,            1.00
440,        20101015,            1.00
441,        20101018,            1.02
442,        20101019,            1.00
443,        20101020,            1.01
444,        20101021,            1.00
445,        20101022,            1.00
446,        20101025,            1.01
447,        20101026,            1.00
448,        20101027,            0.99
449,        20101028,            1.00
450,        20101029,            1.00
451,        20101101,            1.01
452,        20101102,            0.99
453,        20101103,            0.98
454,        20101104,            1.01
455,        20101105,            0.99
456,        20101108,            1.00
457,        20101109,            0.95
458,        20101110,            1.01
459,        20101111,            0.99
460,        20101112,            0.98
461,        20101115,            1.00
462,        20101116,            0.97
463,        20101117,            1.00
464,        20101118,            1.00
465,        20101119,            1.01
466,        20101122,            1.00
467,        20101123,            0.99
468,        20101124,            1.02
469,        20101126,            1.00
470,        20101129,            1.00
471,        20101130,            1.00
472,        20101201,            0.99
473,        20101202,            1.01
474,        20101203,            0.99
475,        20101206,            1.00
476,        20101207,            1.00
477,        20101208,            0.99
478,        20101209,            1.00
479,        20101210,            1.01
480,        20101213,            1.00
481,        20101214,            0.98
482,        20101215,            0.99
483,        20101216,            1.00
484,        20101217,            1.02
485,        20101220,            1.01
486,        20101221,            1.02
487,        20101222,            1.01
488,        20101223,            1.00
489,        20101227,            1.00
490,        20101228,            1.00
491,        20101229,            1.00
492,        20101230,            1.00
493,        20101231,            1.00
494,        20110103,            1.02
495,        20110104,            0.99
496,        20110105,            1.00
497,        20110106,            1.00
498,        20110107,            0.99
