0,        20090116,            1.10
1,        20090120,            0.96
2,        20090121,            1.07
3,        20090122,            0.97
4,        20090123,            1.11
5,        20090126,            1.00
6,        20090127,            0.98
7,        20090128,            1.04
8,        20090129,            1.04
9,        20090130,            0.99
10,        20090202,            0.95
11,        20090203,            0.97
12,        20090204,            0.89
13,        20090205,            0.84
14,        20090206,            0.97
15,        20090209,            1.00
16,        20090210,            0.98
17,        20090211,            1.07
18,        20090212,            0.98
19,        20090213,            0.96
20,        20090217,            1.01
21,        20090218,            1.00
22,        20090219,            0.95
23,        20090220,            1.03
24,        20090223,            0.98
25,        20090224,            0.94
26,        20090225,            0.92
27,        20090226,            0.97
28,        20090227,            1.07
29,        20090302,            0.83
30,        20090303,            0.98
31,        20090304,            1.02
32,        20090305,            0.98
33,        20090306,            1.02
34,        20090309,            1.01
35,        20090310,            0.96
36,        20090311,            1.08
37,        20090312,            1.09
38,        20090313,            1.03
39,        20090316,            0.97
40,        20090317,            1.00
41,        20090318,            1.16
42,        20090319,            1.21
43,        20090320,            1.07
44,        20090323,            0.98
45,        20090324,            0.93
46,        20090325,            1.04
47,        20090326,            1.08
48,        20090327,            0.96
49,        20090330,            0.88
50,        20090331,            1.06
51,        20090401,            1.09
52,        20090402,            1.01
53,        20090403,            0.94
54,        20090406,            0.99
55,        20090407,            1.00
56,        20090408,            1.01
57,        20090409,            1.03
58,        20090413,            1.11
59,        20090414,            0.99
60,        20090415,            1.03
61,        20090416,            0.95
62,        20090417,            0.93
63,        20090420,            0.99
64,        20090421,            1.00
65,        20090422,            0.97
66,        20090423,            1.04
67,        20090424,            1.06
68,        20090427,            1.17
69,        20090428,            0.98
70,        20090429,            1.02
71,        20090430,            0.95
72,        20090501,            1.06
73,        20090504,            1.05
74,        20090505,            1.05
75,        20090506,            1.07
76,        20090507,            0.99
77,        20090508,            1.05
78,        20090511,            0.98
79,        20090512,            1.06
80,        20090513,            0.89
81,        20090514,            1.04
82,        20090515,            0.96
83,        20090518,            1.00
84,        20090519,            1.06
85,        20090520,            1.01
86,        20090521,            1.03
87,        20090522,            1.03
88,        20090526,            0.97
89,        20090527,            0.99
90,        20090528,            1.07
91,        20090529,            1.07
92,        20090601,            1.00
93,        20090602,            0.94
94,        20090603,            0.89
95,        20090604,            1.07
96,        20090605,            0.94
97,        20090608,            0.95
98,        20090609,            1.02
99,        20090610,            1.02
100,        20090611,            1.04
101,        20090612,            0.97
102,        20090615,            0.93
103,        20090616,            0.94
104,        20090617,            0.98
105,        20090618,            0.96
106,        20090619,            1.05
107,        20090622,            0.90
108,        20090623,            1.05
109,        20090624,            1.08
110,        20090625,            1.08
111,        20090626,            0.98
112,        20090629,            0.97
113,        20090630,            0.96
114,        20090701,            1.06
115,        20090702,            0.94
116,        20090706,            0.96
117,        20090707,            0.98
118,        20090708,            0.92
119,        20090709,            1.04
120,        20090710,            1.01
121,        20090713,            1.06
122,        20090714,            1.04
123,        20090715,            1.08
124,        20090716,            1.01
125,        20090717,            1.00
126,        20090720,            1.08
127,        20090721,            0.97
128,        20090722,            0.98
129,        20090723,            1.03
130,        20090724,            1.00
131,        20090727,            1.01
132,        20090728,            0.95
133,        20090729,            0.94
134,        20090730,            1.04
135,        20090731,            1.08
136,        20090803,            1.03
137,        20090804,            1.04
138,        20090805,            1.02
139,        20090806,            0.97
140,        20090807,            1.00
141,        20090810,            0.94
142,        20090811,            0.95
143,        20090812,            1.02
144,        20090813,            1.11
145,        20090814,            0.96
146,        20090817,            0.88
147,        20090818,            1.04
148,        20090819,            1.00
149,        20090820,            1.01
150,        20090821,            1.04
151,        20090824,            0.97
152,        20090825,            1.02
153,        20090826,            1.01
154,        20090827,            1.00
155,        20090828,            1.00
156,        20090831,            0.98
157,        20090901,            0.97
158,        20090902,            1.08
159,        20090903,            1.07
160,        20090904,            1.03
161,        20090908,            1.08
162,        20090909,            1.01
163,        20090910,            1.12
164,        20090911,            1.05
165,        20090914,            1.01
166,        20090915,            1.04
167,        20090916,            1.08
168,        20090917,            0.91
169,        20090918,            0.96
170,        20090921,            1.00
171,        20090922,            1.05
172,        20090923,            0.96
173,        20090924,            0.96
174,        20090925,            0.98
175,        20090928,            1.02
176,        20090929,            1.02
177,        20090930,            1.03
178,        20091001,            0.94
179,        20091002,            0.98
180,        20091005,            1.07
181,        20091006,            1.11
182,        20091007,            1.01
183,        20091008,            1.02
184,        20091009,            0.95
185,        20091012,            0.99
186,        20091013,            1.02
187,        20091014,            1.02
188,        20091015,            0.97
189,        20091016,            1.01
190,        20091019,            1.02
191,        20091020,            0.97
192,        20091021,            1.01
193,        20091022,            1.01
194,        20091023,            0.99
195,        20091026,            0.91
196,        20091027,            1.00
197,        20091028,            0.89
198,        20091029,            1.13
199,        20091030,            0.94
200,        20091102,            1.00
201,        20091103,            1.18
202,        20091104,            1.01
203,        20091105,            1.03
204,        20091106,            1.05
205,        20091109,            1.04
206,        20091110,            0.99
207,        20091111,            1.02
208,        20091112,            0.97
209,        20091113,            1.00
210,        20091116,            1.09
211,        20091117,            1.05
212,        20091118,            1.02
213,        20091119,            1.01
214,        20091120,            0.99
215,        20091123,            1.03
216,        20091124,            1.01
217,        20091125,            1.03
218,        20091127,            0.95
219,        20091130,            1.05
220,        20091201,            1.07
221,        20091202,            1.04
222,        20091203,            0.96
223,        20091204,            0.97
224,        20091207,            0.98
225,        20091208,            0.93
226,        20091209,            1.06
227,        20091210,            1.01
228,        20091211,            0.98
229,        20091214,            1.02
230,        20091215,            0.98
231,        20091216,            1.03
232,        20091217,            0.92
233,        20091218,            1.02
234,        20091221,            0.99
235,        20091222,            1.00
236,        20091223,            1.03
237,        20091224,            1.02
238,        20091228,            0.98
239,        20091229,            0.99
240,        20091230,            0.99
241,        20091231,            0.99
242,        20100104,            1.05
243,        20100105,            1.01
244,        20100106,            1.05
245,        20100107,            0.97
246,        20100108,            1.00
247,        20100111,            0.99
248,        20100112,            0.93
249,        20100113,            1.02
250,        20100114,            0.99
251,        20100115,            0.99
252,        20100119,            1.01
253,        20100120,            0.94
254,        20100121,            0.91
255,        20100122,            0.98
256,        20100125,            0.99
257,        20100126,            0.98
258,        20100127,            0.99
259,        20100128,            0.99
260,        20100129,            0.93
261,        20100201,            1.12
262,        20100202,            0.99
263,        20100203,            1.00
264,        20100204,            0.88
265,        20100205,            1.07
266,        20100208,            0.94
267,        20100209,            1.07
268,        20100210,            0.99
269,        20100211,            1.07
270,        20100212,            0.99
271,        20100216,            1.08
272,        20100217,            0.98
273,        20100218,            0.98
274,        20100219,            0.99
275,        20100222,            1.01
276,        20100223,            0.95
277,        20100224,            0.99
278,        20100225,            1.04
279,        20100226,            1.00
280,        20100301,            1.02
281,        20100302,            1.04
282,        20100303,            1.01
283,        20100304,            0.99
284,        20100305,            1.03
285,        20100308,            1.00
286,        20100309,            0.99
287,        20100310,            0.99
288,        20100311,            1.01
289,        20100312,            0.99
290,        20100315,            1.00
291,        20100316,            1.05
292,        20100317,            1.02
293,        20100318,            0.97
294,        20100319,            0.96
295,        20100322,            0.99
296,        20100323,            1.04
297,        20100324,            0.95
298,        20100325,            0.97
299,        20100326,            1.03
300,        20100329,            1.02
301,        20100330,            1.00
302,        20100331,            1.01
303,        20100401,            1.05
304,        20100405,            1.03
305,        20100406,            1.00
306,        20100407,            1.02
307,        20100408,            1.00
308,        20100409,            1.02
309,        20100412,            0.97
310,        20100413,            0.97
311,        20100414,            1.01
312,        20100415,            1.00
313,        20100416,            0.97
314,        20100419,            0.99
315,        20100420,            1.02
316,        20100421,            1.01
317,        20100422,            1.02
318,        20100423,            1.01
319,        20100426,            1.00
320,        20100427,            0.99
321,        20100428,            1.04
322,        20100429,            0.99
323,        20100430,            1.00
324,        20100503,            0.99
325,        20100504,            0.95
326,        20100505,            0.99
327,        20100506,            1.02
328,        20100507,            0.99
329,        20100510,            1.05
330,        20100511,            1.06
331,        20100512,            1.02
332,        20100513,            0.99
333,        20100514,            0.99
334,        20100517,            0.96
335,        20100518,            0.99
336,        20100519,            0.94
337,        20100520,            0.92
338,        20100521,            1.03
339,        20100524,            0.98
340,        20100525,            1.03
341,        20100526,            0.99
342,        20100527,            1.04
343,        20100528,            0.98
344,        20100601,            0.97
345,        20100602,            1.04
346,        20100603,            0.98
347,        20100604,            0.95
348,        20100607,            1.02
349,        20100608,            1.04
350,        20100609,            0.98
351,        20100610,            1.01
352,        20100611,            1.01
353,        20100614,            0.99
354,        20100615,            1.04
355,        20100616,            1.00
356,        20100617,            1.02
357,        20100618,            1.06
358,        20100621,            0.96
359,        20100622,            0.98
360,        20100623,            1.02
361,        20100624,            0.98
362,        20100625,            1.05
363,        20100628,            0.97
364,        20100629,            0.96
365,        20100630,            0.97
366,        20100701,            0.96
367,        20100702,            0.98
368,        20100706,            0.98
369,        20100707,            1.03
370,        20100708,            0.99
371,        20100709,            1.03
372,        20100712,            0.98
373,        20100713,            1.00
374,        20100714,            0.99
375,        20100715,            1.00
376,        20100716,            0.96
377,        20100719,            0.99
378,        20100720,            1.04
379,        20100721,            0.98
380,        20100722,            1.03
381,        20100723,            1.02
382,        20100726,            1.00
383,        20100727,            0.96
384,        20100728,            1.03
385,        20100729,            1.00
386,        20100730,            1.02
387,        20100802,            1.01
388,        20100803,            1.01
389,        20100804,            1.03
390,        20100805,            0.98
391,        20100806,            1.00
392,        20100809,            1.00
393,        20100810,            0.99
394,        20100811,            0.96
395,        20100812,            1.02
396,        20100813,            0.97
397,        20100816,            1.01
398,        20100817,            1.01
399,        20100818,            1.02
400,        20100819,            1.00
401,        20100820,            0.98
402,        20100823,            0.98
403,        20100824,            0.99
404,        20100825,            1.06
405,        20100826,            1.01
406,        20100827,            1.07
407,        20100830,            0.99
408,        20100831,            1.05
409,        20100901,            1.00
410,        20100902,            1.02
411,        20100903,            1.01
412,        20100907,            1.02
413,        20100908,            1.00
414,        20100909,            0.96
415,        20100910,            1.02
416,        20100913,            1.01
417,        20100914,            1.03
418,        20100915,            1.01
419,        20100916,            1.01
420,        20100917,            0.99
421,        20100920,            1.02
422,        20100921,            1.00
423,        20100922,            1.01
424,        20100923,            0.97
425,        20100924,            1.01
426,        20100927,            0.99
427,        20100928,            1.03
428,        20100929,            1.00
429,        20100930,            1.00
430,        20101001,            1.01
431,        20101004,            0.98
432,        20101005,            1.06
433,        20101006,            1.01
434,        20101007,            0.96
435,        20101008,            1.04
436,        20101011,            1.00
437,        20101012,            0.99
438,        20101013,            1.04
439,        20101014,            1.02
440,        20101015,            0.99
441,        20101018,            1.02
442,        20101019,            0.92
443,        20101020,            1.03
444,        20101021,            0.97
445,        20101022,            1.02
446,        20101025,            1.02
447,        20101026,            1.01
448,        20101027,            0.98
449,        20101028,            1.01
450,        20101029,            1.01
451,        20101101,            1.00
452,        20101102,            1.01
453,        20101103,            1.00
454,        20101104,            1.10
455,        20101105,            1.03
456,        20101108,            1.13
457,        20101109,            0.93
458,        20101110,            1.05
459,        20101111,            1.02
460,        20101112,            0.94
461,        20101115,            0.99
462,        20101116,            0.94
463,        20101117,            1.04
464,        20101118,            1.04
465,        20101119,            1.01
466,        20101122,            1.05
467,        20101123,            0.99
468,        20101124,            1.00
469,        20101126,            0.98
470,        20101129,            1.04
471,        20101130,            1.05
472,        20101201,            1.01
473,        20101202,            1.00
474,        20101203,            1.08
475,        20101206,            1.05
476,        20101207,            0.95
477,        20101208,            0.97
478,        20101209,            1.02
479,        20101210,            1.02
480,        20101213,            1.03
481,        20101214,            1.00
482,        20101215,            0.97
483,        20101216,            0.99
484,        20101217,            1.00
485,        20101220,            1.02
486,        20101221,            1.01
487,        20101222,            0.98
488,        20101223,            1.00
489,        20101227,            0.99
490,        20101228,            1.05
491,        20101229,            1.01
492,        20101230,            0.98
493,        20101231,            1.01
494,        20110103,            1.00
495,        20110104,            0.93
496,        20110105,            1.00
497,        20110106,            0.95
498,        20110107,            1.01
