0,        20090116,            1.03
1,        20090120,            0.98
2,        20090121,            1.02
3,        20090122,            0.99
4,        20090123,            0.97
5,        20090126,            1.03
6,        20090127,            1.02
7,        20090128,            1.00
8,        20090129,            1.01
9,        20090130,            0.98
10,        20090202,            1.01
11,        20090203,            1.03
12,        20090204,            0.98
13,        20090205,            0.99
14,        20090206,            1.00
15,        20090209,            1.00
16,        20090210,            0.94
17,        20090211,            1.00
18,        20090212,            1.00
19,        20090213,            0.98
20,        20090217,            0.96
21,        20090218,            0.99
22,        20090219,            1.01
23,        20090220,            0.99
24,        20090223,            0.98
25,        20090224,            1.06
26,        20090225,            1.01
27,        20090226,            0.96
28,        20090227,            1.00
29,        20090302,            0.98
30,        20090303,            0.99
31,        20090304,            1.01
32,        20090305,            0.98
33,        20090306,            1.00
34,        20090309,            0.98
35,        20090310,            1.04
36,        20090311,            0.99
37,        20090312,            1.03
38,        20090313,            1.01
39,        20090316,            1.02
40,        20090317,            1.02
41,        20090318,            0.97
42,        20090319,            1.01
43,        20090320,            0.99
44,        20090323,            1.05
45,        20090324,            1.00
46,        20090325,            1.01
47,        20090326,            1.00
48,        20090327,            0.97
49,        20090330,            0.98
50,        20090331,            1.00
51,        20090401,            1.02
52,        20090402,            1.02
53,        20090403,            1.00
54,        20090406,            0.99
55,        20090407,            0.98
56,        20090408,            1.01
57,        20090409,            1.01
58,        20090413,            1.00
59,        20090414,            0.99
60,        20090415,            1.02
61,        20090416,            1.01
62,        20090417,            1.00
63,        20090420,            0.99
64,        20090421,            1.00
65,        20090422,            0.98
66,        20090423,            1.00
67,        20090424,            1.00
68,        20090427,            1.00
69,        20090428,            1.00
70,        20090429,            1.01
71,        20090430,            1.01
72,        20090501,            1.01
73,        20090504,            1.01
74,        20090505,            1.00
75,        20090506,            1.00
76,        20090507,            1.00
77,        20090508,            1.01
78,        20090511,            1.01
79,        20090512,            1.02
80,        20090513,            0.98
81,        20090514,            0.99
82,        20090515,            0.99
83,        20090518,            1.01
84,        20090519,            1.00
85,        20090520,            1.00
86,        20090521,            1.00
87,        20090522,            1.02
88,        20090526,            1.01
89,        20090527,            1.00
90,        20090528,            1.00
91,        20090529,            1.01
92,        20090601,            1.01
93,        20090602,            1.01
94,        20090603,            0.99
95,        20090604,            0.99
96,        20090605,            1.00
97,        20090608,            1.00
98,        20090609,            0.99
99,        20090610,            0.99
100,        20090611,            1.00
101,        20090612,            1.01
102,        20090615,            0.98
103,        20090616,            0.99
104,        20090617,            1.02
105,        20090618,            1.02
106,        20090619,            1.00
107,        20090622,            0.97
108,        20090623,            0.99
109,        20090624,            1.00
110,        20090625,            1.01
111,        20090626,            1.00
112,        20090629,            1.00
113,        20090630,            1.00
114,        20090701,            1.03
115,        20090702,            0.97
116,        20090706,            1.02
117,        20090707,            0.98
118,        20090708,            1.00
119,        20090709,            0.99
120,        20090710,            1.00
121,        20090713,            1.02
122,        20090714,            1.00
123,        20090715,            1.02
124,        20090716,            1.01
125,        20090717,            1.00
126,        20090720,            1.00
127,        20090721,            1.00
128,        20090722,            1.01
129,        20090723,            1.02
130,        20090724,            1.00
131,        20090727,            1.00
132,        20090728,            1.00
133,        20090729,            1.00
134,        20090730,            1.00
135,        20090731,            0.99
136,        20090803,            1.00
137,        20090804,            1.00
138,        20090805,            0.99
139,        20090806,            0.99
140,        20090807,            1.01
141,        20090810,            1.00
142,        20090811,            1.00
143,        20090812,            1.00
144,        20090813,            0.99
145,        20090814,            1.00
146,        20090817,            0.99
147,        20090818,            1.00
148,        20090819,            1.01
149,        20090820,            1.02
150,        20090821,            1.01
151,        20090824,            1.00
152,        20090825,            1.00
153,        20090826,            1.00
154,        20090827,            0.99
155,        20090828,            0.99
156,        20090831,            1.00
157,        20090901,            0.99
158,        20090902,            0.99
159,        20090903,            1.00
160,        20090904,            1.00
161,        20090908,            1.05
162,        20090909,            1.00
163,        20090910,            1.00
164,        20090911,            1.00
165,        20090914,            1.00
166,        20090915,            1.00
167,        20090916,            1.01
168,        20090917,            1.00
169,        20090918,            0.99
170,        20090921,            1.00
171,        20090922,            1.00
172,        20090923,            1.01
173,        20090924,            0.99
174,        20090925,            1.00
175,        20090928,            1.01
176,        20090929,            0.99
177,        20090930,            1.00
178,        20091001,            0.98
179,        20091002,            1.00
180,        20091005,            1.01
181,        20091006,            1.01
182,        20091007,            1.00
183,        20091008,            1.01
184,        20091009,            1.00
185,        20091012,            1.01
186,        20091013,            1.00
187,        20091014,            1.00
188,        20091015,            1.01
189,        20091016,            1.00
190,        20091019,            1.01
191,        20091020,            1.00
192,        20091021,            1.00
193,        20091022,            1.00
194,        20091023,            0.98
195,        20091026,            1.00
196,        20091027,            1.00
197,        20091028,            0.99
198,        20091029,            1.02
199,        20091030,            0.99
200,        20091102,            1.00
201,        20091103,            0.99
202,        20091104,            1.01
203,        20091105,            1.01
204,        20091106,            1.00
205,        20091109,            1.02
206,        20091110,            1.00
207,        20091111,            1.00
208,        20091112,            0.99
209,        20091113,            1.00
210,        20091116,            1.01
211,        20091117,            1.00
212,        20091118,            1.00
213,        20091119,            0.99
214,        20091120,            1.01
215,        20091123,            1.02
216,        20091124,            1.00
217,        20091125,            1.00
218,        20091127,            0.98
219,        20091130,            1.00
220,        20091201,            1.02
221,        20091202,            1.01
222,        20091203,            0.99
223,        20091204,            1.00
224,        20091207,            1.00
225,        20091208,            0.99
226,        20091209,            1.00
227,        20091210,            1.00
228,        20091211,            1.00
229,        20091214,            1.00
230,        20091215,            1.00
231,        20091216,            1.00
232,        20091217,            0.98
233,        20091218,            0.99
234,        20091221,            1.01
235,        20091222,            1.01
236,        20091223,            1.00
237,        20091224,            1.01
238,        20091228,            1.00
239,        20091229,            1.00
240,        20091230,            1.00
241,        20091231,            0.99
242,        20100104,            1.00
243,        20100105,            0.99
244,        20100106,            1.00
245,        20100107,            1.00
246,        20100108,            1.00
247,        20100111,            1.00
248,        20100112,            1.00
249,        20100113,            1.01
250,        20100114,            1.00
251,        20100115,            0.99
252,        20100119,            1.01
253,        20100120,            0.99
254,        20100121,            0.99
255,        20100122,            1.00
256,        20100125,            1.01
257,        20100126,            1.01
258,        20100127,            1.02
259,        20100128,            1.02
260,        20100129,            0.98
261,        20100201,            1.01
262,        20100202,            1.01
263,        20100203,            0.99
264,        20100204,            0.97
265,        20100205,            1.01
266,        20100208,            1.00
267,        20100209,            1.01
268,        20100210,            1.00
269,        20100211,            1.01
270,        20100212,            1.00
271,        20100216,            1.02
272,        20100217,            1.01
273,        20100218,            1.02
274,        20100219,            1.01
275,        20100222,            1.00
276,        20100223,            0.99
277,        20100224,            1.01
278,        20100225,            0.99
279,        20100226,            1.01
280,        20100301,            1.00
281,        20100302,            1.01
282,        20100303,            1.00
283,        20100304,            1.00
284,        20100305,            1.01
285,        20100308,            1.00
286,        20100309,            1.00
287,        20100310,            1.00
288,        20100311,            1.00
289,        20100312,            1.00
290,        20100315,            1.01
291,        20100316,            1.01
292,        20100317,            1.01
293,        20100318,            1.00
294,        20100319,            1.00
295,        20100322,            0.99
296,        20100323,            1.00
297,        20100324,            1.01
298,        20100325,            0.98
299,        20100326,            0.98
300,        20100329,            1.00
301,        20100330,            1.00
302,        20100331,            1.00
303,        20100401,            1.01
304,        20100405,            1.00
305,        20100406,            1.00
306,        20100407,            1.00
307,        20100408,            0.99
308,        20100409,            1.01
309,        20100412,            1.00
310,        20100413,            1.00
311,        20100414,            1.00
312,        20100415,            1.00
313,        20100416,            1.00
314,        20100419,            1.00
315,        20100420,            1.00
316,        20100421,            1.00
317,        20100422,            1.00
318,        20100423,            1.00
319,        20100426,            1.00
320,        20100427,            0.98
321,        20100428,            1.01
322,        20100429,            1.03
323,        20100430,            1.00
324,        20100503,            1.00
325,        20100504,            0.99
326,        20100505,            1.01
327,        20100506,            0.97
328,        20100507,            0.99
329,        20100510,            1.03
330,        20100511,            1.00
331,        20100512,            1.01
332,        20100513,            1.00
333,        20100514,            0.98
334,        20100517,            1.01
335,        20100518,            1.00
336,        20100519,            1.00
337,        20100520,            0.98
338,        20100521,            1.00
339,        20100524,            1.00
340,        20100525,            0.97
341,        20100526,            0.99
342,        20100527,            1.01
343,        20100528,            0.99
344,        20100601,            1.00
345,        20100602,            1.02
346,        20100603,            1.00
347,        20100604,            0.98
348,        20100607,            1.00
349,        20100608,            1.02
350,        20100609,            1.00
351,        20100610,            1.02
352,        20100611,            0.99
353,        20100614,            1.01
354,        20100615,            1.02
355,        20100616,            1.00
356,        20100617,            1.01
357,        20100618,            0.99
358,        20100621,            0.99
359,        20100622,            0.98
360,        20100623,            1.00
361,        20100624,            0.99
362,        20100625,            0.99
363,        20100628,            1.01
364,        20100629,            0.98
365,        20100630,            0.99
366,        20100701,            1.00
367,        20100702,            1.00
368,        20100706,            1.01
369,        20100707,            1.02
370,        20100708,            1.01
371,        20100709,            1.00
372,        20100712,            1.00
373,        20100713,            1.01
374,        20100714,            1.00
375,        20100715,            1.00
376,        20100716,            0.99
377,        20100719,            1.00
378,        20100720,            1.02
379,        20100721,            0.99
380,        20100722,            1.01
381,        20100723,            1.01
382,        20100726,            1.00
383,        20100727,            1.00
384,        20100728,            0.99
385,        20100729,            0.98
386,        20100730,            1.00
387,        20100802,            1.01
388,        20100803,            1.01
389,        20100804,            1.01
390,        20100805,            0.99
391,        20100806,            1.00
392,        20100809,            1.01
393,        20100810,            1.00
394,        20100811,            0.99
395,        20100812,            1.00
396,        20100813,            1.01
397,        20100816,            1.00
398,        20100817,            1.02
399,        20100818,            1.01
400,        20100819,            0.99
401,        20100820,            1.01
402,        20100823,            1.00
403,        20100824,            0.99
404,        20100825,            1.00
405,        20100826,            1.00
406,        20100827,            1.01
407,        20100830,            0.98
408,        20100831,            1.00
409,        20100901,            1.00
410,        20100902,            1.01
411,        20100903,            0.99
412,        20100907,            1.00
413,        20100908,            1.00
414,        20100909,            1.01
415,        20100910,            1.00
416,        20100913,            1.00
417,        20100914,            1.00
418,        20100915,            1.01
419,        20100916,            1.00
420,        20100917,            1.01
421,        20100920,            1.00
422,        20100921,            0.99
423,        20100922,            1.00
424,        20100923,            0.99
425,        20100924,            1.02
426,        20100927,            1.00
427,        20100928,            1.00
428,        20100929,            1.00
429,        20100930,            0.99
430,        20101001,            1.00
431,        20101004,            1.00
432,        20101005,            1.01
433,        20101006,            1.01
434,        20101007,            0.99
435,        20101008,            1.00
436,        20101011,            1.00
437,        20101012,            1.00
438,        20101013,            1.02
439,        20101014,            1.00
440,        20101015,            1.00
441,        20101018,            1.00
442,        20101019,            0.99
443,        20101020,            1.01
444,        20101021,            1.00
445,        20101022,            1.00
446,        20101025,            1.00
447,        20101026,            0.99
448,        20101027,            1.00
449,        20101028,            1.01
450,        20101029,            0.99
451,        20101101,            1.00
452,        20101102,            1.01
453,        20101103,            1.00
454,        20101104,            1.00
455,        20101105,            0.99
456,        20101108,            0.99
457,        20101109,            0.99
458,        20101110,            1.00
459,        20101111,            0.99
460,        20101112,            1.00
461,        20101115,            1.00
462,        20101116,            0.99
463,        20101117,            1.00
464,        20101118,            1.01
465,        20101119,            1.00
466,        20101122,            1.01
467,        20101123,            0.99
468,        20101124,            1.01
469,        20101126,            1.00
470,        20101129,            1.00
471,        20101130,            1.00
472,        20101201,            1.01
473,        20101202,            1.00
474,        20101203,            1.00
475,        20101206,            1.00
476,        20101207,            1.00
477,        20101208,            1.00
478,        20101209,            1.00
479,        20101210,            1.01
480,        20101213,            1.00
481,        20101214,            1.01
482,        20101215,            1.00
483,        20101216,            1.01
484,        20101217,            1.00
485,        20101220,            0.98
486,        20101221,            1.00
487,        20101222,            1.00
488,        20101223,            1.00
489,        20101227,            1.00
490,        20101228,            1.00
491,        20101229,            1.00
492,        20101230,            1.00
493,        20101231,            1.00
494,        20110103,            1.00
495,        20110104,            0.99
496,        20110105,            0.99
497,        20110106,            0.99
498,        20110107,            1.00
