0,        20090116,            1.03
1,        20090120,            1.02
2,        20090121,            1.00
3,        20090122,            1.01
4,        20090123,            1.04
5,        20090126,            1.01
6,        20090127,            0.99
7,        20090128,            0.99
8,        20090129,            1.03
9,        20090130,            1.02
10,        20090202,            0.97
11,        20090203,            1.00
12,        20090204,            1.01
13,        20090205,            1.01
14,        20090206,            0.99
15,        20090209,            0.99
16,        20090210,            1.02
17,        20090211,            1.02
18,        20090212,            1.01
19,        20090213,            0.99
20,        20090217,            1.03
21,        20090218,            1.01
22,        20090219,            0.99
23,        20090220,            1.02
24,        20090223,            1.00
25,        20090224,            0.97
26,        20090225,            0.98
27,        20090226,            1.00
28,        20090227,            1.00
29,        20090302,            0.98
30,        20090303,            0.99
31,        20090304,            0.99
32,        20090305,            1.03
33,        20090306,            1.00
34,        20090309,            0.98
35,        20090310,            0.97
36,        20090311,            1.01
37,        20090312,            1.02
38,        20090313,            1.00
39,        20090316,            1.00
40,        20090317,            0.99
41,        20090318,            1.03
42,        20090319,            1.01
43,        20090320,            0.99
44,        20090323,            0.99
45,        20090324,            0.99
46,        20090325,            1.01
47,        20090326,            1.00
48,        20090327,            0.99
49,        20090330,            0.99
50,        20090331,            1.00
51,        20090401,            1.01
52,        20090402,            0.98
53,        20090403,            0.99
54,        20090406,            0.97
55,        20090407,            1.02
56,        20090408,            1.00
57,        20090409,            1.00
58,        20090413,            1.02
59,        20090414,            0.99
60,        20090415,            1.00
61,        20090416,            0.98
62,        20090417,            0.99
63,        20090420,            1.02
64,        20090421,            1.00
65,        20090422,            1.01
66,        20090423,            1.02
67,        20090424,            1.01
68,        20090427,            0.99
69,        20090428,            0.99
70,        20090429,            1.01
71,        20090430,            0.99
72,        20090501,            1.00
73,        20090504,            1.02
74,        20090505,            1.00
75,        20090506,            1.01
76,        20090507,            1.00
77,        20090508,            1.01
78,        20090511,            1.00
79,        20090512,            1.01
80,        20090513,            1.01
81,        20090514,            1.00
82,        20090515,            1.01
83,        20090518,            0.99
84,        20090519,            1.01
85,        20090520,            1.01
86,        20090521,            1.02
87,        20090522,            1.00
88,        20090526,            1.00
89,        20090527,            1.00
90,        20090528,            1.01
91,        20090529,            1.02
92,        20090601,            0.99
93,        20090602,            1.01
94,        20090603,            0.98
95,        20090604,            1.02
96,        20090605,            0.97
97,        20090608,            1.00
98,        20090609,            1.00
99,        20090610,            1.00
100,        20090611,            1.00
101,        20090612,            0.98
102,        20090615,            0.99
103,        20090616,            1.01
104,        20090617,            1.00
105,        20090618,            0.99
106,        20090619,            1.00
107,        20090622,            0.99
108,        20090623,            1.00
109,        20090624,            1.01
110,        20090625,            1.01
111,        20090626,            1.00
112,        20090629,            1.00
113,        20090630,            0.99
114,        20090701,            1.01
115,        20090702,            0.99
116,        20090706,            0.99
117,        20090707,            1.00
118,        20090708,            0.98
119,        20090709,            1.00
120,        20090710,            1.00
121,        20090713,            1.01
122,        20090714,            1.01
123,        20090715,            1.02
124,        20090716,            1.00
125,        20090717,            1.00
126,        20090720,            1.02
127,        20090721,            1.00
128,        20090722,            1.00
129,        20090723,            1.00
130,        20090724,            1.00
131,        20090727,            1.00
132,        20090728,            0.98
133,        20090729,            0.99
134,        20090730,            1.01
135,        20090731,            1.02
136,        20090803,            1.01
137,        20090804,            1.01
138,        20090805,            1.00
139,        20090806,            1.00
140,        20090807,            0.99
141,        20090810,            0.99
142,        20090811,            1.00
143,        20090812,            1.00
144,        20090813,            1.01
145,        20090814,            0.99
146,        20090817,            0.99
147,        20090818,            1.00
148,        20090819,            1.01
149,        20090820,            1.00
150,        20090821,            1.01
151,        20090824,            0.99
152,        20090825,            1.00
153,        20090826,            1.00
154,        20090827,            1.00
155,        20090828,            1.01
156,        20090831,            1.00
157,        20090901,            1.00
158,        20090902,            1.02
159,        20090903,            1.01
160,        20090904,            1.00
161,        20090908,            1.00
162,        20090909,            1.00
163,        20090910,            1.01
164,        20090911,            1.01
165,        20090914,            0.99
166,        20090915,            1.01
167,        20090916,            1.01
168,        20090917,            1.00
169,        20090918,            0.99
170,        20090921,            1.00
171,        20090922,            1.01
172,        20090923,            0.99
173,        20090924,            0.99
174,        20090925,            0.99
175,        20090928,            1.00
176,        20090929,            1.00
177,        20090930,            1.01
178,        20091001,            0.99
179,        20091002,            1.00
180,        20091005,            1.01
181,        20091006,            1.03
182,        20091007,            1.00
183,        20091008,            1.01
184,        20091009,            0.99
185,        20091012,            1.01
186,        20091013,            1.01
187,        20091014,            1.00
188,        20091015,            0.99
189,        20091016,            1.00
190,        20091019,            1.01
191,        20091020,            0.99
192,        20091021,            1.00
193,        20091022,            1.00
194,        20091023,            1.00
195,        20091026,            0.98
196,        20091027,            1.00
197,        20091028,            0.99
198,        20091029,            1.02
199,        20091030,            1.00
200,        20091102,            1.01
201,        20091103,            1.03
202,        20091104,            1.01
203,        20091105,            1.00
204,        20091106,            1.00
205,        20091109,            1.01
206,        20091110,            1.00
207,        20091111,            1.01
208,        20091112,            0.99
209,        20091113,            1.01
210,        20091116,            1.02
211,        20091117,            1.00
212,        20091118,            1.00
213,        20091119,            1.00
214,        20091120,            1.01
215,        20091123,            1.01
216,        20091124,            1.00
217,        20091125,            1.02
218,        20091127,            0.99
219,        20091130,            1.00
220,        20091201,            1.02
221,        20091202,            1.02
222,        20091203,            1.00
223,        20091204,            0.96
224,        20091207,            0.99
225,        20091208,            0.98
226,        20091209,            1.00
227,        20091210,            1.00
228,        20091211,            0.99
229,        20091214,            1.01
230,        20091215,            1.00
231,        20091216,            1.01
232,        20091217,            0.96
233,        20091218,            1.01
234,        20091221,            0.98
235,        20091222,            0.99
236,        20091223,            1.00
237,        20091224,            1.02
238,        20091228,            1.00
239,        20091229,            0.99
240,        20091230,            1.00
241,        20091231,            1.00
242,        20100104,            1.02
243,        20100105,            1.00
244,        20100106,            1.02
245,        20100107,            0.99
246,        20100108,            1.00
247,        20100111,            1.01
248,        20100112,            0.98
249,        20100113,            1.01
250,        20100114,            1.00
251,        20100115,            0.99
252,        20100119,            1.01
253,        20100120,            0.98
254,        20100121,            0.99
255,        20100122,            1.00
256,        20100125,            1.00
257,        20100126,            1.00
258,        20100127,            0.99
259,        20100128,            1.00
260,        20100129,            1.00
261,        20100201,            1.02
262,        20100202,            1.01
263,        20100203,            1.00
264,        20100204,            0.96
265,        20100205,            1.00
266,        20100208,            1.00
267,        20100209,            1.01
268,        20100210,            1.00
269,        20100211,            1.02
270,        20100212,            1.00
271,        20100216,            1.02
272,        20100217,            1.00
273,        20100218,            1.01
274,        20100219,            1.00
275,        20100222,            1.00
276,        20100223,            0.99
277,        20100224,            0.99
278,        20100225,            1.01
279,        20100226,            1.01
280,        20100301,            1.00
281,        20100302,            1.01
282,        20100303,            1.01
283,        20100304,            0.99
284,        20100305,            1.00
285,        20100308,            0.99
286,        20100309,            1.00
287,        20100310,            0.99
288,        20100311,            1.00
289,        20100312,            1.00
290,        20100315,            1.00
291,        20100316,            1.02
292,        20100317,            0.99
293,        20100318,            1.01
294,        20100319,            0.98
295,        20100322,            0.99
296,        20100323,            1.01
297,        20100324,            0.98
298,        20100325,            1.00
299,        20100326,            1.02
300,        20100329,            1.00
301,        20100330,            0.99
302,        20100331,            1.01
303,        20100401,            1.01
304,        20100405,            1.01
305,        20100406,            1.00
306,        20100407,            1.01
307,        20100408,            1.00
308,        20100409,            1.01
309,        20100412,            0.99
310,        20100413,            1.00
311,        20100414,            1.00
312,        20100415,            1.01
313,        20100416,            0.98
314,        20100419,            1.00
315,        20100420,            1.00
316,        20100421,            1.01
317,        20100422,            1.00
318,        20100423,            1.01
319,        20100426,            1.00
320,        20100427,            1.02
321,        20100428,            1.00
322,        20100429,            1.00
323,        20100430,            1.01
324,        20100503,            1.00
325,        20100504,            0.99
326,        20100505,            1.00
327,        20100506,            1.03
328,        20100507,            1.00
329,        20100510,            0.99
330,        20100511,            1.03
331,        20100512,            1.01
332,        20100513,            0.99
333,        20100514,            1.00
334,        20100517,            0.99
335,        20100518,            1.00
336,        20100519,            0.98
337,        20100520,            0.99
338,        20100521,            0.99
339,        20100524,            1.01
340,        20100525,            1.00
341,        20100526,            1.01
342,        20100527,            1.00
343,        20100528,            1.00
344,        20100601,            1.01
345,        20100602,            1.00
346,        20100603,            0.98
347,        20100604,            1.01
348,        20100607,            1.02
349,        20100608,            1.00
350,        20100609,            1.00
351,        20100610,            0.99
352,        20100611,            1.01
353,        20100614,            1.00
354,        20100615,            1.01
355,        20100616,            0.99
356,        20100617,            1.01
357,        20100618,            1.01
358,        20100621,            0.98
359,        20100622,            1.01
360,        20100623,            1.00
361,        20100624,            1.00
362,        20100625,            1.01
363,        20100628,            0.99
364,        20100629,            1.00
365,        20100630,            1.00
366,        20100701,            0.96
367,        20100702,            1.01
368,        20100706,            0.98
369,        20100707,            1.01
370,        20100708,            1.00
371,        20100709,            1.01
372,        20100712,            0.99
373,        20100713,            1.01
374,        20100714,            1.00
375,        20100715,            1.00
376,        20100716,            0.99
377,        20100719,            0.99
378,        20100720,            1.01
379,        20100721,            0.99
380,        20100722,            1.01
381,        20100723,            0.99
382,        20100726,            1.00
383,        20100727,            0.98
384,        20100728,            1.00
385,        20100729,            1.00
386,        20100730,            1.01
387,        20100802,            1.00
388,        20100803,            1.00
389,        20100804,            1.01
390,        20100805,            1.00
391,        20100806,            1.01
392,        20100809,            1.00
393,        20100810,            1.00
394,        20100811,            1.00
395,        20100812,            1.01
396,        20100813,            1.00
397,        20100816,            1.01
398,        20100817,            1.00
399,        20100818,            1.00
400,        20100819,            1.00
401,        20100820,            1.00
402,        20100823,            1.00
403,        20100824,            1.01
404,        20100825,            1.01
405,        20100826,            1.00
406,        20100827,            1.00
407,        20100830,            1.00
408,        20100831,            1.01
409,        20100901,            1.00
410,        20100902,            1.00
411,        20100903,            1.00
412,        20100907,            1.01
413,        20100908,            1.00
414,        20100909,            0.99
415,        20100910,            1.00
416,        20100913,            1.00
417,        20100914,            1.02
418,        20100915,            1.00
419,        20100916,            1.01
420,        20100917,            1.00
421,        20100920,            1.00
422,        20100921,            1.01
423,        20100922,            1.00
424,        20100923,            1.00
425,        20100924,            1.00
426,        20100927,            1.00
427,        20100928,            1.01
428,        20100929,            1.00
429,        20100930,            1.00
430,        20101001,            1.01
431,        20101004,            1.00
432,        20101005,            1.02
433,        20101006,            1.01
434,        20101007,            0.99
435,        20101008,            1.01
436,        20101011,            1.00
437,        20101012,            1.00
438,        20101013,            1.02
439,        20101014,            1.01
440,        20101015,            0.99
441,        20101018,            1.00
442,        20101019,            0.97
443,        20101020,            1.01
444,        20101021,            0.99
445,        20101022,            1.00
446,        20101025,            1.01
447,        20101026,            1.00
448,        20101027,            0.99
449,        20101028,            1.01
450,        20101029,            1.01
451,        20101101,            0.99
452,        20101102,            1.00
453,        20101103,            0.99
454,        20101104,            1.03
455,        20101105,            1.00
456,        20101108,            1.01
457,        20101109,            0.98
458,        20101110,            1.01
459,        20101111,            1.00
460,        20101112,            0.97
461,        20101115,            0.99
462,        20101116,            0.99
463,        20101117,            1.00
464,        20101118,            1.01
465,        20101119,            1.00
466,        20101122,            1.01
467,        20101123,            1.01
468,        20101124,            1.00
469,        20101126,            0.99
470,        20101129,            1.01
471,        20101130,            1.01
472,        20101201,            1.00
473,        20101202,            1.00
474,        20101203,            1.02
475,        20101206,            1.01
476,        20101207,            0.98
477,        20101208,            0.99
478,        20101209,            1.00
479,        20101210,            1.00
480,        20101213,            1.00
481,        20101214,            1.00
482,        20101215,            0.99
483,        20101216,            0.99
484,        20101217,            1.00
485,        20101220,            1.01
486,        20101221,            1.00
487,        20101222,            1.00
488,        20101223,            1.00
489,        20101227,            1.00
490,        20101228,            1.02
491,        20101229,            1.00
492,        20101230,            0.99
493,        20101231,            1.01
494,        20110103,            0.99
495,        20110104,            0.98
496,        20110105,            1.00
497,        20110106,            1.00
498,        20110107,            1.00
