0,        20090116,            1.01
1,        20090120,            0.96
2,        20090121,            1.03
3,        20090122,            0.98
4,        20090123,            1.03
5,        20090126,            1.00
6,        20090127,            1.00
7,        20090128,            1.00
8,        20090129,            0.98
9,        20090130,            0.98
10,        20090202,            1.01
11,        20090203,            0.99
12,        20090204,            0.98
13,        20090205,            1.01
14,        20090206,            1.03
15,        20090209,            1.02
16,        20090210,            0.98
17,        20090211,            1.00
18,        20090212,            1.01
19,        20090213,            1.04
20,        20090217,            0.97
21,        20090218,            1.00
22,        20090219,            0.99
23,        20090220,            1.00
24,        20090223,            0.98
25,        20090224,            1.03
26,        20090225,            0.98
27,        20090226,            0.98
28,        20090227,            1.02
29,        20090302,            0.97
30,        20090303,            0.98
31,        20090304,            1.00
32,        20090305,            0.97
33,        20090306,            0.99
34,        20090309,            1.00
35,        20090310,            1.03
36,        20090311,            1.03
37,        20090312,            0.99
38,        20090313,            1.01
39,        20090316,            0.99
40,        20090317,            1.04
41,        20090318,            1.05
42,        20090319,            1.04
43,        20090320,            0.97
44,        20090323,            1.05
45,        20090324,            0.97
46,        20090325,            1.02
47,        20090326,            1.06
48,        20090327,            0.98
49,        20090330,            0.97
50,        20090331,            0.94
51,        20090401,            1.01
52,        20090402,            1.04
53,        20090403,            1.01
54,        20090406,            1.01
55,        20090407,            0.99
56,        20090408,            1.05
57,        20090409,            0.99
58,        20090413,            0.98
59,        20090414,            0.99
60,        20090415,            1.00
61,        20090416,            1.02
62,        20090417,            1.00
63,        20090420,            0.97
64,        20090421,            1.01
65,        20090422,            1.00
66,        20090423,            0.96
67,        20090424,            1.21
68,        20090427,            0.99
69,        20090428,            0.99
70,        20090429,            1.00
71,        20090430,            1.00
72,        20090501,            0.98
73,        20090504,            1.01
74,        20090505,            0.99
75,        20090506,            1.00
76,        20090507,            0.97
77,        20090508,            0.99
78,        20090511,            1.00
79,        20090512,            1.02
80,        20090513,            0.99
81,        20090514,            1.00
82,        20090515,            1.00
83,        20090518,            1.01
84,        20090519,            1.01
85,        20090520,            0.99
86,        20090521,            1.00
87,        20090522,            0.99
88,        20090526,            1.01
89,        20090527,            0.98
90,        20090528,            1.03
91,        20090529,            1.04
92,        20090601,            1.03
93,        20090602,            1.04
94,        20090603,            0.98
95,        20090604,            1.01
96,        20090605,            1.01
97,        20090608,            0.99
98,        20090609,            1.01
99,        20090610,            1.00
100,        20090611,            1.02
101,        20090612,            1.01
102,        20090615,            0.99
103,        20090616,            0.99
104,        20090617,            1.03
105,        20090618,            1.00
106,        20090619,            0.98
107,        20090622,            0.98
108,        20090623,            0.99
109,        20090624,            1.01
110,        20090625,            1.03
111,        20090626,            1.00
112,        20090629,            1.00
113,        20090630,            1.00
114,        20090701,            1.00
115,        20090702,            0.98
116,        20090706,            0.99
117,        20090707,            1.00
118,        20090708,            0.99
119,        20090709,            1.03
120,        20090710,            0.99
121,        20090713,            1.02
122,        20090714,            1.01
123,        20090715,            1.03
124,        20090716,            1.03
125,        20090717,            1.00
126,        20090720,            1.01
127,        20090721,            1.01
128,        20090722,            0.99
129,        20090723,            1.02
130,        20090724,            0.92
131,        20090727,            1.02
132,        20090728,            1.03
133,        20090729,            1.00
134,        20090730,            1.01
135,        20090731,            0.99
136,        20090803,            1.00
137,        20090804,            1.00
138,        20090805,            0.99
139,        20090806,            0.98
140,        20090807,            1.02
141,        20090810,            1.02
142,        20090811,            1.01
143,        20090812,            1.01
144,        20090813,            0.99
145,        20090814,            0.99
146,        20090817,            0.96
147,        20090818,            1.02
148,        20090819,            0.98
149,        20090820,            1.01
150,        20090821,            1.01
151,        20090824,            1.00
152,        20090825,            0.99
153,        20090826,            1.00
154,        20090827,            1.00
155,        20090828,            0.99
156,        20090831,            0.99
157,        20090901,            0.98
158,        20090902,            0.99
159,        20090903,            1.01
160,        20090904,            1.06
161,        20090908,            1.01
162,        20090909,            1.02
163,        20090910,            1.04
164,        20090911,            1.07
165,        20090914,            1.00
166,        20090915,            1.00
167,        20090916,            1.01
168,        20090917,            1.02
169,        20090918,            1.03
170,        20090921,            0.99
171,        20090922,            1.00
172,        20090923,            1.00
173,        20090924,            1.01
174,        20090925,            0.99
175,        20090928,            1.00
176,        20090929,            1.00
177,        20090930,            1.01
178,        20091001,            0.98
179,        20091002,            1.00
180,        20091005,            1.01
181,        20091006,            1.02
182,        20091007,            0.97
183,        20091008,            1.01
184,        20091009,            1.01
185,        20091012,            1.00
186,        20091013,            1.01
187,        20091014,            1.02
188,        20091015,            1.00
189,        20091016,            1.01
190,        20091019,            1.01
191,        20091020,            0.97
192,        20091021,            0.97
193,        20091022,            1.01
194,        20091023,            1.00
195,        20091026,            1.00
196,        20091027,            0.98
197,        20091028,            0.98
198,        20091029,            1.02
199,        20091030,            0.97
200,        20091102,            1.01
201,        20091103,            1.01
202,        20091104,            1.01
203,        20091105,            1.01
204,        20091106,            1.01
205,        20091109,            1.01
206,        20091110,            1.01
207,        20091111,            1.00
208,        20091112,            0.98
209,        20091113,            1.02
210,        20091116,            1.02
211,        20091117,            1.00
212,        20091118,            0.99
213,        20091119,            0.98
214,        20091120,            1.00
215,        20091123,            1.01
216,        20091124,            1.00
217,        20091125,            0.99
218,        20091127,            0.99
219,        20091130,            1.01
220,        20091201,            1.01
221,        20091202,            1.02
222,        20091203,            1.00
223,        20091204,            1.03
224,        20091207,            1.00
225,        20091208,            0.99
226,        20091209,            1.01
227,        20091210,            1.00
228,        20091211,            1.00
229,        20091214,            1.02
230,        20091215,            0.99
231,        20091216,            1.00
232,        20091217,            1.00
233,        20091218,            1.03
234,        20091221,            1.02
235,        20091222,            1.00
236,        20091223,            1.07
237,        20091224,            1.00
238,        20091228,            1.00
239,        20091229,            0.99
240,        20091230,            0.99
241,        20091231,            0.99
242,        20100104,            1.03
243,        20100105,            1.00
244,        20100106,            1.01
245,        20100107,            0.98
246,        20100108,            0.98
247,        20100111,            0.98
248,        20100112,            0.97
249,        20100113,            1.00
250,        20100114,            1.00
251,        20100115,            0.98
252,        20100119,            1.05
253,        20100120,            0.99
254,        20100121,            0.99
255,        20100122,            0.95
256,        20100125,            1.01
257,        20100126,            0.99
258,        20100127,            1.02
259,        20100128,            0.98
260,        20100129,            1.00
261,        20100201,            1.03
262,        20100202,            1.00
263,        20100203,            0.99
264,        20100204,            0.96
265,        20100205,            1.00
266,        20100208,            0.99
267,        20100209,            1.02
268,        20100210,            0.99
269,        20100211,            1.04
270,        20100212,            1.02
271,        20100216,            1.02
272,        20100217,            1.01
273,        20100218,            1.00
274,        20100219,            1.00
275,        20100222,            0.99
276,        20100223,            1.01
277,        20100224,            1.01
278,        20100225,            1.00
279,        20100226,            1.00
280,        20100301,            1.02
281,        20100302,            1.01
282,        20100303,            1.00
283,        20100304,            1.00
284,        20100305,            1.02
285,        20100308,            0.99
286,        20100309,            1.01
287,        20100310,            1.00
288,        20100311,            1.01
289,        20100312,            1.00
290,        20100315,            1.00
291,        20100316,            1.01
292,        20100317,            1.01
293,        20100318,            1.00
294,        20100319,            0.99
295,        20100322,            1.01
296,        20100323,            1.00
297,        20100324,            0.98
298,        20100325,            0.99
299,        20100326,            0.99
300,        20100329,            1.00
301,        20100330,            1.00
302,        20100331,            1.01
303,        20100401,            0.99
304,        20100405,            1.01
305,        20100406,            1.00
306,        20100407,            1.00
307,        20100408,            1.00
308,        20100409,            1.02
309,        20100412,            1.00
310,        20100413,            1.00
311,        20100414,            1.00
312,        20100415,            1.00
313,        20100416,            0.99
314,        20100419,            0.99
315,        20100420,            1.02
316,        20100421,            1.01
317,        20100422,            1.00
318,        20100423,            0.93
319,        20100426,            1.00
320,        20100427,            1.00
321,        20100428,            0.99
322,        20100429,            1.00
323,        20100430,            0.98
324,        20100503,            1.02
325,        20100504,            0.96
326,        20100505,            0.99
327,        20100506,            0.97
328,        20100507,            0.99
329,        20100510,            1.04
330,        20100511,            1.00
331,        20100512,            1.07
332,        20100513,            1.04
333,        20100514,            0.99
334,        20100517,            1.00
335,        20100518,            1.00
336,        20100519,            1.00
337,        20100520,            0.95
338,        20100521,            1.01
339,        20100524,            1.00
340,        20100525,            1.01
341,        20100526,            0.98
342,        20100527,            1.03
343,        20100528,            1.00
344,        20100601,            0.99
345,        20100602,            1.03
346,        20100603,            1.02
347,        20100604,            0.93
348,        20100607,            0.96
349,        20100608,            1.00
350,        20100609,            1.01
351,        20100610,            1.04
352,        20100611,            1.01
353,        20100614,            1.02
354,        20100615,            1.03
355,        20100616,            1.00
356,        20100617,            1.00
357,        20100618,            1.01
358,        20100621,            0.99
359,        20100622,            0.98
360,        20100623,            0.99
361,        20100624,            0.97
362,        20100625,            0.97
363,        20100628,            1.01
364,        20100629,            0.96
365,        20100630,            0.99
366,        20100701,            1.00
367,        20100702,            1.00
368,        20100706,            1.03
369,        20100707,            1.02
370,        20100708,            1.02
371,        20100709,            1.00
372,        20100712,            1.00
373,        20100713,            1.04
374,        20100714,            1.01
375,        20100715,            1.00
376,        20100716,            0.99
377,        20100719,            1.01
378,        20100720,            1.01
379,        20100721,            0.99
380,        20100722,            1.02
381,        20100723,            1.12
382,        20100726,            1.02
383,        20100727,            0.97
384,        20100728,            0.99
385,        20100729,            1.00
386,        20100730,            1.00
387,        20100802,            1.00
388,        20100803,            1.00
389,        20100804,            1.02
390,        20100805,            1.00
391,        20100806,            1.01
392,        20100809,            1.00
393,        20100810,            0.99
394,        20100811,            0.97
395,        20100812,            1.02
396,        20100813,            1.02
397,        20100816,            1.04
398,        20100817,            0.99
399,        20100818,            1.00
400,        20100819,            1.00
401,        20100820,            1.02
402,        20100823,            1.03
403,        20100824,            0.99
404,        20100825,            1.02
405,        20100826,            0.98
406,        20100827,            1.02
407,        20100830,            0.98
408,        20100831,            0.99
409,        20100901,            1.03
410,        20100902,            1.02
411,        20100903,            1.03
412,        20100907,            0.99
413,        20100908,            1.02
414,        20100909,            0.99
415,        20100910,            1.00
416,        20100913,            1.01
417,        20100914,            0.99
418,        20100915,            1.00
419,        20100916,            1.02
420,        20100917,            1.01
421,        20100920,            1.03
422,        20100921,            1.00
423,        20100922,            0.98
424,        20100923,            1.01
425,        20100924,            1.04
426,        20100927,            0.99
427,        20100928,            1.00
428,        20100929,            1.00
429,        20100930,            1.02
430,        20101001,            1.00
431,        20101004,            0.98
432,        20101005,            1.02
433,        20101006,            0.94
434,        20101007,            1.00
435,        20101008,            1.00
436,        20101011,            1.00
437,        20101012,            1.03
438,        20101013,            1.01
439,        20101014,            0.99
440,        20101015,            0.99
441,        20101018,            1.00
442,        20101019,            0.99
443,        20101020,            1.01
444,        20101021,            0.99
445,        20101022,            1.06
446,        20101025,            1.03
447,        20101026,            1.01
448,        20101027,            1.01
449,        20101028,            1.00
450,        20101029,            1.01
451,        20101101,            0.99
452,        20101102,            1.01
453,        20101103,            0.99
454,        20101104,            1.00
455,        20101105,            1.01
456,        20101108,            1.00
457,        20101109,            1.00
458,        20101110,            1.00
459,        20101111,            0.98
460,        20101112,            0.98
461,        20101115,            0.99
462,        20101116,            0.99
463,        20101117,            0.99
464,        20101118,            1.03
465,        20101119,            1.00
466,        20101122,            1.03
467,        20101123,            0.99
468,        20101124,            1.03
469,        20101126,            1.00
470,        20101129,            0.99
471,        20101130,            0.99
472,        20101201,            1.02
473,        20101202,            1.03
474,        20101203,            1.01
475,        20101206,            0.99
476,        20101207,            1.00
477,        20101208,            1.01
478,        20101209,            0.99
479,        20101210,            1.02
480,        20101213,            1.00
481,        20101214,            0.99
482,        20101215,            1.00
483,        20101216,            1.02
484,        20101217,            1.00
485,        20101220,            1.00
486,        20101221,            1.00
487,        20101222,            1.00
488,        20101223,            1.00
489,        20101227,            1.01
490,        20101228,            0.99
491,        20101229,            1.00
492,        20101230,            0.99
493,        20101231,            0.99
494,        20110103,            1.03
495,        20110104,            1.00
496,        20110105,            1.00
497,        20110106,            1.00
498,        20110107,            0.98
