0,        20090116,            0.99
1,        20090120,            0.92
2,        20090121,            1.07
3,        20090122,            0.95
4,        20090123,            1.02
5,        20090126,            1.01
6,        20090127,            1.00
7,        20090128,            1.04
8,        20090129,            0.95
9,        20090130,            0.82
10,        20090202,            0.95
11,        20090203,            1.07
12,        20090204,            0.96
13,        20090205,            1.04
14,        20090206,            1.03
15,        20090209,            0.98
16,        20090210,            1.02
17,        20090211,            0.98
18,        20090212,            1.02
19,        20090213,            1.05
20,        20090217,            0.91
21,        20090218,            0.97
22,        20090219,            1.02
23,        20090220,            1.01
24,        20090223,            0.97
25,        20090224,            1.08
26,        20090225,            0.99
27,        20090226,            0.99
28,        20090227,            1.02
29,        20090302,            0.93
30,        20090303,            0.97
31,        20090304,            1.02
32,        20090305,            0.92
33,        20090306,            0.97
34,        20090309,            0.96
35,        20090310,            1.15
36,        20090311,            0.98
37,        20090312,            1.11
38,        20090313,            1.01
39,        20090316,            0.99
40,        20090317,            1.06
41,        20090318,            1.05
42,        20090319,            0.98
43,        20090320,            0.96
44,        20090323,            1.11
45,        20090324,            0.91
46,        20090325,            1.00
47,        20090326,            1.03
48,        20090327,            0.96
49,        20090330,            0.96
50,        20090331,            1.03
51,        20090401,            1.09
52,        20090402,            1.01
53,        20090403,            1.04
54,        20090406,            0.99
55,        20090407,            0.96
56,        20090408,            1.04
57,        20090409,            1.03
58,        20090413,            0.99
59,        20090414,            1.00
60,        20090415,            1.03
61,        20090416,            1.05
62,        20090417,            1.01
63,        20090420,            0.96
64,        20090421,            1.03
65,        20090422,            0.85
66,        20090423,            1.05
67,        20090424,            1.01
68,        20090427,            0.98
69,        20090428,            0.99
70,        20090429,            0.99
71,        20090430,            1.04
72,        20090501,            1.03
73,        20090504,            1.02
74,        20090505,            0.97
75,        20090506,            1.02
76,        20090507,            0.95
77,        20090508,            1.03
78,        20090511,            0.94
79,        20090512,            0.99
80,        20090513,            0.99
81,        20090514,            1.01
82,        20090515,            1.01
83,        20090518,            1.00
84,        20090519,            1.01
85,        20090520,            1.02
86,        20090521,            0.97
87,        20090522,            1.02
88,        20090526,            1.03
89,        20090527,            0.97
90,        20090528,            1.01
91,        20090529,            1.03
92,        20090601,            1.06
93,        20090602,            1.01
94,        20090603,            1.03
95,        20090604,            1.10
96,        20090605,            0.96
97,        20090608,            1.01
98,        20090609,            1.03
99,        20090610,            0.97
100,        20090611,            1.01
101,        20090612,            1.00
102,        20090615,            1.00
103,        20090616,            0.95
104,        20090617,            1.01
105,        20090618,            0.98
106,        20090619,            1.00
107,        20090622,            0.95
108,        20090623,            1.01
109,        20090624,            1.02
110,        20090625,            1.00
111,        20090626,            0.99
112,        20090629,            1.01
113,        20090630,            0.99
114,        20090701,            1.02
115,        20090702,            0.94
116,        20090706,            0.98
117,        20090707,            0.98
118,        20090708,            0.99
119,        20090709,            1.02
120,        20090710,            1.00
121,        20090713,            1.00
122,        20090714,            1.04
123,        20090715,            1.01
124,        20090716,            1.00
125,        20090717,            1.01
126,        20090720,            0.81
127,        20090721,            0.98
128,        20090722,            0.99
129,        20090723,            1.05
130,        20090724,            1.00
131,        20090727,            1.01
132,        20090728,            0.97
133,        20090729,            0.99
134,        20090730,            0.97
135,        20090731,            0.96
136,        20090803,            1.03
137,        20090804,            1.04
138,        20090805,            0.99
139,        20090806,            0.99
140,        20090807,            1.05
141,        20090810,            0.99
142,        20090811,            0.99
143,        20090812,            1.04
144,        20090813,            0.99
145,        20090814,            0.98
146,        20090817,            0.95
147,        20090818,            0.99
148,        20090819,            1.03
149,        20090820,            1.01
150,        20090821,            1.01
151,        20090824,            0.98
152,        20090825,            0.98
153,        20090826,            1.00
154,        20090827,            1.00
155,        20090828,            1.02
156,        20090831,            0.98
157,        20090901,            0.99
158,        20090902,            1.01
159,        20090903,            1.01
160,        20090904,            1.00
161,        20090908,            1.01
162,        20090909,            1.01
163,        20090910,            0.98
164,        20090911,            1.01
165,        20090914,            1.01
166,        20090915,            1.14
167,        20090916,            1.06
168,        20090917,            0.96
169,        20090918,            0.98
170,        20090921,            1.00
171,        20090922,            1.06
172,        20090923,            1.00
173,        20090924,            0.97
174,        20090925,            1.00
175,        20090928,            1.00
176,        20090929,            0.98
177,        20090930,            0.98
178,        20091001,            0.94
179,        20091002,            0.97
180,        20091005,            1.05
181,        20091006,            1.02
182,        20091007,            1.03
183,        20091008,            1.00
184,        20091009,            1.03
185,        20091012,            1.00
186,        20091013,            0.99
187,        20091014,            1.01
188,        20091015,            0.99
189,        20091016,            0.99
190,        20091019,            1.01
191,        20091020,            0.99
192,        20091021,            1.02
193,        20091022,            1.03
194,        20091023,            0.96
195,        20091026,            0.97
196,        20091027,            1.00
197,        20091028,            0.98
198,        20091029,            1.00
199,        20091030,            0.98
200,        20091102,            0.97
201,        20091103,            1.03
202,        20091104,            0.97
203,        20091105,            1.03
204,        20091106,            1.00
205,        20091109,            1.03
206,        20091110,            0.98
207,        20091111,            1.04
208,        20091112,            1.00
209,        20091113,            1.01
210,        20091116,            1.03
211,        20091117,            1.04
212,        20091118,            0.99
213,        20091119,            0.98
214,        20091120,            0.98
215,        20091123,            1.03
216,        20091124,            0.99
217,        20091125,            1.00
218,        20091127,            1.00
219,        20091130,            1.02
220,        20091201,            1.03
221,        20091202,            1.04
222,        20091203,            1.01
223,        20091204,            1.02
224,        20091207,            1.00
225,        20091208,            1.01
226,        20091209,            1.02
227,        20091210,            1.00
228,        20091211,            1.00
229,        20091214,            1.00
230,        20091215,            0.99
231,        20091216,            1.01
232,        20091217,            0.98
233,        20091218,            1.00
234,        20091221,            0.99
235,        20091222,            0.98
236,        20091223,            1.00
237,        20091224,            1.01
238,        20091228,            1.00
239,        20091229,            0.99
240,        20091230,            1.01
241,        20091231,            0.99
242,        20100104,            1.02
243,        20100105,            1.01
244,        20100106,            0.99
245,        20100107,            1.01
246,        20100108,            1.01
247,        20100111,            0.92
248,        20100112,            0.97
249,        20100113,            0.99
250,        20100114,            1.00
251,        20100115,            0.99
252,        20100119,            1.00
253,        20100120,            1.00
254,        20100121,            1.01
255,        20100122,            0.95
256,        20100125,            0.98
257,        20100126,            1.00
258,        20100127,            0.94
259,        20100128,            0.96
260,        20100129,            0.97
261,        20100201,            1.03
262,        20100202,            1.02
263,        20100203,            0.98
264,        20100204,            0.97
265,        20100205,            1.02
266,        20100208,            0.98
267,        20100209,            1.00
268,        20100210,            1.03
269,        20100211,            1.04
270,        20100212,            1.03
271,        20100216,            1.02
272,        20100217,            0.97
273,        20100218,            1.02
274,        20100219,            1.00
275,        20100222,            1.00
276,        20100223,            0.99
277,        20100224,            1.03
278,        20100225,            0.97
279,        20100226,            1.00
280,        20100301,            1.00
281,        20100302,            1.06
282,        20100303,            1.01
283,        20100304,            0.99
284,        20100305,            1.02
285,        20100308,            1.00
286,        20100309,            1.02
287,        20100310,            1.01
288,        20100311,            1.00
289,        20100312,            0.98
290,        20100315,            0.99
291,        20100316,            1.01
292,        20100317,            0.99
293,        20100318,            1.00
294,        20100319,            0.99
295,        20100322,            1.00
296,        20100323,            1.03
297,        20100324,            0.97
298,        20100325,            1.01
299,        20100326,            1.02
300,        20100329,            1.01
301,        20100330,            1.00
302,        20100331,            1.01
303,        20100401,            0.99
304,        20100405,            1.02
305,        20100406,            1.03
306,        20100407,            0.99
307,        20100408,            0.99
308,        20100409,            1.03
309,        20100412,            1.03
310,        20100413,            1.04
311,        20100414,            1.05
312,        20100415,            0.99
313,        20100416,            0.99
314,        20100419,            0.99
315,        20100420,            1.03
316,        20100421,            1.00
317,        20100422,            1.00
318,        20100423,            1.00
319,        20100426,            1.00
320,        20100427,            0.96
321,        20100428,            1.01
322,        20100429,            1.00
323,        20100430,            0.94
324,        20100503,            1.02
325,        20100504,            0.97
326,        20100505,            0.98
327,        20100506,            0.93
328,        20100507,            0.96
329,        20100510,            1.04
330,        20100511,            1.01
331,        20100512,            1.02
332,        20100513,            0.96
333,        20100514,            0.95
334,        20100517,            1.01
335,        20100518,            0.98
336,        20100519,            0.98
337,        20100520,            0.95
338,        20100521,            0.97
339,        20100524,            0.97
340,        20100525,            1.06
341,        20100526,            1.00
342,        20100527,            1.04
343,        20100528,            0.97
344,        20100601,            0.95
345,        20100602,            1.00
346,        20100603,            1.02
347,        20100604,            0.94
348,        20100607,            0.96
349,        20100608,            0.96
350,        20100609,            0.97
351,        20100610,            1.04
352,        20100611,            1.08
353,        20100614,            1.05
354,        20100615,            1.03
355,        20100616,            1.00
356,        20100617,            0.99
357,        20100618,            1.06
358,        20100621,            0.98
359,        20100622,            0.97
360,        20100623,            0.99
361,        20100624,            0.97
362,        20100625,            1.03
363,        20100628,            1.00
364,        20100629,            0.95
365,        20100630,            0.98
366,        20100701,            1.00
367,        20100702,            0.98
368,        20100706,            1.00
369,        20100707,            1.03
370,        20100708,            1.03
371,        20100709,            0.99
372,        20100712,            0.98
373,        20100713,            1.03
374,        20100714,            1.02
375,        20100715,            1.01
376,        20100716,            0.94
377,        20100719,            1.01
378,        20100720,            1.02
379,        20100721,            0.97
380,        20100722,            1.10
381,        20100723,            1.31
382,        20100726,            1.04
383,        20100727,            0.98
384,        20100728,            0.97
385,        20100729,            0.99
386,        20100730,            1.01
387,        20100802,            1.00
388,        20100803,            0.99
389,        20100804,            1.05
390,        20100805,            0.98
391,        20100806,            0.98
392,        20100809,            1.02
393,        20100810,            0.97
394,        20100811,            0.95
395,        20100812,            0.97
396,        20100813,            0.98
397,        20100816,            1.05
398,        20100817,            1.01
399,        20100818,            0.98
400,        20100819,            0.97
401,        20100820,            1.00
402,        20100823,            0.99
403,        20100824,            1.03
404,        20100825,            1.03
405,        20100826,            0.97
406,        20100827,            1.05
407,        20100830,            0.97
408,        20100831,            1.00
409,        20100901,            1.04
410,        20100902,            1.02
411,        20100903,            1.05
412,        20100907,            1.00
413,        20100908,            1.04
414,        20100909,            1.02
415,        20100910,            1.00
416,        20100913,            1.05
417,        20100914,            1.06
418,        20100915,            1.00
419,        20100916,            1.00
420,        20100917,            1.01
421,        20100920,            1.08
422,        20100921,            0.99
423,        20100922,            1.00
424,        20100923,            1.05
425,        20100924,            1.02
426,        20100927,            0.92
427,        20100928,            1.00
428,        20100929,            1.02
429,        20100930,            0.97
430,        20101001,            1.01
431,        20101004,            0.96
432,        20101005,            1.03
433,        20101006,            0.97
434,        20101007,            1.02
435,        20101008,            1.02
436,        20101011,            1.00
437,        20101012,            1.02
438,        20101013,            1.00
439,        20101014,            0.99
440,        20101015,            1.05
441,        20101018,            0.99
442,        20101019,            0.64
443,        20101020,            1.02
444,        20101021,            1.01
445,        20101022,            0.99
446,        20101025,            1.04
447,        20101026,            0.98
448,        20101027,            1.01
449,        20101028,            0.98
450,        20101029,            0.99
451,        20101101,            0.99
452,        20101102,            1.01
453,        20101103,            1.04
454,        20101104,            1.00
455,        20101105,            1.00
456,        20101108,            1.02
457,        20101109,            0.98
458,        20101110,            1.01
459,        20101111,            1.00
460,        20101112,            0.95
461,        20101115,            1.02
462,        20101116,            0.99
463,        20101117,            1.02
464,        20101118,            0.98
465,        20101119,            1.03
466,        20101122,            1.03
467,        20101123,            0.97
468,        20101124,            0.99
469,        20101126,            1.01
470,        20101129,            0.98
471,        20101130,            0.99
472,        20101201,            1.01
473,        20101202,            1.04
474,        20101203,            1.04
475,        20101206,            1.04
476,        20101207,            1.03
477,        20101208,            1.05
478,        20101209,            0.99
479,        20101210,            1.03
480,        20101213,            1.00
481,        20101214,            0.98
482,        20101215,            1.01
483,        20101216,            1.08
484,        20101217,            0.99
485,        20101220,            0.99
486,        20101221,            0.99
487,        20101222,            0.97
488,        20101223,            0.99
489,        20101227,            1.02
490,        20101228,            0.98
491,        20101229,            1.00
492,        20101230,            1.00
493,        20101231,            1.00
494,        20110103,            1.02
495,        20110104,            0.98
496,        20110105,            1.03
497,        20110106,            1.04
498,        20110107,            0.97
