0,        20090116,            1.03
1,        20090120,            0.94
2,        20090121,            1.03
3,        20090122,            0.97
4,        20090123,            1.02
5,        20090126,            1.02
6,        20090127,            1.03
7,        20090128,            1.01
8,        20090129,            0.95
9,        20090130,            0.96
10,        20090202,            1.06
11,        20090203,            1.01
12,        20090204,            1.01
13,        20090205,            1.03
14,        20090206,            1.03
15,        20090209,            1.01
16,        20090210,            0.94
17,        20090211,            1.00
18,        20090212,            0.99
19,        20090213,            0.99
20,        20090217,            0.95
21,        20090218,            1.01
22,        20090219,            0.95
23,        20090220,            1.01
24,        20090223,            0.95
25,        20090224,            1.05
26,        20090225,            1.02
27,        20090226,            0.98
28,        20090227,            1.00
29,        20090302,            0.97
30,        20090303,            1.00
31,        20090304,            1.04
32,        20090305,            0.96
33,        20090306,            1.01
34,        20090309,            1.01
35,        20090310,            1.11
36,        20090311,            1.00
37,        20090312,            1.04
38,        20090313,            1.01
39,        20090316,            0.97
40,        20090317,            1.05
41,        20090318,            1.02
42,        20090319,            0.99
43,        20090320,            0.97
44,        20090323,            1.06
45,        20090324,            0.97
46,        20090325,            1.00
47,        20090326,            1.06
48,        20090327,            0.97
49,        20090330,            0.95
50,        20090331,            1.02
51,        20090401,            1.00
52,        20090402,            1.04
53,        20090403,            1.02
54,        20090406,            0.99
55,        20090407,            0.97
56,        20090408,            0.99
57,        20090409,            1.05
58,        20090413,            1.00
59,        20090414,            1.00
60,        20090415,            0.98
61,        20090416,            1.02
62,        20090417,            0.98
63,        20090420,            0.96
64,        20090421,            1.02
65,        20090422,            1.02
66,        20090423,            0.99
67,        20090424,            1.01
68,        20090427,            0.98
69,        20090428,            0.98
70,        20090429,            1.02
71,        20090430,            1.03
72,        20090501,            1.00
73,        20090504,            1.05
74,        20090505,            0.97
75,        20090506,            1.00
76,        20090507,            0.98
77,        20090508,            0.97
78,        20090511,            1.01
79,        20090512,            0.99
80,        20090513,            0.99
81,        20090514,            1.03
82,        20090515,            0.98
83,        20090518,            1.02
84,        20090519,            1.01
85,        20090520,            1.00
86,        20090521,            0.97
87,        20090522,            0.99
88,        20090526,            1.03
89,        20090527,            1.00
90,        20090528,            1.02
91,        20090529,            1.00
92,        20090601,            1.05
93,        20090602,            0.98
94,        20090603,            0.98
95,        20090604,            1.01
96,        20090605,            0.99
97,        20090608,            1.00
98,        20090609,            1.03
99,        20090610,            1.00
100,        20090611,            0.99
101,        20090612,            1.00
102,        20090615,            0.98
103,        20090616,            0.99
104,        20090617,            1.02
105,        20090618,            0.98
106,        20090619,            1.01
107,        20090622,            0.98
108,        20090623,            1.01
109,        20090624,            1.02
110,        20090625,            1.01
111,        20090626,            1.00
112,        20090629,            1.01
113,        20090630,            1.01
114,        20090701,            1.03
115,        20090702,            0.98
116,        20090706,            0.99
117,        20090707,            0.98
118,        20090708,            0.98
119,        20090709,            1.01
120,        20090710,            1.00
121,        20090713,            1.03
122,        20090714,            1.02
123,        20090715,            1.07
124,        20090716,            1.02
125,        20090717,            1.02
126,        20090720,            1.01
127,        20090721,            1.00
128,        20090722,            1.01
129,        20090723,            1.02
130,        20090724,            0.99
131,        20090727,            1.01
132,        20090728,            0.99
133,        20090729,            1.00
134,        20090730,            1.00
135,        20090731,            1.00
136,        20090803,            1.01
137,        20090804,            1.00
138,        20090805,            0.98
139,        20090806,            0.99
140,        20090807,            0.99
141,        20090810,            1.01
142,        20090811,            0.99
143,        20090812,            1.01
144,        20090813,            1.01
145,        20090814,            0.99
146,        20090817,            0.98
147,        20090818,            1.02
148,        20090819,            1.00
149,        20090820,            1.00
150,        20090821,            1.01
151,        20090824,            0.99
152,        20090825,            1.02
153,        20090826,            1.02
154,        20090827,            1.00
155,        20090828,            1.04
156,        20090831,            1.00
157,        20090901,            0.97
158,        20090902,            0.99
159,        20090903,            1.00
160,        20090904,            1.01
161,        20090908,            1.01
162,        20090909,            1.01
163,        20090910,            0.99
164,        20090911,            0.99
165,        20090914,            0.99
166,        20090915,            1.01
167,        20090916,            1.01
168,        20090917,            0.99
169,        20090918,            1.01
170,        20090921,            1.00
171,        20090922,            1.00
172,        20090923,            1.02
173,        20090924,            0.98
174,        20090925,            0.99
175,        20090928,            1.02
176,        20090929,            0.99
177,        20090930,            1.00
178,        20091001,            0.97
179,        20091002,            1.00
180,        20091005,            1.01
181,        20091006,            1.03
182,        20091007,            1.01
183,        20091008,            1.01
184,        20091009,            1.01
185,        20091012,            1.01
186,        20091013,            1.00
187,        20091014,            1.02
188,        20091015,            0.99
189,        20091016,            0.98
190,        20091019,            1.01
191,        20091020,            0.99
192,        20091021,            0.98
193,        20091022,            1.01
194,        20091023,            0.98
195,        20091026,            1.00
196,        20091027,            1.00
197,        20091028,            0.96
198,        20091029,            1.01
199,        20091030,            0.99
200,        20091102,            0.99
201,        20091103,            0.97
202,        20091104,            1.00
203,        20091105,            1.02
204,        20091106,            1.00
205,        20091109,            1.03
206,        20091110,            1.00
207,        20091111,            1.02
208,        20091112,            0.99
209,        20091113,            1.01
210,        20091116,            1.02
211,        20091117,            1.00
212,        20091118,            0.99
213,        20091119,            0.96
214,        20091120,            1.00
215,        20091123,            1.01
216,        20091124,            1.00
217,        20091125,            1.00
218,        20091127,            0.99
219,        20091130,            1.00
220,        20091201,            1.02
221,        20091202,            1.00
222,        20091203,            1.01
223,        20091204,            1.03
224,        20091207,            1.00
225,        20091208,            0.98
226,        20091209,            1.00
227,        20091210,            1.01
228,        20091211,            0.99
229,        20091214,            1.00
230,        20091215,            0.99
231,        20091216,            0.98
232,        20091217,            0.98
233,        20091218,            1.03
234,        20091221,            1.02
235,        20091222,            1.00
236,        20091223,            1.00
237,        20091224,            1.01
238,        20091228,            1.00
239,        20091229,            1.00
240,        20091230,            1.01
241,        20091231,            0.99
242,        20100104,            1.02
243,        20100105,            1.00
244,        20100106,            1.00
245,        20100107,            0.99
246,        20100108,            1.01
247,        20100111,            1.01
248,        20100112,            0.98
249,        20100113,            1.02
250,        20100114,            1.02
251,        20100115,            0.97
252,        20100119,            1.01
253,        20100120,            1.00
254,        20100121,            0.99
255,        20100122,            0.96
256,        20100125,            1.02
257,        20100126,            0.98
258,        20100127,            1.01
259,        20100128,            0.98
260,        20100129,            0.97
261,        20100201,            1.01
262,        20100202,            1.02
263,        20100203,            0.99
264,        20100204,            0.97
265,        20100205,            1.02
266,        20100208,            0.99
267,        20100209,            1.02
268,        20100210,            1.00
269,        20100211,            1.02
270,        20100212,            1.02
271,        20100216,            1.01
272,        20100217,            1.00
273,        20100218,            1.01
274,        20100219,            1.00
275,        20100222,            1.00
276,        20100223,            0.98
277,        20100224,            1.02
278,        20100225,            1.00
279,        20100226,            1.00
280,        20100301,            1.02
281,        20100302,            0.99
282,        20100303,            0.99
283,        20100304,            1.00
284,        20100305,            1.01
285,        20100308,            1.00
286,        20100309,            1.01
287,        20100310,            1.01
288,        20100311,            1.00
289,        20100312,            1.00
290,        20100315,            1.00
291,        20100316,            1.04
292,        20100317,            1.01
293,        20100318,            1.00
294,        20100319,            0.99
295,        20100322,            1.01
296,        20100323,            1.02
297,        20100324,            0.99
298,        20100325,            1.00
299,        20100326,            1.00
300,        20100329,            1.00
301,        20100330,            1.00
302,        20100331,            1.00
303,        20100401,            1.00
304,        20100405,            1.01
305,        20100406,            0.99
306,        20100407,            1.00
307,        20100408,            0.99
308,        20100409,            1.01
309,        20100412,            1.00
310,        20100413,            1.01
311,        20100414,            1.03
312,        20100415,            1.03
313,        20100416,            0.99
314,        20100419,            1.00
315,        20100420,            1.01
316,        20100421,            0.99
317,        20100422,            1.01
318,        20100423,            1.00
319,        20100426,            0.99
320,        20100427,            0.98
321,        20100428,            1.00
322,        20100429,            1.01
323,        20100430,            0.97
324,        20100503,            1.02
325,        20100504,            0.97
326,        20100505,            0.98
327,        20100506,            0.97
328,        20100507,            0.99
329,        20100510,            1.06
330,        20100511,            0.99
331,        20100512,            1.04
332,        20100513,            0.97
333,        20100514,            0.97
334,        20100517,            1.01
335,        20100518,            0.97
336,        20100519,            1.01
337,        20100520,            0.96
338,        20100521,            1.01
339,        20100524,            0.99
340,        20100525,            1.01
341,        20100526,            0.99
342,        20100527,            1.05
343,        20100528,            0.98
344,        20100601,            0.99
345,        20100602,            1.03
346,        20100603,            1.00
347,        20100604,            0.96
348,        20100607,            0.97
349,        20100608,            0.99
350,        20100609,            0.99
351,        20100610,            1.03
352,        20100611,            1.00
353,        20100614,            1.01
354,        20100615,            1.03
355,        20100616,            1.00
356,        20100617,            1.00
357,        20100618,            0.99
358,        20100621,            0.99
359,        20100622,            0.99
360,        20100623,            0.99
361,        20100624,            0.98
362,        20100625,            0.99
363,        20100628,            1.02
364,        20100629,            0.97
365,        20100630,            0.98
366,        20100701,            0.99
367,        20100702,            1.00
368,        20100706,            1.01
369,        20100707,            1.03
370,        20100708,            1.00
371,        20100709,            1.01
372,        20100712,            1.02
373,        20100713,            1.02
374,        20100714,            1.02
375,        20100715,            1.01
376,        20100716,            0.98
377,        20100719,            1.03
378,        20100720,            1.00
379,        20100721,            0.98
380,        20100722,            1.02
381,        20100723,            1.00
382,        20100726,            1.00
383,        20100727,            0.99
384,        20100728,            0.99
385,        20100729,            0.99
386,        20100730,            0.98
387,        20100802,            1.03
388,        20100803,            0.99
389,        20100804,            0.99
390,        20100805,            1.00
391,        20100806,            1.00
392,        20100809,            1.00
393,        20100810,            0.96
394,        20100811,            0.98
395,        20100812,            1.00
396,        20100813,            0.98
397,        20100816,            1.02
398,        20100817,            1.00
399,        20100818,            1.00
400,        20100819,            0.96
401,        20100820,            1.00
402,        20100823,            0.99
403,        20100824,            0.98
404,        20100825,            1.00
405,        20100826,            0.98
406,        20100827,            1.01
407,        20100830,            0.98
408,        20100831,            0.98
409,        20100901,            1.03
410,        20100902,            1.01
411,        20100903,            1.01
412,        20100907,            0.98
413,        20100908,            0.99
414,        20100909,            1.01
415,        20100910,            1.00
416,        20100913,            1.03
417,        20100914,            1.01
418,        20100915,            1.00
419,        20100916,            1.01
420,        20100917,            0.99
421,        20100920,            1.01
422,        20100921,            1.01
423,        20100922,            0.99
424,        20100923,            1.00
425,        20100924,            1.02
426,        20100927,            0.99
427,        20100928,            1.01
428,        20100929,            0.99
429,        20100930,            1.00
430,        20101001,            1.01
431,        20101004,            0.98
432,        20101005,            1.01
433,        20101006,            1.01
434,        20101007,            1.00
435,        20101008,            1.01
436,        20101011,            1.00
437,        20101012,            1.01
438,        20101013,            0.97
439,        20101014,            1.00
440,        20101015,            1.00
441,        20101018,            0.99
442,        20101019,            1.00
443,        20101020,            1.02
444,        20101021,            1.01
445,        20101022,            1.00
446,        20101025,            1.00
447,        20101026,            1.01
448,        20101027,            1.01
449,        20101028,            1.01
450,        20101029,            0.98
451,        20101101,            1.03
452,        20101102,            0.99
453,        20101103,            1.01
454,        20101104,            1.02
455,        20101105,            1.01
456,        20101108,            1.00
457,        20101109,            1.00
458,        20101110,            0.99
459,        20101111,            1.01
460,        20101112,            1.02
461,        20101115,            0.99
462,        20101116,            0.99
463,        20101117,            1.00
464,        20101118,            1.00
465,        20101119,            1.01
466,        20101122,            1.01
467,        20101123,            0.99
468,        20101124,            1.01
469,        20101126,            1.00
470,        20101129,            1.00
471,        20101130,            0.99
472,        20101201,            1.02
473,        20101202,            1.01
474,        20101203,            1.00
475,        20101206,            1.00
476,        20101207,            0.99
477,        20101208,            1.01
478,        20101209,            1.00
479,        20101210,            1.00
480,        20101213,            0.98
481,        20101214,            1.00
482,        20101215,            0.99
483,        20101216,            1.00
484,        20101217,            1.01
485,        20101220,            0.99
486,        20101221,            0.99
487,        20101222,            0.99
488,        20101223,            1.00
489,        20101227,            1.00
490,        20101228,            1.00
491,        20101229,            1.00
492,        20101230,            1.00
493,        20101231,            1.00
494,        20110103,            0.99
495,        20110104,            1.01
496,        20110105,            0.99
497,        20110106,            0.99
498,        20110107,            0.99
