0,        20090116,            1.06
1,        20090120,            0.86
2,        20090121,            1.13
3,        20090122,            0.90
4,        20090123,            1.03
5,        20090126,            1.00
6,        20090127,            1.01
7,        20090128,            1.10
8,        20090129,            0.90
9,        20090130,            0.93
10,        20090202,            0.98
11,        20090203,            0.98
12,        20090204,            0.97
13,        20090205,            0.90
14,        20090206,            1.11
15,        20090209,            1.01
16,        20090210,            0.87
17,        20090211,            1.01
18,        20090212,            0.99
19,        20090213,            0.89
20,        20090217,            0.91
21,        20090218,            1.03
22,        20090219,            0.94
23,        20090220,            1.09
24,        20090223,            0.88
25,        20090224,            1.10
26,        20090225,            0.98
27,        20090226,            0.96
28,        20090227,            0.98
29,        20090302,            0.91
30,        20090303,            1.00
31,        20090304,            1.02
32,        20090305,            0.87
33,        20090306,            0.97
34,        20090309,            1.06
35,        20090310,            1.21
36,        20090311,            0.95
37,        20090312,            1.10
38,        20090313,            0.97
39,        20090316,            0.86
40,        20090317,            1.06
41,        20090318,            1.09
42,        20090319,            0.92
43,        20090320,            0.87
44,        20090323,            1.16
45,        20090324,            0.94
46,        20090325,            0.96
47,        20090326,            1.05
48,        20090327,            0.95
49,        20090330,            0.91
50,        20090331,            1.09
51,        20090401,            0.95
52,        20090402,            1.04
53,        20090403,            1.26
54,        20090406,            0.99
55,        20090407,            0.92
56,        20090408,            1.04
57,        20090409,            1.15
58,        20090413,            0.99
59,        20090414,            0.89
60,        20090415,            1.13
61,        20090416,            1.07
62,        20090417,            1.02
63,        20090420,            0.89
64,        20090421,            1.11
65,        20090422,            0.93
66,        20090423,            1.05
67,        20090424,            1.08
68,        20090427,            0.92
69,        20090428,            1.00
70,        20090429,            1.05
71,        20090430,            1.06
72,        20090501,            0.93
73,        20090504,            1.12
74,        20090505,            0.92
75,        20090506,            1.05
76,        20090507,            0.92
77,        20090508,            1.09
78,        20090511,            0.94
79,        20090512,            0.98
80,        20090513,            0.91
81,        20090514,            1.05
82,        20090515,            0.94
83,        20090518,            1.13
84,        20090519,            0.97
85,        20090520,            1.02
86,        20090521,            1.01
87,        20090522,            0.97
88,        20090526,            1.08
89,        20090527,            0.96
90,        20090528,            1.01
91,        20090529,            1.01
92,        20090601,            1.06
93,        20090602,            0.98
94,        20090603,            1.00
95,        20090604,            1.04
96,        20090605,            0.98
97,        20090608,            0.99
98,        20090609,            0.97
99,        20090610,            0.96
100,        20090611,            0.97
101,        20090612,            1.03
102,        20090615,            0.92
103,        20090616,            0.99
104,        20090617,            0.97
105,        20090618,            1.00
106,        20090619,            1.02
107,        20090622,            0.91
108,        20090623,            1.02
109,        20090624,            1.03
110,        20090625,            1.02
111,        20090626,            1.00
112,        20090629,            0.99
113,        20090630,            1.02
114,        20090701,            1.01
115,        20090702,            0.92
116,        20090706,            1.04
117,        20090707,            0.95
118,        20090708,            0.95
119,        20090709,            0.96
120,        20090710,            1.02
121,        20090713,            1.03
122,        20090714,            1.00
123,        20090715,            1.06
124,        20090716,            0.98
125,        20090717,            0.89
126,        20090720,            1.05
127,        20090721,            0.99
128,        20090722,            1.01
129,        20090723,            1.06
130,        20090724,            1.00
131,        20090727,            1.03
132,        20090728,            0.97
133,        20090729,            0.99
134,        20090730,            1.06
135,        20090731,            1.03
136,        20090803,            1.03
137,        20090804,            1.08
138,        20090805,            1.05
139,        20090806,            1.00
140,        20090807,            1.06
141,        20090810,            0.98
142,        20090811,            0.96
143,        20090812,            1.02
144,        20090813,            0.99
145,        20090814,            0.97
146,        20090817,            0.94
147,        20090818,            1.04
148,        20090819,            0.98
149,        20090820,            1.07
150,        20090821,            1.06
151,        20090824,            0.99
152,        20090825,            1.03
153,        20090826,            1.01
154,        20090827,            1.00
155,        20090828,            1.02
156,        20090831,            0.99
157,        20090901,            0.94
158,        20090902,            0.95
159,        20090903,            1.02
160,        20090904,            1.02
161,        20090908,            1.05
162,        20090909,            1.03
163,        20090910,            1.02
164,        20090911,            1.01
165,        20090914,            1.02
166,        20090915,            1.06
167,        20090916,            1.05
168,        20090917,            1.03
169,        20090918,            0.98
170,        20090921,            0.97
171,        20090922,            1.03
172,        20090923,            0.93
173,        20090924,            0.94
174,        20090925,            1.01
175,        20090928,            1.06
176,        20090929,            0.97
177,        20090930,            0.98
178,        20091001,            0.92
179,        20091002,            0.98
180,        20091005,            1.03
181,        20091006,            1.01
182,        20091007,            1.00
183,        20091008,            1.03
184,        20091009,            1.01
185,        20091012,            1.01
186,        20091013,            0.99
187,        20091014,            1.07
188,        20091015,            1.01
189,        20091016,            0.96
190,        20091019,            1.02
191,        20091020,            0.98
192,        20091021,            1.04
193,        20091022,            1.03
194,        20091023,            0.98
195,        20091026,            0.99
196,        20091027,            0.95
197,        20091028,            0.95
198,        20091029,            1.06
199,        20091030,            0.97
200,        20091102,            1.01
201,        20091103,            1.01
202,        20091104,            0.96
203,        20091105,            0.96
204,        20091106,            0.99
205,        20091109,            1.07
206,        20091110,            0.98
207,        20091111,            1.02
208,        20091112,            0.97
209,        20091113,            1.00
210,        20091116,            1.03
211,        20091117,            0.98
212,        20091118,            1.01
213,        20091119,            0.98
214,        20091120,            1.00
215,        20091123,            1.00
216,        20091124,            0.98
217,        20091125,            1.02
218,        20091127,            0.96
219,        20091130,            1.04
220,        20091201,            0.99
221,        20091202,            1.04
222,        20091203,            1.00
223,        20091204,            1.07
224,        20091207,            0.96
225,        20091208,            0.96
226,        20091209,            0.99
227,        20091210,            0.99
228,        20091211,            1.02
229,        20091214,            1.00
230,        20091215,            1.00
231,        20091216,            1.00
232,        20091217,            1.00
233,        20091218,            1.03
234,        20091221,            1.03
235,        20091222,            1.02
236,        20091223,            1.02
237,        20091224,            1.02
238,        20091228,            1.00
239,        20091229,            0.99
240,        20091230,            1.01
241,        20091231,            0.97
242,        20100104,            1.01
243,        20100105,            0.99
244,        20100106,            1.00
245,        20100107,            1.03
246,        20100108,            0.99
247,        20100111,            1.01
248,        20100112,            0.97
249,        20100113,            1.03
250,        20100114,            0.98
251,        20100115,            0.97
252,        20100119,            1.01
253,        20100120,            0.99
254,        20100121,            0.98
255,        20100122,            0.98
256,        20100125,            1.00
257,        20100126,            0.98
258,        20100127,            1.00
259,        20100128,            0.98
260,        20100129,            1.00
261,        20100201,            1.02
262,        20100202,            1.01
263,        20100203,            0.97
264,        20100204,            1.00
265,        20100205,            1.02
266,        20100208,            0.97
267,        20100209,            1.02
268,        20100210,            1.00
269,        20100211,            1.00
270,        20100212,            1.01
271,        20100216,            1.03
272,        20100217,            1.01
273,        20100218,            1.02
274,        20100219,            1.00
275,        20100222,            0.99
276,        20100223,            0.99
277,        20100224,            1.03
278,        20100225,            1.01
279,        20100226,            1.00
280,        20100301,            1.01
281,        20100302,            1.00
282,        20100303,            1.00
283,        20100304,            1.00
284,        20100305,            1.04
285,        20100308,            1.01
286,        20100309,            1.00
287,        20100310,            1.00
288,        20100311,            1.01
289,        20100312,            1.01
290,        20100315,            1.00
291,        20100316,            1.03
292,        20100317,            1.02
293,        20100318,            0.98
294,        20100319,            1.00
295,        20100322,            1.01
296,        20100323,            0.99
297,        20100324,            1.01
298,        20100325,            1.01
299,        20100326,            1.00
300,        20100329,            1.00
301,        20100330,            0.99
302,        20100331,            0.98
303,        20100401,            1.01
304,        20100405,            1.02
305,        20100406,            1.03
306,        20100407,            0.97
307,        20100408,            1.01
308,        20100409,            1.02
309,        20100412,            0.99
310,        20100413,            1.02
311,        20100414,            0.99
312,        20100415,            0.96
313,        20100416,            0.97
314,        20100419,            1.00
315,        20100420,            1.00
316,        20100421,            1.01
317,        20100422,            1.03
318,        20100423,            1.00
319,        20100426,            1.01
320,        20100427,            0.97
321,        20100428,            1.01
322,        20100429,            1.05
323,        20100430,            0.96
324,        20100503,            1.03
325,        20100504,            0.97
326,        20100505,            0.97
327,        20100506,            0.98
328,        20100507,            1.00
329,        20100510,            1.09
330,        20100511,            1.00
331,        20100512,            1.01
332,        20100513,            0.98
333,        20100514,            0.97
334,        20100517,            0.99
335,        20100518,            0.96
336,        20100519,            0.98
337,        20100520,            0.94
338,        20100521,            1.03
339,        20100524,            0.97
340,        20100525,            1.00
341,        20100526,            1.00
342,        20100527,            1.06
343,        20100528,            0.98
344,        20100601,            0.98
345,        20100602,            1.03
346,        20100603,            1.00
347,        20100604,            0.92
348,        20100607,            1.01
349,        20100608,            1.02
350,        20100609,            1.00
351,        20100610,            1.06
352,        20100611,            1.00
353,        20100614,            1.02
354,        20100615,            1.03
355,        20100616,            0.98
356,        20100617,            1.00
357,        20100618,            1.01
358,        20100621,            1.00
359,        20100622,            0.96
360,        20100623,            1.00
361,        20100624,            0.97
362,        20100625,            1.03
363,        20100628,            0.99
364,        20100629,            0.93
365,        20100630,            0.99
366,        20100701,            0.99
367,        20100702,            0.98
368,        20100706,            0.97
369,        20100707,            1.05
370,        20100708,            1.01
371,        20100709,            1.01
372,        20100712,            1.01
373,        20100713,            1.03
374,        20100714,            0.99
375,        20100715,            1.00
376,        20100716,            0.95
377,        20100719,            1.02
378,        20100720,            1.02
379,        20100721,            0.98
380,        20100722,            1.05
381,        20100723,            1.02
382,        20100726,            1.03
383,        20100727,            0.99
384,        20100728,            1.00
385,        20100729,            1.00
386,        20100730,            1.00
387,        20100802,            1.03
388,        20100803,            0.98
389,        20100804,            1.01
390,        20100805,            1.01
391,        20100806,            0.98
392,        20100809,            1.01
393,        20100810,            0.98
394,        20100811,            0.98
395,        20100812,            0.99
396,        20100813,            1.00
397,        20100816,            1.01
398,        20100817,            1.03
399,        20100818,            1.00
400,        20100819,            0.96
401,        20100820,            0.99
402,        20100823,            1.00
403,        20100824,            0.99
404,        20100825,            1.03
405,        20100826,            1.00
406,        20100827,            1.02
407,        20100830,            0.99
408,        20100831,            1.01
409,        20100901,            1.03
410,        20100902,            1.02
411,        20100903,            1.02
412,        20100907,            0.98
413,        20100908,            1.00
414,        20100909,            0.99
415,        20100910,            1.01
416,        20100913,            1.02
417,        20100914,            1.00
418,        20100915,            1.01
419,        20100916,            0.99
420,        20100917,            1.01
421,        20100920,            1.04
422,        20100921,            1.00
423,        20100922,            0.99
424,        20100923,            0.97
425,        20100924,            1.03
426,        20100927,            0.97
427,        20100928,            1.00
428,        20100929,            0.97
429,        20100930,            1.00
430,        20101001,            1.00
431,        20101004,            1.03
432,        20101005,            1.02
433,        20101006,            1.01
434,        20101007,            1.00
435,        20101008,            1.00
436,        20101011,            1.00
437,        20101012,            1.01
438,        20101013,            1.00
439,        20101014,            0.99
440,        20101015,            1.02
441,        20101018,            1.00
442,        20101019,            0.98
443,        20101020,            1.03
444,        20101021,            1.00
445,        20101022,            1.00
446,        20101025,            1.00
447,        20101026,            0.99
448,        20101027,            1.00
449,        20101028,            1.01
450,        20101029,            1.00
451,        20101101,            1.00
452,        20101102,            0.99
453,        20101103,            0.99
454,        20101104,            1.04
455,        20101105,            1.03
456,        20101108,            1.00
457,        20101109,            0.96
458,        20101110,            1.01
459,        20101111,            0.98
460,        20101112,            0.98
461,        20101115,            0.97
462,        20101116,            0.95
463,        20101117,            1.01
464,        20101118,            1.02
465,        20101119,            1.01
466,        20101122,            1.00
467,        20101123,            1.00
468,        20101124,            1.03
469,        20101126,            0.99
470,        20101129,            1.01
471,        20101130,            0.99
472,        20101201,            1.01
473,        20101202,            1.02
474,        20101203,            1.00
475,        20101206,            1.01
476,        20101207,            1.01
477,        20101208,            0.98
478,        20101209,            0.98
479,        20101210,            1.01
480,        20101213,            1.00
481,        20101214,            0.98
482,        20101215,            0.99
483,        20101216,            1.00
484,        20101217,            1.02
485,        20101220,            1.01
486,        20101221,            1.02
487,        20101222,            1.00
488,        20101223,            1.00
489,        20101227,            1.02
490,        20101228,            1.01
491,        20101229,            1.01
492,        20101230,            1.00
493,        20101231,            1.00
494,        20110103,            1.02
495,        20110104,            0.98
496,        20110105,            1.01
497,        20110106,            0.99
498,        20110107,            1.00
