0,        20090116,            1.02
1,        20090120,            1.01
2,        20090121,            1.02
3,        20090122,            1.00
4,        20090123,            0.98
5,        20090126,            1.00
6,        20090127,            1.01
7,        20090128,            1.00
8,        20090129,            1.01
9,        20090130,            0.96
10,        20090202,            1.01
11,        20090203,            1.02
12,        20090204,            0.99
13,        20090205,            1.01
14,        20090206,            1.02
15,        20090209,            1.03
16,        20090210,            0.99
17,        20090211,            1.01
18,        20090212,            1.00
19,        20090213,            0.99
20,        20090217,            0.98
21,        20090218,            1.00
22,        20090219,            1.01
23,        20090220,            1.00
24,        20090223,            0.98
25,        20090224,            0.99
26,        20090225,            0.98
27,        20090226,            0.97
28,        20090227,            1.00
29,        20090302,            0.95
30,        20090303,            1.01
31,        20090304,            1.02
32,        20090305,            1.01
33,        20090306,            1.01
34,        20090309,            0.99
35,        20090310,            1.00
36,        20090311,            1.00
37,        20090312,            1.05
38,        20090313,            1.04
39,        20090316,            0.99
40,        20090317,            1.02
41,        20090318,            0.98
42,        20090319,            0.98
43,        20090320,            1.03
44,        20090323,            1.02
45,        20090324,            1.01
46,        20090325,            1.02
47,        20090326,            0.99
48,        20090327,            0.98
49,        20090330,            1.00
50,        20090331,            0.98
51,        20090401,            0.99
52,        20090402,            1.01
53,        20090403,            1.01
54,        20090406,            0.97
55,        20090407,            1.02
56,        20090408,            1.03
57,        20090409,            1.00
58,        20090413,            0.99
59,        20090414,            0.98
60,        20090415,            1.01
61,        20090416,            1.02
62,        20090417,            1.03
63,        20090420,            1.01
64,        20090421,            0.97
65,        20090422,            0.98
66,        20090423,            1.01
67,        20090424,            0.99
68,        20090427,            0.99
69,        20090428,            1.02
70,        20090429,            1.01
71,        20090430,            0.99
72,        20090501,            0.98
73,        20090504,            1.01
74,        20090505,            1.01
75,        20090506,            1.02
76,        20090507,            0.99
77,        20090508,            1.03
78,        20090511,            0.99
79,        20090512,            1.04
80,        20090513,            1.01
81,        20090514,            0.99
82,        20090515,            1.02
83,        20090518,            0.97
84,        20090519,            1.00
85,        20090520,            1.00
86,        20090521,            1.00
87,        20090522,            1.00
88,        20090526,            1.00
89,        20090527,            0.99
90,        20090528,            1.01
91,        20090529,            1.00
92,        20090601,            1.01
93,        20090602,            1.00
94,        20090603,            1.00
95,        20090604,            1.00
96,        20090605,            1.00
97,        20090608,            0.98
98,        20090609,            0.99
99,        20090610,            0.98
100,        20090611,            1.01
101,        20090612,            1.02
102,        20090615,            0.97
103,        20090616,            1.00
104,        20090617,            1.01
105,        20090618,            1.02
106,        20090619,            1.02
107,        20090622,            1.00
108,        20090623,            0.98
109,        20090624,            0.99
110,        20090625,            1.00
111,        20090626,            1.00
112,        20090629,            1.01
113,        20090630,            0.99
114,        20090701,            1.02
115,        20090702,            0.98
116,        20090706,            1.03
117,        20090707,            0.98
118,        20090708,            0.99
119,        20090709,            0.99
120,        20090710,            1.00
121,        20090713,            1.01
122,        20090714,            1.00
123,        20090715,            1.00
124,        20090716,            1.01
125,        20090717,            1.02
126,        20090720,            0.99
127,        20090721,            1.01
128,        20090722,            1.00
129,        20090723,            1.03
130,        20090724,            1.00
131,        20090727,            1.01
132,        20090728,            1.00
133,        20090729,            1.01
134,        20090730,            1.00
135,        20090731,            1.01
136,        20090803,            1.00
137,        20090804,            0.99
138,        20090805,            0.98
139,        20090806,            1.02
140,        20090807,            1.00
141,        20090810,            1.01
142,        20090811,            1.01
143,        20090812,            0.99
144,        20090813,            0.99
145,        20090814,            1.00
146,        20090817,            1.00
147,        20090818,            1.01
148,        20090819,            1.00
149,        20090820,            1.01
150,        20090821,            1.02
151,        20090824,            1.04
152,        20090825,            0.99
153,        20090826,            0.99
154,        20090827,            0.98
155,        20090828,            0.97
156,        20090831,            1.01
157,        20090901,            1.00
158,        20090902,            1.01
159,        20090903,            1.00
160,        20090904,            1.01
161,        20090908,            1.00
162,        20090909,            1.00
163,        20090910,            1.01
164,        20090911,            1.00
165,        20090914,            1.00
166,        20090915,            0.98
167,        20090916,            0.99
168,        20090917,            1.01
169,        20090918,            1.03
170,        20090921,            0.99
171,        20090922,            0.99
172,        20090923,            1.01
173,        20090924,            0.99
174,        20090925,            0.99
175,        20090928,            1.01
176,        20090929,            1.01
177,        20090930,            0.99
178,        20091001,            1.00
179,        20091002,            1.00
180,        20091005,            1.01
181,        20091006,            1.03
182,        20091007,            0.99
183,        20091008,            1.01
184,        20091009,            1.01
185,        20091012,            1.00
186,        20091013,            1.00
187,        20091014,            1.02
188,        20091015,            1.01
189,        20091016,            1.01
190,        20091019,            1.00
191,        20091020,            1.01
192,        20091021,            1.00
193,        20091022,            1.00
194,        20091023,            0.99
195,        20091026,            0.93
196,        20091027,            1.06
197,        20091028,            0.99
198,        20091029,            1.00
199,        20091030,            0.99
200,        20091102,            1.00
201,        20091103,            1.01
202,        20091104,            0.99
203,        20091105,            1.01
204,        20091106,            0.99
205,        20091109,            1.02
206,        20091110,            1.01
207,        20091111,            1.00
208,        20091112,            1.00
209,        20091113,            1.00
210,        20091116,            1.01
211,        20091117,            1.00
212,        20091118,            1.00
213,        20091119,            1.00
214,        20091120,            1.01
215,        20091123,            1.01
216,        20091124,            1.00
217,        20091125,            1.00
218,        20091127,            0.98
219,        20091130,            0.99
220,        20091201,            1.01
221,        20091202,            1.00
222,        20091203,            0.99
223,        20091204,            1.00
224,        20091207,            1.01
225,        20091208,            0.98
226,        20091209,            1.01
227,        20091210,            1.01
228,        20091211,            0.99
229,        20091214,            1.00
230,        20091215,            1.01
231,        20091216,            1.00
232,        20091217,            0.99
233,        20091218,            0.99
234,        20091221,            1.01
235,        20091222,            1.00
236,        20091223,            1.00
237,        20091224,            1.00
238,        20091228,            1.01
239,        20091229,            1.01
240,        20091230,            1.00
241,        20091231,            1.00
242,        20100104,            1.02
243,        20100105,            0.97
244,        20100106,            0.99
245,        20100107,            0.99
246,        20100108,            1.00
247,        20100111,            1.01
248,        20100112,            0.99
249,        20100113,            1.00
250,        20100114,            1.00
251,        20100115,            1.00
252,        20100119,            0.99
253,        20100120,            0.99
254,        20100121,            1.00
255,        20100122,            0.98
256,        20100125,            1.03
257,        20100126,            1.00
258,        20100127,            0.99
259,        20100128,            1.00
260,        20100129,            0.99
261,        20100201,            1.01
262,        20100202,            1.01
263,        20100203,            0.98
264,        20100204,            0.98
265,        20100205,            1.00
266,        20100208,            1.00
267,        20100209,            1.01
268,        20100210,            0.99
269,        20100211,            1.02
270,        20100212,            0.99
271,        20100216,            1.00
272,        20100217,            1.00
273,        20100218,            1.01
274,        20100219,            1.00
275,        20100222,            1.00
276,        20100223,            0.99
277,        20100224,            1.00
278,        20100225,            0.98
279,        20100226,            0.98
280,        20100301,            1.00
281,        20100302,            1.02
282,        20100303,            1.00
283,        20100304,            1.01
284,        20100305,            1.01
285,        20100308,            1.00
286,        20100309,            0.99
287,        20100310,            1.01
288,        20100311,            1.01
289,        20100312,            1.00
290,        20100315,            1.01
291,        20100316,            1.01
292,        20100317,            1.00
293,        20100318,            1.00
294,        20100319,            1.00
295,        20100322,            1.01
296,        20100323,            1.00
297,        20100324,            1.00
298,        20100325,            0.99
299,        20100326,            1.00
300,        20100329,            0.99
301,        20100330,            1.00
302,        20100331,            1.00
303,        20100401,            1.01
304,        20100405,            1.01
305,        20100406,            1.01
306,        20100407,            0.99
307,        20100408,            0.99
308,        20100409,            1.00
309,        20100412,            1.01
310,        20100413,            1.00
311,        20100414,            1.01
312,        20100415,            1.00
313,        20100416,            0.99
314,        20100419,            1.01
315,        20100420,            1.01
316,        20100421,            1.01
317,        20100422,            1.00
318,        20100423,            1.00
319,        20100426,            0.99
320,        20100427,            0.98
321,        20100428,            1.00
322,        20100429,            1.01
323,        20100430,            1.00
324,        20100503,            1.00
325,        20100504,            0.99
326,        20100505,            1.00
327,        20100506,            0.98
328,        20100507,            1.00
329,        20100510,            1.04
330,        20100511,            1.01
331,        20100512,            0.99
332,        20100513,            0.99
333,        20100514,            0.99
334,        20100517,            1.02
335,        20100518,            0.99
336,        20100519,            0.99
337,        20100520,            0.96
338,        20100521,            0.99
339,        20100524,            0.99
340,        20100525,            0.99
341,        20100526,            1.00
342,        20100527,            1.00
343,        20100528,            0.98
344,        20100601,            1.00
345,        20100602,            1.02
346,        20100603,            1.01
347,        20100604,            0.98
348,        20100607,            0.99
349,        20100608,            1.01
350,        20100609,            1.00
351,        20100610,            1.02
352,        20100611,            1.00
353,        20100614,            1.00
354,        20100615,            1.01
355,        20100616,            1.01
356,        20100617,            0.99
357,        20100618,            1.01
358,        20100621,            1.01
359,        20100622,            0.98
360,        20100623,            1.00
361,        20100624,            0.98
362,        20100625,            0.98
363,        20100628,            1.02
364,        20100629,            0.99
365,        20100630,            0.99
366,        20100701,            1.00
367,        20100702,            1.00
368,        20100706,            1.01
369,        20100707,            1.00
370,        20100708,            1.02
371,        20100709,            1.00
372,        20100712,            1.00
373,        20100713,            1.00
374,        20100714,            1.00
375,        20100715,            1.00
376,        20100716,            0.98
377,        20100719,            1.01
378,        20100720,            1.01
379,        20100721,            0.99
380,        20100722,            1.02
381,        20100723,            1.01
382,        20100726,            1.01
383,        20100727,            1.00
384,        20100728,            0.99
385,        20100729,            0.99
386,        20100730,            1.01
387,        20100802,            1.00
388,        20100803,            0.99
389,        20100804,            0.99
390,        20100805,            1.01
391,        20100806,            1.01
392,        20100809,            1.00
393,        20100810,            1.00
394,        20100811,            0.99
395,        20100812,            0.99
396,        20100813,            1.00
397,        20100816,            0.99
398,        20100817,            1.02
399,        20100818,            1.00
400,        20100819,            0.99
401,        20100820,            0.99
402,        20100823,            1.00
403,        20100824,            1.01
404,        20100825,            1.04
405,        20100826,            1.00
406,        20100827,            0.99
407,        20100830,            0.99
408,        20100831,            1.00
409,        20100901,            1.03
410,        20100902,            1.02
411,        20100903,            1.01
412,        20100907,            1.00
413,        20100908,            1.00
414,        20100909,            0.99
415,        20100910,            1.02
416,        20100913,            1.00
417,        20100914,            1.00
418,        20100915,            1.00
419,        20100916,            0.99
420,        20100917,            1.00
421,        20100920,            1.02
422,        20100921,            1.01
423,        20100922,            0.99
424,        20100923,            0.98
425,        20100924,            1.02
426,        20100927,            1.00
427,        20100928,            1.00
428,        20100929,            1.00
429,        20100930,            1.00
430,        20101001,            1.00
431,        20101004,            0.98
432,        20101005,            1.01
433,        20101006,            0.99
434,        20101007,            1.00
435,        20101008,            1.01
436,        20101011,            1.00
437,        20101012,            1.02
438,        20101013,            1.01
439,        20101014,            1.00
440,        20101015,            1.01
441,        20101018,            1.01
442,        20101019,            0.99
443,        20101020,            1.00
444,        20101021,            1.00
445,        20101022,            1.01
446,        20101025,            1.01
447,        20101026,            1.02
448,        20101027,            0.98
449,        20101028,            1.01
450,        20101029,            0.99
451,        20101101,            1.00
452,        20101102,            1.03
453,        20101103,            1.01
454,        20101104,            1.01
455,        20101105,            1.00
456,        20101108,            1.00
457,        20101109,            0.99
458,        20101110,            0.99
459,        20101111,            1.00
460,        20101112,            0.99
461,        20101115,            1.00
462,        20101116,            0.98
463,        20101117,            1.00
464,        20101118,            1.00
465,        20101119,            0.99
466,        20101122,            0.99
467,        20101123,            0.98
468,        20101124,            1.00
469,        20101126,            0.99
470,        20101129,            0.98
471,        20101130,            0.97
472,        20101201,            1.03
473,        20101202,            0.99
474,        20101203,            1.00
475,        20101206,            1.00
476,        20101207,            1.00
477,        20101208,            1.01
478,        20101209,            0.98
479,        20101210,            1.02
480,        20101213,            1.00
481,        20101214,            1.01
482,        20101215,            1.00
483,        20101216,            1.01
484,        20101217,            1.00
485,        20101220,            1.00
486,        20101221,            1.00
487,        20101222,            1.00
488,        20101223,            1.00
489,        20101227,            1.00
490,        20101228,            1.00
491,        20101229,            1.00
492,        20101230,            1.00
493,        20101231,            1.00
494,        20110103,            1.00
495,        20110104,            0.99
496,        20110105,            1.00
497,        20110106,            1.00
498,        20110107,            0.95
