0,        20090116,            1.04
1,        20090120,            0.90
2,        20090121,            1.07
3,        20090122,            0.97
4,        20090123,            1.01
5,        20090126,            0.97
6,        20090127,            1.04
7,        20090128,            1.09
8,        20090129,            0.94
9,        20090130,            0.96
10,        20090202,            0.97
11,        20090203,            1.04
12,        20090204,            1.00
13,        20090205,            1.05
14,        20090206,            1.15
15,        20090209,            1.05
16,        20090210,            0.96
17,        20090211,            1.04
18,        20090212,            0.99
19,        20090213,            1.00
20,        20090217,            0.92
21,        20090218,            1.00
22,        20090219,            1.01
23,        20090220,            1.00
24,        20090223,            0.92
25,        20090224,            1.07
26,        20090225,            0.94
27,        20090226,            1.04
28,        20090227,            0.99
29,        20090302,            0.86
30,        20090303,            0.97
31,        20090304,            1.16
32,        20090305,            0.94
33,        20090306,            1.00
34,        20090309,            1.07
35,        20090310,            1.12
36,        20090311,            1.01
37,        20090312,            1.07
38,        20090313,            1.00
39,        20090316,            0.98
40,        20090317,            1.01
41,        20090318,            1.02
42,        20090319,            1.04
43,        20090320,            0.92
44,        20090323,            1.05
45,        20090324,            0.98
46,        20090325,            1.01
47,        20090326,            1.05
48,        20090327,            0.96
49,        20090330,            0.92
50,        20090331,            1.02
51,        20090401,            1.04
52,        20090402,            1.06
53,        20090403,            1.05
54,        20090406,            0.97
55,        20090407,            0.97
56,        20090408,            1.03
57,        20090409,            1.04
58,        20090413,            1.01
59,        20090414,            1.00
60,        20090415,            1.05
61,        20090416,            1.01
62,        20090417,            1.01
63,        20090420,            0.89
64,        20090421,            1.04
65,        20090422,            1.01
66,        20090423,            1.00
67,        20090424,            1.04
68,        20090427,            0.96
69,        20090428,            0.96
70,        20090429,            1.06
71,        20090430,            0.99
72,        20090501,            1.02
73,        20090504,            1.06
74,        20090505,            1.00
75,        20090506,            1.01
76,        20090507,            1.01
77,        20090508,            1.03
78,        20090511,            1.00
79,        20090512,            1.04
80,        20090513,            0.91
81,        20090514,            1.03
82,        20090515,            1.02
83,        20090518,            1.06
84,        20090519,            1.02
85,        20090520,            0.99
86,        20090521,            0.98
87,        20090522,            1.02
88,        20090526,            1.06
89,        20090527,            1.00
90,        20090528,            1.03
91,        20090529,            1.03
92,        20090601,            1.03
93,        20090602,            0.99
94,        20090603,            0.94
95,        20090604,            1.04
96,        20090605,            1.00
97,        20090608,            0.98
98,        20090609,            1.02
99,        20090610,            1.06
100,        20090611,            1.02
101,        20090612,            0.97
102,        20090615,            0.95
103,        20090616,            0.96
104,        20090617,            0.95
105,        20090618,            1.00
106,        20090619,            1.02
107,        20090622,            0.90
108,        20090623,            1.04
109,        20090624,            1.03
110,        20090625,            1.06
111,        20090626,            0.99
112,        20090629,            1.00
113,        20090630,            0.99
114,        20090701,            0.99
115,        20090702,            0.96
116,        20090706,            0.94
117,        20090707,            0.96
118,        20090708,            0.95
119,        20090709,            1.04
120,        20090710,            0.97
121,        20090713,            1.03
122,        20090714,            1.02
123,        20090715,            1.03
124,        20090716,            0.99
125,        20090717,            1.00
126,        20090720,            1.03
127,        20090721,            1.01
128,        20090722,            0.99
129,        20090723,            1.06
130,        20090724,            1.01
131,        20090727,            1.00
132,        20090728,            0.97
133,        20090729,            0.94
134,        20090730,            1.02
135,        20090731,            1.03
136,        20090803,            1.05
137,        20090804,            1.02
138,        20090805,            1.02
139,        20090806,            0.97
140,        20090807,            1.04
141,        20090810,            0.99
142,        20090811,            1.07
143,        20090812,            1.01
144,        20090813,            1.05
145,        20090814,            0.97
146,        20090817,            0.95
147,        20090818,            1.04
148,        20090819,            1.02
149,        20090820,            1.02
150,        20090821,            1.04
151,        20090824,            0.98
152,        20090825,            0.98
153,        20090826,            0.99
154,        20090827,            1.02
155,        20090828,            1.00
156,        20090831,            0.99
157,        20090901,            0.98
158,        20090902,            1.01
159,        20090903,            1.03
160,        20090904,            1.02
161,        20090908,            1.07
162,        20090909,            1.01
163,        20090910,            1.02
164,        20090911,            1.01
165,        20090914,            0.97
166,        20090915,            1.03
167,        20090916,            1.00
168,        20090917,            0.97
169,        20090918,            1.01
170,        20090921,            0.99
171,        20090922,            1.03
172,        20090923,            0.97
173,        20090924,            0.98
174,        20090925,            0.96
175,        20090928,            1.04
176,        20090929,            1.00
177,        20090930,            0.98
178,        20091001,            0.97
179,        20091002,            0.98
180,        20091005,            1.04
181,        20091006,            1.03
182,        20091007,            1.00
183,        20091008,            1.00
184,        20091009,            0.99
185,        20091012,            1.01
186,        20091013,            0.98
187,        20091014,            1.02
188,        20091015,            1.01
189,        20091016,            0.98
190,        20091019,            1.02
191,        20091020,            0.99
192,        20091021,            0.98
193,        20091022,            1.02
194,        20091023,            0.99
195,        20091026,            0.97
196,        20091027,            0.98
197,        20091028,            0.92
198,        20091029,            1.05
199,        20091030,            0.95
200,        20091102,            1.00
201,        20091103,            1.04
202,        20091104,            1.00
203,        20091105,            1.03
204,        20091106,            1.00
205,        20091109,            1.01
206,        20091110,            0.98
207,        20091111,            1.00
208,        20091112,            0.97
209,        20091113,            1.00
210,        20091116,            1.01
211,        20091117,            1.00
212,        20091118,            0.98
213,        20091119,            0.97
214,        20091120,            0.98
215,        20091123,            1.01
216,        20091124,            0.99
217,        20091125,            1.00
218,        20091127,            0.97
219,        20091130,            1.00
220,        20091201,            1.00
221,        20091202,            0.99
222,        20091203,            1.00
223,        20091204,            0.98
224,        20091207,            1.11
225,        20091208,            0.98
226,        20091209,            1.00
227,        20091210,            1.01
228,        20091211,            1.00
229,        20091214,            1.03
230,        20091215,            1.00
231,        20091216,            1.01
232,        20091217,            0.97
233,        20091218,            0.99
234,        20091221,            1.01
235,        20091222,            1.04
236,        20091223,            1.03
237,        20091224,            1.01
238,        20091228,            0.99
239,        20091229,            0.99
240,        20091230,            1.00
241,        20091231,            0.99
242,        20100104,            1.05
243,        20100105,            0.99
244,        20100106,            1.01
245,        20100107,            1.02
246,        20100108,            1.01
247,        20100111,            1.02
248,        20100112,            0.96
249,        20100113,            1.00
250,        20100114,            0.98
251,        20100115,            0.98
252,        20100119,            1.01
253,        20100120,            0.97
254,        20100121,            0.97
255,        20100122,            0.99
256,        20100125,            1.01
257,        20100126,            0.99
258,        20100127,            1.00
259,        20100128,            0.99
260,        20100129,            1.03
261,        20100201,            1.02
262,        20100202,            1.01
263,        20100203,            1.00
264,        20100204,            0.95
265,        20100205,            0.98
266,        20100208,            0.99
267,        20100209,            1.01
268,        20100210,            0.99
269,        20100211,            1.01
270,        20100212,            0.99
271,        20100216,            1.03
272,        20100217,            1.01
273,        20100218,            1.05
274,        20100219,            1.00
275,        20100222,            1.00
276,        20100223,            0.97
277,        20100224,            0.98
278,        20100225,            1.00
279,        20100226,            1.00
280,        20100301,            1.04
281,        20100302,            1.07
282,        20100303,            1.01
283,        20100304,            0.99
284,        20100305,            1.00
285,        20100308,            0.99
286,        20100309,            0.99
287,        20100310,            1.00
288,        20100311,            1.01
289,        20100312,            1.01
290,        20100315,            0.99
291,        20100316,            1.01
292,        20100317,            1.00
293,        20100318,            0.98
294,        20100319,            1.00
295,        20100322,            1.01
296,        20100323,            1.03
297,        20100324,            0.99
298,        20100325,            0.99
299,        20100326,            0.99
300,        20100329,            1.04
301,        20100330,            1.00
302,        20100331,            1.01
303,        20100401,            1.00
304,        20100405,            1.02
305,        20100406,            1.01
306,        20100407,            0.99
307,        20100408,            0.99
308,        20100409,            1.02
309,        20100412,            0.99
310,        20100413,            1.02
311,        20100414,            1.01
312,        20100415,            0.99
313,        20100416,            0.98
314,        20100419,            0.99
315,        20100420,            1.03
316,        20100421,            1.00
317,        20100422,            1.01
318,        20100423,            1.03
319,        20100426,            1.00
320,        20100427,            0.95
321,        20100428,            1.02
322,        20100429,            1.01
323,        20100430,            0.97
324,        20100503,            1.01
325,        20100504,            0.95
326,        20100505,            0.98
327,        20100506,            0.97
328,        20100507,            0.95
329,        20100510,            1.07
330,        20100511,            1.00
331,        20100512,            1.05
332,        20100513,            0.98
333,        20100514,            0.93
334,        20100517,            0.99
335,        20100518,            0.98
336,        20100519,            0.98
337,        20100520,            0.96
338,        20100521,            1.04
339,        20100524,            0.96
340,        20100525,            1.01
341,        20100526,            1.00
342,        20100527,            1.05
343,        20100528,            0.95
344,        20100601,            0.95
345,        20100602,            1.05
346,        20100603,            1.02
347,        20100604,            0.94
348,        20100607,            0.97
349,        20100608,            1.00
350,        20100609,            1.05
351,        20100610,            1.05
352,        20100611,            0.98
353,        20100614,            1.05
354,        20100615,            1.03
355,        20100616,            1.01
356,        20100617,            1.03
357,        20100618,            0.98
358,        20100621,            1.01
359,        20100622,            0.96
360,        20100623,            1.00
361,        20100624,            0.96
362,        20100625,            1.03
363,        20100628,            0.98
364,        20100629,            0.95
365,        20100630,            0.99
366,        20100701,            0.98
367,        20100702,            1.04
368,        20100706,            1.01
369,        20100707,            1.06
370,        20100708,            1.02
371,        20100709,            1.04
372,        20100712,            0.96
373,        20100713,            1.00
374,        20100714,            0.98
375,        20100715,            1.00
376,        20100716,            0.96
377,        20100719,            1.02
378,        20100720,            1.03
379,        20100721,            0.99
380,        20100722,            1.03
381,        20100723,            1.02
382,        20100726,            1.01
383,        20100727,            1.00
384,        20100728,            0.97
385,        20100729,            0.99
386,        20100730,            0.98
387,        20100802,            1.07
388,        20100803,            1.07
389,        20100804,            0.98
390,        20100805,            1.06
391,        20100806,            0.98
392,        20100809,            1.02
393,        20100810,            0.97
394,        20100811,            0.95
395,        20100812,            1.01
396,        20100813,            1.00
397,        20100816,            1.02
398,        20100817,            1.01
399,        20100818,            0.99
400,        20100819,            0.98
401,        20100820,            0.98
402,        20100823,            0.98
403,        20100824,            1.04
404,        20100825,            0.99
405,        20100826,            0.98
406,        20100827,            1.03
407,        20100830,            1.01
408,        20100831,            0.98
409,        20100901,            1.03
410,        20100902,            1.03
411,        20100903,            1.01
412,        20100907,            0.99
413,        20100908,            0.98
414,        20100909,            1.01
415,        20100910,            1.00
416,        20100913,            1.00
417,        20100914,            0.99
418,        20100915,            1.03
419,        20100916,            1.03
420,        20100917,            0.98
421,        20100920,            1.00
422,        20100921,            1.03
423,        20100922,            0.99
424,        20100923,            0.98
425,        20100924,            1.02
426,        20100927,            1.00
427,        20100928,            1.01
428,        20100929,            1.02
429,        20100930,            1.01
430,        20101001,            1.01
431,        20101004,            0.97
432,        20101005,            1.00
433,        20101006,            0.99
434,        20101007,            1.01
435,        20101008,            1.04
436,        20101011,            1.00
437,        20101012,            0.99
438,        20101013,            1.04
439,        20101014,            0.98
440,        20101015,            1.00
441,        20101018,            0.99
442,        20101019,            0.98
443,        20101020,            1.00
444,        20101021,            1.02
445,        20101022,            1.03
446,        20101025,            0.99
447,        20101026,            1.00
448,        20101027,            0.99
449,        20101028,            1.01
450,        20101029,            0.99
451,        20101101,            1.01
452,        20101102,            1.03
453,        20101103,            0.99
454,        20101104,            1.02
455,        20101105,            1.00
456,        20101108,            0.99
457,        20101109,            1.07
458,        20101110,            1.01
459,        20101111,            1.04
460,        20101112,            0.96
461,        20101115,            0.98
462,        20101116,            0.98
463,        20101117,            1.04
464,        20101118,            1.02
465,        20101119,            1.01
466,        20101122,            0.99
467,        20101123,            0.99
468,        20101124,            1.06
469,        20101126,            0.99
470,        20101129,            0.99
471,        20101130,            1.01
472,        20101201,            1.04
473,        20101202,            1.01
474,        20101203,            1.00
475,        20101206,            1.00
476,        20101207,            1.00
477,        20101208,            1.01
478,        20101209,            1.02
479,        20101210,            1.01
480,        20101213,            0.99
481,        20101214,            0.99
482,        20101215,            0.99
483,        20101216,            1.01
484,        20101217,            1.00
485,        20101220,            1.01
486,        20101221,            1.01
487,        20101222,            1.01
488,        20101223,            0.99
489,        20101227,            1.00
490,        20101228,            0.99
491,        20101229,            1.01
492,        20101230,            1.01
493,        20101231,            1.01
494,        20110103,            1.01
495,        20110104,            0.97
496,        20110105,            1.00
497,        20110106,            0.98
498,        20110107,            1.01
