0,        20090116,            1.02
1,        20090120,            0.90
2,        20090121,            1.16
3,        20090122,            0.94
4,        20090123,            1.04
5,        20090126,            1.05
6,        20090127,            1.03
7,        20090128,            1.06
8,        20090129,            0.94
9,        20090130,            0.98
10,        20090202,            0.95
11,        20090203,            1.05
12,        20090204,            0.88
13,        20090205,            1.07
14,        20090206,            1.06
15,        20090209,            1.02
16,        20090210,            0.92
17,        20090211,            0.99
18,        20090212,            1.02
19,        20090213,            1.07
20,        20090217,            0.87
21,        20090218,            0.98
22,        20090219,            0.99
23,        20090220,            0.94
24,        20090223,            0.88
25,        20090224,            1.10
26,        20090225,            0.97
27,        20090226,            0.98
28,        20090227,            1.01
29,        20090302,            0.86
30,        20090303,            1.03
31,        20090304,            1.09
32,        20090305,            0.94
33,        20090306,            0.97
34,        20090309,            0.99
35,        20090310,            1.09
36,        20090311,            0.96
37,        20090312,            1.03
38,        20090313,            0.95
39,        20090316,            1.01
40,        20090317,            1.03
41,        20090318,            1.01
42,        20090319,            1.13
43,        20090320,            0.94
44,        20090323,            1.10
45,        20090324,            0.98
46,        20090325,            0.95
47,        20090326,            1.00
48,        20090327,            0.99
49,        20090330,            0.90
50,        20090331,            0.98
51,        20090401,            1.04
52,        20090402,            1.06
53,        20090403,            1.06
54,        20090406,            1.01
55,        20090407,            0.96
56,        20090408,            1.01
57,        20090409,            1.09
58,        20090413,            1.03
59,        20090414,            0.97
60,        20090415,            0.94
61,        20090416,            1.00
62,        20090417,            1.02
63,        20090420,            0.90
64,        20090421,            1.05
65,        20090422,            1.07
66,        20090423,            1.06
67,        20090424,            1.06
68,        20090427,            0.95
69,        20090428,            0.96
70,        20090429,            1.24
71,        20090430,            1.03
72,        20090501,            1.14
73,        20090504,            1.21
74,        20090505,            0.99
75,        20090506,            1.04
76,        20090507,            0.94
77,        20090508,            1.02
78,        20090511,            0.95
79,        20090512,            1.03
80,        20090513,            0.89
81,        20090514,            1.02
82,        20090515,            0.97
83,        20090518,            1.11
84,        20090519,            1.01
85,        20090520,            1.01
86,        20090521,            0.94
87,        20090522,            1.01
88,        20090526,            1.02
89,        20090527,            1.04
90,        20090528,            1.05
91,        20090529,            1.04
92,        20090601,            1.08
93,        20090602,            0.98
94,        20090603,            0.92
95,        20090604,            1.08
96,        20090605,            1.00
97,        20090608,            0.97
98,        20090609,            1.07
99,        20090610,            1.01
100,        20090611,            1.03
101,        20090612,            0.96
102,        20090615,            0.90
103,        20090616,            0.95
104,        20090617,            0.94
105,        20090618,            0.99
106,        20090619,            1.01
107,        20090622,            0.87
108,        20090623,            1.06
109,        20090624,            1.02
110,        20090625,            1.07
111,        20090626,            0.99
112,        20090629,            1.00
113,        20090630,            1.00
114,        20090701,            0.97
115,        20090702,            0.96
116,        20090706,            0.93
117,        20090707,            0.97
118,        20090708,            1.02
119,        20090709,            1.02
120,        20090710,            0.99
121,        20090713,            1.03
122,        20090714,            1.01
123,        20090715,            1.07
124,        20090716,            1.07
125,        20090717,            1.02
126,        20090720,            1.07
127,        20090721,            0.96
128,        20090722,            1.01
129,        20090723,            1.07
130,        20090724,            1.03
131,        20090727,            0.99
132,        20090728,            0.97
133,        20090729,            1.07
134,        20090730,            1.04
135,        20090731,            1.05
136,        20090803,            1.06
137,        20090804,            1.00
138,        20090805,            1.01
139,        20090806,            0.97
140,        20090807,            1.04
141,        20090810,            0.99
142,        20090811,            0.97
143,        20090812,            1.03
144,        20090813,            1.08
145,        20090814,            0.97
146,        20090817,            0.94
147,        20090818,            1.04
148,        20090819,            1.01
149,        20090820,            1.01
150,        20090821,            1.04
151,        20090824,            1.00
152,        20090825,            0.96
153,        20090826,            0.98
154,        20090827,            0.97
155,        20090828,            1.02
156,        20090831,            0.95
157,        20090901,            0.98
158,        20090902,            0.98
159,        20090903,            1.03
160,        20090904,            1.03
161,        20090908,            1.05
162,        20090909,            1.01
163,        20090910,            1.02
164,        20090911,            1.00
165,        20090914,            1.03
166,        20090915,            1.04
167,        20090916,            1.02
168,        20090917,            0.96
169,        20090918,            1.00
170,        20090921,            1.00
171,        20090922,            1.06
172,        20090923,            0.92
173,        20090924,            0.95
174,        20090925,            0.96
175,        20090928,            1.02
176,        20090929,            0.99
177,        20090930,            0.98
178,        20091001,            0.95
179,        20091002,            1.00
180,        20091005,            1.06
181,        20091006,            1.05
182,        20091007,            1.03
183,        20091008,            1.03
184,        20091009,            1.00
185,        20091012,            1.02
186,        20091013,            0.98
187,        20091014,            1.03
188,        20091015,            1.02
189,        20091016,            1.00
190,        20091019,            1.01
191,        20091020,            0.98
192,        20091021,            1.00
193,        20091022,            0.99
194,        20091023,            0.97
195,        20091026,            0.98
196,        20091027,            1.01
197,        20091028,            0.92
198,        20091029,            1.07
199,        20091030,            0.95
200,        20091102,            1.01
201,        20091103,            1.04
202,        20091104,            1.02
203,        20091105,            1.05
204,        20091106,            1.00
205,        20091109,            1.04
206,        20091110,            1.03
207,        20091111,            1.03
208,        20091112,            0.99
209,        20091113,            1.00
210,        20091116,            1.06
211,        20091117,            1.06
212,        20091118,            0.98
213,        20091119,            0.96
214,        20091120,            1.00
215,        20091123,            1.00
216,        20091124,            1.00
217,        20091125,            1.03
218,        20091127,            0.96
219,        20091130,            1.00
220,        20091201,            1.02
221,        20091202,            1.00
222,        20091203,            0.97
223,        20091204,            0.97
224,        20091207,            0.99
225,        20091208,            0.99
226,        20091209,            1.04
227,        20091210,            1.01
228,        20091211,            1.01
229,        20091214,            1.04
230,        20091215,            1.00
231,        20091216,            1.01
232,        20091217,            0.99
233,        20091218,            1.02
234,        20091221,            1.02
235,        20091222,            1.02
236,        20091223,            1.04
237,        20091224,            1.00
238,        20091228,            0.99
239,        20091229,            0.99
240,        20091230,            0.99
241,        20091231,            0.99
242,        20100104,            1.05
243,        20100105,            1.04
244,        20100106,            1.04
245,        20100107,            1.00
246,        20100108,            1.03
247,        20100111,            0.98
248,        20100112,            1.00
249,        20100113,            1.02
250,        20100114,            1.00
251,        20100115,            0.97
252,        20100119,            1.04
253,        20100120,            0.97
254,        20100121,            0.91
255,        20100122,            0.94
256,        20100125,            1.02
257,        20100126,            1.00
258,        20100127,            0.99
259,        20100128,            0.99
260,        20100129,            0.93
261,        20100201,            1.08
262,        20100202,            1.01
263,        20100203,            1.01
264,        20100204,            0.92
265,        20100205,            1.01
266,        20100208,            0.96
267,        20100209,            1.05
268,        20100210,            0.97
269,        20100211,            1.07
270,        20100212,            1.01
271,        20100216,            1.03
272,        20100217,            1.01
273,        20100218,            1.01
274,        20100219,            1.00
275,        20100222,            1.00
276,        20100223,            0.94
277,        20100224,            1.02
278,        20100225,            1.01
279,        20100226,            1.01
280,        20100301,            1.03
281,        20100302,            1.04
282,        20100303,            1.01
283,        20100304,            0.99
284,        20100305,            1.06
285,        20100308,            0.99
286,        20100309,            0.98
287,        20100310,            1.03
288,        20100311,            1.00
289,        20100312,            1.01
290,        20100315,            0.98
291,        20100316,            1.02
292,        20100317,            1.06
293,        20100318,            0.97
294,        20100319,            0.97
295,        20100322,            1.02
296,        20100323,            1.00
297,        20100324,            1.04
298,        20100325,            0.95
299,        20100326,            1.01
300,        20100329,            1.07
301,        20100330,            0.98
302,        20100331,            0.99
303,        20100401,            1.01
304,        20100405,            1.03
305,        20100406,            0.89
306,        20100407,            0.93
307,        20100408,            1.02
308,        20100409,            1.01
309,        20100412,            0.99
310,        20100413,            0.98
311,        20100414,            1.00
312,        20100415,            0.97
313,        20100416,            0.96
314,        20100419,            1.05
315,        20100420,            0.98
316,        20100421,            1.00
317,        20100422,            0.98
318,        20100423,            1.04
319,        20100426,            0.98
320,        20100427,            0.95
321,        20100428,            1.00
322,        20100429,            0.99
323,        20100430,            0.89
324,        20100503,            1.02
325,        20100504,            0.94
326,        20100505,            0.99
327,        20100506,            0.96
328,        20100507,            0.99
329,        20100510,            1.08
330,        20100511,            0.99
331,        20100512,            1.06
332,        20100513,            1.02
333,        20100514,            0.97
334,        20100517,            0.90
335,        20100518,            0.98
336,        20100519,            0.96
337,        20100520,            0.96
338,        20100521,            1.04
339,        20100524,            0.98
340,        20100525,            1.02
341,        20100526,            1.01
342,        20100527,            1.05
343,        20100528,            1.00
344,        20100601,            0.91
345,        20100602,            1.07
346,        20100603,            0.98
347,        20100604,            0.93
348,        20100607,            0.97
349,        20100608,            1.01
350,        20100609,            0.98
351,        20100610,            1.08
352,        20100611,            1.01
353,        20100614,            1.00
354,        20100615,            1.05
355,        20100616,            0.99
356,        20100617,            0.98
357,        20100618,            0.99
358,        20100621,            1.02
359,        20100622,            0.97
360,        20100623,            1.02
361,        20100624,            0.97
362,        20100625,            1.03
363,        20100628,            0.96
364,        20100629,            0.93
365,        20100630,            0.98
366,        20100701,            0.99
367,        20100702,            0.97
368,        20100706,            1.03
369,        20100707,            1.08
370,        20100708,            1.01
371,        20100709,            1.03
372,        20100712,            0.95
373,        20100713,            1.02
374,        20100714,            1.00
375,        20100715,            0.99
376,        20100716,            0.96
377,        20100719,            0.99
378,        20100720,            1.05
379,        20100721,            0.97
380,        20100722,            1.05
381,        20100723,            1.04
382,        20100726,            1.02
383,        20100727,            0.93
384,        20100728,            1.01
385,        20100729,            1.01
386,        20100730,            1.01
387,        20100802,            1.05
388,        20100803,            1.00
389,        20100804,            1.02
390,        20100805,            0.99
391,        20100806,            1.05
392,        20100809,            0.99
393,        20100810,            0.98
394,        20100811,            0.94
395,        20100812,            1.02
396,        20100813,            1.00
397,        20100816,            1.00
398,        20100817,            1.04
399,        20100818,            1.01
400,        20100819,            0.98
401,        20100820,            0.99
402,        20100823,            0.98
403,        20100824,            0.96
404,        20100825,            0.97
405,        20100826,            0.96
406,        20100827,            1.04
407,        20100830,            0.97
408,        20100831,            1.02
409,        20100901,            1.07
410,        20100902,            1.01
411,        20100903,            1.02
412,        20100907,            0.98
413,        20100908,            1.02
414,        20100909,            0.99
415,        20100910,            1.02
416,        20100913,            1.02
417,        20100914,            0.97
418,        20100915,            1.00
419,        20100916,            1.02
420,        20100917,            0.93
421,        20100920,            1.01
422,        20100921,            0.99
423,        20100922,            1.02
424,        20100923,            0.98
425,        20100924,            1.04
426,        20100927,            1.01
427,        20100928,            0.98
428,        20100929,            1.01
429,        20100930,            1.00
430,        20101001,            1.02
431,        20101004,            0.98
432,        20101005,            1.03
433,        20101006,            1.06
434,        20101007,            0.98
435,        20101008,            1.05
436,        20101011,            1.02
437,        20101012,            1.00
438,        20101013,            1.02
439,        20101014,            0.98
440,        20101015,            0.99
441,        20101018,            1.01
442,        20101019,            1.05
443,        20101020,            1.05
444,        20101021,            1.00
445,        20101022,            1.02
446,        20101025,            1.03
447,        20101026,            0.98
448,        20101027,            1.04
449,        20101028,            0.99
450,        20101029,            1.00
451,        20101101,            1.00
452,        20101102,            0.99
453,        20101103,            0.99
454,        20101104,            1.02
455,        20101105,            1.11
456,        20101108,            1.00
457,        20101109,            0.96
458,        20101110,            1.03
459,        20101111,            1.02
460,        20101112,            1.00
461,        20101115,            1.01
462,        20101116,            0.97
463,        20101117,            1.03
464,        20101118,            1.02
465,        20101119,            1.01
466,        20101122,            1.03
467,        20101123,            0.98
468,        20101124,            1.00
469,        20101126,            1.00
470,        20101129,            1.00
471,        20101130,            0.99
472,        20101201,            1.01
473,        20101202,            1.01
474,        20101203,            1.00
475,        20101206,            1.02
476,        20101207,            0.99
477,        20101208,            0.99
478,        20101209,            1.02
479,        20101210,            1.01
480,        20101213,            0.97
481,        20101214,            1.01
482,        20101215,            0.99
483,        20101216,            1.01
484,        20101217,            1.01
485,        20101220,            1.01
486,        20101221,            1.01
487,        20101222,            1.00
488,        20101223,            1.02
489,        20101227,            0.99
490,        20101228,            1.00
491,        20101229,            1.00
492,        20101230,            1.02
493,        20101231,            1.00
494,        20110103,            1.02
495,        20110104,            1.00
496,        20110105,            1.02
497,        20110106,            0.97
498,        20110107,            1.03
