0,        20090116,            1.03
1,        20090120,            0.99
2,        20090121,            1.01
3,        20090122,            0.94
4,        20090123,            0.96
5,        20090126,            0.99
6,        20090127,            1.01
7,        20090128,            1.01
8,        20090129,            0.97
9,        20090130,            0.99
10,        20090202,            1.02
11,        20090203,            1.03
12,        20090204,            0.95
13,        20090205,            1.01
14,        20090206,            1.03
15,        20090209,            0.99
16,        20090210,            0.95
17,        20090211,            1.14
18,        20090212,            1.00
19,        20090213,            0.96
20,        20090217,            0.96
21,        20090218,            1.00
22,        20090219,            0.98
23,        20090220,            0.98
24,        20090223,            0.98
25,        20090224,            1.05
26,        20090225,            0.96
27,        20090226,            0.98
28,        20090227,            0.98
29,        20090302,            0.99
30,        20090303,            1.00
31,        20090304,            1.02
32,        20090305,            0.98
33,        20090306,            1.03
34,        20090309,            0.98
35,        20090310,            1.00
36,        20090311,            1.00
37,        20090312,            1.01
38,        20090313,            1.06
39,        20090316,            0.97
40,        20090317,            1.06
41,        20090318,            1.03
42,        20090319,            0.97
43,        20090320,            0.99
44,        20090323,            1.06
45,        20090324,            0.98
46,        20090325,            1.01
47,        20090326,            1.00
48,        20090327,            0.97
49,        20090330,            0.98
50,        20090331,            1.02
51,        20090401,            1.00
52,        20090402,            1.01
53,        20090403,            1.02
54,        20090406,            0.98
55,        20090407,            0.96
56,        20090408,            1.01
57,        20090409,            1.02
58,        20090413,            1.01
59,        20090414,            0.98
60,        20090415,            1.02
61,        20090416,            1.00
62,        20090417,            1.01
63,        20090420,            1.00
64,        20090421,            1.03
65,        20090422,            0.98
66,        20090423,            0.98
67,        20090424,            1.01
68,        20090427,            1.00
69,        20090428,            0.99
70,        20090429,            1.04
71,        20090430,            1.00
72,        20090501,            0.95
73,        20090504,            1.03
74,        20090505,            1.00
75,        20090506,            1.08
76,        20090507,            0.93
77,        20090508,            0.99
78,        20090511,            0.98
79,        20090512,            0.99
80,        20090513,            0.97
81,        20090514,            0.98
82,        20090515,            1.00
83,        20090518,            1.03
84,        20090519,            0.96
85,        20090520,            1.01
86,        20090521,            0.99
87,        20090522,            0.99
88,        20090526,            1.01
89,        20090527,            0.98
90,        20090528,            1.01
91,        20090529,            1.01
92,        20090601,            1.01
93,        20090602,            1.02
94,        20090603,            1.00
95,        20090604,            1.01
96,        20090605,            1.01
97,        20090608,            1.01
98,        20090609,            1.02
99,        20090610,            1.00
100,        20090611,            1.01
101,        20090612,            1.00
102,        20090615,            0.98
103,        20090616,            1.00
104,        20090617,            1.01
105,        20090618,            1.00
106,        20090619,            1.01
107,        20090622,            0.99
108,        20090623,            1.00
109,        20090624,            1.00
110,        20090625,            1.01
111,        20090626,            0.99
112,        20090629,            1.01
113,        20090630,            0.99
114,        20090701,            1.00
115,        20090702,            0.98
116,        20090706,            1.00
117,        20090707,            0.98
118,        20090708,            0.98
119,        20090709,            1.01
120,        20090710,            0.99
121,        20090713,            1.03
122,        20090714,            0.99
123,        20090715,            1.02
124,        20090716,            1.01
125,        20090717,            0.99
126,        20090720,            0.98
127,        20090721,            1.00
128,        20090722,            1.00
129,        20090723,            1.02
130,        20090724,            1.00
131,        20090727,            1.00
132,        20090728,            1.00
133,        20090729,            1.05
134,        20090730,            0.98
135,        20090731,            1.01
136,        20090803,            1.02
137,        20090804,            1.03
138,        20090805,            1.05
139,        20090806,            1.00
140,        20090807,            1.03
141,        20090810,            1.00
142,        20090811,            0.99
143,        20090812,            1.02
144,        20090813,            1.01
145,        20090814,            1.00
146,        20090817,            0.99
147,        20090818,            1.00
148,        20090819,            1.01
149,        20090820,            1.01
150,        20090821,            1.01
151,        20090824,            0.99
152,        20090825,            1.00
153,        20090826,            1.00
154,        20090827,            1.00
155,        20090828,            1.00
156,        20090831,            1.00
157,        20090901,            0.98
158,        20090902,            1.00
159,        20090903,            1.01
160,        20090904,            1.00
161,        20090908,            1.00
162,        20090909,            1.00
163,        20090910,            1.01
164,        20090911,            1.00
165,        20090914,            1.02
166,        20090915,            0.99
167,        20090916,            1.02
168,        20090917,            0.99
169,        20090918,            1.00
170,        20090921,            1.00
171,        20090922,            0.99
172,        20090923,            1.00
173,        20090924,            1.00
174,        20090925,            0.99
175,        20090928,            1.04
176,        20090929,            1.00
177,        20090930,            1.00
178,        20091001,            1.00
179,        20091002,            0.97
180,        20091005,            1.00
181,        20091006,            1.01
182,        20091007,            1.00
183,        20091008,            1.02
184,        20091009,            1.01
185,        20091012,            1.00
186,        20091013,            1.00
187,        20091014,            1.01
188,        20091015,            1.00
189,        20091016,            0.98
190,        20091019,            1.01
191,        20091020,            0.99
192,        20091021,            0.99
193,        20091022,            1.03
194,        20091023,            0.98
195,        20091026,            1.00
196,        20091027,            0.99
197,        20091028,            0.97
198,        20091029,            1.03
199,        20091030,            0.95
200,        20091102,            1.00
201,        20091103,            1.00
202,        20091104,            0.98
203,        20091105,            1.02
204,        20091106,            0.99
205,        20091109,            1.03
206,        20091110,            1.01
207,        20091111,            1.01
208,        20091112,            0.98
209,        20091113,            1.00
210,        20091116,            1.00
211,        20091117,            0.99
212,        20091118,            0.98
213,        20091119,            0.97
214,        20091120,            1.00
215,        20091123,            1.01
216,        20091124,            1.01
217,        20091125,            1.00
218,        20091127,            0.98
219,        20091130,            1.01
220,        20091201,            0.99
221,        20091202,            0.99
222,        20091203,            0.99
223,        20091204,            1.02
224,        20091207,            0.98
225,        20091208,            0.99
226,        20091209,            1.00
227,        20091210,            1.00
228,        20091211,            1.01
229,        20091214,            1.00
230,        20091215,            1.00
231,        20091216,            1.00
232,        20091217,            0.99
233,        20091218,            0.99
234,        20091221,            1.00
235,        20091222,            1.00
236,        20091223,            1.01
237,        20091224,            1.01
238,        20091228,            1.00
239,        20091229,            1.00
240,        20091230,            1.00
241,        20091231,            0.99
242,        20100104,            0.99
243,        20100105,            0.98
244,        20100106,            1.03
245,        20100107,            1.01
246,        20100108,            1.00
247,        20100111,            1.00
248,        20100112,            0.99
249,        20100113,            1.00
250,        20100114,            1.01
251,        20100115,            0.99
252,        20100119,            1.01
253,        20100120,            0.99
254,        20100121,            1.00
255,        20100122,            1.00
256,        20100125,            1.01
257,        20100126,            1.00
258,        20100127,            0.99
259,        20100128,            1.00
260,        20100129,            0.99
261,        20100201,            1.01
262,        20100202,            1.03
263,        20100203,            1.00
264,        20100204,            0.99
265,        20100205,            1.01
266,        20100208,            0.99
267,        20100209,            1.01
268,        20100210,            1.00
269,        20100211,            1.00
270,        20100212,            1.00
271,        20100216,            1.02
272,        20100217,            1.02
273,        20100218,            1.00
274,        20100219,            1.00
275,        20100222,            1.00
276,        20100223,            1.00
277,        20100224,            1.01
278,        20100225,            1.00
279,        20100226,            1.00
280,        20100301,            1.01
281,        20100302,            1.00
282,        20100303,            1.00
283,        20100304,            1.00
284,        20100305,            1.02
285,        20100308,            1.00
286,        20100309,            1.01
287,        20100310,            1.00
288,        20100311,            1.00
289,        20100312,            1.00
290,        20100315,            1.01
291,        20100316,            1.01
292,        20100317,            1.00
293,        20100318,            1.00
294,        20100319,            1.00
295,        20100322,            1.00
296,        20100323,            1.00
297,        20100324,            0.99
298,        20100325,            1.00
299,        20100326,            1.00
300,        20100329,            1.01
301,        20100330,            0.99
302,        20100331,            0.99
303,        20100401,            1.00
304,        20100405,            1.00
305,        20100406,            1.00
306,        20100407,            0.99
307,        20100408,            1.00
308,        20100409,            1.01
309,        20100412,            1.01
310,        20100413,            1.01
311,        20100414,            1.02
312,        20100415,            1.01
313,        20100416,            0.97
314,        20100419,            1.00
315,        20100420,            1.01
316,        20100421,            0.99
317,        20100422,            1.00
318,        20100423,            1.00
319,        20100426,            1.00
320,        20100427,            0.97
321,        20100428,            1.00
322,        20100429,            1.03
323,        20100430,            0.98
324,        20100503,            1.01
325,        20100504,            0.98
326,        20100505,            0.98
327,        20100506,            0.96
328,        20100507,            0.99
329,        20100510,            1.03
330,        20100511,            1.01
331,        20100512,            1.01
332,        20100513,            0.99
333,        20100514,            0.99
334,        20100517,            1.01
335,        20100518,            0.98
336,        20100519,            0.99
337,        20100520,            0.96
338,        20100521,            1.01
339,        20100524,            0.98
340,        20100525,            1.00
341,        20100526,            0.99
342,        20100527,            1.03
343,        20100528,            1.00
344,        20100601,            0.98
345,        20100602,            1.02
346,        20100603,            1.01
347,        20100604,            0.96
348,        20100607,            0.98
349,        20100608,            1.02
350,        20100609,            1.01
351,        20100610,            1.03
352,        20100611,            1.02
353,        20100614,            1.03
354,        20100615,            1.01
355,        20100616,            1.00
356,        20100617,            1.00
357,        20100618,            1.00
358,        20100621,            1.00
359,        20100622,            0.99
360,        20100623,            1.00
361,        20100624,            0.99
362,        20100625,            1.01
363,        20100628,            1.00
364,        20100629,            0.98
365,        20100630,            0.99
366,        20100701,            0.99
367,        20100702,            1.00
368,        20100706,            1.00
369,        20100707,            1.02
370,        20100708,            1.00
371,        20100709,            1.01
372,        20100712,            0.98
373,        20100713,            1.03
374,        20100714,            0.99
375,        20100715,            1.00
376,        20100716,            0.98
377,        20100719,            1.00
378,        20100720,            1.01
379,        20100721,            0.98
380,        20100722,            1.03
381,        20100723,            1.01
382,        20100726,            1.01
383,        20100727,            1.00
384,        20100728,            0.99
385,        20100729,            1.00
386,        20100730,            1.01
387,        20100802,            1.02
388,        20100803,            1.00
389,        20100804,            1.00
390,        20100805,            1.01
391,        20100806,            0.99
392,        20100809,            1.00
393,        20100810,            1.00
394,        20100811,            0.98
395,        20100812,            1.00
396,        20100813,            0.99
397,        20100816,            0.99
398,        20100817,            1.02
399,        20100818,            1.00
400,        20100819,            0.97
401,        20100820,            1.00
402,        20100823,            1.01
403,        20100824,            0.99
404,        20100825,            1.00
405,        20100826,            1.00
406,        20100827,            1.03
407,        20100830,            0.99
408,        20100831,            1.00
409,        20100901,            1.03
410,        20100902,            1.00
411,        20100903,            1.01
412,        20100907,            0.98
413,        20100908,            1.00
414,        20100909,            1.00
415,        20100910,            1.00
416,        20100913,            1.00
417,        20100914,            1.00
418,        20100915,            1.01
419,        20100916,            0.99
420,        20100917,            1.01
421,        20100920,            1.01
422,        20100921,            0.99
423,        20100922,            0.98
424,        20100923,            0.98
425,        20100924,            1.04
426,        20100927,            0.99
427,        20100928,            1.01
428,        20100929,            1.00
429,        20100930,            1.00
430,        20101001,            0.99
431,        20101004,            0.99
432,        20101005,            1.02
433,        20101006,            0.99
434,        20101007,            0.99
435,        20101008,            1.01
436,        20101011,            1.01
437,        20101012,            1.00
438,        20101013,            1.01
439,        20101014,            1.00
440,        20101015,            1.00
441,        20101018,            1.02
442,        20101019,            1.00
443,        20101020,            1.02
444,        20101021,            1.02
445,        20101022,            1.00
446,        20101025,            1.00
447,        20101026,            0.99
448,        20101027,            1.02
449,        20101028,            1.00
450,        20101029,            0.99
451,        20101101,            1.01
452,        20101102,            1.00
453,        20101103,            1.01
454,        20101104,            1.03
455,        20101105,            1.00
456,        20101108,            1.00
457,        20101109,            0.97
458,        20101110,            1.00
459,        20101111,            1.00
460,        20101112,            1.01
461,        20101115,            1.00
462,        20101116,            0.98
463,        20101117,            1.00
464,        20101118,            1.01
465,        20101119,            1.00
466,        20101122,            1.00
467,        20101123,            0.99
468,        20101124,            1.01
469,        20101126,            1.00
470,        20101129,            1.00
471,        20101130,            1.00
472,        20101201,            1.03
473,        20101202,            1.02
474,        20101203,            0.99
475,        20101206,            1.01
476,        20101207,            1.01
477,        20101208,            1.00
478,        20101209,            1.01
479,        20101210,            1.00
480,        20101213,            0.99
481,        20101214,            1.01
482,        20101215,            1.00
483,        20101216,            1.00
484,        20101217,            1.01
485,        20101220,            1.00
486,        20101221,            1.00
487,        20101222,            1.01
488,        20101223,            1.00
489,        20101227,            1.00
490,        20101228,            1.00
491,        20101229,            1.00
492,        20101230,            1.00
493,        20101231,            1.00
494,        20110103,            1.00
495,        20110104,            1.01
496,        20110105,            1.00
497,        20110106,            0.98
498,        20110107,            0.99
