0,        20090116,            1.02
1,        20090120,            0.89
2,        20090121,            1.11
3,        20090122,            0.93
4,        20090123,            1.01
5,        20090126,            0.96
6,        20090127,            1.04
7,        20090128,            1.06
8,        20090129,            0.86
9,        20090130,            0.93
10,        20090202,            0.92
11,        20090203,            0.98
12,        20090204,            1.01
13,        20090205,            1.05
14,        20090206,            1.07
15,        20090209,            0.98
16,        20090210,            0.94
17,        20090211,            1.01
18,        20090212,            0.97
19,        20090213,            0.98
20,        20090217,            0.96
21,        20090218,            0.97
22,        20090219,            0.95
23,        20090220,            0.96
24,        20090223,            0.94
25,        20090224,            1.10
26,        20090225,            0.93
27,        20090226,            0.98
28,        20090227,            1.02
29,        20090302,            0.85
30,        20090303,            0.77
31,        20090304,            1.02
32,        20090305,            0.90
33,        20090306,            0.98
34,        20090309,            1.02
35,        20090310,            1.16
36,        20090311,            1.09
37,        20090312,            1.11
38,        20090313,            1.03
39,        20090316,            1.07
40,        20090317,            1.07
41,        20090318,            1.05
42,        20090319,            1.00
43,        20090320,            0.92
44,        20090323,            1.15
45,        20090324,            0.97
46,        20090325,            0.99
47,        20090326,            1.08
48,        20090327,            0.95
49,        20090330,            0.67
50,        20090331,            1.07
51,        20090401,            1.09
52,        20090402,            1.10
53,        20090403,            1.05
54,        20090406,            1.00
55,        20090407,            0.96
56,        20090408,            0.88
57,        20090409,            1.25
58,        20090413,            1.06
59,        20090414,            0.93
60,        20090415,            1.07
61,        20090416,            1.08
62,        20090417,            1.00
63,        20090420,            0.89
64,        20090421,            1.11
65,        20090422,            1.03
66,        20090423,            1.00
67,        20090424,            1.07
68,        20090427,            0.97
69,        20090428,            0.99
70,        20090429,            1.09
71,        20090430,            1.08
72,        20090501,            1.09
73,        20090504,            1.06
74,        20090505,            1.03
75,        20090506,            1.05
76,        20090507,            0.95
77,        20090508,            1.10
78,        20090511,            0.88
79,        20090512,            0.90
80,        20090513,            0.89
81,        20090514,            1.02
82,        20090515,            0.96
83,        20090518,            1.15
84,        20090519,            1.02
85,        20090520,            1.02
86,        20090521,            0.95
87,        20090522,            1.00
88,        20090526,            1.05
89,        20090527,            0.97
90,        20090528,            1.02
91,        20090529,            1.04
92,        20090601,            1.08
93,        20090602,            0.97
94,        20090603,            0.94
95,        20090604,            1.06
96,        20090605,            1.01
97,        20090608,            0.96
98,        20090609,            1.00
99,        20090610,            0.99
100,        20090611,            0.99
101,        20090612,            0.99
102,        20090615,            0.97
103,        20090616,            0.99
104,        20090617,            0.94
105,        20090618,            1.01
106,        20090619,            1.01
107,        20090622,            0.89
108,        20090623,            0.99
109,        20090624,            1.04
110,        20090625,            1.03
111,        20090626,            0.97
112,        20090629,            1.03
113,        20090630,            0.97
114,        20090701,            1.04
115,        20090702,            0.94
116,        20090706,            0.96
117,        20090707,            0.93
118,        20090708,            0.97
119,        20090709,            1.02
120,        20090710,            0.98
121,        20090713,            1.04
122,        20090714,            1.00
123,        20090715,            1.08
124,        20090716,            1.02
125,        20090717,            1.00
126,        20090720,            1.07
127,        20090721,            0.99
128,        20090722,            1.05
129,        20090723,            1.10
130,        20090724,            1.07
131,        20090727,            1.01
132,        20090728,            0.90
133,        20090729,            0.95
134,        20090730,            1.06
135,        20090731,            1.04
136,        20090803,            1.05
137,        20090804,            1.03
138,        20090805,            1.01
139,        20090806,            0.95
140,        20090807,            1.05
141,        20090810,            1.01
142,        20090811,            0.98
143,        20090812,            1.01
144,        20090813,            1.03
145,        20090814,            0.97
146,        20090817,            0.91
147,        20090818,            1.07
148,        20090819,            0.99
149,        20090820,            1.02
150,        20090821,            1.03
151,        20090824,            0.99
152,        20090825,            0.95
153,        20090826,            1.01
154,        20090827,            1.03
155,        20090828,            0.99
156,        20090831,            0.99
157,        20090901,            0.93
158,        20090902,            1.03
159,        20090903,            1.03
160,        20090904,            1.05
161,        20090908,            1.09
162,        20090909,            1.06
163,        20090910,            1.07
164,        20090911,            1.04
165,        20090914,            1.03
166,        20090915,            1.04
167,        20090916,            1.10
168,        20090917,            0.96
169,        20090918,            1.01
170,        20090921,            0.98
171,        20090922,            1.07
172,        20090923,            0.98
173,        20090924,            0.94
174,        20090925,            0.98
175,        20090928,            1.04
176,        20090929,            0.98
177,        20090930,            0.98
178,        20091001,            0.92
179,        20091002,            0.93
180,        20091005,            1.14
181,        20091006,            1.04
182,        20091007,            1.01
183,        20091008,            1.06
184,        20091009,            1.00
185,        20091012,            0.99
186,        20091013,            0.99
187,        20091014,            1.08
188,        20091015,            1.01
189,        20091016,            0.98
190,        20091019,            1.08
191,        20091020,            0.99
192,        20091021,            0.99
193,        20091022,            1.03
194,        20091023,            1.01
195,        20091026,            0.97
196,        20091027,            0.94
197,        20091028,            0.89
198,        20091029,            1.10
199,        20091030,            0.87
200,        20091102,            1.07
201,        20091103,            1.04
202,        20091104,            1.00
203,        20091105,            1.07
204,        20091106,            0.98
205,        20091109,            1.05
206,        20091110,            1.01
207,        20091111,            1.02
208,        20091112,            0.94
209,        20091113,            1.00
210,        20091116,            1.07
211,        20091117,            0.99
212,        20091118,            0.98
213,        20091119,            0.98
214,        20091120,            0.97
215,        20091123,            0.99
216,        20091124,            0.98
217,        20091125,            1.01
218,        20091127,            0.96
219,        20091130,            0.99
220,        20091201,            1.01
221,        20091202,            0.99
222,        20091203,            0.96
223,        20091204,            1.02
224,        20091207,            0.99
225,        20091208,            0.97
226,        20091209,            1.00
227,        20091210,            0.99
228,        20091211,            1.00
229,        20091214,            1.03
230,        20091215,            1.01
231,        20091216,            1.01
232,        20091217,            1.01
233,        20091218,            1.04
234,        20091221,            1.02
235,        20091222,            1.01
236,        20091223,            1.01
237,        20091224,            0.99
238,        20091228,            0.98
239,        20091229,            0.99
240,        20091230,            1.00
241,        20091231,            0.99
242,        20100104,            1.05
243,        20100105,            1.07
244,        20100106,            1.04
245,        20100107,            1.07
246,        20100108,            1.06
247,        20100111,            0.99
248,        20100112,            0.97
249,        20100113,            1.05
250,        20100114,            0.97
251,        20100115,            1.05
252,        20100119,            0.97
253,        20100120,            0.98
254,        20100121,            0.93
255,        20100122,            0.95
256,        20100125,            1.01
257,        20100126,            0.98
258,        20100127,            1.00
259,        20100128,            0.98
260,        20100129,            0.98
261,        20100201,            1.05
262,        20100202,            1.04
263,        20100203,            0.97
264,        20100204,            0.98
265,        20100205,            0.96
266,        20100208,            0.99
267,        20100209,            1.02
268,        20100210,            0.98
269,        20100211,            1.05
270,        20100212,            1.04
271,        20100216,            1.06
272,        20100217,            1.01
273,        20100218,            0.98
274,        20100219,            0.99
275,        20100222,            0.99
276,        20100223,            0.95
277,        20100224,            1.01
278,        20100225,            1.00
279,        20100226,            1.01
280,        20100301,            1.03
281,        20100302,            1.02
282,        20100303,            1.00
283,        20100304,            1.01
284,        20100305,            1.02
285,        20100308,            0.98
286,        20100309,            1.01
287,        20100310,            1.01
288,        20100311,            0.99
289,        20100312,            1.02
290,        20100315,            0.99
291,        20100316,            1.04
292,        20100317,            1.01
293,        20100318,            0.99
294,        20100319,            0.98
295,        20100322,            1.01
296,        20100323,            1.03
297,        20100324,            1.00
298,        20100325,            0.99
299,        20100326,            1.00
300,        20100329,            1.01
301,        20100330,            0.99
302,        20100331,            0.98
303,        20100401,            1.03
304,        20100405,            1.03
305,        20100406,            1.01
306,        20100407,            0.98
307,        20100408,            0.99
308,        20100409,            1.05
309,        20100412,            1.08
310,        20100413,            0.97
311,        20100414,            1.00
312,        20100415,            1.03
313,        20100416,            0.99
314,        20100419,            0.97
315,        20100420,            1.03
316,        20100421,            1.01
317,        20100422,            1.01
318,        20100423,            1.01
319,        20100426,            1.02
320,        20100427,            0.95
321,        20100428,            0.90
322,        20100429,            1.05
323,        20100430,            0.97
324,        20100503,            1.07
325,        20100504,            0.94
326,        20100505,            0.98
327,        20100506,            0.95
328,        20100507,            0.94
329,        20100510,            1.10
330,        20100511,            0.99
331,        20100512,            1.04
332,        20100513,            0.97
333,        20100514,            0.93
334,        20100517,            0.99
335,        20100518,            0.97
336,        20100519,            0.96
337,        20100520,            0.94
338,        20100521,            1.05
339,        20100524,            0.99
340,        20100525,            1.00
341,        20100526,            1.01
342,        20100527,            1.06
343,        20100528,            0.97
344,        20100601,            0.94
345,        20100602,            1.04
346,        20100603,            1.02
347,        20100604,            0.93
348,        20100607,            0.92
349,        20100608,            0.98
350,        20100609,            0.99
351,        20100610,            1.04
352,        20100611,            1.01
353,        20100614,            1.04
354,        20100615,            1.06
355,        20100616,            0.99
356,        20100617,            0.97
357,        20100618,            1.00
358,        20100621,            1.01
359,        20100622,            0.96
360,        20100623,            0.97
361,        20100624,            0.96
362,        20100625,            1.00
363,        20100628,            1.02
364,        20100629,            0.93
365,        20100630,            0.98
366,        20100701,            0.96
367,        20100702,            0.98
368,        20100706,            1.02
369,        20100707,            1.07
370,        20100708,            1.00
371,        20100709,            1.02
372,        20100712,            0.98
373,        20100713,            1.05
374,        20100714,            0.98
375,        20100715,            0.98
376,        20100716,            0.94
377,        20100719,            1.02
378,        20100720,            1.03
379,        20100721,            0.99
380,        20100722,            1.08
381,        20100723,            1.03
382,        20100726,            1.04
383,        20100727,            0.97
384,        20100728,            0.98
385,        20100729,            1.00
386,        20100730,            1.01
387,        20100802,            1.03
388,        20100803,            1.05
389,        20100804,            1.00
390,        20100805,            0.97
391,        20100806,            0.98
392,        20100809,            1.01
393,        20100810,            0.96
394,        20100811,            0.94
395,        20100812,            1.00
396,        20100813,            0.99
397,        20100816,            1.01
398,        20100817,            1.04
399,        20100818,            1.00
400,        20100819,            0.97
401,        20100820,            1.00
402,        20100823,            0.96
403,        20100824,            0.96
404,        20100825,            1.00
405,        20100826,            0.96
406,        20100827,            1.06
407,        20100830,            0.98
408,        20100831,            1.02
409,        20100901,            1.04
410,        20100902,            1.03
411,        20100903,            1.06
412,        20100907,            0.95
413,        20100908,            1.02
414,        20100909,            0.99
415,        20100910,            1.00
416,        20100913,            1.04
417,        20100914,            0.98
418,        20100915,            1.01
419,        20100916,            1.01
420,        20100917,            1.02
421,        20100920,            1.02
422,        20100921,            0.99
423,        20100922,            0.97
424,        20100923,            0.96
425,        20100924,            1.02
426,        20100927,            0.98
427,        20100928,            1.03
428,        20100929,            1.03
429,        20100930,            1.14
430,        20101001,            0.98
431,        20101004,            0.97
432,        20101005,            1.03
433,        20101006,            1.01
434,        20101007,            1.01
435,        20101008,            1.03
436,        20101011,            0.98
437,        20101012,            0.99
438,        20101013,            0.96
439,        20101014,            0.98
440,        20101015,            0.99
441,        20101018,            0.99
442,        20101019,            0.97
443,        20101020,            1.04
444,        20101021,            0.98
445,        20101022,            0.99
446,        20101025,            1.00
447,        20101026,            1.02
448,        20101027,            0.99
449,        20101028,            0.98
450,        20101029,            1.02
451,        20101101,            1.02
452,        20101102,            0.99
453,        20101103,            1.01
454,        20101104,            1.05
455,        20101105,            0.99
456,        20101108,            1.00
457,        20101109,            0.98
458,        20101110,            1.00
459,        20101111,            0.99
460,        20101112,            0.96
461,        20101115,            1.01
462,        20101116,            0.95
463,        20101117,            1.04
464,        20101118,            1.02
465,        20101119,            1.01
466,        20101122,            1.00
467,        20101123,            0.96
468,        20101124,            1.03
469,        20101126,            1.01
470,        20101129,            0.98
471,        20101130,            0.99
472,        20101201,            1.04
473,        20101202,            1.04
474,        20101203,            1.01
475,        20101206,            1.06
476,        20101207,            1.01
477,        20101208,            1.01
478,        20101209,            1.00
479,        20101210,            1.01
480,        20101213,            1.03
481,        20101214,            0.98
482,        20101215,            0.95
483,        20101216,            1.01
484,        20101217,            1.03
485,        20101220,            1.00
486,        20101221,            1.03
487,        20101222,            1.01
488,        20101223,            0.99
489,        20101227,            1.00
490,        20101228,            0.99
491,        20101229,            0.99
492,        20101230,            1.00
493,        20101231,            1.02
494,        20110103,            1.03
495,        20110104,            0.99
496,        20110105,            1.00
497,        20110106,            1.01
498,        20110107,            1.03
