0,        20090116,            1.03
1,        20090120,            0.89
2,        20090121,            1.13
3,        20090122,            0.98
4,        20090123,            0.98
5,        20090126,            1.01
6,        20090127,            1.01
7,        20090128,            1.10
8,        20090129,            0.89
9,        20090130,            0.98
10,        20090202,            1.04
11,        20090203,            0.94
12,        20090204,            0.63
13,        20090205,            0.82
14,        20090206,            1.06
15,        20090209,            1.06
16,        20090210,            0.96
17,        20090211,            0.92
18,        20090212,            0.97
19,        20090213,            0.93
20,        20090217,            0.89
21,        20090218,            0.94
22,        20090219,            1.07
23,        20090220,            0.94
24,        20090223,            0.95
25,        20090224,            1.05
26,        20090225,            0.88
27,        20090226,            0.95
28,        20090227,            0.99
29,        20090302,            0.81
30,        20090303,            0.90
31,        20090304,            1.12
32,        20090305,            0.91
33,        20090306,            1.25
34,        20090309,            1.03
35,        20090310,            1.15
36,        20090311,            0.94
37,        20090312,            1.17
38,        20090313,            1.02
39,        20090316,            0.95
40,        20090317,            1.21
41,        20090318,            0.96
42,        20090319,            0.93
43,        20090320,            0.89
44,        20090323,            1.13
45,        20090324,            0.94
46,        20090325,            1.06
47,        20090326,            1.15
48,        20090327,            1.10
49,        20090330,            0.94
50,        20090331,            1.03
51,        20090401,            1.01
52,        20090402,            1.15
53,        20090403,            1.00
54,        20090406,            0.98
55,        20090407,            0.90
56,        20090408,            1.07
57,        20090409,            1.10
58,        20090413,            1.02
59,        20090414,            0.90
60,        20090415,            1.02
61,        20090416,            1.04
62,        20090417,            0.95
63,        20090420,            0.95
64,        20090421,            1.06
65,        20090422,            1.03
66,        20090423,            0.98
67,        20090424,            1.07
68,        20090427,            0.95
69,        20090428,            0.99
70,        20090429,            1.07
71,        20090430,            1.04
72,        20090501,            1.11
73,        20090504,            1.06
74,        20090505,            1.01
75,        20090506,            0.94
76,        20090507,            0.90
77,        20090508,            1.03
78,        20090511,            0.96
79,        20090512,            0.97
80,        20090513,            0.90
81,        20090514,            1.00
82,        20090515,            0.96
83,        20090518,            1.10
84,        20090519,            0.99
85,        20090520,            1.03
86,        20090521,            0.93
87,        20090522,            0.98
88,        20090526,            1.04
89,        20090527,            0.95
90,        20090528,            1.00
91,        20090529,            1.02
92,        20090601,            1.09
93,        20090602,            1.03
94,        20090603,            0.96
95,        20090604,            1.04
96,        20090605,            0.99
97,        20090608,            0.97
98,        20090609,            1.02
99,        20090610,            1.03
100,        20090611,            1.05
101,        20090612,            1.00
102,        20090615,            0.95
103,        20090616,            1.00
104,        20090617,            1.03
105,        20090618,            0.94
106,        20090619,            0.96
107,        20090622,            0.93
108,        20090623,            0.99
109,        20090624,            1.01
110,        20090625,            1.08
111,        20090626,            1.02
112,        20090629,            1.00
113,        20090630,            0.96
114,        20090701,            0.96
115,        20090702,            0.92
116,        20090706,            0.89
117,        20090707,            0.92
118,        20090708,            0.98
119,        20090709,            1.06
120,        20090710,            1.02
121,        20090713,            1.05
122,        20090714,            1.03
123,        20090715,            1.15
124,        20090716,            1.03
125,        20090717,            0.97
126,        20090720,            1.05
127,        20090721,            0.96
128,        20090722,            1.02
129,        20090723,            1.07
130,        20090724,            1.03
131,        20090727,            0.99
132,        20090728,            0.99
133,        20090729,            0.96
134,        20090730,            1.03
135,        20090731,            0.98
136,        20090803,            0.97
137,        20090804,            1.15
138,        20090805,            0.93
139,        20090806,            0.98
140,        20090807,            1.00
141,        20090810,            1.02
142,        20090811,            0.96
143,        20090812,            1.01
144,        20090813,            1.02
145,        20090814,            1.00
146,        20090817,            0.92
147,        20090818,            1.03
148,        20090819,            1.00
149,        20090820,            1.12
150,        20090821,            1.13
151,        20090824,            0.97
152,        20090825,            1.04
153,        20090826,            1.01
154,        20090827,            0.98
155,        20090828,            1.00
156,        20090831,            0.97
157,        20090901,            0.99
158,        20090902,            0.98
159,        20090903,            1.00
160,        20090904,            1.00
161,        20090908,            1.00
162,        20090909,            1.08
163,        20090910,            1.00
164,        20090911,            1.02
165,        20090914,            0.96
166,        20090915,            0.95
167,        20090916,            1.08
168,        20090917,            1.00
169,        20090918,            1.13
170,        20090921,            1.00
171,        20090922,            0.99
172,        20090923,            1.01
173,        20090924,            0.96
174,        20090925,            0.98
175,        20090928,            1.03
176,        20090929,            1.00
177,        20090930,            1.01
178,        20091001,            0.95
179,        20091002,            0.96
180,        20091005,            1.01
181,        20091006,            1.06
182,        20091007,            0.96
183,        20091008,            1.00
184,        20091009,            1.06
185,        20091012,            0.97
186,        20091013,            0.99
187,        20091014,            1.05
188,        20091015,            1.00
189,        20091016,            0.97
190,        20091019,            1.03
191,        20091020,            1.02
192,        20091021,            0.99
193,        20091022,            1.03
194,        20091023,            0.94
195,        20091026,            0.94
196,        20091027,            0.97
197,        20091028,            0.89
198,        20091029,            1.07
199,        20091030,            0.95
200,        20091102,            0.98
201,        20091103,            1.05
202,        20091104,            1.08
203,        20091105,            1.02
204,        20091106,            0.96
205,        20091109,            1.02
206,        20091110,            0.97
207,        20091111,            0.98
208,        20091112,            0.95
209,        20091113,            1.01
210,        20091116,            1.04
211,        20091117,            0.93
212,        20091118,            1.05
213,        20091119,            0.97
214,        20091120,            1.04
215,        20091123,            1.03
216,        20091124,            1.04
217,        20091125,            1.04
218,        20091127,            0.99
219,        20091130,            0.98
220,        20091201,            1.00
221,        20091202,            1.03
222,        20091203,            0.97
223,        20091204,            1.04
224,        20091207,            0.99
225,        20091208,            0.96
226,        20091209,            1.02
227,        20091210,            0.99
228,        20091211,            1.02
229,        20091214,            1.02
230,        20091215,            0.98
231,        20091216,            1.00
232,        20091217,            1.00
233,        20091218,            1.01
234,        20091221,            0.99
235,        20091222,            1.04
236,        20091223,            1.03
237,        20091224,            1.02
238,        20091228,            0.97
239,        20091229,            1.00
240,        20091230,            0.96
241,        20091231,            1.00
242,        20100104,            1.05
243,        20100105,            0.99
244,        20100106,            1.00
245,        20100107,            1.05
246,        20100108,            1.01
247,        20100111,            1.01
248,        20100112,            0.97
249,        20100113,            1.00
250,        20100114,            0.99
251,        20100115,            0.95
252,        20100119,            1.04
253,        20100120,            0.94
254,        20100121,            0.97
255,        20100122,            0.99
256,        20100125,            1.01
257,        20100126,            0.96
258,        20100127,            1.00
259,        20100128,            0.97
260,        20100129,            0.97
261,        20100201,            1.00
262,        20100202,            1.04
263,        20100203,            1.14
264,        20100204,            0.94
265,        20100205,            1.00
266,        20100208,            0.98
267,        20100209,            1.03
268,        20100210,            0.99
269,        20100211,            1.02
270,        20100212,            1.02
271,        20100216,            0.94
272,        20100217,            1.01
273,        20100218,            1.00
274,        20100219,            1.00
275,        20100222,            0.95
276,        20100223,            0.96
277,        20100224,            1.02
278,        20100225,            1.00
279,        20100226,            0.99
280,        20100301,            1.04
281,        20100302,            0.99
282,        20100303,            0.98
283,        20100304,            1.03
284,        20100305,            1.02
285,        20100308,            0.99
286,        20100309,            0.99
287,        20100310,            0.99
288,        20100311,            1.01
289,        20100312,            0.96
290,        20100315,            1.00
291,        20100316,            1.02
292,        20100317,            1.03
293,        20100318,            1.01
294,        20100319,            0.98
295,        20100322,            1.02
296,        20100323,            1.01
297,        20100324,            1.01
298,        20100325,            0.99
299,        20100326,            0.98
300,        20100329,            1.03
301,        20100330,            1.00
302,        20100331,            0.97
303,        20100401,            1.01
304,        20100405,            1.04
305,        20100406,            0.99
306,        20100407,            1.00
307,        20100408,            0.99
308,        20100409,            1.01
309,        20100412,            1.00
310,        20100413,            0.96
311,        20100414,            1.04
312,        20100415,            0.99
313,        20100416,            1.03
314,        20100419,            1.01
315,        20100420,            1.04
316,        20100421,            0.99
317,        20100422,            1.04
318,        20100423,            1.07
319,        20100426,            0.98
320,        20100427,            0.97
321,        20100428,            1.00
322,        20100429,            1.03
323,        20100430,            0.98
324,        20100503,            1.02
325,        20100504,            0.93
326,        20100505,            0.97
327,        20100506,            0.94
328,        20100507,            0.94
329,        20100510,            1.08
330,        20100511,            1.00
331,        20100512,            1.03
332,        20100513,            1.01
333,        20100514,            0.96
334,        20100517,            0.98
335,        20100518,            0.98
336,        20100519,            0.95
337,        20100520,            0.94
338,        20100521,            1.05
339,        20100524,            0.95
340,        20100525,            0.99
341,        20100526,            1.02
342,        20100527,            1.06
343,        20100528,            0.96
344,        20100601,            0.95
345,        20100602,            1.02
346,        20100603,            1.00
347,        20100604,            0.93
348,        20100607,            0.91
349,        20100608,            0.98
350,        20100609,            1.02
351,        20100610,            1.07
352,        20100611,            1.03
353,        20100614,            1.02
354,        20100615,            1.09
355,        20100616,            0.98
356,        20100617,            1.00
357,        20100618,            0.98
358,        20100621,            1.03
359,        20100622,            0.95
360,        20100623,            1.00
361,        20100624,            1.00
362,        20100625,            0.98
363,        20100628,            1.01
364,        20100629,            0.94
365,        20100630,            0.97
366,        20100701,            1.05
367,        20100702,            0.98
368,        20100706,            0.95
369,        20100707,            1.07
370,        20100708,            1.02
371,        20100709,            1.00
372,        20100712,            0.98
373,        20100713,            1.04
374,        20100714,            0.97
375,        20100715,            0.97
376,        20100716,            0.95
377,        20100719,            1.01
378,        20100720,            1.04
379,        20100721,            0.98
380,        20100722,            1.03
381,        20100723,            1.03
382,        20100726,            1.03
383,        20100727,            0.98
384,        20100728,            0.97
385,        20100729,            0.99
386,        20100730,            0.99
387,        20100802,            1.02
388,        20100803,            1.00
389,        20100804,            0.90
390,        20100805,            0.91
391,        20100806,            0.99
392,        20100809,            0.98
393,        20100810,            0.92
394,        20100811,            0.93
395,        20100812,            0.97
396,        20100813,            1.03
397,        20100816,            1.05
398,        20100817,            1.03
399,        20100818,            1.01
400,        20100819,            0.94
401,        20100820,            1.04
402,        20100823,            0.95
403,        20100824,            0.90
404,        20100825,            0.97
405,        20100826,            0.99
406,        20100827,            1.04
407,        20100830,            0.95
408,        20100831,            1.04
409,        20100901,            1.09
410,        20100902,            1.03
411,        20100903,            1.04
412,        20100907,            0.94
413,        20100908,            1.01
414,        20100909,            1.00
415,        20100910,            1.03
416,        20100913,            1.04
417,        20100914,            0.98
418,        20100915,            0.99
419,        20100916,            0.99
420,        20100917,            1.12
421,        20100920,            0.99
422,        20100921,            1.00
423,        20100922,            0.95
424,        20100923,            0.99
425,        20100924,            1.06
426,        20100927,            1.01
427,        20100928,            1.03
428,        20100929,            0.98
429,        20100930,            1.01
430,        20101001,            1.01
431,        20101004,            0.99
432,        20101005,            1.05
433,        20101006,            0.99
434,        20101007,            0.99
435,        20101008,            1.02
436,        20101011,            1.02
437,        20101012,            1.01
438,        20101013,            1.00
439,        20101014,            0.97
440,        20101015,            1.00
441,        20101018,            0.96
442,        20101019,            0.94
443,        20101020,            1.03
444,        20101021,            1.03
445,        20101022,            1.01
446,        20101025,            0.99
447,        20101026,            0.99
448,        20101027,            0.99
449,        20101028,            0.99
450,        20101029,            1.03
451,        20101101,            0.97
452,        20101102,            1.01
453,        20101103,            1.06
454,        20101104,            1.08
455,        20101105,            0.98
456,        20101108,            1.01
457,        20101109,            0.97
458,        20101110,            1.01
459,        20101111,            0.99
460,        20101112,            0.98
461,        20101115,            1.08
462,        20101116,            0.97
463,        20101117,            1.00
464,        20101118,            1.01
465,        20101119,            1.02
466,        20101122,            0.99
467,        20101123,            0.99
468,        20101124,            1.04
469,        20101126,            0.99
470,        20101129,            0.99
471,        20101130,            1.00
472,        20101201,            1.01
473,        20101202,            1.06
474,        20101203,            0.99
475,        20101206,            0.99
476,        20101207,            1.00
477,        20101208,            1.03
478,        20101209,            1.01
479,        20101210,            1.05
480,        20101213,            1.00
481,        20101214,            0.98
482,        20101215,            0.99
483,        20101216,            1.01
484,        20101217,            1.01
485,        20101220,            1.05
486,        20101221,            1.02
487,        20101222,            1.00
488,        20101223,            1.05
489,        20101227,            0.98
490,        20101228,            0.97
491,        20101229,            0.99
492,        20101230,            1.01
493,        20101231,            1.00
494,        20110103,            1.03
495,        20110104,            1.01
496,        20110105,            1.01
497,        20110106,            0.98
498,        20110107,            1.05
