0,        20090116,            0.99
1,        20090120,            0.95
2,        20090121,            1.03
3,        20090122,            1.00
4,        20090123,            0.99
5,        20090126,            0.99
6,        20090127,            1.15
7,        20090128,            1.04
8,        20090129,            1.02
9,        20090130,            0.98
10,        20090202,            1.02
11,        20090203,            0.99
12,        20090204,            1.00
13,        20090205,            1.02
14,        20090206,            0.99
15,        20090209,            1.00
16,        20090210,            0.98
17,        20090211,            1.00
18,        20090212,            1.05
19,        20090213,            1.02
20,        20090217,            0.97
21,        20090218,            0.99
22,        20090219,            1.00
23,        20090220,            0.99
24,        20090223,            0.97
25,        20090224,            1.01
26,        20090225,            0.99
27,        20090226,            1.00
28,        20090227,            1.01
29,        20090302,            0.95
30,        20090303,            1.06
31,        20090304,            1.04
32,        20090305,            1.01
33,        20090306,            1.01
34,        20090309,            1.01
35,        20090310,            1.00
36,        20090311,            0.97
37,        20090312,            1.07
38,        20090313,            0.99
39,        20090316,            0.98
40,        20090317,            1.06
41,        20090318,            1.02
42,        20090319,            1.00
43,        20090320,            1.00
44,        20090323,            1.04
45,        20090324,            1.00
46,        20090325,            0.96
47,        20090326,            1.00
48,        20090327,            0.95
49,        20090330,            1.06
50,        20090331,            1.02
51,        20090401,            1.00
52,        20090402,            1.01
53,        20090403,            1.00
54,        20090406,            1.03
55,        20090407,            0.98
56,        20090408,            1.01
57,        20090409,            1.06
58,        20090413,            1.05
59,        20090414,            0.97
60,        20090415,            0.97
61,        20090416,            1.04
62,        20090417,            1.01
63,        20090420,            1.02
64,        20090421,            0.94
65,        20090422,            0.98
66,        20090423,            0.99
67,        20090424,            0.94
68,        20090427,            1.09
69,        20090428,            1.00
70,        20090429,            0.98
71,        20090430,            1.00
72,        20090501,            0.98
73,        20090504,            1.01
74,        20090505,            1.00
75,        20090506,            0.95
76,        20090507,            0.93
77,        20090508,            1.01
78,        20090511,            0.98
79,        20090512,            1.02
80,        20090513,            0.93
81,        20090514,            0.98
82,        20090515,            1.04
83,        20090518,            1.01
84,        20090519,            1.02
85,        20090520,            1.02
86,        20090521,            0.97
87,        20090522,            0.99
88,        20090526,            1.03
89,        20090527,            0.97
90,        20090528,            0.99
91,        20090529,            1.02
92,        20090601,            1.04
93,        20090602,            1.01
94,        20090603,            0.98
95,        20090604,            1.01
96,        20090605,            0.96
97,        20090608,            0.99
98,        20090609,            1.01
99,        20090610,            0.97
100,        20090611,            1.00
101,        20090612,            1.00
102,        20090615,            1.01
103,        20090616,            0.99
104,        20090617,            1.07
105,        20090618,            1.02
106,        20090619,            1.01
107,        20090622,            0.97
108,        20090623,            0.98
109,        20090624,            1.00
110,        20090625,            1.04
111,        20090626,            0.98
112,        20090629,            1.02
113,        20090630,            1.00
114,        20090701,            0.98
115,        20090702,            0.98
116,        20090706,            1.00
117,        20090707,            0.98
118,        20090708,            1.00
119,        20090709,            1.03
120,        20090710,            1.00
121,        20090713,            1.05
122,        20090714,            1.03
123,        20090715,            1.03
124,        20090716,            0.99
125,        20090717,            1.00
126,        20090720,            1.02
127,        20090721,            1.00
128,        20090722,            1.01
129,        20090723,            1.03
130,        20090724,            0.91
131,        20090727,            0.99
132,        20090728,            1.02
133,        20090729,            1.01
134,        20090730,            1.02
135,        20090731,            1.01
136,        20090803,            1.02
137,        20090804,            0.98
138,        20090805,            1.00
139,        20090806,            0.98
140,        20090807,            1.03
141,        20090810,            1.02
142,        20090811,            1.01
143,        20090812,            1.00
144,        20090813,            1.00
145,        20090814,            0.96
146,        20090817,            0.97
147,        20090818,            1.01
148,        20090819,            1.03
149,        20090820,            1.00
150,        20090821,            1.00
151,        20090824,            0.98
152,        20090825,            1.00
153,        20090826,            0.99
154,        20090827,            0.99
155,        20090828,            1.01
156,        20090831,            0.99
157,        20090901,            0.97
158,        20090902,            0.99
159,        20090903,            0.96
160,        20090904,            1.02
161,        20090908,            1.01
162,        20090909,            1.04
163,        20090910,            1.01
164,        20090911,            0.98
165,        20090914,            1.01
166,        20090915,            1.04
167,        20090916,            1.04
168,        20090917,            0.99
169,        20090918,            1.02
170,        20090921,            1.00
171,        20090922,            1.00
172,        20090923,            0.98
173,        20090924,            1.00
174,        20090925,            0.99
175,        20090928,            0.99
176,        20090929,            1.01
177,        20090930,            1.00
178,        20091001,            0.97
179,        20091002,            1.00
180,        20091005,            1.02
181,        20091006,            1.02
182,        20091007,            1.00
183,        20091008,            1.00
184,        20091009,            1.02
185,        20091012,            0.98
186,        20091013,            1.01
187,        20091014,            1.03
188,        20091015,            1.05
189,        20091016,            0.97
190,        20091019,            1.02
191,        20091020,            0.98
192,        20091021,            0.98
193,        20091022,            1.04
194,        20091023,            1.11
195,        20091026,            1.01
196,        20091027,            0.98
197,        20091028,            0.99
198,        20091029,            1.03
199,        20091030,            0.97
200,        20091102,            1.01
201,        20091103,            1.00
202,        20091104,            1.01
203,        20091105,            1.04
204,        20091106,            0.99
205,        20091109,            1.02
206,        20091110,            1.02
207,        20091111,            1.02
208,        20091112,            0.98
209,        20091113,            1.02
210,        20091116,            1.00
211,        20091117,            1.02
212,        20091118,            1.01
213,        20091119,            0.99
214,        20091120,            1.00
215,        20091123,            1.01
216,        20091124,            0.99
217,        20091125,            0.99
218,        20091127,            0.98
219,        20091130,            1.01
220,        20091201,            0.99
221,        20091202,            1.01
222,        20091203,            0.98
223,        20091204,            0.97
224,        20091207,            0.99
225,        20091208,            1.00
226,        20091209,            1.00
227,        20091210,            1.01
228,        20091211,            0.98
229,        20091214,            1.01
230,        20091215,            1.01
231,        20091216,            0.97
232,        20091217,            0.98
233,        20091218,            0.99
234,        20091221,            1.01
235,        20091222,            0.99
236,        20091223,            1.06
237,        20091224,            1.00
238,        20091228,            1.01
239,        20091229,            0.99
240,        20091230,            0.98
241,        20091231,            0.99
242,        20100104,            0.97
243,        20100105,            0.96
244,        20100106,            1.04
245,        20100107,            0.98
246,        20100108,            1.02
247,        20100111,            1.00
248,        20100112,            0.98
249,        20100113,            1.03
250,        20100114,            0.94
251,        20100115,            1.00
252,        20100119,            1.00
253,        20100120,            1.00
254,        20100121,            1.00
255,        20100122,            0.99
256,        20100125,            0.97
257,        20100126,            1.02
258,        20100127,            1.02
259,        20100128,            1.24
260,        20100129,            0.99
261,        20100201,            0.98
262,        20100202,            1.01
263,        20100203,            1.00
264,        20100204,            0.97
265,        20100205,            1.01
266,        20100208,            1.00
267,        20100209,            1.02
268,        20100210,            0.99
269,        20100211,            1.03
270,        20100212,            1.00
271,        20100216,            1.03
272,        20100217,            0.99
273,        20100218,            1.02
274,        20100219,            1.01
275,        20100222,            0.98
276,        20100223,            0.99
277,        20100224,            1.01
278,        20100225,            1.01
279,        20100226,            1.01
280,        20100301,            1.06
281,        20100302,            0.99
282,        20100303,            0.98
283,        20100304,            1.01
284,        20100305,            0.99
285,        20100308,            1.02
286,        20100309,            1.02
287,        20100310,            1.02
288,        20100311,            1.00
289,        20100312,            0.98
290,        20100315,            0.99
291,        20100316,            1.01
292,        20100317,            1.00
293,        20100318,            0.99
294,        20100319,            1.00
295,        20100322,            1.03
296,        20100323,            1.00
297,        20100324,            0.99
298,        20100325,            1.02
299,        20100326,            1.01
300,        20100329,            0.99
301,        20100330,            1.02
302,        20100331,            0.98
303,        20100401,            1.02
304,        20100405,            1.07
305,        20100406,            1.04
306,        20100407,            0.96
307,        20100408,            1.03
308,        20100409,            1.01
309,        20100412,            1.01
310,        20100413,            1.04
311,        20100414,            1.01
312,        20100415,            0.99
313,        20100416,            0.98
314,        20100419,            0.99
315,        20100420,            1.03
316,        20100421,            1.00
317,        20100422,            1.15
318,        20100423,            0.99
319,        20100426,            1.08
320,        20100427,            0.94
321,        20100428,            0.97
322,        20100429,            1.04
323,        20100430,            0.96
324,        20100503,            1.03
325,        20100504,            0.97
326,        20100505,            0.99
327,        20100506,            0.99
328,        20100507,            0.94
329,        20100510,            1.07
330,        20100511,            1.02
331,        20100512,            1.08
332,        20100513,            1.02
333,        20100514,            0.91
334,        20100517,            1.06
335,        20100518,            0.96
336,        20100519,            0.99
337,        20100520,            0.94
338,        20100521,            1.05
339,        20100524,            1.02
340,        20100525,            1.03
341,        20100526,            1.00
342,        20100527,            1.04
343,        20100528,            1.02
344,        20100601,            0.97
345,        20100602,            1.03
346,        20100603,            1.01
347,        20100604,            0.98
348,        20100607,            0.99
349,        20100608,            1.01
350,        20100609,            1.05
351,        20100610,            1.03
352,        20100611,            1.02
353,        20100614,            1.05
354,        20100615,            0.97
355,        20100616,            1.01
356,        20100617,            1.01
357,        20100618,            1.00
358,        20100621,            0.94
359,        20100622,            0.98
360,        20100623,            1.01
361,        20100624,            0.98
362,        20100625,            1.02
363,        20100628,            1.00
364,        20100629,            0.96
365,        20100630,            0.97
366,        20100701,            1.01
367,        20100702,            0.98
368,        20100706,            1.00
369,        20100707,            1.10
370,        20100708,            0.99
371,        20100709,            1.00
372,        20100712,            1.02
373,        20100713,            1.01
374,        20100714,            1.02
375,        20100715,            0.98
376,        20100716,            0.98
377,        20100719,            1.00
378,        20100720,            1.01
379,        20100721,            0.99
380,        20100722,            0.87
381,        20100723,            1.04
382,        20100726,            0.95
383,        20100727,            1.01
384,        20100728,            0.96
385,        20100729,            0.98
386,        20100730,            1.05
387,        20100802,            0.99
388,        20100803,            1.02
389,        20100804,            1.04
390,        20100805,            1.02
391,        20100806,            1.07
392,        20100809,            0.99
393,        20100810,            1.07
394,        20100811,            1.01
395,        20100812,            1.05
396,        20100813,            0.99
397,        20100816,            1.04
398,        20100817,            0.97
399,        20100818,            0.95
400,        20100819,            1.02
401,        20100820,            1.01
402,        20100823,            0.98
403,        20100824,            0.96
404,        20100825,            1.02
405,        20100826,            1.01
406,        20100827,            1.00
407,        20100830,            0.98
408,        20100831,            1.02
409,        20100901,            1.07
410,        20100902,            1.02
411,        20100903,            1.00
412,        20100907,            1.02
413,        20100908,            1.03
414,        20100909,            1.00
415,        20100910,            1.00
416,        20100913,            1.01
417,        20100914,            0.99
418,        20100915,            0.98
419,        20100916,            0.98
420,        20100917,            1.00
421,        20100920,            1.02
422,        20100921,            1.03
423,        20100922,            1.07
424,        20100923,            1.02
425,        20100924,            1.01
426,        20100927,            1.02
427,        20100928,            0.98
428,        20100929,            1.05
429,        20100930,            0.95
430,        20101001,            0.95
431,        20101004,            1.01
432,        20101005,            1.00
433,        20101006,            0.96
434,        20101007,            1.01
435,        20101008,            0.99
436,        20101011,            1.03
437,        20101012,            1.01
438,        20101013,            0.99
439,        20101014,            0.99
440,        20101015,            1.02
441,        20101018,            0.98
442,        20101019,            0.98
443,        20101020,            1.03
444,        20101021,            1.13
445,        20101022,            0.97
446,        20101025,            0.99
447,        20101026,            1.06
448,        20101027,            1.00
449,        20101028,            0.98
450,        20101029,            0.99
451,        20101101,            0.96
452,        20101102,            1.03
453,        20101103,            1.00
454,        20101104,            0.98
455,        20101105,            1.00
456,        20101108,            1.01
457,        20101109,            1.01
458,        20101110,            1.04
459,        20101111,            0.99
460,        20101112,            0.99
461,        20101115,            0.97
462,        20101116,            0.98
463,        20101117,            1.01
464,        20101118,            1.01
465,        20101119,            1.03
466,        20101122,            1.09
467,        20101123,            1.00
468,        20101124,            1.01
469,        20101126,            1.02
470,        20101129,            1.04
471,        20101130,            1.04
472,        20101201,            0.97
473,        20101202,            0.97
474,        20101203,            0.96
475,        20101206,            1.04
476,        20101207,            0.98
477,        20101208,            0.99
478,        20101209,            1.01
479,        20101210,            1.02
480,        20101213,            0.94
481,        20101214,            0.97
482,        20101215,            1.00
483,        20101216,            1.02
484,        20101217,            0.99
485,        20101220,            0.99
486,        20101221,            1.05
487,        20101222,            1.00
488,        20101223,            1.00
489,        20101227,            0.98
490,        20101228,            1.02
491,        20101229,            0.98
492,        20101230,            1.00
493,        20101231,            0.98
494,        20110103,            1.02
495,        20110104,            1.02
496,        20110105,            0.99
497,        20110106,            0.99
498,        20110107,            1.01
