0,        20090116,            1.04
1,        20090120,            0.94
2,        20090121,            0.99
3,        20090122,            0.96
4,        20090123,            1.00
5,        20090126,            1.02
6,        20090127,            1.03
7,        20090128,            1.11
8,        20090129,            0.92
9,        20090130,            0.90
10,        20090202,            0.94
11,        20090203,            1.03
12,        20090204,            0.99
13,        20090205,            0.99
14,        20090206,            1.05
15,        20090209,            0.98
16,        20090210,            0.92
17,        20090211,            0.96
18,        20090212,            1.00
19,        20090213,            0.94
20,        20090217,            0.93
21,        20090218,            1.01
22,        20090219,            1.01
23,        20090220,            1.02
24,        20090223,            0.88
25,        20090224,            1.03
26,        20090225,            0.98
27,        20090226,            1.01
28,        20090227,            0.98
29,        20090302,            0.89
30,        20090303,            0.84
31,        20090304,            0.98
32,        20090305,            0.84
33,        20090306,            0.88
34,        20090309,            0.94
35,        20090310,            1.08
36,        20090311,            1.05
37,        20090312,            1.06
38,        20090313,            1.09
39,        20090316,            1.00
40,        20090317,            1.01
41,        20090318,            1.02
42,        20090319,            1.05
43,        20090320,            0.97
44,        20090323,            1.10
45,        20090324,            1.05
46,        20090325,            1.07
47,        20090326,            1.15
48,        20090327,            0.92
49,        20090330,            0.91
50,        20090331,            0.97
51,        20090401,            1.05
52,        20090402,            1.06
53,        20090403,            0.95
54,        20090406,            0.98
55,        20090407,            0.93
56,        20090408,            1.14
57,        20090409,            1.30
58,        20090413,            1.18
59,        20090414,            0.96
60,        20090415,            0.99
61,        20090416,            1.11
62,        20090417,            1.03
63,        20090420,            0.87
64,        20090421,            1.08
65,        20090422,            1.18
66,        20090423,            0.98
67,        20090424,            1.00
68,        20090427,            0.96
69,        20090428,            1.03
70,        20090429,            0.98
71,        20090430,            1.24
72,        20090501,            0.99
73,        20090504,            1.10
74,        20090505,            0.99
75,        20090506,            0.97
76,        20090507,            0.98
77,        20090508,            1.09
78,        20090511,            0.95
79,        20090512,            0.95
80,        20090513,            0.88
81,        20090514,            1.07
82,        20090515,            0.98
83,        20090518,            1.09
84,        20090519,            1.02
85,        20090520,            0.98
86,        20090521,            0.93
87,        20090522,            1.02
88,        20090526,            1.13
89,        20090527,            1.01
90,        20090528,            0.98
91,        20090529,            1.03
92,        20090601,            1.08
93,        20090602,            1.05
94,        20090603,            0.91
95,        20090604,            1.00
96,        20090605,            0.99
97,        20090608,            0.96
98,        20090609,            1.03
99,        20090610,            0.93
100,        20090611,            1.02
101,        20090612,            0.97
102,        20090615,            0.93
103,        20090616,            0.94
104,        20090617,            0.98
105,        20090618,            0.96
106,        20090619,            0.96
107,        20090622,            0.90
108,        20090623,            1.01
109,        20090624,            1.03
110,        20090625,            1.08
111,        20090626,            1.07
112,        20090629,            0.96
113,        20090630,            0.99
114,        20090701,            1.02
115,        20090702,            0.89
116,        20090706,            0.97
117,        20090707,            0.95
118,        20090708,            1.01
119,        20090709,            1.09
120,        20090710,            0.99
121,        20090713,            1.04
122,        20090714,            1.06
123,        20090715,            1.05
124,        20090716,            1.01
125,        20090717,            1.01
126,        20090720,            1.05
127,        20090721,            0.98
128,        20090722,            1.01
129,        20090723,            1.10
130,        20090724,            1.00
131,        20090727,            0.99
132,        20090728,            0.97
133,        20090729,            0.97
134,        20090730,            1.15
135,        20090731,            1.13
136,        20090803,            1.07
137,        20090804,            1.03
138,        20090805,            0.98
139,        20090806,            0.99
140,        20090807,            1.09
141,        20090810,            0.97
142,        20090811,            0.98
143,        20090812,            1.03
144,        20090813,            0.99
145,        20090814,            0.95
146,        20090817,            0.95
147,        20090818,            1.04
148,        20090819,            1.01
149,        20090820,            1.04
150,        20090821,            1.04
151,        20090824,            0.98
152,        20090825,            1.04
153,        20090826,            0.99
154,        20090827,            1.02
155,        20090828,            1.02
156,        20090831,            0.98
157,        20090901,            0.93
158,        20090902,            1.03
159,        20090903,            1.05
160,        20090904,            1.03
161,        20090908,            1.04
162,        20090909,            1.05
163,        20090910,            1.03
164,        20090911,            0.96
165,        20090914,            0.99
166,        20090915,            1.04
167,        20090916,            1.04
168,        20090917,            0.99
169,        20090918,            1.03
170,        20090921,            0.96
171,        20090922,            0.99
172,        20090923,            1.00
173,        20090924,            0.97
174,        20090925,            0.98
175,        20090928,            1.06
176,        20090929,            0.99
177,        20090930,            0.96
178,        20091001,            0.98
179,        20091002,            0.99
180,        20091005,            1.06
181,        20091006,            1.02
182,        20091007,            0.98
183,        20091008,            1.01
184,        20091009,            1.04
185,        20091012,            1.03
186,        20091013,            1.00
187,        20091014,            1.01
188,        20091015,            0.97
189,        20091016,            0.96
190,        20091019,            1.01
191,        20091020,            0.96
192,        20091021,            0.97
193,        20091022,            1.05
194,        20091023,            0.90
195,        20091026,            0.99
196,        20091027,            0.96
197,        20091028,            0.92
198,        20091029,            1.07
199,        20091030,            1.05
200,        20091102,            1.01
201,        20091103,            1.01
202,        20091104,            1.00
203,        20091105,            1.00
204,        20091106,            1.01
205,        20091109,            1.06
206,        20091110,            1.00
207,        20091111,            0.98
208,        20091112,            0.96
209,        20091113,            1.04
210,        20091116,            1.04
211,        20091117,            0.95
212,        20091118,            0.98
213,        20091119,            0.96
214,        20091120,            1.01
215,        20091123,            1.01
216,        20091124,            0.97
217,        20091125,            1.03
218,        20091127,            0.97
219,        20091130,            0.96
220,        20091201,            1.08
221,        20091202,            1.00
222,        20091203,            0.96
223,        20091204,            1.16
224,        20091207,            1.03
225,        20091208,            0.99
226,        20091209,            0.97
227,        20091210,            1.02
228,        20091211,            1.03
229,        20091214,            1.02
230,        20091215,            0.99
231,        20091216,            1.01
232,        20091217,            0.98
233,        20091218,            0.99
234,        20091221,            1.02
235,        20091222,            1.03
236,        20091223,            1.01
237,        20091224,            0.99
238,        20091228,            0.98
239,        20091229,            0.99
240,        20091230,            0.98
241,        20091231,            0.98
242,        20100104,            1.06
243,        20100105,            1.00
244,        20100106,            1.00
245,        20100107,            1.01
246,        20100108,            0.97
247,        20100111,            1.02
248,        20100112,            1.00
249,        20100113,            1.04
250,        20100114,            0.98
251,        20100115,            1.07
252,        20100119,            1.01
253,        20100120,            0.97
254,        20100121,            0.97
255,        20100122,            0.97
256,        20100125,            1.00
257,        20100126,            1.00
258,        20100127,            1.02
259,        20100128,            0.96
260,        20100129,            0.96
261,        20100201,            1.06
262,        20100202,            1.06
263,        20100203,            0.99
264,        20100204,            0.94
265,        20100205,            1.03
266,        20100208,            0.96
267,        20100209,            1.04
268,        20100210,            1.01
269,        20100211,            1.03
270,        20100212,            1.02
271,        20100216,            1.00
272,        20100217,            1.02
273,        20100218,            0.99
274,        20100219,            0.99
275,        20100222,            1.05
276,        20100223,            1.01
277,        20100224,            1.01
278,        20100225,            1.01
279,        20100226,            1.00
280,        20100301,            1.04
281,        20100302,            0.98
282,        20100303,            0.98
283,        20100304,            1.01
284,        20100305,            1.01
285,        20100308,            1.00
286,        20100309,            1.00
287,        20100310,            1.01
288,        20100311,            1.00
289,        20100312,            1.02
290,        20100315,            0.99
291,        20100316,            1.01
292,        20100317,            1.00
293,        20100318,            1.01
294,        20100319,            0.97
295,        20100322,            1.00
296,        20100323,            1.03
297,        20100324,            0.96
298,        20100325,            0.99
299,        20100326,            1.02
300,        20100329,            1.01
301,        20100330,            0.99
302,        20100331,            0.97
303,        20100401,            0.99
304,        20100405,            1.01
305,        20100406,            1.02
306,        20100407,            0.96
307,        20100408,            1.02
308,        20100409,            1.02
309,        20100412,            1.00
310,        20100413,            0.99
311,        20100414,            1.03
312,        20100415,            0.97
313,        20100416,            0.95
314,        20100419,            0.97
315,        20100420,            1.01
316,        20100421,            1.03
317,        20100422,            1.01
318,        20100423,            1.04
319,        20100426,            1.05
320,        20100427,            0.93
321,        20100428,            1.00
322,        20100429,            1.12
323,        20100430,            1.04
324,        20100503,            1.01
325,        20100504,            0.97
326,        20100505,            0.98
327,        20100506,            0.97
328,        20100507,            0.95
329,        20100510,            1.11
330,        20100511,            1.00
331,        20100512,            1.06
332,        20100513,            0.94
333,        20100514,            0.97
334,        20100517,            1.02
335,        20100518,            0.94
336,        20100519,            1.00
337,        20100520,            0.94
338,        20100521,            1.01
339,        20100524,            1.01
340,        20100525,            1.00
341,        20100526,            0.98
342,        20100527,            1.09
343,        20100528,            1.03
344,        20100601,            0.98
345,        20100602,            1.01
346,        20100603,            1.03
347,        20100604,            0.89
348,        20100607,            0.94
349,        20100608,            1.02
350,        20100609,            1.01
351,        20100610,            1.04
352,        20100611,            1.01
353,        20100614,            1.01
354,        20100615,            1.05
355,        20100616,            0.98
356,        20100617,            0.98
357,        20100618,            0.97
358,        20100621,            0.96
359,        20100622,            0.96
360,        20100623,            1.01
361,        20100624,            0.97
362,        20100625,            1.00
363,        20100628,            0.97
364,        20100629,            0.94
365,        20100630,            0.96
366,        20100701,            1.06
367,        20100702,            0.97
368,        20100706,            0.92
369,        20100707,            1.05
370,        20100708,            0.98
371,        20100709,            1.03
372,        20100712,            0.97
373,        20100713,            1.05
374,        20100714,            0.97
375,        20100715,            1.00
376,        20100716,            0.94
377,        20100719,            1.02
378,        20100720,            1.02
379,        20100721,            0.99
380,        20100722,            1.07
381,        20100723,            1.05
382,        20100726,            1.02
383,        20100727,            0.98
384,        20100728,            1.00
385,        20100729,            0.99
386,        20100730,            1.01
387,        20100802,            1.04
388,        20100803,            0.87
389,        20100804,            1.01
390,        20100805,            0.98
391,        20100806,            0.98
392,        20100809,            1.02
393,        20100810,            0.95
394,        20100811,            0.93
395,        20100812,            1.00
396,        20100813,            0.98
397,        20100816,            1.00
398,        20100817,            1.04
399,        20100818,            1.05
400,        20100819,            0.95
401,        20100820,            0.97
402,        20100823,            0.96
403,        20100824,            0.97
404,        20100825,            1.01
405,        20100826,            1.01
406,        20100827,            1.00
407,        20100830,            0.95
408,        20100831,            0.98
409,        20100901,            1.10
410,        20100902,            1.06
411,        20100903,            1.08
412,        20100907,            0.96
413,        20100908,            1.00
414,        20100909,            0.98
415,        20100910,            1.01
416,        20100913,            1.05
417,        20100914,            1.03
418,        20100915,            1.02
419,        20100916,            0.99
420,        20100917,            0.98
421,        20100920,            1.03
422,        20100921,            1.00
423,        20100922,            0.97
424,        20100923,            1.04
425,        20100924,            1.04
426,        20100927,            0.99
427,        20100928,            0.99
428,        20100929,            0.99
429,        20100930,            1.01
430,        20101001,            1.06
431,        20101004,            0.98
432,        20101005,            1.00
433,        20101006,            1.00
434,        20101007,            1.01
435,        20101008,            1.04
436,        20101011,            1.00
437,        20101012,            1.09
438,        20101013,            1.02
439,        20101014,            0.95
440,        20101015,            1.02
441,        20101018,            1.00
442,        20101019,            0.95
443,        20101020,            1.03
444,        20101021,            1.00
445,        20101022,            1.01
446,        20101025,            1.02
447,        20101026,            0.99
448,        20101027,            0.97
449,        20101028,            1.15
450,        20101029,            1.04
451,        20101101,            0.97
452,        20101102,            1.02
453,        20101103,            0.96
454,        20101104,            1.05
455,        20101105,            1.03
456,        20101108,            0.99
457,        20101109,            0.97
458,        20101110,            0.99
459,        20101111,            1.01
460,        20101112,            0.96
461,        20101115,            0.99
462,        20101116,            0.99
463,        20101117,            1.02
464,        20101118,            1.02
465,        20101119,            0.99
466,        20101122,            0.98
467,        20101123,            1.01
468,        20101124,            1.06
469,        20101126,            0.99
470,        20101129,            0.98
471,        20101130,            0.98
472,        20101201,            1.05
473,        20101202,            1.04
474,        20101203,            1.00
475,        20101206,            1.01
476,        20101207,            0.99
477,        20101208,            0.98
478,        20101209,            1.00
479,        20101210,            1.00
480,        20101213,            0.98
481,        20101214,            0.96
482,        20101215,            0.99
483,        20101216,            1.02
484,        20101217,            1.02
485,        20101220,            1.01
486,        20101221,            1.01
487,        20101222,            1.01
488,        20101223,            1.00
489,        20101227,            1.01
490,        20101228,            0.99
491,        20101229,            1.00
492,        20101230,            1.00
493,        20101231,            0.99
494,        20110103,            1.05
495,        20110104,            0.98
496,        20110105,            1.01
497,        20110106,            0.96
498,        20110107,            0.99
