0,        20090116,            1.03
1,        20090120,            0.94
2,        20090121,            1.08
3,        20090122,            0.91
4,        20090123,            1.01
5,        20090126,            1.03
6,        20090127,            0.99
7,        20090128,            1.05
8,        20090129,            0.96
9,        20090130,            0.91
10,        20090202,            1.05
11,        20090203,            1.02
12,        20090204,            0.98
13,        20090205,            1.01
14,        20090206,            1.02
15,        20090209,            1.00
16,        20090210,            0.95
17,        20090211,            1.03
18,        20090212,            0.99
19,        20090213,            0.97
20,        20090217,            0.95
21,        20090218,            1.00
22,        20090219,            0.94
23,        20090220,            0.99
24,        20090223,            0.95
25,        20090224,            1.06
26,        20090225,            0.96
27,        20090226,            0.99
28,        20090227,            0.99
29,        20090302,            0.95
30,        20090303,            0.95
31,        20090304,            1.00
32,        20090305,            0.90
33,        20090306,            1.04
34,        20090309,            1.01
35,        20090310,            1.07
36,        20090311,            1.01
37,        20090312,            1.07
38,        20090313,            1.04
39,        20090316,            1.00
40,        20090317,            1.05
41,        20090318,            1.07
42,        20090319,            0.97
43,        20090320,            0.98
44,        20090323,            1.12
45,        20090324,            0.93
46,        20090325,            1.06
47,        20090326,            0.99
48,        20090327,            0.99
49,        20090330,            0.95
50,        20090331,            1.05
51,        20090401,            1.04
52,        20090402,            1.01
53,        20090403,            0.99
54,        20090406,            0.99
55,        20090407,            0.95
56,        20090408,            1.01
57,        20090409,            1.07
58,        20090413,            1.03
59,        20090414,            0.93
60,        20090415,            1.05
61,        20090416,            1.01
62,        20090417,            1.00
63,        20090420,            0.96
64,        20090421,            1.11
65,        20090422,            0.93
66,        20090423,            0.84
67,        20090424,            0.99
68,        20090427,            0.95
69,        20090428,            1.01
70,        20090429,            1.05
71,        20090430,            0.98
72,        20090501,            1.03
73,        20090504,            1.04
74,        20090505,            1.00
75,        20090506,            1.02
76,        20090507,            0.97
77,        20090508,            1.03
78,        20090511,            0.97
79,        20090512,            1.00
80,        20090513,            0.97
81,        20090514,            1.04
82,        20090515,            0.96
83,        20090518,            1.05
84,        20090519,            0.98
85,        20090520,            1.00
86,        20090521,            1.01
87,        20090522,            1.00
88,        20090526,            1.03
89,        20090527,            0.95
90,        20090528,            1.00
91,        20090529,            1.04
92,        20090601,            1.04
93,        20090602,            1.02
94,        20090603,            0.96
95,        20090604,            1.01
96,        20090605,            0.99
97,        20090608,            1.00
98,        20090609,            0.97
99,        20090610,            0.98
100,        20090611,            1.01
101,        20090612,            0.97
102,        20090615,            0.99
103,        20090616,            1.00
104,        20090617,            1.01
105,        20090618,            1.01
106,        20090619,            0.99
107,        20090622,            0.98
108,        20090623,            0.99
109,        20090624,            1.02
110,        20090625,            1.02
111,        20090626,            1.00
112,        20090629,            1.00
113,        20090630,            1.01
114,        20090701,            1.00
115,        20090702,            0.96
116,        20090706,            1.01
117,        20090707,            0.97
118,        20090708,            0.99
119,        20090709,            1.01
120,        20090710,            1.00
121,        20090713,            1.03
122,        20090714,            1.00
123,        20090715,            1.01
124,        20090716,            0.98
125,        20090717,            0.99
126,        20090720,            1.00
127,        20090721,            1.00
128,        20090722,            1.02
129,        20090723,            1.06
130,        20090724,            1.00
131,        20090727,            1.01
132,        20090728,            1.00
133,        20090729,            0.98
134,        20090730,            1.01
135,        20090731,            1.01
136,        20090803,            1.05
137,        20090804,            1.03
138,        20090805,            1.01
139,        20090806,            0.99
140,        20090807,            1.03
141,        20090810,            1.00
142,        20090811,            0.97
143,        20090812,            1.03
144,        20090813,            1.01
145,        20090814,            0.98
146,        20090817,            0.96
147,        20090818,            1.00
148,        20090819,            1.03
149,        20090820,            1.00
150,        20090821,            1.02
151,        20090824,            0.99
152,        20090825,            1.05
153,        20090826,            1.01
154,        20090827,            1.00
155,        20090828,            1.00
156,        20090831,            1.00
157,        20090901,            0.97
158,        20090902,            0.99
159,        20090903,            1.01
160,        20090904,            1.00
161,        20090908,            1.01
162,        20090909,            1.01
163,        20090910,            1.00
164,        20090911,            1.02
165,        20090914,            1.00
166,        20090915,            1.03
167,        20090916,            1.03
168,        20090917,            0.99
169,        20090918,            1.00
170,        20090921,            1.00
171,        20090922,            0.99
172,        20090923,            0.99
173,        20090924,            0.98
174,        20090925,            1.00
175,        20090928,            1.03
176,        20090929,            1.00
177,        20090930,            0.99
178,        20091001,            0.97
179,        20091002,            1.01
180,        20091005,            1.00
181,        20091006,            1.01
182,        20091007,            1.01
183,        20091008,            0.99
184,        20091009,            1.02
185,        20091012,            0.99
186,        20091013,            0.98
187,        20091014,            1.03
188,        20091015,            0.98
189,        20091016,            0.97
190,        20091019,            1.03
191,        20091020,            0.97
192,        20091021,            0.98
193,        20091022,            1.01
194,        20091023,            0.97
195,        20091026,            0.99
196,        20091027,            0.99
197,        20091028,            0.96
198,        20091029,            1.05
199,        20091030,            0.97
200,        20091102,            1.00
201,        20091103,            1.00
202,        20091104,            1.00
203,        20091105,            1.00
204,        20091106,            1.00
205,        20091109,            1.03
206,        20091110,            0.99
207,        20091111,            1.01
208,        20091112,            0.98
209,        20091113,            1.01
210,        20091116,            1.01
211,        20091117,            1.01
212,        20091118,            0.99
213,        20091119,            0.98
214,        20091120,            0.99
215,        20091123,            1.01
216,        20091124,            1.00
217,        20091125,            0.99
218,        20091127,            0.99
219,        20091130,            1.00
220,        20091201,            1.03
221,        20091202,            0.98
222,        20091203,            0.98
223,        20091204,            1.02
224,        20091207,            0.96
225,        20091208,            1.01
226,        20091209,            1.01
227,        20091210,            1.00
228,        20091211,            1.00
229,        20091214,            1.01
230,        20091215,            0.99
231,        20091216,            1.00
232,        20091217,            0.97
233,        20091218,            1.01
234,        20091221,            1.02
235,        20091222,            0.99
236,        20091223,            0.99
237,        20091224,            1.00
238,        20091228,            1.00
239,        20091229,            1.00
240,        20091230,            1.00
241,        20091231,            0.99
242,        20100104,            1.01
243,        20100105,            1.00
244,        20100106,            1.00
245,        20100107,            1.02
246,        20100108,            1.00
247,        20100111,            1.00
248,        20100112,            0.99
249,        20100113,            1.02
250,        20100114,            1.01
251,        20100115,            0.98
252,        20100119,            1.02
253,        20100120,            1.02
254,        20100121,            1.00
255,        20100122,            0.99
256,        20100125,            0.99
257,        20100126,            1.01
258,        20100127,            1.01
259,        20100128,            0.98
260,        20100129,            1.00
261,        20100201,            1.02
262,        20100202,            1.02
263,        20100203,            0.98
264,        20100204,            0.98
265,        20100205,            0.99
266,        20100208,            0.98
267,        20100209,            1.00
268,        20100210,            1.02
269,        20100211,            1.00
270,        20100212,            1.01
271,        20100216,            1.03
272,        20100217,            1.01
273,        20100218,            1.02
274,        20100219,            1.01
275,        20100222,            1.00
276,        20100223,            1.00
277,        20100224,            0.99
278,        20100225,            1.01
279,        20100226,            1.00
280,        20100301,            1.02
281,        20100302,            1.01
282,        20100303,            1.01
283,        20100304,            0.98
284,        20100305,            1.00
285,        20100308,            1.00
286,        20100309,            1.01
287,        20100310,            1.02
288,        20100311,            1.01
289,        20100312,            1.01
290,        20100315,            1.01
291,        20100316,            1.00
292,        20100317,            1.02
293,        20100318,            1.00
294,        20100319,            1.00
295,        20100322,            0.98
296,        20100323,            1.01
297,        20100324,            1.03
298,        20100325,            0.98
299,        20100326,            1.02
300,        20100329,            1.00
301,        20100330,            0.99
302,        20100331,            1.03
303,        20100401,            1.01
304,        20100405,            1.01
305,        20100406,            1.02
306,        20100407,            1.01
307,        20100408,            0.99
308,        20100409,            1.01
309,        20100412,            1.01
310,        20100413,            1.00
311,        20100414,            1.06
312,        20100415,            1.00
313,        20100416,            0.97
314,        20100419,            1.01
315,        20100420,            1.01
316,        20100421,            0.98
317,        20100422,            1.08
318,        20100423,            1.01
319,        20100426,            0.99
320,        20100427,            0.97
321,        20100428,            1.05
322,        20100429,            1.01
323,        20100430,            0.98
324,        20100503,            1.01
325,        20100504,            0.96
326,        20100505,            0.97
327,        20100506,            0.97
328,        20100507,            0.97
329,        20100510,            1.06
330,        20100511,            0.99
331,        20100512,            1.01
332,        20100513,            0.99
333,        20100514,            0.98
334,        20100517,            1.01
335,        20100518,            0.99
336,        20100519,            1.01
337,        20100520,            0.93
338,        20100521,            1.03
339,        20100524,            1.00
340,        20100525,            1.00
341,        20100526,            1.00
342,        20100527,            1.07
343,        20100528,            0.97
344,        20100601,            0.97
345,        20100602,            1.02
346,        20100603,            1.01
347,        20100604,            0.95
348,        20100607,            0.97
349,        20100608,            1.01
350,        20100609,            1.00
351,        20100610,            0.99
352,        20100611,            1.03
353,        20100614,            1.00
354,        20100615,            1.03
355,        20100616,            0.98
356,        20100617,            0.99
357,        20100618,            1.00
358,        20100621,            0.99
359,        20100622,            0.99
360,        20100623,            0.99
361,        20100624,            0.99
362,        20100625,            1.01
363,        20100628,            1.00
364,        20100629,            0.96
365,        20100630,            0.98
366,        20100701,            1.00
367,        20100702,            1.00
368,        20100706,            1.00
369,        20100707,            1.05
370,        20100708,            1.00
371,        20100709,            1.02
372,        20100712,            0.98
373,        20100713,            1.03
374,        20100714,            1.00
375,        20100715,            1.00
376,        20100716,            0.97
377,        20100719,            1.00
378,        20100720,            1.02
379,        20100721,            0.99
380,        20100722,            0.99
381,        20100723,            1.00
382,        20100726,            1.01
383,        20100727,            1.01
384,        20100728,            0.98
385,        20100729,            0.98
386,        20100730,            1.00
387,        20100802,            1.01
388,        20100803,            0.98
389,        20100804,            1.02
390,        20100805,            1.02
391,        20100806,            1.01
392,        20100809,            1.01
393,        20100810,            0.99
394,        20100811,            0.97
395,        20100812,            1.00
396,        20100813,            1.00
397,        20100816,            1.00
398,        20100817,            1.00
399,        20100818,            1.01
400,        20100819,            0.99
401,        20100820,            1.00
402,        20100823,            0.99
403,        20100824,            0.99
404,        20100825,            1.01
405,        20100826,            1.01
406,        20100827,            1.02
407,        20100830,            0.99
408,        20100831,            1.01
409,        20100901,            1.01
410,        20100902,            1.00
411,        20100903,            1.01
412,        20100907,            0.98
413,        20100908,            1.01
414,        20100909,            1.01
415,        20100910,            1.00
416,        20100913,            1.02
417,        20100914,            1.00
418,        20100915,            1.01
419,        20100916,            1.00
420,        20100917,            1.00
421,        20100920,            1.00
422,        20100921,            1.00
423,        20100922,            1.00
424,        20100923,            1.00
425,        20100924,            1.02
426,        20100927,            1.00
427,        20100928,            1.01
428,        20100929,            1.01
429,        20100930,            1.00
430,        20101001,            0.99
431,        20101004,            1.00
432,        20101005,            1.00
433,        20101006,            1.01
434,        20101007,            0.99
435,        20101008,            1.00
436,        20101011,            1.00
437,        20101012,            1.01
438,        20101013,            1.01
439,        20101014,            1.00
440,        20101015,            1.01
441,        20101018,            1.01
442,        20101019,            0.99
443,        20101020,            1.00
444,        20101021,            1.00
445,        20101022,            1.00
446,        20101025,            0.99
447,        20101026,            1.00
448,        20101027,            0.99
449,        20101028,            0.94
450,        20101029,            1.02
451,        20101101,            0.98
452,        20101102,            1.00
453,        20101103,            1.01
454,        20101104,            1.01
455,        20101105,            0.99
456,        20101108,            0.99
457,        20101109,            0.99
458,        20101110,            1.01
459,        20101111,            1.00
460,        20101112,            0.99
461,        20101115,            1.00
462,        20101116,            0.99
463,        20101117,            1.00
464,        20101118,            1.02
465,        20101119,            1.00
466,        20101122,            1.00
467,        20101123,            0.98
468,        20101124,            1.02
469,        20101126,            0.98
470,        20101129,            1.01
471,        20101130,            1.00
472,        20101201,            1.02
473,        20101202,            1.00
474,        20101203,            0.99
475,        20101206,            1.00
476,        20101207,            1.00
477,        20101208,            1.01
478,        20101209,            1.00
479,        20101210,            1.02
480,        20101213,            1.00
481,        20101214,            1.01
482,        20101215,            1.00
483,        20101216,            1.00
484,        20101217,            1.00
485,        20101220,            1.00
486,        20101221,            1.02
487,        20101222,            1.01
488,        20101223,            1.00
489,        20101227,            1.00
490,        20101228,            0.99
491,        20101229,            1.01
492,        20101230,            1.01
493,        20101231,            0.99
494,        20110103,            1.02
495,        20110104,            1.00
496,        20110105,            1.00
497,        20110106,            0.99
498,        20110107,            0.99
