0,        20090116,            1.06
1,        20090120,            1.01
2,        20090121,            1.02
3,        20090122,            1.02
4,        20090123,            1.08
5,        20090126,            0.98
6,        20090127,            1.01
7,        20090128,            1.00
8,        20090129,            1.05
9,        20090130,            0.99
10,        20090202,            0.95
11,        20090203,            1.02
12,        20090204,            1.02
13,        20090205,            0.92
14,        20090206,            1.01
15,        20090209,            0.97
16,        20090210,            0.99
17,        20090211,            1.09
18,        20090212,            0.99
19,        20090213,            1.01
20,        20090217,            0.99
21,        20090218,            1.00
22,        20090219,            0.93
23,        20090220,            1.03
24,        20090223,            0.93
25,        20090224,            0.94
26,        20090225,            0.98
27,        20090226,            1.01
28,        20090227,            0.99
29,        20090302,            0.91
30,        20090303,            1.04
31,        20090304,            1.00
32,        20090305,            1.06
33,        20090306,            1.00
34,        20090309,            0.95
35,        20090310,            0.96
36,        20090311,            1.04
37,        20090312,            1.06
38,        20090313,            1.02
39,        20090316,            0.97
40,        20090317,            1.02
41,        20090318,            1.08
42,        20090319,            1.13
43,        20090320,            0.98
44,        20090323,            1.05
45,        20090324,            1.00
46,        20090325,            1.01
47,        20090326,            0.99
48,        20090327,            0.97
49,        20090330,            0.96
50,        20090331,            1.02
51,        20090401,            1.04
52,        20090402,            0.98
53,        20090403,            0.94
54,        20090406,            0.94
55,        20090407,            1.01
56,        20090408,            1.01
57,        20090409,            1.00
58,        20090413,            1.04
59,        20090414,            1.01
60,        20090415,            1.01
61,        20090416,            0.95
62,        20090417,            0.96
63,        20090420,            1.00
64,        20090421,            0.99
65,        20090422,            1.04
66,        20090423,            1.05
67,        20090424,            1.06
68,        20090427,            0.98
69,        20090428,            0.96
70,        20090429,            1.01
71,        20090430,            0.97
72,        20090501,            1.01
73,        20090504,            1.06
74,        20090505,            1.00
75,        20090506,            1.07
76,        20090507,            1.01
77,        20090508,            1.01
78,        20090511,            1.01
79,        20090512,            1.02
80,        20090513,            0.97
81,        20090514,            1.00
82,        20090515,            0.97
83,        20090518,            1.00
84,        20090519,            1.05
85,        20090520,            1.06
86,        20090521,            1.01
87,        20090522,            1.01
88,        20090526,            1.01
89,        20090527,            1.01
90,        20090528,            1.06
91,        20090529,            1.01
92,        20090601,            1.00
93,        20090602,            1.02
94,        20090603,            0.94
95,        20090604,            1.04
96,        20090605,            0.95
97,        20090608,            0.97
98,        20090609,            1.01
99,        20090610,            1.02
100,        20090611,            1.02
101,        20090612,            0.97
102,        20090615,            0.95
103,        20090616,            0.99
104,        20090617,            0.98
105,        20090618,            0.91
106,        20090619,            1.02
107,        20090622,            0.95
108,        20090623,            1.02
109,        20090624,            1.01
110,        20090625,            1.05
111,        20090626,            0.99
112,        20090629,            0.97
113,        20090630,            0.99
114,        20090701,            1.03
115,        20090702,            0.97
116,        20090706,            0.98
117,        20090707,            0.99
118,        20090708,            0.96
119,        20090709,            1.01
120,        20090710,            1.01
121,        20090713,            1.04
122,        20090714,            1.01
123,        20090715,            1.06
124,        20090716,            0.99
125,        20090717,            1.01
126,        20090720,            1.05
127,        20090721,            0.98
128,        20090722,            0.99
129,        20090723,            1.01
130,        20090724,            0.99
131,        20090727,            1.03
132,        20090728,            0.95
133,        20090729,            0.96
134,        20090730,            1.01
135,        20090731,            1.05
136,        20090803,            1.05
137,        20090804,            1.02
138,        20090805,            1.00
139,        20090806,            0.98
140,        20090807,            0.97
141,        20090810,            0.99
142,        20090811,            0.96
143,        20090812,            0.98
144,        20090813,            1.10
145,        20090814,            0.98
146,        20090817,            0.90
147,        20090818,            1.01
148,        20090819,            1.00
149,        20090820,            1.02
150,        20090821,            1.03
151,        20090824,            1.01
152,        20090825,            1.00
153,        20090826,            0.98
154,        20090827,            1.02
155,        20090828,            1.02
156,        20090831,            0.97
157,        20090901,            0.96
158,        20090902,            1.12
159,        20090903,            1.05
160,        20090904,            1.02
161,        20090908,            1.03
162,        20090909,            0.98
163,        20090910,            1.06
164,        20090911,            0.99
165,        20090914,            0.99
166,        20090915,            1.03
167,        20090916,            1.01
168,        20090917,            0.96
169,        20090918,            1.00
170,        20090921,            0.99
171,        20090922,            1.02
172,        20090923,            0.98
173,        20090924,            0.95
174,        20090925,            0.99
175,        20090928,            0.99
176,        20090929,            1.04
177,        20090930,            1.02
178,        20091001,            0.95
179,        20091002,            0.99
180,        20091005,            1.05
181,        20091006,            1.10
182,        20091007,            1.01
183,        20091008,            1.03
184,        20091009,            1.00
185,        20091012,            0.99
186,        20091013,            1.02
187,        20091014,            0.94
188,        20091015,            1.00
189,        20091016,            0.98
190,        20091019,            1.00
191,        20091020,            0.98
192,        20091021,            0.99
193,        20091022,            0.99
194,        20091023,            0.99
195,        20091026,            0.95
196,        20091027,            0.99
197,        20091028,            0.96
198,        20091029,            1.06
199,        20091030,            0.96
200,        20091102,            1.02
201,        20091103,            1.08
202,        20091104,            0.98
203,        20091105,            1.00
204,        20091106,            1.00
205,        20091109,            1.02
206,        20091110,            1.02
207,        20091111,            1.02
208,        20091112,            0.97
209,        20091113,            1.03
210,        20091116,            1.03
211,        20091117,            1.01
212,        20091118,            1.00
213,        20091119,            1.00
214,        20091120,            0.99
215,        20091123,            1.02
216,        20091124,            0.99
217,        20091125,            1.04
218,        20091127,            0.96
219,        20091130,            1.00
220,        20091201,            1.04
221,        20091202,            1.03
222,        20091203,            0.98
223,        20091204,            0.96
224,        20091207,            0.99
225,        20091208,            0.97
226,        20091209,            1.03
227,        20091210,            1.00
228,        20091211,            0.98
229,        20091214,            1.01
230,        20091215,            0.98
231,        20091216,            1.01
232,        20091217,            0.94
233,        20091218,            1.03
234,        20091221,            0.97
235,        20091222,            1.01
236,        20091223,            1.02
237,        20091224,            1.01
238,        20091228,            1.00
239,        20091229,            1.00
240,        20091230,            0.99
241,        20091231,            1.00
242,        20100104,            1.04
243,        20100105,            1.00
244,        20100106,            1.02
245,        20100107,            1.00
246,        20100108,            1.02
247,        20100111,            1.00
248,        20100112,            0.97
249,        20100113,            1.03
250,        20100114,            0.99
251,        20100115,            0.98
252,        20100119,            1.01
253,        20100120,            0.94
254,        20100121,            0.95
255,        20100122,            1.00
256,        20100125,            0.99
257,        20100126,            1.00
258,        20100127,            1.00
259,        20100128,            0.98
260,        20100129,            0.96
261,        20100201,            1.06
262,        20100202,            1.00
263,        20100203,            0.99
264,        20100204,            0.93
265,        20100205,            1.06
266,        20100208,            0.94
267,        20100209,            1.04
268,        20100210,            1.00
269,        20100211,            1.05
270,        20100212,            0.99
271,        20100216,            1.03
272,        20100217,            0.96
273,        20100218,            1.00
274,        20100219,            1.00
275,        20100222,            1.00
276,        20100223,            0.96
277,        20100224,            0.98
278,        20100225,            1.04
279,        20100226,            1.01
280,        20100301,            1.01
281,        20100302,            1.03
282,        20100303,            1.01
283,        20100304,            0.99
284,        20100305,            1.02
285,        20100308,            0.99
286,        20100309,            1.01
287,        20100310,            1.00
288,        20100311,            1.01
289,        20100312,            1.00
290,        20100315,            1.01
291,        20100316,            1.04
292,        20100317,            1.02
293,        20100318,            0.97
294,        20100319,            0.99
295,        20100322,            1.01
296,        20100323,            1.01
297,        20100324,            0.95
298,        20100325,            0.98
299,        20100326,            1.02
300,        20100329,            1.02
301,        20100330,            0.99
302,        20100331,            1.02
303,        20100401,            1.04
304,        20100405,            1.02
305,        20100406,            0.99
306,        20100407,            1.02
307,        20100408,            1.00
308,        20100409,            1.03
309,        20100412,            1.00
310,        20100413,            0.99
311,        20100414,            1.00
312,        20100415,            1.00
313,        20100416,            1.00
314,        20100419,            1.01
315,        20100420,            1.02
316,        20100421,            1.00
317,        20100422,            1.01
318,        20100423,            1.01
319,        20100426,            0.99
320,        20100427,            1.01
321,        20100428,            1.01
322,        20100429,            1.02
323,        20100430,            0.99
324,        20100503,            0.99
325,        20100504,            0.96
326,        20100505,            1.00
327,        20100506,            1.00
328,        20100507,            0.99
329,        20100510,            1.03
330,        20100511,            1.03
331,        20100512,            1.04
332,        20100513,            0.98
333,        20100514,            1.01
334,        20100517,            0.97
335,        20100518,            1.00
336,        20100519,            0.94
337,        20100520,            0.95
338,        20100521,            1.02
339,        20100524,            0.99
340,        20100525,            1.03
341,        20100526,            1.00
342,        20100527,            1.03
343,        20100528,            0.98
344,        20100601,            1.00
345,        20100602,            1.02
346,        20100603,            1.00
347,        20100604,            0.95
348,        20100607,            1.04
349,        20100608,            1.01
350,        20100609,            1.00
351,        20100610,            1.00
352,        20100611,            1.00
353,        20100614,            0.98
354,        20100615,            1.03
355,        20100616,            1.00
356,        20100617,            1.04
357,        20100618,            1.04
358,        20100621,            0.96
359,        20100622,            0.99
360,        20100623,            1.01
361,        20100624,            0.99
362,        20100625,            1.02
363,        20100628,            0.99
364,        20100629,            0.97
365,        20100630,            0.98
366,        20100701,            0.97
367,        20100702,            0.99
368,        20100706,            0.98
369,        20100707,            1.03
370,        20100708,            0.99
371,        20100709,            1.03
372,        20100712,            0.99
373,        20100713,            1.01
374,        20100714,            1.00
375,        20100715,            1.00
376,        20100716,            0.97
377,        20100719,            0.94
378,        20100720,            1.02
379,        20100721,            0.99
380,        20100722,            1.01
381,        20100723,            1.00
382,        20100726,            1.00
383,        20100727,            0.97
384,        20100728,            1.01
385,        20100729,            0.99
386,        20100730,            1.02
387,        20100802,            1.00
388,        20100803,            1.02
389,        20100804,            1.02
390,        20100805,            1.00
391,        20100806,            1.00
392,        20100809,            0.99
393,        20100810,            1.00
394,        20100811,            0.98
395,        20100812,            1.01
396,        20100813,            0.98
397,        20100816,            1.01
398,        20100817,            1.00
399,        20100818,            1.02
400,        20100819,            1.00
401,        20100820,            0.98
402,        20100823,            0.99
403,        20100824,            0.98
404,        20100825,            1.06
405,        20100826,            1.02
406,        20100827,            1.00
407,        20100830,            0.99
408,        20100831,            1.01
409,        20100901,            0.99
410,        20100902,            1.02
411,        20100903,            1.04
412,        20100907,            1.02
413,        20100908,            1.00
414,        20100909,            0.98
415,        20100910,            1.03
416,        20100913,            1.00
417,        20100914,            1.06
418,        20100915,            1.00
419,        20100916,            1.03
420,        20100917,            0.99
421,        20100920,            1.01
422,        20100921,            0.99
423,        20100922,            1.01
424,        20100923,            0.99
425,        20100924,            1.02
426,        20100927,            1.00
427,        20100928,            1.01
428,        20100929,            0.99
429,        20100930,            1.01
430,        20101001,            1.01
431,        20101004,            0.97
432,        20101005,            1.02
433,        20101006,            1.02
434,        20101007,            0.97
435,        20101008,            1.02
436,        20101011,            1.00
437,        20101012,            0.99
438,        20101013,            1.05
439,        20101014,            1.00
440,        20101015,            1.01
441,        20101018,            1.00
442,        20101019,            0.95
443,        20101020,            1.02
444,        20101021,            0.98
445,        20101022,            1.02
446,        20101025,            1.03
447,        20101026,            0.99
448,        20101027,            0.99
449,        20101028,            1.02
450,        20101029,            1.02
451,        20101101,            1.00
452,        20101102,            1.01
453,        20101103,            1.00
454,        20101104,            1.06
455,        20101105,            1.00
456,        20101108,            1.05
457,        20101109,            0.97
458,        20101110,            1.04
459,        20101111,            1.04
460,        20101112,            0.96
461,        20101115,            0.98
462,        20101116,            0.97
463,        20101117,            1.02
464,        20101118,            1.02
465,        20101119,            1.02
466,        20101122,            1.03
467,        20101123,            0.97
468,        20101124,            0.99
469,        20101126,            0.97
470,        20101129,            1.03
471,        20101130,            1.01
472,        20101201,            1.03
473,        20101202,            1.02
474,        20101203,            1.02
475,        20101206,            1.02
476,        20101207,            0.97
477,        20101208,            0.98
478,        20101209,            1.00
479,        20101210,            1.01
480,        20101213,            1.02
481,        20101214,            1.00
482,        20101215,            0.98
483,        20101216,            0.99
484,        20101217,            1.01
485,        20101220,            1.03
486,        20101221,            1.00
487,        20101222,            0.99
488,        20101223,            1.01
489,        20101227,            0.98
490,        20101228,            1.04
491,        20101229,            1.02
492,        20101230,            0.99
493,        20101231,            1.01
494,        20110103,            0.99
495,        20110104,            0.96
496,        20110105,            0.98
497,        20110106,            0.97
498,        20110107,            1.00
