0,        20090116,            1.01
1,        20090120,            0.95
2,        20090121,            1.07
3,        20090122,            0.96
4,        20090123,            1.06
5,        20090126,            0.98
6,        20090127,            1.03
7,        20090128,            0.99
8,        20090129,            0.95
9,        20090130,            0.99
10,        20090202,            1.02
11,        20090203,            1.00
12,        20090204,            1.00
13,        20090205,            1.02
14,        20090206,            1.03
15,        20090209,            1.01
16,        20090210,            0.96
17,        20090211,            1.03
18,        20090212,            0.99
19,        20090213,            0.99
20,        20090217,            0.97
21,        20090218,            1.00
22,        20090219,            0.97
23,        20090220,            1.01
24,        20090223,            0.98
25,        20090224,            1.05
26,        20090225,            1.02
27,        20090226,            1.02
28,        20090227,            1.01
29,        20090302,            0.98
30,        20090303,            1.01
31,        20090304,            1.02
32,        20090305,            0.96
33,        20090306,            1.01
34,        20090309,            1.02
35,        20090310,            1.03
36,        20090311,            0.98
37,        20090312,            1.02
38,        20090313,            0.98
39,        20090316,            0.97
40,        20090317,            1.03
41,        20090318,            1.02
42,        20090319,            0.96
43,        20090320,            0.98
44,        20090323,            1.07
45,        20090324,            0.94
46,        20090325,            1.02
47,        20090326,            1.03
48,        20090327,            0.99
49,        20090330,            1.00
50,        20090331,            1.03
51,        20090401,            1.01
52,        20090402,            0.99
53,        20090403,            0.99
54,        20090406,            1.00
55,        20090407,            1.01
56,        20090408,            1.00
57,        20090409,            1.02
58,        20090413,            1.00
59,        20090414,            0.93
60,        20090415,            1.02
61,        20090416,            0.98
62,        20090417,            0.96
63,        20090420,            0.95
64,        20090421,            1.06
65,        20090422,            0.96
66,        20090423,            1.01
67,        20090424,            0.98
68,        20090427,            0.99
69,        20090428,            1.02
70,        20090429,            1.00
71,        20090430,            0.97
72,        20090501,            0.99
73,        20090504,            1.05
74,        20090505,            1.00
75,        20090506,            1.01
76,        20090507,            0.97
77,        20090508,            1.03
78,        20090511,            1.00
79,        20090512,            1.00
80,        20090513,            0.99
81,        20090514,            1.00
82,        20090515,            0.98
83,        20090518,            1.04
84,        20090519,            0.96
85,        20090520,            0.98
86,        20090521,            0.97
87,        20090522,            1.01
88,        20090526,            1.02
89,        20090527,            0.96
90,        20090528,            1.01
91,        20090529,            1.02
92,        20090601,            0.98
93,        20090602,            1.01
94,        20090603,            1.01
95,        20090604,            1.02
96,        20090605,            0.98
97,        20090608,            1.00
98,        20090609,            1.00
99,        20090610,            1.00
100,        20090611,            1.01
101,        20090612,            0.99
102,        20090615,            0.99
103,        20090616,            0.99
104,        20090617,            0.99
105,        20090618,            1.00
106,        20090619,            0.99
107,        20090622,            1.00
108,        20090623,            0.99
109,        20090624,            1.00
110,        20090625,            1.02
111,        20090626,            0.99
112,        20090629,            1.02
113,        20090630,            0.98
114,        20090701,            1.01
115,        20090702,            0.99
116,        20090706,            1.02
117,        20090707,            0.98
118,        20090708,            0.99
119,        20090709,            1.01
120,        20090710,            1.01
121,        20090713,            1.03
122,        20090714,            0.98
123,        20090715,            1.01
124,        20090716,            1.01
125,        20090717,            0.97
126,        20090720,            1.00
127,        20090721,            1.00
128,        20090722,            1.01
129,        20090723,            1.03
130,        20090724,            0.99
131,        20090727,            1.03
132,        20090728,            1.00
133,        20090729,            1.00
134,        20090730,            1.01
135,        20090731,            0.99
136,        20090803,            1.02
137,        20090804,            1.02
138,        20090805,            1.02
139,        20090806,            0.99
140,        20090807,            1.01
141,        20090810,            1.00
142,        20090811,            0.99
143,        20090812,            1.01
144,        20090813,            1.00
145,        20090814,            0.99
146,        20090817,            0.99
147,        20090818,            0.99
148,        20090819,            1.00
149,        20090820,            0.99
150,        20090821,            1.01
151,        20090824,            1.00
152,        20090825,            0.99
153,        20090826,            1.00
154,        20090827,            1.00
155,        20090828,            0.99
156,        20090831,            1.00
157,        20090901,            0.98
158,        20090902,            1.00
159,        20090903,            1.01
160,        20090904,            1.00
161,        20090908,            1.00
162,        20090909,            1.00
163,        20090910,            1.01
164,        20090911,            0.99
165,        20090914,            1.00
166,        20090915,            1.00
167,        20090916,            1.02
168,        20090917,            0.99
169,        20090918,            1.01
170,        20090921,            0.99
171,        20090922,            1.00
172,        20090923,            0.99
173,        20090924,            0.99
174,        20090925,            1.00
175,        20090928,            1.01
176,        20090929,            0.99
177,        20090930,            0.99
178,        20091001,            0.99
179,        20091002,            1.00
180,        20091005,            1.01
181,        20091006,            0.99
182,        20091007,            1.01
183,        20091008,            1.00
184,        20091009,            1.01
185,        20091012,            0.99
186,        20091013,            1.00
187,        20091014,            1.00
188,        20091015,            1.01
189,        20091016,            1.02
190,        20091019,            1.02
191,        20091020,            1.00
192,        20091021,            1.00
193,        20091022,            1.02
194,        20091023,            0.99
195,        20091026,            0.99
196,        20091027,            1.00
197,        20091028,            0.99
198,        20091029,            1.01
199,        20091030,            0.98
200,        20091102,            0.99
201,        20091103,            0.99
202,        20091104,            0.99
203,        20091105,            1.02
204,        20091106,            0.99
205,        20091109,            1.01
206,        20091110,            1.00
207,        20091111,            1.01
208,        20091112,            0.99
209,        20091113,            1.01
210,        20091116,            1.02
211,        20091117,            1.01
212,        20091118,            1.00
213,        20091119,            0.99
214,        20091120,            1.00
215,        20091123,            0.97
216,        20091124,            1.03
217,        20091125,            1.00
218,        20091127,            0.99
219,        20091130,            1.00
220,        20091201,            0.99
221,        20091202,            1.00
222,        20091203,            0.99
223,        20091204,            1.01
224,        20091207,            0.99
225,        20091208,            1.00
226,        20091209,            1.01
227,        20091210,            1.01
228,        20091211,            1.01
229,        20091214,            1.02
230,        20091215,            0.99
231,        20091216,            1.01
232,        20091217,            1.00
233,        20091218,            1.02
234,        20091221,            1.00
235,        20091222,            1.00
236,        20091223,            0.99
237,        20091224,            1.01
238,        20091228,            0.99
239,        20091229,            1.00
240,        20091230,            1.00
241,        20091231,            0.99
242,        20100104,            1.00
243,        20100105,            1.01
244,        20100106,            1.00
245,        20100107,            1.00
246,        20100108,            1.00
247,        20100111,            0.99
248,        20100112,            0.98
249,        20100113,            1.01
250,        20100114,            1.01
251,        20100115,            0.99
252,        20100119,            1.00
253,        20100120,            1.00
254,        20100121,            1.00
255,        20100122,            0.97
256,        20100125,            1.01
257,        20100126,            0.98
258,        20100127,            1.00
259,        20100128,            0.98
260,        20100129,            1.03
261,        20100201,            0.97
262,        20100202,            0.99
263,        20100203,            0.99
264,        20100204,            0.98
265,        20100205,            1.01
266,        20100208,            0.99
267,        20100209,            1.02
268,        20100210,            1.00
269,        20100211,            1.01
270,        20100212,            1.00
271,        20100216,            1.02
272,        20100217,            1.00
273,        20100218,            0.98
274,        20100219,            1.01
275,        20100222,            0.99
276,        20100223,            0.99
277,        20100224,            1.01
278,        20100225,            1.00
279,        20100226,            1.01
280,        20100301,            1.00
281,        20100302,            0.99
282,        20100303,            0.99
283,        20100304,            0.99
284,        20100305,            1.02
285,        20100308,            1.00
286,        20100309,            1.00
287,        20100310,            1.00
288,        20100311,            1.01
289,        20100312,            0.99
290,        20100315,            1.00
291,        20100316,            1.00
292,        20100317,            1.00
293,        20100318,            1.00
294,        20100319,            1.02
295,        20100322,            1.00
296,        20100323,            1.00
297,        20100324,            0.99
298,        20100325,            1.01
299,        20100326,            1.00
300,        20100329,            1.00
301,        20100330,            1.00
302,        20100331,            1.00
303,        20100401,            1.01
304,        20100405,            0.99
305,        20100406,            1.01
306,        20100407,            1.02
307,        20100408,            1.02
308,        20100409,            1.01
309,        20100412,            1.00
310,        20100413,            1.00
311,        20100414,            0.99
312,        20100415,            1.01
313,        20100416,            0.98
314,        20100419,            0.98
315,        20100420,            1.02
316,        20100421,            0.99
317,        20100422,            0.99
318,        20100423,            0.99
319,        20100426,            1.01
320,        20100427,            0.98
321,        20100428,            1.00
322,        20100429,            1.00
323,        20100430,            1.00
324,        20100503,            1.00
325,        20100504,            0.98
326,        20100505,            0.99
327,        20100506,            0.97
328,        20100507,            0.99
329,        20100510,            1.04
330,        20100511,            0.98
331,        20100512,            1.01
332,        20100513,            0.99
333,        20100514,            0.99
334,        20100517,            1.02
335,        20100518,            0.99
336,        20100519,            1.00
337,        20100520,            0.98
338,        20100521,            1.01
339,        20100524,            0.99
340,        20100525,            1.00
341,        20100526,            0.99
342,        20100527,            1.01
343,        20100528,            0.99
344,        20100601,            0.99
345,        20100602,            1.01
346,        20100603,            1.00
347,        20100604,            1.00
348,        20100607,            1.00
349,        20100608,            1.01
350,        20100609,            0.99
351,        20100610,            1.01
352,        20100611,            1.00
353,        20100614,            0.99
354,        20100615,            1.01
355,        20100616,            1.03
356,        20100617,            1.00
357,        20100618,            1.00
358,        20100621,            1.01
359,        20100622,            0.97
360,        20100623,            0.99
361,        20100624,            0.98
362,        20100625,            1.01
363,        20100628,            0.98
364,        20100629,            0.98
365,        20100630,            1.00
366,        20100701,            1.00
367,        20100702,            0.99
368,        20100706,            1.00
369,        20100707,            1.03
370,        20100708,            0.99
371,        20100709,            1.01
372,        20100712,            1.02
373,        20100713,            1.00
374,        20100714,            1.00
375,        20100715,            1.00
376,        20100716,            0.96
377,        20100719,            1.01
378,        20100720,            1.02
379,        20100721,            0.97
380,        20100722,            1.02
381,        20100723,            1.01
382,        20100726,            1.01
383,        20100727,            1.00
384,        20100728,            0.98
385,        20100729,            0.99
386,        20100730,            1.00
387,        20100802,            1.00
388,        20100803,            0.99
389,        20100804,            0.99
390,        20100805,            1.00
391,        20100806,            0.99
392,        20100809,            1.01
393,        20100810,            1.01
394,        20100811,            0.97
395,        20100812,            0.99
396,        20100813,            1.00
397,        20100816,            1.01
398,        20100817,            1.01
399,        20100818,            1.00
400,        20100819,            0.98
401,        20100820,            1.01
402,        20100823,            0.99
403,        20100824,            0.98
404,        20100825,            1.00
405,        20100826,            0.99
406,        20100827,            1.01
407,        20100830,            0.99
408,        20100831,            1.01
409,        20100901,            1.00
410,        20100902,            1.00
411,        20100903,            1.01
412,        20100907,            1.01
413,        20100908,            1.01
414,        20100909,            1.01
415,        20100910,            1.00
416,        20100913,            1.01
417,        20100914,            0.99
418,        20100915,            1.00
419,        20100916,            0.99
420,        20100917,            0.99
421,        20100920,            1.01
422,        20100921,            0.99
423,        20100922,            0.99
424,        20100923,            1.00
425,        20100924,            1.03
426,        20100927,            0.98
427,        20100928,            1.01
428,        20100929,            1.00
429,        20100930,            1.00
430,        20101001,            1.00
431,        20101004,            1.01
432,        20101005,            1.01
433,        20101006,            1.01
434,        20101007,            1.00
435,        20101008,            0.99
436,        20101011,            1.00
437,        20101012,            1.00
438,        20101013,            1.00
439,        20101014,            0.99
440,        20101015,            1.00
441,        20101018,            1.00
442,        20101019,            1.00
443,        20101020,            1.00
444,        20101021,            0.99
445,        20101022,            0.97
446,        20101025,            1.00
447,        20101026,            0.99
448,        20101027,            1.00
449,        20101028,            0.97
450,        20101029,            1.01
451,        20101101,            1.01
452,        20101102,            1.00
453,        20101103,            1.00
454,        20101104,            1.01
455,        20101105,            1.01
456,        20101108,            0.99
457,        20101109,            1.00
458,        20101110,            1.01
459,        20101111,            1.00
460,        20101112,            0.99
461,        20101115,            1.01
462,        20101116,            0.99
463,        20101117,            1.00
464,        20101118,            1.00
465,        20101119,            1.00
466,        20101122,            0.99
467,        20101123,            0.99
468,        20101124,            1.01
469,        20101126,            1.00
470,        20101129,            1.00
471,        20101130,            1.00
472,        20101201,            1.01
473,        20101202,            1.03
474,        20101203,            1.00
475,        20101206,            1.01
476,        20101207,            1.00
477,        20101208,            1.03
478,        20101209,            1.00
479,        20101210,            1.01
480,        20101213,            0.99
481,        20101214,            1.00
482,        20101215,            1.00
483,        20101216,            1.00
484,        20101217,            1.01
485,        20101220,            1.00
486,        20101221,            1.00
487,        20101222,            1.02
488,        20101223,            1.00
489,        20101227,            1.01
490,        20101228,            1.00
491,        20101229,            1.00
492,        20101230,            1.00
493,        20101231,            0.99
494,        20110103,            1.01
495,        20110104,            1.00
496,        20110105,            1.01
497,        20110106,            1.00
498,        20110107,            1.01
