0,        20090116,            1.00
1,        20090120,            1.01
2,        20090121,            0.98
3,        20090122,            0.98
4,        20090123,            1.01
5,        20090126,            0.99
6,        20090127,            1.03
7,        20090128,            1.05
8,        20090129,            0.95
9,        20090130,            0.96
10,        20090202,            1.00
11,        20090203,            1.03
12,        20090204,            1.02
13,        20090205,            1.02
14,        20090206,            1.03
15,        20090209,            0.99
16,        20090210,            0.95
17,        20090211,            1.02
18,        20090212,            0.99
19,        20090213,            1.02
20,        20090217,            0.95
21,        20090218,            1.00
22,        20090219,            0.97
23,        20090220,            0.99
24,        20090223,            0.95
25,        20090224,            1.04
26,        20090225,            0.96
27,        20090226,            0.97
28,        20090227,            0.97
29,        20090302,            0.94
30,        20090303,            0.98
31,        20090304,            1.01
32,        20090305,            0.92
33,        20090306,            0.99
34,        20090309,            0.97
35,        20090310,            1.08
36,        20090311,            1.01
37,        20090312,            1.02
38,        20090313,            0.99
39,        20090316,            0.99
40,        20090317,            1.03
41,        20090318,            1.03
42,        20090319,            1.01
43,        20090320,            0.96
44,        20090323,            1.08
45,        20090324,            1.00
46,        20090325,            1.01
47,        20090326,            1.06
48,        20090327,            0.98
49,        20090330,            0.95
50,        20090331,            1.01
51,        20090401,            1.03
52,        20090402,            1.08
53,        20090403,            1.02
54,        20090406,            0.98
55,        20090407,            0.97
56,        20090408,            1.00
57,        20090409,            1.07
58,        20090413,            0.96
59,        20090414,            0.98
60,        20090415,            0.98
61,        20090416,            1.07
62,        20090417,            1.03
63,        20090420,            0.95
64,        20090421,            1.04
65,        20090422,            1.06
66,        20090423,            1.05
67,        20090424,            1.00
68,        20090427,            0.99
69,        20090428,            1.00
70,        20090429,            1.04
71,        20090430,            1.01
72,        20090501,            1.02
73,        20090504,            1.03
74,        20090505,            0.98
75,        20090506,            1.02
76,        20090507,            0.96
77,        20090508,            1.03
78,        20090511,            0.97
79,        20090512,            0.98
80,        20090513,            0.96
81,        20090514,            1.01
82,        20090515,            1.01
83,        20090518,            1.04
84,        20090519,            0.99
85,        20090520,            0.97
86,        20090521,            0.98
87,        20090522,            1.00
88,        20090526,            1.03
89,        20090527,            0.99
90,        20090528,            0.98
91,        20090529,            0.99
92,        20090601,            1.10
93,        20090602,            1.01
94,        20090603,            0.98
95,        20090604,            1.01
96,        20090605,            1.02
97,        20090608,            0.99
98,        20090609,            0.99
99,        20090610,            0.99
100,        20090611,            0.98
101,        20090612,            1.00
102,        20090615,            0.96
103,        20090616,            0.98
104,        20090617,            0.99
105,        20090618,            0.99
106,        20090619,            0.99
107,        20090622,            0.95
108,        20090623,            1.01
109,        20090624,            1.01
110,        20090625,            1.03
111,        20090626,            1.01
112,        20090629,            1.01
113,        20090630,            1.00
114,        20090701,            1.00
115,        20090702,            0.97
116,        20090706,            0.99
117,        20090707,            0.97
118,        20090708,            1.01
119,        20090709,            1.00
120,        20090710,            1.01
121,        20090713,            1.02
122,        20090714,            1.01
123,        20090715,            1.04
124,        20090716,            1.02
125,        20090717,            1.00
126,        20090720,            1.03
127,        20090721,            1.02
128,        20090722,            1.01
129,        20090723,            1.02
130,        20090724,            1.00
131,        20090727,            1.00
132,        20090728,            0.99
133,        20090729,            0.99
134,        20090730,            0.97
135,        20090731,            0.97
136,        20090803,            1.06
137,        20090804,            1.02
138,        20090805,            0.98
139,        20090806,            1.00
140,        20090807,            1.04
141,        20090810,            0.99
142,        20090811,            0.99
143,        20090812,            1.04
144,        20090813,            1.01
145,        20090814,            0.98
146,        20090817,            0.97
147,        20090818,            1.02
148,        20090819,            1.00
149,        20090820,            1.00
150,        20090821,            1.02
151,        20090824,            1.01
152,        20090825,            1.01
153,        20090826,            0.99
154,        20090827,            1.00
155,        20090828,            0.99
156,        20090831,            0.99
157,        20090901,            0.98
158,        20090902,            0.99
159,        20090903,            1.01
160,        20090904,            1.01
161,        20090908,            1.00
162,        20090909,            1.01
163,        20090910,            1.01
164,        20090911,            1.03
165,        20090914,            1.05
166,        20090915,            1.03
167,        20090916,            1.02
168,        20090917,            1.00
169,        20090918,            1.01
170,        20090921,            0.98
171,        20090922,            0.99
172,        20090923,            0.99
173,        20090924,            0.98
174,        20090925,            1.00
175,        20090928,            1.01
176,        20090929,            1.00
177,        20090930,            0.98
178,        20091001,            0.97
179,        20091002,            0.99
180,        20091005,            1.03
181,        20091006,            1.01
182,        20091007,            0.99
183,        20091008,            1.02
184,        20091009,            1.02
185,        20091012,            1.00
186,        20091013,            0.99
187,        20091014,            1.03
188,        20091015,            1.00
189,        20091016,            1.00
190,        20091019,            1.04
191,        20091020,            1.05
192,        20091021,            0.97
193,        20091022,            1.03
194,        20091023,            0.98
195,        20091026,            0.98
196,        20091027,            0.97
197,        20091028,            0.98
198,        20091029,            1.02
199,        20091030,            0.98
200,        20091102,            1.01
201,        20091103,            1.03
202,        20091104,            0.99
203,        20091105,            1.04
204,        20091106,            0.99
205,        20091109,            1.02
206,        20091110,            0.99
207,        20091111,            0.98
208,        20091112,            0.99
209,        20091113,            0.99
210,        20091116,            1.04
211,        20091117,            0.98
212,        20091118,            1.00
213,        20091119,            0.97
214,        20091120,            0.99
215,        20091123,            1.01
216,        20091124,            1.01
217,        20091125,            1.00
218,        20091127,            0.97
219,        20091130,            1.01
220,        20091201,            1.01
221,        20091202,            1.00
222,        20091203,            0.99
223,        20091204,            1.02
224,        20091207,            1.00
225,        20091208,            0.97
226,        20091209,            1.00
227,        20091210,            1.00
228,        20091211,            1.00
229,        20091214,            1.03
230,        20091215,            1.00
231,        20091216,            1.00
232,        20091217,            0.97
233,        20091218,            1.00
234,        20091221,            1.01
235,        20091222,            1.00
236,        20091223,            1.01
237,        20091224,            1.00
238,        20091228,            1.00
239,        20091229,            0.99
240,        20091230,            1.00
241,        20091231,            0.99
242,        20100104,            1.01
243,        20100105,            1.00
244,        20100106,            1.00
245,        20100107,            1.01
246,        20100108,            1.03
247,        20100111,            1.03
248,        20100112,            1.00
249,        20100113,            1.01
250,        20100114,            1.01
251,        20100115,            1.00
252,        20100119,            1.05
253,        20100120,            0.99
254,        20100121,            0.98
255,        20100122,            0.97
256,        20100125,            1.00
257,        20100126,            0.99
258,        20100127,            1.01
259,        20100128,            0.98
260,        20100129,            0.99
261,        20100201,            1.02
262,        20100202,            1.02
263,        20100203,            0.99
264,        20100204,            0.96
265,        20100205,            1.00
266,        20100208,            0.99
267,        20100209,            1.02
268,        20100210,            1.00
269,        20100211,            1.02
270,        20100212,            0.99
271,        20100216,            1.02
272,        20100217,            1.02
273,        20100218,            1.01
274,        20100219,            1.00
275,        20100222,            1.00
276,        20100223,            0.99
277,        20100224,            1.01
278,        20100225,            1.00
279,        20100226,            1.02
280,        20100301,            1.02
281,        20100302,            1.01
282,        20100303,            1.01
283,        20100304,            0.99
284,        20100305,            1.01
285,        20100308,            1.00
286,        20100309,            1.00
287,        20100310,            1.01
288,        20100311,            1.00
289,        20100312,            1.00
290,        20100315,            1.00
291,        20100316,            1.01
292,        20100317,            1.01
293,        20100318,            1.00
294,        20100319,            0.99
295,        20100322,            1.01
296,        20100323,            1.02
297,        20100324,            0.98
298,        20100325,            0.99
299,        20100326,            1.00
300,        20100329,            1.01
301,        20100330,            1.00
302,        20100331,            0.99
303,        20100401,            1.01
304,        20100405,            1.02
305,        20100406,            1.00
306,        20100407,            1.00
307,        20100408,            1.02
308,        20100409,            1.01
309,        20100412,            1.01
310,        20100413,            1.00
311,        20100414,            1.01
312,        20100415,            1.00
313,        20100416,            0.98
314,        20100419,            1.00
315,        20100420,            0.98
316,        20100421,            1.05
317,        20100422,            0.99
318,        20100423,            1.01
319,        20100426,            1.00
320,        20100427,            0.97
321,        20100428,            1.00
322,        20100429,            1.03
323,        20100430,            0.97
324,        20100503,            1.02
325,        20100504,            0.96
326,        20100505,            0.99
327,        20100506,            0.96
328,        20100507,            0.97
329,        20100510,            1.09
330,        20100511,            0.99
331,        20100512,            1.03
332,        20100513,            0.99
333,        20100514,            0.97
334,        20100517,            1.00
335,        20100518,            0.98
336,        20100519,            0.98
337,        20100520,            0.94
338,        20100521,            1.01
339,        20100524,            0.98
340,        20100525,            1.00
341,        20100526,            1.01
342,        20100527,            1.04
343,        20100528,            0.98
344,        20100601,            0.97
345,        20100602,            1.04
346,        20100603,            1.00
347,        20100604,            0.94
348,        20100607,            0.98
349,        20100608,            1.02
350,        20100609,            1.01
351,        20100610,            1.04
352,        20100611,            1.00
353,        20100614,            1.00
354,        20100615,            1.04
355,        20100616,            0.97
356,        20100617,            1.00
357,        20100618,            0.99
358,        20100621,            1.00
359,        20100622,            0.96
360,        20100623,            1.00
361,        20100624,            0.97
362,        20100625,            1.03
363,        20100628,            1.00
364,        20100629,            0.97
365,        20100630,            0.99
366,        20100701,            1.00
367,        20100702,            1.00
368,        20100706,            1.00
369,        20100707,            1.04
370,        20100708,            1.01
371,        20100709,            1.00
372,        20100712,            0.98
373,        20100713,            1.03
374,        20100714,            0.99
375,        20100715,            1.01
376,        20100716,            0.97
377,        20100719,            1.01
378,        20100720,            1.02
379,        20100721,            1.01
380,        20100722,            1.04
381,        20100723,            1.03
382,        20100726,            1.00
383,        20100727,            0.98
384,        20100728,            1.01
385,        20100729,            1.00
386,        20100730,            1.01
387,        20100802,            1.03
388,        20100803,            1.01
389,        20100804,            1.00
390,        20100805,            1.01
391,        20100806,            1.00
392,        20100809,            1.00
393,        20100810,            1.00
394,        20100811,            0.96
395,        20100812,            1.01
396,        20100813,            1.01
397,        20100816,            1.00
398,        20100817,            1.03
399,        20100818,            1.01
400,        20100819,            0.97
401,        20100820,            0.99
402,        20100823,            0.98
403,        20100824,            0.97
404,        20100825,            0.99
405,        20100826,            1.00
406,        20100827,            1.01
407,        20100830,            0.98
408,        20100831,            1.00
409,        20100901,            1.05
410,        20100902,            1.02
411,        20100903,            1.02
412,        20100907,            0.99
413,        20100908,            1.01
414,        20100909,            1.00
415,        20100910,            1.00
416,        20100913,            1.04
417,        20100914,            0.99
418,        20100915,            1.00
419,        20100916,            1.00
420,        20100917,            1.02
421,        20100920,            1.02
422,        20100921,            0.99
423,        20100922,            1.00
424,        20100923,            0.98
425,        20100924,            1.03
426,        20100927,            0.99
427,        20100928,            1.01
428,        20100929,            1.00
429,        20100930,            0.99
430,        20101001,            1.00
431,        20101004,            0.97
432,        20101005,            1.04
433,        20101006,            0.99
434,        20101007,            1.01
435,        20101008,            1.01
436,        20101011,            1.00
437,        20101012,            0.99
438,        20101013,            1.02
439,        20101014,            0.99
440,        20101015,            1.00
441,        20101018,            1.02
442,        20101019,            1.04
443,        20101020,            1.01
444,        20101021,            1.01
445,        20101022,            1.00
446,        20101025,            1.01
447,        20101026,            0.99
448,        20101027,            0.99
449,        20101028,            1.00
450,        20101029,            1.01
451,        20101101,            1.01
452,        20101102,            1.02
453,        20101103,            0.99
454,        20101104,            1.03
455,        20101105,            1.02
456,        20101108,            0.99
457,        20101109,            0.99
458,        20101110,            1.01
459,        20101111,            1.01
460,        20101112,            0.98
461,        20101115,            1.01
462,        20101116,            0.98
463,        20101117,            0.99
464,        20101118,            1.02
465,        20101119,            1.02
466,        20101122,            1.00
467,        20101123,            0.98
468,        20101124,            1.03
469,        20101126,            0.99
470,        20101129,            0.99
471,        20101130,            1.00
472,        20101201,            1.04
473,        20101202,            1.01
474,        20101203,            1.00
475,        20101206,            1.01
476,        20101207,            1.00
477,        20101208,            1.00
478,        20101209,            1.00
479,        20101210,            1.01
480,        20101213,            1.00
481,        20101214,            1.00
482,        20101215,            0.99
483,        20101216,            1.00
484,        20101217,            0.99
485,        20101220,            1.00
486,        20101221,            1.01
487,        20101222,            1.00
488,        20101223,            1.00
489,        20101227,            1.01
490,        20101228,            1.00
491,        20101229,            1.00
492,        20101230,            1.00
493,        20101231,            1.00
494,        20110103,            1.01
495,        20110104,            1.00
496,        20110105,            1.00
497,        20110106,            0.98
498,        20110107,            1.00
