0,        20090116,            1.02
1,        20090120,            0.96
2,        20090121,            1.04
3,        20090122,            0.91
4,        20090123,            0.86
5,        20090126,            1.05
6,        20090127,            0.98
7,        20090128,            1.02
8,        20090129,            0.96
9,        20090130,            1.02
10,        20090202,            1.00
11,        20090203,            1.00
12,        20090204,            1.02
13,        20090205,            1.04
14,        20090206,            1.00
15,        20090209,            0.96
16,        20090210,            0.91
17,        20090211,            0.95
18,        20090212,            0.97
19,        20090213,            1.08
20,        20090217,            0.90
21,        20090218,            0.95
22,        20090219,            0.97
23,        20090220,            0.89
24,        20090223,            1.03
25,        20090224,            1.06
26,        20090225,            0.97
27,        20090226,            1.09
28,        20090227,            0.94
29,        20090302,            0.97
30,        20090303,            1.00
31,        20090304,            1.00
32,        20090305,            0.88
33,        20090306,            0.86
34,        20090309,            0.92
35,        20090310,            1.09
36,        20090311,            1.00
37,        20090312,            1.08
38,        20090313,            1.00
39,        20090316,            0.93
40,        20090317,            1.04
41,        20090318,            1.12
42,        20090319,            1.21
43,        20090320,            1.09
44,        20090323,            1.08
45,        20090324,            0.95
46,        20090325,            1.10
47,        20090326,            1.02
48,        20090327,            1.07
49,        20090330,            1.09
50,        20090331,            1.16
51,        20090401,            1.10
52,        20090402,            1.06
53,        20090403,            0.99
54,        20090406,            0.93
55,        20090407,            0.87
56,        20090408,            1.11
57,        20090409,            1.13
58,        20090413,            0.97
59,        20090414,            0.99
60,        20090415,            1.05
61,        20090416,            1.00
62,        20090417,            1.01
63,        20090420,            0.97
64,        20090421,            1.19
65,        20090422,            1.05
66,        20090423,            0.94
67,        20090424,            1.07
68,        20090427,            0.94
69,        20090428,            1.04
70,        20090429,            1.06
71,        20090430,            0.96
72,        20090501,            0.96
73,        20090504,            1.09
74,        20090505,            0.96
75,        20090506,            1.04
76,        20090507,            1.00
77,        20090508,            1.45
78,        20090511,            0.98
79,        20090512,            0.89
80,        20090513,            0.95
81,        20090514,            1.24
82,        20090515,            1.01
83,        20090518,            1.00
84,        20090519,            1.04
85,        20090520,            1.02
86,        20090521,            0.99
87,        20090522,            0.94
88,        20090526,            1.05
89,        20090527,            1.00
90,        20090528,            0.99
91,        20090529,            1.00
92,        20090601,            1.08
93,        20090602,            1.01
94,        20090603,            0.99
95,        20090604,            1.01
96,        20090605,            1.10
97,        20090608,            0.98
98,        20090609,            1.01
99,        20090610,            1.01
100,        20090611,            0.99
101,        20090612,            1.01
102,        20090615,            0.99
103,        20090616,            0.96
104,        20090617,            0.93
105,        20090618,            1.05
106,        20090619,            1.02
107,        20090622,            0.92
108,        20090623,            0.99
109,        20090624,            1.02
110,        20090625,            1.03
111,        20090626,            1.13
112,        20090629,            0.95
113,        20090630,            1.01
114,        20090701,            1.04
115,        20090702,            0.95
116,        20090706,            0.94
117,        20090707,            0.94
118,        20090708,            0.86
119,        20090709,            1.04
120,        20090710,            0.97
121,        20090713,            1.05
122,        20090714,            1.00
123,        20090715,            1.10
124,        20090716,            0.99
125,        20090717,            1.02
126,        20090720,            0.97
127,        20090721,            1.01
128,        20090722,            1.01
129,        20090723,            1.00
130,        20090724,            0.98
131,        20090727,            1.04
132,        20090728,            1.01
133,        20090729,            0.99
134,        20090730,            1.01
135,        20090731,            0.88
136,        20090803,            1.02
137,        20090804,            0.99
138,        20090805,            0.96
139,        20090806,            0.95
140,        20090807,            1.02
141,        20090810,            1.03
142,        20090811,            0.98
143,        20090812,            1.03
144,        20090813,            1.03
145,        20090814,            0.98
146,        20090817,            0.97
147,        20090818,            1.05
148,        20090819,            1.00
149,        20090820,            0.99
150,        20090821,            1.01
151,        20090824,            0.99
152,        20090825,            0.99
153,        20090826,            0.99
154,        20090827,            1.01
155,        20090828,            0.98
156,        20090831,            1.02
157,        20090901,            0.96
158,        20090902,            1.00
159,        20090903,            0.98
160,        20090904,            1.06
161,        20090908,            0.98
162,        20090909,            1.10
163,        20090910,            1.13
164,        20090911,            1.09
165,        20090914,            0.96
166,        20090915,            0.97
167,        20090916,            1.01
168,        20090917,            0.97
169,        20090918,            1.03
170,        20090921,            1.06
171,        20090922,            1.04
172,        20090923,            0.95
173,        20090924,            0.98
174,        20090925,            0.98
175,        20090928,            1.00
176,        20090929,            0.97
177,        20090930,            1.04
178,        20091001,            0.91
179,        20091002,            0.97
180,        20091005,            1.03
181,        20091006,            0.99
182,        20091007,            1.03
183,        20091008,            1.01
184,        20091009,            1.03
185,        20091012,            1.00
186,        20091013,            1.08
187,        20091014,            1.02
188,        20091015,            0.93
189,        20091016,            0.95
190,        20091019,            0.97
191,        20091020,            0.95
192,        20091021,            0.99
193,        20091022,            1.04
194,        20091023,            0.93
195,        20091026,            1.02
196,        20091027,            0.98
197,        20091028,            0.92
198,        20091029,            1.01
199,        20091030,            1.02
200,        20091102,            0.89
201,        20091103,            1.15
202,        20091104,            0.96
203,        20091105,            1.04
204,        20091106,            1.00
205,        20091109,            1.01
206,        20091110,            1.02
207,        20091111,            0.99
208,        20091112,            0.96
209,        20091113,            0.99
210,        20091116,            1.03
211,        20091117,            1.01
212,        20091118,            1.10
213,        20091119,            0.94
214,        20091120,            1.01
215,        20091123,            1.05
216,        20091124,            0.99
217,        20091125,            1.00
218,        20091127,            0.96
219,        20091130,            1.04
220,        20091201,            1.01
221,        20091202,            0.98
222,        20091203,            0.91
223,        20091204,            1.11
224,        20091207,            0.99
225,        20091208,            0.97
226,        20091209,            1.00
227,        20091210,            0.99
228,        20091211,            1.01
229,        20091214,            1.01
230,        20091215,            0.96
231,        20091216,            1.01
232,        20091217,            0.98
233,        20091218,            0.97
234,        20091221,            1.05
235,        20091222,            1.01
236,        20091223,            0.98
237,        20091224,            1.00
238,        20091228,            0.99
239,        20091229,            0.99
240,        20091230,            1.00
241,        20091231,            1.00
242,        20100104,            1.07
243,        20100105,            1.01
244,        20100106,            1.02
245,        20100107,            1.01
246,        20100108,            0.99
247,        20100111,            1.04
248,        20100112,            0.97
249,        20100113,            0.99
250,        20100114,            1.01
251,        20100115,            1.01
252,        20100119,            1.01
253,        20100120,            1.04
254,        20100121,            0.98
255,        20100122,            0.98
256,        20100125,            1.01
257,        20100126,            0.97
258,        20100127,            1.02
259,        20100128,            0.99
260,        20100129,            0.99
261,        20100201,            1.00
262,        20100202,            1.07
263,        20100203,            0.96
264,        20100204,            0.96
265,        20100205,            0.90
266,        20100208,            0.93
267,        20100209,            0.98
268,        20100210,            0.98
269,        20100211,            1.06
270,        20100212,            1.03
271,        20100216,            1.07
272,        20100217,            1.00
273,        20100218,            0.97
274,        20100219,            1.00
275,        20100222,            0.98
276,        20100223,            0.99
277,        20100224,            0.98
278,        20100225,            0.98
279,        20100226,            1.02
280,        20100301,            1.03
281,        20100302,            0.98
282,        20100303,            1.02
283,        20100304,            0.99
284,        20100305,            1.04
285,        20100308,            1.02
286,        20100309,            1.02
287,        20100310,            1.03
288,        20100311,            1.01
289,        20100312,            0.99
290,        20100315,            1.00
291,        20100316,            0.98
292,        20100317,            0.97
293,        20100318,            1.02
294,        20100319,            0.97
295,        20100322,            1.02
296,        20100323,            0.98
297,        20100324,            1.00
298,        20100325,            1.03
299,        20100326,            0.99
300,        20100329,            0.98
301,        20100330,            1.03
302,        20100331,            0.98
303,        20100401,            0.98
304,        20100405,            1.04
305,        20100406,            1.01
306,        20100407,            1.06
307,        20100408,            1.07
308,        20100409,            1.07
309,        20100412,            0.97
310,        20100413,            1.00
311,        20100414,            1.02
312,        20100415,            1.00
313,        20100416,            1.01
314,        20100419,            0.99
315,        20100420,            1.02
316,        20100421,            1.07
317,        20100422,            1.00
318,        20100423,            1.00
319,        20100426,            1.02
320,        20100427,            0.98
321,        20100428,            1.04
322,        20100429,            1.02
323,        20100430,            0.99
324,        20100503,            1.01
325,        20100504,            1.01
326,        20100505,            1.00
327,        20100506,            0.97
328,        20100507,            0.97
329,        20100510,            1.01
330,        20100511,            1.04
331,        20100512,            1.03
332,        20100513,            0.98
333,        20100514,            0.97
334,        20100517,            0.96
335,        20100518,            0.99
336,        20100519,            0.98
337,        20100520,            0.99
338,        20100521,            1.04
339,        20100524,            0.96
340,        20100525,            1.01
341,        20100526,            1.00
342,        20100527,            1.02
343,        20100528,            1.00
344,        20100601,            0.96
345,        20100602,            1.03
346,        20100603,            0.99
347,        20100604,            0.96
348,        20100607,            0.94
349,        20100608,            0.98
350,        20100609,            1.03
351,        20100610,            1.03
352,        20100611,            1.02
353,        20100614,            1.03
354,        20100615,            0.99
355,        20100616,            0.99
356,        20100617,            1.05
357,        20100618,            0.99
358,        20100621,            0.98
359,        20100622,            0.97
360,        20100623,            0.99
361,        20100624,            0.95
362,        20100625,            1.02
363,        20100628,            0.95
364,        20100629,            1.01
365,        20100630,            1.08
366,        20100701,            0.97
367,        20100702,            0.99
368,        20100706,            0.97
369,        20100707,            1.08
370,        20100708,            1.00
371,        20100709,            1.05
372,        20100712,            0.97
373,        20100713,            1.14
374,        20100714,            0.99
375,        20100715,            0.97
376,        20100716,            1.01
377,        20100719,            1.14
378,        20100720,            0.99
379,        20100721,            0.98
380,        20100722,            1.02
381,        20100723,            1.00
382,        20100726,            1.02
383,        20100727,            0.95
384,        20100728,            0.98
385,        20100729,            0.97
386,        20100730,            1.00
387,        20100802,            1.02
388,        20100803,            1.03
389,        20100804,            1.00
390,        20100805,            0.98
391,        20100806,            0.98
392,        20100809,            1.02
393,        20100810,            0.93
394,        20100811,            0.95
395,        20100812,            1.01
396,        20100813,            0.96
397,        20100816,            0.99
398,        20100817,            1.04
399,        20100818,            1.02
400,        20100819,            0.97
401,        20100820,            0.97
402,        20100823,            0.99
403,        20100824,            1.03
404,        20100825,            1.01
405,        20100826,            1.01
406,        20100827,            1.05
407,        20100830,            0.98
408,        20100831,            1.00
409,        20100901,            1.08
410,        20100902,            1.01
411,        20100903,            1.03
412,        20100907,            0.97
413,        20100908,            1.04
414,        20100909,            1.00
415,        20100910,            1.01
416,        20100913,            1.01
417,        20100914,            0.98
418,        20100915,            0.98
419,        20100916,            0.99
420,        20100917,            0.99
421,        20100920,            0.99
422,        20100921,            0.99
423,        20100922,            0.98
424,        20100923,            1.00
425,        20100924,            1.02
426,        20100927,            1.00
427,        20100928,            1.01
428,        20100929,            0.98
429,        20100930,            1.00
430,        20101001,            1.01
431,        20101004,            0.98
432,        20101005,            0.99
433,        20101006,            0.98
434,        20101007,            0.99
435,        20101008,            1.02
436,        20101011,            0.98
437,        20101012,            1.07
438,        20101013,            0.99
439,        20101014,            0.96
440,        20101015,            1.05
441,        20101018,            1.01
442,        20101019,            1.00
443,        20101020,            1.02
444,        20101021,            0.99
445,        20101022,            0.99
446,        20101025,            1.06
447,        20101026,            1.01
448,        20101027,            0.98
449,        20101028,            0.99
450,        20101029,            1.11
451,        20101101,            0.99
452,        20101102,            1.00
453,        20101103,            1.00
454,        20101104,            1.03
455,        20101105,            1.00
456,        20101108,            1.00
457,        20101109,            1.01
458,        20101110,            1.00
459,        20101111,            0.97
460,        20101112,            0.95
461,        20101115,            1.00
462,        20101116,            0.99
463,        20101117,            1.01
464,        20101118,            1.00
465,        20101119,            1.01
466,        20101122,            1.00
467,        20101123,            0.96
468,        20101124,            1.01
469,        20101126,            1.00
470,        20101129,            1.02
471,        20101130,            0.99
472,        20101201,            1.01
473,        20101202,            1.02
474,        20101203,            1.02
475,        20101206,            1.11
476,        20101207,            1.02
477,        20101208,            1.03
478,        20101209,            1.00
479,        20101210,            1.05
480,        20101213,            0.89
481,        20101214,            1.01
482,        20101215,            1.03
483,        20101216,            1.00
484,        20101217,            1.00
485,        20101220,            1.03
486,        20101221,            1.04
487,        20101222,            0.96
488,        20101223,            1.00
489,        20101227,            1.02
490,        20101228,            1.00
491,        20101229,            0.97
492,        20101230,            1.02
493,        20101231,            0.99
494,        20110103,            1.02
495,        20110104,            1.16
496,        20110105,            1.07
497,        20110106,            1.05
498,        20110107,            0.98
