0,        20090116,            1.00
1,        20090120,            0.76
2,        20090121,            1.08
3,        20090122,            0.86
4,        20090123,            1.10
5,        20090126,            0.88
6,        20090127,            1.00
7,        20090128,            1.12
8,        20090129,            0.91
9,        20090130,            0.84
10,        20090202,            0.84
11,        20090203,            0.89
12,        20090204,            0.96
13,        20090205,            1.13
14,        20090206,            1.48
15,        20090209,            1.10
16,        20090210,            0.70
17,        20090211,            1.14
18,        20090212,            0.97
19,        20090213,            0.95
20,        20090217,            0.91
21,        20090218,            0.97
22,        20090219,            0.88
23,        20090220,            1.08
24,        20090223,            0.95
25,        20090224,            1.22
26,        20090225,            1.14
27,        20090226,            1.05
28,        20090227,            0.87
29,        20090302,            1.04
30,        20090303,            0.96
31,        20090304,            1.03
32,        20090305,            0.88
33,        20090306,            0.95
34,        20090309,            1.11
35,        20090310,            1.14
36,        20090311,            0.94
37,        20090312,            1.07
38,        20090313,            1.03
39,        20090316,            0.99
40,        20090317,            1.06
41,        20090318,            1.21
42,        20090319,            0.88
43,        20090320,            0.93
44,        20090323,            1.12
45,        20090324,            1.00
46,        20090325,            1.04
47,        20090326,            0.97
48,        20090327,            0.95
49,        20090330,            0.90
50,        20090331,            1.09
51,        20090401,            1.04
52,        20090402,            1.01
53,        20090403,            1.02
54,        20090406,            0.93
55,        20090407,            0.94
56,        20090408,            0.96
57,        20090409,            1.13
58,        20090413,            1.17
59,        20090414,            0.94
60,        20090415,            1.06
61,        20090416,            1.34
62,        20090417,            1.08
63,        20090420,            0.80
64,        20090421,            1.06
65,        20090422,            0.94
66,        20090423,            1.00
67,        20090424,            0.96
68,        20090427,            0.88
69,        20090428,            0.96
70,        20090429,            0.99
71,        20090430,            0.96
72,        20090501,            0.98
73,        20090504,            1.26
74,        20090505,            0.99
75,        20090506,            1.06
76,        20090507,            0.90
77,        20090508,            1.25
78,        20090511,            0.91
79,        20090512,            0.90
80,        20090513,            0.88
81,        20090514,            1.06
82,        20090515,            0.97
83,        20090518,            1.12
84,        20090519,            0.97
85,        20090520,            0.93
86,        20090521,            0.84
87,        20090522,            0.99
88,        20090526,            0.95
89,        20090527,            1.03
90,        20090528,            1.02
91,        20090529,            1.04
92,        20090601,            0.95
93,        20090602,            1.00
94,        20090603,            1.01
95,        20090604,            1.01
96,        20090605,            0.98
97,        20090608,            1.02
98,        20090609,            1.00
99,        20090610,            0.99
100,        20090611,            1.09
101,        20090612,            1.02
102,        20090615,            0.97
103,        20090616,            0.98
104,        20090617,            0.94
105,        20090618,            1.01
106,        20090619,            1.02
107,        20090622,            0.93
108,        20090623,            0.98
109,        20090624,            1.01
110,        20090625,            1.04
111,        20090626,            1.00
112,        20090629,            1.03
113,        20090630,            0.99
114,        20090701,            0.98
115,        20090702,            0.94
116,        20090706,            1.02
117,        20090707,            1.00
118,        20090708,            0.98
119,        20090709,            1.02
120,        20090710,            1.02
121,        20090713,            1.04
122,        20090714,            1.00
123,        20090715,            1.03
124,        20090716,            1.00
125,        20090717,            0.96
126,        20090720,            1.00
127,        20090721,            0.85
128,        20090722,            1.02
129,        20090723,            1.05
130,        20090724,            1.01
131,        20090727,            1.09
132,        20090728,            0.97
133,        20090729,            0.99
134,        20090730,            1.09
135,        20090731,            1.04
136,        20090803,            1.00
137,        20090804,            1.03
138,        20090805,            1.03
139,        20090806,            0.97
140,        20090807,            1.07
141,        20090810,            1.01
142,        20090811,            0.96
143,        20090812,            1.01
144,        20090813,            1.08
145,        20090814,            1.08
146,        20090817,            0.93
147,        20090818,            1.04
148,        20090819,            1.01
149,        20090820,            1.00
150,        20090821,            1.07
151,        20090824,            0.97
152,        20090825,            1.02
153,        20090826,            1.00
154,        20090827,            1.01
155,        20090828,            1.01
156,        20090831,            0.98
157,        20090901,            0.95
158,        20090902,            0.94
159,        20090903,            1.01
160,        20090904,            1.06
161,        20090908,            1.01
162,        20090909,            1.01
163,        20090910,            0.99
164,        20090911,            0.98
165,        20090914,            1.00
166,        20090915,            1.10
167,        20090916,            1.05
168,        20090917,            0.98
169,        20090918,            0.98
170,        20090921,            1.07
171,        20090922,            1.04
172,        20090923,            0.96
173,        20090924,            0.97
174,        20090925,            1.00
175,        20090928,            1.03
176,        20090929,            0.98
177,        20090930,            0.96
178,        20091001,            0.96
179,        20091002,            0.97
180,        20091005,            1.03
181,        20091006,            0.99
182,        20091007,            1.02
183,        20091008,            0.99
184,        20091009,            1.00
185,        20091012,            1.01
186,        20091013,            0.99
187,        20091014,            1.02
188,        20091015,            1.00
189,        20091016,            0.96
190,        20091019,            0.98
191,        20091020,            1.02
192,        20091021,            0.98
193,        20091022,            1.02
194,        20091023,            0.95
195,        20091026,            0.92
196,        20091027,            0.99
197,        20091028,            0.95
198,        20091029,            1.07
199,        20091030,            0.93
200,        20091102,            0.99
201,        20091103,            1.01
202,        20091104,            0.96
203,        20091105,            1.03
204,        20091106,            0.99
205,        20091109,            1.04
206,        20091110,            0.97
207,        20091111,            1.00
208,        20091112,            0.99
209,        20091113,            1.01
210,        20091116,            1.02
211,        20091117,            1.05
212,        20091118,            1.04
213,        20091119,            0.99
214,        20091120,            1.02
215,        20091123,            1.04
216,        20091124,            1.01
217,        20091125,            1.01
218,        20091127,            0.96
219,        20091130,            1.05
220,        20091201,            0.99
221,        20091202,            1.01
222,        20091203,            0.94
223,        20091204,            1.04
224,        20091207,            0.99
225,        20091208,            1.01
226,        20091209,            0.98
227,        20091210,            0.99
228,        20091211,            1.01
229,        20091214,            1.00
230,        20091215,            0.96
231,        20091216,            1.00
232,        20091217,            1.00
233,        20091218,            1.02
234,        20091221,            1.01
235,        20091222,            1.01
236,        20091223,            0.97
237,        20091224,            1.01
238,        20091228,            0.99
239,        20091229,            1.00
240,        20091230,            0.99
241,        20091231,            0.99
242,        20100104,            1.02
243,        20100105,            1.03
244,        20100106,            1.01
245,        20100107,            1.09
246,        20100108,            1.00
247,        20100111,            1.02
248,        20100112,            0.99
249,        20100113,            1.02
250,        20100114,            1.03
251,        20100115,            1.00
252,        20100119,            1.00
253,        20100120,            1.03
254,        20100121,            1.02
255,        20100122,            0.96
256,        20100125,            0.99
257,        20100126,            0.93
258,        20100127,            1.01
259,        20100128,            1.04
260,        20100129,            0.99
261,        20100201,            1.05
262,        20100202,            0.99
263,        20100203,            0.97
264,        20100204,            0.96
265,        20100205,            1.01
266,        20100208,            1.01
267,        20100209,            1.01
268,        20100210,            1.01
269,        20100211,            1.00
270,        20100212,            1.00
271,        20100216,            1.04
272,        20100217,            0.98
273,        20100218,            0.99
274,        20100219,            1.02
275,        20100222,            1.04
276,        20100223,            0.96
277,        20100224,            1.02
278,        20100225,            0.98
279,        20100226,            1.03
280,        20100301,            0.99
281,        20100302,            0.99
282,        20100303,            1.00
283,        20100304,            1.01
284,        20100305,            1.03
285,        20100308,            1.02
286,        20100309,            0.99
287,        20100310,            1.05
288,        20100311,            1.01
289,        20100312,            0.99
290,        20100315,            0.99
291,        20100316,            1.04
292,        20100317,            1.03
293,        20100318,            0.97
294,        20100319,            0.98
295,        20100322,            1.03
296,        20100323,            1.01
297,        20100324,            1.02
298,        20100325,            0.98
299,        20100326,            0.99
300,        20100329,            1.00
301,        20100330,            1.00
302,        20100331,            1.03
303,        20100401,            0.99
304,        20100405,            1.05
305,        20100406,            1.04
306,        20100407,            0.98
307,        20100408,            1.03
308,        20100409,            1.00
309,        20100412,            1.02
310,        20100413,            0.95
311,        20100414,            1.06
312,        20100415,            0.97
313,        20100416,            0.97
314,        20100419,            1.00
315,        20100420,            1.06
316,        20100421,            1.00
317,        20100422,            1.01
318,        20100423,            1.01
319,        20100426,            0.97
320,        20100427,            0.97
321,        20100428,            1.01
322,        20100429,            1.02
323,        20100430,            1.02
324,        20100503,            1.00
325,        20100504,            0.97
326,        20100505,            1.01
327,        20100506,            0.95
328,        20100507,            0.97
329,        20100510,            1.07
330,        20100511,            1.02
331,        20100512,            1.02
332,        20100513,            0.99
333,        20100514,            0.95
334,        20100517,            1.00
335,        20100518,            0.96
336,        20100519,            0.99
337,        20100520,            0.93
338,        20100521,            1.03
339,        20100524,            0.96
340,        20100525,            1.03
341,        20100526,            0.99
342,        20100527,            1.06
343,        20100528,            0.97
344,        20100601,            0.97
345,        20100602,            1.04
346,        20100603,            0.99
347,        20100604,            0.93
348,        20100607,            0.97
349,        20100608,            1.03
350,        20100609,            0.96
351,        20100610,            1.05
352,        20100611,            0.99
353,        20100614,            1.01
354,        20100615,            1.03
355,        20100616,            0.98
356,        20100617,            1.00
357,        20100618,            1.00
358,        20100621,            1.00
359,        20100622,            0.98
360,        20100623,            1.01
361,        20100624,            0.96
362,        20100625,            1.03
363,        20100628,            1.01
364,        20100629,            0.95
365,        20100630,            0.97
366,        20100701,            0.97
367,        20100702,            0.98
368,        20100706,            1.03
369,        20100707,            1.03
370,        20100708,            1.03
371,        20100709,            1.05
372,        20100712,            1.01
373,        20100713,            1.02
374,        20100714,            0.97
375,        20100715,            0.98
376,        20100716,            0.93
377,        20100719,            1.02
378,        20100720,            0.98
379,        20100721,            0.95
380,        20100722,            1.06
381,        20100723,            1.01
382,        20100726,            1.07
383,        20100727,            1.02
384,        20100728,            1.01
385,        20100729,            1.02
386,        20100730,            0.99
387,        20100802,            1.05
388,        20100803,            0.98
389,        20100804,            1.00
390,        20100805,            0.98
391,        20100806,            0.99
392,        20100809,            1.03
393,        20100810,            1.01
394,        20100811,            0.93
395,        20100812,            1.00
396,        20100813,            1.00
397,        20100816,            1.00
398,        20100817,            1.00
399,        20100818,            1.01
400,        20100819,            0.96
401,        20100820,            0.98
402,        20100823,            1.00
403,        20100824,            0.96
404,        20100825,            0.99
405,        20100826,            0.98
406,        20100827,            1.04
407,        20100830,            0.97
408,        20100831,            1.00
409,        20100901,            1.07
410,        20100902,            1.01
411,        20100903,            0.99
412,        20100907,            0.95
413,        20100908,            1.05
414,        20100909,            1.00
415,        20100910,            1.00
416,        20100913,            1.06
417,        20100914,            0.98
418,        20100915,            0.98
419,        20100916,            0.99
420,        20100917,            0.98
421,        20100920,            1.03
422,        20100921,            1.00
423,        20100922,            0.97
424,        20100923,            0.98
425,        20100924,            1.03
426,        20100927,            1.00
427,        20100928,            1.02
428,        20100929,            1.02
429,        20100930,            1.01
430,        20101001,            0.99
431,        20101004,            1.01
432,        20101005,            1.04
433,        20101006,            0.99
434,        20101007,            0.98
435,        20101008,            1.01
436,        20101011,            0.99
437,        20101012,            1.02
438,        20101013,            0.98
439,        20101014,            0.98
440,        20101015,            0.98
441,        20101018,            1.04
442,        20101019,            1.00
443,        20101020,            0.99
444,        20101021,            1.00
445,        20101022,            0.98
446,        20101025,            0.98
447,        20101026,            0.92
448,        20101027,            0.98
449,        20101028,            0.99
450,        20101029,            1.00
451,        20101101,            0.99
452,        20101102,            0.98
453,        20101103,            1.03
454,        20101104,            1.04
455,        20101105,            0.99
456,        20101108,            0.98
457,        20101109,            0.98
458,        20101110,            1.01
459,        20101111,            1.03
460,        20101112,            0.96
461,        20101115,            1.01
462,        20101116,            0.95
463,        20101117,            0.94
464,        20101118,            0.96
465,        20101119,            1.04
466,        20101122,            0.97
467,        20101123,            0.97
468,        20101124,            1.01
469,        20101126,            1.00
470,        20101129,            1.02
471,        20101130,            1.00
472,        20101201,            1.05
473,        20101202,            1.07
474,        20101203,            1.00
475,        20101206,            1.00
476,        20101207,            0.99
477,        20101208,            1.05
478,        20101209,            1.03
479,        20101210,            0.99
480,        20101213,            1.01
481,        20101214,            0.95
482,        20101215,            1.01
483,        20101216,            0.97
484,        20101217,            1.02
485,        20101220,            1.01
486,        20101221,            1.02
487,        20101222,            1.07
488,        20101223,            0.98
489,        20101227,            1.00
490,        20101228,            1.00
491,        20101229,            1.01
492,        20101230,            1.01
493,        20101231,            1.01
494,        20110103,            1.01
495,        20110104,            0.99
496,        20110105,            1.03
497,        20110106,            0.99
498,        20110107,            0.98
