0,        20090116,            1.00
1,        20090120,            0.91
2,        20090121,            1.03
3,        20090122,            1.00
4,        20090123,            1.02
5,        20090126,            1.02
6,        20090127,            1.02
7,        20090128,            1.03
8,        20090129,            0.96
9,        20090130,            0.99
10,        20090202,            1.02
11,        20090203,            1.03
12,        20090204,            1.00
13,        20090205,            1.02
14,        20090206,            1.03
15,        20090209,            0.98
16,        20090210,            0.99
17,        20090211,            0.97
18,        20090212,            1.01
19,        20090213,            0.99
20,        20090217,            0.94
21,        20090218,            0.97
22,        20090219,            1.00
23,        20090220,            1.02
24,        20090223,            0.97
25,        20090224,            1.04
26,        20090225,            0.98
27,        20090226,            0.98
28,        20090227,            0.98
29,        20090302,            0.99
30,        20090303,            1.02
31,        20090304,            1.05
32,        20090305,            0.95
33,        20090306,            0.98
34,        20090309,            0.98
35,        20090310,            1.08
36,        20090311,            1.04
37,        20090312,            1.02
38,        20090313,            0.99
39,        20090316,            0.98
40,        20090317,            1.06
41,        20090318,            1.01
42,        20090319,            0.99
43,        20090320,            0.95
44,        20090323,            1.10
45,        20090324,            0.93
46,        20090325,            0.98
47,        20090326,            1.17
48,        20090327,            0.97
49,        20090330,            1.05
50,        20090331,            1.00
51,        20090401,            0.99
52,        20090402,            1.01
53,        20090403,            1.04
54,        20090406,            0.99
55,        20090407,            0.98
56,        20090408,            1.02
57,        20090409,            1.03
58,        20090413,            0.99
59,        20090414,            0.97
60,        20090415,            0.98
61,        20090416,            1.03
62,        20090417,            1.00
63,        20090420,            0.95
64,        20090421,            1.01
65,        20090422,            1.05
66,        20090423,            0.98
67,        20090424,            1.01
68,        20090427,            0.99
69,        20090428,            0.97
70,        20090429,            1.02
71,        20090430,            0.97
72,        20090501,            0.99
73,        20090504,            1.05
74,        20090505,            1.01
75,        20090506,            1.00
76,        20090507,            0.97
77,        20090508,            1.00
78,        20090511,            1.03
79,        20090512,            0.99
80,        20090513,            0.98
81,        20090514,            1.03
82,        20090515,            1.10
83,        20090518,            0.99
84,        20090519,            0.99
85,        20090520,            0.98
86,        20090521,            1.00
87,        20090522,            1.02
88,        20090526,            1.02
89,        20090527,            1.00
90,        20090528,            1.01
91,        20090529,            1.00
92,        20090601,            1.04
93,        20090602,            0.99
94,        20090603,            0.97
95,        20090604,            1.01
96,        20090605,            0.99
97,        20090608,            1.00
98,        20090609,            1.03
99,        20090610,            0.99
100,        20090611,            1.01
101,        20090612,            1.01
102,        20090615,            0.99
103,        20090616,            0.98
104,        20090617,            1.00
105,        20090618,            1.00
106,        20090619,            0.99
107,        20090622,            0.94
108,        20090623,            1.04
109,        20090624,            1.03
110,        20090625,            0.96
111,        20090626,            1.03
112,        20090629,            1.01
113,        20090630,            1.01
114,        20090701,            1.02
115,        20090702,            0.99
116,        20090706,            0.96
117,        20090707,            0.97
118,        20090708,            1.00
119,        20090709,            1.02
120,        20090710,            0.99
121,        20090713,            1.00
122,        20090714,            1.01
123,        20090715,            1.05
124,        20090716,            1.02
125,        20090717,            0.99
126,        20090720,            1.08
127,        20090721,            1.00
128,        20090722,            1.02
129,        20090723,            1.02
130,        20090724,            0.99
131,        20090727,            0.99
132,        20090728,            1.00
133,        20090729,            1.00
134,        20090730,            1.00
135,        20090731,            1.01
136,        20090803,            0.98
137,        20090804,            1.00
138,        20090805,            1.00
139,        20090806,            0.98
140,        20090807,            1.00
141,        20090810,            1.01
142,        20090811,            0.98
143,        20090812,            1.03
144,        20090813,            1.01
145,        20090814,            0.97
146,        20090817,            0.97
147,        20090818,            1.00
148,        20090819,            1.02
149,        20090820,            1.03
150,        20090821,            1.02
151,        20090824,            1.00
152,        20090825,            1.00
153,        20090826,            1.00
154,        20090827,            1.01
155,        20090828,            1.01
156,        20090831,            1.00
157,        20090901,            0.98
158,        20090902,            1.01
159,        20090903,            1.02
160,        20090904,            1.02
161,        20090908,            1.05
162,        20090909,            1.01
163,        20090910,            1.02
164,        20090911,            1.00
165,        20090914,            1.00
166,        20090915,            0.99
167,        20090916,            1.01
168,        20090917,            1.01
169,        20090918,            1.01
170,        20090921,            1.00
171,        20090922,            0.99
172,        20090923,            0.98
173,        20090924,            1.12
174,        20090925,            0.99
175,        20090928,            1.00
176,        20090929,            1.00
177,        20090930,            1.00
178,        20091001,            0.98
179,        20091002,            0.99
180,        20091005,            1.03
181,        20091006,            1.01
182,        20091007,            1.00
183,        20091008,            0.99
184,        20091009,            1.02
185,        20091012,            0.99
186,        20091013,            1.01
187,        20091014,            1.02
188,        20091015,            1.01
189,        20091016,            0.99
190,        20091019,            0.99
191,        20091020,            0.98
192,        20091021,            0.99
193,        20091022,            1.01
194,        20091023,            0.99
195,        20091026,            1.01
196,        20091027,            0.98
197,        20091028,            0.96
198,        20091029,            1.02
199,        20091030,            0.97
200,        20091102,            1.00
201,        20091103,            1.02
202,        20091104,            1.03
203,        20091105,            1.02
204,        20091106,            1.00
205,        20091109,            0.99
206,        20091110,            1.01
207,        20091111,            1.01
208,        20091112,            1.00
209,        20091113,            1.01
210,        20091116,            1.02
211,        20091117,            1.00
212,        20091118,            0.99
213,        20091119,            0.98
214,        20091120,            0.97
215,        20091123,            1.02
216,        20091124,            1.00
217,        20091125,            1.00
218,        20091127,            0.97
219,        20091130,            1.00
220,        20091201,            1.03
221,        20091202,            1.01
222,        20091203,            1.00
223,        20091204,            1.01
224,        20091207,            1.01
225,        20091208,            0.99
226,        20091209,            0.98
227,        20091210,            1.02
228,        20091211,            1.02
229,        20091214,            1.04
230,        20091215,            0.99
231,        20091216,            0.99
232,        20091217,            1.00
233,        20091218,            1.01
234,        20091221,            1.02
235,        20091222,            1.00
236,        20091223,            1.05
237,        20091224,            1.00
238,        20091228,            0.99
239,        20091229,            1.00
240,        20091230,            1.01
241,        20091231,            0.99
242,        20100104,            1.01
243,        20100105,            1.00
244,        20100106,            1.00
245,        20100107,            0.98
246,        20100108,            0.99
247,        20100111,            0.99
248,        20100112,            0.98
249,        20100113,            1.01
250,        20100114,            1.01
251,        20100115,            0.98
252,        20100119,            1.02
253,        20100120,            0.98
254,        20100121,            1.00
255,        20100122,            0.95
256,        20100125,            1.00
257,        20100126,            1.02
258,        20100127,            0.99
259,        20100128,            0.98
260,        20100129,            0.99
261,        20100201,            1.04
262,        20100202,            1.01
263,        20100203,            1.00
264,        20100204,            0.95
265,        20100205,            1.01
266,        20100208,            1.00
267,        20100209,            1.01
268,        20100210,            0.99
269,        20100211,            1.03
270,        20100212,            0.99
271,        20100216,            1.02
272,        20100217,            1.01
273,        20100218,            1.01
274,        20100219,            1.00
275,        20100222,            1.00
276,        20100223,            0.96
277,        20100224,            1.01
278,        20100225,            1.00
279,        20100226,            1.00
280,        20100301,            1.02
281,        20100302,            1.00
282,        20100303,            1.02
283,        20100304,            1.02
284,        20100305,            1.01
285,        20100308,            0.99
286,        20100309,            1.01
287,        20100310,            1.00
288,        20100311,            1.01
289,        20100312,            1.00
290,        20100315,            1.00
291,        20100316,            1.00
292,        20100317,            1.00
293,        20100318,            0.98
294,        20100319,            0.99
295,        20100322,            1.00
296,        20100323,            1.01
297,        20100324,            1.02
298,        20100325,            0.94
299,        20100326,            0.98
300,        20100329,            0.99
301,        20100330,            1.03
302,        20100331,            1.01
303,        20100401,            1.02
304,        20100405,            1.01
305,        20100406,            1.00
306,        20100407,            1.00
307,        20100408,            1.00
308,        20100409,            1.01
309,        20100412,            1.00
310,        20100413,            1.01
311,        20100414,            1.03
312,        20100415,            0.99
313,        20100416,            0.98
314,        20100419,            0.99
315,        20100420,            1.01
316,        20100421,            1.00
317,        20100422,            1.01
318,        20100423,            1.01
319,        20100426,            1.00
320,        20100427,            0.97
321,        20100428,            1.00
322,        20100429,            1.01
323,        20100430,            0.97
324,        20100503,            1.02
325,        20100504,            0.97
326,        20100505,            0.99
327,        20100506,            0.96
328,        20100507,            0.97
329,        20100510,            1.05
330,        20100511,            1.01
331,        20100512,            1.03
332,        20100513,            1.02
333,        20100514,            0.99
334,        20100517,            1.00
335,        20100518,            0.98
336,        20100519,            0.98
337,        20100520,            0.96
338,        20100521,            1.03
339,        20100524,            1.00
340,        20100525,            0.99
341,        20100526,            1.00
342,        20100527,            1.03
343,        20100528,            0.98
344,        20100601,            0.97
345,        20100602,            1.01
346,        20100603,            1.04
347,        20100604,            0.95
348,        20100607,            0.98
349,        20100608,            1.03
350,        20100609,            1.01
351,        20100610,            1.04
352,        20100611,            1.04
353,        20100614,            1.00
354,        20100615,            1.02
355,        20100616,            1.01
356,        20100617,            1.00
357,        20100618,            0.99
358,        20100621,            0.99
359,        20100622,            0.98
360,        20100623,            1.02
361,        20100624,            0.98
362,        20100625,            1.01
363,        20100628,            1.00
364,        20100629,            0.95
365,        20100630,            0.98
366,        20100701,            1.01
367,        20100702,            0.99
368,        20100706,            1.02
369,        20100707,            1.04
370,        20100708,            0.99
371,        20100709,            1.00
372,        20100712,            1.01
373,        20100713,            1.02
374,        20100714,            1.02
375,        20100715,            1.01
376,        20100716,            0.97
377,        20100719,            1.01
378,        20100720,            1.01
379,        20100721,            0.99
380,        20100722,            1.02
381,        20100723,            1.03
382,        20100726,            1.00
383,        20100727,            0.98
384,        20100728,            0.98
385,        20100729,            1.01
386,        20100730,            1.00
387,        20100802,            1.01
388,        20100803,            0.98
389,        20100804,            1.06
390,        20100805,            0.98
391,        20100806,            1.01
392,        20100809,            1.00
393,        20100810,            0.99
394,        20100811,            0.96
395,        20100812,            0.97
396,        20100813,            1.00
397,        20100816,            1.00
398,        20100817,            1.03
399,        20100818,            1.00
400,        20100819,            0.99
401,        20100820,            1.04
402,        20100823,            1.01
403,        20100824,            1.01
404,        20100825,            1.01
405,        20100826,            1.04
406,        20100827,            1.02
407,        20100830,            0.98
408,        20100831,            1.00
409,        20100901,            1.03
410,        20100902,            1.02
411,        20100903,            1.01
412,        20100907,            1.00
413,        20100908,            1.00
414,        20100909,            1.00
415,        20100910,            1.01
416,        20100913,            1.04
417,        20100914,            0.99
418,        20100915,            1.00
419,        20100916,            0.97
420,        20100917,            1.02
421,        20100920,            1.02
422,        20100921,            0.99
423,        20100922,            0.96
424,        20100923,            1.09
425,        20100924,            1.03
426,        20100927,            0.99
427,        20100928,            1.01
428,        20100929,            0.99
429,        20100930,            1.00
430,        20101001,            1.01
431,        20101004,            0.98
432,        20101005,            1.02
433,        20101006,            0.92
434,        20101007,            1.00
435,        20101008,            1.01
436,        20101011,            0.99
437,        20101012,            1.02
438,        20101013,            1.01
439,        20101014,            1.01
440,        20101015,            1.02
441,        20101018,            0.99
442,        20101019,            0.97
443,        20101020,            1.01
444,        20101021,            1.01
445,        20101022,            1.04
446,        20101025,            1.01
447,        20101026,            1.00
448,        20101027,            1.03
449,        20101028,            0.99
450,        20101029,            1.00
451,        20101101,            1.01
452,        20101102,            1.01
453,        20101103,            1.00
454,        20101104,            1.01
455,        20101105,            0.99
456,        20101108,            1.00
457,        20101109,            1.00
458,        20101110,            1.02
459,        20101111,            1.00
460,        20101112,            0.96
461,        20101115,            0.98
462,        20101116,            0.99
463,        20101117,            1.00
464,        20101118,            1.02
465,        20101119,            1.00
466,        20101122,            1.02
467,        20101123,            0.99
468,        20101124,            1.03
469,        20101126,            1.00
470,        20101129,            0.99
471,        20101130,            1.01
472,        20101201,            1.06
473,        20101202,            1.02
474,        20101203,            1.01
475,        20101206,            0.99
476,        20101207,            1.01
477,        20101208,            1.01
478,        20101209,            0.99
479,        20101210,            1.01
480,        20101213,            1.00
481,        20101214,            0.98
482,        20101215,            0.99
483,        20101216,            1.02
484,        20101217,            0.99
485,        20101220,            1.00
486,        20101221,            1.00
487,        20101222,            0.98
488,        20101223,            1.00
489,        20101227,            0.99
490,        20101228,            1.00
491,        20101229,            1.01
492,        20101230,            0.99
493,        20101231,            0.99
494,        20110103,            1.02
495,        20110104,            0.99
496,        20110105,            1.01
497,        20110106,            0.99
498,        20110107,            0.99
