0,        20090116,            1.01
1,        20090120,            0.96
2,        20090121,            1.05
3,        20090122,            1.01
4,        20090123,            1.00
5,        20090126,            1.01
6,        20090127,            0.98
7,        20090128,            1.00
8,        20090129,            0.97
9,        20090130,            0.98
10,        20090202,            0.99
11,        20090203,            1.01
12,        20090204,            0.96
13,        20090205,            1.08
14,        20090206,            1.06
15,        20090209,            0.99
16,        20090210,            0.97
17,        20090211,            0.99
18,        20090212,            1.02
19,        20090213,            0.97
20,        20090217,            0.99
21,        20090218,            1.00
22,        20090219,            1.01
23,        20090220,            1.01
24,        20090223,            0.96
25,        20090224,            1.03
26,        20090225,            0.99
27,        20090226,            0.96
28,        20090227,            1.01
29,        20090302,            0.99
30,        20090303,            0.99
31,        20090304,            1.05
32,        20090305,            1.00
33,        20090306,            0.97
34,        20090309,            1.00
35,        20090310,            1.07
36,        20090311,            1.02
37,        20090312,            1.04
38,        20090313,            1.00
39,        20090316,            0.98
40,        20090317,            1.04
41,        20090318,            1.02
42,        20090319,            0.99
43,        20090320,            1.00
44,        20090323,            1.04
45,        20090324,            0.99
46,        20090325,            0.99
47,        20090326,            1.05
48,        20090327,            1.00
49,        20090330,            0.99
50,        20090331,            0.99
51,        20090401,            1.01
52,        20090402,            1.02
53,        20090403,            1.00
54,        20090406,            1.02
55,        20090407,            0.97
56,        20090408,            1.04
57,        20090409,            1.05
58,        20090413,            0.98
59,        20090414,            1.00
60,        20090415,            0.99
61,        20090416,            1.01
62,        20090417,            1.00
63,        20090420,            0.99
64,        20090421,            1.03
65,        20090422,            1.00
66,        20090423,            0.99
67,        20090424,            0.99
68,        20090427,            0.99
69,        20090428,            1.02
70,        20090429,            0.95
71,        20090430,            1.02
72,        20090501,            1.00
73,        20090504,            1.02
74,        20090505,            0.99
75,        20090506,            0.99
76,        20090507,            0.97
77,        20090508,            0.99
78,        20090511,            0.99
79,        20090512,            0.99
80,        20090513,            0.98
81,        20090514,            1.00
82,        20090515,            1.00
83,        20090518,            1.03
84,        20090519,            1.02
85,        20090520,            0.98
86,        20090521,            1.08
87,        20090522,            1.01
88,        20090526,            1.02
89,        20090527,            0.98
90,        20090528,            1.01
91,        20090529,            1.00
92,        20090601,            1.02
93,        20090602,            1.01
94,        20090603,            1.00
95,        20090604,            0.97
96,        20090605,            1.01
97,        20090608,            1.01
98,        20090609,            1.00
99,        20090610,            0.99
100,        20090611,            0.98
101,        20090612,            1.02
102,        20090615,            0.99
103,        20090616,            0.97
104,        20090617,            1.03
105,        20090618,            1.00
106,        20090619,            0.99
107,        20090622,            1.01
108,        20090623,            0.98
109,        20090624,            1.00
110,        20090625,            1.02
111,        20090626,            0.99
112,        20090629,            1.02
113,        20090630,            0.99
114,        20090701,            1.00
115,        20090702,            0.98
116,        20090706,            1.02
117,        20090707,            1.01
118,        20090708,            1.04
119,        20090709,            1.02
120,        20090710,            0.99
121,        20090713,            1.02
122,        20090714,            1.01
123,        20090715,            1.03
124,        20090716,            1.01
125,        20090717,            1.00
126,        20090720,            1.01
127,        20090721,            0.99
128,        20090722,            1.01
129,        20090723,            1.00
130,        20090724,            1.01
131,        20090727,            0.99
132,        20090728,            1.00
133,        20090729,            1.01
134,        20090730,            1.00
135,        20090731,            0.99
136,        20090803,            0.99
137,        20090804,            0.96
138,        20090805,            1.01
139,        20090806,            1.03
140,        20090807,            1.03
141,        20090810,            0.98
142,        20090811,            1.00
143,        20090812,            1.01
144,        20090813,            1.00
145,        20090814,            0.98
146,        20090817,            0.99
147,        20090818,            0.99
148,        20090819,            1.02
149,        20090820,            1.04
150,        20090821,            1.01
151,        20090824,            0.98
152,        20090825,            1.02
153,        20090826,            0.99
154,        20090827,            1.01
155,        20090828,            1.01
156,        20090831,            0.99
157,        20090901,            0.97
158,        20090902,            1.00
159,        20090903,            1.03
160,        20090904,            1.01
161,        20090908,            0.99
162,        20090909,            1.02
163,        20090910,            0.99
164,        20090911,            0.99
165,        20090914,            1.02
166,        20090915,            1.00
167,        20090916,            1.01
168,        20090917,            0.99
169,        20090918,            1.00
170,        20090921,            1.01
171,        20090922,            1.00
172,        20090923,            0.98
173,        20090924,            1.00
174,        20090925,            1.00
175,        20090928,            1.02
176,        20090929,            1.00
177,        20090930,            0.99
178,        20091001,            0.98
179,        20091002,            0.99
180,        20091005,            1.01
181,        20091006,            1.04
182,        20091007,            1.00
183,        20091008,            0.97
184,        20091009,            0.96
185,        20091012,            1.01
186,        20091013,            1.01
187,        20091014,            1.01
188,        20091015,            0.98
189,        20091016,            1.01
190,        20091019,            1.02
191,        20091020,            0.99
192,        20091021,            0.99
193,        20091022,            1.03
194,        20091023,            0.99
195,        20091026,            1.00
196,        20091027,            0.98
197,        20091028,            0.97
198,        20091029,            1.02
199,        20091030,            0.99
200,        20091102,            1.02
201,        20091103,            1.01
202,        20091104,            0.99
203,        20091105,            1.01
204,        20091106,            1.00
205,        20091109,            1.01
206,        20091110,            1.00
207,        20091111,            1.01
208,        20091112,            0.98
209,        20091113,            1.00
210,        20091116,            1.00
211,        20091117,            0.99
212,        20091118,            1.01
213,        20091119,            0.97
214,        20091120,            0.98
215,        20091123,            1.00
216,        20091124,            1.01
217,        20091125,            1.01
218,        20091127,            0.99
219,        20091130,            0.99
220,        20091201,            1.01
221,        20091202,            1.00
222,        20091203,            0.99
223,        20091204,            1.00
224,        20091207,            1.01
225,        20091208,            0.99
226,        20091209,            0.99
227,        20091210,            1.02
228,        20091211,            1.00
229,        20091214,            1.03
230,        20091215,            1.01
231,        20091216,            0.99
232,        20091217,            0.99
233,        20091218,            0.97
234,        20091221,            1.02
235,        20091222,            0.98
236,        20091223,            1.00
237,        20091224,            0.99
238,        20091228,            1.01
239,        20091229,            1.02
240,        20091230,            1.00
241,        20091231,            0.99
242,        20100104,            1.00
243,        20100105,            1.02
244,        20100106,            1.02
245,        20100107,            1.04
246,        20100108,            0.98
247,        20100111,            1.00
248,        20100112,            1.00
249,        20100113,            1.01
250,        20100114,            0.99
251,        20100115,            0.98
252,        20100119,            1.02
253,        20100120,            0.99
254,        20100121,            0.98
255,        20100122,            0.99
256,        20100125,            1.01
257,        20100126,            1.02
258,        20100127,            1.02
259,        20100128,            1.00
260,        20100129,            1.00
261,        20100201,            1.01
262,        20100202,            1.01
263,        20100203,            0.99
264,        20100204,            0.98
265,        20100205,            1.02
266,        20100208,            0.98
267,        20100209,            1.01
268,        20100210,            0.99
269,        20100211,            1.02
270,        20100212,            1.00
271,        20100216,            1.00
272,        20100217,            1.01
273,        20100218,            1.00
274,        20100219,            1.00
275,        20100222,            1.00
276,        20100223,            1.00
277,        20100224,            1.02
278,        20100225,            1.02
279,        20100226,            1.00
280,        20100301,            1.01
281,        20100302,            1.00
282,        20100303,            1.00
283,        20100304,            1.03
284,        20100305,            1.00
285,        20100308,            1.01
286,        20100309,            0.99
287,        20100310,            1.01
288,        20100311,            1.01
289,        20100312,            1.01
290,        20100315,            1.01
291,        20100316,            1.01
292,        20100317,            1.00
293,        20100318,            0.97
294,        20100319,            1.04
295,        20100322,            1.01
296,        20100323,            0.99
297,        20100324,            0.99
298,        20100325,            1.00
299,        20100326,            1.00
300,        20100329,            1.00
301,        20100330,            1.00
302,        20100331,            1.00
303,        20100401,            1.00
304,        20100405,            1.03
305,        20100406,            0.99
306,        20100407,            0.99
307,        20100408,            1.04
308,        20100409,            1.00
309,        20100412,            1.00
310,        20100413,            1.01
311,        20100414,            1.00
312,        20100415,            1.00
313,        20100416,            1.00
314,        20100419,            0.99
315,        20100420,            1.01
316,        20100421,            1.01
317,        20100422,            1.02
318,        20100423,            1.00
319,        20100426,            1.00
320,        20100427,            0.98
321,        20100428,            0.99
322,        20100429,            1.02
323,        20100430,            0.98
324,        20100503,            1.02
325,        20100504,            0.97
326,        20100505,            1.00
327,        20100506,            0.96
328,        20100507,            0.97
329,        20100510,            1.05
330,        20100511,            1.00
331,        20100512,            1.00
332,        20100513,            0.97
333,        20100514,            0.99
334,        20100517,            1.01
335,        20100518,            0.98
336,        20100519,            1.00
337,        20100520,            1.01
338,        20100521,            1.01
339,        20100524,            1.00
340,        20100525,            1.01
341,        20100526,            0.99
342,        20100527,            1.02
343,        20100528,            0.99
344,        20100601,            1.01
345,        20100602,            1.03
346,        20100603,            1.03
347,        20100604,            0.97
348,        20100607,            0.97
349,        20100608,            1.03
350,        20100609,            1.02
351,        20100610,            1.03
352,        20100611,            1.00
353,        20100614,            0.99
354,        20100615,            1.01
355,        20100616,            1.00
356,        20100617,            1.00
357,        20100618,            0.99
358,        20100621,            0.98
359,        20100622,            0.98
360,        20100623,            1.00
361,        20100624,            0.99
362,        20100625,            0.99
363,        20100628,            1.00
364,        20100629,            0.98
365,        20100630,            1.00
366,        20100701,            1.03
367,        20100702,            0.99
368,        20100706,            1.01
369,        20100707,            1.01
370,        20100708,            0.98
371,        20100709,            1.00
372,        20100712,            0.99
373,        20100713,            1.01
374,        20100714,            1.00
375,        20100715,            1.01
376,        20100716,            0.97
377,        20100719,            1.01
378,        20100720,            1.02
379,        20100721,            0.98
380,        20100722,            1.03
381,        20100723,            1.01
382,        20100726,            1.00
383,        20100727,            0.97
384,        20100728,            0.98
385,        20100729,            0.98
386,        20100730,            1.01
387,        20100802,            1.00
388,        20100803,            0.99
389,        20100804,            1.02
390,        20100805,            0.96
391,        20100806,            0.99
392,        20100809,            1.02
393,        20100810,            0.99
394,        20100811,            0.98
395,        20100812,            1.00
396,        20100813,            0.99
397,        20100816,            1.01
398,        20100817,            1.01
399,        20100818,            1.02
400,        20100819,            0.99
401,        20100820,            0.99
402,        20100823,            1.01
403,        20100824,            0.98
404,        20100825,            1.02
405,        20100826,            0.99
406,        20100827,            1.02
407,        20100830,            0.99
408,        20100831,            0.99
409,        20100901,            1.03
410,        20100902,            1.02
411,        20100903,            1.01
412,        20100907,            0.98
413,        20100908,            1.00
414,        20100909,            1.00
415,        20100910,            1.01
416,        20100913,            1.01
417,        20100914,            1.01
418,        20100915,            1.01
419,        20100916,            1.00
420,        20100917,            1.00
421,        20100920,            1.01
422,        20100921,            0.99
423,        20100922,            1.02
424,        20100923,            1.02
425,        20100924,            1.01
426,        20100927,            0.98
427,        20100928,            1.01
428,        20100929,            0.99
429,        20100930,            0.98
430,        20101001,            1.01
431,        20101004,            0.99
432,        20101005,            1.00
433,        20101006,            1.00
434,        20101007,            1.02
435,        20101008,            1.01
436,        20101011,            1.01
437,        20101012,            1.00
438,        20101013,            0.99
439,        20101014,            1.00
440,        20101015,            1.01
441,        20101018,            1.01
442,        20101019,            0.99
443,        20101020,            1.01
444,        20101021,            1.00
445,        20101022,            1.00
446,        20101025,            1.01
447,        20101026,            1.00
448,        20101027,            1.00
449,        20101028,            1.00
450,        20101029,            1.01
451,        20101101,            1.01
452,        20101102,            1.02
453,        20101103,            0.99
454,        20101104,            1.05
455,        20101105,            1.01
456,        20101108,            0.99
457,        20101109,            0.99
458,        20101110,            1.02
459,        20101111,            1.01
460,        20101112,            0.99
461,        20101115,            1.00
462,        20101116,            1.00
463,        20101117,            1.03
464,        20101118,            0.97
465,        20101119,            1.01
466,        20101122,            1.01
467,        20101123,            0.99
468,        20101124,            1.02
469,        20101126,            1.00
470,        20101129,            0.98
471,        20101130,            1.01
472,        20101201,            1.01
473,        20101202,            1.00
474,        20101203,            0.99
475,        20101206,            0.99
476,        20101207,            1.00
477,        20101208,            0.99
478,        20101209,            1.02
479,        20101210,            0.99
480,        20101213,            0.97
481,        20101214,            1.00
482,        20101215,            0.99
483,        20101216,            1.03
484,        20101217,            0.98
485,        20101220,            1.00
486,        20101221,            1.01
487,        20101222,            1.00
488,        20101223,            1.00
489,        20101227,            1.00
490,        20101228,            1.00
491,        20101229,            1.00
492,        20101230,            1.01
493,        20101231,            0.99
494,        20110103,            1.01
495,        20110104,            0.97
496,        20110105,            1.01
497,        20110106,            1.02
498,        20110107,            1.00
