0,        20090116,            1.00
1,        20090120,            0.92
2,        20090121,            1.03
3,        20090122,            1.01
4,        20090123,            1.00
5,        20090126,            1.02
6,        20090127,            1.04
7,        20090128,            1.03
8,        20090129,            0.94
9,        20090130,            0.96
10,        20090202,            0.99
11,        20090203,            0.99
12,        20090204,            0.98
13,        20090205,            0.98
14,        20090206,            1.01
15,        20090209,            0.97
16,        20090210,            0.98
17,        20090211,            1.00
18,        20090212,            0.96
19,        20090213,            0.93
20,        20090217,            0.93
21,        20090218,            0.95
22,        20090219,            0.91
23,        20090220,            0.94
24,        20090223,            0.98
25,        20090224,            1.03
26,        20090225,            0.93
27,        20090226,            1.13
28,        20090227,            1.02
29,        20090302,            0.86
30,        20090303,            0.98
31,        20090304,            1.03
32,        20090305,            0.86
33,        20090306,            1.00
34,        20090309,            0.94
35,        20090310,            1.07
36,        20090311,            0.99
37,        20090312,            1.34
38,        20090313,            1.02
39,        20090316,            1.01
40,        20090317,            1.04
41,        20090318,            1.03
42,        20090319,            0.94
43,        20090320,            1.01
44,        20090323,            1.14
45,        20090324,            0.99
46,        20090325,            1.01
47,        20090326,            1.07
48,        20090327,            0.95
49,        20090330,            0.91
50,        20090331,            1.07
51,        20090401,            1.03
52,        20090402,            1.06
53,        20090403,            1.04
54,        20090406,            0.98
55,        20090407,            0.99
56,        20090408,            1.03
57,        20090409,            1.09
58,        20090413,            0.99
59,        20090414,            0.94
60,        20090415,            1.02
61,        20090416,            0.97
62,        20090417,            0.99
63,        20090420,            0.92
64,        20090421,            1.02
65,        20090422,            1.04
66,        20090423,            1.02
67,        20090424,            0.98
68,        20090427,            0.88
69,        20090428,            1.04
70,        20090429,            0.97
71,        20090430,            0.94
72,        20090501,            1.00
73,        20090504,            1.15
74,        20090505,            1.24
75,        20090506,            0.95
76,        20090507,            1.01
77,        20090508,            1.06
78,        20090511,            0.96
79,        20090512,            1.00
80,        20090513,            0.94
81,        20090514,            1.05
82,        20090515,            0.98
83,        20090518,            1.08
84,        20090519,            1.04
85,        20090520,            1.03
86,        20090521,            0.99
87,        20090522,            0.98
88,        20090526,            1.02
89,        20090527,            0.99
90,        20090528,            0.98
91,        20090529,            0.97
92,        20090601,            1.05
93,        20090602,            1.00
94,        20090603,            0.96
95,        20090604,            0.99
96,        20090605,            0.97
97,        20090608,            1.00
98,        20090609,            1.01
99,        20090610,            0.97
100,        20090611,            1.01
101,        20090612,            1.01
102,        20090615,            0.94
103,        20090616,            0.95
104,        20090617,            1.01
105,        20090618,            1.11
106,        20090619,            1.07
107,        20090622,            0.94
108,        20090623,            1.03
109,        20090624,            1.04
110,        20090625,            1.03
111,        20090626,            1.02
112,        20090629,            1.01
113,        20090630,            1.01
114,        20090701,            1.01
115,        20090702,            0.97
116,        20090706,            0.97
117,        20090707,            0.99
118,        20090708,            0.99
119,        20090709,            1.00
120,        20090710,            1.01
121,        20090713,            1.01
122,        20090714,            1.00
123,        20090715,            1.03
124,        20090716,            1.03
125,        20090717,            0.94
126,        20090720,            0.99
127,        20090721,            0.98
128,        20090722,            1.00
129,        20090723,            1.03
130,        20090724,            1.05
131,        20090727,            0.98
132,        20090728,            1.03
133,        20090729,            0.98
134,        20090730,            1.00
135,        20090731,            0.98
136,        20090803,            0.97
137,        20090804,            0.98
138,        20090805,            0.98
139,        20090806,            1.01
140,        20090807,            1.00
141,        20090810,            0.97
142,        20090811,            0.94
143,        20090812,            1.01
144,        20090813,            0.99
145,        20090814,            1.03
146,        20090817,            0.97
147,        20090818,            1.02
148,        20090819,            0.99
149,        20090820,            1.02
150,        20090821,            1.02
151,        20090824,            1.03
152,        20090825,            1.00
153,        20090826,            0.99
154,        20090827,            0.99
155,        20090828,            1.00
156,        20090831,            0.99
157,        20090901,            1.01
158,        20090902,            1.00
159,        20090903,            1.03
160,        20090904,            1.02
161,        20090908,            0.98
162,        20090909,            1.03
163,        20090910,            1.09
164,        20090911,            1.00
165,        20090914,            0.99
166,        20090915,            0.96
167,        20090916,            1.04
168,        20090917,            0.97
169,        20090918,            1.01
170,        20090921,            1.00
171,        20090922,            1.00
172,        20090923,            0.99
173,        20090924,            0.99
174,        20090925,            1.00
175,        20090928,            1.00
176,        20090929,            1.02
177,        20090930,            1.01
178,        20091001,            0.91
179,        20091002,            1.00
180,        20091005,            1.03
181,        20091006,            1.00
182,        20091007,            1.02
183,        20091008,            1.01
184,        20091009,            1.10
185,        20091012,            0.98
186,        20091013,            0.98
187,        20091014,            1.00
188,        20091015,            1.01
189,        20091016,            0.99
190,        20091019,            0.99
191,        20091020,            0.99
192,        20091021,            0.99
193,        20091022,            1.02
194,        20091023,            1.00
195,        20091026,            0.98
196,        20091027,            0.98
197,        20091028,            0.99
198,        20091029,            1.06
199,        20091030,            0.95
200,        20091102,            1.01
201,        20091103,            1.00
202,        20091104,            0.99
203,        20091105,            1.03
204,        20091106,            1.00
205,        20091109,            1.07
206,        20091110,            1.06
207,        20091111,            1.10
208,        20091112,            0.98
209,        20091113,            1.01
210,        20091116,            1.01
211,        20091117,            1.00
212,        20091118,            0.98
213,        20091119,            0.98
214,        20091120,            0.99
215,        20091123,            1.00
216,        20091124,            0.98
217,        20091125,            1.00
218,        20091127,            0.97
219,        20091130,            1.00
220,        20091201,            1.03
221,        20091202,            1.00
222,        20091203,            0.99
223,        20091204,            1.03
224,        20091207,            0.99
225,        20091208,            1.03
226,        20091209,            1.01
227,        20091210,            0.97
228,        20091211,            1.01
229,        20091214,            0.99
230,        20091215,            0.99
231,        20091216,            1.01
232,        20091217,            0.97
233,        20091218,            1.00
234,        20091221,            1.02
235,        20091222,            1.00
236,        20091223,            1.00
237,        20091224,            0.99
238,        20091228,            1.01
239,        20091229,            0.99
240,        20091230,            0.98
241,        20091231,            0.97
242,        20100104,            1.01
243,        20100105,            1.06
244,        20100106,            1.03
245,        20100107,            1.01
246,        20100108,            0.99
247,        20100111,            0.99
248,        20100112,            1.00
249,        20100113,            1.03
250,        20100114,            0.98
251,        20100115,            0.99
252,        20100119,            1.01
253,        20100120,            1.01
254,        20100121,            1.00
255,        20100122,            0.97
256,        20100125,            0.99
257,        20100126,            0.97
258,        20100127,            1.01
259,        20100128,            0.97
260,        20100129,            0.98
261,        20100201,            1.02
262,        20100202,            1.02
263,        20100203,            0.97
264,        20100204,            0.98
265,        20100205,            1.01
266,        20100208,            1.00
267,        20100209,            1.02
268,        20100210,            1.01
269,        20100211,            1.05
270,        20100212,            1.01
271,        20100216,            1.01
272,        20100217,            1.00
273,        20100218,            1.02
274,        20100219,            1.00
275,        20100222,            1.00
276,        20100223,            0.99
277,        20100224,            1.00
278,        20100225,            1.01
279,        20100226,            1.02
280,        20100301,            1.04
281,        20100302,            1.05
282,        20100303,            1.01
283,        20100304,            1.02
284,        20100305,            0.98
285,        20100308,            1.00
286,        20100309,            0.99
287,        20100310,            1.00
288,        20100311,            1.01
289,        20100312,            0.97
290,        20100315,            0.99
291,        20100316,            1.01
292,        20100317,            1.00
293,        20100318,            1.03
294,        20100319,            1.02
295,        20100322,            1.02
296,        20100323,            1.01
297,        20100324,            1.02
298,        20100325,            1.00
299,        20100326,            1.03
300,        20100329,            1.00
301,        20100330,            1.00
302,        20100331,            1.00
303,        20100401,            1.00
304,        20100405,            1.01
305,        20100406,            1.01
306,        20100407,            0.98
307,        20100408,            0.98
308,        20100409,            0.98
309,        20100412,            0.99
310,        20100413,            1.01
311,        20100414,            1.01
312,        20100415,            1.04
313,        20100416,            0.98
314,        20100419,            0.99
315,        20100420,            1.00
316,        20100421,            0.97
317,        20100422,            0.97
318,        20100423,            1.00
319,        20100426,            1.01
320,        20100427,            0.95
321,        20100428,            1.01
322,        20100429,            1.01
323,        20100430,            0.98
324,        20100503,            1.01
325,        20100504,            0.99
326,        20100505,            1.00
327,        20100506,            0.94
328,        20100507,            0.97
329,        20100510,            1.07
330,        20100511,            1.00
331,        20100512,            1.03
332,        20100513,            0.98
333,        20100514,            0.99
334,        20100517,            1.01
335,        20100518,            0.97
336,        20100519,            0.99
337,        20100520,            0.95
338,        20100521,            1.02
339,        20100524,            0.99
340,        20100525,            0.99
341,        20100526,            0.99
342,        20100527,            1.05
343,        20100528,            0.99
344,        20100601,            0.98
345,        20100602,            1.05
346,        20100603,            1.01
347,        20100604,            0.95
348,        20100607,            0.98
349,        20100608,            0.98
350,        20100609,            1.02
351,        20100610,            0.97
352,        20100611,            1.05
353,        20100614,            1.01
354,        20100615,            1.02
355,        20100616,            1.00
356,        20100617,            0.93
357,        20100618,            0.97
358,        20100621,            0.98
359,        20100622,            0.99
360,        20100623,            0.99
361,        20100624,            1.00
362,        20100625,            1.00
363,        20100628,            0.99
364,        20100629,            1.01
365,        20100630,            0.99
366,        20100701,            0.98
367,        20100702,            0.98
368,        20100706,            1.00
369,        20100707,            0.98
370,        20100708,            1.06
371,        20100709,            1.00
372,        20100712,            1.00
373,        20100713,            1.03
374,        20100714,            1.01
375,        20100715,            0.98
376,        20100716,            0.94
377,        20100719,            1.01
378,        20100720,            0.99
379,        20100721,            0.98
380,        20100722,            1.03
381,        20100723,            1.01
382,        20100726,            1.01
383,        20100727,            1.03
384,        20100728,            0.97
385,        20100729,            0.97
386,        20100730,            1.01
387,        20100802,            1.03
388,        20100803,            0.98
389,        20100804,            1.04
390,        20100805,            0.97
391,        20100806,            1.03
392,        20100809,            1.01
393,        20100810,            0.99
394,        20100811,            0.96
395,        20100812,            1.01
396,        20100813,            1.03
397,        20100816,            1.02
398,        20100817,            0.98
399,        20100818,            1.03
400,        20100819,            0.99
401,        20100820,            1.02
402,        20100823,            1.02
403,        20100824,            0.98
404,        20100825,            1.01
405,        20100826,            1.01
406,        20100827,            1.04
407,        20100830,            0.98
408,        20100831,            1.01
409,        20100901,            1.03
410,        20100902,            0.99
411,        20100903,            1.02
412,        20100907,            0.97
413,        20100908,            1.01
414,        20100909,            1.02
415,        20100910,            0.99
416,        20100913,            1.02
417,        20100914,            0.98
418,        20100915,            1.02
419,        20100916,            0.99
420,        20100917,            0.97
421,        20100920,            1.02
422,        20100921,            0.98
423,        20100922,            0.97
424,        20100923,            0.99
425,        20100924,            1.03
426,        20100927,            1.00
427,        20100928,            1.02
428,        20100929,            1.01
429,        20100930,            0.99
430,        20101001,            1.00
431,        20101004,            0.98
432,        20101005,            1.01
433,        20101006,            0.99
434,        20101007,            0.98
435,        20101008,            0.93
436,        20101011,            1.01
437,        20101012,            1.03
438,        20101013,            1.03
439,        20101014,            1.03
440,        20101015,            1.02
441,        20101018,            0.99
442,        20101019,            0.99
443,        20101020,            1.00
444,        20101021,            1.00
445,        20101022,            1.02
446,        20101025,            0.99
447,        20101026,            1.01
448,        20101027,            1.00
449,        20101028,            1.01
450,        20101029,            0.99
451,        20101101,            1.00
452,        20101102,            1.00
453,        20101103,            1.00
454,        20101104,            1.03
455,        20101105,            0.98
456,        20101108,            1.02
457,        20101109,            0.99
458,        20101110,            1.01
459,        20101111,            0.99
460,        20101112,            0.99
461,        20101115,            0.99
462,        20101116,            0.99
463,        20101117,            1.02
464,        20101118,            1.04
465,        20101119,            1.02
466,        20101122,            1.01
467,        20101123,            0.98
468,        20101124,            1.02
469,        20101126,            1.00
470,        20101129,            0.98
471,        20101130,            1.00
472,        20101201,            1.01
473,        20101202,            1.01
474,        20101203,            1.01
475,        20101206,            0.99
476,        20101207,            0.99
477,        20101208,            1.00
478,        20101209,            1.11
479,        20101210,            1.03
480,        20101213,            0.99
481,        20101214,            1.00
482,        20101215,            1.00
483,        20101216,            1.01
484,        20101217,            1.01
485,        20101220,            1.02
486,        20101221,            1.01
487,        20101222,            1.01
488,        20101223,            1.00
489,        20101227,            1.00
490,        20101228,            1.00
491,        20101229,            1.01
492,        20101230,            0.99
493,        20101231,            0.99
494,        20110103,            0.97
495,        20110104,            0.99
496,        20110105,            1.02
497,        20110106,            1.00
498,        20110107,            0.97
