0,        20090116,            1.04
1,        20090120,            0.88
2,        20090121,            1.04
3,        20090122,            0.97
4,        20090123,            1.01
5,        20090126,            1.02
6,        20090127,            0.99
7,        20090128,            1.04
8,        20090129,            0.95
9,        20090130,            0.94
10,        20090202,            0.98
11,        20090203,            1.00
12,        20090204,            0.97
13,        20090205,            1.03
14,        20090206,            1.03
15,        20090209,            0.99
16,        20090210,            0.97
17,        20090211,            1.00
18,        20090212,            1.01
19,        20090213,            0.97
20,        20090217,            0.96
21,        20090218,            1.01
22,        20090219,            0.99
23,        20090220,            1.01
24,        20090223,            0.92
25,        20090224,            1.07
26,        20090225,            0.96
27,        20090226,            0.99
28,        20090227,            1.03
29,        20090302,            0.96
30,        20090303,            0.99
31,        20090304,            1.04
32,        20090305,            0.98
33,        20090306,            1.00
34,        20090309,            0.99
35,        20090310,            1.06
36,        20090311,            1.02
37,        20090312,            1.05
38,        20090313,            1.02
39,        20090316,            0.95
40,        20090317,            1.03
41,        20090318,            1.01
42,        20090319,            1.01
43,        20090320,            1.00
44,        20090323,            1.07
45,        20090324,            1.04
46,        20090325,            1.02
47,        20090326,            1.09
48,        20090327,            0.99
49,        20090330,            0.93
50,        20090331,            1.01
51,        20090401,            1.05
52,        20090402,            1.08
53,        20090403,            1.05
54,        20090406,            0.94
55,        20090407,            0.94
56,        20090408,            1.04
57,        20090409,            1.05
58,        20090413,            1.02
59,        20090414,            0.98
60,        20090415,            1.01
61,        20090416,            1.09
62,        20090417,            1.08
63,        20090420,            0.94
64,        20090421,            1.03
65,        20090422,            0.98
66,        20090423,            0.96
67,        20090424,            1.06
68,        20090427,            0.98
69,        20090428,            0.99
70,        20090429,            1.02
71,        20090430,            1.04
72,        20090501,            0.96
73,        20090504,            1.04
74,        20090505,            0.98
75,        20090506,            1.00
76,        20090507,            0.95
77,        20090508,            0.99
78,        20090511,            0.97
79,        20090512,            0.98
80,        20090513,            0.94
81,        20090514,            1.00
82,        20090515,            0.97
83,        20090518,            1.05
84,        20090519,            1.00
85,        20090520,            1.02
86,        20090521,            0.94
87,        20090522,            1.10
88,        20090526,            1.04
89,        20090527,            0.98
90,        20090528,            1.00
91,        20090529,            1.00
92,        20090601,            1.09
93,        20090602,            1.09
94,        20090603,            0.97
95,        20090604,            1.06
96,        20090605,            1.00
97,        20090608,            1.01
98,        20090609,            0.99
99,        20090610,            1.00
100,        20090611,            0.99
101,        20090612,            1.01
102,        20090615,            0.97
103,        20090616,            0.95
104,        20090617,            0.99
105,        20090618,            0.98
106,        20090619,            1.06
107,        20090622,            0.97
108,        20090623,            0.98
109,        20090624,            1.01
110,        20090625,            1.03
111,        20090626,            0.99
112,        20090629,            1.04
113,        20090630,            0.98
114,        20090701,            0.98
115,        20090702,            0.96
116,        20090706,            1.02
117,        20090707,            0.94
118,        20090708,            0.99
119,        20090709,            0.99
120,        20090710,            0.99
121,        20090713,            1.00
122,        20090714,            1.04
123,        20090715,            1.05
124,        20090716,            1.00
125,        20090717,            0.99
126,        20090720,            1.03
127,        20090721,            1.00
128,        20090722,            1.01
129,        20090723,            1.04
130,        20090724,            0.99
131,        20090727,            1.00
132,        20090728,            1.01
133,        20090729,            0.98
134,        20090730,            1.01
135,        20090731,            0.99
136,        20090803,            1.03
137,        20090804,            1.03
138,        20090805,            1.03
139,        20090806,            1.01
140,        20090807,            1.07
141,        20090810,            0.99
142,        20090811,            0.98
143,        20090812,            1.03
144,        20090813,            1.01
145,        20090814,            0.98
146,        20090817,            0.93
147,        20090818,            1.03
148,        20090819,            0.99
149,        20090820,            0.88
150,        20090821,            1.02
151,        20090824,            0.97
152,        20090825,            1.02
153,        20090826,            1.00
154,        20090827,            1.00
155,        20090828,            0.99
156,        20090831,            0.98
157,        20090901,            0.97
158,        20090902,            0.99
159,        20090903,            1.01
160,        20090904,            1.01
161,        20090908,            1.00
162,        20090909,            1.03
163,        20090910,            0.99
164,        20090911,            1.01
165,        20090914,            1.01
166,        20090915,            1.00
167,        20090916,            1.02
168,        20090917,            1.00
169,        20090918,            1.03
170,        20090921,            1.02
171,        20090922,            0.97
172,        20090923,            0.98
173,        20090924,            0.99
174,        20090925,            0.99
175,        20090928,            1.02
176,        20090929,            0.99
177,        20090930,            0.99
178,        20091001,            0.96
179,        20091002,            0.99
180,        20091005,            1.03
181,        20091006,            1.02
182,        20091007,            1.02
183,        20091008,            1.01
184,        20091009,            1.00
185,        20091012,            1.02
186,        20091013,            1.01
187,        20091014,            1.04
188,        20091015,            0.99
189,        20091016,            0.98
190,        20091019,            1.03
191,        20091020,            0.98
192,        20091021,            1.00
193,        20091022,            1.05
194,        20091023,            0.98
195,        20091026,            1.00
196,        20091027,            0.97
197,        20091028,            0.96
198,        20091029,            1.03
199,        20091030,            0.96
200,        20091102,            0.99
201,        20091103,            1.01
202,        20091104,            1.00
203,        20091105,            0.98
204,        20091106,            1.01
205,        20091109,            1.04
206,        20091110,            1.01
207,        20091111,            0.98
208,        20091112,            1.00
209,        20091113,            1.07
210,        20091116,            1.04
211,        20091117,            0.98
212,        20091118,            0.99
213,        20091119,            0.96
214,        20091120,            1.00
215,        20091123,            0.99
216,        20091124,            0.99
217,        20091125,            1.02
218,        20091127,            0.99
219,        20091130,            0.99
220,        20091201,            1.03
221,        20091202,            1.01
222,        20091203,            0.98
223,        20091204,            1.01
224,        20091207,            1.00
225,        20091208,            0.98
226,        20091209,            1.00
227,        20091210,            1.03
228,        20091211,            1.01
229,        20091214,            1.02
230,        20091215,            0.99
231,        20091216,            1.01
232,        20091217,            1.00
233,        20091218,            1.00
234,        20091221,            1.03
235,        20091222,            1.01
236,        20091223,            1.02
237,        20091224,            1.03
238,        20091228,            1.02
239,        20091229,            0.99
240,        20091230,            1.00
241,        20091231,            0.98
242,        20100104,            1.00
243,        20100105,            1.05
244,        20100106,            1.02
245,        20100107,            1.12
246,        20100108,            1.00
247,        20100111,            1.00
248,        20100112,            1.01
249,        20100113,            1.03
250,        20100114,            0.99
251,        20100115,            1.01
252,        20100119,            1.03
253,        20100120,            0.97
254,        20100121,            0.97
255,        20100122,            0.99
256,        20100125,            0.98
257,        20100126,            1.01
258,        20100127,            1.00
259,        20100128,            0.97
260,        20100129,            0.99
261,        20100201,            1.01
262,        20100202,            1.00
263,        20100203,            0.99
264,        20100204,            0.97
265,        20100205,            1.02
266,        20100208,            0.98
267,        20100209,            1.01
268,        20100210,            0.99
269,        20100211,            1.01
270,        20100212,            1.00
271,        20100216,            1.02
272,        20100217,            1.03
273,        20100218,            0.99
274,        20100219,            1.01
275,        20100222,            1.01
276,        20100223,            0.98
277,        20100224,            1.02
278,        20100225,            1.01
279,        20100226,            0.99
280,        20100301,            1.00
281,        20100302,            1.01
282,        20100303,            0.99
283,        20100304,            1.02
284,        20100305,            1.03
285,        20100308,            1.01
286,        20100309,            0.99
287,        20100310,            1.02
288,        20100311,            0.98
289,        20100312,            1.02
290,        20100315,            1.01
291,        20100316,            1.01
292,        20100317,            1.00
293,        20100318,            1.00
294,        20100319,            0.99
295,        20100322,            1.04
296,        20100323,            1.01
297,        20100324,            1.00
298,        20100325,            1.01
299,        20100326,            1.00
300,        20100329,            1.01
301,        20100330,            1.00
302,        20100331,            0.99
303,        20100401,            1.00
304,        20100405,            1.00
305,        20100406,            1.00
306,        20100407,            0.98
307,        20100408,            1.00
308,        20100409,            1.01
309,        20100412,            0.99
310,        20100413,            1.00
311,        20100414,            1.03
312,        20100415,            0.99
313,        20100416,            0.99
314,        20100419,            1.00
315,        20100420,            1.00
316,        20100421,            1.01
317,        20100422,            1.04
318,        20100423,            1.08
319,        20100426,            1.00
320,        20100427,            0.97
321,        20100428,            1.01
322,        20100429,            1.04
323,        20100430,            0.98
324,        20100503,            1.01
325,        20100504,            0.96
326,        20100505,            0.98
327,        20100506,            0.94
328,        20100507,            0.97
329,        20100510,            1.04
330,        20100511,            1.03
331,        20100512,            1.02
332,        20100513,            0.96
333,        20100514,            0.98
334,        20100517,            1.01
335,        20100518,            0.94
336,        20100519,            0.98
337,        20100520,            0.89
338,        20100521,            1.00
339,        20100524,            0.98
340,        20100525,            1.01
341,        20100526,            0.96
342,        20100527,            1.05
343,        20100528,            1.00
344,        20100601,            0.94
345,        20100602,            1.02
346,        20100603,            0.99
347,        20100604,            0.96
348,        20100607,            0.98
349,        20100608,            1.00
350,        20100609,            1.02
351,        20100610,            0.97
352,        20100611,            1.01
353,        20100614,            1.02
354,        20100615,            1.03
355,        20100616,            0.97
356,        20100617,            0.97
357,        20100618,            0.98
358,        20100621,            0.98
359,        20100622,            0.99
360,        20100623,            1.01
361,        20100624,            0.97
362,        20100625,            1.01
363,        20100628,            0.97
364,        20100629,            0.94
365,        20100630,            0.97
366,        20100701,            1.00
367,        20100702,            0.97
368,        20100706,            0.96
369,        20100707,            1.03
370,        20100708,            1.01
371,        20100709,            1.01
372,        20100712,            1.00
373,        20100713,            1.03
374,        20100714,            1.00
375,        20100715,            1.02
376,        20100716,            0.95
377,        20100719,            0.98
378,        20100720,            1.05
379,        20100721,            0.98
380,        20100722,            1.05
381,        20100723,            1.02
382,        20100726,            1.04
383,        20100727,            1.01
384,        20100728,            0.97
385,        20100729,            1.00
386,        20100730,            1.03
387,        20100802,            1.04
388,        20100803,            0.97
389,        20100804,            1.00
390,        20100805,            1.00
391,        20100806,            1.01
392,        20100809,            1.01
393,        20100810,            0.97
394,        20100811,            0.96
395,        20100812,            0.97
396,        20100813,            0.99
397,        20100816,            1.00
398,        20100817,            1.01
399,        20100818,            1.01
400,        20100819,            0.91
401,        20100820,            1.01
402,        20100823,            1.00
403,        20100824,            1.00
404,        20100825,            1.05
405,        20100826,            0.97
406,        20100827,            0.99
407,        20100830,            0.99
408,        20100831,            1.00
409,        20100901,            1.04
410,        20100902,            1.03
411,        20100903,            1.03
412,        20100907,            0.95
413,        20100908,            1.00
414,        20100909,            0.99
415,        20100910,            1.03
416,        20100913,            1.02
417,        20100914,            1.02
418,        20100915,            1.00
419,        20100916,            0.99
420,        20100917,            0.97
421,        20100920,            1.02
422,        20100921,            1.00
423,        20100922,            1.05
424,        20100923,            0.99
425,        20100924,            1.06
426,        20100927,            0.96
427,        20100928,            1.01
428,        20100929,            0.99
429,        20100930,            1.00
430,        20101001,            0.97
431,        20101004,            0.99
432,        20101005,            1.05
433,        20101006,            0.99
434,        20101007,            0.99
435,        20101008,            1.02
436,        20101011,            1.00
437,        20101012,            1.01
438,        20101013,            1.02
439,        20101014,            1.00
440,        20101015,            1.02
441,        20101018,            1.00
442,        20101019,            0.99
443,        20101020,            1.02
444,        20101021,            1.01
445,        20101022,            1.00
446,        20101025,            0.99
447,        20101026,            1.01
448,        20101027,            0.97
449,        20101028,            0.98
450,        20101029,            1.00
451,        20101101,            0.98
452,        20101102,            1.02
453,        20101103,            0.99
454,        20101104,            1.04
455,        20101105,            0.99
456,        20101108,            1.00
457,        20101109,            0.98
458,        20101110,            1.01
459,        20101111,            0.99
460,        20101112,            0.97
461,        20101115,            0.98
462,        20101116,            0.96
463,        20101117,            1.02
464,        20101118,            0.96
465,        20101119,            1.00
466,        20101122,            1.01
467,        20101123,            1.00
468,        20101124,            1.03
469,        20101126,            1.00
470,        20101129,            0.99
471,        20101130,            1.00
472,        20101201,            1.03
473,        20101202,            1.00
474,        20101203,            1.01
475,        20101206,            1.02
476,        20101207,            0.98
477,        20101208,            1.00
478,        20101209,            1.00
479,        20101210,            1.00
480,        20101213,            1.00
481,        20101214,            1.00
482,        20101215,            1.00
483,        20101216,            1.00
484,        20101217,            0.99
485,        20101220,            1.01
486,        20101221,            1.00
487,        20101222,            1.00
488,        20101223,            1.00
489,        20101227,            1.00
490,        20101228,            1.02
491,        20101229,            1.06
492,        20101230,            1.00
493,        20101231,            0.99
494,        20110103,            1.02
495,        20110104,            0.95
496,        20110105,            1.01
497,        20110106,            0.98
498,        20110107,            0.99
