0,        20090116,            1.00
1,        20090120,            0.94
2,        20090121,            1.00
3,        20090122,            1.01
4,        20090123,            0.99
5,        20090126,            1.04
6,        20090127,            0.99
7,        20090128,            1.04
8,        20090129,            0.93
9,        20090130,            0.96
10,        20090202,            0.98
11,        20090203,            1.03
12,        20090204,            0.98
13,        20090205,            1.03
14,        20090206,            1.02
15,        20090209,            0.99
16,        20090210,            0.93
17,        20090211,            1.03
18,        20090212,            1.00
19,        20090213,            0.99
20,        20090217,            0.96
21,        20090218,            1.02
22,        20090219,            0.99
23,        20090220,            1.03
24,        20090223,            0.97
25,        20090224,            1.04
26,        20090225,            0.98
27,        20090226,            1.00
28,        20090227,            1.02
29,        20090302,            0.96
30,        20090303,            0.99
31,        20090304,            1.03
32,        20090305,            0.95
33,        20090306,            1.01
34,        20090309,            0.99
35,        20090310,            1.08
36,        20090311,            0.98
37,        20090312,            1.05
38,        20090313,            0.99
39,        20090316,            0.98
40,        20090317,            1.04
41,        20090318,            1.03
42,        20090319,            1.01
43,        20090320,            0.99
44,        20090323,            1.06
45,        20090324,            0.97
46,        20090325,            1.04
47,        20090326,            1.04
48,        20090327,            0.98
49,        20090330,            0.98
50,        20090331,            1.00
51,        20090401,            1.02
52,        20090402,            1.07
53,        20090403,            0.99
54,        20090406,            0.99
55,        20090407,            0.95
56,        20090408,            1.04
57,        20090409,            1.10
58,        20090413,            0.98
59,        20090414,            0.98
60,        20090415,            1.01
61,        20090416,            1.03
62,        20090417,            0.99
63,        20090420,            0.97
64,        20090421,            1.04
65,        20090422,            1.00
66,        20090423,            1.01
67,        20090424,            1.03
68,        20090427,            0.98
69,        20090428,            0.99
70,        20090429,            0.97
71,        20090430,            1.00
72,        20090501,            0.98
73,        20090504,            1.04
74,        20090505,            0.99
75,        20090506,            0.98
76,        20090507,            0.99
77,        20090508,            0.99
78,        20090511,            1.00
79,        20090512,            1.01
80,        20090513,            0.96
81,        20090514,            1.02
82,        20090515,            0.98
83,        20090518,            1.05
84,        20090519,            1.00
85,        20090520,            0.97
86,        20090521,            0.97
87,        20090522,            1.01
88,        20090526,            1.05
89,        20090527,            0.98
90,        20090528,            1.00
91,        20090529,            1.02
92,        20090601,            1.06
93,        20090602,            1.01
94,        20090603,            0.97
95,        20090604,            0.97
96,        20090605,            0.99
97,        20090608,            1.01
98,        20090609,            1.03
99,        20090610,            0.99
100,        20090611,            0.99
101,        20090612,            1.03
102,        20090615,            0.99
103,        20090616,            0.98
104,        20090617,            1.00
105,        20090618,            1.00
106,        20090619,            1.00
107,        20090622,            0.98
108,        20090623,            0.99
109,        20090624,            1.02
110,        20090625,            1.03
111,        20090626,            1.00
112,        20090629,            1.00
113,        20090630,            0.98
114,        20090701,            1.00
115,        20090702,            0.95
116,        20090706,            1.00
117,        20090707,            0.98
118,        20090708,            1.03
119,        20090709,            1.00
120,        20090710,            1.00
121,        20090713,            1.03
122,        20090714,            1.00
123,        20090715,            1.00
124,        20090716,            1.02
125,        20090717,            1.00
126,        20090720,            1.03
127,        20090721,            1.00
128,        20090722,            1.01
129,        20090723,            1.02
130,        20090724,            1.00
131,        20090727,            0.99
132,        20090728,            0.98
133,        20090729,            1.00
134,        20090730,            1.00
135,        20090731,            1.00
136,        20090803,            1.02
137,        20090804,            0.99
138,        20090805,            0.99
139,        20090806,            1.05
140,        20090807,            1.03
141,        20090810,            0.97
142,        20090811,            0.99
143,        20090812,            1.01
144,        20090813,            0.99
145,        20090814,            0.98
146,        20090817,            0.97
147,        20090818,            1.02
148,        20090819,            1.00
149,        20090820,            1.01
150,        20090821,            1.04
151,        20090824,            0.99
152,        20090825,            0.98
153,        20090826,            1.01
154,        20090827,            1.00
155,        20090828,            1.00
156,        20090831,            0.98
157,        20090901,            0.99
158,        20090902,            0.99
159,        20090903,            1.01
160,        20090904,            1.00
161,        20090908,            1.02
162,        20090909,            1.02
163,        20090910,            1.01
164,        20090911,            0.99
165,        20090914,            1.03
166,        20090915,            1.00
167,        20090916,            1.00
168,        20090917,            0.99
169,        20090918,            1.02
170,        20090921,            1.00
171,        20090922,            1.00
172,        20090923,            0.98
173,        20090924,            1.00
174,        20090925,            1.00
175,        20090928,            1.02
176,        20090929,            1.00
177,        20090930,            1.00
178,        20091001,            0.98
179,        20091002,            0.99
180,        20091005,            1.01
181,        20091006,            1.01
182,        20091007,            1.00
183,        20091008,            1.00
184,        20091009,            1.00
185,        20091012,            1.00
186,        20091013,            1.00
187,        20091014,            1.01
188,        20091015,            1.00
189,        20091016,            0.99
190,        20091019,            1.01
191,        20091020,            0.98
192,        20091021,            0.99
193,        20091022,            1.01
194,        20091023,            0.98
195,        20091026,            1.00
196,        20091027,            0.99
197,        20091028,            0.98
198,        20091029,            1.02
199,        20091030,            0.97
200,        20091102,            1.01
201,        20091103,            1.00
202,        20091104,            0.99
203,        20091105,            1.02
204,        20091106,            1.00
205,        20091109,            1.01
206,        20091110,            0.99
207,        20091111,            1.00
208,        20091112,            1.00
209,        20091113,            1.01
210,        20091116,            1.03
211,        20091117,            0.99
212,        20091118,            1.01
213,        20091119,            0.99
214,        20091120,            1.00
215,        20091123,            1.02
216,        20091124,            1.00
217,        20091125,            1.01
218,        20091127,            0.99
219,        20091130,            1.00
220,        20091201,            1.05
221,        20091202,            0.98
222,        20091203,            0.99
223,        20091204,            1.03
224,        20091207,            1.00
225,        20091208,            1.00
226,        20091209,            0.99
227,        20091210,            1.01
228,        20091211,            1.01
229,        20091214,            1.00
230,        20091215,            0.99
231,        20091216,            1.01
232,        20091217,            1.01
233,        20091218,            1.00
234,        20091221,            0.99
235,        20091222,            1.02
236,        20091223,            1.01
237,        20091224,            1.00
238,        20091228,            1.00
239,        20091229,            1.00
240,        20091230,            1.00
241,        20091231,            0.98
242,        20100104,            1.00
243,        20100105,            1.00
244,        20100106,            1.00
245,        20100107,            1.01
246,        20100108,            1.02
247,        20100111,            1.00
248,        20100112,            0.98
249,        20100113,            1.01
250,        20100114,            0.99
251,        20100115,            1.00
252,        20100119,            1.01
253,        20100120,            0.98
254,        20100121,            0.99
255,        20100122,            0.98
256,        20100125,            1.00
257,        20100126,            0.99
258,        20100127,            0.99
259,        20100128,            1.00
260,        20100129,            0.99
261,        20100201,            1.00
262,        20100202,            1.02
263,        20100203,            0.99
264,        20100204,            0.98
265,        20100205,            1.01
266,        20100208,            0.99
267,        20100209,            1.03
268,        20100210,            0.99
269,        20100211,            1.02
270,        20100212,            1.00
271,        20100216,            1.02
272,        20100217,            1.01
273,        20100218,            1.01
274,        20100219,            1.02
275,        20100222,            0.99
276,        20100223,            0.99
277,        20100224,            1.01
278,        20100225,            1.01
279,        20100226,            0.99
280,        20100301,            1.00
281,        20100302,            0.90
282,        20100303,            0.97
283,        20100304,            1.02
284,        20100305,            1.01
285,        20100308,            0.98
286,        20100309,            1.01
287,        20100310,            1.00
288,        20100311,            1.01
289,        20100312,            1.01
290,        20100315,            1.00
291,        20100316,            1.01
292,        20100317,            1.00
293,        20100318,            1.00
294,        20100319,            1.00
295,        20100322,            1.02
296,        20100323,            1.00
297,        20100324,            0.98
298,        20100325,            1.00
299,        20100326,            1.01
300,        20100329,            1.00
301,        20100330,            0.99
302,        20100331,            0.99
303,        20100401,            1.01
304,        20100405,            1.01
305,        20100406,            1.00
306,        20100407,            1.02
307,        20100408,            0.99
308,        20100409,            1.00
309,        20100412,            1.00
310,        20100413,            0.98
311,        20100414,            1.02
312,        20100415,            1.00
313,        20100416,            0.99
314,        20100419,            1.00
315,        20100420,            0.99
316,        20100421,            1.01
317,        20100422,            1.00
318,        20100423,            1.01
319,        20100426,            1.01
320,        20100427,            0.95
321,        20100428,            0.99
322,        20100429,            1.02
323,        20100430,            0.98
324,        20100503,            1.01
325,        20100504,            0.98
326,        20100505,            1.00
327,        20100506,            0.94
328,        20100507,            0.99
329,        20100510,            1.04
330,        20100511,            0.99
331,        20100512,            1.03
332,        20100513,            0.96
333,        20100514,            0.99
334,        20100517,            1.00
335,        20100518,            0.99
336,        20100519,            0.98
337,        20100520,            0.99
338,        20100521,            1.01
339,        20100524,            0.99
340,        20100525,            1.01
341,        20100526,            0.98
342,        20100527,            1.03
343,        20100528,            0.99
344,        20100601,            0.99
345,        20100602,            1.02
346,        20100603,            1.01
347,        20100604,            0.96
348,        20100607,            0.98
349,        20100608,            1.03
350,        20100609,            0.99
351,        20100610,            1.04
352,        20100611,            0.99
353,        20100614,            1.00
354,        20100615,            1.02
355,        20100616,            1.02
356,        20100617,            0.97
357,        20100618,            1.00
358,        20100621,            0.98
359,        20100622,            0.97
360,        20100623,            0.98
361,        20100624,            0.98
362,        20100625,            1.00
363,        20100628,            0.99
364,        20100629,            0.97
365,        20100630,            0.99
366,        20100701,            1.01
367,        20100702,            1.00
368,        20100706,            1.00
369,        20100707,            1.02
370,        20100708,            1.00
371,        20100709,            1.01
372,        20100712,            1.00
373,        20100713,            1.03
374,        20100714,            0.99
375,        20100715,            1.01
376,        20100716,            0.95
377,        20100719,            1.01
378,        20100720,            1.01
379,        20100721,            0.98
380,        20100722,            1.04
381,        20100723,            1.00
382,        20100726,            1.02
383,        20100727,            0.99
384,        20100728,            0.99
385,        20100729,            0.99
386,        20100730,            1.02
387,        20100802,            1.03
388,        20100803,            0.96
389,        20100804,            1.01
390,        20100805,            1.00
391,        20100806,            1.00
392,        20100809,            0.99
393,        20100810,            1.00
394,        20100811,            0.97
395,        20100812,            1.00
396,        20100813,            0.99
397,        20100816,            1.00
398,        20100817,            1.02
399,        20100818,            1.01
400,        20100819,            0.96
401,        20100820,            1.00
402,        20100823,            0.98
403,        20100824,            0.98
404,        20100825,            1.00
405,        20100826,            0.98
406,        20100827,            1.01
407,        20100830,            0.98
408,        20100831,            1.01
409,        20100901,            1.04
410,        20100902,            1.02
411,        20100903,            1.02
412,        20100907,            0.98
413,        20100908,            1.02
414,        20100909,            1.00
415,        20100910,            1.02
416,        20100913,            1.01
417,        20100914,            1.01
418,        20100915,            1.00
419,        20100916,            0.98
420,        20100917,            1.01
421,        20100920,            1.01
422,        20100921,            1.01
423,        20100922,            1.00
424,        20100923,            1.01
425,        20100924,            1.03
426,        20100927,            1.00
427,        20100928,            1.01
428,        20100929,            0.99
429,        20100930,            1.01
430,        20101001,            0.99
431,        20101004,            1.00
432,        20101005,            1.02
433,        20101006,            1.00
434,        20101007,            0.98
435,        20101008,            1.00
436,        20101011,            1.01
437,        20101012,            1.00
438,        20101013,            1.00
439,        20101014,            1.00
440,        20101015,            1.00
441,        20101018,            0.99
442,        20101019,            0.97
443,        20101020,            1.01
444,        20101021,            1.01
445,        20101022,            1.00
446,        20101025,            1.02
447,        20101026,            0.98
448,        20101027,            0.99
449,        20101028,            1.01
450,        20101029,            1.00
451,        20101101,            0.99
452,        20101102,            1.00
453,        20101103,            1.00
454,        20101104,            1.02
455,        20101105,            1.00
456,        20101108,            0.98
457,        20101109,            1.00
458,        20101110,            1.01
459,        20101111,            1.00
460,        20101112,            0.98
461,        20101115,            0.99
462,        20101116,            1.00
463,        20101117,            1.00
464,        20101118,            1.02
465,        20101119,            1.05
466,        20101122,            1.00
467,        20101123,            1.00
468,        20101124,            1.03
469,        20101126,            0.99
470,        20101129,            1.00
471,        20101130,            1.00
472,        20101201,            1.01
473,        20101202,            1.03
474,        20101203,            0.99
475,        20101206,            0.99
476,        20101207,            1.01
477,        20101208,            0.99
478,        20101209,            1.00
479,        20101210,            1.00
480,        20101213,            1.00
481,        20101214,            0.99
482,        20101215,            1.02
483,        20101216,            1.01
484,        20101217,            0.99
485,        20101220,            1.00
486,        20101221,            0.99
487,        20101222,            1.01
488,        20101223,            1.01
489,        20101227,            1.00
490,        20101228,            1.00
491,        20101229,            1.01
492,        20101230,            1.00
493,        20101231,            1.00
494,        20110103,            1.03
495,        20110104,            0.98
496,        20110105,            1.03
497,        20110106,            0.99
498,        20110107,            1.00
