0,        20090116,            1.02
1,        20090120,            0.92
2,        20090121,            1.05
3,        20090122,            0.90
4,        20090123,            1.04
5,        20090126,            0.95
6,        20090127,            1.03
7,        20090128,            1.03
8,        20090129,            0.94
9,        20090130,            1.17
10,        20090202,            0.95
11,        20090203,            1.02
12,        20090204,            1.07
13,        20090205,            1.01
14,        20090206,            1.01
15,        20090209,            1.01
16,        20090210,            0.98
17,        20090211,            0.99
18,        20090212,            0.99
19,        20090213,            1.02
20,        20090217,            0.92
21,        20090218,            1.00
22,        20090219,            1.00
23,        20090220,            0.96
24,        20090223,            0.97
25,        20090224,            1.11
26,        20090225,            0.92
27,        20090226,            0.97
28,        20090227,            0.94
29,        20090302,            0.91
30,        20090303,            1.02
31,        20090304,            1.03
32,        20090305,            0.90
33,        20090306,            0.98
34,        20090309,            0.95
35,        20090310,            1.15
36,        20090311,            0.94
37,        20090312,            0.96
38,        20090313,            1.06
39,        20090316,            0.96
40,        20090317,            0.90
41,        20090318,            1.04
42,        20090319,            1.13
43,        20090320,            0.92
44,        20090323,            1.10
45,        20090324,            0.97
46,        20090325,            1.00
47,        20090326,            1.11
48,        20090327,            0.95
49,        20090330,            0.94
50,        20090331,            1.00
51,        20090401,            1.03
52,        20090402,            1.04
53,        20090403,            0.97
54,        20090406,            1.00
55,        20090407,            0.93
56,        20090408,            1.02
57,        20090409,            1.11
58,        20090413,            0.97
59,        20090414,            1.05
60,        20090415,            0.99
61,        20090416,            1.01
62,        20090417,            1.00
63,        20090420,            0.92
64,        20090421,            1.04
65,        20090422,            1.08
66,        20090423,            0.95
67,        20090424,            0.98
68,        20090427,            0.95
69,        20090428,            0.94
70,        20090429,            1.11
71,        20090430,            1.09
72,        20090501,            0.98
73,        20090504,            1.13
74,        20090505,            0.94
75,        20090506,            1.02
76,        20090507,            0.97
77,        20090508,            1.02
78,        20090511,            0.95
79,        20090512,            0.98
80,        20090513,            0.93
81,        20090514,            1.00
82,        20090515,            0.99
83,        20090518,            1.05
84,        20090519,            1.06
85,        20090520,            1.02
86,        20090521,            0.95
87,        20090522,            0.98
88,        20090526,            1.02
89,        20090527,            1.04
90,        20090528,            0.99
91,        20090529,            1.04
92,        20090601,            1.03
93,        20090602,            1.01
94,        20090603,            0.95
95,        20090604,            1.05
96,        20090605,            1.05
97,        20090608,            0.95
98,        20090609,            1.02
99,        20090610,            1.05
100,        20090611,            1.00
101,        20090612,            0.99
102,        20090615,            0.95
103,        20090616,            0.96
104,        20090617,            0.97
105,        20090618,            1.00
106,        20090619,            1.01
107,        20090622,            0.94
108,        20090623,            1.00
109,        20090624,            1.01
110,        20090625,            0.97
111,        20090626,            1.02
112,        20090629,            0.98
113,        20090630,            1.01
114,        20090701,            1.02
115,        20090702,            0.97
116,        20090706,            0.93
117,        20090707,            0.98
118,        20090708,            0.97
119,        20090709,            1.01
120,        20090710,            0.95
121,        20090713,            1.04
122,        20090714,            0.98
123,        20090715,            1.04
124,        20090716,            1.00
125,        20090717,            0.99
126,        20090720,            0.99
127,        20090721,            1.04
128,        20090722,            1.00
129,        20090723,            1.03
130,        20090724,            1.29
131,        20090727,            0.96
132,        20090728,            1.02
133,        20090729,            1.00
134,        20090730,            1.07
135,        20090731,            0.96
136,        20090803,            1.01
137,        20090804,            1.00
138,        20090805,            0.96
139,        20090806,            0.98
140,        20090807,            1.01
141,        20090810,            1.01
142,        20090811,            0.97
143,        20090812,            0.96
144,        20090813,            0.98
145,        20090814,            0.98
146,        20090817,            0.96
147,        20090818,            1.01
148,        20090819,            0.99
149,        20090820,            1.01
150,        20090821,            0.98
151,        20090824,            1.02
152,        20090825,            0.98
153,        20090826,            0.98
154,        20090827,            1.01
155,        20090828,            1.01
156,        20090831,            0.97
157,        20090901,            0.95
158,        20090902,            1.00
159,        20090903,            1.06
160,        20090904,            1.01
161,        20090908,            1.05
162,        20090909,            1.00
163,        20090910,            1.03
164,        20090911,            1.04
165,        20090914,            1.02
166,        20090915,            1.04
167,        20090916,            1.02
168,        20090917,            1.03
169,        20090918,            1.02
170,        20090921,            0.98
171,        20090922,            1.00
172,        20090923,            0.97
173,        20090924,            0.94
174,        20090925,            1.03
175,        20090928,            0.99
176,        20090929,            1.01
177,        20090930,            0.98
178,        20091001,            0.95
179,        20091002,            0.97
180,        20091005,            1.02
181,        20091006,            1.03
182,        20091007,            1.04
183,        20091008,            1.03
184,        20091009,            1.03
185,        20091012,            1.04
186,        20091013,            0.99
187,        20091014,            1.00
188,        20091015,            1.00
189,        20091016,            0.97
190,        20091019,            1.07
191,        20091020,            0.99
192,        20091021,            0.97
193,        20091022,            1.03
194,        20091023,            0.85
195,        20091026,            0.95
196,        20091027,            0.99
197,        20091028,            0.96
198,        20091029,            1.00
199,        20091030,            0.97
200,        20091102,            1.00
201,        20091103,            1.02
202,        20091104,            1.00
203,        20091105,            1.05
204,        20091106,            1.00
205,        20091109,            1.03
206,        20091110,            0.99
207,        20091111,            1.00
208,        20091112,            0.94
209,        20091113,            1.03
210,        20091116,            1.03
211,        20091117,            0.81
212,        20091118,            1.00
213,        20091119,            0.97
214,        20091120,            1.00
215,        20091123,            0.98
216,        20091124,            0.99
217,        20091125,            1.00
218,        20091127,            0.96
219,        20091130,            1.03
220,        20091201,            1.05
221,        20091202,            1.00
222,        20091203,            1.05
223,        20091204,            0.99
224,        20091207,            1.10
225,        20091208,            0.96
226,        20091209,            1.00
227,        20091210,            0.97
228,        20091211,            1.00
229,        20091214,            1.02
230,        20091215,            1.04
231,        20091216,            1.00
232,        20091217,            1.00
233,        20091218,            1.00
234,        20091221,            1.00
235,        20091222,            0.99
236,        20091223,            1.00
237,        20091224,            1.00
238,        20091228,            1.00
239,        20091229,            0.99
240,        20091230,            1.00
241,        20091231,            0.99
242,        20100104,            1.01
243,        20100105,            1.04
244,        20100106,            1.04
245,        20100107,            1.00
246,        20100108,            0.98
247,        20100111,            1.02
248,        20100112,            0.98
249,        20100113,            0.99
250,        20100114,            0.96
251,        20100115,            0.99
252,        20100119,            0.98
253,        20100120,            0.96
254,        20100121,            1.00
255,        20100122,            0.96
256,        20100125,            0.99
257,        20100126,            1.04
258,        20100127,            0.96
259,        20100128,            1.01
260,        20100129,            0.97
261,        20100201,            1.03
262,        20100202,            1.00
263,        20100203,            1.01
264,        20100204,            0.92
265,        20100205,            1.00
266,        20100208,            0.97
267,        20100209,            1.03
268,        20100210,            0.98
269,        20100211,            1.06
270,        20100212,            0.97
271,        20100216,            1.03
272,        20100217,            0.99
273,        20100218,            1.00
274,        20100219,            0.98
275,        20100222,            1.00
276,        20100223,            0.97
277,        20100224,            0.98
278,        20100225,            0.99
279,        20100226,            1.01
280,        20100301,            1.02
281,        20100302,            1.01
282,        20100303,            1.03
283,        20100304,            1.02
284,        20100305,            1.01
285,        20100308,            1.00
286,        20100309,            0.98
287,        20100310,            1.05
288,        20100311,            1.01
289,        20100312,            1.01
290,        20100315,            0.98
291,        20100316,            1.02
292,        20100317,            1.03
293,        20100318,            1.01
294,        20100319,            0.86
295,        20100322,            0.96
296,        20100323,            1.01
297,        20100324,            1.00
298,        20100325,            0.97
299,        20100326,            1.01
300,        20100329,            1.03
301,        20100330,            1.02
302,        20100331,            0.98
303,        20100401,            1.01
304,        20100405,            1.00
305,        20100406,            0.99
306,        20100407,            1.03
307,        20100408,            0.96
308,        20100409,            0.98
309,        20100412,            1.01
310,        20100413,            0.99
311,        20100414,            1.01
312,        20100415,            1.02
313,        20100416,            0.98
314,        20100419,            0.99
315,        20100420,            1.05
316,        20100421,            0.95
317,        20100422,            1.00
318,        20100423,            1.02
319,        20100426,            0.99
320,        20100427,            0.96
321,        20100428,            0.95
322,        20100429,            1.04
323,        20100430,            0.98
324,        20100503,            1.02
325,        20100504,            0.95
326,        20100505,            0.99
327,        20100506,            0.92
328,        20100507,            0.97
329,        20100510,            1.07
330,        20100511,            1.00
331,        20100512,            0.93
332,        20100513,            1.00
333,        20100514,            0.92
334,        20100517,            0.92
335,        20100518,            0.96
336,        20100519,            0.97
337,        20100520,            1.04
338,        20100521,            0.95
339,        20100524,            0.97
340,        20100525,            0.98
341,        20100526,            1.01
342,        20100527,            1.22
343,        20100528,            1.00
344,        20100601,            0.93
345,        20100602,            1.07
346,        20100603,            1.00
347,        20100604,            0.98
348,        20100607,            0.91
349,        20100608,            0.98
350,        20100609,            0.98
351,        20100610,            1.13
352,        20100611,            1.04
353,        20100614,            1.01
354,        20100615,            1.05
355,        20100616,            0.99
356,        20100617,            1.05
357,        20100618,            1.00
358,        20100621,            0.98
359,        20100622,            0.99
360,        20100623,            0.99
361,        20100624,            0.94
362,        20100625,            0.99
363,        20100628,            0.97
364,        20100629,            0.94
365,        20100630,            1.01
366,        20100701,            1.05
367,        20100702,            1.01
368,        20100706,            0.99
369,        20100707,            1.06
370,        20100708,            1.05
371,        20100709,            1.03
372,        20100712,            0.96
373,        20100713,            1.03
374,        20100714,            1.02
375,        20100715,            0.96
376,        20100716,            0.96
377,        20100719,            1.00
378,        20100720,            1.00
379,        20100721,            0.97
380,        20100722,            1.09
381,        20100723,            0.95
382,        20100726,            0.99
383,        20100727,            1.00
384,        20100728,            0.98
385,        20100729,            0.97
386,        20100730,            0.98
387,        20100802,            1.04
388,        20100803,            0.99
389,        20100804,            1.01
390,        20100805,            1.00
391,        20100806,            0.99
392,        20100809,            1.05
393,        20100810,            0.96
394,        20100811,            0.96
395,        20100812,            1.00
396,        20100813,            0.97
397,        20100816,            0.97
398,        20100817,            1.00
399,        20100818,            0.99
400,        20100819,            0.96
401,        20100820,            0.98
402,        20100823,            0.97
403,        20100824,            0.96
404,        20100825,            1.01
405,        20100826,            0.98
406,        20100827,            1.12
407,        20100830,            0.94
408,        20100831,            1.02
409,        20100901,            1.03
410,        20100902,            1.01
411,        20100903,            1.03
412,        20100907,            0.98
413,        20100908,            1.03
414,        20100909,            1.00
415,        20100910,            1.04
416,        20100913,            1.02
417,        20100914,            1.01
418,        20100915,            0.99
419,        20100916,            1.00
420,        20100917,            0.98
421,        20100920,            1.04
422,        20100921,            1.01
423,        20100922,            1.00
424,        20100923,            1.10
425,        20100924,            1.00
426,        20100927,            0.97
427,        20100928,            1.01
428,        20100929,            1.05
429,        20100930,            1.01
430,        20101001,            0.98
431,        20101004,            0.96
432,        20101005,            1.01
433,        20101006,            0.99
434,        20101007,            1.02
435,        20101008,            1.00
436,        20101011,            1.01
437,        20101012,            1.02
438,        20101013,            1.00
439,        20101014,            1.02
440,        20101015,            0.97
441,        20101018,            1.00
442,        20101019,            0.96
443,        20101020,            1.00
444,        20101021,            1.01
445,        20101022,            0.98
446,        20101025,            1.02
447,        20101026,            1.00
448,        20101027,            1.00
449,        20101028,            1.01
450,        20101029,            0.98
451,        20101101,            0.98
452,        20101102,            1.01
453,        20101103,            1.01
454,        20101104,            1.04
455,        20101105,            1.01
456,        20101108,            1.00
457,        20101109,            0.98
458,        20101110,            1.01
459,        20101111,            1.00
460,        20101112,            0.99
461,        20101115,            1.01
462,        20101116,            0.96
463,        20101117,            0.99
464,        20101118,            0.99
465,        20101119,            0.93
466,        20101122,            1.00
467,        20101123,            0.98
468,        20101124,            1.01
469,        20101126,            0.98
470,        20101129,            1.00
471,        20101130,            0.97
472,        20101201,            1.04
473,        20101202,            1.03
474,        20101203,            1.04
475,        20101206,            0.99
476,        20101207,            0.98
477,        20101208,            1.02
478,        20101209,            1.00
479,        20101210,            1.07
480,        20101213,            0.99
481,        20101214,            1.00
482,        20101215,            0.98
483,        20101216,            1.02
484,        20101217,            1.00
485,        20101220,            0.97
486,        20101221,            1.03
487,        20101222,            0.99
488,        20101223,            0.99
489,        20101227,            1.01
490,        20101228,            0.98
491,        20101229,            1.01
492,        20101230,            0.99
493,        20101231,            0.99
494,        20110103,            1.02
495,        20110104,            1.04
496,        20110105,            1.02
497,        20110106,            0.98
498,        20110107,            0.99
