0,        20090116,            0.99
1,        20090120,            0.84
2,        20090121,            1.07
3,        20090122,            0.97
4,        20090123,            0.99
5,        20090126,            1.05
6,        20090127,            1.04
7,        20090128,            1.10
8,        20090129,            0.91
9,        20090130,            1.04
10,        20090202,            0.96
11,        20090203,            1.04
12,        20090204,            0.98
13,        20090205,            1.00
14,        20090206,            1.01
15,        20090209,            0.99
16,        20090210,            0.94
17,        20090211,            1.01
18,        20090212,            1.00
19,        20090213,            0.97
20,        20090217,            0.88
21,        20090218,            1.02
22,        20090219,            0.99
23,        20090220,            0.98
24,        20090223,            0.94
25,        20090224,            1.05
26,        20090225,            1.00
27,        20090226,            1.02
28,        20090227,            0.96
29,        20090302,            0.92
30,        20090303,            1.00
31,        20090304,            1.03
32,        20090305,            0.91
33,        20090306,            1.01
34,        20090309,            0.94
35,        20090310,            1.17
36,        20090311,            1.00
37,        20090312,            1.09
38,        20090313,            1.02
39,        20090316,            1.00
40,        20090317,            1.06
41,        20090318,            1.04
42,        20090319,            0.98
43,        20090320,            0.98
44,        20090323,            1.11
45,        20090324,            0.95
46,        20090325,            1.03
47,        20090326,            1.01
48,        20090327,            0.93
49,        20090330,            0.92
50,        20090331,            1.07
51,        20090401,            1.04
52,        20090402,            1.09
53,        20090403,            1.04
54,        20090406,            0.97
55,        20090407,            0.97
56,        20090408,            1.03
57,        20090409,            1.11
58,        20090413,            1.02
59,        20090414,            0.95
60,        20090415,            1.02
61,        20090416,            1.02
62,        20090417,            1.01
63,        20090420,            0.92
64,        20090421,            1.03
65,        20090422,            0.99
66,        20090423,            1.03
67,        20090424,            1.03
68,        20090427,            0.95
69,        20090428,            0.99
70,        20090429,            1.06
71,        20090430,            1.03
72,        20090501,            1.01
73,        20090504,            1.03
74,        20090505,            0.98
75,        20090506,            1.04
76,        20090507,            0.95
77,        20090508,            1.10
78,        20090511,            0.96
79,        20090512,            1.01
80,        20090513,            0.93
81,        20090514,            1.02
82,        20090515,            0.97
83,        20090518,            1.07
84,        20090519,            1.02
85,        20090520,            0.99
86,        20090521,            1.01
87,        20090522,            1.02
88,        20090526,            1.03
89,        20090527,            0.99
90,        20090528,            1.03
91,        20090529,            1.01
92,        20090601,            1.03
93,        20090602,            1.01
94,        20090603,            0.96
95,        20090604,            1.01
96,        20090605,            1.00
97,        20090608,            0.99
98,        20090609,            1.02
99,        20090610,            1.01
100,        20090611,            1.02
101,        20090612,            1.00
102,        20090615,            0.96
103,        20090616,            0.99
104,        20090617,            1.01
105,        20090618,            1.03
106,        20090619,            1.05
107,        20090622,            0.95
108,        20090623,            1.01
109,        20090624,            1.02
110,        20090625,            1.03
111,        20090626,            1.01
112,        20090629,            1.03
113,        20090630,            0.99
114,        20090701,            1.01
115,        20090702,            0.96
116,        20090706,            1.00
117,        20090707,            0.98
118,        20090708,            0.98
119,        20090709,            1.03
120,        20090710,            0.99
121,        20090713,            1.03
122,        20090714,            1.00
123,        20090715,            1.05
124,        20090716,            1.02
125,        20090717,            0.99
126,        20090720,            1.03
127,        20090721,            0.98
128,        20090722,            1.01
129,        20090723,            1.03
130,        20090724,            1.02
131,        20090727,            1.03
132,        20090728,            1.01
133,        20090729,            0.97
134,        20090730,            1.01
135,        20090731,            1.03
136,        20090803,            1.01
137,        20090804,            0.99
138,        20090805,            0.99
139,        20090806,            1.00
140,        20090807,            1.01
141,        20090810,            0.99
142,        20090811,            0.99
143,        20090812,            1.02
144,        20090813,            1.01
145,        20090814,            0.99
146,        20090817,            0.95
147,        20090818,            1.03
148,        20090819,            1.01
149,        20090820,            1.02
150,        20090821,            1.03
151,        20090824,            0.99
152,        20090825,            1.03
153,        20090826,            1.00
154,        20090827,            1.02
155,        20090828,            0.99
156,        20090831,            0.99
157,        20090901,            0.95
158,        20090902,            0.98
159,        20090903,            1.03
160,        20090904,            1.05
161,        20090908,            1.00
162,        20090909,            1.00
163,        20090910,            1.00
164,        20090911,            1.00
165,        20090914,            1.01
166,        20090915,            1.01
167,        20090916,            1.02
168,        20090917,            0.99
169,        20090918,            1.02
170,        20090921,            0.99
171,        20090922,            1.02
172,        20090923,            1.00
173,        20090924,            0.99
174,        20090925,            1.00
175,        20090928,            1.02
176,        20090929,            0.99
177,        20090930,            0.99
178,        20091001,            0.95
179,        20091002,            0.99
180,        20091005,            1.05
181,        20091006,            1.03
182,        20091007,            0.99
183,        20091008,            1.01
184,        20091009,            0.99
185,        20091012,            1.01
186,        20091013,            0.98
187,        20091014,            1.06
188,        20091015,            1.01
189,        20091016,            0.98
190,        20091019,            1.04
191,        20091020,            0.99
192,        20091021,            1.00
193,        20091022,            1.02
194,        20091023,            0.98
195,        20091026,            0.98
196,        20091027,            0.99
197,        20091028,            0.97
198,        20091029,            1.06
199,        20091030,            0.95
200,        20091102,            1.01
201,        20091103,            0.98
202,        20091104,            1.01
203,        20091105,            1.03
204,        20091106,            1.01
205,        20091109,            1.03
206,        20091110,            1.00
207,        20091111,            1.00
208,        20091112,            0.99
209,        20091113,            1.01
210,        20091116,            1.01
211,        20091117,            1.00
212,        20091118,            1.01
213,        20091119,            0.99
214,        20091120,            0.98
215,        20091123,            1.04
216,        20091124,            1.00
217,        20091125,            1.01
218,        20091127,            0.97
219,        20091130,            1.00
220,        20091201,            1.02
221,        20091202,            1.00
222,        20091203,            0.99
223,        20091204,            1.01
224,        20091207,            0.99
225,        20091208,            0.97
226,        20091209,            0.97
227,        20091210,            1.00
228,        20091211,            0.99
229,        20091214,            1.02
230,        20091215,            0.99
231,        20091216,            1.02
232,        20091217,            0.96
233,        20091218,            1.00
234,        20091221,            1.01
235,        20091222,            1.01
236,        20091223,            1.00
237,        20091224,            1.01
238,        20091228,            1.00
239,        20091229,            1.00
240,        20091230,            0.99
241,        20091231,            0.99
242,        20100104,            1.03
243,        20100105,            1.01
244,        20100106,            1.01
245,        20100107,            0.99
246,        20100108,            1.00
247,        20100111,            1.01
248,        20100112,            0.97
249,        20100113,            1.00
250,        20100114,            1.00
251,        20100115,            0.97
252,        20100119,            1.02
253,        20100120,            0.95
254,        20100121,            0.94
255,        20100122,            0.98
256,        20100125,            1.01
257,        20100126,            0.99
258,        20100127,            0.96
259,        20100128,            0.97
260,        20100129,            1.00
261,        20100201,            1.03
262,        20100202,            1.03
263,        20100203,            0.95
264,        20100204,            0.89
265,        20100205,            1.01
266,        20100208,            1.01
267,        20100209,            1.05
268,        20100210,            1.01
269,        20100211,            0.98
270,        20100212,            0.98
271,        20100216,            1.02
272,        20100217,            1.00
273,        20100218,            1.01
274,        20100219,            1.00
275,        20100222,            0.98
276,        20100223,            0.95
277,        20100224,            1.00
278,        20100225,            1.00
279,        20100226,            1.02
280,        20100301,            1.00
281,        20100302,            1.01
282,        20100303,            1.04
283,        20100304,            1.01
284,        20100305,            1.04
285,        20100308,            1.00
286,        20100309,            0.98
287,        20100310,            1.01
288,        20100311,            1.00
289,        20100312,            1.00
290,        20100315,            0.99
291,        20100316,            1.01
292,        20100317,            1.00
293,        20100318,            0.98
294,        20100319,            0.97
295,        20100322,            0.99
296,        20100323,            1.02
297,        20100324,            0.95
298,        20100325,            1.02
299,        20100326,            1.02
300,        20100329,            1.01
301,        20100330,            0.99
302,        20100331,            0.99
303,        20100401,            1.04
304,        20100405,            1.01
305,        20100406,            0.98
306,        20100407,            1.00
307,        20100408,            1.00
308,        20100409,            1.05
309,        20100412,            1.02
310,        20100413,            1.00
311,        20100414,            1.01
312,        20100415,            0.99
313,        20100416,            0.97
314,        20100419,            0.99
315,        20100420,            1.01
316,        20100421,            0.97
317,        20100422,            0.98
318,        20100423,            1.00
319,        20100426,            0.99
320,        20100427,            0.93
321,        20100428,            0.97
322,        20100429,            1.03
323,        20100430,            1.00
324,        20100503,            0.99
325,        20100504,            0.91
326,        20100505,            0.97
327,        20100506,            0.92
328,        20100507,            0.99
329,        20100510,            1.23
330,        20100511,            0.95
331,        20100512,            1.02
332,        20100513,            0.96
333,        20100514,            0.93
334,        20100517,            0.99
335,        20100518,            1.00
336,        20100519,            1.04
337,        20100520,            0.96
338,        20100521,            1.05
339,        20100524,            0.95
340,        20100525,            1.00
341,        20100526,            0.95
342,        20100527,            1.06
343,        20100528,            0.97
344,        20100601,            0.97
345,        20100602,            1.02
346,        20100603,            0.97
347,        20100604,            0.92
348,        20100607,            0.98
349,        20100608,            1.02
350,        20100609,            1.00
351,        20100610,            1.10
352,        20100611,            1.06
353,        20100614,            1.01
354,        20100615,            1.05
355,        20100616,            0.98
356,        20100617,            1.02
357,        20100618,            1.02
358,        20100621,            0.99
359,        20100622,            0.98
360,        20100623,            1.00
361,        20100624,            0.96
362,        20100625,            1.02
363,        20100628,            1.00
364,        20100629,            0.93
365,        20100630,            1.02
366,        20100701,            1.05
367,        20100702,            0.99
368,        20100706,            1.05
369,        20100707,            1.10
370,        20100708,            1.01
371,        20100709,            1.00
372,        20100712,            0.99
373,        20100713,            1.02
374,        20100714,            1.00
375,        20100715,            1.00
376,        20100716,            0.96
377,        20100719,            1.02
378,        20100720,            1.02
379,        20100721,            0.95
380,        20100722,            1.07
381,        20100723,            1.03
382,        20100726,            1.00
383,        20100727,            1.02
384,        20100728,            0.98
385,        20100729,            0.99
386,        20100730,            0.97
387,        20100802,            1.06
388,        20100803,            1.01
389,        20100804,            0.99
390,        20100805,            1.01
391,        20100806,            0.99
392,        20100809,            1.00
393,        20100810,            0.99
394,        20100811,            0.92
395,        20100812,            0.99
396,        20100813,            0.97
397,        20100816,            1.00
398,        20100817,            1.01
399,        20100818,            1.01
400,        20100819,            0.97
401,        20100820,            0.98
402,        20100823,            1.02
403,        20100824,            0.98
404,        20100825,            0.99
405,        20100826,            1.00
406,        20100827,            1.03
407,        20100830,            0.98
408,        20100831,            1.01
409,        20100901,            1.05
410,        20100902,            1.01
411,        20100903,            1.02
412,        20100907,            0.96
413,        20100908,            1.02
414,        20100909,            1.01
415,        20100910,            1.01
416,        20100913,            1.02
417,        20100914,            1.01
418,        20100915,            1.00
419,        20100916,            1.00
420,        20100917,            0.97
421,        20100920,            1.02
422,        20100921,            1.00
423,        20100922,            0.99
424,        20100923,            0.96
425,        20100924,            1.05
426,        20100927,            0.98
427,        20100928,            1.01
428,        20100929,            0.99
429,        20100930,            1.01
430,        20101001,            0.99
431,        20101004,            0.99
432,        20101005,            1.06
433,        20101006,            1.00
434,        20101007,            1.00
435,        20101008,            0.99
436,        20101011,            0.99
437,        20101012,            0.99
438,        20101013,            1.03
439,        20101014,            1.00
440,        20101015,            1.00
441,        20101018,            1.02
442,        20101019,            0.97
443,        20101020,            1.02
444,        20101021,            0.99
445,        20101022,            1.01
446,        20101025,            0.98
447,        20101026,            0.99
448,        20101027,            0.98
449,        20101028,            1.00
450,        20101029,            1.01
451,        20101101,            0.96
452,        20101102,            1.02
453,        20101103,            0.98
454,        20101104,            1.01
455,        20101105,            0.96
456,        20101108,            1.00
457,        20101109,            0.99
458,        20101110,            0.99
459,        20101111,            0.99
460,        20101112,            1.01
461,        20101115,            1.01
462,        20101116,            0.97
463,        20101117,            1.02
464,        20101118,            1.02
465,        20101119,            0.99
466,        20101122,            0.95
467,        20101123,            0.94
468,        20101124,            1.00
469,        20101126,            0.95
470,        20101129,            0.98
471,        20101130,            0.99
472,        20101201,            1.08
473,        20101202,            1.06
474,        20101203,            1.02
475,        20101206,            0.97
476,        20101207,            0.99
477,        20101208,            1.03
478,        20101209,            1.02
479,        20101210,            0.98
480,        20101213,            1.01
481,        20101214,            1.00
482,        20101215,            0.96
483,        20101216,            1.00
484,        20101217,            0.98
485,        20101220,            1.01
486,        20101221,            1.03
487,        20101222,            0.99
488,        20101223,            0.99
489,        20101227,            0.98
490,        20101228,            1.00
491,        20101229,            1.01
492,        20101230,            1.00
493,        20101231,            1.01
494,        20110103,            1.00
495,        20110104,            1.00
496,        20110105,            0.98
497,        20110106,            0.96
498,        20110107,            0.98
