0,        20090116,            1.06
1,        20090120,            0.93
2,        20090121,            1.04
3,        20090122,            0.96
4,        20090123,            1.06
5,        20090126,            1.05
6,        20090127,            1.01
7,        20090128,            1.06
8,        20090129,            0.97
9,        20090130,            1.01
10,        20090202,            0.93
11,        20090203,            1.03
12,        20090204,            1.00
13,        20090205,            0.92
14,        20090206,            0.97
15,        20090209,            1.01
16,        20090210,            0.92
17,        20090211,            1.01
18,        20090212,            1.02
19,        20090213,            0.97
20,        20090217,            0.97
21,        20090218,            0.97
22,        20090219,            0.98
23,        20090220,            0.97
24,        20090223,            0.98
25,        20090224,            1.06
26,        20090225,            1.02
27,        20090226,            0.99
28,        20090227,            0.96
29,        20090302,            0.89
30,        20090303,            1.00
31,        20090304,            1.02
32,        20090305,            0.94
33,        20090306,            0.95
34,        20090309,            1.00
35,        20090310,            1.06
36,        20090311,            0.98
37,        20090312,            1.03
38,        20090313,            0.96
39,        20090316,            1.01
40,        20090317,            1.00
41,        20090318,            0.99
42,        20090319,            1.03
43,        20090320,            0.94
44,        20090323,            1.07
45,        20090324,            0.95
46,        20090325,            1.02
47,        20090326,            1.04
48,        20090327,            0.94
49,        20090330,            0.97
50,        20090331,            1.00
51,        20090401,            1.00
52,        20090402,            1.06
53,        20090403,            1.01
54,        20090406,            0.99
55,        20090407,            1.00
56,        20090408,            1.00
57,        20090409,            1.03
58,        20090413,            0.98
59,        20090414,            0.97
60,        20090415,            1.00
61,        20090416,            1.02
62,        20090417,            0.99
63,        20090420,            0.94
64,        20090421,            1.03
65,        20090422,            0.98
66,        20090423,            1.03
67,        20090424,            1.01
68,        20090427,            0.96
69,        20090428,            1.01
70,        20090429,            1.00
71,        20090430,            0.98
72,        20090501,            1.07
73,        20090504,            1.06
74,        20090505,            1.01
75,        20090506,            1.04
76,        20090507,            0.95
77,        20090508,            1.05
78,        20090511,            0.96
79,        20090512,            0.98
80,        20090513,            1.00
81,        20090514,            1.00
82,        20090515,            0.96
83,        20090518,            1.01
84,        20090519,            1.01
85,        20090520,            1.01
86,        20090521,            0.95
87,        20090522,            1.00
88,        20090526,            0.99
89,        20090527,            1.04
90,        20090528,            1.03
91,        20090529,            1.04
92,        20090601,            1.00
93,        20090602,            0.99
94,        20090603,            0.93
95,        20090604,            1.03
96,        20090605,            0.98
97,        20090608,            0.99
98,        20090609,            1.00
99,        20090610,            0.99
100,        20090611,            0.98
101,        20090612,            0.98
102,        20090615,            0.99
103,        20090616,            0.98
104,        20090617,            0.97
105,        20090618,            1.00
106,        20090619,            0.98
107,        20090622,            0.96
108,        20090623,            1.01
109,        20090624,            0.97
110,        20090625,            1.04
111,        20090626,            0.98
112,        20090629,            1.00
113,        20090630,            1.00
114,        20090701,            1.01
115,        20090702,            0.99
116,        20090706,            0.96
117,        20090707,            0.98
118,        20090708,            1.00
119,        20090709,            1.02
120,        20090710,            0.99
121,        20090713,            1.01
122,        20090714,            1.01
123,        20090715,            1.03
124,        20090716,            1.01
125,        20090717,            1.00
126,        20090720,            1.01
127,        20090721,            1.01
128,        20090722,            0.99
129,        20090723,            1.04
130,        20090724,            1.00
131,        20090727,            1.03
132,        20090728,            0.98
133,        20090729,            0.98
134,        20090730,            1.02
135,        20090731,            1.00
136,        20090803,            1.04
137,        20090804,            1.01
138,        20090805,            1.02
139,        20090806,            0.97
140,        20090807,            1.02
141,        20090810,            1.00
142,        20090811,            0.98
143,        20090812,            1.00
144,        20090813,            1.02
145,        20090814,            0.99
146,        20090817,            0.96
147,        20090818,            1.01
148,        20090819,            1.00
149,        20090820,            1.03
150,        20090821,            1.00
151,        20090824,            1.00
152,        20090825,            1.01
153,        20090826,            1.05
154,        20090827,            1.00
155,        20090828,            0.99
156,        20090831,            0.98
157,        20090901,            0.95
158,        20090902,            0.99
159,        20090903,            1.02
160,        20090904,            1.02
161,        20090908,            1.01
162,        20090909,            0.98
163,        20090910,            1.03
164,        20090911,            1.02
165,        20090914,            1.01
166,        20090915,            0.99
167,        20090916,            1.02
168,        20090917,            1.03
169,        20090918,            0.99
170,        20090921,            0.98
171,        20090922,            1.01
172,        20090923,            0.98
173,        20090924,            0.98
174,        20090925,            1.04
175,        20090928,            1.01
176,        20090929,            0.99
177,        20090930,            1.02
178,        20091001,            0.97
179,        20091002,            0.99
180,        20091005,            1.03
181,        20091006,            0.99
182,        20091007,            1.02
183,        20091008,            1.02
184,        20091009,            1.00
185,        20091012,            1.02
186,        20091013,            1.01
187,        20091014,            0.99
188,        20091015,            1.10
189,        20091016,            0.99
190,        20091019,            1.00
191,        20091020,            1.01
192,        20091021,            1.00
193,        20091022,            1.02
194,        20091023,            0.98
195,        20091026,            0.99
196,        20091027,            0.98
197,        20091028,            0.97
198,        20091029,            1.02
199,        20091030,            0.96
200,        20091102,            1.00
201,        20091103,            1.02
202,        20091104,            0.98
203,        20091105,            1.02
204,        20091106,            0.90
205,        20091109,            0.98
206,        20091110,            1.00
207,        20091111,            1.01
208,        20091112,            0.98
209,        20091113,            0.98
210,        20091116,            0.99
211,        20091117,            0.99
212,        20091118,            1.00
213,        20091119,            0.97
214,        20091120,            1.02
215,        20091123,            0.99
216,        20091124,            1.00
217,        20091125,            1.01
218,        20091127,            0.98
219,        20091130,            0.99
220,        20091201,            1.02
221,        20091202,            1.00
222,        20091203,            1.00
223,        20091204,            1.01
224,        20091207,            1.00
225,        20091208,            1.00
226,        20091209,            0.99
227,        20091210,            1.02
228,        20091211,            1.00
229,        20091214,            1.00
230,        20091215,            0.98
231,        20091216,            1.00
232,        20091217,            0.99
233,        20091218,            1.01
234,        20091221,            1.01
235,        20091222,            1.00
236,        20091223,            0.99
237,        20091224,            1.01
238,        20091228,            0.99
239,        20091229,            1.00
240,        20091230,            1.02
241,        20091231,            1.00
242,        20100104,            1.06
243,        20100105,            1.02
244,        20100106,            1.02
245,        20100107,            1.01
246,        20100108,            0.99
247,        20100111,            0.98
248,        20100112,            0.96
249,        20100113,            0.99
250,        20100114,            1.01
251,        20100115,            1.00
252,        20100119,            1.01
253,        20100120,            1.00
254,        20100121,            0.97
255,        20100122,            0.97
256,        20100125,            1.00
257,        20100126,            1.01
258,        20100127,            0.98
259,        20100128,            0.99
260,        20100129,            0.98
261,        20100201,            1.06
262,        20100202,            1.02
263,        20100203,            0.97
264,        20100204,            0.97
265,        20100205,            1.00
266,        20100208,            0.98
267,        20100209,            1.03
268,        20100210,            1.00
269,        20100211,            1.01
270,        20100212,            0.99
271,        20100216,            1.04
272,        20100217,            0.99
273,        20100218,            1.01
274,        20100219,            1.00
275,        20100222,            1.00
276,        20100223,            0.96
277,        20100224,            1.01
278,        20100225,            0.99
279,        20100226,            1.00
280,        20100301,            1.00
281,        20100302,            1.04
282,        20100303,            1.03
283,        20100304,            1.01
284,        20100305,            1.03
285,        20100308,            0.98
286,        20100309,            1.01
287,        20100310,            1.04
288,        20100311,            1.00
289,        20100312,            0.99
290,        20100315,            1.00
291,        20100316,            1.02
292,        20100317,            1.01
293,        20100318,            0.99
294,        20100319,            0.98
295,        20100322,            1.01
296,        20100323,            1.01
297,        20100324,            1.00
298,        20100325,            0.96
299,        20100326,            0.99
300,        20100329,            1.01
301,        20100330,            1.01
302,        20100331,            1.02
303,        20100401,            1.04
304,        20100405,            1.03
305,        20100406,            0.99
306,        20100407,            0.97
307,        20100408,            0.99
308,        20100409,            1.02
309,        20100412,            0.98
310,        20100413,            1.01
311,        20100414,            1.01
312,        20100415,            1.00
313,        20100416,            0.96
314,        20100419,            1.01
315,        20100420,            1.03
316,        20100421,            0.99
317,        20100422,            1.00
318,        20100423,            1.03
319,        20100426,            1.00
320,        20100427,            0.97
321,        20100428,            1.01
322,        20100429,            1.02
323,        20100430,            1.04
324,        20100503,            1.00
325,        20100504,            0.98
326,        20100505,            0.98
327,        20100506,            0.96
328,        20100507,            0.96
329,        20100510,            1.07
330,        20100511,            0.98
331,        20100512,            1.03
332,        20100513,            1.01
333,        20100514,            0.97
334,        20100517,            0.98
335,        20100518,            0.98
336,        20100519,            0.98
337,        20100520,            0.95
338,        20100521,            1.02
339,        20100524,            0.99
340,        20100525,            1.00
341,        20100526,            1.00
342,        20100527,            1.06
343,        20100528,            1.00
344,        20100601,            0.95
345,        20100602,            1.04
346,        20100603,            1.04
347,        20100604,            0.95
348,        20100607,            0.99
349,        20100608,            1.00
350,        20100609,            0.99
351,        20100610,            1.07
352,        20100611,            1.01
353,        20100614,            1.02
354,        20100615,            1.03
355,        20100616,            1.06
356,        20100617,            1.00
357,        20100618,            1.02
358,        20100621,            1.00
359,        20100622,            0.99
360,        20100623,            1.00
361,        20100624,            1.00
362,        20100625,            1.05
363,        20100628,            1.00
364,        20100629,            0.96
365,        20100630,            0.99
366,        20100701,            0.95
367,        20100702,            0.98
368,        20100706,            0.99
369,        20100707,            1.04
370,        20100708,            1.01
371,        20100709,            1.00
372,        20100712,            0.99
373,        20100713,            1.01
374,        20100714,            0.97
375,        20100715,            1.01
376,        20100716,            0.99
377,        20100719,            0.99
378,        20100720,            1.03
379,        20100721,            0.99
380,        20100722,            1.02
381,        20100723,            1.00
382,        20100726,            1.03
383,        20100727,            0.99
384,        20100728,            0.99
385,        20100729,            1.01
386,        20100730,            1.04
387,        20100802,            1.00
388,        20100803,            1.01
389,        20100804,            1.03
390,        20100805,            1.01
391,        20100806,            0.99
392,        20100809,            1.01
393,        20100810,            1.00
394,        20100811,            0.94
395,        20100812,            0.99
396,        20100813,            1.02
397,        20100816,            1.00
398,        20100817,            1.00
399,        20100818,            1.00
400,        20100819,            1.00
401,        20100820,            0.98
402,        20100823,            1.00
403,        20100824,            0.98
404,        20100825,            1.00
405,        20100826,            0.99
406,        20100827,            1.02
407,        20100830,            0.99
408,        20100831,            0.99
409,        20100901,            1.01
410,        20100902,            1.01
411,        20100903,            1.04
412,        20100907,            0.99
413,        20100908,            1.02
414,        20100909,            0.99
415,        20100910,            1.00
416,        20100913,            1.01
417,        20100914,            1.00
418,        20100915,            0.98
419,        20100916,            0.98
420,        20100917,            0.97
421,        20100920,            1.02
422,        20100921,            0.99
423,        20100922,            0.98
424,        20100923,            0.99
425,        20100924,            1.03
426,        20100927,            0.99
427,        20100928,            1.03
428,        20100929,            1.03
429,        20100930,            1.01
430,        20101001,            1.00
431,        20101004,            0.99
432,        20101005,            1.05
433,        20101006,            1.00
434,        20101007,            1.01
435,        20101008,            1.03
436,        20101011,            1.00
437,        20101012,            1.00
438,        20101013,            1.02
439,        20101014,            1.00
440,        20101015,            1.00
441,        20101018,            1.01
442,        20101019,            0.98
443,        20101020,            1.01
444,        20101021,            0.99
445,        20101022,            1.00
446,        20101025,            1.01
447,        20101026,            0.99
448,        20101027,            1.01
449,        20101028,            1.00
450,        20101029,            0.94
451,        20101101,            0.99
452,        20101102,            1.00
453,        20101103,            1.01
454,        20101104,            1.02
455,        20101105,            0.99
456,        20101108,            1.01
457,        20101109,            0.99
458,        20101110,            1.01
459,        20101111,            1.00
460,        20101112,            0.99
461,        20101115,            0.99
462,        20101116,            0.99
463,        20101117,            1.01
464,        20101118,            1.02
465,        20101119,            0.99
466,        20101122,            1.01
467,        20101123,            1.00
468,        20101124,            1.02
469,        20101126,            1.00
470,        20101129,            1.00
471,        20101130,            1.00
472,        20101201,            1.01
473,        20101202,            1.01
474,        20101203,            0.96
475,        20101206,            1.00
476,        20101207,            1.00
477,        20101208,            0.98
478,        20101209,            1.00
479,        20101210,            1.02
480,        20101213,            0.99
481,        20101214,            0.99
482,        20101215,            0.98
483,        20101216,            1.02
484,        20101217,            0.98
485,        20101220,            1.02
486,        20101221,            1.02
487,        20101222,            1.00
488,        20101223,            1.00
489,        20101227,            1.00
490,        20101228,            1.01
491,        20101229,            1.00
492,        20101230,            1.01
493,        20101231,            0.99
494,        20110103,            1.03
495,        20110104,            0.99
496,        20110105,            0.99
497,        20110106,            1.00
498,        20110107,            0.98
