0,        20090116,            1.05
1,        20090120,            0.94
2,        20090121,            1.02
3,        20090122,            0.97
4,        20090123,            0.98
5,        20090126,            1.00
6,        20090127,            1.01
7,        20090128,            1.01
8,        20090129,            0.97
9,        20090130,            0.96
10,        20090202,            0.99
11,        20090203,            1.02
12,        20090204,            1.01
13,        20090205,            0.98
14,        20090206,            1.02
15,        20090209,            1.01
16,        20090210,            0.97
17,        20090211,            1.01
18,        20090212,            1.07
19,        20090213,            1.07
20,        20090217,            0.96
21,        20090218,            1.01
22,        20090219,            0.99
23,        20090220,            1.00
24,        20090223,            0.97
25,        20090224,            1.04
26,        20090225,            1.02
27,        20090226,            1.03
28,        20090227,            1.00
29,        20090302,            0.95
30,        20090303,            1.05
31,        20090304,            1.06
32,        20090305,            1.00
33,        20090306,            0.98
34,        20090309,            0.98
35,        20090310,            0.99
36,        20090311,            1.04
37,        20090312,            1.04
38,        20090313,            1.02
39,        20090316,            0.95
40,        20090317,            1.03
41,        20090318,            1.00
42,        20090319,            1.00
43,        20090320,            0.98
44,        20090323,            1.03
45,        20090324,            0.99
46,        20090325,            0.98
47,        20090326,            1.04
48,        20090327,            0.99
49,        20090330,            0.97
50,        20090331,            0.99
51,        20090401,            0.99
52,        20090402,            1.04
53,        20090403,            0.98
54,        20090406,            0.98
55,        20090407,            0.97
56,        20090408,            1.01
57,        20090409,            1.04
58,        20090413,            0.93
59,        20090414,            1.00
60,        20090415,            1.02
61,        20090416,            1.02
62,        20090417,            1.04
63,        20090420,            0.99
64,        20090421,            1.02
65,        20090422,            0.99
66,        20090423,            0.99
67,        20090424,            1.01
68,        20090427,            0.97
69,        20090428,            1.00
70,        20090429,            1.06
71,        20090430,            1.00
72,        20090501,            1.02
73,        20090504,            1.07
74,        20090505,            1.02
75,        20090506,            1.01
76,        20090507,            1.09
77,        20090508,            1.02
78,        20090511,            1.02
79,        20090512,            0.98
80,        20090513,            0.97
81,        20090514,            1.00
82,        20090515,            1.01
83,        20090518,            1.00
84,        20090519,            1.00
85,        20090520,            1.02
86,        20090521,            1.00
87,        20090522,            1.01
88,        20090526,            1.02
89,        20090527,            0.97
90,        20090528,            1.02
91,        20090529,            1.01
92,        20090601,            1.05
93,        20090602,            1.01
94,        20090603,            0.99
95,        20090604,            1.02
96,        20090605,            1.04
97,        20090608,            0.97
98,        20090609,            1.03
99,        20090610,            0.99
100,        20090611,            1.01
101,        20090612,            1.00
102,        20090615,            0.96
103,        20090616,            0.98
104,        20090617,            1.02
105,        20090618,            0.98
106,        20090619,            1.02
107,        20090622,            0.96
108,        20090623,            1.02
109,        20090624,            0.97
110,        20090625,            1.04
111,        20090626,            1.01
112,        20090629,            1.00
113,        20090630,            1.01
114,        20090701,            1.02
115,        20090702,            0.97
116,        20090706,            1.01
117,        20090707,            0.95
118,        20090708,            0.99
119,        20090709,            1.04
120,        20090710,            1.00
121,        20090713,            1.04
122,        20090714,            1.00
123,        20090715,            1.01
124,        20090716,            1.04
125,        20090717,            1.00
126,        20090720,            1.00
127,        20090721,            1.00
128,        20090722,            0.99
129,        20090723,            1.02
130,        20090724,            0.99
131,        20090727,            0.98
132,        20090728,            0.98
133,        20090729,            0.99
134,        20090730,            1.03
135,        20090731,            1.00
136,        20090803,            1.03
137,        20090804,            1.02
138,        20090805,            0.97
139,        20090806,            1.07
140,        20090807,            1.01
141,        20090810,            0.99
142,        20090811,            1.00
143,        20090812,            1.02
144,        20090813,            1.02
145,        20090814,            0.98
146,        20090817,            0.96
147,        20090818,            1.01
148,        20090819,            1.00
149,        20090820,            1.00
150,        20090821,            1.01
151,        20090824,            0.98
152,        20090825,            1.02
153,        20090826,            1.01
154,        20090827,            1.01
155,        20090828,            1.01
156,        20090831,            1.00
157,        20090901,            0.95
158,        20090902,            1.00
159,        20090903,            0.99
160,        20090904,            1.02
161,        20090908,            0.97
162,        20090909,            1.00
163,        20090910,            1.03
164,        20090911,            0.99
165,        20090914,            1.00
166,        20090915,            0.98
167,        20090916,            1.03
168,        20090917,            1.01
169,        20090918,            0.99
170,        20090921,            1.00
171,        20090922,            1.01
172,        20090923,            1.04
173,        20090924,            1.01
174,        20090925,            0.99
175,        20090928,            1.01
176,        20090929,            1.00
177,        20090930,            0.99
178,        20091001,            0.96
179,        20091002,            0.99
180,        20091005,            1.02
181,        20091006,            1.02
182,        20091007,            1.01
183,        20091008,            0.98
184,        20091009,            1.01
185,        20091012,            1.01
186,        20091013,            1.01
187,        20091014,            1.03
188,        20091015,            1.01
189,        20091016,            1.00
190,        20091019,            1.01
191,        20091020,            0.98
192,        20091021,            1.00
193,        20091022,            1.02
194,        20091023,            0.98
195,        20091026,            1.02
196,        20091027,            0.98
197,        20091028,            0.99
198,        20091029,            1.03
199,        20091030,            0.96
200,        20091102,            1.02
201,        20091103,            1.01
202,        20091104,            1.01
203,        20091105,            0.99
204,        20091106,            1.00
205,        20091109,            1.05
206,        20091110,            1.01
207,        20091111,            1.00
208,        20091112,            1.00
209,        20091113,            1.00
210,        20091116,            1.01
211,        20091117,            0.99
212,        20091118,            1.00
213,        20091119,            0.98
214,        20091120,            1.00
215,        20091123,            1.02
216,        20091124,            0.99
217,        20091125,            1.00
218,        20091127,            0.97
219,        20091130,            1.02
220,        20091201,            1.05
221,        20091202,            0.99
222,        20091203,            0.99
223,        20091204,            1.01
224,        20091207,            0.99
225,        20091208,            0.97
226,        20091209,            1.01
227,        20091210,            1.05
228,        20091211,            0.98
229,        20091214,            1.01
230,        20091215,            1.00
231,        20091216,            1.03
232,        20091217,            0.99
233,        20091218,            0.99
234,        20091221,            0.98
235,        20091222,            1.00
236,        20091223,            1.02
237,        20091224,            1.01
238,        20091228,            0.98
239,        20091229,            1.00
240,        20091230,            1.00
241,        20091231,            1.01
242,        20100104,            0.98
243,        20100105,            1.00
244,        20100106,            0.99
245,        20100107,            0.99
246,        20100108,            1.02
247,        20100111,            1.01
248,        20100112,            0.98
249,        20100113,            1.00
250,        20100114,            1.00
251,        20100115,            0.99
252,        20100119,            1.00
253,        20100120,            1.01
254,        20100121,            0.98
255,        20100122,            0.97
256,        20100125,            0.97
257,        20100126,            1.02
258,        20100127,            1.01
259,        20100128,            0.99
260,        20100129,            0.99
261,        20100201,            1.01
262,        20100202,            1.02
263,        20100203,            1.00
264,        20100204,            0.97
265,        20100205,            0.99
266,        20100208,            1.01
267,        20100209,            1.01
268,        20100210,            1.01
269,        20100211,            0.99
270,        20100212,            1.01
271,        20100216,            1.03
272,        20100217,            1.00
273,        20100218,            1.02
274,        20100219,            0.99
275,        20100222,            0.99
276,        20100223,            1.00
277,        20100224,            1.02
278,        20100225,            1.00
279,        20100226,            1.01
280,        20100301,            1.01
281,        20100302,            0.99
282,        20100303,            0.98
283,        20100304,            1.02
284,        20100305,            1.00
285,        20100308,            0.99
286,        20100309,            1.00
287,        20100310,            0.98
288,        20100311,            1.00
289,        20100312,            0.99
290,        20100315,            1.00
291,        20100316,            0.98
292,        20100317,            1.00
293,        20100318,            1.01
294,        20100319,            0.99
295,        20100322,            1.01
296,        20100323,            1.00
297,        20100324,            0.98
298,        20100325,            0.98
299,        20100326,            1.03
300,        20100329,            1.01
301,        20100330,            1.00
302,        20100331,            0.99
303,        20100401,            1.01
304,        20100405,            1.00
305,        20100406,            1.00
306,        20100407,            0.98
307,        20100408,            0.99
308,        20100409,            1.00
309,        20100412,            1.01
310,        20100413,            1.00
311,        20100414,            1.02
312,        20100415,            1.04
313,        20100416,            0.98
314,        20100419,            1.01
315,        20100420,            1.00
316,        20100421,            1.01
317,        20100422,            1.00
318,        20100423,            1.00
319,        20100426,            1.01
320,        20100427,            0.97
321,        20100428,            1.00
322,        20100429,            0.99
323,        20100430,            0.97
324,        20100503,            1.02
325,        20100504,            0.98
326,        20100505,            1.01
327,        20100506,            1.03
328,        20100507,            0.97
329,        20100510,            1.05
330,        20100511,            0.99
331,        20100512,            1.03
332,        20100513,            1.04
333,        20100514,            0.98
334,        20100517,            0.98
335,        20100518,            1.01
336,        20100519,            1.00
337,        20100520,            0.97
338,        20100521,            1.01
339,        20100524,            1.00
340,        20100525,            0.99
341,        20100526,            0.99
342,        20100527,            1.04
343,        20100528,            1.00
344,        20100601,            1.00
345,        20100602,            1.01
346,        20100603,            1.02
347,        20100604,            0.96
348,        20100607,            0.97
349,        20100608,            1.01
350,        20100609,            1.00
351,        20100610,            1.05
352,        20100611,            1.00
353,        20100614,            1.01
354,        20100615,            1.02
355,        20100616,            1.00
356,        20100617,            1.01
357,        20100618,            1.00
358,        20100621,            0.99
359,        20100622,            0.99
360,        20100623,            1.01
361,        20100624,            0.98
362,        20100625,            1.00
363,        20100628,            0.99
364,        20100629,            0.96
365,        20100630,            0.97
366,        20100701,            0.99
367,        20100702,            0.99
368,        20100706,            0.99
369,        20100707,            1.04
370,        20100708,            1.01
371,        20100709,            1.00
372,        20100712,            1.00
373,        20100713,            1.01
374,        20100714,            1.02
375,        20100715,            1.00
376,        20100716,            0.98
377,        20100719,            1.01
378,        20100720,            1.01
379,        20100721,            0.99
380,        20100722,            1.02
381,        20100723,            1.02
382,        20100726,            1.02
383,        20100727,            0.99
384,        20100728,            0.98
385,        20100729,            0.99
386,        20100730,            0.99
387,        20100802,            1.05
388,        20100803,            1.01
389,        20100804,            1.02
390,        20100805,            0.96
391,        20100806,            0.99
392,        20100809,            0.98
393,        20100810,            1.00
394,        20100811,            0.97
395,        20100812,            0.98
396,        20100813,            0.99
397,        20100816,            1.00
398,        20100817,            1.01
399,        20100818,            1.01
400,        20100819,            1.00
401,        20100820,            1.00
402,        20100823,            0.99
403,        20100824,            0.99
404,        20100825,            0.99
405,        20100826,            1.06
406,        20100827,            1.03
407,        20100830,            0.98
408,        20100831,            1.03
409,        20100901,            1.03
410,        20100902,            1.01
411,        20100903,            1.02
412,        20100907,            0.95
413,        20100908,            1.03
414,        20100909,            1.01
415,        20100910,            1.01
416,        20100913,            1.01
417,        20100914,            0.97
418,        20100915,            1.01
419,        20100916,            1.00
420,        20100917,            0.99
421,        20100920,            1.07
422,        20100921,            1.01
423,        20100922,            0.99
424,        20100923,            1.00
425,        20100924,            1.04
426,        20100927,            0.98
427,        20100928,            1.03
428,        20100929,            1.00
429,        20100930,            0.99
430,        20101001,            1.01
431,        20101004,            0.99
432,        20101005,            1.03
433,        20101006,            0.94
434,        20101007,            1.00
435,        20101008,            1.02
436,        20101011,            0.99
437,        20101012,            1.00
438,        20101013,            1.01
439,        20101014,            1.00
440,        20101015,            1.01
441,        20101018,            0.99
442,        20101019,            0.98
443,        20101020,            1.01
444,        20101021,            1.02
445,        20101022,            1.00
446,        20101025,            1.01
447,        20101026,            0.99
448,        20101027,            1.02
449,        20101028,            1.00
450,        20101029,            1.01
451,        20101101,            1.02
452,        20101102,            1.02
453,        20101103,            0.98
454,        20101104,            1.00
455,        20101105,            1.02
456,        20101108,            0.99
457,        20101109,            1.00
458,        20101110,            1.01
459,        20101111,            1.00
460,        20101112,            0.98
461,        20101115,            1.00
462,        20101116,            0.97
463,        20101117,            1.00
464,        20101118,            1.03
465,        20101119,            1.00
466,        20101122,            1.03
467,        20101123,            0.98
468,        20101124,            1.02
469,        20101126,            1.00
470,        20101129,            1.00
471,        20101130,            1.00
472,        20101201,            1.02
473,        20101202,            0.99
474,        20101203,            1.01
475,        20101206,            1.01
476,        20101207,            1.00
477,        20101208,            1.00
478,        20101209,            1.00
479,        20101210,            1.03
480,        20101213,            0.99
481,        20101214,            1.00
482,        20101215,            1.01
483,        20101216,            1.00
484,        20101217,            1.01
485,        20101220,            0.99
486,        20101221,            1.00
487,        20101222,            0.98
488,        20101223,            1.00
489,        20101227,            1.00
490,        20101228,            1.00
491,        20101229,            1.00
492,        20101230,            1.00
493,        20101231,            0.99
494,        20110103,            1.03
495,        20110104,            0.99
496,        20110105,            1.02
497,        20110106,            1.02
498,        20110107,            1.02
