0,        20090116,            0.98
1,        20090120,            1.00
2,        20090121,            0.97
3,        20090122,            0.98
4,        20090123,            0.99
5,        20090126,            0.99
6,        20090127,            1.02
7,        20090128,            0.98
8,        20090129,            0.98
9,        20090130,            1.00
10,        20090202,            1.02
11,        20090203,            0.98
12,        20090204,            1.00
13,        20090205,            1.00
14,        20090206,            1.00
15,        20090209,            1.00
16,        20090210,            1.02
17,        20090211,            1.01
18,        20090212,            0.99
19,        20090213,            0.97
20,        20090217,            1.03
21,        20090218,            0.99
22,        20090219,            0.98
23,        20090220,            1.01
24,        20090223,            1.01
25,        20090224,            1.00
26,        20090225,            0.99
27,        20090226,            0.99
28,        20090227,            0.99
29,        20090302,            1.01
30,        20090303,            0.99
31,        20090304,            1.00
32,        20090305,            1.03
33,        20090306,            0.99
34,        20090309,            0.99
35,        20090310,            0.98
36,        20090311,            1.01
37,        20090312,            1.00
38,        20090313,            0.99
39,        20090316,            0.98
40,        20090317,            0.99
41,        20090318,            1.04
42,        20090319,            1.00
43,        20090320,            0.99
44,        20090323,            0.99
45,        20090324,            1.01
46,        20090325,            0.99
47,        20090326,            1.01
48,        20090327,            1.01
49,        20090330,            1.00
50,        20090331,            1.01
51,        20090401,            1.01
52,        20090402,            0.99
53,        20090403,            0.98
54,        20090406,            1.00
55,        20090407,            1.00
56,        20090408,            1.01
57,        20090409,            0.99
58,        20090413,            1.01
59,        20090414,            1.01
60,        20090415,            1.00
61,        20090416,            0.99
62,        20090417,            0.99
63,        20090420,            1.02
64,        20090421,            0.99
65,        20090422,            0.99
66,        20090423,            1.00
67,        20090424,            0.99
68,        20090427,            1.00
69,        20090428,            0.98
70,        20090429,            0.99
71,        20090430,            1.00
72,        20090501,            0.99
73,        20090504,            1.00
74,        20090505,            1.00
75,        20090506,            1.00
76,        20090507,            0.98
77,        20090508,            1.00
78,        20090511,            1.01
79,        20090512,            1.00
80,        20090513,            1.01
81,        20090514,            1.00
82,        20090515,            1.00
83,        20090518,            0.98
84,        20090519,            0.99
85,        20090520,            1.01
86,        20090521,            0.97
87,        20090522,            0.99
88,        20090526,            0.98
89,        20090527,            0.98
90,        20090528,            1.01
91,        20090529,            1.03
92,        20090601,            0.97
93,        20090602,            1.01
94,        20090603,            1.01
95,        20090604,            0.98
96,        20090605,            0.99
97,        20090608,            1.00
98,        20090609,            1.00
99,        20090610,            0.98
100,        20090611,            1.01
101,        20090612,            1.01
102,        20090615,            1.01
103,        20090616,            1.02
104,        20090617,            0.99
105,        20090618,            0.98
106,        20090619,            1.01
107,        20090622,            1.01
108,        20090623,            1.01
109,        20090624,            0.99
110,        20090625,            1.02
111,        20090626,            1.00
112,        20090629,            1.00
113,        20090630,            1.00
114,        20090701,            0.99
115,        20090702,            1.00
116,        20090706,            1.00
117,        20090707,            1.01
118,        20090708,            1.02
119,        20090709,            0.99
120,        20090710,            1.01
121,        20090713,            0.99
122,        20090714,            0.98
123,        20090715,            0.97
124,        20090716,            1.01
125,        20090717,            0.98
126,        20090720,            1.01
127,        20090721,            1.02
128,        20090722,            0.99
129,        20090723,            0.98
130,        20090724,            1.00
131,        20090727,            0.99
132,        20090728,            1.01
133,        20090729,            1.01
134,        20090730,            1.01
135,        20090731,            1.02
136,        20090803,            0.98
137,        20090804,            0.99
138,        20090805,            0.99
139,        20090806,            1.00
140,        20090807,            0.99
141,        20090810,            1.01
142,        20090811,            1.01
143,        20090812,            0.99
144,        20090813,            1.01
145,        20090814,            1.00
146,        20090817,            1.01
147,        20090818,            0.99
148,        20090819,            1.01
149,        20090820,            1.01
150,        20090821,            0.98
151,        20090824,            1.02
152,        20090825,            1.01
153,        20090826,            1.00
154,        20090827,            1.00
155,        20090828,            1.00
156,        20090831,            1.00
157,        20090901,            0.99
158,        20090902,            1.01
159,        20090903,            0.99
160,        20090904,            0.98
161,        20090908,            0.99
162,        20090909,            1.00
163,        20090910,            1.02
164,        20090911,            1.01
165,        20090914,            0.99
166,        20090915,            0.99
167,        20090916,            1.00
168,        20090917,            1.01
169,        20090918,            0.99
170,        20090921,            1.00
171,        20090922,            1.00
172,        20090923,            1.00
173,        20090924,            1.00
174,        20090925,            1.01
175,        20090928,            1.01
176,        20090929,            1.00
177,        20090930,            1.00
178,        20091001,            1.01
179,        20091002,            0.99
180,        20091005,            1.00
181,        20091006,            0.99
182,        20091007,            1.01
183,        20091008,            0.99
184,        20091009,            0.98
185,        20091012,            1.00
186,        20091013,            1.01
187,        20091014,            0.99
188,        20091015,            1.00
189,        20091016,            1.01
190,        20091019,            1.01
191,        20091020,            1.01
192,        20091021,            0.99
193,        20091022,            1.00
194,        20091023,            0.99
195,        20091026,            0.99
196,        20091027,            1.01
197,        20091028,            1.00
198,        20091029,            0.99
199,        20091030,            1.01
200,        20091102,            0.99
201,        20091103,            0.99
202,        20091104,            0.99
203,        20091105,            1.00
204,        20091106,            1.00
205,        20091109,            1.00
206,        20091110,            1.00
207,        20091111,            1.00
208,        20091112,            1.00
209,        20091113,            1.00
210,        20091116,            1.01
211,        20091117,            1.01
212,        20091118,            0.99
213,        20091119,            1.00
214,        20091120,            1.00
215,        20091123,            1.00
216,        20091124,            1.01
217,        20091125,            1.00
218,        20091127,            1.00
219,        20091130,            1.00
220,        20091201,            0.99
221,        20091202,            1.00
222,        20091203,            0.99
223,        20091204,            0.99
224,        20091207,            1.00
225,        20091208,            1.00
226,        20091209,            1.00
227,        20091210,            0.99
228,        20091211,            1.00
229,        20091214,            1.00
230,        20091215,            1.00
231,        20091216,            1.00
232,        20091217,            1.02
233,        20091218,            1.00
234,        20091221,            0.98
235,        20091222,            0.99
236,        20091223,            1.00
237,        20091224,            0.99
238,        20091228,            1.00
239,        20091229,            1.00
240,        20091230,            1.01
241,        20091231,            1.00
242,        20100104,            1.00
243,        20100105,            1.01
244,        20100106,            0.99
245,        20100107,            1.00
246,        20100108,            1.00
247,        20100111,            0.99
248,        20100112,            1.02
249,        20100113,            0.99
250,        20100114,            1.01
251,        20100115,            1.01
252,        20100119,            1.00
253,        20100120,            1.01
254,        20100121,            1.00
255,        20100122,            1.00
256,        20100125,            1.00
257,        20100126,            1.00
258,        20100127,            1.00
259,        20100128,            1.00
260,        20100129,            1.01
261,        20100201,            0.99
262,        20100202,            1.00
263,        20100203,            0.99
264,        20100204,            1.02
265,        20100205,            1.00
266,        20100208,            1.00
267,        20100209,            0.99
268,        20100210,            0.99
269,        20100211,            0.99
270,        20100212,            1.00
271,        20100216,            1.00
272,        20100217,            0.99
273,        20100218,            1.00
274,        20100219,            1.01
275,        20100222,            1.00
276,        20100223,            1.02
277,        20100224,            1.00
278,        20100225,            1.01
279,        20100226,            1.01
280,        20100301,            1.00
281,        20100302,            1.00
282,        20100303,            1.00
283,        20100304,            1.01
284,        20100305,            0.99
285,        20100308,            0.99
286,        20100309,            1.00
287,        20100310,            1.00
288,        20100311,            1.00
289,        20100312,            1.01
290,        20100315,            1.00
291,        20100316,            1.01
292,        20100317,            1.00
293,        20100318,            1.00
294,        20100319,            1.00
295,        20100322,            1.00
296,        20100323,            1.00
297,        20100324,            0.98
298,        20100325,            0.99
299,        20100326,            1.00
300,        20100329,            1.00
301,        20100330,            1.00
302,        20100331,            1.01
303,        20100401,            0.99
304,        20100405,            0.98
305,        20100406,            1.00
306,        20100407,            1.01
307,        20100408,            1.00
308,        20100409,            1.00
309,        20100412,            1.01
310,        20100413,            1.00
311,        20100414,            0.99
312,        20100415,            1.00
313,        20100416,            1.01
314,        20100419,            1.00
315,        20100420,            1.00
316,        20100421,            1.01
317,        20100422,            1.00
318,        20100423,            1.00
319,        20100426,            1.00
320,        20100427,            1.01
321,        20100428,            0.99
322,        20100429,            1.00
323,        20100430,            1.01
324,        20100503,            1.00
325,        20100504,            1.02
326,        20100505,            1.01
327,        20100506,            1.03
328,        20100507,            0.99
329,        20100510,            0.98
330,        20100511,            1.00
331,        20100512,            0.99
332,        20100513,            1.01
333,        20100514,            1.02
334,        20100517,            1.00
335,        20100518,            1.02
336,        20100519,            1.00
337,        20100520,            1.02
338,        20100521,            1.00
339,        20100524,            1.00
340,        20100525,            1.00
341,        20100526,            1.00
342,        20100527,            0.98
343,        20100528,            1.00
344,        20100601,            1.00
345,        20100602,            0.99
346,        20100603,            0.99
347,        20100604,            1.03
348,        20100607,            1.01
349,        20100608,            1.00
350,        20100609,            1.00
351,        20100610,            0.98
352,        20100611,            1.01
353,        20100614,            0.99
354,        20100615,            1.00
355,        20100616,            1.01
356,        20100617,            1.01
357,        20100618,            1.00
358,        20100621,            1.00
359,        20100622,            1.01
360,        20100623,            1.01
361,        20100624,            0.99
362,        20100625,            1.00
363,        20100628,            1.01
364,        20100629,            1.01
365,        20100630,            1.01
366,        20100701,            1.00
367,        20100702,            0.99
368,        20100706,            1.01
369,        20100707,            0.99
370,        20100708,            0.99
371,        20100709,            0.99
372,        20100712,            1.00
373,        20100713,            0.99
374,        20100714,            1.01
375,        20100715,            1.01
376,        20100716,            1.00
377,        20100719,            0.99
378,        20100720,            1.00
379,        20100721,            1.02
380,        20100722,            0.99
381,        20100723,            0.99
382,        20100726,            1.00
383,        20100727,            0.99
384,        20100728,            1.00
385,        20100729,            1.00
386,        20100730,            1.02
387,        20100802,            0.98
388,        20100803,            1.01
389,        20100804,            0.99
390,        20100805,            1.00
391,        20100806,            1.01
392,        20100809,            1.00
393,        20100810,            1.00
394,        20100811,            1.01
395,        20100812,            1.00
396,        20100813,            1.01
397,        20100816,            1.03
398,        20100817,            0.99
399,        20100818,            1.00
400,        20100819,            1.02
401,        20100820,            1.00
402,        20100823,            1.00
403,        20100824,            1.02
404,        20100825,            1.00
405,        20100826,            1.01
406,        20100827,            0.97
407,        20100830,            1.02
408,        20100831,            1.01
409,        20100901,            0.98
410,        20100902,            0.99
411,        20100903,            0.99
412,        20100907,            1.02
413,        20100908,            0.99
414,        20100909,            0.98
415,        20100910,            1.00
416,        20100913,            1.00
417,        20100914,            1.01
418,        20100915,            0.99
419,        20100916,            0.99
420,        20100917,            1.00
421,        20100920,            1.01
422,        20100921,            1.01
423,        20100922,            1.01
424,        20100923,            1.00
425,        20100924,            0.99
426,        20100927,            1.02
427,        20100928,            1.01
428,        20100929,            1.00
429,        20100930,            1.00
430,        20101001,            0.99
431,        20101004,            1.00
432,        20101005,            0.99
433,        20101006,            1.01
434,        20101007,            0.99
435,        20101008,            1.00
436,        20101011,            1.00
437,        20101012,            0.99
438,        20101013,            1.00
439,        20101014,            0.99
440,        20101015,            0.99
441,        20101018,            1.01
442,        20101019,            1.01
443,        20101020,            1.00
444,        20101021,            0.99
445,        20101022,            1.01
446,        20101025,            1.00
447,        20101026,            0.98
448,        20101027,            0.99
449,        20101028,            1.00
450,        20101029,            1.01
451,        20101101,            0.99
452,        20101102,            1.01
453,        20101103,            0.98
454,        20101104,            1.01
455,        20101105,            0.98
456,        20101108,            1.00
457,        20101109,            0.98
458,        20101110,            1.00
459,        20101111,            1.00
460,        20101112,            0.99
461,        20101115,            0.98
462,        20101116,            1.02
463,        20101117,            0.99
464,        20101118,            1.00
465,        20101119,            1.01
466,        20101122,            1.00
467,        20101123,            1.00
468,        20101124,            0.98
469,        20101126,            1.01
470,        20101129,            1.01
471,        20101130,            1.01
472,        20101201,            0.97
473,        20101202,            1.00
474,        20101203,            0.99
475,        20101206,            1.01
476,        20101207,            0.98
477,        20101208,            0.99
478,        20101209,            1.00
479,        20101210,            0.99
480,        20101213,            1.00
481,        20101214,            0.99
482,        20101215,            0.99
483,        20101216,            1.01
484,        20101217,            1.02
485,        20101220,            1.00
486,        20101221,            1.01
487,        20101222,            0.99
488,        20101223,            1.00
489,        20101227,            1.01
490,        20101228,            0.98
491,        20101229,            1.02
492,        20101230,            1.00
493,        20101231,            1.01
494,        20110103,            0.99
495,        20110104,            1.00
496,        20110105,            0.98
497,        20110106,            1.00
498,        20110107,            1.01
