0,        20090116,            1.01
1,        20090120,            0.97
2,        20090121,            1.05
3,        20090122,            0.98
4,        20090123,            1.04
5,        20090126,            1.04
6,        20090127,            1.00
7,        20090128,            1.04
8,        20090129,            0.97
9,        20090130,            0.99
10,        20090202,            1.01
11,        20090203,            1.00
12,        20090204,            0.95
13,        20090205,            1.04
14,        20090206,            1.10
15,        20090209,            0.89
16,        20090210,            0.96
17,        20090211,            1.04
18,        20090212,            1.06
19,        20090213,            1.00
20,        20090217,            0.96
21,        20090218,            1.02
22,        20090219,            1.01
23,        20090220,            0.98
24,        20090223,            0.98
25,        20090224,            1.04
26,        20090225,            1.00
27,        20090226,            1.00
28,        20090227,            0.98
29,        20090302,            0.95
30,        20090303,            1.00
31,        20090304,            1.05
32,        20090305,            0.96
33,        20090306,            1.05
34,        20090309,            0.98
35,        20090310,            1.07
36,        20090311,            1.01
37,        20090312,            1.06
38,        20090313,            0.97
39,        20090316,            0.99
40,        20090317,            1.04
41,        20090318,            1.03
42,        20090319,            0.99
43,        20090320,            0.99
44,        20090323,            1.06
45,        20090324,            0.99
46,        20090325,            1.01
47,        20090326,            1.00
48,        20090327,            0.94
49,        20090330,            0.98
50,        20090331,            1.03
51,        20090401,            1.03
52,        20090402,            1.06
53,        20090403,            1.03
54,        20090406,            0.98
55,        20090407,            0.97
56,        20090408,            1.01
57,        20090409,            1.00
58,        20090413,            1.02
59,        20090414,            1.00
60,        20090415,            0.98
61,        20090416,            1.01
62,        20090417,            1.00
63,        20090420,            0.95
64,        20090421,            1.01
65,        20090422,            1.01
66,        20090423,            1.00
67,        20090424,            1.05
68,        20090427,            0.99
69,        20090428,            1.00
70,        20090429,            1.04
71,        20090430,            0.97
72,        20090501,            1.03
73,        20090504,            1.02
74,        20090505,            0.97
75,        20090506,            1.04
76,        20090507,            0.99
77,        20090508,            1.03
78,        20090511,            0.98
79,        20090512,            1.01
80,        20090513,            0.95
81,        20090514,            1.03
82,        20090515,            0.98
83,        20090518,            1.05
84,        20090519,            0.99
85,        20090520,            0.99
86,        20090521,            1.01
87,        20090522,            1.01
88,        20090526,            1.01
89,        20090527,            1.01
90,        20090528,            1.03
91,        20090529,            1.00
92,        20090601,            1.02
93,        20090602,            1.02
94,        20090603,            0.94
95,        20090604,            1.02
96,        20090605,            0.99
97,        20090608,            0.97
98,        20090609,            1.00
99,        20090610,            0.99
100,        20090611,            1.01
101,        20090612,            0.99
102,        20090615,            0.95
103,        20090616,            0.96
104,        20090617,            1.00
105,        20090618,            1.00
106,        20090619,            0.99
107,        20090622,            0.98
108,        20090623,            1.03
109,        20090624,            0.99
110,        20090625,            1.03
111,        20090626,            1.01
112,        20090629,            0.99
113,        20090630,            0.95
114,        20090701,            1.03
115,        20090702,            0.98
116,        20090706,            0.99
117,        20090707,            0.94
118,        20090708,            1.01
119,        20090709,            1.02
120,        20090710,            0.99
121,        20090713,            0.99
122,        20090714,            0.96
123,        20090715,            1.05
124,        20090716,            1.01
125,        20090717,            1.01
126,        20090720,            1.01
127,        20090721,            0.99
128,        20090722,            0.99
129,        20090723,            1.01
130,        20090724,            0.99
131,        20090727,            1.01
132,        20090728,            1.00
133,        20090729,            1.02
134,        20090730,            1.02
135,        20090731,            1.01
136,        20090803,            1.04
137,        20090804,            1.00
138,        20090805,            1.00
139,        20090806,            0.99
140,        20090807,            1.01
141,        20090810,            1.00
142,        20090811,            0.99
143,        20090812,            1.04
144,        20090813,            0.98
145,        20090814,            0.98
146,        20090817,            0.96
147,        20090818,            1.00
148,        20090819,            1.00
149,        20090820,            1.00
150,        20090821,            1.04
151,        20090824,            1.01
152,        20090825,            1.00
153,        20090826,            1.00
154,        20090827,            1.00
155,        20090828,            0.99
156,        20090831,            0.99
157,        20090901,            0.96
158,        20090902,            0.99
159,        20090903,            1.01
160,        20090904,            1.03
161,        20090908,            1.02
162,        20090909,            1.04
163,        20090910,            1.06
164,        20090911,            0.99
165,        20090914,            1.03
166,        20090915,            1.01
167,        20090916,            1.01
168,        20090917,            1.00
169,        20090918,            1.01
170,        20090921,            1.01
171,        20090922,            1.03
172,        20090923,            0.99
173,        20090924,            0.99
174,        20090925,            0.99
175,        20090928,            1.03
176,        20090929,            0.98
177,        20090930,            1.00
178,        20091001,            0.96
179,        20091002,            1.01
180,        20091005,            1.02
181,        20091006,            1.03
182,        20091007,            0.97
183,        20091008,            1.02
184,        20091009,            1.02
185,        20091012,            1.00
186,        20091013,            1.00
187,        20091014,            1.03
188,        20091015,            1.01
189,        20091016,            0.99
190,        20091019,            1.00
191,        20091020,            0.97
192,        20091021,            1.01
193,        20091022,            1.02
194,        20091023,            1.03
195,        20091026,            0.98
196,        20091027,            0.99
197,        20091028,            0.94
198,        20091029,            1.06
199,        20091030,            0.97
200,        20091102,            1.00
201,        20091103,            1.01
202,        20091104,            1.04
203,        20091105,            1.05
204,        20091106,            0.98
205,        20091109,            1.05
206,        20091110,            0.98
207,        20091111,            1.00
208,        20091112,            0.98
209,        20091113,            1.01
210,        20091116,            1.03
211,        20091117,            1.02
212,        20091118,            1.00
213,        20091119,            0.99
214,        20091120,            0.99
215,        20091123,            1.00
216,        20091124,            1.01
217,        20091125,            1.00
218,        20091127,            0.98
219,        20091130,            1.01
220,        20091201,            1.04
221,        20091202,            0.99
222,        20091203,            1.00
223,        20091204,            0.98
224,        20091207,            1.01
225,        20091208,            0.96
226,        20091209,            1.00
227,        20091210,            1.01
228,        20091211,            1.02
229,        20091214,            1.02
230,        20091215,            0.98
231,        20091216,            0.98
232,        20091217,            0.96
233,        20091218,            0.99
234,        20091221,            1.01
235,        20091222,            1.01
236,        20091223,            0.99
237,        20091224,            1.01
238,        20091228,            1.00
239,        20091229,            1.01
240,        20091230,            1.02
241,        20091231,            1.00
242,        20100104,            1.03
243,        20100105,            1.00
244,        20100106,            1.01
245,        20100107,            0.98
246,        20100108,            1.02
247,        20100111,            0.99
248,        20100112,            0.97
249,        20100113,            1.00
250,        20100114,            0.99
251,        20100115,            0.97
252,        20100119,            0.97
253,        20100120,            0.93
254,        20100121,            0.98
255,        20100122,            1.01
256,        20100125,            1.02
257,        20100126,            0.98
258,        20100127,            0.99
259,        20100128,            1.03
260,        20100129,            0.97
261,        20100201,            1.04
262,        20100202,            0.98
263,        20100203,            0.99
264,        20100204,            0.93
265,        20100205,            1.02
266,        20100208,            1.00
267,        20100209,            1.04
268,        20100210,            0.99
269,        20100211,            1.02
270,        20100212,            0.99
271,        20100216,            1.01
272,        20100217,            0.98
273,        20100218,            1.00
274,        20100219,            1.02
275,        20100222,            1.00
276,        20100223,            0.95
277,        20100224,            1.01
278,        20100225,            1.00
279,        20100226,            1.00
280,        20100301,            1.00
281,        20100302,            1.00
282,        20100303,            1.01
283,        20100304,            0.98
284,        20100305,            1.01
285,        20100308,            1.00
286,        20100309,            1.02
287,        20100310,            1.05
288,        20100311,            1.01
289,        20100312,            1.00
290,        20100315,            1.01
291,        20100316,            1.01
292,        20100317,            1.00
293,        20100318,            0.99
294,        20100319,            0.96
295,        20100322,            1.00
296,        20100323,            0.98
297,        20100324,            0.99
298,        20100325,            0.98
299,        20100326,            0.99
300,        20100329,            1.02
301,        20100330,            1.00
302,        20100331,            1.01
303,        20100401,            1.00
304,        20100405,            1.02
305,        20100406,            1.04
306,        20100407,            1.00
307,        20100408,            1.00
308,        20100409,            1.01
309,        20100412,            1.00
310,        20100413,            1.00
311,        20100414,            1.00
312,        20100415,            1.00
313,        20100416,            0.98
314,        20100419,            0.88
315,        20100420,            1.00
316,        20100421,            0.98
317,        20100422,            1.01
318,        20100423,            0.99
319,        20100426,            0.97
320,        20100427,            0.95
321,        20100428,            0.99
322,        20100429,            0.99
323,        20100430,            1.03
324,        20100503,            1.01
325,        20100504,            0.97
326,        20100505,            0.99
327,        20100506,            0.96
328,        20100507,            0.99
329,        20100510,            1.04
330,        20100511,            1.02
331,        20100512,            1.00
332,        20100513,            1.05
333,        20100514,            1.02
334,        20100517,            0.99
335,        20100518,            0.98
336,        20100519,            1.00
337,        20100520,            0.97
338,        20100521,            1.02
339,        20100524,            1.01
340,        20100525,            1.00
341,        20100526,            0.99
342,        20100527,            1.05
343,        20100528,            1.01
344,        20100601,            1.01
345,        20100602,            1.04
346,        20100603,            0.98
347,        20100604,            0.96
348,        20100607,            1.00
349,        20100608,            1.02
350,        20100609,            0.99
351,        20100610,            1.05
352,        20100611,            0.99
353,        20100614,            1.02
354,        20100615,            1.04
355,        20100616,            0.95
356,        20100617,            0.98
357,        20100618,            1.00
358,        20100621,            1.00
359,        20100622,            1.03
360,        20100623,            0.98
361,        20100624,            0.98
362,        20100625,            1.01
363,        20100628,            0.99
364,        20100629,            0.96
365,        20100630,            1.00
366,        20100701,            1.01
367,        20100702,            1.01
368,        20100706,            1.00
369,        20100707,            1.03
370,        20100708,            0.99
371,        20100709,            1.02
372,        20100712,            0.98
373,        20100713,            1.03
374,        20100714,            0.99
375,        20100715,            0.98
376,        20100716,            0.96
377,        20100719,            1.01
378,        20100720,            1.04
379,        20100721,            1.01
380,        20100722,            1.03
381,        20100723,            0.99
382,        20100726,            1.04
383,        20100727,            1.03
384,        20100728,            0.89
385,        20100729,            0.95
386,        20100730,            1.01
387,        20100802,            1.01
388,        20100803,            0.99
389,        20100804,            0.98
390,        20100805,            1.00
391,        20100806,            0.99
392,        20100809,            1.00
393,        20100810,            1.01
394,        20100811,            0.98
395,        20100812,            1.03
396,        20100813,            0.99
397,        20100816,            1.00
398,        20100817,            1.01
399,        20100818,            1.01
400,        20100819,            0.99
401,        20100820,            0.98
402,        20100823,            0.99
403,        20100824,            0.97
404,        20100825,            0.98
405,        20100826,            0.99
406,        20100827,            1.04
407,        20100830,            0.98
408,        20100831,            1.00
409,        20100901,            1.04
410,        20100902,            1.01
411,        20100903,            0.98
412,        20100907,            1.00
413,        20100908,            1.01
414,        20100909,            1.00
415,        20100910,            1.02
416,        20100913,            1.01
417,        20100914,            0.99
418,        20100915,            1.00
419,        20100916,            1.00
420,        20100917,            0.99
421,        20100920,            1.01
422,        20100921,            1.00
423,        20100922,            1.01
424,        20100923,            1.01
425,        20100924,            1.00
426,        20100927,            0.99
427,        20100928,            1.02
428,        20100929,            1.00
429,        20100930,            0.98
430,        20101001,            1.01
431,        20101004,            0.98
432,        20101005,            1.06
433,        20101006,            1.01
434,        20101007,            0.98
435,        20101008,            1.03
436,        20101011,            0.99
437,        20101012,            1.00
438,        20101013,            1.01
439,        20101014,            1.00
440,        20101015,            1.00
441,        20101018,            1.00
442,        20101019,            0.98
443,        20101020,            1.03
444,        20101021,            0.98
445,        20101022,            1.00
446,        20101025,            1.01
447,        20101026,            1.00
448,        20101027,            0.99
449,        20101028,            1.01
450,        20101029,            0.99
451,        20101101,            1.01
452,        20101102,            1.00
453,        20101103,            0.99
454,        20101104,            0.99
455,        20101105,            0.99
456,        20101108,            1.01
457,        20101109,            1.00
458,        20101110,            1.00
459,        20101111,            0.98
460,        20101112,            0.99
461,        20101115,            0.97
462,        20101116,            0.99
463,        20101117,            1.02
464,        20101118,            1.02
465,        20101119,            1.00
466,        20101122,            0.97
467,        20101123,            0.98
468,        20101124,            1.04
469,        20101126,            0.99
470,        20101129,            0.98
471,        20101130,            1.00
472,        20101201,            1.02
473,        20101202,            1.01
474,        20101203,            1.01
475,        20101206,            0.99
476,        20101207,            0.98
477,        20101208,            0.99
478,        20101209,            1.01
479,        20101210,            1.00
480,        20101213,            1.02
481,        20101214,            0.99
482,        20101215,            0.98
483,        20101216,            1.00
484,        20101217,            0.97
485,        20101220,            0.99
486,        20101221,            1.05
487,        20101222,            1.00
488,        20101223,            0.99
489,        20101227,            1.00
490,        20101228,            1.00
491,        20101229,            1.01
492,        20101230,            1.03
493,        20101231,            1.00
494,        20110103,            1.02
495,        20110104,            1.00
496,        20110105,            1.02
497,        20110106,            0.99
498,        20110107,            1.01
