0,        20090116,            1.04
1,        20090120,            0.87
2,        20090121,            1.06
3,        20090122,            0.90
4,        20090123,            1.26
5,        20090126,            1.04
6,        20090127,            1.00
7,        20090128,            1.04
8,        20090129,            0.94
9,        20090130,            0.95
10,        20090202,            1.05
11,        20090203,            1.02
12,        20090204,            1.00
13,        20090205,            1.00
14,        20090206,            1.01
15,        20090209,            0.99
16,        20090210,            0.98
17,        20090211,            1.02
18,        20090212,            1.03
19,        20090213,            0.99
20,        20090217,            0.91
21,        20090218,            1.01
22,        20090219,            0.98
23,        20090220,            0.94
24,        20090223,            0.95
25,        20090224,            1.10
26,        20090225,            0.95
27,        20090226,            1.00
28,        20090227,            0.96
29,        20090302,            0.89
30,        20090303,            0.91
31,        20090304,            1.05
32,        20090305,            0.90
33,        20090306,            0.94
34,        20090309,            0.88
35,        20090310,            1.20
36,        20090311,            1.10
37,        20090312,            1.17
38,        20090313,            1.00
39,        20090316,            0.96
40,        20090317,            1.07
41,        20090318,            1.03
42,        20090319,            1.06
43,        20090320,            1.00
44,        20090323,            1.11
45,        20090324,            0.93
46,        20090325,            1.06
47,        20090326,            1.10
48,        20090327,            0.94
49,        20090330,            0.91
50,        20090331,            1.04
51,        20090401,            1.11
52,        20090402,            1.12
53,        20090403,            1.00
54,        20090406,            0.93
55,        20090407,            0.98
56,        20090408,            1.00
57,        20090409,            1.14
58,        20090413,            0.95
59,        20090414,            0.96
60,        20090415,            1.01
61,        20090416,            1.06
62,        20090417,            1.17
63,        20090420,            0.95
64,        20090421,            1.07
65,        20090422,            1.00
66,        20090423,            1.03
67,        20090424,            1.06
68,        20090427,            0.97
69,        20090428,            1.09
70,        20090429,            1.03
71,        20090430,            1.00
72,        20090501,            0.99
73,        20090504,            1.07
74,        20090505,            1.01
75,        20090506,            0.98
76,        20090507,            0.95
77,        20090508,            1.06
78,        20090511,            0.94
79,        20090512,            0.93
80,        20090513,            0.92
81,        20090514,            1.02
82,        20090515,            1.00
83,        20090518,            1.00
84,        20090519,            0.96
85,        20090520,            1.02
86,        20090521,            0.93
87,        20090522,            0.98
88,        20090526,            1.11
89,        20090527,            0.96
90,        20090528,            1.00
91,        20090529,            1.04
92,        20090601,            1.10
93,        20090602,            0.96
94,        20090603,            0.96
95,        20090604,            0.99
96,        20090605,            1.09
97,        20090608,            0.99
98,        20090609,            0.99
99,        20090610,            0.98
100,        20090611,            1.00
101,        20090612,            0.99
102,        20090615,            1.02
103,        20090616,            0.96
104,        20090617,            1.04
105,        20090618,            1.02
106,        20090619,            1.07
107,        20090622,            0.93
108,        20090623,            1.05
109,        20090624,            1.00
110,        20090625,            1.05
111,        20090626,            0.99
112,        20090629,            1.06
113,        20090630,            0.97
114,        20090701,            0.99
115,        20090702,            0.88
116,        20090706,            1.00
117,        20090707,            0.96
118,        20090708,            0.97
119,        20090709,            1.05
120,        20090710,            1.00
121,        20090713,            1.06
122,        20090714,            1.01
123,        20090715,            1.05
124,        20090716,            1.04
125,        20090717,            1.04
126,        20090720,            1.06
127,        20090721,            0.97
128,        20090722,            1.01
129,        20090723,            1.04
130,        20090724,            0.99
131,        20090727,            0.99
132,        20090728,            1.01
133,        20090729,            1.00
134,        20090730,            1.00
135,        20090731,            1.02
136,        20090803,            1.06
137,        20090804,            0.99
138,        20090805,            0.99
139,        20090806,            0.95
140,        20090807,            1.06
141,        20090810,            0.95
142,        20090811,            0.95
143,        20090812,            1.08
144,        20090813,            1.01
145,        20090814,            0.95
146,        20090817,            0.93
147,        20090818,            1.05
148,        20090819,            1.01
149,        20090820,            0.99
150,        20090821,            1.04
151,        20090824,            0.97
152,        20090825,            1.02
153,        20090826,            0.99
154,        20090827,            1.02
155,        20090828,            1.01
156,        20090831,            0.99
157,        20090901,            0.95
158,        20090902,            1.00
159,        20090903,            1.03
160,        20090904,            1.02
161,        20090908,            1.00
162,        20090909,            1.08
163,        20090910,            1.00
164,        20090911,            1.02
165,        20090914,            1.03
166,        20090915,            1.04
167,        20090916,            1.02
168,        20090917,            1.02
169,        20090918,            0.96
170,        20090921,            0.98
171,        20090922,            1.05
172,        20090923,            0.96
173,        20090924,            0.97
174,        20090925,            1.01
175,        20090928,            1.01
176,        20090929,            1.11
177,        20090930,            0.99
178,        20091001,            0.95
179,        20091002,            1.00
180,        20091005,            1.05
181,        20091006,            1.00
182,        20091007,            0.99
183,        20091008,            1.04
184,        20091009,            1.01
185,        20091012,            1.02
186,        20091013,            1.01
187,        20091014,            1.02
188,        20091015,            1.00
189,        20091016,            1.07
190,        20091019,            0.99
191,        20091020,            0.96
192,        20091021,            1.00
193,        20091022,            1.03
194,        20091023,            0.99
195,        20091026,            0.98
196,        20091027,            0.96
197,        20091028,            0.93
198,        20091029,            1.06
199,        20091030,            0.97
200,        20091102,            0.99
201,        20091103,            1.03
202,        20091104,            0.97
203,        20091105,            1.04
204,        20091106,            1.04
205,        20091109,            1.01
206,        20091110,            1.00
207,        20091111,            1.01
208,        20091112,            0.98
209,        20091113,            0.99
210,        20091116,            1.05
211,        20091117,            1.01
212,        20091118,            1.01
213,        20091119,            0.96
214,        20091120,            1.00
215,        20091123,            1.03
216,        20091124,            0.99
217,        20091125,            1.02
218,        20091127,            0.99
219,        20091130,            1.00
220,        20091201,            1.04
221,        20091202,            1.01
222,        20091203,            1.01
223,        20091204,            1.02
224,        20091207,            0.99
225,        20091208,            0.97
226,        20091209,            1.00
227,        20091210,            1.02
228,        20091211,            1.03
229,        20091214,            1.01
230,        20091215,            0.99
231,        20091216,            0.98
232,        20091217,            0.99
233,        20091218,            1.00
234,        20091221,            1.01
235,        20091222,            1.03
236,        20091223,            1.02
237,        20091224,            1.01
238,        20091228,            0.98
239,        20091229,            1.00
240,        20091230,            1.00
241,        20091231,            0.99
242,        20100104,            1.03
243,        20100105,            1.05
244,        20100106,            1.05
245,        20100107,            0.99
246,        20100108,            1.01
247,        20100111,            1.00
248,        20100112,            0.97
249,        20100113,            1.02
250,        20100114,            0.98
251,        20100115,            0.98
252,        20100119,            0.99
253,        20100120,            0.99
254,        20100121,            0.98
255,        20100122,            1.00
256,        20100125,            1.02
257,        20100126,            1.01
258,        20100127,            0.97
259,        20100128,            1.04
260,        20100129,            0.97
261,        20100201,            1.03
262,        20100202,            1.07
263,        20100203,            0.99
264,        20100204,            0.98
265,        20100205,            1.01
266,        20100208,            0.99
267,        20100209,            1.03
268,        20100210,            0.97
269,        20100211,            1.02
270,        20100212,            1.01
271,        20100216,            1.04
272,        20100217,            1.01
273,        20100218,            1.00
274,        20100219,            1.00
275,        20100222,            0.99
276,        20100223,            0.98
277,        20100224,            0.99
278,        20100225,            1.03
279,        20100226,            1.00
280,        20100301,            1.03
281,        20100302,            0.99
282,        20100303,            1.01
283,        20100304,            1.00
284,        20100305,            1.02
285,        20100308,            1.00
286,        20100309,            1.01
287,        20100310,            1.01
288,        20100311,            1.01
289,        20100312,            1.00
290,        20100315,            0.99
291,        20100316,            1.00
292,        20100317,            0.98
293,        20100318,            1.01
294,        20100319,            0.96
295,        20100322,            1.03
296,        20100323,            1.02
297,        20100324,            0.99
298,        20100325,            1.00
299,        20100326,            1.02
300,        20100329,            1.03
301,        20100330,            0.99
302,        20100331,            0.98
303,        20100401,            1.01
304,        20100405,            1.02
305,        20100406,            1.00
306,        20100407,            0.98
307,        20100408,            1.01
308,        20100409,            1.01
309,        20100412,            1.02
310,        20100413,            0.99
311,        20100414,            1.02
312,        20100415,            1.00
313,        20100416,            0.98
314,        20100419,            1.00
315,        20100420,            1.02
316,        20100421,            1.11
317,        20100422,            1.03
318,        20100423,            0.98
319,        20100426,            0.99
320,        20100427,            0.98
321,        20100428,            1.02
322,        20100429,            1.02
323,        20100430,            0.96
324,        20100503,            1.03
325,        20100504,            0.96
326,        20100505,            0.97
327,        20100506,            0.97
328,        20100507,            0.97
329,        20100510,            1.10
330,        20100511,            1.01
331,        20100512,            1.04
332,        20100513,            0.98
333,        20100514,            0.98
334,        20100517,            1.01
335,        20100518,            0.97
336,        20100519,            0.99
337,        20100520,            0.95
338,        20100521,            1.02
339,        20100524,            0.99
340,        20100525,            1.01
341,        20100526,            1.01
342,        20100527,            1.05
343,        20100528,            1.00
344,        20100601,            0.96
345,        20100602,            1.03
346,        20100603,            1.00
347,        20100604,            0.94
348,        20100607,            0.98
349,        20100608,            1.00
350,        20100609,            1.06
351,        20100610,            1.04
352,        20100611,            1.01
353,        20100614,            1.02
354,        20100615,            1.01
355,        20100616,            1.03
356,        20100617,            1.00
357,        20100618,            1.01
358,        20100621,            1.02
359,        20100622,            0.96
360,        20100623,            0.98
361,        20100624,            0.96
362,        20100625,            1.00
363,        20100628,            1.01
364,        20100629,            0.96
365,        20100630,            0.99
366,        20100701,            0.97
367,        20100702,            0.98
368,        20100706,            0.97
369,        20100707,            1.07
370,        20100708,            1.02
371,        20100709,            1.04
372,        20100712,            0.99
373,        20100713,            1.03
374,        20100714,            0.98
375,        20100715,            0.99
376,        20100716,            0.98
377,        20100719,            1.00
378,        20100720,            1.02
379,        20100721,            0.96
380,        20100722,            1.03
381,        20100723,            1.01
382,        20100726,            1.02
383,        20100727,            0.99
384,        20100728,            0.97
385,        20100729,            1.00
386,        20100730,            0.98
387,        20100802,            1.00
388,        20100803,            0.96
389,        20100804,            1.03
390,        20100805,            0.99
391,        20100806,            1.00
392,        20100809,            1.03
393,        20100810,            0.98
394,        20100811,            0.97
395,        20100812,            0.99
396,        20100813,            0.98
397,        20100816,            0.99
398,        20100817,            1.02
399,        20100818,            1.03
400,        20100819,            0.97
401,        20100820,            1.01
402,        20100823,            0.96
403,        20100824,            0.96
404,        20100825,            1.02
405,        20100826,            0.95
406,        20100827,            1.04
407,        20100830,            0.99
408,        20100831,            1.01
409,        20100901,            1.05
410,        20100902,            1.02
411,        20100903,            1.02
412,        20100907,            0.95
413,        20100908,            1.00
414,        20100909,            1.02
415,        20100910,            1.00
416,        20100913,            1.00
417,        20100914,            0.96
418,        20100915,            0.98
419,        20100916,            0.99
420,        20100917,            1.02
421,        20100920,            1.06
422,        20100921,            1.00
423,        20100922,            0.98
424,        20100923,            0.99
425,        20100924,            1.04
426,        20100927,            1.00
427,        20100928,            1.05
428,        20100929,            1.00
429,        20100930,            1.00
430,        20101001,            1.01
431,        20101004,            0.99
432,        20101005,            1.01
433,        20101006,            0.99
434,        20101007,            1.00
435,        20101008,            1.04
436,        20101011,            0.98
437,        20101012,            1.01
438,        20101013,            1.00
439,        20101014,            1.02
440,        20101015,            1.00
441,        20101018,            1.01
442,        20101019,            0.99
443,        20101020,            1.00
444,        20101021,            1.04
445,        20101022,            1.03
446,        20101025,            0.99
447,        20101026,            1.00
448,        20101027,            0.99
449,        20101028,            1.00
450,        20101029,            1.00
451,        20101101,            1.00
452,        20101102,            1.01
453,        20101103,            1.01
454,        20101104,            1.01
455,        20101105,            1.00
456,        20101108,            1.01
457,        20101109,            0.99
458,        20101110,            1.01
459,        20101111,            1.01
460,        20101112,            0.97
461,        20101115,            0.98
462,        20101116,            0.98
463,        20101117,            0.99
464,        20101118,            1.02
465,        20101119,            1.03
466,        20101122,            1.03
467,        20101123,            0.97
468,        20101124,            1.03
469,        20101126,            1.01
470,        20101129,            0.98
471,        20101130,            0.99
472,        20101201,            1.02
473,        20101202,            1.02
474,        20101203,            1.01
475,        20101206,            1.01
476,        20101207,            0.99
477,        20101208,            0.99
478,        20101209,            1.00
479,        20101210,            1.01
480,        20101213,            0.99
481,        20101214,            0.99
482,        20101215,            0.98
483,        20101216,            1.04
484,        20101217,            1.04
485,        20101220,            1.02
486,        20101221,            1.01
487,        20101222,            0.99
488,        20101223,            0.99
489,        20101227,            1.01
490,        20101228,            1.00
491,        20101229,            1.02
492,        20101230,            0.99
493,        20101231,            0.99
494,        20110103,            1.02
495,        20110104,            0.99
496,        20110105,            1.03
497,        20110106,            0.98
498,        20110107,            0.99
