0,        20090116,            1.03
1,        20090120,            0.95
2,        20090121,            1.03
3,        20090122,            1.00
4,        20090123,            0.98
5,        20090126,            1.00
6,        20090127,            1.04
7,        20090128,            1.03
8,        20090129,            1.00
9,        20090130,            0.98
10,        20090202,            1.02
11,        20090203,            1.01
12,        20090204,            1.00
13,        20090205,            1.05
14,        20090206,            1.03
15,        20090209,            0.98
16,        20090210,            0.99
17,        20090211,            0.98
18,        20090212,            1.02
19,        20090213,            1.02
20,        20090217,            0.97
21,        20090218,            1.01
22,        20090219,            0.99
23,        20090220,            0.99
24,        20090223,            0.96
25,        20090224,            1.04
26,        20090225,            0.98
27,        20090226,            0.92
28,        20090227,            1.03
29,        20090302,            0.91
30,        20090303,            1.02
31,        20090304,            1.03
32,        20090305,            0.93
33,        20090306,            1.00
34,        20090309,            0.94
35,        20090310,            1.05
36,        20090311,            1.01
37,        20090312,            1.05
38,        20090313,            1.01
39,        20090316,            0.99
40,        20090317,            1.03
41,        20090318,            1.00
42,        20090319,            1.00
43,        20090320,            0.98
44,        20090323,            1.06
45,        20090324,            0.99
46,        20090325,            1.02
47,        20090326,            1.04
48,        20090327,            1.00
49,        20090330,            0.97
50,        20090331,            1.03
51,        20090401,            1.00
52,        20090402,            1.03
53,        20090403,            0.98
54,        20090406,            0.97
55,        20090407,            1.01
56,        20090408,            0.96
57,        20090409,            1.06
58,        20090413,            1.01
59,        20090414,            1.05
60,        20090415,            0.99
61,        20090416,            1.02
62,        20090417,            1.00
63,        20090420,            0.96
64,        20090421,            1.03
65,        20090422,            1.02
66,        20090423,            0.99
67,        20090424,            1.04
68,        20090427,            1.06
69,        20090428,            1.06
70,        20090429,            1.05
71,        20090430,            0.99
72,        20090501,            0.97
73,        20090504,            1.01
74,        20090505,            1.02
75,        20090506,            0.99
76,        20090507,            1.02
77,        20090508,            1.00
78,        20090511,            1.02
79,        20090512,            0.99
80,        20090513,            0.98
81,        20090514,            1.00
82,        20090515,            0.97
83,        20090518,            1.03
84,        20090519,            1.03
85,        20090520,            1.09
86,        20090521,            0.94
87,        20090522,            1.00
88,        20090526,            1.03
89,        20090527,            1.00
90,        20090528,            0.98
91,        20090529,            1.01
92,        20090601,            1.03
93,        20090602,            0.99
94,        20090603,            0.97
95,        20090604,            0.99
96,        20090605,            1.01
97,        20090608,            1.01
98,        20090609,            1.00
99,        20090610,            0.98
100,        20090611,            1.00
101,        20090612,            0.97
102,        20090615,            0.98
103,        20090616,            0.98
104,        20090617,            0.98
105,        20090618,            1.04
106,        20090619,            0.97
107,        20090622,            0.97
108,        20090623,            0.97
109,        20090624,            1.03
110,        20090625,            1.04
111,        20090626,            0.98
112,        20090629,            1.00
113,        20090630,            0.99
114,        20090701,            1.01
115,        20090702,            0.98
116,        20090706,            1.00
117,        20090707,            1.04
118,        20090708,            0.98
119,        20090709,            0.99
120,        20090710,            1.00
121,        20090713,            0.99
122,        20090714,            1.01
123,        20090715,            1.03
124,        20090716,            1.03
125,        20090717,            1.00
126,        20090720,            0.99
127,        20090721,            1.00
128,        20090722,            1.00
129,        20090723,            1.00
130,        20090724,            1.03
131,        20090727,            1.01
132,        20090728,            1.04
133,        20090729,            1.04
134,        20090730,            0.99
135,        20090731,            0.98
136,        20090803,            1.05
137,        20090804,            1.00
138,        20090805,            0.99
139,        20090806,            0.98
140,        20090807,            1.01
141,        20090810,            1.01
142,        20090811,            1.00
143,        20090812,            1.01
144,        20090813,            1.01
145,        20090814,            1.00
146,        20090817,            1.02
147,        20090818,            0.98
148,        20090819,            1.02
149,        20090820,            1.00
150,        20090821,            1.00
151,        20090824,            1.00
152,        20090825,            1.00
153,        20090826,            0.99
154,        20090827,            1.00
155,        20090828,            0.99
156,        20090831,            1.00
157,        20090901,            0.98
158,        20090902,            1.00
159,        20090903,            1.02
160,        20090904,            1.00
161,        20090908,            0.99
162,        20090909,            1.01
163,        20090910,            1.03
164,        20090911,            1.02
165,        20090914,            1.01
166,        20090915,            1.01
167,        20090916,            1.00
168,        20090917,            0.99
169,        20090918,            1.00
170,        20090921,            1.00
171,        20090922,            1.00
172,        20090923,            1.00
173,        20090924,            0.99
174,        20090925,            0.99
175,        20090928,            1.02
176,        20090929,            1.00
177,        20090930,            0.99
178,        20091001,            0.99
179,        20091002,            0.98
180,        20091005,            1.01
181,        20091006,            1.02
182,        20091007,            1.01
183,        20091008,            1.04
184,        20091009,            1.02
185,        20091012,            0.99
186,        20091013,            1.00
187,        20091014,            1.01
188,        20091015,            0.99
189,        20091016,            0.99
190,        20091019,            0.99
191,        20091020,            0.99
192,        20091021,            0.98
193,        20091022,            1.01
194,        20091023,            0.99
195,        20091026,            1.00
196,        20091027,            0.98
197,        20091028,            0.95
198,        20091029,            1.05
199,        20091030,            0.92
200,        20091102,            1.03
201,        20091103,            1.00
202,        20091104,            0.99
203,        20091105,            1.01
204,        20091106,            0.99
205,        20091109,            1.01
206,        20091110,            1.01
207,        20091111,            1.01
208,        20091112,            1.00
209,        20091113,            1.00
210,        20091116,            1.01
211,        20091117,            1.00
212,        20091118,            0.99
213,        20091119,            1.01
214,        20091120,            0.99
215,        20091123,            1.02
216,        20091124,            0.99
217,        20091125,            1.00
218,        20091127,            0.97
219,        20091130,            0.97
220,        20091201,            1.01
221,        20091202,            1.01
222,        20091203,            0.98
223,        20091204,            1.00
224,        20091207,            1.01
225,        20091208,            0.99
226,        20091209,            0.98
227,        20091210,            1.03
228,        20091211,            1.02
229,        20091214,            1.03
230,        20091215,            1.00
231,        20091216,            1.04
232,        20091217,            0.97
233,        20091218,            1.00
234,        20091221,            1.02
235,        20091222,            1.00
236,        20091223,            1.02
237,        20091224,            1.00
238,        20091228,            0.99
239,        20091229,            0.99
240,        20091230,            0.98
241,        20091231,            0.99
242,        20100104,            1.02
243,        20100105,            0.99
244,        20100106,            1.00
245,        20100107,            1.01
246,        20100108,            1.05
247,        20100111,            0.99
248,        20100112,            0.97
249,        20100113,            1.05
250,        20100114,            1.02
251,        20100115,            0.97
252,        20100119,            0.99
253,        20100120,            0.94
254,        20100121,            0.96
255,        20100122,            0.98
256,        20100125,            1.03
257,        20100126,            1.04
258,        20100127,            0.98
259,        20100128,            0.97
260,        20100129,            0.99
261,        20100201,            1.01
262,        20100202,            1.03
263,        20100203,            0.98
264,        20100204,            0.98
265,        20100205,            0.99
266,        20100208,            1.00
267,        20100209,            1.04
268,        20100210,            1.02
269,        20100211,            1.02
270,        20100212,            1.02
271,        20100216,            1.00
272,        20100217,            0.99
273,        20100218,            1.00
274,        20100219,            1.01
275,        20100222,            0.97
276,        20100223,            0.97
277,        20100224,            0.99
278,        20100225,            1.02
279,        20100226,            1.00
280,        20100301,            1.02
281,        20100302,            1.01
282,        20100303,            0.99
283,        20100304,            1.04
284,        20100305,            1.00
285,        20100308,            1.00
286,        20100309,            0.98
287,        20100310,            1.03
288,        20100311,            1.00
289,        20100312,            0.98
290,        20100315,            1.03
291,        20100316,            1.01
292,        20100317,            1.01
293,        20100318,            0.99
294,        20100319,            1.01
295,        20100322,            1.06
296,        20100323,            0.98
297,        20100324,            0.98
298,        20100325,            1.00
299,        20100326,            1.01
300,        20100329,            1.01
301,        20100330,            0.99
302,        20100331,            0.98
303,        20100401,            1.05
304,        20100405,            1.00
305,        20100406,            1.00
306,        20100407,            1.00
307,        20100408,            1.01
308,        20100409,            0.98
309,        20100412,            1.00
310,        20100413,            0.99
311,        20100414,            0.98
312,        20100415,            1.00
313,        20100416,            0.99
314,        20100419,            1.03
315,        20100420,            1.03
316,        20100421,            0.97
317,        20100422,            1.00
318,        20100423,            1.02
319,        20100426,            0.99
320,        20100427,            1.03
321,        20100428,            1.00
322,        20100429,            1.04
323,        20100430,            0.97
324,        20100503,            1.02
325,        20100504,            0.96
326,        20100505,            0.99
327,        20100506,            0.97
328,        20100507,            1.01
329,        20100510,            1.03
330,        20100511,            1.02
331,        20100512,            1.01
332,        20100513,            0.99
333,        20100514,            1.04
334,        20100517,            1.08
335,        20100518,            0.99
336,        20100519,            1.01
337,        20100520,            0.99
338,        20100521,            1.00
339,        20100524,            0.99
340,        20100525,            1.01
341,        20100526,            1.01
342,        20100527,            1.02
343,        20100528,            0.98
344,        20100601,            0.99
345,        20100602,            1.03
346,        20100603,            1.01
347,        20100604,            0.96
348,        20100607,            0.99
349,        20100608,            0.98
350,        20100609,            1.01
351,        20100610,            1.02
352,        20100611,            1.01
353,        20100614,            1.00
354,        20100615,            1.02
355,        20100616,            0.99
356,        20100617,            0.99
357,        20100618,            0.97
358,        20100621,            0.97
359,        20100622,            0.97
360,        20100623,            1.01
361,        20100624,            1.01
362,        20100625,            1.00
363,        20100628,            0.99
364,        20100629,            0.98
365,        20100630,            0.99
366,        20100701,            0.97
367,        20100702,            0.98
368,        20100706,            1.00
369,        20100707,            1.01
370,        20100708,            1.00
371,        20100709,            0.99
372,        20100712,            1.00
373,        20100713,            1.01
374,        20100714,            1.02
375,        20100715,            1.00
376,        20100716,            0.98
377,        20100719,            1.00
378,        20100720,            0.99
379,        20100721,            0.97
380,        20100722,            1.00
381,        20100723,            1.00
382,        20100726,            1.04
383,        20100727,            0.98
384,        20100728,            0.98
385,        20100729,            0.99
386,        20100730,            1.05
387,        20100802,            0.97
388,        20100803,            1.04
389,        20100804,            1.04
390,        20100805,            1.01
391,        20100806,            1.00
392,        20100809,            1.00
393,        20100810,            0.99
394,        20100811,            0.96
395,        20100812,            1.00
396,        20100813,            1.01
397,        20100816,            0.99
398,        20100817,            1.00
399,        20100818,            1.00
400,        20100819,            0.98
401,        20100820,            0.99
402,        20100823,            0.98
403,        20100824,            0.95
404,        20100825,            1.01
405,        20100826,            0.96
406,        20100827,            1.01
407,        20100830,            0.98
408,        20100831,            1.01
409,        20100901,            1.02
410,        20100902,            1.03
411,        20100903,            1.01
412,        20100907,            1.00
413,        20100908,            1.00
414,        20100909,            1.03
415,        20100910,            1.00
416,        20100913,            1.00
417,        20100914,            1.01
418,        20100915,            1.03
419,        20100916,            1.01
420,        20100917,            1.01
421,        20100920,            1.03
422,        20100921,            1.00
423,        20100922,            1.02
424,        20100923,            0.99
425,        20100924,            1.02
426,        20100927,            1.02
427,        20100928,            1.00
428,        20100929,            1.01
429,        20100930,            0.99
430,        20101001,            1.00
431,        20101004,            0.99
432,        20101005,            0.99
433,        20101006,            0.99
434,        20101007,            0.99
435,        20101008,            1.03
436,        20101011,            1.01
437,        20101012,            1.00
438,        20101013,            0.99
439,        20101014,            0.98
440,        20101015,            1.01
441,        20101018,            1.02
442,        20101019,            0.96
443,        20101020,            1.03
444,        20101021,            0.99
445,        20101022,            1.02
446,        20101025,            1.01
447,        20101026,            1.01
448,        20101027,            0.98
449,        20101028,            1.05
450,        20101029,            1.02
451,        20101101,            0.99
452,        20101102,            1.01
453,        20101103,            1.00
454,        20101104,            1.01
455,        20101105,            1.00
456,        20101108,            1.00
457,        20101109,            0.99
458,        20101110,            1.01
459,        20101111,            1.00
460,        20101112,            0.98
461,        20101115,            1.00
462,        20101116,            1.00
463,        20101117,            1.00
464,        20101118,            1.00
465,        20101119,            0.99
466,        20101122,            1.00
467,        20101123,            1.00
468,        20101124,            1.02
469,        20101126,            1.00
470,        20101129,            1.01
471,        20101130,            1.00
472,        20101201,            1.00
473,        20101202,            1.02
474,        20101203,            0.99
475,        20101206,            0.99
476,        20101207,            1.00
477,        20101208,            0.99
478,        20101209,            1.01
479,        20101210,            1.01
480,        20101213,            0.97
481,        20101214,            1.04
482,        20101215,            1.01
483,        20101216,            1.02
484,        20101217,            1.00
485,        20101220,            1.00
486,        20101221,            1.01
487,        20101222,            1.00
488,        20101223,            0.99
489,        20101227,            1.00
490,        20101228,            0.99
491,        20101229,            1.00
492,        20101230,            1.02
493,        20101231,            0.99
494,        20110103,            1.00
495,        20110104,            1.02
496,        20110105,            1.00
497,        20110106,            1.01
498,        20110107,            1.00
