0,        20090626,            0.99
1,        20090629,            1.03
2,        20090630,            0.98
3,        20090701,            1.01
4,        20090702,            0.92
5,        20090706,            1.00
6,        20090707,            0.94
7,        20090708,            1.00
8,        20090709,            1.01
9,        20090710,            0.99
10,        20090713,            1.07
11,        20090714,            1.02
12,        20090715,            1.09
13,        20090716,            1.03
14,        20090717,            1.00
15,        20090720,            1.03
16,        20090721,            1.02
17,        20090722,            1.00
18,        20090723,            1.07
19,        20090724,            1.01
20,        20090727,            1.01
21,        20090728,            0.99
22,        20090729,            0.99
23,        20090730,            1.03
24,        20090731,            1.00
25,        20090803,            1.05
26,        20090804,            1.01
27,        20090805,            0.99
28,        20090806,            0.98
29,        20090807,            1.04
30,        20090810,            0.99
31,        20090811,            0.96
32,        20090812,            1.03
33,        20090813,            1.02
34,        20090814,            0.98
35,        20090817,            0.93
36,        20090818,            1.03
37,        20090819,            1.02
38,        20090820,            1.03
39,        20090821,            1.06
40,        20090824,            1.00
41,        20090825,            1.01
42,        20090826,            1.00
43,        20090827,            1.01
44,        20090828,            1.00
45,        20090831,            0.98
46,        20090901,            0.93
47,        20090902,            0.99
48,        20090903,            1.02
49,        20090904,            1.04
50,        20090908,            1.03
51,        20090909,            1.02
52,        20090910,            1.03
53,        20090911,            1.00
54,        20090914,            1.02
55,        20090915,            1.01
56,        20090916,            1.04
57,        20090917,            1.00
58,        20090918,            1.00
59,        20090921,            0.99
60,        20090922,            1.02
61,        20090923,            0.97
62,        20090924,            0.97
63,        20090925,            0.98
64,        20090928,            1.05
65,        20090929,            0.99
66,        20090930,            0.99
67,        20091001,            0.92
68,        20091002,            0.99
69,        20091005,            1.04
70,        20091006,            1.04
71,        20091007,            1.01
72,        20091008,            1.02
73,        20091009,            1.02
74,        20091012,            1.01
75,        20091013,            0.99
76,        20091014,            1.05
77,        20091015,            1.01
78,        20091016,            0.98
79,        20091019,            1.02
80,        20091020,            0.99
81,        20091021,            0.97
82,        20091022,            1.03
83,        20091023,            0.97
84,        20091026,            0.96
85,        20091027,            0.99
86,        20091028,            0.94
87,        20091029,            1.06
88,        20091030,            0.91
89,        20091102,            1.02
90,        20091103,            1.01
91,        20091104,            1.01
92,        20091105,            1.06
93,        20091106,            1.01
94,        20091109,            1.07
95,        20091110,            1.00
96,        20091111,            1.02
97,        20091112,            0.97
98,        20091113,            1.02
99,        20091116,            1.04
100,        20091117,            1.00
101,        20091118,            1.00
102,        20091119,            0.96
103,        20091120,            0.99
104,        20091123,            1.04
105,        20091124,            1.00
106,        20091125,            1.01
107,        20091127,            0.95
108,        20091130,            1.01
109,        20091201,            1.03
110,        20091202,            1.00
111,        20091203,            0.98
112,        20091204,            1.02
113,        20091207,            1.00
114,        20091208,            0.97
115,        20091209,            1.01
116,        20091210,            1.02
117,        20091211,            1.01
118,        20091214,            1.02
119,        20091215,            0.99
120,        20091216,            1.00
121,        20091217,            0.97
122,        20091218,            1.02
123,        20091221,            1.03
124,        20091222,            1.01
125,        20091223,            1.01
126,        20091224,            1.02
127,        20091228,            1.01
128,        20091229,            0.99
129,        20091230,            1.00
130,        20091231,            0.97
131,        20100104,            1.05
132,        20100105,            1.01
133,        20100106,            1.00
134,        20100107,            1.01
135,        20100108,            1.01
136,        20100111,            1.00
137,        20100112,            0.97
138,        20100113,            1.03
139,        20100114,            1.01
140,        20100115,            0.97
141,        20100119,            1.04
142,        20100120,            0.97
143,        20100121,            0.94
144,        20100122,            0.94
145,        20100125,            1.01
146,        20100126,            0.99
147,        20100127,            1.01
148,        20100128,            0.96
149,        20100129,            0.97
150,        20100201,            1.05
151,        20100202,            1.04
152,        20100203,            0.99
153,        20100204,            0.91
154,        20100205,            1.01
155,        20100208,            0.98
156,        20100209,            1.04
157,        20100210,            0.99
158,        20100211,            1.03
159,        20100212,            1.00
160,        20100216,            1.05
161,        20100217,            1.01
162,        20100218,            1.02
163,        20100219,            1.01
164,        20100222,            1.00
165,        20100223,            0.96
166,        20100224,            1.03
167,        20100225,            1.00
168,        20100226,            1.00
169,        20100301,            1.03
170,        20100302,            1.01
171,        20100303,            1.00
172,        20100304,            1.01
173,        20100305,            1.04
174,        20100308,            1.00
175,        20100309,            1.01
176,        20100310,            1.01
177,        20100311,            1.01
178,        20100312,            1.00
179,        20100315,            1.00
180,        20100316,            1.02
181,        20100317,            1.02
182,        20100318,            1.00
183,        20100319,            0.98
184,        20100322,            1.02
185,        20100323,            1.02
186,        20100324,            0.99
187,        20100325,            0.99
188,        20100326,            1.00
189,        20100329,            1.02
190,        20100330,            1.00
191,        20100331,            0.99
192,        20100401,            1.02
193,        20100405,            1.02
194,        20100406,            1.01
195,        20100407,            0.98
196,        20100408,            1.01
197,        20100409,            1.02
198,        20100412,            1.01
199,        20100413,            1.00
200,        20100414,            1.03
201,        20100415,            1.00
202,        20100416,            0.95
203,        20100419,            1.01
204,        20100420,            1.03
205,        20100421,            0.99
206,        20100422,            1.01
207,        20100423,            1.02
208,        20100426,            0.99
209,        20100427,            0.93
210,        20100428,            1.02
211,        20100429,            1.04
212,        20100430,            0.95
213,        20100503,            1.04
214,        20100504,            0.93
215,        20100505,            0.98
216,        20100506,            0.90
217,        20100507,            0.96
218,        20100510,            1.13
219,        20100511,            0.99
220,        20100512,            1.04
221,        20100513,            0.96
222,        20100514,            0.95
223,        20100517,            1.00
224,        20100518,            0.96
225,        20100519,            0.98
226,        20100520,            0.89
227,        20100521,            1.04
228,        20100524,            0.97
229,        20100525,            1.00
230,        20100526,            0.98
231,        20100527,            1.10
232,        20100528,            0.96
233,        20100601,            0.95
234,        20100602,            1.08
235,        20100603,            1.01
236,        20100604,            0.90
237,        20100607,            0.96
238,        20100608,            1.03
239,        20100609,            0.98
240,        20100610,            1.09
241,        20100611,            1.01
242,        20100614,            1.00
243,        20100615,            1.07
244,        20100616,            1.00
245,        20100617,            1.00
246,        20100618,            1.00
247,        20100621,            0.99
248,        20100622,            0.95
249,        20100623,            0.99
250,        20100624,            0.95
251,        20100625,            1.02
252,        20100628,            0.98
253,        20100629,            0.91
254,        20100630,            0.97
255,        20100701,            0.99
256,        20100702,            0.98
257,        20100706,            1.02
258,        20100707,            1.09
259,        20100708,            1.03
260,        20100709,            1.02
261,        20100712,            1.00
262,        20100713,            1.05
263,        20100714,            1.00
264,        20100715,            1.00
265,        20100716,            0.92
266,        20100719,            1.02
267,        20100720,            1.03
268,        20100721,            0.96
269,        20100722,            1.07
270,        20100723,            1.03
271,        20100726,            1.03
272,        20100727,            1.00
273,        20100728,            0.98
274,        20100729,            0.99
275,        20100730,            1.00
276,        20100802,            1.07
277,        20100803,            0.99
278,        20100804,            1.02
279,        20100805,            1.00
280,        20100806,            0.99
281,        20100809,            1.02
282,        20100810,            0.99
283,        20100811,            0.92
284,        20100812,            0.98
285,        20100813,            0.99
286,        20100816,            1.00
287,        20100817,            1.03
288,        20100818,            1.01
289,        20100819,            0.95
290,        20100820,            0.99
291,        20100823,            0.99
292,        20100824,            0.96
293,        20100825,            1.01
294,        20100826,            0.98
295,        20100827,            1.05
296,        20100830,            0.96
297,        20100831,            1.00
298,        20100901,            1.09
299,        20100902,            1.03
300,        20100903,            1.04
301,        20100907,            0.97
302,        20100908,            1.02
303,        20100909,            1.01
304,        20100910,            1.02
305,        20100913,            1.03
306,        20100914,            1.00
307,        20100915,            1.01
308,        20100916,            1.00
309,        20100917,            1.00
310,        20100920,            1.05
311,        20100921,            0.99
312,        20100922,            0.99
313,        20100923,            0.97
314,        20100924,            1.06
315,        20100927,            0.99
316,        20100928,            1.01
317,        20100929,            0.99
318,        20100930,            0.99
319,        20101001,            1.01
320,        20101004,            0.98
321,        20101005,            1.06
322,        20101006,            1.00
323,        20101007,            1.00
324,        20101008,            1.02
325,        20101011,            1.00
326,        20101012,            1.01
327,        20101013,            1.02
328,        20101014,            0.99
329,        20101015,            1.00
330,        20101018,            0.99
331,        20101019,            0.99
332,        20101020,            1.03
333,        20101021,            1.01
334,        20101022,            1.01
335,        20101025,            1.01
336,        20101026,            1.00
337,        20101027,            0.99
338,        20101028,            1.00
339,        20101029,            1.00
340,        20101101,            1.00
341,        20101102,            1.02
342,        20101103,            1.01
343,        20101104,            1.06
344,        20101105,            1.01
345,        20101108,            0.99
346,        20101109,            0.98
347,        20101110,            1.01
348,        20101111,            0.99
349,        20101112,            0.97
350,        20101115,            1.00
351,        20101116,            0.95
352,        20101117,            1.00
353,        20101118,            1.04
354,        20101119,            1.01
355,        20101122,            1.00
356,        20101123,            0.96
357,        20101124,            1.04
358,        20101126,            0.97
359,        20101129,            1.00
360,        20101130,            0.98
361,        20101201,            1.06
362,        20101202,            1.04
363,        20101203,            1.01
364,        20101206,            1.00
365,        20101207,            1.00
366,        20101208,            1.01
367,        20101209,            1.01
368,        20101210,            1.02
369,        20101213,            1.00
370,        20101214,            1.00
371,        20101215,            0.99
372,        20101216,            1.02
373,        20101217,            1.00
374,        20101220,            1.00
375,        20101221,            1.02
376,        20101222,            1.01
377,        20101223,            1.00
378,        20101227,            1.00
379,        20101228,            1.01
380,        20101229,            1.00
381,        20101230,            1.00
382,        20101231,            1.00
383,        20110103,            1.03
384,        20110104,            1.00
385,        20110105,            1.02
386,        20110106,            0.99
387,        20110107,            0.99
