0,        20090116,            0.98
1,        20090120,            0.96
2,        20090121,            1.01
3,        20090122,            1.00
4,        20090123,            1.00
5,        20090126,            1.01
6,        20090127,            0.98
7,        20090128,            1.04
8,        20090129,            0.98
9,        20090130,            0.98
10,        20090202,            0.99
11,        20090203,            1.03
12,        20090204,            0.98
13,        20090205,            1.02
14,        20090206,            1.05
15,        20090209,            1.00
16,        20090210,            1.00
17,        20090211,            1.02
18,        20090212,            1.04
19,        20090213,            1.02
20,        20090217,            0.97
21,        20090218,            0.99
22,        20090219,            0.99
23,        20090220,            0.97
24,        20090223,            0.97
25,        20090224,            1.03
26,        20090225,            0.97
27,        20090226,            0.96
28,        20090227,            0.99
29,        20090302,            0.75
30,        20090303,            0.94
31,        20090304,            1.04
32,        20090305,            0.94
33,        20090306,            0.97
34,        20090309,            0.98
35,        20090310,            1.00
36,        20090311,            1.07
37,        20090312,            1.06
38,        20090313,            0.99
39,        20090316,            0.98
40,        20090317,            1.05
41,        20090318,            1.05
42,        20090319,            1.07
43,        20090320,            1.23
44,        20090323,            1.00
45,        20090324,            0.95
46,        20090325,            0.99
47,        20090326,            1.00
48,        20090327,            0.99
49,        20090330,            0.96
50,        20090331,            1.01
51,        20090401,            1.05
52,        20090402,            1.07
53,        20090403,            1.00
54,        20090406,            1.01
55,        20090407,            0.97
56,        20090408,            1.05
57,        20090409,            1.06
58,        20090413,            1.01
59,        20090414,            1.03
60,        20090415,            0.97
61,        20090416,            0.98
62,        20090417,            1.02
63,        20090420,            0.90
64,        20090421,            1.03
65,        20090422,            1.03
66,        20090423,            1.02
67,        20090424,            1.06
68,        20090427,            1.04
69,        20090428,            0.97
70,        20090429,            1.04
71,        20090430,            0.95
72,        20090501,            1.04
73,        20090504,            1.05
74,        20090505,            1.03
75,        20090506,            1.02
76,        20090507,            0.80
77,        20090508,            0.98
78,        20090511,            0.96
79,        20090512,            0.97
80,        20090513,            0.90
81,        20090514,            1.02
82,        20090515,            0.94
83,        20090518,            1.07
84,        20090519,            1.03
85,        20090520,            1.03
86,        20090521,            0.97
87,        20090522,            1.02
88,        20090526,            1.07
89,        20090527,            0.96
90,        20090528,            1.01
91,        20090529,            1.02
92,        20090601,            1.06
93,        20090602,            1.08
94,        20090603,            0.95
95,        20090604,            1.04
96,        20090605,            1.01
97,        20090608,            0.98
98,        20090609,            1.01
99,        20090610,            1.01
100,        20090611,            1.00
101,        20090612,            0.98
102,        20090615,            0.91
103,        20090616,            0.94
104,        20090617,            1.04
105,        20090618,            0.98
106,        20090619,            1.00
107,        20090622,            0.94
108,        20090623,            0.96
109,        20090624,            1.06
110,        20090625,            1.08
111,        20090626,            1.00
112,        20090629,            1.01
113,        20090630,            0.98
114,        20090701,            1.00
115,        20090702,            0.98
116,        20090706,            0.99
117,        20090707,            0.96
118,        20090708,            0.99
119,        20090709,            1.00
120,        20090710,            1.00
121,        20090713,            1.03
122,        20090714,            1.15
123,        20090715,            1.05
124,        20090716,            1.04
125,        20090717,            1.01
126,        20090720,            0.97
127,        20090721,            0.93
128,        20090722,            1.00
129,        20090723,            1.03
130,        20090724,            1.01
131,        20090727,            1.03
132,        20090728,            0.65
133,        20090729,            0.93
134,        20090730,            0.95
135,        20090731,            1.08
136,        20090803,            1.10
137,        20090804,            1.01
138,        20090805,            1.07
139,        20090806,            1.00
140,        20090807,            1.03
141,        20090810,            1.03
142,        20090811,            0.97
143,        20090812,            0.99
144,        20090813,            0.97
145,        20090814,            1.05
146,        20090817,            0.96
147,        20090818,            1.02
148,        20090819,            0.99
149,        20090820,            1.00
150,        20090821,            1.01
151,        20090824,            0.98
152,        20090825,            0.99
153,        20090826,            1.00
154,        20090827,            1.01
155,        20090828,            1.01
156,        20090831,            0.98
157,        20090901,            0.96
158,        20090902,            0.97
159,        20090903,            1.04
160,        20090904,            1.01
161,        20090908,            1.00
162,        20090909,            1.00
163,        20090910,            1.14
164,        20090911,            0.97
165,        20090914,            1.01
166,        20090915,            1.01
167,        20090916,            1.04
168,        20090917,            0.97
169,        20090918,            1.00
170,        20090921,            1.01
171,        20090922,            1.01
172,        20090923,            1.00
173,        20090924,            0.95
174,        20090925,            1.00
175,        20090928,            1.03
176,        20090929,            0.93
177,        20090930,            0.98
178,        20091001,            0.96
179,        20091002,            1.02
180,        20091005,            1.03
181,        20091006,            1.02
182,        20091007,            1.00
183,        20091008,            1.04
184,        20091009,            0.98
185,        20091012,            0.99
186,        20091013,            0.99
187,        20091014,            1.01
188,        20091015,            1.01
189,        20091016,            0.97
190,        20091019,            0.99
191,        20091020,            0.99
192,        20091021,            0.98
193,        20091022,            1.01
194,        20091023,            0.95
195,        20091026,            0.94
196,        20091027,            1.00
197,        20091028,            0.94
198,        20091029,            1.07
199,        20091030,            0.95
200,        20091102,            0.99
201,        20091103,            1.01
202,        20091104,            0.97
203,        20091105,            1.03
204,        20091106,            1.01
205,        20091109,            1.06
206,        20091110,            1.00
207,        20091111,            1.02
208,        20091112,            0.96
209,        20091113,            1.02
210,        20091116,            0.98
211,        20091117,            1.04
212,        20091118,            0.96
213,        20091119,            0.96
214,        20091120,            0.99
215,        20091123,            0.97
216,        20091124,            0.97
217,        20091125,            1.02
218,        20091127,            0.95
219,        20091130,            1.04
220,        20091201,            1.01
221,        20091202,            1.03
222,        20091203,            0.98
223,        20091204,            1.02
224,        20091207,            1.01
225,        20091208,            1.06
226,        20091209,            0.99
227,        20091210,            0.99
228,        20091211,            1.01
229,        20091214,            1.03
230,        20091215,            1.02
231,        20091216,            1.00
232,        20091217,            0.97
233,        20091218,            0.96
234,        20091221,            1.04
235,        20091222,            0.97
236,        20091223,            1.02
237,        20091224,            0.99
238,        20091228,            0.97
239,        20091229,            1.02
240,        20091230,            1.02
241,        20091231,            0.97
242,        20100104,            1.08
243,        20100105,            1.00
244,        20100106,            1.03
245,        20100107,            1.03
246,        20100108,            0.98
247,        20100111,            0.99
248,        20100112,            0.98
249,        20100113,            1.00
250,        20100114,            0.99
251,        20100115,            0.97
252,        20100119,            0.99
253,        20100120,            0.99
254,        20100121,            0.95
255,        20100122,            0.98
256,        20100125,            1.01
257,        20100126,            0.98
258,        20100127,            1.02
259,        20100128,            0.99
260,        20100129,            1.08
261,        20100201,            1.07
262,        20100202,            1.01
263,        20100203,            0.98
264,        20100204,            0.95
265,        20100205,            1.03
266,        20100208,            0.99
267,        20100209,            1.03
268,        20100210,            1.01
269,        20100211,            1.00
270,        20100212,            1.00
271,        20100216,            1.12
272,        20100217,            0.99
273,        20100218,            0.97
274,        20100219,            1.04
275,        20100222,            0.96
276,        20100223,            0.96
277,        20100224,            0.99
278,        20100225,            1.03
279,        20100226,            0.98
280,        20100301,            1.21
281,        20100302,            0.95
282,        20100303,            1.04
283,        20100304,            1.00
284,        20100305,            0.99
285,        20100308,            1.00
286,        20100309,            1.00
287,        20100310,            0.99
288,        20100311,            1.00
289,        20100312,            1.00
290,        20100315,            1.04
291,        20100316,            1.00
292,        20100317,            1.03
293,        20100318,            0.97
294,        20100319,            1.00
295,        20100322,            1.00
296,        20100323,            1.00
297,        20100324,            1.10
298,        20100325,            0.94
299,        20100326,            1.01
300,        20100329,            1.04
301,        20100330,            0.99
302,        20100331,            1.00
303,        20100401,            1.06
304,        20100405,            1.05
305,        20100406,            0.98
306,        20100407,            1.01
307,        20100408,            0.99
308,        20100409,            1.02
309,        20100412,            1.00
310,        20100413,            1.00
311,        20100414,            1.01
312,        20100415,            0.99
313,        20100416,            0.96
314,        20100419,            1.00
315,        20100420,            1.00
316,        20100421,            0.95
317,        20100422,            1.03
318,        20100423,            1.01
319,        20100426,            0.99
320,        20100427,            0.96
321,        20100428,            1.02
322,        20100429,            1.01
323,        20100430,            1.01
324,        20100503,            0.99
325,        20100504,            0.99
326,        20100505,            0.83
327,        20100506,            0.90
328,        20100507,            0.96
329,        20100510,            1.10
330,        20100511,            0.91
331,        20100512,            1.08
332,        20100513,            0.99
333,        20100514,            0.99
334,        20100517,            1.00
335,        20100518,            0.99
336,        20100519,            0.98
337,        20100520,            0.92
338,        20100521,            1.06
339,        20100524,            1.00
340,        20100525,            1.24
341,        20100526,            0.89
342,        20100527,            1.09
343,        20100528,            1.03
344,        20100601,            0.96
345,        20100602,            1.14
346,        20100603,            0.97
347,        20100604,            0.92
348,        20100607,            0.92
349,        20100608,            1.00
350,        20100609,            0.97
351,        20100610,            1.05
352,        20100611,            1.02
353,        20100614,            1.03
354,        20100615,            1.04
355,        20100616,            0.98
356,        20100617,            0.98
357,        20100618,            1.01
358,        20100621,            1.02
359,        20100622,            1.00
360,        20100623,            1.01
361,        20100624,            0.97
362,        20100625,            1.04
363,        20100628,            0.99
364,        20100629,            0.93
365,        20100630,            0.97
366,        20100701,            0.99
367,        20100702,            1.00
368,        20100706,            0.98
369,        20100707,            1.08
370,        20100708,            1.03
371,        20100709,            1.01
372,        20100712,            0.98
373,        20100713,            1.02
374,        20100714,            0.99
375,        20100715,            0.97
376,        20100716,            0.95
377,        20100719,            1.00
378,        20100720,            1.03
379,        20100721,            0.98
380,        20100722,            1.05
381,        20100723,            1.03
382,        20100726,            1.01
383,        20100727,            0.99
384,        20100728,            0.99
385,        20100729,            1.03
386,        20100730,            1.03
387,        20100802,            1.02
388,        20100803,            0.98
389,        20100804,            1.06
390,        20100805,            0.97
391,        20100806,            0.99
392,        20100809,            1.00
393,        20100810,            0.97
394,        20100811,            0.96
395,        20100812,            0.97
396,        20100813,            0.98
397,        20100816,            1.01
398,        20100817,            1.03
399,        20100818,            0.97
400,        20100819,            0.97
401,        20100820,            1.03
402,        20100823,            0.95
403,        20100824,            0.97
404,        20100825,            1.02
405,        20100826,            0.96
406,        20100827,            1.00
407,        20100830,            0.99
408,        20100831,            1.03
409,        20100901,            1.04
410,        20100902,            1.03
411,        20100903,            0.97
412,        20100907,            0.97
413,        20100908,            1.00
414,        20100909,            1.01
415,        20100910,            1.01
416,        20100913,            1.03
417,        20100914,            0.99
418,        20100915,            1.00
419,        20100916,            0.99
420,        20100917,            1.00
421,        20100920,            1.01
422,        20100921,            1.00
423,        20100922,            0.99
424,        20100923,            0.99
425,        20100924,            1.03
426,        20100927,            1.02
427,        20100928,            1.01
428,        20100929,            1.03
429,        20100930,            0.97
430,        20101001,            1.00
431,        20101004,            0.96
432,        20101005,            1.03
433,        20101006,            0.99
434,        20101007,            0.98
435,        20101008,            1.03
436,        20101011,            1.01
437,        20101012,            1.00
438,        20101013,            1.01
439,        20101014,            0.99
440,        20101015,            0.99
441,        20101018,            1.00
442,        20101019,            0.95
443,        20101020,            1.04
444,        20101021,            0.97
445,        20101022,            1.02
446,        20101025,            1.01
447,        20101026,            0.99
448,        20101027,            0.98
449,        20101028,            1.08
450,        20101029,            1.00
451,        20101101,            1.00
452,        20101102,            1.03
453,        20101103,            0.91
454,        20101104,            1.02
455,        20101105,            0.99
456,        20101108,            1.02
457,        20101109,            1.06
458,        20101110,            1.02
459,        20101111,            1.05
460,        20101112,            0.96
461,        20101115,            1.00
462,        20101116,            0.93
463,        20101117,            1.02
464,        20101118,            1.01
465,        20101119,            1.01
466,        20101122,            1.02
467,        20101123,            0.98
468,        20101124,            1.03
469,        20101126,            1.04
470,        20101129,            1.02
471,        20101130,            1.00
472,        20101201,            1.01
473,        20101202,            1.00
474,        20101203,            0.99
475,        20101206,            1.04
476,        20101207,            0.98
477,        20101208,            0.98
478,        20101209,            1.00
479,        20101210,            1.01
480,        20101213,            0.99
481,        20101214,            0.98
482,        20101215,            1.00
483,        20101216,            0.99
484,        20101217,            0.98
485,        20101220,            1.03
486,        20101221,            1.04
487,        20101222,            1.01
488,        20101223,            1.00
489,        20101227,            0.99
490,        20101228,            0.98
491,        20101229,            0.98
492,        20101230,            1.03
493,        20101231,            1.00
494,        20110103,            1.00
495,        20110104,            0.99
496,        20110105,            1.01
497,        20110106,            1.01
498,        20110107,            1.02
