0,        20090202,            1.00
1,        20090203,            0.95
2,        20090204,            1.00
3,        20090205,            0.99
4,        20090206,            0.99
5,        20090209,            1.02
6,        20090210,            1.05
7,        20090211,            0.99
8,        20090212,            1.00
9,        20090213,            0.99
10,        20090217,            1.05
11,        20090218,            1.01
12,        20090219,            1.00
13,        20090220,            1.05
14,        20090223,            1.05
15,        20090224,            0.90
16,        20090225,            1.00
17,        20090226,            1.01
18,        20090227,            1.00
19,        20090302,            1.07
20,        20090303,            1.00
21,        20090304,            0.93
22,        20090305,            1.06
23,        20090306,            0.99
24,        20090309,            1.00
25,        20090310,            0.93
26,        20090311,            0.99
27,        20090312,            0.98
28,        20090313,            1.01
29,        20090316,            1.04
30,        20090317,            0.97
31,        20090318,            1.00
32,        20090319,            1.05
33,        20090320,            1.06
34,        20090323,            0.94
35,        20090324,            1.02
36,        20090325,            0.98
37,        20090326,            0.96
38,        20090327,            1.03
39,        20090330,            1.07
40,        20090331,            0.98
41,        20090401,            0.98
42,        20090402,            0.98
43,        20090403,            0.98
44,        20090406,            1.01
45,        20090407,            1.00
46,        20090408,            0.98
47,        20090409,            0.96
48,        20090413,            0.98
49,        20090414,            1.00
50,        20090415,            0.98
51,        20090416,            0.97
52,        20090417,            0.98
53,        20090420,            1.07
54,        20090421,            0.96
55,        20090422,            1.00
56,        20090423,            1.00
57,        20090424,            1.00
58,        20090427,            1.03
59,        20090428,            0.99
60,        20090429,            0.96
61,        20090430,            1.01
62,        20090501,            0.99
63,        20090504,            0.95
64,        20090505,            1.01
65,        20090506,            0.97
66,        20090507,            1.01
67,        20090508,            0.95
68,        20090511,            1.01
69,        20090512,            0.99
70,        20090513,            1.03
71,        20090514,            0.96
72,        20090515,            1.02
73,        20090518,            0.93
74,        20090519,            0.98
75,        20090520,            1.01
76,        20090521,            1.06
77,        20090522,            1.03
78,        20090526,            0.94
79,        20090527,            1.03
80,        20090528,            0.99
81,        20090529,            0.98
82,        20090601,            0.95
83,        20090602,            1.01
84,        20090603,            1.05
85,        20090604,            0.98
86,        20090605,            1.00
87,        20090608,            1.01
88,        20090609,            0.96
89,        20090610,            1.01
90,        20090611,            0.98
91,        20090612,            0.98
92,        20090615,            1.04
93,        20090616,            1.04
94,        20090617,            1.01
95,        20090618,            0.99
96,        20090619,            0.97
97,        20090622,            1.04
98,        20090623,            0.98
99,        20090624,            0.96
100,        20090625,            0.95
101,        20090626,            0.98
102,        20090629,            0.96
103,        20090630,            1.02
104,        20090701,            1.00
105,        20090702,            1.06
106,        20090706,            0.99
107,        20090707,            1.03
108,        20090708,            1.02
109,        20090709,            0.98
110,        20090710,            1.00
111,        20090713,            0.97
112,        20090714,            0.98
113,        20090715,            0.98
114,        20090716,            0.98
115,        20090717,            1.00
116,        20090720,            0.98
117,        20090721,            0.99
118,        20090722,            0.96
119,        20090723,            0.97
120,        20090724,            1.00
121,        20090727,            1.01
122,        20090728,            1.04
123,        20090729,            1.01
124,        20090730,            0.97
125,        20090731,            1.01
126,        20090803,            0.98
127,        20090804,            0.99
128,        20090805,            1.00
129,        20090806,            1.01
130,        20090807,            0.96
131,        20090810,            1.00
132,        20090811,            1.03
133,        20090812,            0.98
134,        20090813,            0.98
135,        20090814,            1.03
136,        20090817,            1.05
137,        20090818,            0.98
138,        20090819,            0.97
139,        20090820,            0.98
140,        20090821,            0.98
141,        20090824,            1.00
142,        20090825,            1.02
143,        20090826,            1.01
144,        20090827,            0.98
145,        20090828,            1.02
146,        20090831,            1.01
147,        20090901,            1.05
148,        20090902,            1.01
149,        20090903,            0.95
150,        20090904,            0.97
151,        20090908,            0.97
152,        20090909,            0.97
153,        20090910,            0.96
154,        20090911,            1.01
155,        20090914,            0.97
156,        20090915,            0.99
157,        20090916,            0.97
158,        20090917,            1.00
159,        20090918,            1.02
160,        20090921,            1.00
161,        20090922,            0.98
162,        20090923,            1.01
163,        20090924,            1.01
164,        20090925,            1.00
165,        20090928,            0.97
166,        20090929,            0.99
167,        20090930,            1.02
168,        20091001,            1.05
169,        20091002,            1.00
170,        20091005,            0.96
171,        20091006,            0.96
172,        20091007,            1.00
173,        20091008,            0.99
174,        20091009,            0.98
175,        20091012,            0.97
176,        20091013,            1.00
177,        20091014,            0.97
178,        20091015,            0.98
179,        20091016,            1.02
180,        20091019,            0.97
181,        20091020,            1.00
182,        20091021,            1.02
183,        20091022,            0.96
184,        20091023,            1.01
185,        20091026,            1.03
186,        20091027,            0.99
187,        20091028,            1.07
188,        20091029,            0.95
189,        20091030,            1.10
190,        20091102,            1.01
191,        20091103,            1.00
192,        20091104,            0.99
193,        20091105,            0.95
194,        20091106,            0.97
195,        20091109,            0.94
196,        20091110,            1.01
197,        20091111,            1.00
198,        20091112,            1.03
199,        20091113,            0.99
200,        20091116,            0.98
201,        20091117,            0.99
202,        20091118,            0.98
203,        20091119,            1.02
204,        20091120,            0.97
205,        20091123,            0.94
206,        20091124,            0.99
207,        20091125,            0.98
208,        20091127,            1.06
209,        20091130,            1.00
210,        20091201,            0.96
211,        20091202,            0.99
212,        20091203,            1.02
213,        20091204,            0.98
214,        20091207,            0.99
215,        20091208,            1.03
216,        20091209,            0.99
217,        20091210,            0.98
218,        20091211,            0.99
219,        20091214,            0.98
220,        20091215,            0.98
221,        20091216,            0.96
222,        20091217,            1.01
223,        20091218,            0.98
224,        20091221,            0.97
225,        20091222,            0.98
226,        20091223,            0.99
227,        20091224,            0.99
228,        20091228,            1.00
229,        20091229,            1.00
230,        20091230,            1.02
231,        20091231,            1.03
232,        20100104,            0.96
233,        20100105,            0.98
234,        20100106,            0.97
235,        20100107,            0.97
236,        20100108,            0.97
237,        20100111,            0.98
238,        20100112,            1.03
239,        20100113,            0.99
240,        20100114,            0.98
241,        20100115,            1.03
242,        20100119,            0.94
243,        20100120,            1.00
244,        20100121,            1.05
245,        20100122,            1.09
246,        20100125,            0.99
247,        20100126,            1.00
248,        20100127,            0.98
249,        20100128,            1.00
250,        20100129,            1.02
251,        20100201,            0.95
252,        20100202,            0.96
253,        20100203,            1.00
254,        20100204,            1.11
255,        20100205,            1.01
256,        20100208,            1.02
257,        20100209,            0.97
258,        20100210,            0.99
259,        20100211,            0.98
260,        20100212,            1.00
261,        20100216,            0.95
262,        20100217,            0.97
263,        20100218,            0.96
264,        20100219,            0.97
265,        20100222,            0.99
266,        20100223,            1.02
267,        20100224,            0.98
268,        20100225,            1.00
269,        20100226,            0.98
270,        20100301,            0.98
271,        20100302,            0.99
272,        20100303,            1.00
273,        20100304,            0.99
274,        20100305,            0.96
275,        20100308,            0.98
276,        20100309,            1.01
277,        20100310,            1.00
278,        20100311,            1.01
279,        20100312,            0.99
280,        20100315,            1.00
281,        20100316,            0.97
282,        20100317,            0.97
283,        20100318,            0.99
284,        20100319,            1.01
285,        20100322,            0.98
286,        20100323,            0.98
287,        20100324,            1.03
288,        20100325,            1.01
289,        20100326,            0.99
290,        20100329,            0.98
291,        20100330,            0.99
292,        20100331,            0.99
293,        20100401,            1.00
294,        20100405,            0.96
295,        20100406,            0.97
296,        20100407,            1.02
297,        20100408,            0.99
298,        20100409,            0.99
299,        20100412,            1.00
300,        20100413,            1.01
301,        20100414,            0.97
302,        20100415,            1.00
303,        20100416,            1.05
304,        20100419,            0.97
305,        20100420,            0.94
306,        20100421,            1.02
307,        20100422,            0.99
308,        20100423,            1.00
309,        20100426,            1.02
310,        20100427,            1.10
311,        20100428,            0.99
312,        20100429,            0.96
313,        20100430,            1.08
314,        20100503,            0.96
315,        20100504,            1.10
316,        20100505,            1.04
317,        20100506,            1.12
318,        20100507,            1.12
319,        20100510,            0.86
320,        20100511,            1.02
321,        20100512,            0.94
322,        20100513,            1.03
323,        20100514,            1.09
324,        20100517,            1.02
325,        20100518,            1.06
326,        20100519,            1.02
327,        20100520,            1.14
328,        20100521,            0.98
329,        20100524,            0.99
330,        20100525,            0.96
331,        20100526,            0.98
332,        20100527,            0.91
333,        20100528,            1.01
334,        20100601,            1.06
335,        20100602,            0.96
336,        20100603,            0.98
337,        20100604,            1.10
338,        20100607,            1.03
339,        20100608,            0.96
340,        20100609,            1.00
341,        20100610,            0.95
342,        20100611,            0.98
343,        20100614,            0.99
344,        20100615,            0.94
345,        20100616,            0.98
346,        20100617,            0.97
347,        20100618,            0.98
348,        20100621,            1.02
349,        20100622,            1.04
350,        20100623,            1.01
351,        20100624,            1.06
352,        20100625,            0.98
353,        20100628,            1.02
354,        20100629,            1.09
355,        20100630,            1.01
356,        20100701,            0.99
357,        20100702,            0.97
358,        20100706,            0.96
359,        20100707,            0.94
360,        20100708,            0.98
361,        20100709,            0.97
362,        20100712,            0.99
363,        20100713,            0.99
364,        20100714,            1.04
365,        20100715,            0.99
366,        20100716,            1.06
367,        20100719,            0.97
368,        20100720,            0.95
369,        20100721,            1.01
370,        20100722,            0.95
371,        20100723,            0.98
372,        20100726,            0.96
373,        20100727,            0.99
374,        20100728,            1.01
375,        20100729,            1.00
376,        20100730,            0.99
377,        20100802,            0.94
378,        20100803,            1.01
379,        20100804,            1.00
380,        20100805,            1.00
381,        20100806,            0.99
382,        20100809,            0.99
383,        20100810,            1.01
384,        20100811,            1.07
385,        20100812,            1.01
386,        20100813,            1.03
387,        20100816,            0.99
388,        20100817,            0.96
389,        20100818,            0.98
390,        20100819,            1.04
391,        20100820,            0.98
392,        20100823,            0.99
393,        20100824,            1.03
394,        20100825,            0.98
395,        20100826,            1.01
396,        20100827,            0.94
397,        20100830,            1.03
398,        20100831,            0.99
399,        20100901,            0.94
400,        20100902,            0.97
401,        20100903,            0.95
402,        20100907,            1.03
403,        20100908,            0.98
404,        20100909,            0.98
405,        20100910,            0.98
406,        20100913,            0.95
407,        20100914,            1.00
408,        20100915,            0.99
409,        20100916,            1.00
410,        20100917,            0.99
411,        20100920,            0.97
412,        20100921,            1.00
413,        20100922,            1.02
414,        20100923,            1.03
415,        20100924,            0.94
416,        20100927,            1.01
417,        20100928,            0.99
418,        20100929,            1.02
419,        20100930,            1.02
420,        20101001,            0.99
421,        20101004,            1.02
422,        20101005,            0.95
423,        20101006,            0.99
424,        20101007,            0.99
425,        20101008,            0.95
426,        20101011,            0.98
427,        20101012,            0.96
428,        20101013,            0.98
429,        20101014,            1.04
430,        20101015,            0.98
431,        20101018,            0.97
432,        20101019,            1.03
433,        20101020,            0.95
434,        20101021,            0.98
435,        20101022,            0.96
436,        20101025,            0.99
437,        20101026,            1.02
438,        20101027,            1.01
439,        20101028,            1.00
440,        20101029,            1.00
441,        20101101,            1.01
442,        20101102,            0.97
443,        20101103,            0.94
444,        20101104,            0.93
445,        20101105,            0.99
446,        20101108,            1.01
447,        20101109,            1.00
448,        20101110,            0.98
449,        20101111,            1.02
450,        20101112,            1.05
451,        20101115,            0.99
452,        20101116,            1.04
453,        20101117,            0.97
454,        20101118,            0.94
455,        20101119,            0.98
456,        20101122,            0.97
457,        20101123,            1.05
458,        20101124,            0.96
459,        20101126,            1.06
460,        20101129,            1.01
461,        20101130,            1.07
462,        20101201,            0.95
463,        20101202,            0.92
464,        20101203,            0.95
465,        20101206,            0.98
466,        20101207,            0.99
467,        20101208,            0.97
468,        20101209,            0.99
469,        20101210,            0.99
470,        20101213,            1.01
471,        20101214,            1.01
472,        20101215,            1.02
473,        20101216,            0.98
474,        20101217,            0.98
475,        20101220,            0.98
476,        20101221,            0.98
477,        20101222,            0.99
478,        20101223,            1.03
479,        20101227,            1.02
480,        20101228,            1.01
481,        20101229,            0.99
482,        20101230,            0.99
483,        20101231,            0.99
484,        20110103,            0.97
485,        20110104,            1.00
486,        20110105,            0.99
487,        20110106,            1.00
488,        20110107,            1.00
