0,        20090116,            0.99
1,        20090120,            0.96
2,        20090121,            1.06
3,        20090122,            0.97
4,        20090123,            1.00
5,        20090126,            1.02
6,        20090127,            1.03
7,        20090128,            1.01
8,        20090129,            0.98
9,        20090130,            0.96
10,        20090202,            1.00
11,        20090203,            1.01
12,        20090204,            0.94
13,        20090205,            1.01
14,        20090206,            1.00
15,        20090209,            0.99
16,        20090210,            0.98
17,        20090211,            1.00
18,        20090212,            1.05
19,        20090213,            1.00
20,        20090217,            0.96
21,        20090218,            1.01
22,        20090219,            1.00
23,        20090220,            0.99
24,        20090223,            0.97
25,        20090224,            1.02
26,        20090225,            0.97
27,        20090226,            0.94
28,        20090227,            0.96
29,        20090302,            1.01
30,        20090303,            0.95
31,        20090304,            1.01
32,        20090305,            0.93
33,        20090306,            1.00
34,        20090309,            0.98
35,        20090310,            1.04
36,        20090311,            0.96
37,        20090312,            1.07
38,        20090313,            1.04
39,        20090316,            0.97
40,        20090317,            0.96
41,        20090318,            1.00
42,        20090319,            1.02
43,        20090320,            1.01
44,        20090323,            1.03
45,        20090324,            0.99
46,        20090325,            1.02
47,        20090326,            1.02
48,        20090327,            0.94
49,        20090330,            0.98
50,        20090331,            1.03
51,        20090401,            1.00
52,        20090402,            1.01
53,        20090403,            0.98
54,        20090406,            1.00
55,        20090407,            0.97
56,        20090408,            1.03
57,        20090409,            1.01
58,        20090413,            0.99
59,        20090414,            0.99
60,        20090415,            1.00
61,        20090416,            1.00
62,        20090417,            1.00
63,        20090420,            0.96
64,        20090421,            1.04
65,        20090422,            0.98
66,        20090423,            1.00
67,        20090424,            1.02
68,        20090427,            0.98
69,        20090428,            1.01
70,        20090429,            1.00
71,        20090430,            0.98
72,        20090501,            0.99
73,        20090504,            1.03
74,        20090505,            1.11
75,        20090506,            1.01
76,        20090507,            1.00
77,        20090508,            1.02
78,        20090511,            1.00
79,        20090512,            0.99
80,        20090513,            1.01
81,        20090514,            1.01
82,        20090515,            1.04
83,        20090518,            1.02
84,        20090519,            1.00
85,        20090520,            1.04
86,        20090521,            0.96
87,        20090522,            0.99
88,        20090526,            1.03
89,        20090527,            0.99
90,        20090528,            1.03
91,        20090529,            1.04
92,        20090601,            1.01
93,        20090602,            1.01
94,        20090603,            0.97
95,        20090604,            1.00
96,        20090605,            0.99
97,        20090608,            0.99
98,        20090609,            1.00
99,        20090610,            1.00
100,        20090611,            1.02
101,        20090612,            0.99
102,        20090615,            0.96
103,        20090616,            0.99
104,        20090617,            1.01
105,        20090618,            1.03
106,        20090619,            1.01
107,        20090622,            0.98
108,        20090623,            0.98
109,        20090624,            1.02
110,        20090625,            1.06
111,        20090626,            1.01
112,        20090629,            0.99
113,        20090630,            0.99
114,        20090701,            1.01
115,        20090702,            0.98
116,        20090706,            1.02
117,        20090707,            0.98
118,        20090708,            1.01
119,        20090709,            0.99
120,        20090710,            1.01
121,        20090713,            1.01
122,        20090714,            1.02
123,        20090715,            1.02
124,        20090716,            1.01
125,        20090717,            1.02
126,        20090720,            1.02
127,        20090721,            1.00
128,        20090722,            0.98
129,        20090723,            1.07
130,        20090724,            1.00
131,        20090727,            0.99
132,        20090728,            0.99
133,        20090729,            1.00
134,        20090730,            1.00
135,        20090731,            1.00
136,        20090803,            1.03
137,        20090804,            1.02
138,        20090805,            1.01
139,        20090806,            1.00
140,        20090807,            1.01
141,        20090810,            1.00
142,        20090811,            0.99
143,        20090812,            1.04
144,        20090813,            1.00
145,        20090814,            1.00
146,        20090817,            0.97
147,        20090818,            1.00
148,        20090819,            1.00
149,        20090820,            0.96
150,        20090821,            1.03
151,        20090824,            1.27
152,        20090825,            1.06
153,        20090826,            1.00
154,        20090827,            0.99
155,        20090828,            0.97
156,        20090831,            0.99
157,        20090901,            0.95
158,        20090902,            1.01
159,        20090903,            1.04
160,        20090904,            1.01
161,        20090908,            0.99
162,        20090909,            1.01
163,        20090910,            1.00
164,        20090911,            0.99
165,        20090914,            1.01
166,        20090915,            0.99
167,        20090916,            0.98
168,        20090917,            0.99
169,        20090918,            1.01
170,        20090921,            1.01
171,        20090922,            0.99
172,        20090923,            1.00
173,        20090924,            0.99
174,        20090925,            1.02
175,        20090928,            1.01
176,        20090929,            1.03
177,        20090930,            1.02
178,        20091001,            0.96
179,        20091002,            1.02
180,        20091005,            1.04
181,        20091006,            1.02
182,        20091007,            1.02
183,        20091008,            1.03
184,        20091009,            1.00
185,        20091012,            1.02
186,        20091013,            0.99
187,        20091014,            1.01
188,        20091015,            0.99
189,        20091016,            0.99
190,        20091019,            1.01
191,        20091020,            0.97
192,        20091021,            0.99
193,        20091022,            1.02
194,        20091023,            0.96
195,        20091026,            0.99
196,        20091027,            0.98
197,        20091028,            0.97
198,        20091029,            1.05
199,        20091030,            1.00
200,        20091102,            1.04
201,        20091103,            1.00
202,        20091104,            0.99
203,        20091105,            1.03
204,        20091106,            0.98
205,        20091109,            0.97
206,        20091110,            1.02
207,        20091111,            1.02
208,        20091112,            0.99
209,        20091113,            1.00
210,        20091116,            1.05
211,        20091117,            1.00
212,        20091118,            1.00
213,        20091119,            0.96
214,        20091120,            0.99
215,        20091123,            1.01
216,        20091124,            1.02
217,        20091125,            1.02
218,        20091127,            1.01
219,        20091130,            1.00
220,        20091201,            1.04
221,        20091202,            1.02
222,        20091203,            0.99
223,        20091204,            1.00
224,        20091207,            1.01
225,        20091208,            0.98
226,        20091209,            1.03
227,        20091210,            1.03
228,        20091211,            1.00
229,        20091214,            1.02
230,        20091215,            1.01
231,        20091216,            1.01
232,        20091217,            0.98
233,        20091218,            1.00
234,        20091221,            1.01
235,        20091222,            1.02
236,        20091223,            1.01
237,        20091224,            0.99
238,        20091228,            1.01
239,        20091229,            1.00
240,        20091230,            1.01
241,        20091231,            1.00
242,        20100104,            1.02
243,        20100105,            0.98
244,        20100106,            1.00
245,        20100107,            1.01
246,        20100108,            0.99
247,        20100111,            1.00
248,        20100112,            0.99
249,        20100113,            1.02
250,        20100114,            0.99
251,        20100115,            0.99
252,        20100119,            1.03
253,        20100120,            0.97
254,        20100121,            0.99
255,        20100122,            0.98
256,        20100125,            0.97
257,        20100126,            1.01
258,        20100127,            1.01
259,        20100128,            0.97
260,        20100129,            1.03
261,        20100201,            0.93
262,        20100202,            1.03
263,        20100203,            1.00
264,        20100204,            0.98
265,        20100205,            0.99
266,        20100208,            0.99
267,        20100209,            1.01
268,        20100210,            1.00
269,        20100211,            1.02
270,        20100212,            1.00
271,        20100216,            1.01
272,        20100217,            1.01
273,        20100218,            1.00
274,        20100219,            1.01
275,        20100222,            0.99
276,        20100223,            0.98
277,        20100224,            1.01
278,        20100225,            1.00
279,        20100226,            1.04
280,        20100301,            0.98
281,        20100302,            1.04
282,        20100303,            0.98
283,        20100304,            1.00
284,        20100305,            1.04
285,        20100308,            0.96
286,        20100309,            1.02
287,        20100310,            0.99
288,        20100311,            0.98
289,        20100312,            0.99
290,        20100315,            0.99
291,        20100316,            1.00
292,        20100317,            0.99
293,        20100318,            1.00
294,        20100319,            1.00
295,        20100322,            1.01
296,        20100323,            1.04
297,        20100324,            1.00
298,        20100325,            0.95
299,        20100326,            1.00
300,        20100329,            1.01
301,        20100330,            0.99
302,        20100331,            1.00
303,        20100401,            1.00
304,        20100405,            1.02
305,        20100406,            1.01
306,        20100407,            0.98
307,        20100408,            1.00
308,        20100409,            1.00
309,        20100412,            0.99
310,        20100413,            1.01
311,        20100414,            1.04
312,        20100415,            1.02
313,        20100416,            0.99
314,        20100419,            1.00
315,        20100420,            1.01
316,        20100421,            0.99
317,        20100422,            0.98
318,        20100423,            1.02
319,        20100426,            0.99
320,        20100427,            0.99
321,        20100428,            1.01
322,        20100429,            1.02
323,        20100430,            1.02
324,        20100503,            1.00
325,        20100504,            0.97
326,        20100505,            1.01
327,        20100506,            0.95
328,        20100507,            0.90
329,        20100510,            1.03
330,        20100511,            1.01
331,        20100512,            1.01
332,        20100513,            1.01
333,        20100514,            0.98
334,        20100517,            1.02
335,        20100518,            0.97
336,        20100519,            0.99
337,        20100520,            0.95
338,        20100521,            1.02
339,        20100524,            0.97
340,        20100525,            0.99
341,        20100526,            0.97
342,        20100527,            1.04
343,        20100528,            0.99
344,        20100601,            0.95
345,        20100602,            1.02
346,        20100603,            1.03
347,        20100604,            0.96
348,        20100607,            1.00
349,        20100608,            1.02
350,        20100609,            1.00
351,        20100610,            1.08
352,        20100611,            1.01
353,        20100614,            1.01
354,        20100615,            1.01
355,        20100616,            0.99
356,        20100617,            0.98
357,        20100618,            1.03
358,        20100621,            0.99
359,        20100622,            1.01
360,        20100623,            0.99
361,        20100624,            0.98
362,        20100625,            1.00
363,        20100628,            0.98
364,        20100629,            0.97
365,        20100630,            0.99
366,        20100701,            0.97
367,        20100702,            1.00
368,        20100706,            1.01
369,        20100707,            1.01
370,        20100708,            1.02
371,        20100709,            1.01
372,        20100712,            0.99
373,        20100713,            1.02
374,        20100714,            1.01
375,        20100715,            1.01
376,        20100716,            1.01
377,        20100719,            1.00
378,        20100720,            1.00
379,        20100721,            0.98
380,        20100722,            1.02
381,        20100723,            1.00
382,        20100726,            1.03
383,        20100727,            1.00
384,        20100728,            0.99
385,        20100729,            1.01
386,        20100730,            1.05
387,        20100802,            1.01
388,        20100803,            1.00
389,        20100804,            0.99
390,        20100805,            1.03
391,        20100806,            1.03
392,        20100809,            1.03
393,        20100810,            1.00
394,        20100811,            0.99
395,        20100812,            1.02
396,        20100813,            1.00
397,        20100816,            1.03
398,        20100817,            1.01
399,        20100818,            1.00
400,        20100819,            0.98
401,        20100820,            0.98
402,        20100823,            1.05
403,        20100824,            1.00
404,        20100825,            0.97
405,        20100826,            0.99
406,        20100827,            1.01
407,        20100830,            1.00
408,        20100831,            0.99
409,        20100901,            1.02
410,        20100902,            1.02
411,        20100903,            1.00
412,        20100907,            1.01
413,        20100908,            0.99
414,        20100909,            1.04
415,        20100910,            1.02
416,        20100913,            1.00
417,        20100914,            1.00
418,        20100915,            1.02
419,        20100916,            1.00
420,        20100917,            1.03
421,        20100920,            1.03
422,        20100921,            0.98
423,        20100922,            0.99
424,        20100923,            0.99
425,        20100924,            1.01
426,        20100927,            1.00
427,        20100928,            1.00
428,        20100929,            1.00
429,        20100930,            1.00
430,        20101001,            0.96
431,        20101004,            0.99
432,        20101005,            1.02
433,        20101006,            1.00
434,        20101007,            1.00
435,        20101008,            1.02
436,        20101011,            1.07
437,        20101012,            1.05
438,        20101013,            1.00
439,        20101014,            0.98
440,        20101015,            1.00
441,        20101018,            0.98
442,        20101019,            0.98
443,        20101020,            1.03
444,        20101021,            0.98
445,        20101022,            0.99
446,        20101025,            1.01
447,        20101026,            1.01
448,        20101027,            0.99
449,        20101028,            1.01
450,        20101029,            0.98
451,        20101101,            1.00
452,        20101102,            1.00
453,        20101103,            0.99
454,        20101104,            1.00
455,        20101105,            0.99
456,        20101108,            0.86
457,        20101109,            1.04
458,        20101110,            0.98
459,        20101111,            0.99
460,        20101112,            0.99
461,        20101115,            1.04
462,        20101116,            0.97
463,        20101117,            1.00
464,        20101118,            1.02
465,        20101119,            0.97
466,        20101122,            1.01
467,        20101123,            0.98
468,        20101124,            1.04
469,        20101126,            0.99
470,        20101129,            0.96
471,        20101130,            0.97
472,        20101201,            1.02
473,        20101202,            1.01
474,        20101203,            1.04
475,        20101206,            0.98
476,        20101207,            1.03
477,        20101208,            1.01
478,        20101209,            1.01
479,        20101210,            1.01
480,        20101213,            0.98
481,        20101214,            1.03
482,        20101215,            1.00
483,        20101216,            1.01
484,        20101217,            1.03
485,        20101220,            0.99
486,        20101221,            1.00
487,        20101222,            1.00
488,        20101223,            1.01
489,        20101227,            1.00
490,        20101228,            0.99
491,        20101229,            0.99
492,        20101230,            1.01
493,        20101231,            1.01
494,        20110103,            1.00
495,        20110104,            1.01
496,        20110105,            1.00
497,        20110106,            1.01
498,        20110107,            1.02
