0,        20090116,            1.03
1,        20090120,            0.95
2,        20090121,            1.06
3,        20090122,            0.94
4,        20090123,            1.00
5,        20090126,            1.00
6,        20090127,            1.03
7,        20090128,            1.01
8,        20090129,            0.97
9,        20090130,            0.99
10,        20090202,            0.98
11,        20090203,            1.01
12,        20090204,            0.95
13,        20090205,            0.98
14,        20090206,            1.06
15,        20090209,            0.95
16,        20090210,            0.93
17,        20090211,            1.01
18,        20090212,            1.02
19,        20090213,            0.97
20,        20090217,            0.98
21,        20090218,            0.99
22,        20090219,            0.98
23,        20090220,            0.99
24,        20090223,            0.98
25,        20090224,            1.04
26,        20090225,            0.99
27,        20090226,            0.99
28,        20090227,            0.98
29,        20090302,            0.98
30,        20090303,            0.98
31,        20090304,            1.01
32,        20090305,            0.96
33,        20090306,            1.01
34,        20090309,            0.97
35,        20090310,            1.07
36,        20090311,            0.98
37,        20090312,            1.04
38,        20090313,            1.02
39,        20090316,            0.97
40,        20090317,            1.06
41,        20090318,            1.05
42,        20090319,            1.00
43,        20090320,            0.99
44,        20090323,            1.05
45,        20090324,            0.93
46,        20090325,            1.02
47,        20090326,            1.01
48,        20090327,            1.00
49,        20090330,            0.96
50,        20090331,            1.05
51,        20090401,            1.02
52,        20090402,            1.04
53,        20090403,            1.02
54,        20090406,            0.99
55,        20090407,            0.98
56,        20090408,            1.01
57,        20090409,            1.04
58,        20090413,            1.01
59,        20090414,            0.95
60,        20090415,            1.04
61,        20090416,            1.00
62,        20090417,            0.99
63,        20090420,            0.96
64,        20090421,            1.02
65,        20090422,            0.95
66,        20090423,            1.02
67,        20090424,            1.00
68,        20090427,            0.97
69,        20090428,            1.04
70,        20090429,            1.03
71,        20090430,            0.99
72,        20090501,            1.00
73,        20090504,            1.02
74,        20090505,            0.97
75,        20090506,            0.98
76,        20090507,            1.01
77,        20090508,            1.04
78,        20090511,            0.96
79,        20090512,            0.99
80,        20090513,            0.98
81,        20090514,            1.03
82,        20090515,            0.99
83,        20090518,            1.03
84,        20090519,            0.94
85,        20090520,            0.98
86,        20090521,            0.99
87,        20090522,            0.98
88,        20090526,            1.01
89,        20090527,            0.95
90,        20090528,            1.01
91,        20090529,            1.01
92,        20090601,            1.02
93,        20090602,            1.03
94,        20090603,            1.01
95,        20090604,            1.01
96,        20090605,            1.01
97,        20090608,            1.01
98,        20090609,            1.00
99,        20090610,            0.98
100,        20090611,            1.00
101,        20090612,            0.99
102,        20090615,            0.99
103,        20090616,            0.99
104,        20090617,            1.00
105,        20090618,            1.00
106,        20090619,            0.99
107,        20090622,            1.00
108,        20090623,            0.99
109,        20090624,            1.00
110,        20090625,            1.01
111,        20090626,            0.98
112,        20090629,            1.00
113,        20090630,            0.99
114,        20090701,            1.03
115,        20090702,            0.98
116,        20090706,            1.01
117,        20090707,            0.99
118,        20090708,            1.00
119,        20090709,            0.99
120,        20090710,            0.98
121,        20090713,            1.05
122,        20090714,            0.99
123,        20090715,            1.01
124,        20090716,            1.00
125,        20090717,            1.00
126,        20090720,            1.02
127,        20090721,            1.03
128,        20090722,            1.04
129,        20090723,            1.01
130,        20090724,            0.98
131,        20090727,            1.01
132,        20090728,            0.95
133,        20090729,            1.02
134,        20090730,            1.01
135,        20090731,            0.99
136,        20090803,            1.01
137,        20090804,            1.03
138,        20090805,            1.00
139,        20090806,            0.98
140,        20090807,            1.00
141,        20090810,            1.00
142,        20090811,            0.99
143,        20090812,            1.03
144,        20090813,            1.02
145,        20090814,            1.00
146,        20090817,            0.99
147,        20090818,            1.01
148,        20090819,            1.00
149,        20090820,            1.02
150,        20090821,            1.03
151,        20090824,            0.98
152,        20090825,            1.01
153,        20090826,            1.00
154,        20090827,            1.01
155,        20090828,            1.01
156,        20090831,            1.00
157,        20090901,            1.00
158,        20090902,            1.00
159,        20090903,            1.02
160,        20090904,            1.01
161,        20090908,            0.97
162,        20090909,            1.00
163,        20090910,            1.00
164,        20090911,            1.01
165,        20090914,            0.99
166,        20090915,            0.98
167,        20090916,            1.00
168,        20090917,            1.00
169,        20090918,            0.99
170,        20090921,            1.01
171,        20090922,            1.00
172,        20090923,            0.99
173,        20090924,            0.98
174,        20090925,            1.01
175,        20090928,            1.03
176,        20090929,            1.00
177,        20090930,            1.00
178,        20091001,            1.00
179,        20091002,            1.01
180,        20091005,            1.01
181,        20091006,            1.01
182,        20091007,            1.00
183,        20091008,            0.99
184,        20091009,            1.01
185,        20091012,            0.99
186,        20091013,            0.98
187,        20091014,            1.01
188,        20091015,            0.99
189,        20091016,            0.99
190,        20091019,            1.01
191,        20091020,            0.99
192,        20091021,            0.99
193,        20091022,            1.02
194,        20091023,            0.98
195,        20091026,            0.99
196,        20091027,            1.00
197,        20091028,            0.98
198,        20091029,            1.03
199,        20091030,            0.98
200,        20091102,            1.00
201,        20091103,            1.00
202,        20091104,            0.99
203,        20091105,            1.00
204,        20091106,            1.01
205,        20091109,            1.00
206,        20091110,            1.00
207,        20091111,            1.00
208,        20091112,            0.98
209,        20091113,            1.00
210,        20091116,            1.00
211,        20091117,            1.01
212,        20091118,            0.99
213,        20091119,            0.99
214,        20091120,            1.00
215,        20091123,            1.01
216,        20091124,            0.99
217,        20091125,            1.00
218,        20091127,            0.99
219,        20091130,            1.02
220,        20091201,            0.99
221,        20091202,            1.01
222,        20091203,            1.00
223,        20091204,            1.01
224,        20091207,            1.00
225,        20091208,            1.00
226,        20091209,            1.00
227,        20091210,            1.00
228,        20091211,            1.00
229,        20091214,            1.00
230,        20091215,            0.99
231,        20091216,            1.00
232,        20091217,            0.97
233,        20091218,            0.98
234,        20091221,            1.01
235,        20091222,            1.01
236,        20091223,            1.00
237,        20091224,            1.01
238,        20091228,            1.00
239,        20091229,            1.01
240,        20091230,            1.01
241,        20091231,            1.00
242,        20100104,            0.99
243,        20100105,            1.00
244,        20100106,            1.00
245,        20100107,            1.00
246,        20100108,            1.00
247,        20100111,            1.00
248,        20100112,            1.00
249,        20100113,            1.02
250,        20100114,            0.99
251,        20100115,            1.00
252,        20100119,            0.99
253,        20100120,            1.00
254,        20100121,            1.01
255,        20100122,            0.99
256,        20100125,            1.00
257,        20100126,            1.00
258,        20100127,            1.00
259,        20100128,            0.99
260,        20100129,            0.99
261,        20100201,            1.01
262,        20100202,            1.00
263,        20100203,            0.99
264,        20100204,            1.00
265,        20100205,            1.00
266,        20100208,            1.00
267,        20100209,            1.03
268,        20100210,            1.00
269,        20100211,            1.00
270,        20100212,            1.00
271,        20100216,            1.01
272,        20100217,            1.00
273,        20100218,            1.02
274,        20100219,            1.00
275,        20100222,            1.00
276,        20100223,            1.00
277,        20100224,            1.01
278,        20100225,            1.01
279,        20100226,            0.99
280,        20100301,            1.01
281,        20100302,            1.00
282,        20100303,            1.00
283,        20100304,            1.00
284,        20100305,            1.01
285,        20100308,            1.01
286,        20100309,            0.98
287,        20100310,            1.00
288,        20100311,            1.00
289,        20100312,            0.99
290,        20100315,            0.99
291,        20100316,            1.00
292,        20100317,            1.00
293,        20100318,            1.00
294,        20100319,            1.00
295,        20100322,            1.00
296,        20100323,            1.00
297,        20100324,            1.00
298,        20100325,            1.00
299,        20100326,            1.00
300,        20100329,            1.01
301,        20100330,            1.00
302,        20100331,            1.00
303,        20100401,            1.00
304,        20100405,            1.00
305,        20100406,            1.00
306,        20100407,            1.00
307,        20100408,            0.99
308,        20100409,            1.00
309,        20100412,            1.01
310,        20100413,            1.00
311,        20100414,            1.03
312,        20100415,            1.00
313,        20100416,            1.00
314,        20100419,            1.00
315,        20100420,            1.01
316,        20100421,            1.02
317,        20100422,            1.00
318,        20100423,            1.00
319,        20100426,            1.00
320,        20100427,            0.96
321,        20100428,            1.02
322,        20100429,            1.00
323,        20100430,            0.99
324,        20100503,            1.01
325,        20100504,            0.99
326,        20100505,            1.00
327,        20100506,            0.99
328,        20100507,            0.99
329,        20100510,            1.03
330,        20100511,            1.01
331,        20100512,            0.99
332,        20100513,            0.99
333,        20100514,            0.99
334,        20100517,            1.03
335,        20100518,            0.98
336,        20100519,            1.00
337,        20100520,            0.97
338,        20100521,            1.00
339,        20100524,            1.00
340,        20100525,            1.01
341,        20100526,            0.99
342,        20100527,            1.04
343,        20100528,            1.00
344,        20100601,            0.99
345,        20100602,            1.02
346,        20100603,            1.00
347,        20100604,            0.97
348,        20100607,            1.00
349,        20100608,            1.01
350,        20100609,            0.99
351,        20100610,            1.02
352,        20100611,            1.01
353,        20100614,            0.99
354,        20100615,            1.02
355,        20100616,            0.99
356,        20100617,            1.00
357,        20100618,            1.01
358,        20100621,            0.99
359,        20100622,            1.00
360,        20100623,            0.99
361,        20100624,            0.99
362,        20100625,            1.02
363,        20100628,            0.99
364,        20100629,            0.97
365,        20100630,            1.00
366,        20100701,            0.99
367,        20100702,            1.00
368,        20100706,            0.99
369,        20100707,            1.03
370,        20100708,            1.01
371,        20100709,            1.01
372,        20100712,            0.99
373,        20100713,            1.02
374,        20100714,            0.99
375,        20100715,            0.99
376,        20100716,            0.97
377,        20100719,            1.01
378,        20100720,            1.01
379,        20100721,            0.98
380,        20100722,            1.01
381,        20100723,            1.01
382,        20100726,            1.02
383,        20100727,            1.00
384,        20100728,            0.99
385,        20100729,            1.00
386,        20100730,            1.01
387,        20100802,            0.99
388,        20100803,            1.00
389,        20100804,            1.00
390,        20100805,            1.00
391,        20100806,            1.00
392,        20100809,            1.01
393,        20100810,            0.99
394,        20100811,            0.99
395,        20100812,            1.00
396,        20100813,            1.00
397,        20100816,            1.00
398,        20100817,            1.00
399,        20100818,            1.00
400,        20100819,            1.00
401,        20100820,            1.00
402,        20100823,            1.00
403,        20100824,            0.99
404,        20100825,            1.01
405,        20100826,            0.99
406,        20100827,            1.01
407,        20100830,            0.99
408,        20100831,            1.01
409,        20100901,            1.00
410,        20100902,            1.00
411,        20100903,            1.01
412,        20100907,            0.99
413,        20100908,            1.00
414,        20100909,            1.00
415,        20100910,            1.00
416,        20100913,            1.01
417,        20100914,            1.01
418,        20100915,            1.01
419,        20100916,            0.99
420,        20100917,            1.01
421,        20100920,            1.01
422,        20100921,            0.99
423,        20100922,            0.99
424,        20100923,            0.99
425,        20100924,            1.02
426,        20100927,            0.99
427,        20100928,            1.00
428,        20100929,            1.00
429,        20100930,            1.01
430,        20101001,            1.00
431,        20101004,            1.00
432,        20101005,            1.01
433,        20101006,            0.99
434,        20101007,            1.00
435,        20101008,            1.00
436,        20101011,            1.01
437,        20101012,            1.00
438,        20101013,            1.01
439,        20101014,            1.01
440,        20101015,            1.00
441,        20101018,            1.01
442,        20101019,            0.99
443,        20101020,            1.00
444,        20101021,            0.99
445,        20101022,            1.00
446,        20101025,            1.01
447,        20101026,            0.98
448,        20101027,            1.00
449,        20101028,            1.00
450,        20101029,            1.00
451,        20101101,            1.00
452,        20101102,            1.00
453,        20101103,            1.00
454,        20101104,            1.04
455,        20101105,            1.00
456,        20101108,            0.99
457,        20101109,            0.98
458,        20101110,            1.01
459,        20101111,            0.99
460,        20101112,            0.99
461,        20101115,            1.01
462,        20101116,            0.98
463,        20101117,            1.01
464,        20101118,            1.01
465,        20101119,            1.00
466,        20101122,            1.00
467,        20101123,            0.98
468,        20101124,            1.01
469,        20101126,            1.00
470,        20101129,            1.00
471,        20101130,            0.99
472,        20101201,            1.01
473,        20101202,            1.00
474,        20101203,            0.99
475,        20101206,            1.00
476,        20101207,            1.00
477,        20101208,            1.00
478,        20101209,            1.00
479,        20101210,            1.01
480,        20101213,            1.00
481,        20101214,            1.00
482,        20101215,            1.00
483,        20101216,            1.01
484,        20101217,            1.00
485,        20101220,            1.00
486,        20101221,            1.00
487,        20101222,            1.00
488,        20101223,            1.00
489,        20101227,            1.01
490,        20101228,            1.00
491,        20101229,            1.00
492,        20101230,            1.00
493,        20101231,            1.00
494,        20110103,            1.01
495,        20110104,            0.99
496,        20110105,            1.00
497,        20110106,            0.99
498,        20110107,            0.99
