0,        20090116,            0.99
1,        20090120,            0.89
2,        20090121,            1.07
3,        20090122,            0.93
4,        20090123,            1.03
5,        20090126,            0.96
6,        20090127,            1.03
7,        20090128,            1.12
8,        20090129,            0.97
9,        20090130,            0.96
10,        20090202,            1.00
11,        20090203,            0.97
12,        20090204,            0.99
13,        20090205,            1.03
14,        20090206,            1.12
15,        20090209,            0.99
16,        20090210,            0.89
17,        20090211,            1.03
18,        20090212,            0.97
19,        20090213,            0.97
20,        20090217,            0.94
21,        20090218,            0.96
22,        20090219,            0.97
23,        20090220,            1.01
24,        20090223,            0.97
25,        20090224,            1.06
26,        20090225,            1.01
27,        20090226,            1.03
28,        20090227,            0.96
29,        20090302,            0.96
30,        20090303,            0.96
31,        20090304,            0.97
32,        20090305,            0.87
33,        20090306,            1.00
34,        20090309,            1.01
35,        20090310,            1.18
36,        20090311,            1.02
37,        20090312,            1.11
38,        20090313,            0.97
39,        20090316,            0.97
40,        20090317,            1.04
41,        20090318,            1.08
42,        20090319,            0.94
43,        20090320,            0.96
44,        20090323,            1.14
45,        20090324,            0.93
46,        20090325,            1.04
47,        20090326,            1.00
48,        20090327,            0.96
49,        20090330,            0.93
50,        20090331,            1.07
51,        20090401,            1.02
52,        20090402,            1.01
53,        20090403,            1.05
54,        20090406,            0.97
55,        20090407,            0.99
56,        20090408,            1.05
57,        20090409,            1.12
58,        20090413,            1.05
59,        20090414,            0.94
60,        20090415,            1.02
61,        20090416,            1.04
62,        20090417,            1.03
63,        20090420,            0.87
64,        20090421,            1.07
65,        20090422,            0.97
66,        20090423,            0.91
67,        20090424,            1.08
68,        20090427,            0.92
69,        20090428,            1.02
70,        20090429,            1.03
71,        20090430,            0.94
72,        20090501,            0.96
73,        20090504,            1.07
74,        20090505,            0.97
75,        20090506,            1.10
76,        20090507,            0.94
77,        20090508,            1.15
78,        20090511,            0.96
79,        20090512,            0.98
80,        20090513,            0.94
81,        20090514,            1.02
82,        20090515,            0.96
83,        20090518,            1.06
84,        20090519,            0.95
85,        20090520,            1.00
86,        20090521,            1.00
87,        20090522,            1.00
88,        20090526,            1.04
89,        20090527,            0.96
90,        20090528,            1.02
91,        20090529,            1.02
92,        20090601,            0.99
93,        20090602,            0.98
94,        20090603,            0.99
95,        20090604,            1.04
96,        20090605,            0.95
97,        20090608,            1.00
98,        20090609,            0.98
99,        20090610,            0.98
100,        20090611,            1.01
101,        20090612,            1.01
102,        20090615,            0.97
103,        20090616,            0.97
104,        20090617,            0.93
105,        20090618,            0.98
106,        20090619,            0.97
107,        20090622,            0.96
108,        20090623,            0.96
109,        20090624,            0.97
110,        20090625,            1.06
111,        20090626,            1.04
112,        20090629,            1.00
113,        20090630,            0.98
114,        20090701,            0.99
115,        20090702,            0.93
116,        20090706,            1.08
117,        20090707,            0.97
118,        20090708,            0.98
119,        20090709,            1.01
120,        20090710,            0.99
121,        20090713,            1.04
122,        20090714,            0.99
123,        20090715,            1.06
124,        20090716,            0.99
125,        20090717,            0.94
126,        20090720,            1.00
127,        20090721,            0.97
128,        20090722,            1.02
129,        20090723,            0.94
130,        20090724,            1.01
131,        20090727,            1.06
132,        20090728,            1.01
133,        20090729,            0.99
134,        20090730,            1.00
135,        20090731,            1.00
136,        20090803,            1.04
137,        20090804,            1.06
138,        20090805,            1.02
139,        20090806,            1.02
140,        20090807,            1.04
141,        20090810,            1.04
142,        20090811,            0.93
143,        20090812,            1.00
144,        20090813,            0.99
145,        20090814,            0.98
146,        20090817,            0.92
147,        20090818,            1.01
148,        20090819,            1.00
149,        20090820,            1.01
150,        20090821,            1.06
151,        20090824,            0.97
152,        20090825,            0.98
153,        20090826,            1.03
154,        20090827,            0.98
155,        20090828,            0.98
156,        20090831,            0.99
157,        20090901,            0.96
158,        20090902,            0.97
159,        20090903,            1.00
160,        20090904,            1.04
161,        20090908,            1.00
162,        20090909,            1.02
163,        20090910,            1.03
164,        20090911,            1.02
165,        20090914,            0.99
166,        20090915,            1.05
167,        20090916,            1.06
168,        20090917,            0.97
169,        20090918,            1.00
170,        20090921,            0.98
171,        20090922,            1.02
172,        20090923,            0.98
173,        20090924,            0.95
174,        20090925,            1.00
175,        20090928,            1.05
176,        20090929,            1.00
177,        20090930,            0.98
178,        20091001,            0.95
179,        20091002,            1.00
180,        20091005,            1.02
181,        20091006,            0.99
182,        20091007,            0.99
183,        20091008,            1.01
184,        20091009,            1.03
185,        20091012,            1.01
186,        20091013,            1.00
187,        20091014,            1.02
188,        20091015,            1.01
189,        20091016,            0.98
190,        20091019,            0.99
191,        20091020,            0.92
192,        20091021,            0.95
193,        20091022,            1.03
194,        20091023,            0.97
195,        20091026,            0.98
196,        20091027,            0.99
197,        20091028,            1.02
198,        20091029,            1.05
199,        20091030,            0.93
200,        20091102,            1.01
201,        20091103,            1.02
202,        20091104,            0.97
203,        20091105,            1.04
204,        20091106,            1.00
205,        20091109,            1.02
206,        20091110,            0.96
207,        20091111,            1.03
208,        20091112,            0.95
209,        20091113,            1.01
210,        20091116,            1.03
211,        20091117,            0.99
212,        20091118,            1.00
213,        20091119,            0.99
214,        20091120,            0.99
215,        20091123,            1.01
216,        20091124,            0.99
217,        20091125,            0.99
218,        20091127,            0.98
219,        20091130,            1.03
220,        20091201,            1.00
221,        20091202,            1.00
222,        20091203,            0.98
223,        20091204,            1.05
224,        20091207,            1.01
225,        20091208,            1.00
226,        20091209,            0.99
227,        20091210,            1.03
228,        20091211,            1.02
229,        20091214,            1.03
230,        20091215,            0.97
231,        20091216,            1.01
232,        20091217,            1.00
233,        20091218,            1.04
234,        20091221,            1.01
235,        20091222,            1.01
236,        20091223,            0.99
237,        20091224,            1.01
238,        20091228,            1.00
239,        20091229,            1.00
240,        20091230,            0.99
241,        20091231,            0.99
242,        20100104,            1.03
243,        20100105,            1.01
244,        20100106,            1.01
245,        20100107,            1.06
246,        20100108,            1.04
247,        20100111,            0.99
248,        20100112,            0.99
249,        20100113,            1.01
250,        20100114,            1.04
251,        20100115,            0.99
252,        20100119,            1.01
253,        20100120,            1.01
254,        20100121,            1.06
255,        20100122,            0.98
256,        20100125,            0.97
257,        20100126,            1.10
258,        20100127,            1.04
259,        20100128,            1.01
260,        20100129,            0.97
261,        20100201,            1.03
262,        20100202,            1.00
263,        20100203,            0.96
264,        20100204,            0.96
265,        20100205,            1.02
266,        20100208,            0.99
267,        20100209,            1.01
268,        20100210,            1.02
269,        20100211,            0.99
270,        20100212,            1.01
271,        20100216,            1.03
272,        20100217,            1.00
273,        20100218,            1.00
274,        20100219,            1.02
275,        20100222,            1.02
276,        20100223,            1.00
277,        20100224,            1.01
278,        20100225,            1.00
279,        20100226,            0.97
280,        20100301,            1.00
281,        20100302,            1.01
282,        20100303,            0.98
283,        20100304,            1.01
284,        20100305,            1.01
285,        20100308,            0.99
286,        20100309,            0.99
287,        20100310,            1.04
288,        20100311,            1.03
289,        20100312,            1.01
290,        20100315,            1.00
291,        20100316,            1.02
292,        20100317,            1.05
293,        20100318,            0.96
294,        20100319,            1.00
295,        20100322,            1.02
296,        20100323,            1.02
297,        20100324,            0.98
298,        20100325,            1.01
299,        20100326,            0.98
300,        20100329,            1.00
301,        20100330,            1.00
302,        20100331,            0.99
303,        20100401,            0.98
304,        20100405,            1.02
305,        20100406,            1.05
306,        20100407,            0.97
307,        20100408,            1.02
308,        20100409,            1.02
309,        20100412,            1.03
310,        20100413,            0.96
311,        20100414,            1.03
312,        20100415,            1.00
313,        20100416,            0.96
314,        20100419,            1.01
315,        20100420,            1.02
316,        20100421,            1.02
317,        20100422,            1.03
318,        20100423,            0.98
319,        20100426,            0.98
320,        20100427,            0.95
321,        20100428,            1.00
322,        20100429,            1.03
323,        20100430,            0.96
324,        20100503,            0.95
325,        20100504,            0.96
326,        20100505,            1.00
327,        20100506,            0.98
328,        20100507,            0.99
329,        20100510,            1.03
330,        20100511,            1.00
331,        20100512,            1.01
332,        20100513,            1.00
333,        20100514,            0.97
334,        20100517,            1.03
335,        20100518,            0.96
336,        20100519,            1.00
337,        20100520,            0.93
338,        20100521,            1.04
339,        20100524,            1.00
340,        20100525,            0.97
341,        20100526,            1.01
342,        20100527,            1.03
343,        20100528,            0.98
344,        20100601,            0.95
345,        20100602,            0.99
346,        20100603,            1.00
347,        20100604,            0.93
348,        20100607,            0.99
349,        20100608,            0.98
350,        20100609,            1.01
351,        20100610,            1.02
352,        20100611,            1.00
353,        20100614,            0.98
354,        20100615,            1.03
355,        20100616,            0.99
356,        20100617,            0.99
357,        20100618,            0.99
358,        20100621,            0.99
359,        20100622,            1.00
360,        20100623,            0.99
361,        20100624,            0.98
362,        20100625,            1.01
363,        20100628,            0.98
364,        20100629,            0.97
365,        20100630,            0.97
366,        20100701,            1.00
367,        20100702,            0.98
368,        20100706,            0.98
369,        20100707,            1.05
370,        20100708,            1.01
371,        20100709,            1.02
372,        20100712,            0.98
373,        20100713,            1.05
374,        20100714,            0.82
375,        20100715,            1.01
376,        20100716,            0.98
377,        20100719,            0.99
378,        20100720,            1.00
379,        20100721,            0.92
380,        20100722,            1.02
381,        20100723,            1.03
382,        20100726,            1.03
383,        20100727,            1.02
384,        20100728,            0.94
385,        20100729,            1.01
386,        20100730,            1.04
387,        20100802,            1.04
388,        20100803,            1.05
389,        20100804,            0.98
390,        20100805,            1.00
391,        20100806,            0.97
392,        20100809,            1.04
393,        20100810,            0.97
394,        20100811,            0.93
395,        20100812,            0.99
396,        20100813,            0.97
397,        20100816,            1.01
398,        20100817,            1.01
399,        20100818,            1.00
400,        20100819,            0.96
401,        20100820,            1.01
402,        20100823,            0.98
403,        20100824,            1.00
404,        20100825,            0.99
405,        20100826,            0.98
406,        20100827,            1.04
407,        20100830,            0.97
408,        20100831,            1.02
409,        20100901,            1.07
410,        20100902,            1.00
411,        20100903,            1.02
412,        20100907,            1.00
413,        20100908,            1.02
414,        20100909,            1.02
415,        20100910,            1.00
416,        20100913,            1.04
417,        20100914,            0.97
418,        20100915,            0.99
419,        20100916,            0.97
420,        20100917,            1.00
421,        20100920,            1.05
422,        20100921,            0.99
423,        20100922,            0.96
424,        20100923,            1.00
425,        20100924,            1.06
426,        20100927,            0.99
427,        20100928,            1.00
428,        20100929,            0.98
429,        20100930,            0.97
430,        20101001,            0.99
431,        20101004,            0.99
432,        20101005,            1.05
433,        20101006,            1.01
434,        20101007,            0.99
435,        20101008,            0.99
436,        20101011,            0.98
437,        20101012,            0.99
438,        20101013,            0.99
439,        20101014,            0.98
440,        20101015,            0.99
441,        20101018,            1.03
442,        20101019,            0.98
443,        20101020,            1.00
444,        20101021,            1.01
445,        20101022,            1.01
446,        20101025,            0.97
447,        20101026,            1.05
448,        20101027,            0.98
449,        20101028,            0.99
450,        20101029,            1.02
451,        20101101,            0.96
452,        20101102,            1.04
453,        20101103,            1.00
454,        20101104,            1.08
455,        20101105,            1.02
456,        20101108,            1.00
457,        20101109,            0.97
458,        20101110,            1.03
459,        20101111,            1.00
460,        20101112,            1.02
461,        20101115,            1.00
462,        20101116,            1.00
463,        20101117,            1.01
464,        20101118,            1.01
465,        20101119,            1.00
466,        20101122,            1.00
467,        20101123,            0.99
468,        20101124,            1.01
469,        20101126,            0.99
470,        20101129,            1.02
471,        20101130,            1.00
472,        20101201,            1.04
473,        20101202,            1.00
474,        20101203,            1.02
475,        20101206,            0.99
476,        20101207,            1.03
477,        20101208,            1.03
478,        20101209,            1.01
479,        20101210,            1.04
480,        20101213,            0.98
481,        20101214,            1.00
482,        20101215,            0.98
483,        20101216,            0.96
484,        20101217,            1.02
485,        20101220,            1.00
486,        20101221,            1.05
487,        20101222,            1.29
488,        20101223,            0.96
489,        20101227,            1.01
490,        20101228,            1.04
491,        20101229,            1.02
492,        20101230,            0.99
493,        20101231,            1.00
494,        20110103,            1.01
495,        20110104,            0.97
496,        20110105,            1.01
497,        20110106,            0.99
498,        20110107,            0.98
