Date,Open,High,Low,Close,Volume,Adj Close
2011-04-26,37.29,37.33,37.28,37.31,582600,37.31
2011-04-25,37.32,37.33,37.26,37.29,333200,37.29
2011-04-21,37.29,37.35,37.27,37.29,592200,37.29
2011-04-20,37.38,37.40,37.26,37.29,708000,37.29
2011-04-19,37.30,37.34,37.29,37.32,711600,37.32
2011-04-18,37.25,37.31,37.24,37.28,617900,37.28
2011-04-15,37.29,37.30,37.28,37.30,279400,37.30
2011-04-14,37.29,37.30,37.27,37.30,476800,37.30
2011-04-13,37.29,37.30,37.28,37.30,290200,37.30
2011-04-12,37.28,37.31,37.27,37.30,396800,37.30
2011-04-11,37.28,37.30,37.27,37.30,409000,37.30
2011-04-08,37.30,37.30,37.25,37.26,478500,37.26
2011-04-07,37.32,37.32,37.26,37.27,370500,37.27
2011-04-06,37.29,37.30,37.27,37.27,260200,37.27
2011-04-05,37.30,37.31,37.26,37.26,496600,37.26
2011-04-04,37.33,37.33,37.27,37.31,534900,37.31
2011-04-01,37.27,37.35,37.24,37.34,642700,37.34
2011-03-31,37.23,37.29,37.23,37.27,487900,37.27
2011-03-30,37.26,37.28,37.22,37.24,546600,37.24
2011-03-29,37.24,37.25,37.21,37.24,523200,37.24
2011-03-28,37.20,37.25,37.18,37.19,443000,37.19
2011-03-25,37.24,37.28,37.18,37.18,970900,37.18
2011-03-24,37.30,37.30,37.21,37.23,387300,37.23
2011-03-23,37.16,37.25,37.16,37.25,575100,37.25
2011-03-22,37.26,37.26,37.20,37.22,564600,37.22
2011-03-21,37.27,37.30,37.20,37.25,676200,37.25
2011-03-18,37.25,37.26,36.79,37.20,2937300,37.20
2011-03-17,37.19,37.26,37.18,37.23,936900,37.23
2011-03-16,37.21,37.24,37.13,37.14,3187600,37.14
2011-03-15,37.25,37.25,37.16,37.21,1064900,37.21
2011-03-14,37.22,37.27,37.22,37.25,681700,37.25
2011-03-11,37.23,37.25,37.22,37.25,451800,37.25
2011-03-10,37.22,37.24,37.21,37.23,751200,37.23
2011-03-09,37.22,37.25,37.21,37.23,1244100,37.23
2011-03-08,37.21,37.25,37.20,37.20,832100,37.20
2011-03-07,37.24,37.27,37.21,37.24,970300,37.24
2011-03-04,37.26,37.30,37.24,37.25,554300,37.25
2011-03-03,37.28,37.31,37.23,37.26,628600,37.26
2011-03-02,37.23,37.27,37.21,37.27,1044200,37.27
2011-03-01,37.19,37.25,37.19,37.25,683400,37.25
2011-02-28,37.18,37.25,37.18,37.24,919200,37.24
2011-02-25,37.13,37.22,37.13,37.22,543200,37.22
2011-02-24,37.13,37.15,37.12,37.13,534200,37.13
2011-02-23,37.15,37.16,37.12,37.14,653800,37.14
2011-02-22,37.11,37.17,37.11,37.12,557000,37.12
2011-02-18,37.10,37.14,37.10,37.11,472700,37.11
2011-02-17,37.10,37.13,37.08,37.12,619500,37.12
2011-02-16,37.12,37.12,37.07,37.07,1258600,37.07
2011-02-15,37.11,37.14,37.08,37.08,464500,37.08
2011-02-14,37.15,37.16,37.07,37.11,475800,37.11
2011-02-11,37.11,37.14,37.07,37.13,297100,37.13
2011-02-10,37.14,37.15,37.11,37.13,573300,37.13
2011-02-09,37.13,37.15,37.12,37.13,596000,37.13
2011-02-08,37.22,37.22,37.12,37.12,381900,37.12
2011-02-07,37.23,37.25,37.21,37.22,470400,37.22
2011-02-04,37.24,37.25,37.21,37.23,434800,37.23
2011-02-03,37.20,37.25,37.20,37.21,724200,37.21
2011-02-02,37.24,37.25,37.18,37.25,813000,37.25
2011-02-01,37.25,37.26,37.23,37.26,342300,37.26
2011-01-31,37.16,37.25,37.16,37.25,453500,37.25
2011-01-28,37.20,37.24,37.15,37.17,786300,37.17
2011-01-27,37.20,37.24,37.15,37.23,646600,37.23
2011-01-26,37.22,37.24,37.19,37.21,465700,37.21
2011-01-25,37.15,37.24,37.14,37.24,497700,37.24
2011-01-24,37.15,37.18,37.15,37.16,1130600,37.16
2011-01-21,37.16,37.17,37.14,37.17,954200,37.17
2011-01-20,37.14,37.16,37.13,37.15,515900,37.15
2011-01-19,37.16,37.17,37.13,37.17,648600,37.17
2011-01-18,37.12,37.17,37.11,37.17,814100,37.17
2011-01-14,37.11,37.13,37.10,37.13,509100,37.13
2011-01-13,37.13,37.13,37.08,37.13,475100,37.13
2011-01-12,37.14,37.15,37.09,37.10,531100,37.10
2011-01-11,37.09,37.09,37.04,37.07,288800,37.07
2011-01-10,37.03,37.09,37.03,37.06,587400,37.06
