Date,Open,High,Low,Close,Volume,Adj Close
2011-04-26,35.93,36.40,35.75,36.35,3726000,36.35
2011-04-25,36.08,36.08,35.54,35.69,2658100,35.69
2011-04-21,35.94,36.10,35.79,36.05,2889100,36.05
2011-04-20,35.42,35.85,35.37,35.81,4648400,35.81
2011-04-19,34.47,34.98,34.39,34.96,5176300,34.96
2011-04-18,34.44,34.69,34.21,34.45,5369200,34.45
2011-04-15,35.18,35.36,34.81,34.83,5477800,34.83
2011-04-14,35.18,35.31,34.97,35.04,4208600,35.04
2011-04-13,35.60,35.77,35.11,35.14,4182500,35.14
2011-04-12,35.38,35.66,35.35,35.54,3931300,35.54
2011-04-11,35.44,35.83,35.39,35.57,3980200,35.57
2011-04-08,36.32,36.35,35.22,35.27,6823000,35.27
2011-04-07,36.51,36.63,36.14,36.47,3834700,36.47
2011-04-06,37.08,37.16,36.47,36.56,6097400,36.56
2011-04-05,36.76,37.15,36.59,37.02,5050700,37.02
2011-04-04,36.90,36.90,36.48,36.72,3823000,36.72
2011-04-01,36.68,36.75,36.10,36.48,4950100,36.48
2011-03-31,36.02,36.56,35.90,36.01,7058200,36.01
2011-03-30,35.96,36.12,35.70,35.94,3548400,35.94
2011-03-29,35.23,35.72,35.22,35.72,3411300,35.72
2011-03-28,35.43,35.80,35.29,35.35,3884500,35.35
2011-03-25,35.59,35.75,35.12,35.30,8687200,35.30
2011-03-24,36.11,36.37,35.79,36.07,4470000,36.07
2011-03-23,36.02,36.27,35.91,36.11,4447900,36.11
2011-03-22,36.13,36.25,35.74,36.04,8507300,36.04
2011-03-21,35.33,35.97,35.17,35.88,5189600,35.88
2011-03-18,35.16,35.29,34.81,34.96,5176600,34.96
2011-03-17,35.30,35.35,34.67,34.75,4904800,34.75
2011-03-16,35.38,35.40,34.12,34.44,7779600,34.44
2011-03-15,34.90,35.69,34.70,35.50,5186100,35.50
2011-03-14,35.67,36.18,35.38,35.80,4295000,35.80
2011-03-11,35.35,36.28,35.16,36.09,4805100,36.09
2011-03-10,36.17,36.47,35.45,35.45,7129400,35.45
2011-03-09,36.97,36.97,36.46,36.60,6330000,36.60
2011-03-08,36.87,37.09,36.70,36.99,4888900,36.99
2011-03-07,37.04,37.14,36.50,36.74,5910700,36.74
2011-03-04,37.49,37.71,36.75,36.95,5320000,36.95
2011-03-03,36.96,37.35,36.94,37.29,3506200,37.29
2011-03-02,36.37,36.97,36.24,36.77,4690700,36.77
2011-03-01,37.50,37.61,36.59,36.62,4906100,36.62
2011-02-28,37.06,37.63,37.03,37.18,5707900,37.18
2011-02-25,36.56,37.03,36.56,36.88,4607600,36.88
2011-02-24,35.95,36.56,35.95,36.43,7244000,36.43
2011-02-23,36.87,36.95,35.47,35.87,10422600,35.87
2011-02-22,37.23,38.02,36.90,36.98,7257900,36.98
2011-02-18,37.41,37.96,37.10,37.65,6852100,37.65
2011-02-17,36.89,37.49,36.59,37.48,5522800,37.48
2011-02-16,37.04,37.31,36.68,37.12,7193300,37.12
2011-02-15,36.58,36.60,36.14,36.46,8077700,36.46
2011-02-14,36.13,36.73,36.13,36.65,6259200,36.49
2011-02-11,35.38,36.26,35.20,36.22,9066400,36.06
2011-02-10,35.96,36.19,35.05,35.44,9499600,35.29
2011-02-09,36.18,36.50,35.68,36.02,6175400,35.86
2011-02-08,36.01,36.09,35.63,36.09,6512500,35.93
2011-02-07,36.15,36.29,35.91,35.95,6906400,35.79
2011-02-04,35.61,36.09,35.21,36.09,7477100,35.93
2011-02-03,35.26,35.60,34.81,35.45,6754200,35.30
2011-02-02,34.87,35.40,34.76,35.33,13420700,35.18
2011-02-01,34.85,35.20,34.43,34.70,19583800,34.55
2011-01-31,33.11,33.30,32.63,32.67,8415400,32.53
2011-01-28,33.58,33.70,32.64,32.76,5808900,32.62
2011-01-27,33.61,33.76,33.23,33.43,4999900,33.28
2011-01-26,33.73,33.83,33.22,33.42,4919600,33.27
2011-01-25,33.29,33.51,33.10,33.34,5588200,33.19
2011-01-24,33.41,33.63,33.28,33.42,4523900,33.27
2011-01-21,33.68,33.96,33.29,33.45,6257400,33.30
2011-01-20,33.75,33.87,32.23,33.39,11039800,33.24
2011-01-19,34.31,34.58,33.70,33.93,9593500,33.78
2011-01-18,33.67,34.50,33.60,33.72,7764500,33.57
2011-01-14,33.47,33.51,33.04,33.51,4814100,33.36
2011-01-13,32.75,33.26,32.64,33.23,7071700,33.08
2011-01-12,32.42,32.78,32.31,32.56,7139500,32.42
2011-01-11,32.22,32.37,32.04,32.21,4708000,32.07
2011-01-10,31.61,32.28,31.61,32.09,6427900,31.95
