Date,Open,High,Low,Close,Volume,Adj Close
2011-04-26,6.39,6.72,6.38,6.70,769600,6.70
2011-04-25,6.38,6.47,6.32,6.37,279800,6.37
2011-04-21,6.42,6.43,6.32,6.40,294100,6.40
2011-04-20,6.43,6.45,6.33,6.37,254800,6.37
2011-04-19,6.30,6.38,6.26,6.33,301800,6.33
2011-04-18,6.31,6.46,6.20,6.26,433200,6.26
2011-04-15,6.31,6.46,6.28,6.39,787300,6.39
2011-04-14,6.39,6.40,6.22,6.33,973300,6.33
2011-04-13,6.51,6.64,6.29,6.47,759600,6.47
2011-04-12,6.44,6.61,6.35,6.49,824400,6.49
2011-04-11,6.60,6.60,6.35,6.47,602100,6.47
2011-04-08,6.39,6.67,6.35,6.60,1685300,6.60
2011-04-07,5.94,6.35,5.94,6.33,1696100,6.33
2011-04-06,5.95,5.98,5.89,5.92,546900,5.92
2011-04-05,5.86,5.98,5.86,5.93,755400,5.93
2011-04-04,6.08,6.08,5.82,5.85,860100,5.85
2011-04-01,5.93,6.08,5.86,6.08,607700,6.08
2011-03-31,5.94,6.12,5.87,5.87,687800,5.87
2011-03-30,5.99,6.04,5.91,5.95,394400,5.95
2011-03-29,5.93,5.98,5.79,5.97,737400,5.97
2011-03-28,6.12,6.17,5.90,5.91,486700,5.91
2011-03-25,5.93,6.19,5.91,6.09,1048500,6.09
2011-03-24,5.93,5.94,5.90,5.91,1151500,5.91
2011-03-23,5.90,5.94,5.90,5.91,1682100,5.91
2011-03-22,5.91,5.98,5.89,5.90,910500,5.90
2011-03-21,6.06,6.11,5.90,5.91,893100,5.91
2011-03-18,6.15,6.31,5.91,6.01,2633200,6.01
2011-03-17,6.47,6.50,6.30,6.45,338200,6.45
2011-03-16,6.63,6.67,6.33,6.37,430500,6.37
2011-03-15,6.93,6.97,6.51,6.65,757500,6.65
2011-03-14,7.07,7.35,7.00,7.10,573600,7.10
2011-03-11,7.00,7.74,6.85,7.15,2218100,7.15
2011-03-10,6.73,6.84,6.60,6.61,372800,6.61
2011-03-09,6.80,6.98,6.69,6.77,401600,6.77
2011-03-08,6.10,6.92,6.10,6.80,822200,6.80
2011-03-07,6.24,6.29,6.00,6.07,229200,6.07
2011-03-04,6.43,6.44,6.20,6.23,166100,6.23
2011-03-03,6.41,6.50,6.33,6.41,194700,6.41
2011-03-02,6.30,6.42,6.24,6.34,254400,6.34
2011-03-01,6.38,6.52,6.30,6.32,250100,6.32
2011-02-28,6.53,6.75,6.33,6.38,325500,6.38
2011-02-25,6.35,6.65,6.33,6.65,423900,6.65
2011-02-24,6.53,6.65,6.32,6.34,222400,6.34
2011-02-23,6.65,6.78,6.54,6.54,288700,6.54
2011-02-22,6.78,6.84,6.53,6.66,658600,6.66
2011-02-18,6.92,7.06,6.79,6.83,516000,6.83
2011-02-17,6.38,6.92,6.38,6.91,871900,6.91
2011-02-16,6.31,6.42,6.23,6.38,442500,6.38
2011-02-15,6.18,6.30,6.07,6.30,361600,6.30
2011-02-14,6.24,6.28,6.12,6.18,230000,6.18
2011-02-11,6.14,6.29,6.03,6.20,327000,6.20
2011-02-10,6.20,6.22,6.06,6.13,344500,6.13
2011-02-09,6.57,6.58,6.13,6.24,791500,6.24
2011-02-08,6.67,6.73,6.54,6.57,178300,6.57
2011-02-07,6.74,6.87,6.63,6.66,266100,6.66
2011-02-04,6.72,6.74,6.51,6.74,338700,6.74
2011-02-03,6.76,6.77,6.55,6.65,319900,6.65
2011-02-02,6.86,6.97,6.74,6.80,201300,6.80
2011-02-01,6.68,7.02,6.45,6.90,712900,6.90
2011-01-31,6.82,6.89,6.51,6.66,671700,6.66
2011-01-28,7.13,7.21,6.78,6.80,579800,6.80
2011-01-27,7.25,7.33,7.10,7.14,323000,7.14
2011-01-26,6.91,7.41,6.80,7.23,873700,7.23
2011-01-25,7.09,7.16,6.85,6.91,576700,6.91
2011-01-24,7.00,7.18,6.85,7.14,777400,7.14
2011-01-21,6.54,7.14,6.54,6.99,883500,6.99
2011-01-20,6.76,6.76,6.50,6.50,616900,6.50
2011-01-19,7.10,7.27,6.73,6.74,714400,6.74
2011-01-18,7.20,7.25,7.00,7.09,887700,7.09
2011-01-14,6.96,7.25,6.94,7.21,607600,7.21
2011-01-13,7.02,7.05,6.92,6.95,469300,6.95
2011-01-12,7.12,7.21,6.98,7.00,1321600,7.00
2011-01-11,7.44,7.45,7.02,7.02,1636600,7.02
2011-01-10,7.81,7.95,7.43,7.47,1267500,7.47
