Date,Open,High,Low,Close,Volume,Adj Close
2011-04-26,31.89,32.04,31.61,31.74,4086100,31.74
2011-04-25,31.62,31.96,31.22,31.92,4016500,31.92
2011-04-21,31.30,31.66,31.07,31.65,3051700,31.65
2011-04-20,31.39,31.51,31.10,31.18,3541500,31.18
2011-04-19,31.35,31.35,31.03,31.05,3734200,31.05
2011-04-18,31.04,31.30,30.81,31.27,3846600,31.27
2011-04-15,31.46,31.64,31.34,31.41,4117900,31.41
2011-04-14,31.58,31.63,31.29,31.40,3607100,31.40
2011-04-13,31.80,31.88,31.66,31.84,4975600,31.84
2011-04-12,31.66,31.72,31.30,31.61,3389300,31.61
2011-04-11,31.40,31.79,31.40,31.75,3976400,31.75
2011-04-08,31.88,31.96,31.23,31.40,3339400,31.40
2011-04-07,31.62,31.86,31.55,31.80,3457200,31.80
2011-04-06,31.70,31.82,31.61,31.65,3192900,31.65
2011-04-05,31.80,31.82,31.55,31.61,3051500,31.61
2011-04-04,31.57,31.91,31.55,31.86,3027000,31.86
2011-04-01,31.33,31.60,31.27,31.45,6164300,31.45
2011-03-31,31.73,32.17,31.67,31.78,4130300,31.78
2011-03-30,31.76,31.89,31.67,31.85,2791000,31.85
2011-03-29,31.61,31.76,31.35,31.63,3029200,31.63
2011-03-28,31.54,31.76,31.42,31.65,2913900,31.65
2011-03-25,31.59,31.65,31.28,31.46,3783700,31.46
2011-03-24,31.48,31.58,31.21,31.55,2575000,31.55
2011-03-23,31.32,31.51,31.13,31.36,2978000,31.36
2011-03-22,31.59,31.83,31.37,31.48,4271400,31.48
2011-03-21,31.49,31.52,31.22,31.29,3702400,31.29
2011-03-18,31.47,31.66,31.00,31.15,5611300,31.15
2011-03-17,31.25,31.30,30.75,31.09,4336200,31.09
2011-03-16,31.28,31.34,30.69,30.73,7303300,30.73
2011-03-15,30.93,31.48,30.67,31.32,6327800,31.32
2011-03-14,31.79,31.90,31.57,31.73,4817400,31.73
2011-03-11,31.56,32.07,31.30,31.99,3948600,31.99
2011-03-10,31.74,32.00,31.63,31.73,4060600,31.73
2011-03-09,31.79,32.20,31.74,32.07,4582800,32.07
2011-03-08,31.53,32.04,31.51,32.00,3218500,31.79
2011-03-07,31.75,31.84,31.34,31.43,3307500,31.22
2011-03-04,31.79,32.08,31.38,31.71,4512100,31.50
2011-03-03,31.53,31.99,31.53,31.88,4835400,31.67
2011-03-02,31.32,31.49,31.18,31.30,4644000,31.09
2011-03-01,31.83,31.93,31.43,31.44,5141700,31.23
2011-02-28,31.54,31.81,31.43,31.78,3581300,31.57
2011-02-25,31.14,31.52,31.14,31.48,2714400,31.27
2011-02-24,31.56,31.64,30.81,31.08,5097700,30.88
2011-02-23,31.70,32.16,31.46,31.50,4808900,31.29
2011-02-22,31.77,32.00,31.54,31.74,5833800,31.53
2011-02-18,31.68,32.11,31.41,32.11,6792200,31.90
2011-02-17,30.67,31.67,30.60,31.61,7583000,31.40
2011-02-16,30.70,31.05,30.61,30.90,4890300,30.70
2011-02-15,30.86,30.93,30.47,30.54,7329000,30.34
2011-02-14,31.32,31.35,30.93,30.96,5723200,30.76
2011-02-11,31.01,31.66,30.98,31.39,5363500,31.18
2011-02-10,30.75,31.44,30.68,31.20,14257500,31.00
2011-02-09,32.39,32.61,32.15,32.36,5126900,32.15
2011-02-08,31.89,32.56,31.67,32.56,5720200,32.35
2011-02-07,31.51,31.88,31.36,31.88,4745900,31.67
2011-02-04,31.31,31.35,31.02,31.35,3411200,31.14
2011-02-03,31.10,31.48,30.70,31.22,4603400,31.02
2011-02-02,31.49,31.54,31.04,31.13,3549700,30.93
2011-02-01,31.41,31.76,31.26,31.60,3345000,31.39
2011-01-31,31.32,31.44,31.01,31.14,3091700,30.94
2011-01-28,31.80,32.00,31.11,31.15,4828100,30.95
2011-01-27,31.72,31.93,31.60,31.89,2766000,31.68
2011-01-26,31.82,31.94,31.63,31.68,3484900,31.47
2011-01-25,31.26,32.30,31.26,31.79,7278300,31.58
2011-01-24,31.34,31.49,31.10,31.28,3478200,31.07
2011-01-21,31.42,31.58,31.07,31.35,4048200,31.14
2011-01-20,30.56,31.50,30.56,31.30,6956100,31.09
2011-01-19,30.85,30.90,30.49,30.58,2883700,30.38
2011-01-18,30.75,31.10,30.63,30.93,3723000,30.73
2011-01-14,30.59,30.86,30.53,30.71,4722700,30.51
2011-01-13,30.86,30.86,30.43,30.68,4480000,30.48
2011-01-12,31.26,31.55,30.71,30.81,6884300,30.61
2011-01-11,30.98,31.40,30.75,31.13,4291100,30.93
2011-01-10,31.08,31.13,30.68,30.99,4163700,30.79
