Date,Open,High,Low,Close,Volume,Adj Close
2011-04-26,12.97,13.19,12.86,13.05,1460500,13.05
2011-04-25,12.82,12.98,12.58,12.97,1380100,12.97
2011-04-21,12.72,12.89,12.47,12.88,1250800,12.88
2011-04-20,12.60,12.88,12.55,12.69,1522200,12.69
2011-04-19,12.46,12.64,12.32,12.49,2799000,12.49
2011-04-18,12.82,13.23,12.38,12.73,3689800,12.73
2011-04-15,12.50,13.45,12.28,13.09,10211900,13.09
2011-04-14,11.37,11.40,11.15,11.26,677000,11.26
2011-04-13,11.32,11.61,11.29,11.42,1276100,11.42
2011-04-12,11.17,11.36,11.12,11.28,1082500,11.28
2011-04-11,11.05,11.24,11.01,11.24,674900,11.24
2011-04-08,11.13,11.25,11.00,11.02,604300,11.02
2011-04-07,11.25,11.42,11.11,11.11,742300,11.11
2011-04-06,11.19,11.37,11.16,11.28,718000,11.28
2011-04-05,11.10,11.35,11.07,11.20,1230500,11.20
2011-04-04,11.45,11.45,11.01,11.15,1376800,11.15
2011-04-01,11.40,11.53,11.25,11.47,1185400,11.47
2011-03-31,11.04,11.38,11.04,11.37,1480000,11.37
2011-03-30,10.80,11.55,10.76,11.04,1776300,11.04
2011-03-29,10.57,10.86,10.54,10.75,776800,10.75
2011-03-28,10.55,10.76,10.49,10.62,819200,10.62
2011-03-25,10.60,10.77,10.53,10.54,671700,10.54
2011-03-24,10.35,10.60,10.33,10.58,664400,10.58
2011-03-23,10.51,10.59,10.25,10.35,758200,10.35
2011-03-22,10.65,10.66,10.35,10.45,858800,10.45
2011-03-21,10.46,10.66,10.43,10.61,1453800,10.61
2011-03-18,11.05,11.05,10.35,10.44,3175000,10.44
2011-03-17,11.14,11.20,10.93,10.94,1592400,10.94
2011-03-16,10.87,11.40,10.71,11.08,2731100,11.08
2011-03-15,11.15,11.33,11.02,11.03,1593400,11.03
2011-03-14,11.26,11.71,11.25,11.32,1472300,11.32
2011-03-11,11.21,11.39,11.21,11.34,760700,11.34
2011-03-10,11.41,11.65,11.13,11.26,2049600,11.26
2011-03-09,11.40,11.44,11.16,11.34,868700,11.34
2011-03-08,11.40,11.44,11.12,11.43,2511400,11.43
2011-03-07,11.08,11.45,11.07,11.45,2857100,11.45
2011-03-04,11.22,11.37,10.95,11.07,4288100,11.07
2011-03-03,11.35,12.06,11.00,11.20,22817900,11.20
2011-03-02,15.00,15.30,14.90,15.01,669600,15.01
2011-03-01,15.33,15.41,14.88,15.03,1566000,15.03
2011-02-28,15.49,15.78,15.22,15.30,685600,15.30
2011-02-25,15.26,15.58,15.20,15.51,650300,15.51
2011-02-24,15.09,15.34,14.94,15.24,604200,15.24
2011-02-23,15.66,15.66,15.17,15.17,969500,15.17
2011-02-22,16.17,16.23,15.73,15.73,1858900,15.73
2011-02-18,16.22,16.37,16.21,16.28,853900,16.28
2011-02-17,15.83,16.27,15.77,16.23,979300,16.23
2011-02-16,15.51,15.98,15.45,15.85,901700,15.85
2011-02-15,15.22,15.60,15.22,15.52,745400,15.52
2011-02-14,15.39,15.61,15.38,15.53,718300,15.53
2011-02-11,15.39,15.50,15.24,15.38,824100,15.38
2011-02-10,15.43,15.59,15.25,15.52,872600,15.52
2011-02-09,15.85,15.88,15.31,15.44,1514700,15.44
2011-02-08,15.66,16.00,15.59,15.84,2343200,15.84
2011-02-07,16.42,16.50,16.02,16.07,1559100,16.07
2011-02-04,16.22,16.58,16.09,16.46,1529000,16.46
2011-02-03,16.12,16.26,15.98,16.19,1062400,16.19
2011-02-02,16.18,16.25,15.89,16.15,1923100,16.15
2011-02-01,16.24,16.35,16.00,16.23,2770400,16.23
2011-01-31,16.25,16.49,16.13,16.18,1740800,16.18
2011-01-28,16.43,16.45,16.00,16.20,2882800,16.20
2011-01-27,16.10,16.65,15.75,16.44,9507900,16.44
2011-01-26,15.05,15.34,14.96,15.27,1814300,15.27
2011-01-25,14.97,15.12,14.66,15.05,1429200,15.05
2011-01-24,14.97,15.15,14.76,15.00,1561300,15.00
2011-01-21,14.91,15.03,14.72,15.03,2111500,15.03
2011-01-20,14.64,14.95,14.39,14.88,1789400,14.88
2011-01-19,15.05,15.14,14.67,14.71,1850900,14.71
2011-01-18,14.51,15.26,14.42,15.02,2206700,15.02
2011-01-14,14.63,14.89,14.53,14.60,950900,14.60
2011-01-13,14.18,14.80,13.97,14.68,2441900,14.68
2011-01-12,14.35,14.40,14.16,14.22,1542900,14.22
2011-01-11,14.55,14.60,14.25,14.32,1514300,14.32
2011-01-10,14.49,14.65,14.39,14.49,1123700,14.49
