Date,Open,High,Low,Close,Volume,Adj Close
2011-04-26,186.27,186.42,180.74,182.30,11183100,182.30
2011-04-25,185.65,186.35,183.77,185.42,3438100,185.42
2011-04-21,184.56,185.97,183.05,185.89,3348100,185.89
2011-04-20,181.62,185.00,181.59,183.87,4067500,183.87
2011-04-19,178.35,179.47,176.60,178.82,2646000,178.82
2011-04-18,178.38,178.91,175.37,178.34,4616500,178.34
2011-04-15,181.00,181.78,179.02,180.01,4272400,180.01
2011-04-14,181.39,182.08,179.36,181.82,3588200,181.82
2011-04-13,180.83,182.88,179.80,182.29,4216300,182.29
2011-04-12,183.06,184.59,179.42,180.48,5334500,180.48
2011-04-11,184.86,186.49,181.85,184.04,3297100,184.04
2011-04-08,185.26,186.22,182.78,184.71,3726400,184.71
2011-04-07,182.78,185.17,181.76,184.91,4564000,184.91
2011-04-06,186.15,188.27,181.12,182.76,5430700,182.76
2011-04-05,182.10,186.36,181.80,185.29,5569200,185.29
2011-04-04,180.89,183.61,180.69,182.94,4186400,182.94
2011-04-01,181.58,183.25,178.59,180.13,5684100,180.13
2011-03-31,179.31,181.57,178.50,180.13,4826500,180.13
2011-03-30,177.78,181.16,177.66,179.42,6859300,179.42
2011-03-29,170.73,174.84,170.07,174.62,4884600,174.62
2011-03-28,171.80,172.50,169.25,169.35,3400800,169.35
2011-03-25,171.64,173.49,170.30,170.98,4293800,170.98
2011-03-24,168.21,172.00,167.36,171.10,6283200,171.10
2011-03-23,162.30,166.26,160.82,165.32,4721300,165.32
2011-03-22,164.07,164.44,162.25,162.60,3611400,162.60
2011-03-21,163.37,165.79,161.72,164.52,4055100,164.52
2011-03-18,161.19,163.54,160.59,161.82,7442700,161.82
2011-03-17,165.91,166.30,160.78,160.97,6471400,160.97
2011-03-16,164.70,168.14,162.87,164.70,5208100,164.70
2011-03-15,161.39,166.88,160.76,165.08,4934500,165.08
2011-03-14,166.60,168.08,164.57,166.73,4022000,166.73
2011-03-11,165.50,169.20,164.12,168.07,4609900,168.07
2011-03-10,167.07,168.47,164.82,166.14,5998400,166.14
2011-03-09,166.67,169.75,163.90,169.05,7108900,169.05
2011-03-08,169.39,169.71,166.72,166.89,4219000,166.89
2011-03-07,171.92,172.09,166.24,169.08,5932900,169.08
2011-03-04,172.62,172.75,169.51,171.67,4924300,171.67
2011-03-03,173.71,174.46,172.05,172.79,4138200,172.79
2011-03-02,169.09,173.30,168.35,172.02,5185700,172.02
2011-03-01,173.53,173.96,168.67,169.44,5847100,169.44
2011-02-28,173.91,175.89,172.15,173.29,6783200,173.29
2011-02-25,178.95,180.75,177.10,177.24,4191400,177.24
2011-02-24,176.86,179.75,174.56,177.75,4656500,177.75
2011-02-23,180.25,181.15,174.39,176.68,5482000,176.68
2011-02-22,183.68,184.72,179.32,180.42,5637100,180.42
2011-02-18,187.54,188.50,185.13,186.50,4178600,186.50
2011-02-17,185.77,189.09,185.31,187.76,3425500,187.76
2011-02-16,189.77,190.00,186.35,186.62,4628200,186.62
2011-02-15,188.73,190.49,188.25,189.03,3890900,189.03
2011-02-14,189.25,191.40,188.35,190.42,4061300,190.42
2011-02-11,185.56,189.50,185.37,189.25,4487900,189.25
2011-02-10,184.39,187.24,183.60,186.21,5331400,186.21
2011-02-09,183.15,186.47,182.26,185.30,8312700,185.30
2011-02-08,176.66,183.11,176.59,183.06,7794900,183.06
2011-02-07,176.15,177.55,174.77,176.43,5254700,176.43
2011-02-04,174.00,177.19,173.75,175.93,4347800,175.93
2011-02-03,173.50,174.67,171.95,173.71,3678900,173.71
2011-02-02,171.42,175.20,170.87,173.53,4547500,173.53
2011-02-01,170.52,173.10,169.51,172.11,5085900,172.11
2011-01-31,170.16,171.44,167.41,169.64,6718100,169.64
2011-01-28,171.45,173.71,166.90,171.14,19908200,171.14
2011-01-27,177.48,185.00,177.31,184.45,14594400,184.45
2011-01-26,177.51,177.89,174.63,175.39,3762200,175.39
2011-01-25,175.50,176.75,174.28,176.70,4651000,176.70
2011-01-24,177.95,178.49,174.15,176.85,5600300,176.85
2011-01-21,183.00,183.25,176.84,177.42,6806200,177.42
2011-01-20,185.29,186.85,181.00,181.96,5709900,181.96
2011-01-19,190.90,191.00,186.21,186.87,3882400,186.87
2011-01-18,188.66,191.60,188.25,191.25,3896200,191.25
2011-01-14,185.50,188.94,184.92,188.75,3662800,188.75
2011-01-13,183.60,186.45,183.51,185.53,3367000,185.53
2011-01-12,185.36,185.38,183.30,184.08,2679100,184.08
2011-01-11,185.42,186.00,183.21,184.34,2814200,184.34
2011-01-10,185.04,185.29,182.51,184.68,3375900,184.68
