Date,Open,High,Low,Close,Volume,Adj Close
2011-04-26,34.00,34.22,32.87,33.01,2009300,33.01
2011-04-25,33.84,34.56,33.63,34.51,1157800,34.51
2011-04-21,33.74,34.05,33.37,34.05,822600,34.05
2011-04-20,33.17,33.55,32.87,33.49,1657200,33.49
2011-04-19,32.71,33.03,32.48,32.77,739600,32.77
2011-04-18,32.46,32.87,32.22,32.69,778200,32.69
2011-04-15,32.38,33.00,32.24,32.95,1040300,32.95
2011-04-14,32.24,32.76,31.94,32.36,1753600,32.36
2011-04-13,33.22,33.30,32.51,33.00,1028000,33.00
2011-04-12,33.71,33.96,32.71,33.02,1378800,33.02
2011-04-11,34.86,34.96,33.88,33.95,714600,33.95
2011-04-08,35.88,35.93,34.61,34.85,580900,34.85
2011-04-07,35.14,35.77,34.75,35.76,905100,35.76
2011-04-06,35.03,35.37,34.62,35.22,527500,35.22
2011-04-05,34.51,35.18,34.40,34.82,860600,34.82
2011-04-04,35.65,36.21,34.56,34.59,1040300,34.59
2011-04-01,35.65,36.22,35.53,35.62,547500,35.62
2011-03-31,35.74,35.75,34.93,35.37,607300,35.37
2011-03-30,34.94,36.07,34.76,35.71,651200,35.71
2011-03-29,34.33,34.72,34.03,34.67,455400,34.67
2011-03-28,34.66,34.95,34.12,34.28,546600,34.28
2011-03-25,34.21,34.72,34.06,34.52,508100,34.52
2011-03-24,33.59,34.23,33.50,34.05,698100,34.05
2011-03-23,32.94,33.53,32.73,33.37,1012600,33.37
2011-03-22,33.24,33.41,32.96,33.02,643700,33.02
2011-03-21,33.62,33.78,32.98,33.19,1102300,33.19
2011-03-18,33.43,33.50,32.72,33.29,2623500,33.29
2011-03-17,33.50,33.69,33.07,33.17,854100,33.17
2011-03-16,33.17,33.51,32.63,32.89,1371000,32.89
2011-03-15,32.10,33.37,31.90,33.22,1148200,33.22
2011-03-14,33.19,33.60,32.65,33.05,1170600,33.05
2011-03-11,32.09,33.58,32.04,33.48,1202000,33.48
2011-03-10,33.01,33.38,32.90,32.95,678400,32.95
2011-03-09,33.09,33.65,32.98,33.55,985200,33.55
2011-03-08,32.38,33.41,32.19,33.34,950800,33.34
2011-03-07,32.82,32.98,32.23,32.33,1146100,32.33
2011-03-04,32.97,33.12,32.42,32.68,657000,32.68
2011-03-03,33.16,33.42,32.50,32.99,602200,32.99
2011-03-02,32.63,33.08,32.40,32.84,742400,32.84
2011-03-01,33.78,33.93,32.45,32.50,786000,32.50
2011-02-28,33.78,34.18,33.17,33.64,985900,33.64
2011-02-25,32.71,33.54,32.71,33.51,1039700,33.51
2011-02-24,32.10,32.88,32.07,32.49,1760500,32.49
2011-02-23,33.23,33.23,31.74,32.23,1898000,32.23
2011-02-22,34.03,34.40,33.36,33.50,1108300,33.50
2011-02-18,34.14,34.85,34.00,34.39,1053300,34.39
2011-02-17,34.75,34.80,34.01,34.13,1006700,34.13
2011-02-16,33.43,35.04,33.43,34.87,1428400,34.87
2011-02-15,33.50,33.95,33.16,33.25,951300,33.25
2011-02-14,33.85,34.00,32.91,33.63,1247500,33.63
2011-02-11,33.07,34.00,32.96,33.96,1111500,33.96
2011-02-10,33.43,33.64,32.94,33.07,1061200,33.07
2011-02-09,33.14,34.15,32.93,33.57,1955500,33.57
2011-02-08,31.61,32.69,31.53,32.60,2115400,32.60
2011-02-07,30.75,31.84,30.69,31.67,2268700,31.67
2011-02-04,31.27,31.28,30.30,30.84,2709600,30.84
2011-02-03,30.02,31.71,29.73,31.45,4733000,31.45
2011-02-02,29.08,29.16,28.14,28.25,1842500,28.25
2011-02-01,28.93,29.47,28.65,29.15,1291700,29.15
2011-01-31,28.75,28.84,28.30,28.71,690300,28.71
2011-01-28,29.76,29.76,28.64,28.70,929500,28.70
2011-01-27,29.62,29.97,29.50,29.77,863900,29.77
2011-01-26,29.50,29.77,29.13,29.63,871500,29.63
2011-01-25,29.07,29.48,28.79,29.45,725800,29.45
2011-01-24,28.76,29.24,28.68,29.18,702000,29.18
2011-01-21,29.03,29.50,28.63,28.76,987300,28.76
2011-01-20,28.41,29.40,28.41,28.82,1063600,28.82
2011-01-19,28.25,28.79,28.06,28.53,1080700,28.53
2011-01-18,28.29,28.47,27.99,28.20,528700,28.20
2011-01-14,28.17,28.41,27.87,28.39,634700,28.39
2011-01-13,28.25,28.46,28.09,28.24,605800,28.24
2011-01-12,28.40,28.66,28.24,28.28,687800,28.28
2011-01-11,28.53,28.90,27.79,28.18,1210000,28.18
2011-01-10,27.55,28.40,27.48,28.35,980200,28.35
