Date,Open,High,Low,Close,Volume,Adj Close
2011-04-26,69.43,71.12,69.34,70.47,1523700,70.47
2011-04-25,69.55,69.87,68.78,69.28,1081900,69.28
2011-04-21,70.12,70.13,69.01,69.61,1245400,69.61
2011-04-20,69.28,70.49,68.70,69.67,1943800,69.67
2011-04-19,68.68,69.48,67.68,68.13,2271400,68.13
2011-04-18,68.98,69.37,67.68,68.25,2242200,68.25
2011-04-15,68.29,70.35,68.16,70.01,2674800,70.01
2011-04-14,68.37,68.70,67.62,68.03,1627900,68.03
2011-04-13,68.07,68.84,67.37,68.59,1856400,68.59
2011-04-12,68.80,69.44,67.16,67.93,3124700,67.93
2011-04-11,67.62,69.72,67.62,69.45,3362100,69.45
2011-04-08,68.61,69.23,67.37,67.46,3502600,67.46
2011-04-07,67.77,69.57,67.45,68.54,4284600,68.54
2011-04-06,66.72,68.20,65.67,67.59,7542900,67.59
2011-04-05,58.99,66.35,58.90,65.57,12866800,65.57
2011-04-04,59.53,59.65,58.13,59.17,1800500,59.17
2011-04-01,59.02,60.19,58.94,59.30,2318200,59.30
2011-03-31,57.52,59.15,57.50,58.70,2657400,58.70
2011-03-30,57.06,58.48,56.23,58.09,2704100,58.09
2011-03-29,55.39,56.93,55.03,56.71,1871100,56.71
2011-03-28,56.78,56.99,55.37,55.44,1867000,55.44
2011-03-25,56.24,56.98,56.00,56.77,2000700,56.77
2011-03-24,55.20,56.33,55.05,56.24,1641900,56.24
2011-03-23,54.54,55.20,53.37,55.05,1758500,55.05
2011-03-22,54.10,55.50,54.08,54.87,2157900,54.87
2011-03-21,53.81,54.52,53.34,54.32,2120000,54.32
2011-03-18,54.11,54.13,52.55,52.96,2337500,52.96
2011-03-17,54.61,54.61,53.19,53.29,1653600,53.29
2011-03-16,54.42,55.26,53.17,53.67,1989600,53.67
2011-03-15,53.60,55.12,53.32,54.76,1946000,54.76
2011-03-14,54.49,55.40,54.08,55.22,2149000,55.22
2011-03-11,53.63,55.40,52.85,55.08,2284200,55.08
2011-03-10,55.11,55.20,53.46,53.85,3682500,53.85
2011-03-09,57.20,57.28,54.84,55.69,5529400,55.69
2011-03-08,57.68,58.10,56.76,57.35,2691300,57.35
2011-03-07,58.84,58.92,56.43,57.03,2346100,57.03
2011-03-04,59.00,59.60,57.66,58.42,1881100,58.42
2011-03-03,59.12,59.88,57.63,59.12,2608400,59.12
2011-03-02,57.72,59.08,57.72,58.48,3248900,58.48
2011-03-01,57.73,58.98,57.37,57.93,5125500,57.93
2011-02-28,56.91,57.63,56.50,57.37,1874800,57.37
2011-02-25,56.43,57.18,55.77,56.81,1785300,56.81
2011-02-24,55.10,56.41,54.61,56.20,2389100,56.20
2011-02-23,56.05,56.65,54.57,55.01,3960200,55.01
2011-02-22,58.07,59.02,56.44,56.58,3001700,56.41
2011-02-18,58.55,59.55,58.02,59.05,1781800,58.87
2011-02-17,57.71,59.15,56.96,58.67,3459000,58.49
2011-02-16,55.48,57.62,55.33,57.46,7024200,57.28
2011-02-15,54.33,54.70,53.40,53.41,3462200,53.24
2011-02-14,55.18,55.50,54.04,54.50,2452300,54.33
2011-02-11,52.90,55.10,52.70,54.89,3208500,54.72
2011-02-10,51.78,53.20,51.57,53.03,1886600,52.87
2011-02-09,52.53,52.84,51.78,52.05,1630300,51.89
2011-02-08,51.94,52.52,51.41,52.47,1164200,52.31
2011-02-07,51.44,52.38,51.44,51.85,1935100,51.69
2011-02-04,49.91,51.76,49.62,51.43,2334100,51.27
2011-02-03,49.47,50.94,48.51,49.79,4745300,49.64
2011-02-02,50.70,50.94,49.02,49.13,2421400,48.98
2011-02-01,50.61,51.15,50.15,50.73,3185500,50.57
2011-01-31,48.61,50.47,48.40,50.41,3518900,50.25
2011-01-28,49.67,49.99,48.20,48.36,2359900,48.21
2011-01-27,48.99,50.10,48.71,49.73,2111100,49.58
2011-01-26,49.55,50.13,48.77,49.59,2130600,49.44
2011-01-25,50.30,50.50,48.44,49.28,3435800,49.13
2011-01-24,50.64,51.02,49.87,50.59,1634600,50.43
2011-01-21,51.57,51.76,50.60,50.68,1916200,50.52
2011-01-20,50.58,52.07,50.58,51.05,2218400,50.89
2011-01-19,51.37,52.03,50.74,50.87,2015100,50.71
2011-01-18,52.13,52.31,49.90,51.28,3655500,51.12
2011-01-14,52.59,52.80,51.45,51.55,2680900,51.39
2011-01-13,52.68,52.93,52.13,52.43,1631000,52.27
2011-01-12,53.41,53.64,52.59,52.69,1948500,52.53
2011-01-11,54.40,54.46,52.29,52.88,2651100,52.72
2011-01-10,53.35,54.48,52.85,54.24,1943500,54.07
