Date,Open,High,Low,Close,Volume,Adj Close
2011-04-26,52.44,52.90,52.38,52.74,1616200,52.74
2011-04-25,52.09,52.36,51.91,52.18,1029400,52.18
2011-04-21,52.20,52.37,52.05,52.18,1674100,52.18
2011-04-20,51.93,52.40,51.85,51.89,2603300,51.89
2011-04-19,51.66,51.78,51.26,51.40,1918100,51.40
2011-04-18,51.86,51.92,51.35,51.49,2584000,51.49
2011-04-15,52.26,52.76,51.88,52.47,1513000,52.47
2011-04-14,52.19,52.34,51.83,52.24,1433300,52.24
2011-04-13,52.49,52.66,52.29,52.51,1461500,52.51
2011-04-12,52.75,52.77,52.06,52.21,2086000,52.21
2011-04-11,53.31,53.50,52.76,53.37,1487700,53.37
2011-04-08,54.39,54.50,52.99,53.27,1957800,53.27
2011-04-07,53.52,54.58,53.38,54.17,2135800,54.17
2011-04-06,53.65,53.72,53.25,53.65,1397500,53.65
2011-04-05,53.57,54.01,53.33,53.44,1542400,53.44
2011-04-04,53.76,54.19,53.65,53.80,1849500,53.80
2011-04-01,53.20,53.99,53.20,53.76,1952500,53.76
2011-03-31,52.44,53.09,52.44,52.96,2691000,52.96
2011-03-30,52.76,53.17,52.44,52.54,2304200,52.54
2011-03-29,52.15,52.57,52.01,52.55,1682800,52.55
2011-03-28,52.30,52.68,52.20,52.41,1928000,52.41
2011-03-25,52.15,52.63,51.98,52.27,995400,52.27
2011-03-24,51.87,52.13,51.60,52.13,1173000,52.13
2011-03-23,51.49,51.77,50.98,51.50,1346200,51.50
2011-03-22,52.28,52.28,51.59,51.63,1268900,51.63
2011-03-21,52.22,52.40,51.92,52.20,1436600,52.20
2011-03-18,52.40,52.49,51.83,51.97,2339100,51.97
2011-03-17,52.11,52.13,51.50,51.81,1806900,51.81
2011-03-16,52.01,52.38,51.14,51.42,3192700,51.42
2011-03-15,51.16,52.77,51.06,52.37,4672400,52.37
2011-03-14,51.23,52.07,51.02,51.95,4235100,51.95
2011-03-11,50.46,52.08,49.93,51.25,4201300,51.25
2011-03-10,50.99,50.99,49.36,49.91,4198400,49.91
2011-03-09,51.28,51.58,50.97,51.21,1264300,51.21
2011-03-08,51.40,51.91,51.17,51.64,1408500,51.64
2011-03-07,51.56,51.90,51.05,51.17,1576300,51.17
2011-03-04,51.81,51.97,51.00,51.46,1891000,51.46
2011-03-03,51.49,52.06,51.39,51.94,2251400,51.94
2011-03-02,51.84,51.93,50.99,51.02,3019100,51.02
2011-03-01,52.84,52.94,51.73,51.89,2562300,51.89
2011-02-28,52.49,53.00,52.24,52.64,2521700,52.64
2011-02-25,52.21,52.55,51.88,52.49,2499600,52.49
2011-02-24,52.02,52.38,51.68,51.92,2591100,51.92
2011-02-23,51.79,52.46,51.61,51.97,3089600,51.97
2011-02-22,52.29,53.05,52.10,52.24,3238000,52.24
2011-02-18,51.94,52.99,51.55,52.93,2493100,52.93
2011-02-17,50.98,51.99,50.75,51.92,1843100,51.92
2011-02-16,51.35,52.07,51.32,51.80,2223300,51.80
2011-02-15,50.54,51.99,50.46,51.32,3709600,51.32
2011-02-14,49.75,50.93,49.58,50.87,3570900,50.87
2011-02-11,49.31,50.04,49.31,49.89,2021600,49.89
2011-02-10,48.98,49.78,48.84,49.60,2379300,49.60
2011-02-09,49.07,49.27,48.91,49.22,1677400,49.22
2011-02-08,48.87,49.30,48.87,49.19,2578600,49.19
2011-02-07,47.82,48.74,47.80,48.70,2528500,48.70
2011-02-04,46.86,48.25,46.52,48.16,5210100,48.16
2011-02-03,46.33,46.57,45.98,46.16,1764500,46.16
2011-02-02,46.23,46.60,46.14,46.37,1702500,46.37
2011-02-01,45.89,46.31,45.59,46.26,2108000,46.26
2011-01-31,45.34,45.74,45.11,45.74,1563700,45.74
2011-01-28,45.85,46.09,45.31,45.32,1869000,45.32
2011-01-27,45.71,45.97,45.47,45.91,1328000,45.76
2011-01-26,45.62,45.92,45.55,45.77,1905000,45.62
2011-01-25,44.96,45.69,44.86,45.56,1913800,45.41
2011-01-24,45.22,45.31,44.72,45.01,1896000,44.86
2011-01-21,45.38,45.45,44.92,45.32,1562100,45.17
2011-01-20,44.46,45.13,44.46,45.07,2253700,44.92
2011-01-19,44.86,44.96,44.47,44.57,1306400,44.42
2011-01-18,44.67,45.05,44.55,44.89,1786100,44.74
2011-01-14,43.70,44.75,43.70,44.70,2404400,44.55
2011-01-13,43.86,43.97,43.31,43.83,2393700,43.69
2011-01-12,44.15,44.42,43.69,43.90,2827000,43.76
2011-01-11,44.20,44.21,43.82,43.95,1992200,43.81
2011-01-10,44.13,44.25,43.77,44.01,2699600,43.87
