Date,Open,High,Low,Close,Volume,Adj Close
2011-03-29,19.22,19.54,19.06,19.53,1201300,19.53
2011-03-28,19.23,19.56,19.13,19.20,1796400,19.20
2011-03-25,18.95,19.59,18.73,19.22,1470200,19.22
2011-03-24,18.47,18.98,18.35,18.87,933800,18.87
2011-03-23,18.51,18.58,18.08,18.26,1379400,18.26
2011-03-22,18.77,18.95,18.48,18.53,1681800,18.53
2011-03-21,18.22,18.90,18.11,18.76,1939300,18.76
2011-03-18,17.36,18.02,17.29,17.85,2425600,17.85
2011-03-17,17.58,17.76,17.04,17.09,1535500,17.09
2011-03-16,17.44,17.59,17.05,17.22,2678700,17.22
2011-03-15,16.71,17.65,16.43,17.49,1682800,17.49
2011-03-14,17.45,17.90,17.10,17.42,1173500,17.42
2011-03-11,17.71,17.93,17.50,17.85,1106700,17.85
2011-03-10,17.91,18.13,17.58,17.85,1696100,17.85
2011-03-09,18.09,18.47,17.96,18.32,1878700,18.32
2011-03-08,17.47,18.31,17.30,18.20,1812000,18.20
2011-03-07,17.92,17.99,17.10,17.50,1569200,17.50
2011-03-04,18.06,18.20,17.59,17.89,2033700,17.89
2011-03-03,17.70,18.03,17.60,18.03,1719900,18.03
2011-03-02,17.13,17.58,17.00,17.44,2290200,17.44
2011-03-01,18.03,18.14,17.00,17.10,2339700,17.10
2011-02-28,18.29,18.50,17.47,17.92,1717800,17.92
2011-02-25,17.91,18.23,17.88,18.15,1110400,18.15
2011-02-24,17.52,18.54,17.35,17.76,2846700,17.76
2011-02-23,18.14,18.27,16.86,17.52,5442900,17.52
2011-02-22,18.61,18.80,18.08,18.20,2138600,18.20
2011-02-18,18.93,19.20,18.78,18.92,1594900,18.92
2011-02-17,19.13,19.21,18.62,18.87,2823200,18.87
2011-02-16,19.63,19.75,18.98,19.21,2273700,19.21
2011-02-15,19.76,19.95,19.37,19.52,2747600,19.52
2011-02-14,19.90,20.04,19.73,19.91,2015100,19.91
2011-02-11,19.44,20.15,19.38,19.85,3611000,19.85
2011-02-10,19.37,19.65,19.30,19.53,1937500,19.53
2011-02-09,19.76,20.02,19.37,19.55,2721300,19.55
2011-02-08,19.23,19.63,19.11,19.53,1815300,19.53
2011-02-07,19.40,20.10,19.18,19.26,2905900,19.26
2011-02-04,19.21,19.46,18.96,19.32,2727400,19.32
2011-02-03,18.19,19.51,18.14,19.27,7155000,19.27
2011-02-02,19.98,20.00,18.15,18.28,9633600,18.28
2011-02-01,21.77,22.39,20.05,20.12,7736700,20.12
2011-01-31,21.43,22.13,21.37,21.86,1771600,21.86
2011-01-28,22.51,22.51,21.25,21.32,2121900,21.32
2011-01-27,22.03,22.65,21.82,22.62,2877600,22.62
2011-01-26,21.16,22.11,21.16,22.07,1822100,22.07
2011-01-25,20.95,21.24,20.71,21.18,1993100,21.18
2011-01-24,20.34,21.10,20.15,21.07,1986000,21.07
2011-01-21,20.87,21.16,20.27,20.41,1301200,20.41
2011-01-20,20.65,21.02,20.25,20.68,2080800,20.68
2011-01-19,22.17,22.18,20.69,20.90,2343600,20.90
2011-01-18,22.02,22.18,21.80,22.18,1645000,22.18
2011-01-14,21.89,22.15,21.86,22.06,1683200,22.06
2011-01-13,22.14,22.14,21.61,21.99,1343000,21.99
2011-01-12,22.29,22.42,21.96,22.09,1562900,22.09
2011-01-11,22.15,22.38,21.88,21.99,1741700,21.99
2011-01-10,21.15,22.23,20.94,21.83,3541400,21.83
