Date,Open,High,Low,Close,Volume,Adj Close
2011-04-26,1.28,1.49,1.27,1.43,6641000,1.43
2011-04-25,1.25,1.28,1.24,1.27,1748900,1.27
2011-04-21,1.23,1.26,1.22,1.24,2114100,1.24
2011-04-20,1.25,1.27,1.21,1.23,3824500,1.23
2011-04-19,1.26,1.28,1.25,1.25,1246800,1.25
2011-04-18,1.28,1.29,1.24,1.28,4004600,1.28
2011-04-15,1.28,1.31,1.26,1.29,4026600,1.29
2011-04-14,1.28,1.30,1.26,1.28,2761900,1.28
2011-04-13,1.35,1.35,1.28,1.29,3384800,1.29
2011-04-12,1.33,1.34,1.32,1.34,1313800,1.34
2011-04-11,1.38,1.39,1.32,1.32,1578300,1.32
2011-04-08,1.37,1.38,1.34,1.36,1605700,1.36
2011-04-07,1.35,1.36,1.33,1.34,1951300,1.34
2011-04-06,1.35,1.36,1.32,1.36,1931300,1.36
2011-04-05,1.36,1.37,1.33,1.33,1530600,1.33
2011-04-04,1.39,1.41,1.33,1.35,4873000,1.35
2011-04-01,1.39,1.39,1.37,1.38,1245800,1.38
2011-03-31,1.40,1.41,1.37,1.39,1663900,1.39
2011-03-30,1.43,1.44,1.39,1.41,1554100,1.41
2011-03-29,1.44,1.47,1.43,1.44,1113300,1.44
2011-03-28,1.45,1.52,1.44,1.46,1295700,1.46
2011-03-25,1.42,1.49,1.39,1.45,1957200,1.45
2011-03-24,1.42,1.43,1.40,1.41,928700,1.41
2011-03-23,1.45,1.45,1.40,1.42,1083600,1.42
2011-03-22,1.47,1.47,1.42,1.42,1061200,1.42
2011-03-21,1.50,1.50,1.46,1.47,789500,1.47
2011-03-18,1.50,1.50,1.47,1.50,1401300,1.50
2011-03-17,1.47,1.48,1.42,1.48,1485000,1.48
2011-03-16,1.47,1.49,1.45,1.46,1665100,1.46
2011-03-15,1.45,1.49,1.41,1.49,2281500,1.49
2011-03-14,1.50,1.50,1.47,1.49,1055500,1.49
2011-03-11,1.52,1.53,1.48,1.51,1520000,1.51
2011-03-10,1.52,1.55,1.48,1.52,1720700,1.52
2011-03-09,1.47,1.51,1.47,1.50,998500,1.50
2011-03-08,1.51,1.53,1.47,1.49,1225900,1.49
2011-03-07,1.58,1.60,1.46,1.52,2318300,1.52
2011-03-04,1.61,1.63,1.57,1.58,1031200,1.58
2011-03-03,1.62,1.64,1.59,1.61,1242900,1.61
2011-03-02,1.56,1.64,1.56,1.62,1040300,1.62
2011-03-01,1.62,1.62,1.55,1.59,1956000,1.59
2011-02-28,1.62,1.66,1.60,1.62,1312600,1.62
2011-02-25,1.65,1.65,1.61,1.62,1788100,1.62
2011-02-24,1.61,1.65,1.61,1.63,1510600,1.63
2011-02-23,1.61,1.65,1.60,1.60,2492000,1.60
2011-02-22,1.65,1.67,1.60,1.60,6483800,1.60
2011-02-18,1.68,1.68,1.66,1.67,1363600,1.67
2011-02-17,1.66,1.68,1.65,1.67,1166200,1.67
2011-02-16,1.65,1.68,1.63,1.65,1671000,1.65
2011-02-15,1.62,1.66,1.56,1.65,2617100,1.65
2011-02-14,1.66,1.69,1.60,1.61,1906400,1.61
2011-02-11,1.65,1.69,1.65,1.67,1791400,1.67
2011-02-10,1.67,1.68,1.65,1.66,1042900,1.66
2011-02-09,1.68,1.69,1.66,1.67,1713600,1.67
2011-02-08,1.68,1.70,1.65,1.68,1605200,1.68
2011-02-07,1.65,1.72,1.65,1.67,2572100,1.67
2011-02-04,1.65,1.67,1.62,1.65,1681000,1.65
2011-02-03,1.61,1.69,1.60,1.64,2622000,1.64
2011-02-02,1.66,1.72,1.60,1.61,3117300,1.61
2011-02-01,1.60,1.72,1.56,1.68,7569500,1.68
2011-01-31,1.64,1.64,1.55,1.58,5892800,1.58
2011-01-28,1.75,1.80,1.61,1.63,10320400,1.63
2011-01-27,2.03,2.03,1.96,2.00,1788100,2.00
2011-01-26,1.98,2.03,1.93,2.03,3287000,2.03
2011-01-25,1.99,2.03,1.95,1.98,2533000,1.98
2011-01-24,1.90,2.02,1.83,1.99,4777000,1.99
2011-01-21,2.04,2.05,1.90,1.90,3794300,1.90
2011-01-20,2.01,2.05,1.95,1.97,3487700,1.97
2011-01-19,2.13,2.14,2.02,2.03,3468900,2.03
2011-01-18,2.08,2.16,2.07,2.12,4095100,2.12
2011-01-14,2.06,2.10,2.05,2.08,1906900,2.08
2011-01-13,2.13,2.18,2.05,2.05,4332800,2.05
2011-01-12,2.07,2.16,2.05,2.09,3716500,2.09
2011-01-11,2.11,2.17,2.00,2.06,4872200,2.06
2011-01-10,2.18,2.22,2.08,2.12,4868800,2.12
