Date,Open,High,Low,Close,Volume,Adj Close
2011-04-26,25.63,25.77,25.13,25.45,1608600,25.45
2011-04-25,25.94,26.00,25.53,25.60,979200,25.60
2011-04-21,26.28,26.28,25.78,25.90,977800,25.90
2011-04-20,25.86,26.30,25.77,26.26,1766300,26.26
2011-04-19,26.07,26.15,25.60,25.68,1331600,25.68
2011-04-18,25.85,26.10,25.64,26.00,1816900,26.00
2011-04-15,25.78,26.21,25.67,26.03,1542500,26.03
2011-04-14,25.87,26.07,25.64,25.81,1088300,25.81
2011-04-13,26.18,26.22,25.98,25.98,2251900,25.98
2011-04-12,25.58,26.20,25.56,26.10,1861400,26.10
2011-04-11,25.69,25.89,25.52,25.59,956900,25.59
2011-04-08,25.87,25.92,25.48,25.62,1336600,25.62
2011-04-07,25.95,26.09,25.49,25.71,2042200,25.71
2011-04-06,25.40,25.96,25.37,25.91,2394300,25.91
2011-04-05,24.47,25.42,24.43,25.03,1562500,25.03
2011-04-04,24.59,24.82,24.32,24.48,786600,24.48
2011-04-01,24.54,24.61,24.20,24.53,1868400,24.53
2011-03-31,24.74,24.80,24.22,24.32,1495800,24.32
2011-03-30,24.25,24.87,24.18,24.79,1680600,24.79
2011-03-29,23.88,24.20,23.82,24.17,1827800,24.17
2011-03-28,24.23,24.49,23.83,23.90,2060500,23.90
2011-03-25,24.17,24.31,23.98,24.23,2943000,24.23
2011-03-24,24.15,24.30,24.11,24.19,2900000,24.19
2011-03-23,24.01,24.35,23.87,24.14,2022700,24.14
2011-03-22,23.96,24.24,23.92,24.00,1318800,24.00
2011-03-21,24.03,24.11,23.78,23.99,1660600,23.99
2011-03-18,23.74,23.99,23.45,23.90,3834400,23.90
2011-03-17,24.07,24.07,23.52,23.61,2317600,23.61
2011-03-16,23.78,24.30,23.75,23.84,2432400,23.84
2011-03-15,23.11,24.02,22.91,23.86,3072100,23.86
2011-03-14,22.54,23.57,22.47,23.50,3387300,23.50
2011-03-11,22.58,23.31,22.32,23.05,9367800,23.05
2011-03-10,24.78,25.45,24.58,24.63,4756600,24.63
2011-03-09,24.64,25.24,24.60,24.92,1866200,24.92
2011-03-08,25.02,25.02,24.40,24.64,3405200,24.64
2011-03-07,25.77,25.85,24.78,25.13,2241700,25.13
2011-03-04,25.94,25.99,25.43,25.57,1771600,25.57
2011-03-03,26.11,26.25,25.67,25.86,1755400,25.86
2011-03-02,25.54,26.08,25.44,25.98,1353200,25.98
2011-03-01,26.12,26.18,25.47,25.56,1332200,25.56
2011-02-28,26.31,26.35,25.81,25.94,1496200,25.94
2011-02-25,25.68,26.28,25.67,26.26,1343300,26.26
2011-02-24,25.25,25.89,25.25,25.56,1269600,25.56
2011-02-23,25.95,26.00,25.02,25.31,1790800,25.31
2011-02-22,26.43,26.75,25.87,26.04,1500600,26.04
2011-02-18,26.55,26.73,26.34,26.64,997700,26.64
2011-02-17,26.27,26.83,26.25,26.53,1120600,26.53
2011-02-16,26.15,26.71,26.15,26.40,1388500,26.40
2011-02-15,26.00,26.52,25.96,25.99,1672200,25.99
2011-02-14,25.81,26.07,25.46,26.04,1720800,26.04
2011-02-11,25.61,26.44,25.50,25.81,1965700,25.81
2011-02-10,25.41,25.85,24.92,25.76,3018200,25.76
2011-02-09,25.43,25.73,25.34,25.46,1989600,25.46
2011-02-08,24.80,25.45,24.80,25.39,2139500,25.39
2011-02-07,24.73,25.08,24.56,24.87,2463700,24.87
2011-02-04,24.37,24.75,24.29,24.63,2481500,24.63
2011-02-03,24.53,25.03,24.02,24.21,3619000,24.21
2011-02-02,24.05,24.16,23.57,23.92,3385800,23.92
2011-02-01,24.23,24.58,23.96,23.99,3293500,23.99
2011-01-31,24.43,24.45,24.04,24.12,2309000,24.12
2011-01-28,24.53,24.59,24.10,24.34,1718400,24.34
2011-01-27,24.33,24.60,24.05,24.48,2322800,24.48
2011-01-26,24.49,24.58,24.03,24.27,2168900,24.27
2011-01-25,25.32,25.35,24.13,24.43,3990100,24.43
2011-01-24,25.70,25.76,25.02,25.19,2033400,25.19
2011-01-21,25.72,25.89,25.33,25.40,1714300,25.40
2011-01-20,25.27,25.99,25.27,25.62,2088100,25.62
2011-01-19,25.63,25.81,25.35,25.42,2710500,25.42
2011-01-18,25.28,25.65,25.03,25.62,1970200,25.62
2011-01-14,25.17,25.32,24.92,25.30,2101200,25.30
2011-01-13,25.66,25.69,25.09,25.13,2237200,25.13
2011-01-12,25.25,25.85,25.23,25.45,2130900,25.45
2011-01-11,25.35,25.41,24.93,25.02,1840900,25.02
2011-01-10,24.72,25.35,24.57,25.21,1996000,25.21
