Date,Open,High,Low,Close,Volume,Adj Close
2011-04-26,14.45,14.45,14.08,14.39,2619300,14.39
2011-04-25,14.70,14.80,14.35,14.37,1394800,14.37
2011-04-21,14.68,14.70,14.46,14.66,594100,14.66
2011-04-20,14.61,14.64,14.38,14.61,902300,14.61
2011-04-19,14.65,14.73,14.40,14.44,662000,14.44
2011-04-18,14.61,14.80,14.54,14.58,1487300,14.58
2011-04-15,14.86,15.04,14.73,14.81,1242900,14.81
2011-04-14,14.40,14.84,14.34,14.83,1853000,14.83
2011-04-13,14.74,14.75,14.39,14.42,1034500,14.42
2011-04-12,14.61,14.82,14.61,14.65,860600,14.65
2011-04-11,14.69,14.81,14.57,14.64,725000,14.64
2011-04-08,14.78,14.85,14.57,14.68,990300,14.68
2011-04-07,14.87,14.99,14.70,14.70,1567400,14.70
2011-04-06,14.70,14.88,14.66,14.84,1492500,14.84
2011-04-05,14.83,14.90,14.62,14.63,1300900,14.63
2011-04-04,15.02,15.16,14.81,14.88,1013700,14.88
2011-04-01,14.91,15.13,14.89,15.02,1228000,15.02
2011-03-31,14.79,14.91,14.67,14.85,2670900,14.85
2011-03-30,14.68,14.71,14.61,14.62,1268500,14.62
2011-03-29,14.53,14.74,14.47,14.62,930400,14.62
2011-03-28,14.75,14.80,14.52,14.56,647600,14.56
2011-03-25,14.60,14.87,14.56,14.74,1931800,14.74
2011-03-24,14.69,14.70,14.39,14.56,981400,14.56
2011-03-23,14.69,14.69,14.34,14.63,1065800,14.63
2011-03-22,14.99,15.05,14.65,14.76,1570000,14.76
2011-03-21,14.69,15.00,14.66,14.98,1885400,14.98
2011-03-18,14.41,14.54,14.24,14.53,1795800,14.53
2011-03-17,14.28,14.28,14.09,14.23,997900,14.23
2011-03-16,14.37,14.40,14.04,14.06,1239800,14.06
2011-03-15,14.30,14.58,14.30,14.37,1516600,14.37
2011-03-14,14.61,14.75,14.53,14.70,1209400,14.70
2011-03-11,14.59,14.75,14.50,14.72,803000,14.72
2011-03-10,14.60,14.70,14.47,14.60,1750800,14.60
2011-03-09,14.57,14.77,14.51,14.76,1061300,14.76
2011-03-08,14.24,14.83,14.23,14.64,1423400,14.64
2011-03-07,14.34,14.43,14.11,14.15,872800,14.15
2011-03-04,14.59,14.59,14.12,14.26,1086600,14.26
2011-03-03,14.52,14.68,14.50,14.60,918100,14.60
2011-03-02,14.38,14.53,14.24,14.36,1304600,14.36
2011-03-01,14.50,14.51,14.14,14.39,1246800,14.39
2011-02-28,14.41,14.70,14.41,14.47,621300,14.47
2011-02-25,14.16,14.37,14.11,14.37,823900,14.37
2011-02-24,14.39,14.47,14.03,14.08,1251500,14.08
2011-02-23,14.65,14.79,14.31,14.39,901600,14.39
2011-02-22,14.71,14.85,14.53,14.61,922600,14.61
2011-02-18,14.89,14.94,14.79,14.92,634600,14.92
2011-02-17,14.80,14.95,14.72,14.88,670000,14.88
2011-02-16,14.87,15.04,14.84,14.88,897000,14.88
2011-02-15,14.74,14.97,14.72,14.80,592600,14.80
2011-02-14,14.58,14.82,14.54,14.81,802000,14.81
2011-02-11,14.42,14.89,14.40,14.85,838600,14.85
2011-02-10,14.47,14.73,14.43,14.52,1172300,14.52
2011-02-09,14.54,14.70,14.46,14.59,1192600,14.59
2011-02-08,14.44,14.61,14.39,14.56,606600,14.56
2011-02-07,14.27,14.53,14.25,14.48,816900,14.48
2011-02-04,14.19,14.32,14.11,14.25,1027000,14.25
2011-02-03,14.06,14.22,14.01,14.18,686700,14.18
2011-02-02,14.25,14.26,14.02,14.06,1086500,14.05
2011-02-01,14.13,14.29,14.06,14.20,1231700,14.19
2011-01-31,13.91,14.16,13.76,13.98,1101100,13.97
2011-01-28,14.19,14.25,13.83,13.83,1060600,13.82
2011-01-27,14.02,14.22,13.83,14.15,1498500,14.14
2011-01-26,14.34,14.53,13.99,14.02,1332300,14.01
2011-01-25,14.08,14.29,14.01,14.26,1316800,14.25
2011-01-24,14.59,14.62,14.19,14.21,1858100,14.20
2011-01-21,14.55,14.86,14.41,14.60,3667800,14.59
2011-01-20,14.63,15.06,14.63,14.77,1861000,14.76
2011-01-19,15.16,15.20,14.90,14.92,1199300,14.91
2011-01-18,14.99,15.28,14.83,15.22,2087300,15.21
2011-01-14,14.66,15.05,14.62,15.04,2338800,15.03
2011-01-13,14.72,14.85,14.61,14.67,865900,14.66
2011-01-12,14.65,14.79,14.55,14.75,1358000,14.74
2011-01-11,14.62,14.75,14.42,14.51,1050400,14.50
2011-01-10,14.34,14.63,14.18,14.52,2081000,14.51
