Date,Open,High,Low,Close,Volume,Adj Close
2011-04-26,19.38,19.63,19.16,19.40,889800,19.40
2011-04-25,19.27,19.65,19.21,19.35,299100,19.35
2011-04-21,19.30,19.70,19.05,19.08,595800,19.08
2011-04-20,18.54,19.38,18.32,19.19,1250100,19.19
2011-04-19,18.53,18.61,18.18,18.25,556800,18.25
2011-04-18,18.75,18.81,18.24,18.56,596900,18.56
2011-04-15,19.40,19.42,18.57,18.98,961400,18.98
2011-04-14,19.59,19.92,19.12,19.42,1047700,19.42
2011-04-13,20.09,20.27,19.53,19.66,767500,19.66
2011-04-12,20.64,20.64,19.81,19.85,1007400,19.85
2011-04-11,21.30,21.50,20.63,20.65,544900,20.65
2011-04-08,21.67,21.98,21.30,21.38,231100,21.38
2011-04-07,22.15,22.30,21.65,21.65,335700,21.65
2011-04-06,22.31,22.60,21.95,22.03,516300,22.03
2011-04-05,22.09,22.25,21.81,22.00,356100,22.00
2011-04-04,22.66,22.91,22.17,22.24,640800,22.24
2011-04-01,21.65,22.73,21.58,22.65,1322600,22.65
2011-03-31,20.45,21.72,20.36,21.65,1056500,21.65
2011-03-30,20.71,20.77,20.36,20.49,814200,20.49
2011-03-29,20.41,20.63,20.32,20.54,542400,20.54
2011-03-28,20.45,20.53,20.34,20.40,289400,20.40
2011-03-25,20.08,20.54,20.00,20.45,531400,20.45
2011-03-24,20.13,20.23,19.88,20.01,356500,20.01
2011-03-23,20.10,20.24,19.89,20.10,229600,20.10
2011-03-22,20.09,20.19,19.96,20.07,408500,20.07
2011-03-21,20.35,20.40,19.97,20.00,1045800,20.00
2011-03-18,20.83,20.93,19.68,20.00,991000,20.00
2011-03-17,21.00,21.00,20.29,20.76,1197900,20.76
2011-03-16,20.23,21.17,19.97,20.86,1027900,20.86
2011-03-15,19.62,20.51,19.27,20.27,554800,20.27
2011-03-14,20.10,20.49,19.97,20.22,566000,20.22
2011-03-11,20.27,21.00,19.96,20.20,658300,20.20
2011-03-10,20.07,21.18,20.07,20.73,786200,20.73
2011-03-09,20.34,20.96,20.32,20.81,509400,20.81
2011-03-08,20.60,20.97,20.41,20.74,496000,20.74
2011-03-07,20.41,20.73,20.14,20.46,559400,20.46
2011-03-04,20.34,20.57,19.97,20.24,667600,20.24
2011-03-03,19.95,20.43,19.91,20.28,345200,20.28
2011-03-02,19.80,20.18,19.43,19.56,958800,19.56
2011-03-01,20.45,20.49,19.82,19.92,478100,19.92
2011-02-28,20.00,20.40,19.85,20.35,663600,20.35
2011-02-25,19.70,20.09,19.62,19.89,471500,19.89
2011-02-24,18.81,19.72,18.78,19.60,1021300,19.60
2011-02-23,19.57,19.66,18.81,18.83,775100,18.83
2011-02-22,20.32,20.48,19.53,19.58,932200,19.58
2011-02-18,20.80,21.00,20.69,20.79,464100,20.79
2011-02-17,20.94,21.20,20.83,20.90,474400,20.90
2011-02-16,20.94,21.13,20.72,21.00,537600,21.00
2011-02-15,20.66,21.00,20.27,20.86,393700,20.86
2011-02-14,20.86,21.25,20.65,21.10,585000,21.10
2011-02-11,20.86,21.34,20.53,21.08,416700,21.08
2011-02-10,20.53,21.23,20.34,20.97,826000,20.97
2011-02-09,20.50,20.75,20.38,20.63,351000,20.63
2011-02-08,20.77,20.86,20.32,20.64,310100,20.64
2011-02-07,20.70,20.91,20.60,20.81,426000,20.81
2011-02-04,20.95,21.03,20.63,20.77,486000,20.77
2011-02-03,21.26,21.26,20.84,20.99,568400,20.99
2011-02-02,21.25,21.92,21.09,21.38,1136800,21.38
2011-02-01,21.35,21.75,20.83,21.37,1348700,21.37
2011-01-31,19.25,21.50,19.25,21.46,3407600,21.46
2011-01-28,18.25,18.85,18.05,18.41,1622600,18.41
2011-01-27,17.55,18.26,17.51,18.19,641600,18.19
2011-01-26,17.86,17.97,17.47,17.51,565400,17.51
2011-01-25,17.97,18.10,17.78,17.87,347400,17.87
2011-01-24,18.12,18.27,17.57,17.97,770100,17.97
2011-01-21,18.07,18.29,17.86,18.09,679900,18.09
2011-01-20,18.00,18.18,17.58,18.00,1062600,18.00
2011-01-19,19.23,19.25,17.98,18.18,1637400,18.18
2011-01-18,19.28,19.45,19.09,19.26,595300,19.26
2011-01-14,19.19,19.36,19.00,19.29,760800,19.29
2011-01-13,19.26,19.63,19.26,19.34,744100,19.34
2011-01-12,19.72,19.72,19.37,19.40,857100,19.40
2011-01-11,19.25,19.78,19.25,19.58,1559700,19.58
2011-01-10,19.25,19.45,19.06,19.44,521600,19.44
