Date,Open,High,Low,Close,Volume,Adj Close
2011-04-26,41.89,43.28,41.83,43.11,1337600,43.11
2011-04-25,41.53,41.96,41.38,41.63,776600,41.63
2011-04-21,41.96,41.97,41.49,41.59,508600,41.59
2011-04-20,41.66,42.03,41.55,41.70,532000,41.70
2011-04-19,41.04,41.46,41.02,41.10,737800,41.10
2011-04-18,41.29,41.31,40.85,41.02,512900,41.02
2011-04-15,41.27,41.92,41.11,41.85,697200,41.85
2011-04-14,40.94,41.24,40.50,41.14,527200,41.14
2011-04-13,41.56,41.65,40.91,41.12,658400,41.12
2011-04-12,41.64,41.76,41.16,41.30,649200,41.30
2011-04-11,42.11,42.30,41.81,41.94,480500,41.94
2011-04-08,42.70,42.82,41.65,42.05,558900,42.05
2011-04-07,42.53,42.79,42.20,42.51,390900,42.51
2011-04-06,42.68,42.73,42.35,42.61,341200,42.61
2011-04-05,42.12,42.53,41.65,42.48,585100,42.48
2011-04-04,42.21,42.23,41.81,42.16,485400,42.16
2011-04-01,42.32,42.60,42.01,42.09,611100,42.09
2011-03-31,41.93,42.18,41.66,41.96,824400,41.96
2011-03-30,41.29,42.24,41.13,42.12,1095200,42.12
2011-03-29,40.91,41.09,40.56,41.03,1107300,41.03
2011-03-28,41.31,41.43,40.92,40.96,547100,40.96
2011-03-25,41.21,41.43,40.94,41.20,881800,41.20
2011-03-24,41.56,41.75,41.09,41.20,1395000,41.20
2011-03-23,41.32,41.50,40.78,41.32,434000,41.32
2011-03-22,41.63,41.77,41.45,41.47,353100,41.47
2011-03-21,41.64,41.83,41.52,41.72,637800,41.72
2011-03-18,40.89,41.38,40.78,41.10,1351700,41.10
2011-03-17,40.82,40.99,40.13,40.17,914900,40.17
2011-03-16,40.87,40.99,39.81,40.07,1218900,40.07
2011-03-15,40.49,41.19,40.30,40.99,1123500,40.99
2011-03-14,41.21,41.78,41.11,41.69,1030200,41.69
2011-03-11,40.64,41.82,40.64,41.58,864200,41.58
2011-03-10,41.11,41.20,40.47,40.78,977400,40.78
2011-03-09,41.43,41.66,41.03,41.55,889600,41.55
2011-03-08,41.23,41.76,40.72,41.49,1225500,41.49
2011-03-07,41.70,41.85,40.92,41.21,1393600,41.21
2011-03-04,41.70,41.94,41.30,41.50,1516800,41.50
2011-03-03,40.91,41.85,40.91,41.71,1227000,41.71
2011-03-02,39.73,40.69,39.60,40.52,1432900,40.52
2011-03-01,40.05,40.82,39.44,39.78,1391800,39.78
2011-02-28,39.42,39.93,39.31,39.92,1044800,39.92
2011-02-25,39.23,39.51,39.20,39.36,576800,39.11
2011-02-24,39.31,39.81,38.83,39.12,1003000,38.87
2011-02-23,40.00,40.18,38.99,39.23,822600,38.98
2011-02-22,40.70,40.80,39.80,39.97,1006900,39.72
2011-02-18,41.10,41.17,40.70,41.10,832300,40.84
2011-02-17,40.91,41.20,40.66,41.08,419900,40.82
2011-02-16,40.73,40.99,40.59,40.95,621600,40.69
2011-02-15,40.18,40.66,40.14,40.51,830300,40.25
2011-02-14,40.33,40.50,40.02,40.41,625900,40.15
2011-02-11,39.57,40.36,39.53,40.28,803100,40.02
2011-02-10,39.77,39.96,39.49,39.76,1019200,39.51
2011-02-09,40.00,40.23,39.51,40.10,1999900,39.85
2011-02-08,39.19,39.58,39.15,39.39,788900,39.14
2011-02-07,38.98,39.44,38.94,39.20,1070400,38.95
2011-02-04,39.16,39.32,38.39,38.78,1392700,38.53
2011-02-03,41.21,41.37,38.81,39.15,2877000,38.90
2011-02-02,41.68,42.71,40.90,41.11,1972900,40.85
2011-02-01,42.37,42.74,41.75,41.80,1308400,41.53
2011-01-31,41.57,42.19,41.47,42.09,647900,41.82
2011-01-28,42.21,42.50,41.22,41.39,916300,41.13
2011-01-27,42.35,42.39,41.93,42.13,613800,41.86
2011-01-26,42.19,42.55,41.88,42.33,408700,42.06
2011-01-25,41.76,42.01,41.47,42.01,377400,41.74
2011-01-24,41.50,41.91,41.35,41.88,579500,41.61
2011-01-21,41.58,41.74,41.24,41.49,750000,41.23
2011-01-20,41.48,41.71,41.24,41.41,536900,41.15
2011-01-19,42.28,42.40,41.38,41.57,627400,41.31
2011-01-18,42.15,42.46,42.12,42.40,661500,42.13
2011-01-14,41.55,42.29,41.37,42.09,838400,41.82
2011-01-13,41.72,41.84,41.37,41.51,579100,41.25
2011-01-12,41.46,41.92,41.20,41.83,717700,41.56
2011-01-11,41.26,41.35,40.70,41.06,642000,40.80
2011-01-10,40.73,41.08,40.34,40.99,594000,40.73
