Date,Open,High,Low,Close,Volume,Adj Close
2011-02-25,25.25,25.35,24.94,24.99,8282100,24.99
2011-02-24,25.09,25.43,24.90,25.18,3517400,25.18
2011-02-23,25.18,25.40,25.08,25.12,1987200,25.12
2011-02-22,24.90,25.46,24.83,25.18,2055800,25.18
2011-02-18,25.22,25.24,24.92,25.01,1254700,25.01
2011-02-17,25.33,25.37,25.07,25.23,1320400,25.23
2011-02-16,25.63,25.83,25.10,25.34,2149000,25.34
2011-02-15,25.68,26.01,25.58,25.87,1122300,25.87
2011-02-14,26.19,26.30,25.61,25.72,1063000,25.72
2011-02-11,26.42,26.55,26.08,26.20,851000,26.20
2011-02-10,26.32,26.59,26.18,26.59,2220600,26.59
2011-02-09,26.25,26.37,26.14,26.37,2837900,26.37
2011-02-08,26.33,26.42,26.22,26.35,927700,26.35
2011-02-07,26.23,26.39,26.12,26.35,1501900,26.35
2011-02-04,26.62,26.64,26.03,26.14,1045200,26.14
2011-02-03,26.81,26.84,26.11,26.46,5277700,26.46
2011-02-02,26.20,26.95,26.14,26.86,2362000,26.86
2011-02-01,25.91,26.30,25.83,26.24,1027100,26.24
2011-01-31,25.61,25.91,25.60,25.78,1115900,25.78
2011-01-28,26.03,26.32,25.57,25.59,1589800,25.59
2011-01-27,25.71,26.13,25.65,26.02,1704700,26.02
2011-01-26,25.81,25.93,25.50,25.68,1543100,25.68
2011-01-25,26.02,26.02,25.55,25.72,1746400,25.72
2011-01-24,26.05,26.28,26.00,26.06,1114600,26.06
2011-01-21,26.08,26.15,25.93,26.10,1728900,26.10
2011-01-20,25.63,26.02,25.57,25.94,2756000,25.94
2011-01-19,25.61,25.66,25.49,25.62,1498200,25.62
2011-01-18,25.38,25.65,25.38,25.60,1752600,25.60
2011-01-14,25.19,25.44,25.14,25.40,893100,25.40
2011-01-13,25.16,25.32,25.10,25.26,1959700,25.26
2011-01-12,25.17,25.34,25.11,25.19,1202900,25.19
2011-01-11,25.15,25.21,24.92,25.01,2602200,25.01
2011-01-10,25.09,25.17,24.86,25.13,4171900,25.13
