Date,Open,High,Low,Close,Volume,Adj Close
2011-04-26,41.26,41.40,40.72,40.79,1569200,40.79
2011-04-25,41.59,41.59,40.88,40.93,1752700,40.93
2011-04-21,42.12,42.12,41.47,41.49,1737900,41.49
2011-04-20,42.35,42.52,41.91,42.08,1390600,42.08
2011-04-19,42.77,42.80,41.64,42.00,3327000,42.00
2011-04-18,43.22,43.23,42.62,42.74,1620400,42.74
2011-04-15,43.80,43.99,43.38,43.53,1351900,43.53
2011-04-14,43.35,43.74,43.13,43.68,930100,43.68
2011-04-13,43.31,43.72,42.81,43.54,1119200,43.54
2011-04-12,43.31,43.59,42.99,43.24,887400,43.24
2011-04-11,43.80,43.99,43.44,43.45,867700,43.45
2011-04-08,43.79,43.94,43.42,43.73,1423500,43.73
2011-04-07,43.69,43.98,43.48,43.75,2054200,43.75
2011-04-06,44.12,44.40,43.56,43.65,1284800,43.65
2011-04-05,43.65,44.44,43.65,44.04,1470200,44.04
2011-04-04,43.79,43.95,43.48,43.80,829500,43.80
2011-04-01,43.48,43.87,43.17,43.68,883700,43.68
2011-03-31,43.59,43.66,43.00,43.43,1102600,43.43
2011-03-30,43.33,43.62,43.11,43.59,1207200,43.59
2011-03-29,43.12,43.70,42.58,43.09,2254600,43.09
2011-03-28,43.41,43.79,42.96,43.20,926500,43.20
2011-03-25,43.52,43.87,43.21,43.55,1110600,43.55
2011-03-24,43.10,43.67,42.95,43.48,1447000,43.48
2011-03-23,42.20,43.10,41.95,42.87,2293900,42.87
2011-03-22,41.90,42.98,41.27,42.28,2249900,42.28
2011-03-21,41.65,41.98,41.38,41.75,1542600,41.75
2011-03-18,42.00,42.39,41.10,41.10,3247200,41.10
2011-03-17,42.67,42.67,41.66,41.77,1926900,41.77
2011-03-16,41.84,42.84,41.67,42.34,2289300,42.34
2011-03-15,41.81,42.31,41.46,41.96,1652400,41.96
2011-03-14,42.62,42.83,41.98,42.75,1593600,42.75
2011-03-11,42.43,43.38,42.40,43.05,2552000,43.05
2011-03-10,41.64,42.22,41.40,41.95,868400,41.95
2011-03-09,41.84,42.35,41.63,42.02,695200,42.02
2011-03-08,41.18,42.08,41.11,41.85,1307400,41.85
2011-03-07,41.15,41.63,40.98,41.09,1600700,41.09
2011-03-04,41.10,41.94,40.80,41.00,2484100,41.00
2011-03-03,41.55,42.13,40.32,41.33,3286800,41.33
2011-03-02,40.49,40.49,39.77,39.89,2899800,39.89
2011-03-01,41.24,41.41,40.59,40.63,1546800,40.63
2011-02-28,40.74,41.17,40.34,41.03,1339300,41.03
2011-02-25,39.85,41.19,39.74,40.71,2587900,40.71
2011-02-24,40.07,40.10,39.46,39.78,2233300,39.78
2011-02-23,40.94,41.19,39.41,40.08,2268300,40.08
2011-02-22,41.27,41.55,40.75,41.01,918600,41.01
2011-02-18,40.94,41.86,40.73,41.78,1360600,41.78
2011-02-17,40.71,41.35,40.66,40.93,1324000,40.93
2011-02-16,42.08,42.27,40.69,40.75,2252900,40.75
2011-02-15,41.07,41.24,40.74,40.84,1240700,40.84
2011-02-14,41.40,41.94,40.91,41.38,1414700,41.38
2011-02-11,40.84,41.59,40.69,41.57,2735100,41.57
2011-02-10,40.03,40.88,39.62,40.77,2801900,40.77
2011-02-09,39.15,40.44,38.75,39.98,3834700,39.98
2011-02-08,38.86,39.38,37.88,39.10,6741500,39.10
2011-02-07,33.92,40.42,33.80,39.20,3072400,39.20
2011-02-04,32.88,33.99,32.75,33.95,2122500,33.95
2011-02-03,31.85,32.70,31.70,32.27,1446900,32.27
2011-02-02,31.59,32.12,31.57,31.81,2308100,31.81
2011-02-01,31.91,32.04,31.60,31.86,1792400,31.86
2011-01-31,31.82,32.15,31.59,31.79,899300,31.79
2011-01-28,32.32,32.47,31.69,31.82,801200,31.82
2011-01-27,32.43,32.66,32.28,32.34,875000,32.34
2011-01-26,32.42,32.67,32.00,32.38,923300,32.38
2011-01-25,32.58,32.78,32.13,32.32,979300,32.32
2011-01-24,32.47,32.60,32.27,32.60,742000,32.60
2011-01-21,32.47,32.72,32.33,32.52,1060800,32.52
2011-01-20,32.21,32.69,32.16,32.41,1029000,32.41
2011-01-19,32.25,32.51,32.01,32.22,1230200,32.22
2011-01-18,32.09,32.37,32.00,32.34,1103500,32.34
2011-01-14,32.01,32.12,31.85,32.00,1396800,32.00
2011-01-13,31.82,32.32,31.75,32.09,1815000,32.09
2011-01-12,31.20,32.09,31.10,31.68,1590000,31.68
2011-01-11,31.22,31.39,30.95,31.05,1053300,31.05
2011-01-10,30.43,31.37,30.36,31.17,1362500,31.17
