Date,Open,High,Low,Close,Volume,Adj Close
2011-04-26,99.78,106.19,99.40,101.80,5167200,101.80
2011-04-25,99.71,100.43,99.22,100.28,5867200,100.28
2011-04-21,100.00,106.99,99.30,99.70,16442600,99.70
2011-04-20,84.41,86.57,84.41,86.57,2784400,86.57
2011-04-19,82.88,83.99,82.61,83.99,1945900,83.99
2011-04-18,82.21,82.75,81.26,82.61,2179200,82.61
2011-04-15,82.23,83.10,81.24,82.96,2312700,82.96
2011-04-14,80.41,82.23,79.93,82.19,2958800,82.19
2011-04-13,78.19,81.01,78.19,80.96,3985900,80.96
2011-04-12,78.99,79.23,78.16,78.19,2744300,78.19
2011-04-11,76.71,78.75,76.40,78.55,6893400,78.55
2011-04-08,73.37,73.65,72.97,73.29,1428900,73.29
2011-04-07,73.32,73.95,72.70,73.03,1589600,73.03
2011-04-06,73.57,74.20,73.40,73.60,1353400,73.60
2011-04-05,72.90,73.99,72.90,73.25,1481600,73.25
2011-04-04,73.25,73.32,72.97,73.27,1083200,73.27
2011-04-01,73.59,73.66,72.80,72.96,1923300,72.96
2011-03-31,71.95,73.53,71.90,73.47,2508600,73.47
2011-03-30,71.48,72.20,71.45,71.90,2167100,71.90
2011-03-29,70.41,71.24,70.39,71.10,1393000,71.10
2011-03-28,71.17,71.32,70.38,70.54,1243800,70.54
2011-03-25,71.55,71.93,71.20,71.20,1482000,71.20
2011-03-24,70.17,71.45,69.65,71.27,1349900,71.27
2011-03-23,69.72,70.31,69.19,70.07,1458200,70.07
2011-03-22,69.58,70.13,69.13,69.76,1794200,69.76
2011-03-21,70.00,70.54,69.53,69.61,1506200,69.61
2011-03-18,69.43,70.26,69.25,69.53,2608800,69.53
2011-03-17,69.40,69.71,69.12,69.25,1164500,69.25
2011-03-16,69.14,69.68,68.31,68.70,2325100,68.70
2011-03-15,69.27,69.95,68.81,69.56,1608500,69.56
2011-03-14,70.46,71.50,70.11,70.65,1546500,70.65
2011-03-11,70.62,71.35,70.47,71.00,1321400,71.00
2011-03-10,71.05,71.41,70.10,70.60,1632000,70.60
2011-03-09,71.33,71.83,70.99,71.74,1031900,71.74
2011-03-08,71.31,72.00,70.83,71.60,1688400,71.60
2011-03-07,71.41,71.88,70.45,71.24,1999200,71.24
2011-03-04,71.25,71.76,70.63,71.15,1387400,71.15
2011-03-03,70.05,71.95,70.04,71.42,1815500,71.42
2011-03-02,69.73,70.46,69.00,70.00,1938700,70.00
2011-03-01,68.41,70.73,68.26,70.18,3840800,70.18
2011-02-28,67.80,68.50,67.74,68.40,2027000,68.40
2011-02-25,67.42,68.25,67.35,67.78,1394800,67.78
2011-02-24,67.23,67.72,66.79,67.26,1952500,67.26
2011-02-23,67.17,67.64,66.75,66.76,2355400,66.76
2011-02-22,67.29,68.18,67.07,67.09,1974600,67.09
2011-02-18,67.54,67.87,67.13,67.64,1882000,67.64
2011-02-17,67.01,67.95,66.69,67.65,1092900,67.65
2011-02-16,67.17,67.48,66.83,67.36,1587400,67.36
2011-02-15,66.88,67.19,66.71,67.09,2147400,67.09
2011-02-14,65.66,67.29,65.66,67.27,1761600,67.27
2011-02-11,65.85,66.11,65.39,65.83,1257000,65.83
2011-02-10,66.00,66.35,65.83,66.22,1589100,66.22
2011-02-09,65.98,66.13,65.48,66.00,2105800,66.00
2011-02-08,65.14,66.16,64.77,66.15,1802800,66.15
2011-02-07,65.88,66.13,65.20,65.25,1586200,65.25
2011-02-04,65.64,65.93,64.61,65.93,1638900,65.93
2011-02-03,66.17,66.21,65.12,65.58,1440900,65.58
2011-02-02,65.28,66.28,64.92,66.15,1541100,66.15
2011-02-01,67.75,68.00,65.13,65.49,4033400,65.49
2011-01-31,65.57,65.94,64.28,65.47,2181200,65.47
2011-01-28,67.30,67.48,64.85,65.08,2319100,65.08
2011-01-27,67.34,67.61,67.08,67.09,1338500,67.09
2011-01-26,67.02,67.86,66.65,67.50,1642900,67.50
2011-01-25,67.07,67.24,66.49,66.84,1966500,66.84
2011-01-24,66.66,68.25,66.54,67.14,1749900,67.14
2011-01-21,66.59,67.34,66.27,66.77,3451900,66.77
2011-01-20,66.36,68.99,66.36,68.78,3184900,68.78
2011-01-19,66.79,66.84,65.91,66.24,1549000,66.24
2011-01-18,66.55,67.11,66.00,67.01,2138000,67.01
2011-01-14,67.31,67.50,66.46,66.57,1626800,66.57
2011-01-13,67.43,67.79,67.19,67.52,1471300,67.52
2011-01-12,67.90,67.90,67.20,67.40,1272100,67.40
2011-01-11,66.99,68.33,66.79,68.30,1602100,68.30
2011-01-10,66.92,67.33,66.70,66.90,1053400,66.90
