Date,Open,High,Low,Close,Volume,Adj Close
2011-04-26,19.07,19.58,19.03,19.40,2288600,19.40
2011-04-25,18.72,19.11,18.68,19.02,1378300,19.02
2011-04-21,19.10,19.10,18.73,18.78,1114100,18.78
2011-04-20,19.02,19.09,18.77,18.98,1087000,18.98
2011-04-19,18.48,18.84,18.48,18.79,1447500,18.79
2011-04-18,18.53,18.62,18.40,18.41,1549300,18.41
2011-04-15,18.49,18.82,18.44,18.74,1473600,18.74
2011-04-14,18.21,18.56,18.15,18.50,1489100,18.50
2011-04-13,18.40,18.45,18.22,18.33,1006600,18.33
2011-04-12,18.19,18.44,18.17,18.30,1796600,18.30
2011-04-11,18.32,18.53,18.14,18.27,2119900,18.27
2011-04-08,18.67,18.71,18.25,18.28,1444900,18.28
2011-04-07,19.00,19.02,18.46,18.58,2440700,18.58
2011-04-06,19.06,19.12,18.93,18.98,1853400,18.98
2011-04-05,18.85,19.13,18.77,18.96,1475600,18.96
2011-04-04,18.87,19.14,18.73,18.90,1520400,18.90
2011-04-01,19.18,19.30,18.66,18.79,2061900,18.79
2011-03-31,18.94,19.19,18.84,19.02,1554200,19.02
2011-03-30,18.76,19.09,18.56,19.00,2107400,19.00
2011-03-29,18.54,18.71,18.27,18.67,1870600,18.67
2011-03-28,18.55,18.71,18.48,18.62,1782600,18.42
2011-03-25,18.14,18.51,18.06,18.45,1697100,18.25
2011-03-24,18.14,18.22,17.84,18.08,1656100,17.89
2011-03-23,18.05,18.12,17.89,18.02,2148600,17.83
2011-03-22,18.11,18.18,17.99,18.07,2271800,17.88
2011-03-21,17.99,18.14,17.94,18.07,1154900,17.88
2011-03-18,17.69,17.85,17.61,17.79,2983100,17.60
2011-03-17,17.42,17.50,17.15,17.43,1491500,17.24
2011-03-16,17.15,17.30,17.07,17.20,2243700,17.02
2011-03-15,16.73,17.45,16.72,17.30,1790500,17.11
2011-03-14,17.12,17.16,16.95,17.14,1059800,16.96
2011-03-11,16.94,17.25,16.92,17.24,1336600,17.05
2011-03-10,17.22,17.22,16.92,17.01,1362100,16.83
2011-03-09,17.63,17.66,17.36,17.39,880400,17.20
2011-03-08,17.36,17.71,17.27,17.62,856300,17.43
2011-03-07,17.43,17.49,17.18,17.33,1708100,17.14
2011-03-04,17.58,17.62,17.17,17.36,1371200,17.17
2011-03-03,17.32,17.56,17.32,17.55,1650300,17.36
2011-03-02,17.55,17.55,16.94,17.14,1365200,16.96
2011-03-01,18.20,18.20,17.47,17.51,2034100,17.32
2011-02-28,17.24,18.17,17.09,18.15,3776800,17.96
2011-02-25,16.97,17.16,16.90,17.07,3414900,16.89
2011-02-24,17.28,17.28,16.82,16.92,3018200,16.74
2011-02-23,17.75,17.82,17.20,17.31,1161800,17.12
2011-02-22,17.86,18.00,17.66,17.69,1768300,17.50
2011-02-18,17.79,18.13,17.70,18.04,2631100,17.85
2011-02-17,17.97,18.02,17.59,17.69,3750700,17.50
2011-02-16,17.39,17.51,17.35,17.50,1728300,17.31
2011-02-15,17.21,17.34,17.07,17.30,1303500,17.11
2011-02-14,17.33,17.38,17.08,17.22,1428300,17.04
2011-02-11,17.32,17.40,17.18,17.33,1883900,17.14
2011-02-10,17.32,17.57,17.25,17.41,1784600,17.22
2011-02-09,17.82,17.98,17.44,17.59,2554700,17.40
2011-02-08,18.36,18.46,17.81,17.84,2285100,17.65
2011-02-07,18.08,18.26,17.99,18.20,1373400,18.00
2011-02-04,18.25,18.26,18.08,18.10,1590100,17.91
2011-02-03,18.18,18.40,18.09,18.24,1238400,18.04
2011-02-02,18.07,18.32,18.06,18.25,1647700,18.05
2011-02-01,17.95,18.21,17.80,18.16,1100900,17.96
2011-01-31,17.78,18.05,17.73,17.85,1393700,17.66
2011-01-28,18.03,18.10,17.69,17.70,1393200,17.51
2011-01-27,18.12,18.30,17.79,18.00,2385900,17.81
2011-01-26,18.80,18.80,17.88,18.04,3131900,17.85
2011-01-25,18.28,18.78,18.19,18.69,1322600,18.49
2011-01-24,18.20,18.43,18.10,18.41,1063800,18.21
2011-01-21,18.38,18.38,18.06,18.25,751800,18.05
2011-01-20,18.07,18.38,18.04,18.29,920000,18.09
2011-01-19,18.64,18.67,18.01,18.12,827300,17.93
2011-01-18,18.12,18.70,17.94,18.67,1451900,18.47
2011-01-14,18.18,18.38,17.98,18.06,2249300,17.87
2011-01-13,18.27,18.39,18.10,18.18,720400,17.98
2011-01-12,18.42,18.49,18.21,18.30,874300,18.10
2011-01-11,18.60,18.70,18.12,18.25,986900,18.05
2011-01-10,18.20,18.65,18.10,18.52,1413400,18.32
