Date,Open,High,Low,Close,Volume,Adj Close
2011-04-26,0.45,0.47,0.44,0.45,1050300,0.45
2011-04-25,0.46,0.46,0.44,0.45,762400,0.45
2011-04-21,0.47,0.47,0.44,0.46,780900,0.46
2011-04-20,0.45,0.47,0.45,0.46,848500,0.46
2011-04-19,0.46,0.47,0.44,0.45,1034300,0.45
2011-04-18,0.45,0.47,0.44,0.46,837200,0.46
2011-04-15,0.43,0.46,0.42,0.46,1718000,0.46
2011-04-14,0.44,0.44,0.41,0.42,1909900,0.42
2011-04-13,0.45,0.46,0.44,0.44,1200800,0.44
2011-04-12,0.45,0.46,0.44,0.46,1578700,0.46
2011-04-11,0.49,0.49,0.46,0.46,1506800,0.46
2011-04-08,0.48,0.49,0.47,0.48,1484800,0.48
2011-04-07,0.48,0.49,0.47,0.47,1028100,0.47
2011-04-06,0.48,0.48,0.46,0.47,2343200,0.47
2011-04-05,0.51,0.51,0.47,0.48,3090900,0.48
2011-04-04,0.49,0.50,0.48,0.49,934200,0.49
2011-04-01,0.49,0.52,0.48,0.49,1914000,0.49
2011-03-31,0.47,0.49,0.47,0.48,1129400,0.48
2011-03-30,0.50,0.50,0.47,0.48,1712000,0.48
2011-03-29,0.51,0.51,0.48,0.48,1468900,0.48
2011-03-28,0.52,0.52,0.49,0.49,1291700,0.49
2011-03-25,0.51,0.51,0.50,0.50,945700,0.50
2011-03-24,0.51,0.51,0.50,0.50,1723600,0.50
2011-03-23,0.53,0.53,0.51,0.51,1663700,0.51
2011-03-22,0.52,0.53,0.50,0.52,1819200,0.52
2011-03-21,0.50,0.52,0.50,0.52,1212300,0.52
2011-03-18,0.50,0.52,0.49,0.51,1450900,0.51
2011-03-17,0.51,0.51,0.48,0.50,1888600,0.50
2011-03-16,0.50,0.52,0.48,0.48,2882100,0.48
2011-03-15,0.49,0.50,0.47,0.50,2699600,0.50
2011-03-14,0.51,0.52,0.50,0.52,1614800,0.52
2011-03-11,0.51,0.52,0.51,0.51,3544600,0.51
2011-03-10,0.54,0.54,0.51,0.53,3005100,0.53
2011-03-09,0.55,0.57,0.53,0.54,2558800,0.54
2011-03-08,0.56,0.58,0.54,0.56,2233700,0.56
2011-03-07,0.61,0.65,0.55,0.55,8612100,0.55
2011-03-04,0.57,0.60,0.55,0.60,9884000,0.60
2011-03-03,0.58,0.58,0.53,0.54,2527900,0.54
2011-03-02,0.51,0.57,0.51,0.57,6771000,0.57
2011-03-01,0.53,0.54,0.50,0.51,2487200,0.51
2011-02-28,0.53,0.54,0.50,0.51,4231700,0.51
2011-02-25,0.54,0.54,0.52,0.54,5224800,0.54
2011-02-24,0.61,0.61,0.56,0.58,4057900,0.58
2011-02-23,0.59,0.60,0.55,0.57,8681100,0.57
2011-02-22,0.54,0.59,0.54,0.57,5576000,0.57
2011-02-18,0.54,0.54,0.52,0.52,2313000,0.52
2011-02-17,0.56,0.56,0.52,0.52,2619200,0.52
2011-02-16,0.53,0.55,0.53,0.55,999300,0.55
2011-02-15,0.54,0.55,0.52,0.53,1680500,0.53
2011-02-14,0.55,0.55,0.53,0.54,1102900,0.54
2011-02-11,0.53,0.55,0.52,0.54,1516300,0.54
2011-02-10,0.52,0.52,0.50,0.52,2237700,0.52
2011-02-09,0.53,0.55,0.52,0.53,1382200,0.53
2011-02-08,0.53,0.54,0.51,0.54,1771300,0.54
2011-02-07,0.59,0.59,0.53,0.54,4235900,0.54
2011-02-04,0.59,0.59,0.54,0.55,2847500,0.55
2011-02-03,0.62,0.62,0.56,0.57,2076400,0.57
2011-02-02,0.62,0.62,0.58,0.60,2203200,0.60
2011-02-01,0.55,0.63,0.55,0.60,6558500,0.60
2011-01-31,0.58,0.59,0.54,0.55,2447800,0.55
2011-01-28,0.53,0.60,0.52,0.57,3460700,0.57
2011-01-27,0.54,0.55,0.51,0.54,1267800,0.54
2011-01-26,0.55,0.55,0.52,0.53,859600,0.53
2011-01-25,0.53,0.57,0.51,0.52,1435100,0.52
2011-01-24,0.57,0.58,0.53,0.54,1521300,0.54
2011-01-21,0.58,0.58,0.56,0.56,1826800,0.56
2011-01-20,0.58,0.59,0.54,0.56,2290700,0.56
2011-01-19,0.57,0.59,0.56,0.59,3840100,0.59
2011-01-18,0.57,0.57,0.53,0.55,2987200,0.55
2011-01-14,0.54,0.54,0.47,0.54,6176100,0.54
2011-01-13,0.67,0.68,0.51,0.53,12521800,0.53
2011-01-12,0.67,0.67,0.61,0.65,4945700,0.65
2011-01-11,0.64,0.71,0.60,0.61,15801400,0.61
2011-01-10,0.48,0.61,0.48,0.60,13138400,0.60
