Date,Open,High,Low,Close,Volume,Adj Close
2011-04-26,11.44,11.53,11.31,11.50,10911400,11.50
2011-04-25,11.59,11.60,11.41,11.41,4538200,11.41
2011-04-21,11.60,11.62,11.30,11.61,2771300,11.61
2011-04-20,11.64,11.71,11.46,11.50,8445600,11.50
2011-04-19,11.63,11.84,11.45,11.49,8049400,11.49
2011-04-18,11.36,11.64,11.23,11.54,4759200,11.54
2011-04-15,11.45,11.65,11.31,11.61,4750700,11.61
2011-04-14,11.53,11.61,11.35,11.42,4904100,11.42
2011-04-13,11.65,11.67,11.46,11.54,9076500,11.54
2011-04-12,11.58,11.58,11.32,11.53,5731200,11.53
2011-04-11,11.86,11.86,11.54,11.57,5809200,11.57
2011-04-08,12.15,12.20,11.79,11.82,5383300,11.82
2011-04-07,12.08,12.22,12.07,12.11,4106800,12.11
2011-04-06,12.05,12.12,11.94,11.94,6577400,11.94
2011-04-05,12.05,12.07,11.89,11.95,8500300,11.95
2011-04-04,12.32,12.33,11.99,12.05,9320600,12.05
2011-04-01,12.47,12.60,12.32,12.35,8888900,12.35
2011-03-31,12.25,12.33,12.11,12.26,9848200,12.26
2011-03-30,11.81,12.17,11.80,12.12,7275000,12.12
2011-03-29,11.71,11.79,11.67,11.74,2428800,11.74
2011-03-28,11.74,11.88,11.70,11.78,2700100,11.78
2011-03-25,12.09,12.11,11.83,11.86,3369700,11.86
2011-03-24,12.10,12.18,12.00,12.07,4058100,12.07
2011-03-23,11.88,12.15,11.82,12.10,4980200,12.10
2011-03-22,11.72,12.06,11.67,11.98,7299300,11.98
2011-03-21,11.63,11.76,11.57,11.70,5740400,11.70
2011-03-18,11.51,11.63,11.46,11.50,8310500,11.50
2011-03-17,11.79,11.85,11.32,11.40,5706300,11.40
2011-03-16,11.85,11.89,11.48,11.61,6654900,11.61
2011-03-15,11.35,11.82,11.31,11.78,5179900,11.78
2011-03-14,11.65,11.85,11.63,11.81,3289400,11.81
2011-03-11,11.57,11.86,11.50,11.63,6621200,11.63
2011-03-10,11.65,11.80,11.50,11.63,4184100,11.63
2011-03-09,11.94,12.04,11.84,11.98,3673100,11.98
2011-03-08,11.97,12.07,11.74,11.91,4006800,11.91
2011-03-07,12.22,12.22,11.87,12.02,3941600,12.02
2011-03-04,12.25,12.35,11.98,12.11,6389400,12.11
2011-03-03,12.07,12.23,11.98,12.17,5827200,12.17
2011-03-02,11.93,12.08,11.87,11.91,4853400,11.91
2011-03-01,12.28,12.31,11.85,11.92,5272300,11.92
2011-02-28,12.10,12.27,12.05,12.18,4896500,12.18
2011-02-25,11.99,12.06,11.70,12.00,4360500,12.00
2011-02-24,12.10,12.11,11.81,11.99,5169200,11.99
2011-02-23,11.83,11.97,11.70,11.89,4677400,11.89
2011-02-22,12.21,12.25,11.80,11.89,7362100,11.89
2011-02-18,12.45,12.56,12.41,12.52,5309000,12.52
2011-02-17,12.33,12.39,12.29,12.35,6752100,12.35
2011-02-16,12.33,12.64,12.30,12.41,10832400,12.41
2011-02-15,11.81,12.26,11.78,12.24,8229300,12.24
2011-02-14,11.75,11.98,11.69,11.85,5448400,11.85
2011-02-11,11.54,12.03,11.44,11.81,11932000,11.81
2011-02-10,11.25,11.69,11.25,11.60,13331300,11.60
2011-02-09,11.27,11.38,11.16,11.30,8515800,11.30
2011-02-08,11.38,11.56,11.34,11.53,10921000,11.53
2011-02-07,10.96,11.38,10.90,11.28,6109400,11.28
2011-02-04,11.09,11.23,10.86,11.17,13792900,11.17
2011-02-03,11.32,11.37,11.11,11.28,9516700,11.28
2011-02-02,11.81,11.87,11.50,11.51,5125400,11.51
2011-02-01,11.74,12.08,11.68,11.99,9522700,11.99
2011-01-31,11.77,11.77,11.48,11.60,14127500,11.60
2011-01-28,12.09,12.09,11.46,11.63,17909000,11.63
2011-01-27,12.36,12.43,12.09,12.09,7198400,12.09
2011-01-26,12.35,12.35,12.18,12.24,4992800,12.24
2011-01-25,12.59,12.65,12.18,12.38,7158300,12.38
2011-01-24,12.53,12.66,12.46,12.62,6206100,12.62
2011-01-21,12.55,12.67,12.49,12.58,12892400,12.58
2011-01-20,12.63,12.70,12.24,12.30,11133000,12.30
2011-01-19,13.27,13.29,12.75,12.79,8086900,12.79
2011-01-18,13.38,13.41,13.25,13.32,5481200,13.32
2011-01-14,13.29,13.43,13.18,13.39,5083200,13.39
2011-01-13,13.46,13.54,13.29,13.37,3342900,13.37
2011-01-12,13.36,13.45,13.22,13.39,5363600,13.39
2011-01-11,13.07,13.14,12.97,13.12,6205600,13.12
2011-01-10,12.78,13.04,12.59,13.00,5474700,13.00
