Date,Open,High,Low,Close,Volume,Adj Close
2011-04-26,38.69,38.96,37.65,37.81,923500,37.81
2011-04-25,40.56,40.56,37.69,38.70,1146600,38.70
2011-04-21,40.05,40.41,39.74,40.15,629500,40.15
2011-04-20,40.10,40.84,39.41,39.67,2095400,39.67
2011-04-19,38.24,39.51,38.20,39.47,825600,39.47
2011-04-18,39.09,39.29,37.65,38.29,1404900,38.29
2011-04-15,38.81,39.65,38.30,39.21,998200,39.21
2011-04-14,38.49,39.27,37.67,38.96,3294800,38.96
2011-04-13,40.11,40.35,38.28,38.82,1672000,38.82
2011-04-12,41.51,41.60,39.32,39.50,1671300,39.50
2011-04-11,43.07,43.50,41.50,41.77,1640100,41.77
2011-04-08,43.37,44.71,43.00,43.45,1442400,43.12
2011-04-07,44.21,44.45,42.55,42.77,1801400,42.45
2011-04-06,44.60,44.78,43.64,44.09,967500,43.76
2011-04-05,41.96,44.19,41.90,44.16,1614800,43.82
2011-04-04,43.05,43.10,42.00,42.05,851100,41.73
2011-04-01,42.90,43.05,41.50,42.63,1507600,42.31
2011-03-31,42.31,43.34,42.29,42.97,703300,42.64
2011-03-30,42.39,42.58,41.15,42.08,1069100,41.76
2011-03-29,42.03,42.49,41.60,41.91,776500,41.59
2011-03-28,44.02,44.02,41.60,41.89,1524300,41.57
2011-03-25,45.52,45.87,43.57,43.63,1355600,43.30
2011-03-24,44.76,46.08,44.65,46.01,2057300,45.66
2011-03-23,43.43,44.65,43.34,44.53,949100,44.19
2011-03-22,43.43,43.51,42.40,43.36,617700,43.03
2011-03-21,43.40,43.63,42.90,43.62,800800,43.29
2011-03-18,42.35,42.92,41.92,42.59,1480200,42.27
2011-03-17,42.61,43.11,41.69,41.94,912800,41.62
2011-03-16,43.28,43.39,41.50,42.49,970100,42.17
2011-03-15,41.70,43.42,41.03,43.24,951700,42.91
2011-03-14,43.55,43.65,42.52,43.64,527100,43.31
2011-03-11,41.96,43.99,41.30,43.53,825500,43.20
2011-03-10,43.69,43.69,41.93,41.95,1132700,41.63
2011-03-09,44.81,44.81,43.63,44.23,763300,43.89
2011-03-08,45.96,45.96,43.94,44.44,1048200,44.10
2011-03-07,46.83,46.87,44.51,45.77,1065800,45.42
2011-03-04,46.52,46.92,45.64,46.06,566900,45.71
2011-03-03,46.98,47.30,45.16,45.88,1012300,45.53
2011-03-02,47.14,47.48,46.67,47.35,1048800,46.99
2011-03-01,46.89,47.49,46.54,46.73,931700,46.38
2011-02-28,46.45,47.44,45.71,46.67,1084000,46.32
2011-02-25,46.56,46.95,45.26,45.63,663600,45.28
2011-02-24,46.20,48.45,45.28,45.64,2137700,45.29
2011-02-23,45.75,46.19,45.15,46.17,1466200,45.82
2011-02-22,45.50,46.58,45.12,45.40,2098000,45.06
2011-02-18,43.26,46.12,43.26,44.84,2302000,44.50
2011-02-17,42.79,43.20,42.28,43.14,618200,42.81
2011-02-16,42.80,43.10,42.01,42.33,766100,42.01
2011-02-15,41.25,42.87,41.21,42.66,1224500,42.34
2011-02-14,40.49,41.44,40.34,41.01,750600,40.70
2011-02-11,40.61,40.77,39.30,40.04,2476400,39.74
2011-02-10,41.82,41.96,40.36,40.39,2502800,40.08
2011-02-09,44.51,44.51,41.73,42.08,1273200,41.76
2011-02-08,45.19,45.95,43.95,44.38,897400,44.04
2011-02-07,44.42,45.35,43.44,45.05,969100,44.71
2011-02-04,44.81,45.70,43.69,43.91,713600,43.58
2011-02-03,43.97,45.74,43.85,44.98,929600,44.64
2011-02-02,43.86,44.63,43.50,43.75,1492900,43.42
2011-02-01,41.58,44.14,41.50,43.97,2721200,43.64
2011-01-31,41.78,42.09,40.57,41.00,1627800,40.69
2011-01-28,41.60,43.11,41.51,41.53,1200300,41.21
2011-01-27,43.01,43.15,41.35,41.70,1593000,41.38
2011-01-26,40.84,43.18,40.75,43.01,1855800,42.68
2011-01-25,40.98,41.67,39.92,40.51,1951800,40.20
2011-01-24,40.88,41.69,40.48,41.41,1551800,41.10
2011-01-21,41.89,41.89,40.72,40.83,1760400,40.52
2011-01-20,42.63,42.63,41.00,41.60,1914700,41.28
2011-01-19,44.59,44.77,42.81,43.29,1420000,42.96
2011-01-18,42.94,44.12,42.87,44.11,1734000,43.77
2011-01-14,42.86,43.00,42.13,42.22,1232700,41.90
2011-01-13,44.28,44.28,42.61,43.06,761600,42.73
2011-01-12,44.90,44.90,43.53,43.83,759600,43.50
2011-01-11,44.96,45.01,44.00,44.49,1488300,44.15
2011-01-10,45.55,45.60,44.05,44.29,846000,43.95
