Date,Open,High,Low,Close,Volume,Adj Close
2011-04-26,30.69,31.85,30.46,31.07,4275700,31.07
2011-04-25,32.39,32.39,30.40,30.85,3730300,30.85
2011-04-21,31.91,32.38,31.24,32.05,3046300,32.05
2011-04-20,31.78,32.46,31.47,31.61,3495900,31.61
2011-04-19,30.66,31.20,30.20,31.11,3485400,31.11
2011-04-18,31.10,31.24,29.71,30.63,5176400,30.63
2011-04-15,32.81,33.55,31.20,31.30,10403800,31.30
2011-04-14,33.84,33.84,30.50,31.08,17126500,31.08
2011-04-13,35.23,35.23,33.25,33.76,4348600,33.76
2011-04-12,35.43,36.00,34.12,34.61,3470800,34.61
2011-04-11,36.99,37.35,35.02,35.58,4067100,35.58
2011-04-08,36.80,37.47,36.29,36.69,2947900,36.69
2011-04-07,36.14,36.84,35.50,36.06,2267900,36.06
2011-04-06,37.19,37.59,35.55,36.13,3775000,36.13
2011-04-05,34.81,36.99,34.57,36.71,4719700,36.71
2011-04-04,34.60,35.50,34.57,34.85,2071700,34.85
2011-04-01,34.60,34.67,33.80,34.22,2534400,34.22
2011-03-31,35.57,35.80,34.78,34.78,2318800,34.78
2011-03-30,34.70,35.06,33.72,34.97,2969500,34.97
2011-03-29,33.36,34.48,33.03,34.09,2528900,34.09
2011-03-28,33.72,34.28,33.31,33.52,2556100,33.52
2011-03-25,34.97,35.32,34.21,34.54,3327800,34.54
2011-03-24,35.45,36.07,34.37,34.67,5628200,34.67
2011-03-23,34.07,35.50,33.73,35.14,5368400,35.14
2011-03-22,33.13,34.10,32.70,33.79,3532300,33.79
2011-03-21,32.79,33.68,32.07,33.46,4593700,33.46
2011-03-18,30.12,32.39,30.10,31.44,11145500,31.44
2011-03-17,30.51,31.02,29.57,29.59,4953500,29.59
2011-03-16,31.78,32.09,30.03,30.58,5210100,30.58
2011-03-15,29.76,31.87,29.63,31.51,5635000,31.51
2011-03-14,33.24,33.40,31.25,32.08,4994200,32.08
2011-03-11,31.00,33.54,30.91,33.13,4364700,33.13
2011-03-10,32.86,32.87,31.67,31.70,5974400,31.70
2011-03-09,35.38,35.47,33.71,34.07,3843500,34.07
2011-03-08,34.11,35.45,32.94,34.79,3956700,34.79
2011-03-07,35.40,35.66,33.36,34.03,4372600,34.03
2011-03-04,35.23,35.41,34.19,34.70,4170000,34.70
2011-03-03,32.50,34.59,32.17,34.50,5156200,34.50
2011-03-02,32.99,33.17,32.44,33.08,3476300,33.08
2011-03-01,32.40,33.48,31.90,32.86,7186900,32.86
2011-02-28,28.50,31.94,28.50,31.51,8607000,31.51
2011-02-25,26.98,27.70,26.93,27.65,1951300,27.65
2011-02-24,27.33,27.43,26.58,26.70,2455900,26.70
2011-02-23,26.59,27.71,26.39,27.26,3380600,27.26
2011-02-22,28.07,28.38,26.36,26.39,3861000,26.39
2011-02-18,27.07,27.92,27.00,27.32,3525700,27.32
2011-02-17,25.86,26.98,25.76,26.88,2192500,26.88
2011-02-16,25.96,26.15,25.51,25.83,1521600,25.83
2011-02-15,26.03,26.24,25.69,25.94,1653100,25.94
2011-02-14,25.18,25.68,25.05,25.45,1355800,25.45
2011-02-11,24.71,25.33,24.44,24.84,1424900,24.84
2011-02-10,24.41,25.13,24.12,24.84,1896200,24.84
2011-02-09,25.87,26.00,24.61,24.84,2198500,24.84
2011-02-08,25.15,25.98,25.15,25.80,2396300,25.80
2011-02-07,24.86,25.53,24.49,24.73,2293700,24.73
2011-02-04,25.10,25.39,24.50,24.62,1920700,24.62
2011-02-03,24.52,25.18,23.97,25.03,2179800,25.03
2011-02-02,24.50,24.81,23.94,24.51,2131500,24.51
2011-02-01,23.50,24.54,23.50,24.52,2046000,24.52
2011-01-31,23.59,23.93,23.09,23.38,1881500,23.38
2011-01-28,22.93,24.41,22.80,23.62,3640200,23.62
2011-01-27,23.98,24.19,22.82,22.98,3124200,22.98
2011-01-26,22.56,24.03,22.47,24.03,2905500,24.03
2011-01-25,22.47,22.76,22.10,22.46,2434300,22.46
2011-01-24,22.59,22.98,22.14,22.63,2150100,22.63
2011-01-21,23.09,23.45,22.55,22.55,2768300,22.55
2011-01-20,23.09,23.40,22.64,23.17,3383500,23.17
2011-01-19,25.40,25.59,23.78,23.92,3024800,23.92
2011-01-18,25.16,25.45,24.73,24.87,2175500,24.87
2011-01-14,24.83,25.31,24.27,24.87,3908200,24.87
2011-01-13,26.95,27.08,24.71,24.91,4049100,24.91
2011-01-12,27.92,27.93,26.55,26.62,4001100,26.62
2011-01-11,26.22,27.85,26.14,27.77,6433200,27.77
2011-01-10,24.24,24.74,23.83,24.54,1457200,24.54
