Date,Open,High,Low,Close,Volume,Adj Close
2011-04-26,45.59,45.97,45.23,45.50,2468000,45.50
2011-04-25,45.26,45.40,44.81,45.30,1484100,45.30
2011-04-21,44.73,45.98,44.73,45.29,2742800,45.29
2011-04-20,43.92,44.02,43.69,43.88,2364500,43.88
2011-04-19,43.28,43.54,42.80,43.35,1660100,43.35
2011-04-18,43.90,43.95,42.88,43.14,1818400,43.14
2011-04-15,44.41,44.81,43.93,44.48,1870300,44.48
2011-04-14,44.01,44.39,43.49,44.33,1946300,44.33
2011-04-13,44.77,44.96,43.99,44.25,2224300,44.25
2011-04-12,43.74,44.79,43.63,44.65,3054400,44.65
2011-04-11,43.24,43.98,43.23,43.98,2814800,43.98
2011-04-08,43.51,43.76,42.90,43.13,1744700,43.13
2011-04-07,43.67,44.15,43.25,43.35,2831200,43.35
2011-04-06,43.92,43.96,43.22,43.84,2473200,43.84
2011-04-05,44.41,44.41,43.64,43.76,3056700,43.76
2011-04-04,44.78,44.88,44.36,44.44,1466500,44.44
2011-04-01,44.53,45.00,44.22,44.56,2876800,44.56
2011-03-31,43.87,44.29,43.37,44.28,3456900,44.28
2011-03-30,42.93,43.61,42.67,43.52,2006700,43.52
2011-03-29,42.58,42.84,42.52,42.76,1146200,42.76
2011-03-28,42.72,42.77,42.43,42.57,1044000,42.57
2011-03-25,42.49,43.17,42.36,42.60,1359500,42.60
2011-03-24,41.66,42.43,41.62,42.43,2043500,42.43
2011-03-23,41.82,41.82,41.09,41.44,2464600,41.44
2011-03-22,42.05,42.47,41.88,41.89,2216000,41.89
2011-03-21,42.17,42.20,41.79,41.96,1955200,41.96
2011-03-18,42.15,42.36,41.45,41.61,2751200,41.61
2011-03-17,41.98,42.14,41.29,41.72,1590700,41.72
2011-03-16,42.47,42.47,40.99,41.41,2260000,41.41
2011-03-15,40.83,42.65,40.73,42.40,2659300,42.40
2011-03-14,43.31,43.58,42.67,42.96,3395500,42.96
2011-03-11,42.96,43.60,42.58,43.57,3121800,43.57
2011-03-10,43.58,43.74,42.79,42.94,2224100,42.94
2011-03-09,43.30,44.20,43.30,44.12,1888600,44.12
2011-03-08,43.01,43.67,42.95,43.47,2045600,43.43
2011-03-07,43.62,43.82,42.39,43.00,2423300,42.96
2011-03-04,43.08,43.91,42.92,43.82,2580100,43.78
2011-03-03,42.69,44.03,42.68,43.82,3508400,43.78
2011-03-02,41.82,42.97,41.75,42.43,2184600,42.39
2011-03-01,42.28,42.55,41.83,41.85,1526200,41.81
2011-02-28,42.11,42.48,41.68,42.07,2360400,42.03
2011-02-25,41.73,42.31,41.65,41.99,2491700,41.95
2011-02-24,41.79,42.01,41.06,41.53,2947700,41.49
2011-02-23,42.21,42.44,41.48,41.89,2655500,41.85
2011-02-22,42.77,43.14,42.02,42.20,2051400,42.16
2011-02-18,43.53,43.86,42.99,43.13,2024400,43.09
2011-02-17,42.96,43.71,42.66,43.52,1638600,43.48
2011-02-16,42.69,43.35,42.62,43.01,1320200,42.97
2011-02-15,42.66,42.87,42.36,42.48,1601000,42.44
2011-02-14,42.94,43.07,42.67,42.97,929500,42.93
2011-02-11,42.70,43.17,42.59,42.92,1150800,42.88
2011-02-10,42.62,43.16,42.58,43.00,1450400,42.96
2011-02-09,42.39,43.04,42.34,42.81,1573300,42.77
2011-02-08,42.37,42.87,42.16,42.66,1662700,42.62
2011-02-07,42.88,43.08,42.25,42.31,1667200,42.27
2011-02-04,43.26,44.00,42.14,42.83,2923400,42.79
2011-02-03,42.51,43.00,41.38,42.56,4005700,42.52
2011-02-02,42.68,42.76,42.11,42.26,3752500,42.22
2011-02-01,42.18,42.95,41.99,42.91,2615400,42.87
2011-01-31,41.40,42.03,41.32,42.02,3575100,41.98
2011-01-28,42.55,42.65,41.23,41.26,2522900,41.22
2011-01-27,41.93,42.67,41.90,42.55,2592300,42.51
2011-01-26,41.63,42.18,41.63,42.06,3293000,42.02
2011-01-25,40.46,41.77,40.18,41.62,4133100,41.58
2011-01-24,40.93,41.09,40.36,40.51,1740200,40.47
2011-01-21,40.89,41.05,40.58,40.97,3069600,40.93
2011-01-20,40.26,40.86,40.12,40.85,3454600,40.81
2011-01-19,40.91,41.03,40.21,40.41,2869700,40.37
2011-01-18,40.11,41.14,40.04,41.14,3869600,41.10
2011-01-14,39.41,40.44,39.22,40.03,2988100,39.99
2011-01-13,39.31,39.66,39.22,39.53,1733000,39.49
2011-01-12,39.75,39.75,39.15,39.32,2319000,39.28
2011-01-11,39.44,39.75,39.36,39.50,2805300,39.46
2011-01-10,39.13,39.41,38.85,39.28,2579200,39.24
