Date,Open,High,Low,Close,Volume,Adj Close
2011-04-26,32.30,32.48,32.19,32.41,483800,32.41
2011-04-25,32.06,32.27,31.97,32.17,450700,32.17
2011-04-21,31.89,32.25,31.88,32.12,427400,32.12
2011-04-20,31.91,32.04,31.83,31.86,564500,31.86
2011-04-19,31.73,31.81,31.55,31.56,573800,31.56
2011-04-18,31.74,31.92,31.50,31.63,637700,31.63
2011-04-15,32.08,32.20,31.86,32.18,672800,32.18
2011-04-14,32.11,32.17,31.91,32.03,537800,32.03
2011-04-13,32.60,32.71,32.17,32.28,684200,32.28
2011-04-12,32.78,32.94,32.47,32.47,658400,32.47
2011-04-11,32.91,33.25,32.91,33.00,483400,33.00
2011-04-08,33.39,33.48,32.81,32.92,466800,32.92
2011-04-07,33.43,33.55,33.19,33.20,896900,33.20
2011-04-06,33.37,33.54,33.28,33.53,676800,33.53
2011-04-05,33.25,33.33,33.10,33.21,790800,33.21
2011-04-04,33.04,33.34,32.96,33.34,833100,33.34
2011-04-01,32.96,33.10,32.86,32.99,692100,32.99
2011-03-31,32.94,33.06,32.76,32.79,872000,32.79
2011-03-30,32.66,32.97,32.57,32.97,588600,32.97
2011-03-29,32.40,32.63,32.19,32.56,595100,32.56
2011-03-28,32.56,32.61,32.37,32.38,634900,32.38
2011-03-25,32.47,32.62,32.33,32.47,620200,32.47
2011-03-24,32.57,32.57,32.16,32.44,515300,32.44
2011-03-23,32.54,32.58,32.12,32.33,821000,32.33
2011-03-22,32.86,32.98,32.59,32.59,589900,32.59
2011-03-21,32.58,32.92,32.54,32.88,674900,32.88
2011-03-18,32.86,33.07,32.57,32.60,1587700,32.20
2011-03-17,32.40,32.49,32.14,32.38,733200,31.98
2011-03-16,32.31,32.58,31.89,31.99,1909500,31.60
2011-03-15,32.14,32.54,31.77,32.35,2405900,31.95
2011-03-14,32.84,33.02,32.72,32.83,827500,32.43
2011-03-11,32.82,33.08,32.63,33.08,966900,32.67
2011-03-10,33.19,33.19,32.89,32.97,914300,32.57
2011-03-09,33.54,33.58,33.29,33.48,552400,33.07
2011-03-08,33.01,33.67,32.90,33.56,898700,33.15
2011-03-07,33.35,33.49,32.87,33.01,4162800,32.60
2011-03-04,33.54,33.54,32.85,33.25,2751100,32.84
2011-03-03,33.36,33.62,33.22,33.53,2643300,33.12
2011-03-02,33.24,33.35,32.76,33.06,984900,32.65
2011-03-01,34.16,34.16,33.36,33.36,855700,32.95
2011-02-28,33.89,34.12,33.71,34.05,973000,33.63
2011-02-25,33.57,33.73,33.43,33.70,697700,33.29
2011-02-24,33.61,33.74,33.18,33.39,907400,32.98
2011-02-23,33.94,34.07,33.48,33.59,838200,33.18
2011-02-22,33.93,34.04,33.79,33.90,1105900,33.48
2011-02-18,33.84,34.33,33.74,34.18,698200,33.76
2011-02-17,33.65,33.96,33.64,33.88,551300,33.46
2011-02-16,33.51,33.75,33.39,33.74,591800,33.33
2011-02-15,33.17,33.43,33.16,33.37,440400,32.96
2011-02-14,33.59,33.73,33.20,33.31,557500,32.90
2011-02-11,33.30,33.58,33.15,33.58,465700,33.17
2011-02-10,33.01,33.39,32.99,33.38,779800,32.97
2011-02-09,33.09,33.30,32.90,33.23,912400,32.82
2011-02-08,33.14,33.29,32.98,33.29,1170700,32.88
2011-02-07,33.30,33.38,33.10,33.14,1214700,32.73
2011-02-04,32.89,33.23,32.80,33.15,834100,32.74
2011-02-03,33.66,34.07,32.50,33.09,1364100,32.68
2011-02-02,32.92,32.94,32.53,32.58,866400,32.18
2011-02-01,32.21,32.91,32.21,32.88,1241700,32.48
2011-01-31,32.39,32.53,32.04,32.04,994700,31.65
2011-01-28,32.88,32.95,32.15,32.16,1086900,31.77
2011-01-27,32.37,32.80,32.37,32.79,579900,32.39
2011-01-26,32.58,32.67,32.41,32.41,1012700,32.01
2011-01-25,32.26,32.52,32.00,32.50,976700,32.10
2011-01-24,31.72,32.33,31.72,32.29,879200,31.89
2011-01-21,31.78,31.91,31.67,31.77,1735100,31.38
2011-01-20,31.77,31.96,31.70,31.76,887800,31.37
2011-01-19,32.23,32.31,31.67,31.73,681500,31.34
2011-01-18,32.20,32.28,32.08,32.24,503800,31.84
2011-01-14,31.67,32.15,31.67,32.15,571700,31.76
2011-01-13,32.05,32.14,31.77,31.85,637400,31.46
2011-01-12,31.95,32.17,31.88,32.01,601800,31.62
2011-01-11,32.07,32.26,31.62,31.70,651600,31.31
2011-01-10,31.78,31.93,31.43,31.87,726900,31.48
