Date,Open,High,Low,Close,Volume,Adj Close
2011-04-26,16.38,16.70,16.23,16.66,653900,16.66
2011-04-25,16.47,16.57,16.24,16.27,641400,16.27
2011-04-21,16.52,16.52,16.38,16.47,555000,16.47
2011-04-20,16.51,16.51,16.25,16.43,803000,16.43
2011-04-19,16.09,16.24,15.89,16.16,1008900,16.16
2011-04-18,16.07,16.09,15.68,15.98,1237700,15.98
2011-04-15,16.13,16.28,16.00,16.27,866100,16.27
2011-04-14,16.11,16.33,16.03,16.11,1325800,16.11
2011-04-13,16.59,16.64,16.00,16.20,1167700,16.20
2011-04-12,16.30,16.66,16.23,16.42,1211500,16.42
2011-04-11,17.04,17.09,16.34,16.48,1204000,16.48
2011-04-08,17.57,17.62,16.87,16.98,828400,16.98
2011-04-07,17.40,17.66,17.29,17.35,751900,17.35
2011-04-06,17.82,17.84,17.32,17.39,1239000,17.39
2011-04-05,17.49,17.81,17.34,17.68,1350900,17.68
2011-04-04,17.48,17.67,17.43,17.55,967900,17.55
2011-04-01,17.22,17.56,17.14,17.41,1264500,17.41
2011-03-31,17.29,17.42,17.13,17.27,1778500,17.27
2011-03-30,17.17,17.34,16.79,17.29,1991500,17.29
2011-03-29,16.83,17.14,16.72,17.09,1565600,16.97
2011-03-28,16.58,16.95,16.47,16.81,1960900,16.69
2011-03-25,16.17,16.70,16.15,16.53,1825800,16.41
2011-03-24,15.91,16.25,15.75,16.14,1404500,16.03
2011-03-23,15.60,16.07,15.42,15.81,1749900,15.70
2011-03-22,15.81,16.25,15.58,15.69,2232600,15.58
2011-03-21,16.04,16.19,15.89,16.06,1205400,15.95
2011-03-18,15.99,15.99,15.56,15.74,3080800,15.63
2011-03-17,15.78,16.03,15.64,15.76,977600,15.65
2011-03-16,15.85,16.11,15.35,15.45,1828200,15.34
2011-03-15,15.34,16.00,15.19,15.86,1372500,15.75
2011-03-14,15.84,16.15,15.69,15.88,1253000,15.77
2011-03-11,15.44,16.13,15.40,15.90,1357900,15.79
2011-03-10,15.55,15.77,15.35,15.46,1344100,15.35
2011-03-09,15.75,15.86,15.36,15.80,1677400,15.69
2011-03-08,15.75,16.02,15.40,15.76,1687600,15.65
2011-03-07,16.29,16.35,15.45,15.66,1713800,15.55
2011-03-04,16.40,16.55,16.06,16.27,961300,16.16
2011-03-03,16.41,16.58,16.32,16.45,792700,16.33
2011-03-02,15.92,16.39,15.83,16.17,935100,16.06
2011-03-01,16.78,16.83,15.89,15.90,1814600,15.79
2011-02-28,16.70,16.93,16.52,16.67,944300,16.55
2011-02-25,16.70,16.75,16.28,16.58,1269600,16.46
2011-02-24,16.45,16.97,16.21,16.54,1427300,16.42
2011-02-23,16.95,17.16,16.19,16.38,1776600,16.26
2011-02-22,17.27,17.61,16.89,16.90,1449700,16.78
2011-02-18,18.05,18.20,17.39,17.48,1373900,17.36
2011-02-17,17.83,18.20,17.73,18.09,1433600,17.96
2011-02-16,17.57,17.95,17.57,17.81,1198600,17.68
2011-02-15,17.16,17.69,17.16,17.49,1698100,17.37
2011-02-14,16.82,17.26,16.81,17.12,1152700,17.00
2011-02-11,16.68,16.84,16.40,16.76,1154600,16.64
2011-02-10,16.69,17.14,16.64,16.76,950900,16.64
2011-02-09,17.13,17.32,16.61,16.78,1101900,16.66
2011-02-08,17.03,17.20,16.80,17.20,993700,17.08
2011-02-07,16.88,17.09,16.82,16.96,675200,16.84
2011-02-04,17.21,17.24,16.70,16.83,931700,16.71
2011-02-03,16.93,17.18,16.64,17.17,1055400,17.05
2011-02-02,16.72,17.14,16.61,16.91,1073100,16.79
2011-02-01,16.90,17.09,16.55,16.73,2075000,16.61
2011-01-31,16.64,17.02,16.62,16.72,1080600,16.60
2011-01-28,17.12,17.29,16.49,16.51,1166600,16.39
2011-01-27,17.33,17.33,16.80,17.15,1208300,17.03
2011-01-26,16.83,17.31,16.83,17.31,1419200,17.19
2011-01-25,16.62,16.77,16.32,16.73,1340800,16.61
2011-01-24,16.01,16.85,16.01,16.67,1594500,16.55
2011-01-21,16.36,16.36,15.93,16.01,1035500,15.90
2011-01-20,16.30,16.40,15.88,16.21,1414400,16.10
2011-01-19,16.97,17.05,16.38,16.41,1237800,16.29
2011-01-18,16.95,17.01,16.70,17.01,1076900,16.89
2011-01-14,16.86,17.03,16.62,16.83,958200,16.71
2011-01-13,17.18,17.22,16.75,16.84,1163600,16.72
2011-01-12,17.25,17.26,16.87,17.16,1224600,17.04
2011-01-11,17.04,17.15,16.89,17.13,1055500,17.01
2011-01-10,16.91,17.13,16.69,16.96,1095700,16.84
