Date,Open,High,Low,Close,Volume,Adj Close
2011-04-26,18.25,18.30,18.15,18.27,4513500,18.27
2011-04-25,18.17,18.30,18.14,18.26,2554200,18.26
2011-04-21,18.16,18.28,18.08,18.28,3633900,18.28
2011-04-20,18.00,18.16,17.88,18.11,3991300,18.11
2011-04-19,17.84,17.90,17.74,17.81,4321500,17.81
2011-04-18,17.73,17.83,17.51,17.82,4153600,17.82
2011-04-15,17.77,17.93,17.60,17.88,4858400,17.88
2011-04-14,17.17,17.74,17.17,17.64,5047800,17.64
2011-04-13,17.28,17.52,17.28,17.32,4277700,17.32
2011-04-12,17.23,17.27,17.10,17.23,3880100,17.23
2011-04-11,17.48,17.50,17.21,17.32,3789200,17.32
2011-04-08,17.60,17.70,17.37,17.50,2964900,17.50
2011-04-07,17.72,17.72,17.48,17.49,3972200,17.49
2011-04-06,17.77,17.83,17.66,17.71,2418800,17.71
2011-04-05,17.81,17.92,17.63,17.68,3030400,17.68
2011-04-04,18.05,18.05,17.79,17.91,3298400,17.91
2011-04-01,17.72,17.88,17.67,17.75,2220600,17.75
2011-03-31,17.66,17.75,17.56,17.56,2981900,17.56
2011-03-30,17.40,17.76,17.33,17.68,3853900,17.68
2011-03-29,17.19,17.32,17.08,17.29,2495900,17.29
2011-03-28,17.23,17.45,17.14,17.17,3354200,17.17
2011-03-25,17.16,17.37,17.08,17.13,3854100,17.13
2011-03-24,17.02,17.20,16.92,17.17,3924200,17.17
2011-03-23,16.90,17.02,16.79,16.96,5099800,16.96
2011-03-22,17.12,17.21,16.87,16.89,6187200,16.89
2011-03-21,17.02,17.22,16.86,17.10,13789600,17.10
2011-03-18,15.28,16.73,15.18,16.67,28385400,16.67
2011-03-17,15.53,15.53,15.09,15.20,10243100,15.20
2011-03-16,15.52,15.58,15.24,15.32,5608900,15.32
2011-03-15,15.40,15.72,15.40,15.58,6697400,15.58
2011-03-14,15.99,16.01,15.67,15.75,9339400,15.75
2011-03-11,16.07,16.15,15.99,16.10,2864800,16.10
2011-03-10,16.15,16.19,15.94,16.02,4924200,16.02
2011-03-09,16.04,16.25,16.04,16.24,2952600,16.24
2011-03-08,15.83,16.13,15.81,16.10,2932900,16.10
2011-03-07,15.91,16.09,15.80,15.82,3304700,15.82
2011-03-04,15.90,15.95,15.70,15.88,3498700,15.88
2011-03-03,15.82,15.97,15.77,15.92,4604500,15.92
2011-03-02,15.36,15.78,15.35,15.76,5699300,15.76
2011-03-01,15.84,16.10,15.63,15.64,5873500,15.64
2011-02-28,15.70,15.97,15.60,15.86,4044500,15.86
2011-02-25,15.55,15.69,15.47,15.68,3380600,15.68
2011-02-24,15.53,15.65,15.40,15.47,4854700,15.47
2011-02-23,15.76,15.83,15.54,15.54,4142500,15.54
2011-02-22,15.76,15.90,15.72,15.78,2085000,15.78
2011-02-18,15.90,15.91,15.81,15.90,2833700,15.90
2011-02-17,15.86,15.94,15.83,15.91,2038700,15.91
2011-02-16,16.00,16.06,15.86,15.92,2152800,15.92
2011-02-15,15.83,16.01,15.80,15.96,3312000,15.96
2011-02-14,16.04,16.04,15.82,15.88,3246200,15.88
2011-02-11,16.04,16.29,16.03,16.19,2857600,15.99
2011-02-10,16.09,16.21,16.02,16.13,2289700,15.93
2011-02-09,16.17,16.19,16.01,16.10,2945400,15.90
2011-02-08,16.31,16.35,16.22,16.24,2291400,16.04
2011-02-07,16.18,16.35,16.15,16.34,10423000,16.14
2011-02-04,16.19,16.20,16.00,16.14,6955300,15.94
2011-02-03,16.08,16.19,16.01,16.16,8149700,15.96
2011-02-02,16.20,16.26,16.07,16.07,2435700,15.87
2011-02-01,16.23,16.27,16.17,16.25,3181100,16.05
2011-01-31,16.09,16.26,16.00,16.15,4686400,15.95
2011-01-28,16.16,16.17,15.92,16.03,3912800,15.83
2011-01-27,16.13,16.20,16.06,16.15,2713600,15.95
2011-01-26,16.12,16.16,16.05,16.11,1779100,15.91
2011-01-25,16.02,16.15,16.01,16.15,3148400,15.95
2011-01-24,15.90,16.10,15.84,16.09,7371000,15.89
2011-01-21,16.04,16.06,15.89,15.90,5661800,15.71
2011-01-20,15.82,16.21,15.82,15.94,4982600,15.75
2011-01-19,15.77,15.84,15.70,15.82,2882700,15.63
2011-01-18,15.74,15.79,15.65,15.74,2894200,15.55
2011-01-14,15.77,15.80,15.63,15.70,2404200,15.51
2011-01-13,15.78,15.83,15.71,15.77,2160900,15.58
2011-01-12,15.73,15.82,15.66,15.77,2999000,15.58
2011-01-11,15.76,15.77,15.62,15.63,3714800,15.44
2011-01-10,15.59,15.74,15.48,15.74,3209700,15.55
