Date,Open,High,Low,Close,Volume,Adj Close
2011-04-26,75.19,76.95,74.93,76.62,4095500,76.62
2011-04-25,74.83,75.04,74.35,74.63,2362500,74.63
2011-04-21,74.80,75.65,74.52,74.65,5143000,74.65
2011-04-20,77.07,77.07,72.10,74.03,12660000,74.03
2011-04-19,75.74,76.16,75.45,76.04,4166400,76.04
2011-04-18,75.75,76.18,74.67,75.35,3171700,75.35
2011-04-15,76.29,76.95,75.75,76.66,3561800,76.66
2011-04-14,75.81,76.20,75.16,76.11,3405600,76.11
2011-04-13,75.75,76.28,75.05,76.11,3981500,76.11
2011-04-12,74.76,76.35,74.71,75.37,5591400,75.37
2011-04-11,76.97,77.25,75.93,76.21,2541300,76.21
2011-04-08,78.19,78.25,76.35,76.92,2954600,76.92
2011-04-07,78.39,78.39,77.46,77.91,3200700,77.91
2011-04-06,78.10,78.25,77.05,77.90,3428900,77.90
2011-04-05,78.47,78.71,77.58,77.65,3096300,77.65
2011-04-04,78.99,79.30,78.45,78.91,2534400,78.91
2011-04-01,79.26,79.90,79.03,79.39,3797800,79.39
2011-03-31,77.62,78.88,77.50,78.60,4101900,78.60
2011-03-30,80.42,80.42,77.56,77.57,6310100,77.57
2011-03-29,79.54,80.24,79.22,80.01,3632800,80.01
2011-03-28,79.52,80.27,79.31,79.78,2443300,79.78
2011-03-25,79.02,79.58,78.60,79.16,3155600,79.16
2011-03-24,78.75,79.19,78.55,78.96,3470600,78.96
2011-03-23,78.81,78.87,77.85,78.35,3597400,78.35
2011-03-22,78.25,78.90,77.90,78.37,4532300,78.37
2011-03-21,77.25,78.23,76.82,78.09,3274400,78.09
2011-03-18,76.75,76.98,76.00,76.22,3460000,76.22
2011-03-17,74.98,77.24,74.48,75.72,5326100,75.72
2011-03-16,74.65,75.13,73.12,73.74,4716500,73.74
2011-03-15,72.50,75.28,71.92,74.74,4600900,74.74
2011-03-14,74.55,75.20,73.57,74.42,2845100,74.42
2011-03-11,73.90,75.34,72.92,74.89,3263000,74.89
2011-03-10,74.77,75.10,73.50,74.57,4112000,74.57
2011-03-09,75.41,76.28,74.79,75.88,3363500,75.88
2011-03-08,74.54,75.91,74.14,75.66,2357100,75.66
2011-03-07,75.26,75.55,73.40,74.23,2980200,74.23
2011-03-04,75.62,75.67,74.02,74.96,2654700,74.96
2011-03-03,74.74,75.94,74.25,75.70,3176500,75.70
2011-03-02,72.72,73.98,72.51,73.80,2746400,73.80
2011-03-01,74.81,75.25,72.33,72.58,4137400,72.58
2011-02-28,73.81,74.89,73.75,74.66,3078100,74.66
2011-02-25,72.55,73.54,72.13,73.32,2439700,73.32
2011-02-24,71.02,72.44,70.82,71.89,3009300,71.89
2011-02-23,72.92,73.07,70.41,71.54,4123400,71.28
2011-02-22,73.96,74.40,72.70,72.93,3059800,72.66
2011-02-18,74.95,75.00,74.41,74.76,3080600,74.49
2011-02-17,74.51,75.00,74.15,74.91,2233900,74.64
2011-02-16,74.58,75.00,74.07,74.70,2559800,74.43
2011-02-15,73.87,74.59,73.62,74.14,3611900,73.87
2011-02-14,73.24,74.33,72.83,74.15,3443100,73.88
2011-02-11,71.67,73.46,71.65,73.24,2930000,72.97
2011-02-10,70.60,72.00,70.51,71.88,2242400,71.62
2011-02-09,70.30,71.22,70.05,70.99,2168800,70.73
2011-02-08,71.06,71.11,70.11,70.68,2445000,70.42
2011-02-07,69.73,71.14,69.73,70.70,3138300,70.44
2011-02-04,69.71,70.25,69.07,69.70,3036300,69.45
2011-02-03,70.80,71.34,69.50,69.50,3835500,69.25
2011-02-02,71.72,72.04,70.91,70.97,3228800,70.71
2011-02-01,71.28,72.02,71.11,71.87,3062300,71.61
2011-01-31,69.68,70.62,69.49,70.60,4172300,70.34
2011-01-28,71.10,71.39,69.19,69.28,3596800,69.03
2011-01-27,71.28,71.44,70.58,70.92,2881600,70.66
2011-01-26,70.85,71.47,70.35,71.02,5742400,70.76
2011-01-25,69.07,70.29,68.19,70.25,8808700,69.99
2011-01-24,67.65,67.98,67.36,67.71,3765900,67.46
2011-01-21,68.04,68.46,67.16,67.64,3791200,67.39
2011-01-20,67.18,68.19,66.76,67.74,5511900,67.49
2011-01-19,68.90,69.18,67.96,68.31,4109400,68.06
2011-01-18,69.21,69.46,68.75,68.94,3733300,68.69
2011-01-14,69.32,69.58,68.77,69.21,2939400,68.96
2011-01-13,68.79,69.41,68.56,69.27,3964600,69.02
2011-01-12,68.42,69.00,68.02,68.70,3596100,68.45
2011-01-11,68.73,68.77,67.61,68.00,3200500,67.75
2011-01-10,67.13,68.29,67.06,67.98,3995300,67.73
