Date,Open,High,Low,Close,Volume,Adj Close
2011-04-26,9.27,10.06,9.21,9.99,42708800,9.99
2011-04-25,9.03,9.24,9.00,9.00,12798000,9.00
2011-04-21,9.02,9.18,9.00,9.05,9601900,9.05
2011-04-20,9.12,9.19,8.91,9.07,21788700,9.07
2011-04-19,9.19,9.24,9.03,9.13,10729500,9.13
2011-04-18,9.27,9.42,9.01,9.14,23191400,9.14
2011-04-15,9.34,9.45,9.13,9.25,15754300,9.25
2011-04-14,9.56,9.61,9.22,9.35,10837100,9.35
2011-04-13,9.91,9.99,9.51,9.58,16160700,9.58
2011-04-12,9.38,10.13,9.38,9.90,41929600,9.90
2011-04-11,9.00,9.52,8.99,9.43,24897700,9.43
2011-04-08,9.37,9.38,8.93,9.04,23145000,9.04
2011-04-07,9.59,9.61,9.33,9.41,13453400,9.41
2011-04-06,9.79,9.79,9.31,9.59,20997600,9.59
2011-04-05,9.79,9.82,9.69,9.70,13820500,9.70
2011-04-04,9.79,9.88,9.70,9.83,8698400,9.83
2011-04-01,9.89,9.94,9.77,9.82,9176700,9.82
2011-03-31,9.84,9.98,9.71,9.80,11487500,9.80
2011-03-30,9.86,10.06,9.81,9.94,16671800,9.94
2011-03-29,9.96,10.00,9.75,9.79,13127900,9.79
2011-03-28,9.96,10.02,9.83,9.91,14556400,9.91
2011-03-25,10.08,10.14,9.80,9.80,19484500,9.80
2011-03-24,9.92,10.08,9.86,10.01,20215600,10.01
2011-03-23,9.93,10.10,9.73,9.91,18303400,9.91
2011-03-22,10.28,10.32,9.92,10.00,19680100,10.00
2011-03-21,10.22,10.35,10.00,10.17,16684200,10.17
2011-03-18,10.18,10.39,10.08,10.24,23324800,10.24
2011-03-17,10.38,10.50,9.83,9.86,24147900,9.86
2011-03-16,10.70,10.75,10.14,10.20,18074700,10.20
2011-03-15,10.51,10.94,10.45,10.69,14991100,10.69
2011-03-14,11.18,11.25,10.82,10.97,11344400,10.97
2011-03-11,11.28,11.64,11.15,11.23,19396900,11.23
2011-03-10,10.86,11.46,10.68,11.18,28579300,11.18
2011-03-09,10.74,10.92,10.64,10.88,14066700,10.88
2011-03-08,10.17,11.17,10.12,11.07,32077000,11.07
2011-03-07,10.01,10.21,9.91,10.09,23553500,10.09
2011-03-04,10.28,10.28,9.87,9.91,17888700,9.91
2011-03-03,10.44,10.58,10.08,10.26,34584500,10.26
2011-03-02,10.63,10.80,10.12,10.15,23831900,10.15
2011-03-01,11.26,11.26,10.60,10.61,16176000,10.61
2011-02-28,11.03,11.32,11.01,11.24,20998700,11.24
2011-02-25,11.25,11.29,11.00,11.12,16741600,11.12
2011-02-24,10.79,11.31,10.67,11.13,25498500,11.13
2011-02-23,10.63,11.08,10.37,11.02,35794200,11.02
2011-02-22,10.99,10.99,10.45,10.74,34083100,10.74
2011-02-18,11.74,11.74,11.40,11.50,13203300,11.50
2011-02-17,11.85,11.87,11.60,11.65,12979000,11.65
2011-02-16,11.95,12.13,11.71,11.82,12390100,11.82
2011-02-15,11.78,11.99,11.66,11.90,11202400,11.90
2011-02-14,11.90,12.01,11.63,11.82,12949100,11.82
2011-02-11,11.65,12.03,11.61,11.90,16926800,11.90
2011-02-10,11.61,11.78,11.53,11.69,15732700,11.69
2011-02-09,11.88,11.91,11.74,11.74,28676400,11.74
2011-02-08,11.61,11.99,11.59,11.86,15172000,11.86
2011-02-07,11.49,11.70,11.45,11.55,13949600,11.55
2011-02-04,11.53,11.56,11.35,11.40,14999500,11.40
2011-02-03,11.41,11.86,11.39,11.53,15575000,11.53
2011-02-02,11.67,11.73,11.32,11.35,14214300,11.35
2011-02-01,11.75,11.88,11.65,11.79,10836000,11.79
2011-01-31,12.09,12.12,11.67,11.67,13665000,11.67
2011-01-28,12.23,12.29,11.59,11.83,16905000,11.83
2011-01-27,11.95,12.34,11.90,12.30,18365800,12.30
2011-01-26,11.80,12.01,11.73,11.98,24451000,11.98
2011-01-25,11.93,12.02,11.49,11.63,18292600,11.63
2011-01-24,11.63,12.07,11.61,12.02,22252200,12.02
2011-01-21,11.71,11.78,11.39,11.54,15559900,11.54
2011-01-20,11.37,11.61,11.11,11.61,21903600,11.61
2011-01-19,11.86,11.95,11.35,11.45,21069900,11.45
2011-01-18,12.49,12.55,11.70,11.70,24240100,11.70
2011-01-14,12.51,12.81,12.50,12.75,11113000,12.75
2011-01-13,12.58,12.68,12.28,12.61,8514800,12.61
2011-01-12,12.52,12.55,12.32,12.51,6715400,12.51
2011-01-11,12.70,12.70,12.32,12.35,7395400,12.35
2011-01-10,12.98,12.98,12.56,12.60,10294200,12.60
