Date,Open,High,Low,Close,Volume,Adj Close
2011-04-26,124.79,125.88,124.65,125.70,6237400,125.70
2011-04-25,124.66,124.71,124.21,124.55,4441200,124.55
2011-04-21,124.63,124.81,124.19,124.79,4019100,124.79
2011-04-20,123.93,124.53,123.76,124.34,6708700,124.34
2011-04-19,121.96,122.49,121.73,122.39,5007200,122.39
2011-04-18,121.83,121.88,120.65,121.74,10033200,121.74
2011-04-15,122.88,123.42,122.45,123.19,5299500,123.19
2011-04-14,121.97,122.89,121.46,122.72,4338300,122.61
2011-04-13,123.17,123.21,122.08,122.55,4278200,122.44
2011-04-12,122.92,123.10,122.17,122.46,5161400,122.35
2011-04-11,123.79,124.28,123.36,123.64,5467500,123.53
2011-04-08,124.29,124.35,123.05,123.65,6080300,123.54
2011-04-07,124.04,124.25,123.11,123.91,6542200,123.80
2011-04-06,124.21,124.36,123.80,124.17,4246000,124.06
2011-04-05,123.52,124.14,123.26,123.65,8523300,123.54
2011-04-04,123.64,123.84,123.45,123.76,6278900,123.65
2011-04-01,123.59,123.95,123.14,123.46,5203200,123.35
2011-03-31,123.18,123.56,122.95,123.02,4355100,122.91
2011-03-30,123.00,123.58,122.94,123.21,4100800,123.10
2011-03-29,121.74,122.60,121.49,122.51,6025800,122.40
2011-03-28,122.11,122.46,121.70,121.76,2663400,121.65
2011-03-25,121.70,122.33,121.60,121.96,6604100,121.85
2011-03-24,121.25,121.65,120.72,121.46,4827100,121.35
2011-03-23,119.68,120.91,119.44,120.63,6693400,120.52
2011-03-22,120.15,120.24,119.77,119.92,6360500,119.81
2011-03-21,119.55,120.52,119.55,120.07,7615000,119.96
2011-03-18,118.83,119.01,118.00,118.27,10498900,118.16
2011-03-17,117.45,117.98,116.91,117.69,7902300,117.36
2011-03-16,117.99,118.21,115.51,116.16,16469000,115.83
2011-03-15,117.10,119.13,116.92,118.43,14786600,118.09
2011-03-14,119.77,120.11,118.92,119.85,8026700,119.51
2011-03-11,119.27,120.84,119.22,120.42,10479900,120.08
2011-03-10,120.95,121.05,119.62,119.73,15698000,119.39
2011-03-09,121.87,122.46,121.45,122.01,7819900,121.66
2011-03-08,120.87,122.39,120.58,121.99,8009200,121.64
2011-03-07,121.77,122.26,120.21,120.71,8355500,120.37
2011-03-04,122.43,122.53,120.60,121.47,10366700,121.13
2011-03-03,121.44,122.66,121.43,122.36,7297200,122.01
2011-03-02,120.25,120.98,120.00,120.45,8298400,120.11
2011-03-01,122.40,122.48,120.37,120.37,9666700,120.03
2011-02-28,121.50,122.18,121.44,122.15,5759600,121.80
2011-02-25,120.94,121.33,120.74,121.14,5649800,120.80
2011-02-24,120.77,121.04,119.56,120.42,12247300,120.08
2011-02-23,121.67,121.77,120.36,120.85,14461100,120.51
2011-02-22,122.87,123.28,121.49,121.89,9844300,121.54
2011-02-18,122.97,123.64,122.82,123.60,6320900,123.25
2011-02-17,122.65,123.34,122.57,123.16,4856500,122.51
2011-02-16,122.49,123.06,122.37,122.88,5680000,122.23
2011-02-15,122.34,122.37,121.88,122.20,4854700,121.56
2011-02-14,122.49,122.71,122.30,122.61,4093900,121.97
2011-02-11,121.82,122.76,121.71,122.65,6887200,122.00
2011-02-10,121.77,122.25,121.43,122.17,7202200,121.53
2011-02-09,122.11,122.40,121.75,122.28,7682100,121.64
2011-02-08,121.45,122.22,121.33,122.14,6032000,121.50
2011-02-07,120.88,121.65,120.85,121.35,7317100,120.71
2011-02-04,120.37,120.69,120.02,120.69,5191300,120.06
2011-02-03,120.03,120.57,119.56,120.37,6338100,119.74
2011-02-02,119.89,120.32,119.89,120.10,4231200,119.47
2011-02-01,119.16,120.23,119.08,120.09,7626900,119.46
2011-01-31,118.25,118.65,117.88,118.60,8965000,117.98
2011-01-28,119.66,119.86,117.76,118.02,17156100,117.40
2011-01-27,119.62,119.93,119.45,119.64,7393200,119.01
2011-01-26,119.55,119.94,119.34,119.61,9154100,118.98
2011-01-25,119.30,119.59,118.71,119.49,10474000,118.86
2011-01-24,118.36,119.58,118.34,119.56,12299400,118.93
2011-01-21,118.71,118.80,117.97,118.46,9663000,117.84
2011-01-20,117.84,118.34,117.33,118.12,10935600,117.36
2011-01-19,118.35,118.49,117.86,118.16,9080300,117.40
2011-01-18,117.76,118.43,117.74,118.23,4665700,117.46
2011-01-14,116.88,117.77,116.81,117.69,5885800,116.93
2011-01-13,117.37,117.38,116.82,117.20,6056800,116.44
2011-01-12,117.15,117.65,117.01,117.40,5255800,116.64
2011-01-11,116.63,116.86,116.17,116.55,5122600,115.80
2011-01-10,116.16,116.34,115.56,116.20,6166700,115.45
