Date,Open,High,Low,Close,Volume,Adj Close
2011-04-26,0.84,0.85,0.83,0.84,946200,0.84
2011-04-25,0.82,0.85,0.81,0.84,997900,0.84
2011-04-21,0.87,0.87,0.79,0.83,3254600,0.83
2011-04-20,0.87,0.88,0.86,0.86,885800,0.86
2011-04-19,0.88,0.89,0.86,0.86,1035600,0.86
2011-04-18,0.90,0.90,0.87,0.88,1433500,0.88
2011-04-15,0.87,0.92,0.87,0.90,2060400,0.90
2011-04-14,0.87,0.89,0.87,0.88,974900,0.88
2011-04-13,0.87,0.90,0.87,0.88,1505800,0.88
2011-04-12,0.88,0.88,0.86,0.87,1780800,0.87
2011-04-11,0.88,0.91,0.88,0.88,1624200,0.88
2011-04-08,0.93,0.95,0.90,0.90,2245800,0.90
2011-04-07,0.90,0.93,0.88,0.92,2148600,0.92
2011-04-06,0.89,0.94,0.88,0.90,3420400,0.90
2011-04-05,0.86,0.90,0.86,0.89,1530500,0.89
2011-04-04,0.90,0.91,0.85,0.88,2287000,0.88
2011-04-01,0.92,0.92,0.90,0.90,1572400,0.90
2011-03-31,0.91,0.92,0.88,0.91,2482400,0.91
2011-03-30,0.93,0.93,0.91,0.91,1683500,0.91
2011-03-29,0.90,0.94,0.90,0.92,2117800,0.92
2011-03-28,0.91,0.94,0.90,0.92,1752400,0.92
2011-03-25,0.94,0.94,0.90,0.91,2611500,0.91
2011-03-24,0.98,0.99,0.93,0.93,3447800,0.93
2011-03-23,0.90,0.96,0.88,0.94,6401500,0.94
2011-03-22,0.86,0.89,0.84,0.88,5776200,0.88
2011-03-21,0.89,0.91,0.85,0.87,4185700,0.87
2011-03-18,0.90,0.91,0.88,0.89,2589500,0.89
2011-03-17,0.93,0.97,0.87,0.88,9048900,0.88
2011-03-16,1.00,1.04,0.91,0.93,5788200,0.93
2011-03-15,0.85,0.97,0.84,0.96,6657500,0.96
2011-03-14,0.96,0.97,0.89,0.89,5088400,0.89
2011-03-11,0.96,0.99,0.93,0.96,4428300,0.96
2011-03-10,1.01,1.04,0.93,0.97,7901500,0.97
2011-03-09,1.09,1.11,1.02,1.04,5165200,1.04
2011-03-08,1.14,1.15,1.05,1.08,5480800,1.08
2011-03-07,1.20,1.24,1.11,1.13,11307700,1.13
2011-03-04,1.08,1.22,1.05,1.14,16426600,1.14
2011-03-03,1.05,1.09,1.01,1.05,6162400,1.05
2011-03-02,1.20,1.21,1.00,1.05,19207700,1.05
2011-03-01,1.28,1.33,1.14,1.17,22661700,1.17
2011-02-28,1.07,1.28,1.06,1.17,38969500,1.17
2011-02-25,0.89,1.00,0.83,0.99,9382800,0.99
2011-02-24,0.79,0.90,0.79,0.86,13969800,0.86
2011-02-23,0.74,0.78,0.72,0.77,4033500,0.77
2011-02-22,0.73,0.77,0.72,0.73,2986400,0.73
2011-02-18,0.75,0.76,0.72,0.73,1136600,0.73
2011-02-17,0.76,0.76,0.74,0.74,965800,0.74
2011-02-16,0.74,0.76,0.73,0.75,1828000,0.75
2011-02-15,0.72,0.74,0.72,0.73,1021000,0.73
2011-02-14,0.74,0.75,0.72,0.72,1397800,0.72
2011-02-11,0.72,0.75,0.72,0.75,1368300,0.75
2011-02-10,0.72,0.73,0.72,0.72,749500,0.72
2011-02-09,0.73,0.73,0.72,0.73,1069100,0.73
2011-02-08,0.73,0.74,0.73,0.73,839200,0.73
2011-02-07,0.75,0.75,0.73,0.74,845200,0.74
2011-02-04,0.74,0.75,0.73,0.75,997900,0.75
2011-02-03,0.75,0.77,0.73,0.73,1234800,0.73
2011-02-02,0.73,0.77,0.72,0.75,1905900,0.75
2011-02-01,0.73,0.74,0.72,0.73,1000300,0.73
2011-01-31,0.73,0.75,0.72,0.72,1907300,0.72
2011-01-28,0.74,0.75,0.73,0.73,1602200,0.73
2011-01-27,0.75,0.76,0.74,0.75,929500,0.75
2011-01-26,0.74,0.75,0.73,0.75,891500,0.75
2011-01-25,0.75,0.75,0.73,0.74,1977800,0.74
2011-01-24,0.79,0.80,0.73,0.75,4725900,0.75
2011-01-21,0.81,0.81,0.79,0.79,2045900,0.79
2011-01-20,0.77,0.80,0.77,0.79,1487500,0.79
2011-01-19,0.79,0.79,0.77,0.77,1275100,0.77
2011-01-18,0.80,0.81,0.78,0.78,1887200,0.78
2011-01-14,0.79,0.80,0.77,0.80,2027500,0.80
2011-01-13,0.82,0.83,0.79,0.79,2919800,0.79
2011-01-12,0.77,0.83,0.76,0.81,9090800,0.81
2011-01-11,0.76,0.77,0.74,0.76,2586500,0.76
2011-01-10,0.75,0.76,0.74,0.74,2688700,0.74
