Date,Open,High,Low,Close,Volume,Adj Close
2011-04-26,17.26,17.29,16.95,17.02,1735600,17.02
2011-04-25,17.30,17.42,17.28,17.33,1222500,17.33
2011-04-21,17.30,17.52,17.26,17.26,1507700,17.26
2011-04-20,17.50,17.55,17.33,17.38,2642600,17.38
2011-04-19,18.09,18.16,17.93,17.98,1215100,17.98
2011-04-18,18.14,18.47,18.11,18.15,3075700,18.15
2011-04-15,17.84,17.96,17.67,17.73,1440800,17.73
2011-04-14,18.13,18.28,17.86,17.89,1729600,17.89
2011-04-13,17.78,18.10,17.77,17.96,1633800,17.96
2011-04-12,17.86,18.07,17.80,17.97,2045400,17.97
2011-04-11,17.61,17.74,17.46,17.64,1447400,17.64
2011-04-08,17.47,17.82,17.45,17.66,1154300,17.66
2011-04-07,17.54,17.80,17.48,17.57,1468700,17.57
2011-04-06,17.49,17.61,17.45,17.50,1207100,17.50
2011-04-05,17.67,17.76,17.52,17.66,1532600,17.66
2011-04-04,17.66,17.72,17.60,17.62,1162600,17.62
2011-04-01,17.68,17.81,17.57,17.72,1579000,17.72
2011-03-31,17.80,17.87,17.69,17.85,1862600,17.85
2011-03-30,17.86,17.87,17.68,17.78,1664200,17.78
2011-03-29,18.25,18.31,17.97,18.00,1478800,18.00
2011-03-28,18.13,18.24,18.01,18.22,934600,18.22
2011-03-25,18.26,18.28,18.05,18.18,1635700,18.18
2011-03-24,18.39,18.54,18.25,18.32,1765800,18.32
2011-03-23,18.89,18.94,18.49,18.58,2190800,18.58
2011-03-22,18.73,18.84,18.69,18.80,1155600,18.80
2011-03-21,18.92,18.92,18.60,18.75,2319300,18.75
2011-03-18,19.15,19.43,19.09,19.32,2557700,19.32
2011-03-17,19.70,19.88,19.50,19.61,2914800,19.61
2011-03-16,19.56,20.36,19.48,20.15,6613200,20.15
2011-03-15,19.83,19.88,19.18,19.38,5589800,19.38
2011-03-14,18.98,19.24,18.87,18.94,2633000,18.94
2011-03-11,19.16,19.21,18.64,18.80,3104000,18.80
2011-03-10,18.62,19.03,18.62,18.99,3507700,18.99
2011-03-09,18.36,18.48,18.17,18.31,2504100,18.31
2011-03-08,18.67,18.75,18.20,18.31,2376300,18.31
2011-03-07,18.41,18.87,18.25,18.71,3252600,18.71
2011-03-04,18.19,18.74,18.18,18.48,3794400,18.48
2011-03-03,18.51,18.51,18.13,18.21,2263800,18.21
2011-03-02,18.89,18.96,18.66,18.82,1809000,18.82
2011-03-01,18.22,18.85,18.21,18.84,2433200,18.84
2011-02-28,18.49,18.53,18.30,18.30,2193100,18.30
2011-02-25,18.68,18.74,18.56,18.61,1713300,18.61
2011-02-24,18.73,19.11,18.65,18.84,2961900,18.84
2011-02-23,18.47,18.86,18.43,18.72,2511800,18.72
2011-02-22,18.14,18.53,17.99,18.42,3634900,18.42
2011-02-18,18.09,18.14,17.90,17.91,1176700,17.91
2011-02-17,18.29,18.30,18.07,18.13,1088200,18.13
2011-02-16,18.33,18.37,18.16,18.21,1340800,18.21
2011-02-15,18.39,18.51,18.36,18.43,903600,18.43
2011-02-14,18.32,18.38,18.27,18.30,746800,18.30
2011-02-11,18.55,18.57,18.25,18.29,2243600,18.29
2011-02-10,18.57,18.66,18.41,18.43,1405000,18.43
2011-02-09,18.45,18.56,18.36,18.41,1390200,18.41
2011-02-08,18.66,18.69,18.42,18.45,1277100,18.45
2011-02-07,18.85,18.86,18.59,18.69,1570800,18.69
2011-02-04,18.98,19.11,18.90,18.91,1087100,18.91
2011-02-03,19.11,19.25,18.93,19.00,1632200,19.00
2011-02-02,19.15,19.15,19.01,19.07,1486100,19.07
2011-02-01,19.39,19.42,19.04,19.09,3618000,19.09
2011-01-31,19.71,19.82,19.57,19.58,1624200,19.58
2011-01-28,19.25,19.86,19.19,19.79,4273300,19.79
2011-01-27,19.27,19.33,19.17,19.26,1434800,19.26
2011-01-26,19.27,19.35,19.16,19.28,2112000,19.28
2011-01-25,19.38,19.56,19.26,19.29,2277900,19.29
2011-01-24,19.68,19.69,19.28,19.31,3100700,19.31
2011-01-21,19.59,19.73,19.54,19.64,1708700,19.64
2011-01-20,19.92,20.09,19.74,19.81,3233700,19.81
2011-01-19,19.74,19.91,19.69,19.80,1874600,19.80
2011-01-18,19.93,19.93,19.71,19.78,1396100,19.78
2011-01-14,20.26,20.27,19.94,19.96,1103400,19.96
2011-01-13,20.08,20.27,20.08,20.15,1014400,20.15
2011-01-12,20.17,20.20,19.98,20.08,1435300,20.08
2011-01-11,20.35,20.50,20.25,20.38,972500,20.38
2011-01-10,20.49,20.71,20.44,20.49,1011900,20.49
