Date,Open,High,Low,Close,Volume,Adj Close
2011-04-26,44.06,44.88,43.43,44.83,1583000,44.83
2011-04-25,44.68,44.75,43.34,43.78,1148400,43.78
2011-04-21,44.33,44.78,43.81,44.68,1402700,44.68
2011-04-20,43.42,43.72,42.96,43.47,2125000,43.47
2011-04-19,40.07,40.85,40.00,40.78,1145400,40.78
2011-04-18,39.85,39.88,38.30,39.34,3151300,39.34
2011-04-15,42.17,42.32,41.38,42.29,1157400,42.29
2011-04-14,41.59,42.42,41.08,42.14,2053000,42.14
2011-04-13,42.98,43.15,41.21,41.83,2702400,41.83
2011-04-12,42.16,42.40,40.61,40.93,2486800,40.93
2011-04-11,44.55,44.65,42.95,43.33,1893900,43.33
2011-04-08,45.44,45.48,44.17,44.87,1179500,44.87
2011-04-07,44.95,45.53,43.94,44.66,1447700,44.66
2011-04-06,45.38,45.55,44.57,44.69,1615900,44.69
2011-04-05,43.87,44.85,43.55,44.17,1856300,44.17
2011-04-04,43.85,44.50,43.50,44.50,1711300,44.50
2011-04-01,42.69,43.58,42.19,43.17,2712100,43.17
2011-03-31,40.94,41.54,40.89,41.34,2770200,41.34
2011-03-30,39.75,40.62,39.68,40.26,2775600,40.26
2011-03-29,38.02,38.83,37.60,38.71,1777300,38.71
2011-03-28,37.98,38.30,37.50,37.57,1692000,37.57
2011-03-25,38.16,38.82,37.88,38.14,2181100,38.14
2011-03-24,37.50,38.38,37.02,38.23,3125400,38.23
2011-03-23,35.82,37.22,35.54,36.91,1759300,36.91
2011-03-22,35.67,35.75,35.16,35.75,1677300,35.75
2011-03-21,35.96,36.30,35.74,35.94,2034000,35.94
2011-03-18,34.91,35.02,34.07,34.14,2135400,34.14
2011-03-17,34.14,34.36,33.30,33.90,3272000,33.90
2011-03-16,34.87,35.13,31.88,32.84,3368600,32.84
2011-03-15,32.50,35.38,32.47,34.88,3160600,34.88
2011-03-14,35.67,36.64,35.23,36.54,1317600,36.54
2011-03-11,34.43,36.29,34.22,35.91,2295000,35.91
2011-03-10,36.23,36.25,34.77,35.15,3907900,35.15
2011-03-09,38.21,38.60,37.57,38.28,1671200,38.28
2011-03-08,37.59,38.70,36.83,38.06,1940000,38.06
2011-03-07,38.40,38.57,36.30,36.69,2356300,36.69
2011-03-04,38.49,38.90,37.31,38.37,2738700,38.37
2011-03-03,37.39,38.37,37.25,38.21,3609000,38.21
2011-03-02,35.06,36.30,35.06,36.06,2676500,36.06
2011-03-01,36.52,36.63,34.57,34.72,1345900,34.72
2011-02-28,35.70,36.17,35.22,35.98,1530900,35.98
2011-02-25,35.03,35.41,34.46,35.21,2260100,35.21
2011-02-24,33.78,34.22,33.12,34.06,2317100,34.06
2011-02-23,34.14,34.54,32.76,33.90,3010500,33.90
2011-02-22,35.10,35.78,33.46,33.95,3869000,33.95
2011-02-18,36.99,37.57,36.68,37.24,1441600,37.24
2011-02-17,35.99,36.78,35.87,36.65,1025100,36.65
2011-02-16,35.76,36.46,35.53,36.23,1916800,36.23
2011-02-15,35.23,35.78,35.01,35.37,1453900,35.37
2011-02-14,35.88,35.92,35.22,35.27,1388700,35.27
2011-02-11,33.80,35.81,33.75,35.61,2911900,35.61
2011-02-10,34.11,34.94,33.62,34.36,3116100,34.36
2011-02-09,36.45,36.77,34.98,35.56,3918100,35.56
2011-02-08,37.57,38.10,37.11,38.10,1346700,38.10
2011-02-07,37.51,38.36,37.43,37.83,1266100,37.83
2011-02-04,38.01,38.24,36.92,37.82,1029700,37.82
2011-02-03,38.28,38.43,37.25,37.90,1035600,37.90
2011-02-02,38.52,39.34,37.86,37.90,1603700,37.90
2011-02-01,37.17,38.95,37.09,38.71,2611100,38.71
2011-01-31,36.11,36.63,35.70,36.37,2000100,36.37
2011-01-28,38.35,38.35,35.00,35.27,3994100,35.27
2011-01-27,39.50,39.64,38.61,38.74,1232400,38.74
2011-01-26,39.27,39.61,38.82,39.15,1281000,39.15
2011-01-25,38.36,38.61,37.45,38.27,1068500,38.27
2011-01-24,38.14,38.96,37.91,38.95,1313000,38.95
2011-01-21,39.31,39.54,38.00,38.17,1150500,38.17
2011-01-20,39.71,39.73,38.11,39.21,1938800,39.21
2011-01-19,41.91,41.95,40.16,40.55,963500,40.55
2011-01-18,41.43,41.81,41.30,41.55,905900,41.55
2011-01-14,40.89,41.70,40.89,41.65,1260700,41.65
2011-01-13,42.28,42.28,41.09,41.41,1100800,41.41
2011-01-12,41.66,42.47,41.52,42.45,1708400,42.45
2011-01-11,40.18,40.44,39.70,40.03,1208100,40.03
2011-01-10,38.89,39.11,38.26,38.96,1247600,38.96
