Date,Open,High,Low,Close,Volume,Adj Close
2011-04-26,28.38,28.46,28.07,28.32,13636400,28.32
2011-04-25,28.26,28.42,28.06,28.29,15110000,28.29
2011-04-21,28.09,28.73,28.02,28.45,29437200,28.45
2011-04-20,27.10,28.32,27.00,27.96,48940500,27.96
2011-04-19,26.57,26.81,26.31,26.72,18747700,26.72
2011-04-18,26.39,26.65,26.21,26.55,22314000,26.55
2011-04-15,26.73,27.02,26.63,26.91,24793900,26.91
2011-04-14,26.67,26.89,26.50,26.63,22825400,26.63
2011-04-13,26.04,26.80,25.92,26.69,25643500,26.69
2011-04-12,26.12,26.23,25.59,25.85,19218300,25.85
2011-04-11,26.04,26.39,26.00,26.38,15964100,26.38
2011-04-08,26.47,26.49,26.00,26.13,13170200,26.13
2011-04-07,26.19,26.33,25.94,26.23,21367500,26.23
2011-04-06,26.05,26.16,25.79,26.09,13276000,26.09
2011-04-05,26.07,26.21,25.82,25.93,14705800,25.93
2011-04-04,26.64,26.64,25.85,26.02,20302900,26.02
2011-04-01,26.94,26.94,26.36,26.55,17731500,26.55
2011-03-31,26.58,26.91,26.52,26.56,21433400,26.56
2011-03-30,27.53,27.53,26.73,26.93,27991800,26.93
2011-03-29,27.15,27.36,27.02,27.28,12793800,27.28
2011-03-28,27.43,27.59,27.19,27.20,17167800,27.20
2011-03-25,27.25,27.40,27.05,27.33,19286600,27.33
2011-03-24,26.81,27.11,26.65,27.05,17131000,27.05
2011-03-23,26.25,26.64,26.20,26.48,12644100,26.48
2011-03-22,26.58,26.70,26.31,26.36,17598200,26.36
2011-03-21,26.43,26.79,26.10,26.58,22044400,26.58
2011-03-18,25.91,26.04,25.51,25.63,22792700,25.63
2011-03-17,25.84,25.99,25.44,25.56,22565800,25.56
2011-03-16,25.79,26.02,25.23,25.31,32738100,25.31
2011-03-15,25.25,26.10,25.00,25.99,27706200,25.99
2011-03-14,26.31,26.53,25.92,26.21,18198300,26.21
2011-03-11,25.96,26.71,25.91,26.59,19008700,26.59
2011-03-10,26.34,26.47,25.95,26.17,20748700,26.17
2011-03-09,26.88,26.90,26.55,26.76,16896800,26.76
2011-03-08,26.75,26.98,26.50,26.87,20685300,26.87
2011-03-07,27.30,27.43,26.61,26.79,23104800,26.79
2011-03-04,27.38,27.47,27.08,27.32,21989300,27.32
2011-03-03,26.94,27.40,26.87,27.35,25411800,27.35
2011-03-02,26.49,27.16,26.39,26.69,29021800,26.69
2011-03-01,27.34,27.34,26.46,26.58,22343200,26.58
2011-02-28,26.91,27.31,26.90,27.21,22740100,27.21
2011-02-25,26.72,26.97,26.62,26.90,15111400,26.90
2011-02-24,26.17,26.66,26.00,26.55,20772600,26.55
2011-02-23,26.34,26.45,25.84,26.33,29927400,26.33
2011-02-22,26.74,26.86,26.35,26.58,23983600,26.58
2011-02-18,27.28,27.34,27.00,27.18,12714700,27.18
2011-02-17,26.91,27.28,26.80,27.22,16353700,27.22
2011-02-16,27.05,27.25,26.86,27.12,18302600,27.12
2011-02-15,27.22,27.38,26.77,26.91,22302400,26.91
2011-02-14,27.05,27.30,27.03,27.27,24657300,27.27
2011-02-11,27.07,27.23,26.82,27.04,16441600,27.04
2011-02-10,26.67,27.22,26.47,27.19,45822800,27.19
2011-02-09,26.08,27.10,26.08,27.08,47117100,27.08
2011-02-08,26.05,26.30,25.97,26.16,27195600,26.16
2011-02-07,25.93,26.09,25.78,26.00,33681300,26.00
2011-02-04,25.60,25.69,25.38,25.69,22246100,25.69
2011-02-03,25.16,25.57,25.16,25.49,21647100,25.49
2011-02-02,25.16,25.60,25.06,25.47,21880000,25.47
2011-02-01,24.98,25.43,24.98,25.24,23851700,25.24
2011-01-31,24.32,24.90,24.30,24.89,21025200,24.89
2011-01-28,24.94,25.05,24.42,24.48,23076600,24.48
2011-01-27,24.73,25.03,24.65,24.96,26226900,24.96
2011-01-26,24.41,24.86,24.32,24.73,35867000,24.73
2011-01-25,23.69,24.39,23.37,24.39,52258700,24.39
2011-01-24,23.90,23.97,23.46,23.83,31716600,23.83
2011-01-21,24.15,24.19,23.93,23.98,25178200,23.98
2011-01-20,23.88,23.89,23.47,23.84,31984900,23.84
2011-01-19,24.74,24.80,24.12,24.24,22799400,24.24
2011-01-18,24.68,24.95,24.48,24.71,26459300,24.71
2011-01-14,24.04,24.59,24.00,24.54,33318500,24.54
2011-01-13,23.67,24.17,23.57,23.98,37468500,23.98
2011-01-12,23.88,23.88,23.45,23.45,25770200,23.45
2011-01-11,23.82,23.84,23.57,23.74,12428400,23.74
2011-01-10,23.29,23.85,23.28,23.72,20974200,23.72
