Date,Open,High,Low,Close,Volume,Adj Close
2011-04-26,19.26,19.34,19.12,19.25,10990600,19.25
2011-04-25,19.22,19.29,18.96,19.16,7109800,19.16
2011-04-21,19.18,19.29,18.86,19.28,12709100,19.28
2011-04-20,18.75,19.05,18.66,19.04,11512000,19.04
2011-04-19,18.20,18.58,18.15,18.48,10154800,18.48
2011-04-18,18.03,18.21,17.72,18.20,10260900,18.20
2011-04-15,18.25,18.38,18.10,18.28,10240800,18.28
2011-04-14,17.15,18.31,17.05,18.26,24867800,18.26
2011-04-13,17.23,17.38,17.01,17.30,17818600,17.30
2011-04-12,17.17,17.19,16.72,16.96,9468200,16.96
2011-04-11,17.62,17.78,17.28,17.35,7362800,17.35
2011-04-08,18.02,18.11,17.57,17.72,6269000,17.72
2011-04-07,17.72,17.95,17.67,17.94,5745800,17.94
2011-04-06,18.00,18.00,17.61,17.71,5332700,17.71
2011-04-05,17.89,18.05,17.78,17.94,4629600,17.94
2011-04-04,18.16,18.20,17.80,17.99,5829000,17.99
2011-04-01,18.16,18.33,18.08,18.16,6827600,18.16
2011-03-31,17.78,18.10,17.77,18.00,9221100,18.00
2011-03-30,17.71,17.97,17.66,17.90,9701800,17.90
2011-03-29,17.64,17.68,17.32,17.59,7335800,17.59
2011-03-28,17.95,18.03,17.65,17.65,6275600,17.65
2011-03-25,17.79,18.03,17.72,17.96,6761700,17.96
2011-03-24,17.78,17.79,17.54,17.74,9879900,17.74
2011-03-23,17.76,17.77,17.45,17.63,7007400,17.63
2011-03-22,17.88,17.90,17.58,17.74,4542700,17.74
2011-03-21,17.58,17.95,17.58,17.85,7261000,17.85
2011-03-18,17.65,17.74,17.25,17.27,7911500,17.27
2011-03-17,17.19,17.50,17.05,17.40,8650700,17.40
2011-03-16,17.06,17.23,16.48,16.92,16681600,16.92
2011-03-15,16.75,17.26,16.01,17.12,9529800,17.12
2011-03-14,17.33,17.51,17.25,17.32,9133500,17.32
2011-03-11,17.07,17.64,17.04,17.46,7962500,17.46
2011-03-10,17.60,17.62,17.11,17.27,11651400,17.27
2011-03-09,17.90,18.09,17.76,17.82,8454700,17.82
2011-03-08,18.19,18.19,17.98,18.01,8253600,18.01
2011-03-07,18.39,18.60,17.94,18.11,10665700,18.11
2011-03-04,18.33,18.41,18.18,18.33,7431100,18.33
2011-03-03,18.46,18.46,18.16,18.30,8561400,18.30
2011-03-02,18.19,18.50,18.08,18.28,8532400,18.28
2011-03-01,18.69,18.71,18.11,18.21,11952300,18.20
2011-02-28,18.61,18.77,18.31,18.60,9898800,18.59
2011-02-25,17.85,18.52,17.81,18.49,12984800,18.48
2011-02-24,17.50,18.02,17.10,17.78,16781300,17.77
2011-02-23,17.49,17.81,17.43,17.61,9926700,17.60
2011-02-22,17.79,17.93,17.36,17.48,10067700,17.47
2011-02-18,17.97,18.06,17.55,17.67,14495100,17.66
2011-02-17,18.00,18.52,17.96,18.00,25599200,17.99
2011-02-16,17.04,17.37,16.97,17.33,8017800,17.32
2011-02-15,17.08,17.11,16.87,16.96,5748700,16.95
2011-02-14,16.68,17.19,16.66,17.18,6506700,17.17
2011-02-11,16.47,16.87,16.47,16.71,7445900,16.70
2011-02-10,16.60,16.72,16.44,16.48,9289300,16.47
2011-02-09,16.78,16.85,16.59,16.71,9116900,16.70
2011-02-08,16.91,16.98,16.53,16.86,8452200,16.85
2011-02-07,16.93,17.10,16.83,16.86,11730700,16.85
2011-02-04,16.45,16.96,16.42,16.92,14827700,16.91
2011-02-03,16.09,16.50,16.03,16.47,9343500,16.46
2011-02-02,15.93,16.33,15.92,16.08,4764200,16.07
2011-02-01,15.96,16.32,15.91,16.21,8200300,16.20
2011-01-31,15.52,15.93,15.50,15.88,9806200,15.87
2011-01-28,15.56,15.65,15.39,15.46,12819600,15.45
2011-01-27,14.46,15.61,14.45,15.58,23280800,15.57
2011-01-26,14.46,14.67,14.42,14.45,14117500,14.44
2011-01-25,14.76,14.76,14.27,14.34,12167200,14.33
2011-01-24,14.50,14.91,14.41,14.84,10645900,14.83
2011-01-21,14.24,14.63,14.24,14.48,10493000,14.47
2011-01-20,14.26,14.28,13.94,14.11,15630200,14.10
2011-01-19,14.26,14.34,13.99,14.13,6721400,14.12
2011-01-18,14.20,14.28,14.09,14.26,6102300,14.25
2011-01-14,14.09,14.16,13.92,14.14,7459800,14.13
2011-01-13,13.82,14.29,13.78,14.09,17720000,14.08
2011-01-12,13.70,13.85,13.58,13.80,12812700,13.79
2011-01-11,13.55,13.61,13.48,13.60,13101400,13.59
2011-01-10,13.60,13.61,13.43,13.50,9356000,13.49
