Date,Open,High,Low,Close,Volume,Adj Close
2011-04-26,54.31,55.28,54.24,54.91,2140000,54.91
2011-04-25,54.01,54.40,53.15,53.61,1860700,53.61
2011-04-21,53.99,54.23,53.25,53.89,3447600,53.89
2011-04-20,52.70,53.61,51.61,53.50,6067600,53.50
2011-04-19,52.77,53.11,52.41,52.63,2997800,52.63
2011-04-18,51.49,51.83,50.63,51.57,2591200,51.57
2011-04-15,52.41,52.80,51.99,52.35,2962100,52.35
2011-04-14,51.93,52.62,51.37,52.37,2635600,52.37
2011-04-13,53.03,53.06,51.91,52.30,1888800,52.30
2011-04-12,53.10,53.22,51.98,52.50,2961500,52.50
2011-04-11,54.25,54.32,53.17,53.58,2089200,53.58
2011-04-08,55.34,55.42,53.75,54.26,1511800,54.26
2011-04-07,54.91,55.19,54.39,54.99,1916100,54.99
2011-04-06,55.30,55.66,54.56,55.10,1750400,55.10
2011-04-05,55.39,55.88,55.18,55.22,1686300,55.22
2011-04-04,56.27,56.42,55.20,55.60,1591200,55.60
2011-04-01,55.97,56.20,55.67,55.91,1853400,55.91
2011-03-31,54.70,55.62,54.51,55.44,2171200,55.44
2011-03-30,54.85,54.89,54.57,54.82,2144600,54.82
2011-03-29,53.82,54.40,53.51,54.39,1608800,54.39
2011-03-28,54.20,54.22,53.92,54.01,2216900,54.01
2011-03-25,53.59,54.25,53.36,54.01,2107900,54.01
2011-03-24,52.87,53.54,52.21,53.42,1851700,53.42
2011-03-23,52.30,52.65,51.55,52.38,1736800,52.38
2011-03-22,53.51,53.51,52.43,52.48,2384900,52.48
2011-03-21,52.75,53.23,52.14,53.17,2297300,53.17
2011-03-18,52.08,52.52,51.51,51.75,3663100,51.75
2011-03-17,51.12,51.72,50.56,51.35,2978400,51.35
2011-03-16,50.90,51.55,50.03,50.30,2975100,50.30
2011-03-15,49.71,51.48,48.57,51.02,2286300,51.02
2011-03-14,51.21,51.65,50.78,51.53,2636300,51.53
2011-03-11,50.95,51.78,50.75,51.62,3156000,51.62
2011-03-10,51.95,52.07,51.16,51.24,3202500,51.24
2011-03-09,53.55,53.60,52.55,52.67,2581800,52.67
2011-03-08,53.04,53.99,52.57,53.76,3399200,53.76
2011-03-07,54.80,54.84,52.65,53.03,3918800,53.03
2011-03-04,55.78,55.84,54.13,54.35,2657000,54.35
2011-03-03,54.87,56.21,54.67,55.84,2908300,55.84
2011-03-02,53.38,54.83,53.35,54.08,2434400,54.08
2011-03-01,55.82,56.15,53.50,53.55,2695400,53.55
2011-02-28,107.85,110.89,107.54,110.78,9690800,55.39
2011-02-25,106.85,108.10,106.50,106.93,4810600,53.47
2011-02-24,104.80,105.82,103.39,104.90,5397800,52.45
2011-02-23,106.93,107.39,103.96,105.52,4965000,52.76
2011-02-22,109.45,110.33,107.22,107.42,2874200,53.71
2011-02-18,111.11,111.42,110.10,110.92,3653800,55.46
2011-02-17,110.78,111.25,110.08,110.87,1624400,55.44
2011-02-16,110.60,111.99,110.30,111.41,2056400,55.71
2011-02-15,111.39,111.49,109.66,109.89,2342200,54.94
2011-02-14,111.69,112.92,111.53,111.67,1609600,55.83
2011-02-11,111.32,112.98,111.05,112.44,1783400,56.22
2011-02-10,110.00,112.10,110.00,111.93,1849200,55.97
2011-02-09,110.84,110.94,109.47,110.78,2590800,55.39
2011-02-08,109.58,111.14,109.14,111.14,2426800,55.57
2011-02-07,109.48,109.99,108.81,109.23,2534800,54.62
2011-02-04,108.93,109.82,108.74,109.56,1943800,54.78
2011-02-03,108.16,109.18,107.79,109.00,2321600,54.50
2011-02-02,108.73,109.56,108.22,108.85,2338400,54.09
2011-02-01,109.01,109.72,107.69,109.15,3469600,54.23
2011-01-31,106.21,109.08,105.51,107.96,4481600,53.64
2011-01-28,106.95,107.81,104.06,104.26,3836200,51.80
2011-01-27,103.24,107.11,102.77,106.46,8347200,52.90
2011-01-26,103.75,105.58,103.43,104.61,4424800,51.98
2011-01-25,102.85,103.54,101.79,103.24,2471800,51.30
2011-01-24,102.56,103.52,102.01,102.70,2239800,51.03
2011-01-21,104.03,104.03,101.14,102.45,4141200,50.90
2011-01-20,103.33,103.39,100.01,100.21,4937600,49.79
2011-01-19,105.92,106.75,104.00,104.21,2606600,51.78
2011-01-18,104.27,106.20,104.27,106.10,2357800,52.72
2011-01-14,103.67,104.55,103.57,104.15,2238800,51.75
2011-01-13,105.50,105.79,103.48,103.78,2117600,51.57
2011-01-12,104.98,105.80,104.43,105.44,1768400,52.39
2011-01-11,102.97,104.43,102.51,103.98,1460800,51.67
2011-01-10,101.89,102.85,101.55,102.68,2681200,51.02
