Date,Open,High,Low,Close,Volume,Adj Close
2011-04-26,21.91,22.38,21.86,22.11,739200,22.11
2011-04-25,21.61,21.90,21.44,21.85,731300,21.85
2011-04-21,21.81,21.89,21.60,21.68,972100,21.68
2011-04-20,22.05,22.08,21.65,21.79,711300,21.79
2011-04-19,22.14,22.19,21.58,21.78,561600,21.78
2011-04-18,22.04,22.28,21.74,22.00,945500,22.00
2011-04-15,22.47,22.52,22.11,22.44,543700,22.44
2011-04-14,22.78,22.78,22.01,22.39,724900,22.39
2011-04-13,22.58,22.58,22.03,22.11,780900,22.11
2011-04-12,22.31,22.58,22.21,22.35,600100,22.35
2011-04-11,22.61,22.84,22.41,22.47,439000,22.47
2011-04-08,23.17,23.30,22.57,22.66,437200,22.66
2011-04-07,23.13,23.37,23.02,23.04,980600,23.04
2011-04-06,22.88,23.23,22.77,23.15,899100,23.15
2011-04-05,22.42,22.84,22.36,22.75,1467600,22.75
2011-04-04,22.31,22.60,22.20,22.52,755500,22.52
2011-04-01,22.16,22.40,21.96,22.29,1301700,22.29
2011-03-31,22.21,22.21,21.85,21.96,1229700,21.96
2011-03-30,21.98,22.21,21.90,22.14,1060000,22.14
2011-03-29,21.75,22.04,21.57,21.99,1005200,21.99
2011-03-28,22.36,22.38,21.66,21.73,2121000,21.73
2011-03-25,22.00,22.72,21.93,22.39,1413500,22.39
2011-03-24,21.76,21.94,21.38,21.87,813800,21.87
2011-03-23,21.89,22.10,21.46,21.64,757900,21.64
2011-03-22,22.25,22.40,21.86,21.97,1172700,21.97
2011-03-21,22.34,22.50,22.13,22.24,900000,22.24
2011-03-18,22.05,22.45,21.89,22.17,1700400,22.17
2011-03-17,22.10,22.15,21.53,21.80,939000,21.80
2011-03-16,22.19,22.29,21.60,21.72,1703800,21.72
2011-03-15,21.90,22.32,21.62,22.16,1119100,22.16
2011-03-14,22.55,22.73,22.15,22.37,1037300,22.37
2011-03-11,22.56,22.96,22.56,22.78,922400,22.78
2011-03-10,23.18,23.19,22.74,22.79,1546000,22.79
2011-03-09,23.52,23.66,23.24,23.37,947200,23.37
2011-03-08,23.19,23.74,23.19,23.56,1440000,23.56
2011-03-07,23.29,23.48,22.86,23.11,1452100,23.11
2011-03-04,23.23,23.27,22.88,23.15,1281100,23.15
2011-03-03,22.77,23.49,22.77,23.26,1338100,23.26
2011-03-02,22.50,23.07,22.42,22.56,2113300,22.56
2011-03-01,23.33,23.33,22.55,22.58,1945700,22.58
2011-02-28,23.18,23.79,22.62,23.22,2330900,23.22
2011-02-25,22.29,22.99,22.24,22.98,1600500,22.98
2011-02-24,22.36,22.49,21.78,22.16,1371500,22.16
2011-02-23,22.79,23.01,22.17,22.39,1195900,22.39
2011-02-22,22.96,23.25,22.52,22.75,1126800,22.75
2011-02-18,23.08,23.28,22.74,23.23,1685500,23.23
2011-02-17,23.32,23.70,23.16,23.17,2390000,23.17
2011-02-16,23.35,23.71,23.32,23.64,1317700,23.64
2011-02-15,23.40,23.53,23.16,23.27,1520500,23.27
2011-02-14,23.41,23.63,23.16,23.46,2435500,23.46
2011-02-11,22.69,23.50,22.64,23.50,2401200,23.50
2011-02-10,22.67,22.83,22.60,22.76,1279700,22.76
2011-02-09,22.55,23.04,22.42,22.75,2679300,22.75
2011-02-08,22.72,22.83,22.50,22.59,1187800,22.59
2011-02-07,22.27,22.90,22.24,22.69,1480900,22.68
2011-02-04,22.01,22.20,21.90,22.12,1728300,22.11
2011-02-03,22.02,22.13,21.79,22.00,1604600,21.99
2011-02-02,21.87,22.15,21.79,22.00,1096500,21.99
2011-02-01,22.00,22.06,21.85,21.95,1475000,21.94
2011-01-31,21.63,21.86,21.50,21.71,1149900,21.70
2011-01-28,21.64,22.20,21.53,21.56,2272500,21.55
2011-01-27,21.88,22.02,21.61,21.99,1629300,21.98
2011-01-26,21.26,22.38,21.18,21.83,3037500,21.82
2011-01-25,20.29,20.59,20.13,20.55,1525600,20.54
2011-01-24,20.81,20.81,20.19,20.32,1518300,20.31
2011-01-21,20.75,20.95,20.61,20.78,1214500,20.77
2011-01-20,20.70,20.95,20.49,20.62,1472000,20.61
2011-01-19,21.30,21.40,20.84,20.88,1421100,20.87
2011-01-18,21.33,21.44,20.96,21.36,2144400,21.35
2011-01-14,20.64,21.48,20.50,21.31,2730900,21.30
2011-01-13,20.81,20.81,20.41,20.64,1120200,20.63
2011-01-12,20.84,20.94,20.67,20.78,1048000,20.77
2011-01-11,20.68,20.87,20.31,20.64,1345700,20.63
2011-01-10,20.20,20.57,19.96,20.42,1325000,20.41
