Date,Open,High,Low,Close,Volume,Adj Close
2011-04-26,12.14,12.59,12.03,12.35,1459500,12.35
2011-04-25,11.81,12.24,11.81,12.08,1236100,12.08
2011-04-21,11.75,11.87,11.56,11.78,1080400,11.78
2011-04-20,11.39,11.74,11.21,11.65,1167800,11.65
2011-04-19,11.59,11.75,11.17,11.29,1189900,11.29
2011-04-18,11.96,11.96,11.57,11.65,994800,11.65
2011-04-15,12.00,12.04,11.87,11.96,1650700,11.96
2011-04-14,11.51,11.87,11.31,11.80,1981300,11.80
2011-04-13,11.74,11.74,11.15,11.54,1520900,11.54
2011-04-12,12.01,12.25,11.28,11.41,4423100,11.41
2011-04-11,11.14,11.23,11.02,11.05,1102700,11.05
2011-04-08,11.10,11.25,10.94,11.09,700500,11.09
2011-04-07,11.08,11.15,10.93,11.00,1454400,11.00
2011-04-06,11.42,11.42,10.98,11.10,2066500,11.10
2011-04-05,11.07,11.50,11.00,11.38,2840800,11.38
2011-04-04,11.50,11.50,11.07,11.12,1282100,11.12
2011-04-01,11.41,11.56,11.32,11.47,1614500,11.47
2011-03-31,11.30,11.36,11.08,11.33,3267300,11.33
2011-03-30,11.77,11.88,11.34,11.38,2270200,11.38
2011-03-29,11.40,11.83,11.37,11.82,1408300,11.82
2011-03-28,11.56,11.63,11.38,11.43,859300,11.43
2011-03-25,11.81,11.87,11.53,11.53,868600,11.53
2011-03-24,11.29,11.82,11.24,11.67,1390000,11.67
2011-03-23,11.27,11.33,11.03,11.25,1148400,11.25
2011-03-22,11.54,11.58,11.06,11.13,1492100,11.13
2011-03-21,11.44,11.65,11.38,11.55,1482100,11.55
2011-03-18,11.03,11.39,10.87,11.35,4547500,11.35
2011-03-17,10.99,11.09,10.88,10.90,1480900,10.90
2011-03-16,11.16,11.25,10.90,10.94,3804400,10.94
2011-03-15,10.83,11.24,10.82,11.15,1566300,11.15
2011-03-14,11.14,11.28,10.99,11.20,1424100,11.20
2011-03-11,11.12,11.49,11.10,11.24,1614300,11.24
2011-03-10,11.40,11.54,11.06,11.31,6143000,11.31
2011-03-09,11.28,11.54,11.03,11.28,1983500,11.28
2011-03-08,10.93,11.57,10.81,11.34,2790100,11.34
2011-03-07,11.79,11.95,10.94,11.34,3071100,11.34
2011-03-04,11.81,11.94,11.53,11.75,1663400,11.75
2011-03-03,12.50,12.82,11.76,11.84,2919500,11.84
2011-03-02,12.20,12.36,11.52,12.29,1776800,12.29
2011-03-01,12.48,12.71,11.68,11.83,1907700,11.83
2011-02-28,11.95,12.69,11.85,12.45,3387100,12.45
2011-02-25,11.62,11.85,11.48,11.82,1720800,11.82
2011-02-24,11.44,11.77,11.26,11.57,2391100,11.57
2011-02-23,10.51,12.00,10.40,11.52,7222100,11.52
2011-02-22,10.51,10.90,10.31,10.55,3095700,10.55
2011-02-18,10.60,10.80,10.23,10.76,7120600,10.76
2011-02-17,9.63,10.10,9.57,9.89,1956800,9.89
2011-02-16,9.65,10.21,9.46,9.69,3247500,9.69
2011-02-15,10.08,10.21,9.78,10.04,1385100,10.04
2011-02-14,9.94,10.85,9.82,10.09,4054000,10.09
2011-02-11,9.65,9.95,9.57,9.88,1313700,9.88
2011-02-10,9.67,9.88,9.40,9.67,1148100,9.67
2011-02-09,9.97,9.99,9.61,9.76,877800,9.76
2011-02-08,9.92,10.00,9.79,9.97,1044500,9.97
2011-02-07,9.77,10.12,9.76,9.92,1541200,9.92
2011-02-04,9.63,9.85,9.57,9.76,1146800,9.76
2011-02-03,9.50,9.84,9.35,9.66,1212600,9.66
2011-02-02,9.25,9.82,9.00,9.56,2050700,9.56
2011-02-01,8.67,9.46,8.51,9.26,1881300,9.26
2011-01-31,8.70,8.83,8.25,8.67,1421400,8.67
2011-01-28,8.97,8.97,8.37,8.62,2885200,8.62
2011-01-27,8.78,9.25,8.53,9.03,2700400,9.03
2011-01-26,7.99,8.88,7.87,8.81,4259200,8.81
2011-01-25,7.78,7.99,7.70,7.93,1050100,7.93
2011-01-24,7.47,7.93,7.47,7.80,1056800,7.80
2011-01-21,7.53,7.70,7.47,7.47,1089900,7.47
2011-01-20,7.15,7.50,7.10,7.46,1150900,7.46
2011-01-19,7.50,7.54,7.21,7.22,1298600,7.22
2011-01-18,7.69,7.75,7.40,7.54,1121900,7.54
2011-01-14,7.36,7.70,7.29,7.66,1205300,7.66
2011-01-13,7.76,7.78,7.30,7.36,1996100,7.36
2011-01-12,7.92,7.95,7.63,7.75,1241500,7.75
2011-01-11,7.97,8.00,7.75,7.86,1239300,7.86
2011-01-10,8.25,8.25,7.91,7.93,1281000,7.93
