Date,Open,High,Low,Close,Volume,Adj Close
2011-04-26,16.04,16.18,15.66,15.66,166781100,15.66
2011-04-25,15.51,15.59,15.35,15.54,54775800,15.54
2011-04-21,15.23,15.45,15.10,15.43,53181900,15.43
2011-04-20,14.95,15.20,14.84,15.09,70978900,15.09
2011-04-19,14.65,14.79,14.54,14.66,33575500,14.66
2011-04-18,14.51,14.74,14.49,14.62,49822500,14.62
2011-04-15,14.86,14.91,14.61,14.71,47434700,14.71
2011-04-14,14.74,14.85,14.61,14.81,62357700,14.81
2011-04-13,15.04,15.05,14.80,14.98,58736600,14.98
2011-04-12,14.59,15.00,14.50,14.91,82591000,14.91
2011-04-11,15.27,15.40,14.74,14.86,85626200,14.86
2011-04-08,15.65,15.68,15.16,15.33,51126100,15.33
2011-04-07,15.71,15.82,15.45,15.53,51295100,15.53
2011-04-06,15.91,15.98,15.61,15.73,62315800,15.73
2011-04-05,15.65,15.81,15.55,15.79,72422000,15.79
2011-04-04,15.39,15.74,15.39,15.55,99116600,15.55
2011-04-01,15.03,15.42,14.92,15.16,116247300,15.16
2011-03-31,14.82,14.95,14.71,14.91,41909100,14.91
2011-03-30,14.88,14.97,14.74,14.86,40889600,14.86
2011-03-29,14.83,14.94,14.73,14.84,33301800,14.84
2011-03-28,14.99,15.09,14.83,14.86,41259800,14.86
2011-03-25,15.20,15.20,14.90,15.01,58954600,15.01
2011-03-24,14.40,15.12,14.39,15.04,128201100,15.04
2011-03-23,14.26,14.45,14.02,14.31,64431300,14.31
2011-03-22,14.52,14.57,14.32,14.34,44731700,14.34
2011-03-21,14.70,14.72,14.48,14.59,46486600,14.59
2011-03-18,14.58,14.67,14.43,14.49,64541000,14.49
2011-03-17,14.56,14.58,14.18,14.26,78683000,14.26
2011-03-16,14.73,14.79,13.89,14.18,127862700,14.18
2011-03-15,13.80,14.80,13.75,14.67,108919700,14.67
2011-03-14,14.47,14.64,14.20,14.30,65056100,14.30
2011-03-11,13.90,14.46,13.87,14.36,72249100,14.36
2011-03-10,14.10,14.28,14.01,14.06,107127400,14.06
2011-03-09,14.59,14.60,14.25,14.29,68046300,14.29
2011-03-08,14.02,14.55,14.01,14.47,106699200,14.47
2011-03-07,14.34,14.42,13.98,14.01,105389900,14.01
2011-03-04,14.79,14.79,14.28,14.42,81593400,14.42
2011-03-03,14.90,14.95,14.66,14.76,66720400,14.76
2011-03-02,14.66,14.89,14.62,14.66,67127000,14.66
2011-03-01,15.10,15.12,14.60,14.66,74337200,14.66
2011-02-28,15.29,15.29,14.89,15.05,54120000,15.05
2011-02-25,14.94,15.11,14.85,15.07,78341600,15.07
2011-02-24,14.57,14.99,14.50,14.70,120277400,14.70
2011-02-23,15.02,15.04,14.49,14.86,159528600,14.86
2011-02-22,15.36,15.52,15.08,15.23,97449900,15.23
2011-02-18,15.95,15.99,15.70,15.77,68774000,15.77
2011-02-17,16.01,16.03,15.83,15.97,53727600,15.97
2011-02-16,16.16,16.18,16.00,16.05,59843600,16.05
2011-02-15,16.03,16.16,15.95,16.10,51612800,16.10
2011-02-14,16.38,16.39,16.02,16.09,69632700,16.09
2011-02-11,16.06,16.51,15.99,16.38,94736400,16.38
2011-02-10,15.99,16.11,15.90,15.95,65334900,15.95
2011-02-09,16.13,16.30,16.02,16.09,61896700,16.09
2011-02-08,16.17,16.26,16.02,16.24,59674500,16.24
2011-02-07,15.84,16.36,15.80,16.11,118132900,16.11
2011-02-04,15.91,15.95,15.64,15.72,79198700,15.72
2011-02-03,15.38,15.78,15.10,15.76,153131300,15.76
2011-02-02,15.91,15.98,15.31,15.40,187008500,15.40
2011-02-01,16.14,16.24,15.85,15.89,178894300,15.89
2011-01-31,16.56,16.64,15.45,15.95,275198200,15.95
2011-01-28,17.79,17.88,15.98,16.27,480879500,16.27
2011-01-27,18.52,18.88,18.33,18.79,67711700,18.79
2011-01-26,17.97,18.43,17.90,18.37,66834100,18.37
2011-01-25,17.86,18.02,17.66,17.89,47155800,17.89
2011-01-24,18.03,18.03,17.75,17.93,51698600,17.93
2011-01-21,17.99,18.11,17.87,17.95,48717700,17.95
2011-01-20,17.77,18.00,17.35,17.78,93501600,17.78
2011-01-19,18.71,18.72,17.77,17.90,89216500,17.90
2011-01-18,18.66,18.77,18.61,18.70,39737500,18.70
2011-01-14,18.61,18.75,18.58,18.65,50279400,18.65
2011-01-13,18.81,18.97,18.55,18.68,100459700,18.68
2011-01-12,18.36,18.75,18.29,18.71,66841400,18.71
2011-01-11,18.48,18.49,18.13,18.28,61312500,18.28
2011-01-10,18.43,18.49,18.16,18.31,65348400,18.31
