Date,Open,High,Low,Close,Volume,Adj Close
2011-04-26,4.79,4.97,4.79,4.95,81300,4.95
2011-04-25,4.79,4.87,4.67,4.84,113400,4.84
2011-04-21,4.80,4.80,4.71,4.79,74300,4.79
2011-04-20,4.78,4.78,4.66,4.74,147900,4.74
2011-04-19,4.56,4.70,4.45,4.66,123300,4.66
2011-04-18,4.40,4.55,4.40,4.51,101600,4.51
2011-04-15,4.48,4.51,4.38,4.50,137400,4.50
2011-04-14,4.38,4.57,4.32,4.54,164600,4.54
2011-04-13,4.52,4.53,4.37,4.37,115200,4.37
2011-04-12,4.45,4.50,4.37,4.45,128900,4.45
2011-04-11,4.68,4.80,4.46,4.52,189800,4.52
2011-04-08,4.90,4.97,4.65,4.66,163100,4.66
2011-04-07,4.94,4.95,4.83,4.85,92400,4.85
2011-04-06,5.00,5.05,4.92,4.94,108800,4.94
2011-04-05,4.90,4.99,4.80,4.96,119600,4.96
2011-04-04,5.17,5.34,4.74,4.94,320300,4.94
2011-04-01,5.04,5.17,4.66,5.17,295400,5.17
2011-03-31,4.80,5.00,4.58,5.00,208700,5.00
2011-03-30,4.74,4.80,4.60,4.77,156700,4.77
2011-03-29,4.52,4.72,4.50,4.66,105000,4.66
2011-03-28,4.57,4.65,4.48,4.55,101400,4.55
2011-03-25,5.25,5.25,4.52,4.54,191200,4.54
2011-03-24,4.75,5.02,4.72,4.79,158600,4.79
2011-03-23,4.57,4.75,4.48,4.75,140200,4.75
2011-03-22,4.59,4.60,4.44,4.57,131900,4.57
2011-03-21,4.47,4.50,4.40,4.48,162200,4.48
2011-03-18,4.27,4.42,4.25,4.38,313200,4.38
2011-03-17,4.10,4.37,4.05,4.19,318600,4.19
2011-03-16,4.24,4.28,4.06,4.07,149400,4.07
2011-03-15,4.24,4.28,4.07,4.27,205300,4.27
2011-03-14,4.45,4.45,4.35,4.37,118500,4.37
2011-03-11,4.42,4.48,4.40,4.45,119300,4.45
2011-03-10,4.51,4.55,4.40,4.46,173700,4.46
2011-03-09,4.55,4.75,4.40,4.61,210600,4.61
2011-03-08,4.38,4.58,4.37,4.58,125400,4.58
2011-03-07,4.47,4.58,4.34,4.43,235200,4.43
2011-03-04,4.51,4.57,4.32,4.48,169400,4.48
2011-03-03,4.39,4.58,4.39,4.53,175500,4.53
2011-03-02,4.37,4.45,4.30,4.39,143300,4.39
2011-03-01,4.67,4.70,4.30,4.39,284700,4.39
2011-02-28,4.80,4.86,4.57,4.64,201200,4.64
2011-02-25,4.42,4.79,4.37,4.75,366800,4.75
2011-02-24,4.48,4.50,4.20,4.38,356800,4.38
2011-02-23,4.71,4.85,4.46,4.46,314900,4.46
2011-02-22,4.81,4.88,4.73,4.73,191800,4.73
2011-02-18,4.85,4.97,4.81,4.94,278400,4.94
2011-02-17,5.10,5.10,4.81,4.83,377300,4.83
2011-02-16,5.01,5.21,5.01,5.02,193500,5.02
2011-02-15,5.10,5.10,5.01,5.01,286100,5.01
2011-02-14,5.41,5.45,5.05,5.10,395100,5.10
2011-02-11,5.42,5.55,5.31,5.39,234700,5.39
2011-02-10,5.50,5.67,5.42,5.59,203300,5.59
2011-02-09,5.31,5.70,5.16,5.59,485800,5.59
2011-02-08,5.50,5.56,5.30,5.39,314700,5.39
2011-02-07,5.25,5.80,5.24,5.49,408900,5.49
2011-02-04,5.35,5.35,5.09,5.27,251900,5.27
2011-02-03,5.47,5.47,5.17,5.35,182000,5.35
2011-02-02,5.13,5.37,4.98,5.32,461300,5.32
2011-02-01,5.04,5.26,5.00,5.10,375800,5.10
2011-01-31,4.90,5.13,4.84,5.03,291500,5.03
2011-01-28,5.00,5.07,4.81,4.90,479800,4.90
2011-01-27,5.11,5.25,4.98,5.01,413200,5.01
2011-01-26,5.03,5.25,4.96,5.10,388300,5.10
2011-01-25,5.17,5.17,4.93,5.02,447600,5.02
2011-01-24,5.38,5.38,5.11,5.17,558100,5.17
2011-01-21,5.52,5.56,5.31,5.36,515200,5.36
2011-01-20,5.90,5.90,5.31,5.40,1210600,5.40
2011-01-19,6.55,6.57,5.96,6.04,802300,6.04
2011-01-18,7.10,7.10,6.53,6.81,729100,6.81
2011-01-14,6.95,7.20,6.72,7.10,743200,7.10
2011-01-13,6.35,7.50,6.30,6.95,1607300,6.95
2011-01-12,5.77,6.37,5.71,6.33,949900,6.33
2011-01-11,4.92,5.59,4.86,5.55,747900,5.55
2011-01-10,5.44,5.47,4.82,4.85,1187600,4.85
