Date,Open,High,Low,Close,Volume,Adj Close
2011-04-26,52.21,52.35,51.99,52.32,444200,52.32
2011-04-25,51.96,52.19,51.57,51.94,341200,51.94
2011-04-21,52.43,52.47,51.84,52.20,589300,52.20
2011-04-20,52.28,53.06,51.97,52.45,514100,52.45
2011-04-19,52.00,52.13,51.65,51.97,665600,51.97
2011-04-18,51.72,52.06,51.59,51.96,655000,51.96
2011-04-15,51.54,52.14,51.41,51.99,710000,51.99
2011-04-14,51.28,51.49,51.12,51.39,1394800,51.39
2011-04-13,51.85,51.92,51.19,51.39,1741200,51.39
2011-04-12,51.79,52.18,51.51,51.85,663600,51.85
2011-04-11,51.75,52.20,51.64,52.00,597800,52.00
2011-04-08,52.12,52.35,51.61,51.75,832100,51.75
2011-04-07,51.81,52.47,51.81,52.20,1229300,52.20
2011-04-06,52.03,52.20,51.82,51.93,513000,51.93
2011-04-05,51.91,52.84,51.72,51.94,1027700,51.94
2011-04-04,51.62,51.97,51.33,51.94,566800,51.94
2011-04-01,51.74,51.82,51.30,51.53,866000,51.53
2011-03-31,52.31,52.40,51.15,51.32,1194800,51.32
2011-03-30,53.06,53.18,51.69,52.25,1602100,52.25
2011-03-29,51.04,52.48,50.78,52.40,1610900,52.40
2011-03-28,52.26,52.40,51.30,51.40,611000,51.40
2011-03-25,52.05,52.26,51.84,52.02,703800,52.02
2011-03-24,51.97,52.11,51.75,51.95,840400,51.95
2011-03-23,51.16,52.04,50.91,51.77,1284400,51.77
2011-03-22,51.37,51.60,51.12,51.34,1243400,51.34
2011-03-21,51.51,51.57,51.06,51.12,702500,51.12
2011-03-18,51.38,51.49,51.04,51.26,2089700,51.26
2011-03-17,51.34,51.38,50.70,51.06,2472500,51.06
2011-03-16,50.49,51.15,50.26,50.87,3341400,50.87
2011-03-15,50.81,51.32,50.22,50.75,1447000,50.75
2011-03-14,51.35,52.69,50.61,51.40,3407600,51.40
2011-03-11,50.76,51.87,50.75,51.27,2142000,51.27
2011-03-10,50.24,50.74,50.06,50.65,929200,50.47
2011-03-09,50.05,50.80,50.01,50.53,919700,50.35
2011-03-08,50.54,50.77,49.94,50.15,1460700,49.97
2011-03-07,50.12,50.90,50.00,50.59,1723800,50.41
2011-03-04,50.70,50.87,50.27,50.55,1168400,50.37
2011-03-03,49.34,51.15,49.25,51.00,3142700,50.82
2011-03-02,49.42,50.60,49.34,50.39,1577000,50.21
2011-03-01,49.83,50.28,49.50,50.11,2637500,49.93
2011-02-28,49.75,50.15,48.95,50.08,2165600,49.90
2011-02-25,48.27,50.63,48.20,50.54,2731600,50.36
2011-02-24,50.50,50.95,49.50,50.04,3451600,49.86
2011-02-23,50.93,52.05,49.35,50.32,3896200,50.14
2011-02-22,51.92,52.48,50.93,51.05,2646400,50.87
2011-02-18,52.70,52.97,52.30,52.55,3776700,52.36
2011-02-17,53.09,53.15,52.41,52.67,5332600,52.48
2011-02-16,55.50,55.62,53.14,53.25,18893600,53.06
2011-02-15,43.18,44.04,43.04,43.96,4186300,43.80
2011-02-14,44.09,44.29,43.79,43.83,1943900,43.67
2011-02-11,43.75,44.26,43.50,44.16,1291900,44.00
2011-02-10,43.90,44.00,43.67,43.85,2374400,43.69
2011-02-09,43.72,44.14,43.72,44.00,2733400,43.84
2011-02-08,41.86,44.03,41.86,44.01,4194200,43.85
2011-02-07,41.60,42.00,41.50,41.84,1796000,41.69
2011-02-04,41.68,42.08,41.49,41.51,1890700,41.36
2011-02-03,41.72,42.11,41.44,41.70,1967500,41.55
2011-02-02,42.19,42.42,41.31,41.38,3454000,41.23
2011-02-01,42.73,42.77,41.95,42.42,2125200,42.27
2011-01-31,42.85,43.45,42.30,42.48,2121000,42.33
2011-01-28,43.28,43.28,42.20,42.48,2237600,42.33
2011-01-27,43.72,43.78,42.75,42.92,2425300,42.77
2011-01-26,42.98,43.43,42.60,42.93,2098600,42.78
2011-01-25,43.51,43.54,42.75,42.87,2934400,42.72
2011-01-24,43.81,43.82,43.35,43.44,1559200,43.29
2011-01-21,44.64,44.79,43.72,43.80,2492600,43.64
2011-01-20,43.75,44.44,43.75,44.26,3332500,44.10
2011-01-19,43.68,43.82,43.30,43.71,2509600,43.55
2011-01-18,43.16,43.64,43.16,43.55,2645500,43.40
2011-01-14,43.36,43.50,43.02,43.22,2310800,43.07
2011-01-13,43.46,43.53,43.25,43.31,2009600,43.16
2011-01-12,43.18,43.65,43.05,43.33,2719500,43.18
2011-01-11,43.84,43.99,43.21,43.24,3188000,43.09
2011-01-10,43.68,44.13,43.55,43.94,2971200,43.78
