Date,Open,High,Low,Close,Volume,Adj Close
2011-04-26,15.60,16.41,15.43,16.35,1117500,16.35
2011-04-25,15.51,15.76,15.26,15.50,652700,15.50
2011-04-21,15.60,15.69,15.29,15.47,561800,15.47
2011-04-20,15.24,15.75,15.19,15.43,662300,15.43
2011-04-19,15.10,15.20,14.91,14.97,507000,14.97
2011-04-18,15.09,15.13,14.76,15.04,886700,15.04
2011-04-15,15.32,15.55,15.09,15.45,441200,15.45
2011-04-14,15.25,15.42,15.06,15.38,463800,15.38
2011-04-13,15.65,15.99,15.28,15.45,626500,15.45
2011-04-12,15.62,15.74,15.33,15.51,660500,15.51
2011-04-11,16.05,16.22,15.74,15.85,685100,15.85
2011-04-08,16.81,16.81,15.94,16.08,856700,16.08
2011-04-07,17.41,17.41,16.53,16.64,988100,16.64
2011-04-06,17.50,17.84,17.25,17.45,1194200,17.45
2011-04-05,16.76,17.45,16.71,17.36,965200,17.36
2011-04-04,16.60,16.92,16.57,16.86,599300,16.86
2011-04-01,16.70,16.70,16.41,16.53,1158900,16.53
2011-03-31,16.60,16.68,16.45,16.59,529900,16.59
2011-03-30,16.35,16.70,16.27,16.62,577000,16.62
2011-03-29,15.81,16.29,15.81,16.20,437500,16.20
2011-03-28,15.99,16.28,15.85,15.87,617200,15.87
2011-03-25,15.97,16.19,15.78,16.04,779200,16.04
2011-03-24,16.05,16.14,15.72,15.93,592500,15.93
2011-03-23,15.56,16.00,15.40,15.91,597000,15.91
2011-03-22,15.75,15.78,15.39,15.57,609700,15.57
2011-03-21,15.51,15.76,15.26,15.68,818600,15.68
2011-03-18,15.18,15.89,15.14,15.21,1927600,15.21
2011-03-17,15.27,15.27,14.76,14.92,823700,14.92
2011-03-16,15.03,15.22,14.64,14.88,1162100,14.88
2011-03-15,13.85,15.21,13.85,15.06,967600,15.06
2011-03-14,14.13,14.98,14.08,14.66,1136400,14.66
2011-03-11,14.53,14.53,13.40,14.25,2290900,14.25
2011-03-10,15.11,15.31,14.75,14.75,751400,14.75
2011-03-09,15.53,15.53,15.15,15.42,400500,15.42
2011-03-08,15.20,15.71,15.08,15.53,554000,15.53
2011-03-07,15.73,16.04,15.01,15.21,759000,15.21
2011-03-04,15.82,15.82,15.25,15.42,557300,15.42
2011-03-03,15.28,16.00,15.28,15.78,1085300,15.78
2011-03-02,14.74,15.45,14.66,14.97,1530600,14.97
2011-03-01,16.80,17.02,14.72,14.79,2512800,14.79
2011-02-28,15.91,16.12,15.58,15.92,1357200,15.92
2011-02-25,15.23,15.72,15.18,15.71,560300,15.71
2011-02-24,15.13,15.18,14.84,15.16,1035600,15.16
2011-02-23,15.49,15.57,14.76,15.14,866800,15.14
2011-02-22,16.00,16.24,15.44,15.51,838000,15.51
2011-02-18,16.25,16.50,16.01,16.39,661600,16.39
2011-02-17,16.17,16.18,15.88,16.16,527100,16.16
2011-02-16,15.87,16.25,15.78,16.20,719100,16.20
2011-02-15,15.66,15.84,15.54,15.81,553000,15.81
2011-02-14,15.72,15.81,15.54,15.69,301800,15.69
2011-02-11,15.22,15.70,15.22,15.67,331300,15.67
2011-02-10,15.46,15.56,15.27,15.35,448700,15.35
2011-02-09,15.58,15.74,15.38,15.57,393600,15.57
2011-02-08,15.61,15.76,15.26,15.62,589700,15.62
2011-02-07,15.47,15.79,15.35,15.64,518800,15.64
2011-02-04,15.28,15.46,15.10,15.36,468100,15.36
2011-02-03,15.15,15.45,15.13,15.25,808200,15.25
2011-02-02,15.77,15.79,15.11,15.12,1130700,15.12
2011-02-01,15.52,16.01,15.52,15.85,499800,15.85
2011-01-31,15.55,15.68,15.11,15.42,682500,15.42
2011-01-28,15.90,16.12,15.43,15.47,1147300,15.47
2011-01-27,15.67,16.00,15.59,15.98,664300,15.98
2011-01-26,15.35,15.66,15.08,15.64,698200,15.64
2011-01-25,15.12,15.31,15.01,15.31,510900,15.31
2011-01-24,15.28,15.37,15.06,15.24,537900,15.24
2011-01-21,15.22,15.51,15.05,15.25,707100,15.25
2011-01-20,15.49,15.51,15.10,15.14,793800,15.14
2011-01-19,15.63,16.00,15.48,15.60,1489300,15.60
2011-01-18,15.10,15.61,15.10,15.59,924900,15.59
2011-01-14,15.39,15.43,15.01,15.14,887600,15.14
2011-01-13,15.19,15.44,15.01,15.38,757000,15.38
2011-01-12,15.04,15.35,14.78,15.15,883000,15.15
2011-01-11,13.94,14.87,13.94,14.84,1065100,14.84
2011-01-10,13.93,13.96,13.44,13.85,1821600,13.85
