Date,Open,High,Low,Close,Volume,Adj Close
2011-04-26,30.05,30.13,28.13,28.25,2509700,28.25
2011-04-25,30.51,30.77,29.70,30.08,1441500,30.08
2011-04-21,30.64,30.70,30.34,30.56,1868100,30.56
2011-04-20,29.88,30.57,29.65,30.45,1805000,30.45
2011-04-19,28.42,29.36,28.12,29.34,1847300,29.34
2011-04-18,29.01,29.14,28.14,28.39,2432100,28.39
2011-04-15,29.50,29.80,29.19,29.71,1174100,29.71
2011-04-14,29.60,29.60,28.82,29.43,1437700,29.43
2011-04-13,28.55,29.81,28.31,29.76,2221000,29.76
2011-04-12,28.76,29.30,27.55,27.96,3843800,27.96
2011-04-11,29.23,29.86,28.95,29.19,1414300,29.19
2011-04-08,29.81,30.39,28.71,29.24,3014100,29.24
2011-04-07,30.37,30.37,29.17,29.57,1785900,29.57
2011-04-06,32.26,32.37,30.19,30.25,3711400,30.25
2011-04-05,30.46,31.86,30.40,31.64,3538000,31.64
2011-04-04,30.14,30.75,29.92,30.50,2405000,30.50
2011-04-01,29.61,29.99,29.13,29.81,2130100,29.81
2011-03-31,30.01,30.25,29.16,29.32,2058700,29.32
2011-03-30,29.86,30.27,29.32,29.78,2128700,29.78
2011-03-29,28.45,29.82,28.22,29.57,2765200,29.57
2011-03-28,28.80,28.88,28.40,28.56,2302000,28.56
2011-03-25,27.44,28.75,27.25,28.62,2686300,28.62
2011-03-24,27.35,27.54,26.15,27.01,3065500,27.01
2011-03-23,27.02,27.44,26.53,27.20,1442500,27.20
2011-03-22,27.84,27.90,26.62,27.08,2811600,27.08
2011-03-21,26.83,28.00,26.66,27.78,2839800,27.78
2011-03-18,26.74,26.80,25.95,26.34,5262800,26.34
2011-03-17,26.48,27.15,26.24,26.24,1811300,26.24
2011-03-16,26.53,27.24,25.56,25.91,2923100,25.91
2011-03-15,25.89,26.78,25.50,26.53,2353300,26.53
2011-03-14,26.51,27.49,26.26,27.17,3589500,27.17
2011-03-11,25.11,26.76,24.98,26.61,4346200,26.61
2011-03-10,25.33,25.53,24.29,24.90,3441800,24.90
2011-03-09,24.90,25.91,24.70,25.80,3274600,25.80
2011-03-08,26.07,26.07,24.92,24.93,4547100,24.93
2011-03-07,27.93,27.99,25.55,26.16,3362900,26.16
2011-03-04,28.19,28.35,27.58,27.65,2453100,27.65
2011-03-03,27.64,28.99,27.51,28.13,3157500,28.13
2011-03-02,26.75,28.00,26.52,27.92,2792800,27.58
2011-03-01,28.06,28.13,26.70,26.81,2702700,26.48
2011-02-28,28.46,28.70,27.47,27.90,2905600,27.56
2011-02-25,25.80,28.29,25.77,28.03,6177000,27.69
2011-02-24,25.90,26.78,25.11,25.56,6762100,25.25
2011-02-23,26.54,27.56,26.20,26.60,6432900,26.28
2011-02-22,28.58,28.86,26.73,26.97,8960000,26.64
2011-02-18,28.45,28.50,27.56,28.12,6925400,27.78
2011-02-17,28.04,29.27,27.80,28.94,6539600,28.59
2011-02-16,26.23,28.01,26.16,27.94,7230200,27.60
2011-02-15,26.32,26.49,25.37,26.02,3083900,25.70
2011-02-14,24.80,26.29,24.72,26.21,2754300,25.89
2011-02-11,25.11,25.40,24.36,24.63,3165400,24.33
2011-02-10,22.68,25.05,22.54,25.04,5526400,24.74
2011-02-09,23.43,23.58,22.80,22.91,2433100,22.63
2011-02-08,22.65,23.59,22.35,23.47,2997700,23.18
2011-02-07,22.96,23.60,22.32,22.58,3962300,22.31
2011-02-04,21.97,22.69,21.87,22.42,2451700,22.15
2011-02-03,21.77,21.95,21.30,21.89,1584200,21.62
2011-02-02,21.32,21.97,21.14,21.77,3509100,21.50
2011-02-01,20.99,21.37,20.78,21.20,2665000,20.94
2011-01-31,20.49,20.82,20.36,20.80,4925900,20.55
2011-01-28,19.34,19.86,19.14,19.77,3568300,19.53
2011-01-27,18.92,19.46,18.91,19.37,2145900,19.13
2011-01-26,17.74,19.00,17.74,18.89,2956100,18.66
2011-01-25,17.64,17.72,17.36,17.72,1629700,17.50
2011-01-24,17.55,17.78,17.38,17.68,1256700,17.46
2011-01-21,17.59,17.75,17.44,17.50,1874100,17.29
2011-01-20,18.35,18.35,17.57,17.77,1925000,17.55
2011-01-19,18.78,18.82,18.30,18.47,1919400,18.25
2011-01-18,18.75,18.79,18.49,18.79,2059700,18.56
2011-01-14,18.39,18.84,18.06,18.77,2045200,18.54
2011-01-13,18.44,18.57,18.21,18.38,1758600,18.16
2011-01-12,18.30,18.48,18.21,18.41,1806300,18.19
2011-01-11,18.42,18.54,18.02,18.14,2348400,17.92
2011-01-10,18.41,18.65,18.27,18.36,2666500,18.14
