Date,Open,High,Low,Close,Volume,Adj Close
2011-04-26,10.90,11.28,10.90,11.26,1148300,11.26
2011-04-25,10.91,10.99,10.87,10.87,574400,10.87
2011-04-21,10.80,10.90,10.70,10.87,567100,10.87
2011-04-20,10.70,10.90,10.48,10.88,1512300,10.88
2011-04-19,10.92,11.02,10.65,10.69,1397200,10.69
2011-04-18,10.92,11.00,10.74,10.83,1076800,10.83
2011-04-15,11.06,11.12,10.93,11.04,599100,11.04
2011-04-14,10.85,11.03,10.77,11.00,805200,11.00
2011-04-13,11.19,11.23,10.88,10.97,1037100,10.97
2011-04-12,11.08,11.23,11.04,11.13,654500,11.13
2011-04-11,11.16,11.27,11.08,11.13,519300,11.13
2011-04-08,11.45,11.52,11.15,11.18,398900,11.18
2011-04-07,11.45,11.59,11.40,11.46,840100,11.46
2011-04-06,11.35,11.52,11.28,11.51,701900,11.51
2011-04-05,11.31,11.38,11.25,11.25,647000,11.25
2011-04-04,11.37,11.47,11.30,11.35,464000,11.35
2011-04-01,11.28,11.40,11.17,11.37,670700,11.37
2011-03-31,11.04,11.15,10.99,11.11,603800,11.11
2011-03-30,10.92,11.10,10.86,11.04,500600,11.04
2011-03-29,10.87,11.00,10.78,10.84,814600,10.84
2011-03-28,10.98,11.04,10.87,10.87,706700,10.87
2011-03-25,10.81,11.15,10.81,10.94,1222300,10.94
2011-03-24,10.79,10.84,10.65,10.81,876100,10.81
2011-03-23,10.85,10.94,10.57,10.78,1198800,10.74
2011-03-22,11.01,11.14,10.83,10.83,818800,10.79
2011-03-21,10.92,11.06,10.88,11.05,1066500,11.01
2011-03-18,10.80,10.96,10.73,10.81,2264900,10.77
2011-03-17,10.82,10.86,10.62,10.71,976000,10.67
2011-03-16,10.83,10.85,10.63,10.71,1420400,10.67
2011-03-15,10.54,10.82,10.51,10.79,1137500,10.75
2011-03-14,10.94,11.00,10.79,10.85,724500,10.81
2011-03-11,10.97,11.07,10.91,11.02,834200,10.98
2011-03-10,11.11,11.21,10.99,11.00,990900,10.96
2011-03-09,11.36,11.46,11.20,11.28,1314700,11.24
2011-03-08,11.10,11.54,11.07,11.43,1989000,11.39
2011-03-07,10.96,11.12,10.93,11.00,1573400,10.96
2011-03-04,11.03,11.05,10.86,10.94,1414400,10.90
2011-03-03,10.67,11.07,10.67,11.05,1389200,11.01
2011-03-02,10.57,10.68,10.52,10.58,1055200,10.54
2011-03-01,10.97,11.00,10.55,10.56,1477600,10.52
2011-02-28,10.86,11.09,10.78,10.89,1513500,10.85
2011-02-25,10.35,10.62,10.29,10.61,1204200,10.57
2011-02-24,10.50,10.59,10.20,10.30,1905100,10.26
2011-02-23,10.72,10.84,10.45,10.45,1261000,10.41
2011-02-22,10.93,10.95,10.68,10.77,989300,10.73
2011-02-18,10.90,11.05,10.82,11.04,619000,11.00
2011-02-17,10.85,10.91,10.84,10.91,330900,10.87
2011-02-16,10.91,10.99,10.86,10.91,977900,10.87
2011-02-15,10.93,11.01,10.85,10.87,798700,10.83
2011-02-14,11.06,11.19,10.87,10.98,1626800,10.94
2011-02-11,10.60,11.19,10.56,11.09,1715100,11.05
2011-02-10,10.59,10.67,10.57,10.62,482500,10.58
2011-02-09,10.65,10.79,10.61,10.63,837400,10.59
2011-02-08,10.60,10.75,10.57,10.70,662600,10.66
2011-02-07,10.63,10.75,10.49,10.66,853300,10.62
2011-02-04,10.53,10.66,10.37,10.62,845300,10.58
2011-02-03,10.43,10.53,10.36,10.51,1050200,10.47
2011-02-02,10.55,10.73,10.45,10.47,935300,10.43
2011-02-01,10.48,10.67,10.36,10.62,798700,10.58
2011-01-31,10.47,10.61,10.29,10.32,1502000,10.28
2011-01-28,10.56,10.74,10.39,10.39,1219300,10.35
2011-01-27,10.44,10.64,10.33,10.57,1068300,10.53
2011-01-26,10.50,10.50,10.30,10.33,631000,10.29
2011-01-25,10.42,10.50,10.34,10.49,585300,10.45
2011-01-24,10.54,10.66,10.44,10.49,801800,10.45
2011-01-21,10.60,10.70,10.48,10.51,1362500,10.47
2011-01-20,10.34,10.67,10.28,10.52,1585900,10.48
2011-01-19,10.24,10.77,10.23,10.53,2831700,10.49
2011-01-18,10.67,10.77,10.43,10.73,1898500,10.69
2011-01-14,10.16,10.65,10.12,10.65,1210800,10.61
2011-01-13,10.30,10.37,10.12,10.16,904900,10.12
2011-01-12,10.27,10.39,10.19,10.34,710900,10.30
2011-01-11,10.26,10.32,10.06,10.17,600000,10.13
2011-01-10,9.92,10.18,9.81,10.15,932500,10.11
