Date,Open,High,Low,Close,Volume,Adj Close
2011-04-26,12.93,13.04,12.83,12.95,3071700,12.95
2011-04-25,12.93,13.05,12.88,12.92,2706300,12.92
2011-04-21,13.06,13.15,12.80,12.97,1585000,12.97
2011-04-20,13.38,13.44,12.98,13.04,2881000,13.04
2011-04-19,12.65,13.02,12.65,13.02,2450400,13.02
2011-04-18,12.70,12.74,12.46,12.57,1950300,12.57
2011-04-15,13.05,13.10,12.58,12.78,5520800,12.78
2011-04-14,13.16,13.18,12.91,12.98,3542400,12.98
2011-04-13,13.46,13.51,13.12,13.29,2136100,13.29
2011-04-12,13.70,13.70,13.20,13.33,4057000,13.33
2011-04-11,14.41,14.47,13.78,13.81,3140700,13.81
2011-04-08,14.72,14.77,14.18,14.26,4671900,14.26
2011-04-07,14.08,14.56,14.05,14.50,3273300,14.50
2011-04-06,14.33,14.42,14.02,14.05,7586500,14.05
2011-04-05,13.59,14.29,13.46,14.26,5937000,14.26
2011-04-04,13.59,13.78,13.57,13.60,3201400,13.60
2011-04-01,13.03,13.53,12.98,13.45,4097500,13.45
2011-03-31,12.70,12.89,12.68,12.84,1948200,12.84
2011-03-30,12.51,12.76,12.40,12.61,2399600,12.61
2011-03-29,12.43,12.55,12.29,12.34,3193800,12.34
2011-03-28,12.66,12.70,12.32,12.39,1665100,12.39
2011-03-25,12.74,12.92,12.63,12.65,1476600,12.65
2011-03-24,12.98,13.00,12.67,12.69,2841800,12.69
2011-03-23,12.70,13.08,12.59,12.99,2310800,12.99
2011-03-22,12.37,12.75,12.35,12.72,1946900,12.72
2011-03-21,12.80,12.80,12.30,12.34,1814600,12.34
2011-03-18,12.48,12.72,12.45,12.56,1886600,12.56
2011-03-17,12.76,12.85,12.34,12.36,2145300,12.36
2011-03-16,12.59,12.95,12.40,12.44,3155700,12.44
2011-03-15,11.96,12.57,11.95,12.49,2652700,12.49
2011-03-14,12.40,12.56,12.17,12.51,3164600,12.51
2011-03-11,12.37,12.75,12.28,12.58,2382700,12.58
2011-03-10,12.22,12.53,12.02,12.28,1886400,12.28
2011-03-09,12.42,12.69,12.30,12.35,2013500,12.35
2011-03-08,12.39,12.73,12.27,12.56,1388400,12.56
2011-03-07,12.37,12.46,12.27,12.30,1429500,12.30
2011-03-04,12.51,12.60,12.35,12.59,2088800,12.59
2011-03-03,12.49,12.66,12.32,12.61,3035800,12.61
2011-03-02,12.05,12.37,12.01,12.27,2490800,12.27
2011-03-01,12.48,12.55,12.15,12.21,5246600,12.21
2011-02-28,12.83,12.93,12.01,12.63,3807100,12.63
2011-02-25,13.14,13.25,12.72,12.79,2750900,12.79
2011-02-24,12.47,13.00,12.35,12.98,3189800,12.98
2011-02-23,12.47,12.59,12.12,12.56,2980900,12.56
2011-02-22,12.33,12.58,12.10,12.51,7304600,12.51
2011-02-18,13.02,13.14,12.83,13.10,1882800,13.10
2011-02-17,12.63,12.93,12.57,12.73,2173700,12.73
2011-02-16,12.56,12.74,12.45,12.74,1731900,12.74
2011-02-15,12.78,12.84,12.55,12.63,1660400,12.63
2011-02-14,12.57,12.92,12.57,12.77,2324700,12.77
2011-02-11,12.03,12.61,11.87,12.58,3604600,12.58
2011-02-10,12.00,12.24,11.88,12.03,2890700,12.03
2011-02-09,12.17,12.23,11.98,12.17,3014600,12.17
2011-02-08,12.36,12.47,12.18,12.40,2938800,12.40
2011-02-07,11.85,12.23,11.85,12.06,2227500,12.06
2011-02-04,12.10,12.14,11.82,12.04,2638700,12.04
2011-02-03,12.44,12.49,12.12,12.31,1784600,12.31
2011-02-02,12.74,12.80,12.27,12.36,2703000,12.36
2011-02-01,12.60,12.94,12.60,12.83,2957800,12.83
2011-01-31,12.64,12.69,12.37,12.52,1986400,12.52
2011-01-28,12.84,12.90,12.30,12.54,2697800,12.54
2011-01-27,13.11,13.22,12.75,12.84,4012600,12.84
2011-01-26,13.61,13.62,13.14,13.39,4750500,13.39
2011-01-25,13.67,13.76,13.38,13.68,944800,13.68
2011-01-24,13.59,13.84,13.50,13.67,1288200,13.67
2011-01-21,13.81,13.85,13.48,13.57,1811000,13.57
2011-01-20,13.71,13.83,13.60,13.65,2073800,13.65
2011-01-19,13.88,13.96,13.68,13.79,1431900,13.79
2011-01-18,13.67,13.93,13.60,13.89,2373500,13.89
2011-01-14,13.73,13.87,13.58,13.72,1940200,13.72
2011-01-13,14.22,14.31,13.82,13.93,1778600,13.93
2011-01-12,14.12,14.24,14.00,14.21,1875900,14.21
2011-01-11,13.99,14.10,13.86,14.06,2585600,14.06
2011-01-10,13.79,13.90,13.63,13.86,2051600,13.86
