Date,Open,High,Low,Close,Volume,Adj Close
2011-04-26,54.17,54.55,53.75,54.45,6636000,54.45
2011-04-25,56.00,56.03,54.27,55.08,7150900,55.08
2011-04-21,55.22,55.80,54.95,55.67,5873000,55.67
2011-04-20,55.25,55.76,54.68,54.93,6119000,54.93
2011-04-19,54.20,54.72,53.90,54.67,5790600,54.67
2011-04-18,54.07,54.40,52.56,53.72,8176900,53.72
2011-04-15,54.27,54.68,53.71,54.18,7649700,54.18
2011-04-14,52.62,54.16,52.59,53.96,8354200,53.96
2011-04-13,53.63,53.64,52.45,52.73,6581800,52.73
2011-04-12,53.09,53.63,52.15,52.94,6485900,52.94
2011-04-11,54.39,54.72,52.83,53.44,7320700,53.41
2011-04-08,54.18,54.50,53.96,54.44,8964500,54.41
2011-04-07,52.61,53.54,52.53,53.19,6506300,53.16
2011-04-06,52.98,53.86,52.59,52.85,10774000,52.82
2011-04-05,49.10,52.18,49.09,52.16,10857100,52.13
2011-04-04,49.37,49.65,49.10,49.20,3919200,49.17
2011-04-01,49.53,49.95,48.96,49.23,5963100,49.20
2011-03-31,49.93,50.26,49.68,49.80,4187700,49.77
2011-03-30,49.04,49.73,48.80,49.46,5512200,49.43
2011-03-29,48.22,49.19,47.82,48.54,4331600,48.51
2011-03-28,48.50,49.08,48.12,48.46,2859600,48.43
2011-03-25,48.96,49.83,48.71,48.90,4793400,48.87
2011-03-24,49.86,50.50,48.62,48.87,9217100,48.84
2011-03-23,48.26,49.96,48.10,49.78,6525500,49.75
2011-03-22,48.16,48.49,47.72,48.18,3674100,48.15
2011-03-21,48.31,48.38,47.71,48.18,4495800,48.15
2011-03-18,46.96,47.85,46.63,47.27,6806300,47.24
2011-03-17,46.54,46.74,45.90,46.37,4724800,46.34
2011-03-16,46.74,47.08,45.55,45.86,7211100,45.83
2011-03-15,45.85,46.74,45.58,46.52,8970900,46.49
2011-03-14,47.79,47.87,47.17,47.70,4410300,47.64
2011-03-11,46.54,47.70,46.51,47.43,5270200,47.37
2011-03-10,47.74,47.79,46.91,47.18,8793300,47.12
2011-03-09,49.31,49.54,48.38,48.62,6049000,48.55
2011-03-08,49.76,49.90,48.97,49.32,6451400,49.25
2011-03-07,50.63,50.80,49.89,49.99,7312300,49.92
2011-03-04,49.48,50.25,49.36,50.07,7137700,50.00
2011-03-03,48.91,49.24,48.43,49.19,8652200,49.12
2011-03-02,50.08,50.08,49.04,49.61,11231200,49.54
2011-03-01,48.03,49.82,48.00,49.35,15886200,49.28
2011-02-28,47.10,47.97,46.93,47.81,5925800,47.75
2011-02-25,45.99,47.08,45.86,46.98,7997100,46.92
2011-02-24,46.59,46.74,45.02,45.19,8120300,45.13
2011-02-23,45.51,46.64,45.32,46.18,9999000,46.12
2011-02-22,46.31,46.35,45.05,45.21,9806800,45.15
2011-02-18,44.97,45.71,44.80,45.05,7636500,44.99
2011-02-17,44.53,44.76,44.18,44.74,4130400,44.68
2011-02-16,44.19,44.49,43.72,44.30,5134000,44.24
2011-02-15,43.75,44.25,43.70,43.97,5671900,43.91
2011-02-14,43.32,43.74,43.19,43.32,3745200,43.23
2011-02-11,42.96,43.66,42.78,42.98,7496800,42.89
2011-02-10,42.65,43.01,42.18,42.76,7344700,42.67
2011-02-09,43.23,43.84,42.75,43.09,9506200,43.00
2011-02-08,41.94,43.10,41.78,42.94,7388400,42.85
2011-02-07,41.77,42.10,41.14,41.24,4542300,41.16
2011-02-04,42.05,42.21,41.52,41.64,6498300,41.56
2011-02-03,41.01,41.92,40.58,41.84,6051000,41.75
2011-02-02,41.26,41.26,40.49,40.82,4241200,40.74
2011-02-01,40.96,41.25,40.16,41.16,8299600,41.08
2011-01-31,40.62,40.81,39.93,40.21,9111700,40.13
2011-01-28,40.53,41.54,40.40,40.74,10214500,40.66
2011-01-27,41.37,41.44,40.11,40.69,8463100,40.61
2011-01-26,40.06,41.52,39.94,41.39,8157400,41.31
2011-01-25,39.25,39.96,39.04,39.94,9193000,39.86
2011-01-24,40.17,40.59,39.41,39.69,6166200,39.61
2011-01-21,40.56,41.10,40.17,40.26,8653300,40.18
2011-01-20,40.01,40.72,39.74,40.50,8834300,40.42
2011-01-19,41.41,41.41,40.55,40.73,5742100,40.65
2011-01-18,41.24,41.29,40.75,40.86,7528600,40.78
2011-01-14,41.80,41.84,40.51,40.59,13035000,40.48
2011-01-13,43.74,43.76,41.87,42.07,7106500,41.95
2011-01-12,44.01,44.08,43.20,43.64,5430300,43.52
2011-01-11,44.10,44.13,43.33,43.76,5720300,43.64
2011-01-10,43.10,43.18,42.56,42.91,5357100,42.79
