Date,Open,High,Low,Close,Volume,Adj Close
2011-04-26,16.01,16.23,15.89,15.99,6335300,15.99
2011-04-25,15.95,16.10,15.80,15.94,4100000,15.94
2011-04-21,15.64,15.97,15.42,15.93,3902500,15.93
2011-04-20,15.46,15.64,15.37,15.63,3653100,15.63
2011-04-19,15.26,15.57,15.21,15.38,1916400,15.38
2011-04-18,15.23,15.35,15.04,15.29,3662700,15.29
2011-04-15,15.41,15.55,15.37,15.44,5644000,15.44
2011-04-14,14.97,15.47,14.93,15.45,7671800,15.45
2011-04-13,14.94,15.06,14.85,15.00,3527400,15.00
2011-04-12,14.88,15.00,14.81,14.92,1570000,14.82
2011-04-11,14.99,15.17,14.88,14.94,1800900,14.84
2011-04-08,15.11,15.13,14.94,15.01,2766700,14.91
2011-04-07,15.22,15.30,15.06,15.07,3332700,14.97
2011-04-06,15.37,15.37,15.24,15.31,1862500,15.21
2011-04-05,15.35,15.44,15.22,15.26,2984800,15.16
2011-04-04,15.56,15.57,15.36,15.42,2333700,15.32
2011-04-01,15.52,15.66,15.42,15.47,3130000,15.37
2011-03-31,15.16,15.58,15.06,15.48,6130000,15.38
2011-03-30,15.08,15.27,14.97,15.25,2331200,15.15
2011-03-29,15.20,15.25,14.97,15.00,2104300,14.90
2011-03-28,15.14,15.25,15.12,15.18,1212900,15.08
2011-03-25,15.23,15.31,15.13,15.14,1800100,15.04
2011-03-24,15.18,15.35,15.03,15.16,3960400,15.06
2011-03-23,15.38,15.45,15.14,15.15,5197600,15.05
2011-03-22,15.52,15.52,15.34,15.48,3857800,15.38
2011-03-21,15.35,15.50,15.14,15.48,4850500,15.38
2011-03-18,14.92,15.25,14.78,15.20,22033300,15.10
2011-03-17,14.74,14.80,14.57,14.80,3015700,14.70
2011-03-16,14.72,14.87,14.42,14.58,4118900,14.48
2011-03-15,14.18,14.90,14.13,14.80,3677200,14.70
2011-03-14,14.71,14.83,14.24,14.57,3836900,14.47
2011-03-11,14.68,14.94,14.50,14.88,3036200,14.78
2011-03-10,14.87,15.03,14.54,14.68,5788900,14.58
2011-03-09,15.24,15.26,14.88,14.92,4446200,14.82
2011-03-08,14.99,15.37,14.91,15.23,4784600,15.13
2011-03-07,15.19,15.40,14.94,14.98,4449900,14.88
2011-03-04,15.49,15.49,15.09,15.13,3787300,15.03
2011-03-03,15.28,15.45,15.18,15.28,7018400,15.18
2011-03-02,15.45,15.57,15.03,15.08,4517400,14.98
2011-03-01,16.13,16.24,15.43,15.53,6173700,15.43
2011-02-28,15.53,15.93,15.49,15.92,4993500,15.81
2011-02-25,15.35,15.58,15.22,15.58,5172400,15.48
2011-02-24,15.30,15.41,15.03,15.21,4403100,15.11
2011-02-23,15.49,15.55,15.26,15.38,5229900,15.28
2011-02-22,15.65,15.72,15.37,15.52,3167400,15.42
2011-02-18,15.74,15.82,15.58,15.76,3458100,15.65
2011-02-17,15.70,15.82,15.61,15.81,2917900,15.70
2011-02-16,15.50,15.83,15.38,15.76,4923200,15.65
2011-02-15,15.47,15.50,15.27,15.38,3477500,15.28
2011-02-14,15.47,15.50,15.29,15.45,2459700,15.35
2011-02-11,15.35,15.46,15.20,15.45,3041200,15.35
2011-02-10,15.20,15.39,15.16,15.37,2378300,15.27
2011-02-09,15.21,15.33,15.11,15.30,3098200,15.20
2011-02-08,15.20,15.33,15.01,15.28,4646900,15.18
2011-02-07,14.99,15.24,14.95,15.20,5457800,15.10
2011-02-04,14.95,15.09,14.81,14.96,4557300,14.86
2011-02-03,14.77,14.98,14.65,14.93,3623900,14.83
2011-02-02,14.86,14.99,14.76,14.84,4150100,14.74
2011-02-01,14.91,14.99,14.55,14.93,22042300,14.83
2011-01-31,14.59,14.87,14.59,14.81,5178400,14.71
2011-01-28,15.07,15.07,14.41,14.57,4929200,14.47
2011-01-27,14.83,15.25,14.75,15.00,5459300,14.90
2011-01-26,14.86,14.90,14.66,14.88,4789000,14.78
2011-01-25,14.60,14.85,14.54,14.85,6297300,14.75
2011-01-24,14.45,14.67,14.40,14.67,5816600,14.57
2011-01-21,14.45,14.50,14.26,14.35,4225200,14.25
2011-01-20,14.43,14.70,14.30,14.43,5513500,14.33
2011-01-19,14.80,14.82,14.42,14.50,4647400,14.40
2011-01-18,15.10,15.12,14.72,14.84,5921100,14.74
2011-01-14,14.74,15.14,14.66,15.10,4703500,15.00
2011-01-13,14.76,14.94,14.60,14.81,4006300,14.71
2011-01-12,14.88,15.01,14.69,14.80,5113100,14.70
2011-01-11,15.06,15.06,14.54,14.74,7334100,14.64
2011-01-10,14.65,15.01,14.63,14.99,6596400,14.89
