Date,Open,High,Low,Close,Volume,Adj Close
2011-04-26,14.26,14.32,14.15,14.23,1167500,14.23
2011-04-25,13.90,14.11,13.85,14.06,727100,14.06
2011-04-21,14.05,14.18,13.96,14.02,839000,14.02
2011-04-20,13.58,13.91,13.57,13.89,910000,13.89
2011-04-19,13.25,13.32,13.17,13.29,745000,13.29
2011-04-18,13.36,13.38,12.96,13.15,802400,13.15
2011-04-15,13.45,13.52,13.39,13.46,581400,13.46
2011-04-14,13.34,13.45,13.22,13.39,616800,13.39
2011-04-13,13.36,13.39,13.13,13.31,748000,13.31
2011-04-12,13.48,13.57,13.18,13.25,1193000,13.25
2011-04-11,13.47,13.47,13.26,13.29,749800,13.29
2011-04-08,13.68,13.71,13.43,13.50,814900,13.50
2011-04-07,13.82,13.93,13.54,13.61,1180300,13.61
2011-04-06,13.94,13.98,13.65,13.69,658600,13.69
2011-04-05,13.87,13.90,13.72,13.75,828200,13.75
2011-04-04,13.84,13.89,13.63,13.86,751900,13.86
2011-04-01,13.85,13.91,13.79,13.83,763300,13.83
2011-03-31,13.72,13.82,13.66,13.73,664100,13.73
2011-03-30,13.72,13.92,13.64,13.74,1265700,13.74
2011-03-29,13.65,13.74,13.49,13.50,1264300,13.50
2011-03-28,13.63,13.65,13.51,13.59,657000,13.59
2011-03-25,13.59,13.84,13.18,13.57,2012100,13.57
2011-03-24,13.53,13.63,13.30,13.54,1221300,13.54
2011-03-23,13.26,13.58,13.23,13.55,810500,13.55
2011-03-22,13.29,13.38,13.15,13.22,671500,13.22
2011-03-21,13.41,13.45,13.11,13.17,832900,13.17
2011-03-18,13.35,13.38,13.05,13.27,861200,13.27
2011-03-17,13.35,13.37,12.93,12.98,993900,12.98
2011-03-16,13.49,13.51,12.93,13.20,1666300,13.20
2011-03-15,12.61,13.55,12.56,13.46,1971900,13.46
2011-03-14,13.05,13.10,12.76,12.95,852600,12.95
2011-03-11,12.85,13.06,12.79,13.02,1673600,13.02
2011-03-10,12.93,12.99,12.59,12.63,1777400,12.63
2011-03-09,13.17,13.23,13.01,13.11,1433500,13.11
2011-03-08,13.06,13.39,12.87,13.23,569900,13.23
2011-03-07,13.14,13.22,12.90,13.06,1008900,13.06
2011-03-04,13.28,13.36,13.06,13.18,1024200,13.18
2011-03-03,13.19,13.37,13.19,13.32,1169900,13.32
2011-03-02,12.96,13.28,12.96,13.10,1576400,13.10
2011-03-01,13.50,13.50,13.06,13.15,1032400,13.15
2011-02-28,13.55,13.61,13.35,13.46,1057400,13.46
2011-02-25,13.67,13.75,13.24,13.27,1717200,13.27
2011-02-24,13.14,13.58,13.06,13.58,2467700,13.58
2011-02-23,13.44,13.46,12.91,13.03,2199600,13.03
2011-02-22,13.22,13.66,13.07,13.63,4842700,13.63
2011-02-18,14.24,14.25,14.05,14.16,841300,14.16
2011-02-17,14.23,14.27,14.10,14.18,715400,14.18
2011-02-16,14.21,14.26,13.99,14.21,803600,14.21
2011-02-15,14.09,14.33,14.00,14.10,1629100,14.10
2011-02-14,14.12,14.41,14.10,14.36,1841400,14.36
2011-02-11,13.76,14.45,13.74,14.40,1677200,14.40
2011-02-10,13.68,13.91,13.44,13.79,1152100,13.79
2011-02-09,14.00,14.09,13.56,13.85,1579100,13.85
2011-02-08,13.94,14.21,13.94,14.17,949600,14.17
2011-02-07,13.80,14.08,13.77,13.81,1137900,13.81
2011-02-04,14.01,14.09,13.83,14.00,2039200,14.00
2011-02-03,14.06,14.29,13.90,14.27,1938200,14.27
2011-02-02,14.57,14.71,14.28,14.39,937300,14.39
2011-02-01,14.64,14.94,14.29,14.67,1253200,14.67
2011-01-31,14.80,14.80,14.39,14.48,1690200,14.48
2011-01-28,15.39,15.39,14.68,14.85,979500,14.85
2011-01-27,15.57,15.58,15.14,15.29,1063700,15.29
2011-01-26,15.63,15.87,15.56,15.67,784000,15.67
2011-01-25,15.64,15.70,15.38,15.59,390200,15.59
2011-01-24,15.64,15.72,15.50,15.67,681200,15.67
2011-01-21,15.73,15.73,15.40,15.66,1336000,15.66
2011-01-20,15.79,15.85,15.56,15.64,1348000,15.64
2011-01-19,16.06,16.10,15.66,15.98,1296600,15.98
2011-01-18,15.97,16.21,15.93,16.18,1205700,16.18
2011-01-14,16.22,16.31,15.87,16.13,717100,16.13
2011-01-13,16.46,16.46,16.09,16.25,1104000,16.25
2011-01-12,15.91,16.34,15.76,16.25,1417200,16.25
2011-01-11,15.64,15.83,15.38,15.83,1395500,15.83
2011-01-10,15.59,15.61,15.33,15.44,480300,15.44
