Date,Open,High,Low,Close,Volume,Adj Close
2011-04-26,10.76,10.78,10.44,10.49,1896400,10.49
2011-04-25,10.83,10.87,10.51,10.70,2222900,10.70
2011-04-21,10.99,10.99,10.71,10.78,1242400,10.78
2011-04-20,10.61,10.90,10.60,10.78,2484600,10.78
2011-04-19,10.33,10.49,10.17,10.47,1860600,10.47
2011-04-18,10.41,10.47,10.00,10.34,2798000,10.34
2011-04-15,10.66,10.72,10.34,10.37,2008300,10.37
2011-04-14,10.36,10.78,10.30,10.60,2428300,10.60
2011-04-13,10.20,10.42,10.20,10.32,2094600,10.32
2011-04-12,10.33,10.48,10.03,10.11,1915000,10.11
2011-04-11,10.66,10.95,10.24,10.37,2838800,10.37
2011-04-08,10.35,10.52,10.27,10.50,3056900,10.50
2011-04-07,10.25,10.35,9.97,10.17,2319400,10.17
2011-04-06,10.22,10.33,10.12,10.19,3112000,10.19
2011-04-05,9.78,10.15,9.68,10.12,4918400,10.12
2011-04-04,10.24,10.24,9.79,9.84,3740900,9.84
2011-04-01,10.44,10.44,9.95,10.10,3239200,10.10
2011-03-31,10.43,10.50,10.19,10.45,4683700,10.45
2011-03-30,9.80,10.13,9.76,10.10,2244000,10.10
2011-03-29,9.45,9.82,9.35,9.66,1843100,9.66
2011-03-28,9.82,9.84,9.51,9.54,1367100,9.54
2011-03-25,10.12,10.20,9.73,9.89,2128300,9.89
2011-03-24,9.95,10.23,9.90,10.08,3048300,10.08
2011-03-23,9.55,9.88,9.41,9.80,3264800,9.80
2011-03-22,9.04,9.24,8.88,9.19,1446700,9.19
2011-03-21,8.88,9.05,8.81,9.03,1080200,9.03
2011-03-18,8.70,8.82,8.56,8.67,2117000,8.67
2011-03-17,8.32,8.60,8.22,8.53,1354500,8.53
2011-03-16,8.49,8.55,8.08,8.22,1535600,8.22
2011-03-15,8.37,8.50,8.13,8.47,3481200,8.47
2011-03-14,8.90,8.99,8.73,8.89,1006100,8.89
2011-03-11,8.65,8.95,8.55,8.90,995800,8.90
2011-03-10,9.09,9.13,8.76,8.76,1437400,8.76
2011-03-09,9.17,9.29,9.11,9.25,1014800,9.25
2011-03-08,8.98,9.24,8.89,9.16,1553600,9.16
2011-03-07,9.02,9.13,8.83,8.94,987400,8.94
2011-03-04,8.91,9.07,8.81,8.99,902300,8.99
2011-03-03,9.04,9.04,8.76,8.90,787700,8.90
2011-03-02,9.18,9.29,8.89,9.10,1150000,9.10
2011-03-01,9.00,9.23,8.95,9.16,1147400,9.16
2011-02-28,8.85,9.04,8.70,8.86,970400,8.86
2011-02-25,8.82,8.92,8.70,8.87,1052200,8.87
2011-02-24,9.12,9.15,8.67,8.72,1658300,8.72
2011-02-23,9.23,9.30,8.85,9.08,2687000,9.08
2011-02-22,9.44,9.60,9.26,9.29,2298300,9.29
2011-02-18,9.27,9.38,9.22,9.28,1340700,9.28
2011-02-17,9.16,9.29,9.05,9.27,1299300,9.27
2011-02-16,8.98,9.14,8.75,9.12,1294900,9.12
2011-02-15,8.86,9.02,8.79,8.87,1032800,8.87
2011-02-14,8.45,8.77,8.45,8.73,1078700,8.73
2011-02-11,8.59,8.74,8.39,8.43,864400,8.43
2011-02-10,8.59,8.69,8.45,8.58,1093500,8.58
2011-02-09,8.85,9.04,8.60,8.72,2012800,8.72
2011-02-08,8.29,8.72,8.29,8.72,2223200,8.72
2011-02-07,8.29,8.33,8.13,8.18,1002800,8.18
2011-02-04,8.34,8.34,8.06,8.17,1062900,8.17
2011-02-03,7.89,8.29,7.71,8.29,1893100,8.29
2011-02-02,7.88,7.90,7.71,7.83,740000,7.83
2011-02-01,7.65,7.85,7.54,7.85,1111000,7.85
2011-01-31,7.62,7.66,7.43,7.53,1424900,7.53
2011-01-28,7.42,7.75,7.31,7.58,1646000,7.58
2011-01-27,7.55,7.64,7.29,7.36,1184900,7.36
2011-01-26,7.16,7.64,7.16,7.64,1148500,7.64
2011-01-25,7.15,7.20,7.05,7.20,958100,7.20
2011-01-24,7.24,7.44,7.20,7.24,1173000,7.24
2011-01-21,7.55,7.69,7.25,7.27,1665000,7.27
2011-01-20,7.61,7.62,7.35,7.56,1419800,7.56
2011-01-19,7.96,7.98,7.72,7.75,794400,7.75
2011-01-18,7.90,7.96,7.81,7.90,798000,7.90
2011-01-14,8.00,8.05,7.79,7.81,1160300,7.81
2011-01-13,8.39,8.39,8.00,8.09,1514400,8.09
2011-01-12,8.15,8.33,8.01,8.31,1742800,8.31
2011-01-11,7.95,8.10,7.90,8.00,1232700,8.00
2011-01-10,7.74,7.95,7.67,7.90,1356000,7.90
