Date,Open,High,Low,Close,Volume,Adj Close
2011-04-26,7.70,7.70,7.50,7.53,742100,7.53
2011-04-25,7.38,7.67,7.30,7.63,1416200,7.63
2011-04-21,7.45,7.45,7.20,7.38,570800,7.38
2011-04-20,7.32,7.50,7.28,7.41,1969800,7.41
2011-04-19,7.27,7.41,7.09,7.17,1196000,7.17
2011-04-18,7.25,7.27,7.10,7.23,1105400,7.23
2011-04-15,7.12,7.52,7.11,7.36,1505200,7.36
2011-04-14,7.18,7.21,7.09,7.21,1138000,7.21
2011-04-13,7.29,7.30,6.86,7.15,2327100,7.15
2011-04-12,7.43,7.56,7.01,7.15,2591500,7.15
2011-04-11,7.97,7.97,7.47,7.56,1302200,7.56
2011-04-08,7.93,8.11,7.91,7.98,857600,7.98
2011-04-07,7.91,8.08,7.83,7.96,1328400,7.96
2011-04-06,7.89,8.00,7.62,7.80,2362000,7.80
2011-04-05,7.98,8.07,7.95,8.07,705500,8.07
2011-04-04,8.20,8.20,8.00,8.05,962400,8.05
2011-04-01,8.21,8.26,8.10,8.17,763400,8.17
2011-03-31,8.09,8.21,8.07,8.07,1660800,8.07
2011-03-30,8.17,8.22,8.04,8.09,2043900,8.09
2011-03-29,7.99,8.04,7.95,8.00,1738900,8.00
2011-03-28,8.00,8.20,7.94,8.04,1741900,8.04
2011-03-25,8.01,8.07,7.91,7.91,1428000,7.91
2011-03-24,8.19,8.26,8.00,8.00,1233600,8.00
2011-03-23,8.14,8.24,7.97,8.12,1208800,8.12
2011-03-22,8.28,8.34,8.05,8.14,1157800,8.14
2011-03-21,7.99,8.46,7.90,8.26,1572100,8.26
2011-03-18,8.06,8.06,7.72,7.82,982700,7.82
2011-03-17,7.97,8.14,7.88,7.89,1219800,7.89
2011-03-16,7.83,8.02,7.57,7.75,1301300,7.75
2011-03-15,7.46,7.85,7.20,7.75,2343800,7.75
2011-03-14,7.91,7.99,7.71,7.84,1457000,7.84
2011-03-11,7.92,8.13,7.84,8.05,1505500,8.05
2011-03-10,8.23,8.25,8.08,8.11,972600,8.11
2011-03-09,8.36,8.48,8.09,8.34,1751700,8.34
2011-03-08,8.54,8.64,8.38,8.43,1761700,8.43
2011-03-07,9.22,9.22,8.38,8.77,4895600,8.77
2011-03-04,9.52,9.52,9.35,9.50,647800,9.50
2011-03-03,9.60,9.60,9.30,9.40,851200,9.40
2011-03-02,9.64,9.64,9.39,9.54,797600,9.54
2011-03-01,9.36,9.57,9.18,9.53,1327900,9.53
2011-02-28,9.25,9.30,9.06,9.28,1204800,9.28
2011-02-25,8.86,9.15,8.86,9.12,1207400,9.12
2011-02-24,8.88,8.99,8.79,8.98,661000,8.98
2011-02-23,8.76,8.89,8.65,8.83,592800,8.83
2011-02-22,8.96,8.96,8.65,8.78,712600,8.78
2011-02-18,8.79,8.92,8.76,8.92,742800,8.92
2011-02-17,8.95,9.03,8.73,8.80,1125400,8.80
2011-02-16,8.80,9.06,8.68,9.00,953300,9.00
2011-02-15,8.91,8.93,8.62,8.73,681300,8.73
2011-02-14,8.93,8.97,8.85,8.94,494900,8.94
2011-02-11,8.85,8.94,8.76,8.93,603600,8.93
2011-02-10,8.79,8.87,8.71,8.87,922200,8.87
2011-02-09,9.01,9.01,8.73,8.89,1032100,8.89
2011-02-08,9.30,9.34,8.84,8.90,1185700,8.90
2011-02-07,9.05,9.33,9.05,9.30,1199500,9.30
2011-02-04,8.75,9.15,8.69,9.00,1272500,9.00
2011-02-03,8.83,8.87,8.66,8.67,506700,8.67
2011-02-02,8.97,9.01,8.79,8.85,759400,8.85
2011-02-01,9.08,9.19,8.81,9.00,2114200,9.00
2011-01-31,8.58,9.03,8.56,9.03,1919200,9.03
2011-01-28,8.33,8.55,8.27,8.55,729700,8.55
2011-01-27,8.51,8.51,8.28,8.35,429500,8.35
2011-01-26,8.20,8.49,8.19,8.49,438100,8.49
2011-01-25,8.14,8.30,8.10,8.20,602000,8.20
2011-01-24,8.20,8.31,8.13,8.17,632400,8.17
2011-01-21,8.26,8.32,8.18,8.19,276800,8.19
2011-01-20,8.38,8.38,8.17,8.23,724200,8.23
2011-01-19,8.40,8.45,8.30,8.40,913900,8.40
2011-01-18,8.45,8.45,8.12,8.44,1576000,8.44
2011-01-14,8.36,8.47,8.33,8.47,311200,8.47
2011-01-13,8.55,8.61,8.40,8.48,650400,8.48
2011-01-12,8.64,8.70,8.47,8.55,604300,8.55
2011-01-11,8.26,8.60,8.22,8.52,1137800,8.52
2011-01-10,8.04,8.22,8.00,8.22,476700,8.22
