Date,Open,High,Low,Close,Volume,Adj Close
2011-04-26,5.70,5.86,5.51,5.80,3763000,5.80
2011-04-25,5.70,5.75,5.50,5.69,2406000,5.69
2011-04-21,5.75,5.77,5.60,5.71,2022300,5.71
2011-04-20,5.61,5.74,5.54,5.69,3323800,5.69
2011-04-19,5.50,5.62,5.35,5.46,3634500,5.46
2011-04-18,5.61,5.70,5.46,5.50,3935400,5.50
2011-04-15,5.62,5.82,5.60,5.75,5279000,5.75
2011-04-14,5.54,5.73,5.43,5.59,4306200,5.59
2011-04-13,5.31,5.64,5.30,5.60,6976700,5.60
2011-04-12,5.38,5.46,5.20,5.20,7521600,5.20
2011-04-11,5.60,5.86,5.40,5.44,6664300,5.44
2011-04-08,5.59,5.99,5.50,5.66,18598100,5.66
2011-04-07,6.48,6.54,6.31,6.38,6231000,6.38
2011-04-06,6.57,6.67,6.20,6.23,5600300,6.23
2011-04-05,6.80,6.80,6.33,6.44,8195400,6.44
2011-04-04,6.92,6.97,6.63,6.80,5696400,6.80
2011-04-01,6.85,6.99,6.66,6.78,9094700,6.78
2011-03-31,6.39,6.72,6.31,6.61,9630700,6.61
2011-03-30,5.96,6.48,5.96,6.32,10934400,6.32
2011-03-29,5.78,5.92,5.74,5.90,2496000,5.90
2011-03-28,5.82,5.95,5.80,5.80,2022700,5.80
2011-03-25,5.97,6.00,5.85,5.86,2885800,5.86
2011-03-24,5.88,6.05,5.71,5.93,5065600,5.93
2011-03-23,5.86,5.92,5.68,5.85,4279500,5.85
2011-03-22,5.83,5.95,5.73,5.87,4098800,5.87
2011-03-21,5.62,5.83,5.60,5.79,5306300,5.79
2011-03-18,5.73,5.75,5.43,5.50,10970000,5.50
2011-03-17,5.40,5.65,5.39,5.64,5726400,5.64
2011-03-16,5.61,5.65,5.10,5.23,12139400,5.23
2011-03-15,5.61,5.85,5.51,5.75,6997900,5.75
2011-03-14,5.95,5.97,5.65,5.87,5316600,5.87
2011-03-11,5.45,6.00,5.45,5.88,6804600,5.88
2011-03-10,5.70,5.82,5.50,5.61,8365400,5.61
2011-03-09,5.82,6.22,5.69,5.86,18431600,5.86
2011-03-08,5.60,5.62,5.30,5.40,6716900,5.40
2011-03-07,6.08,6.19,5.38,5.50,13303900,5.50
2011-03-04,6.06,6.29,5.82,5.93,16445500,5.93
2011-03-03,5.62,5.89,5.52,5.85,11197100,5.85
2011-03-02,5.16,5.78,5.10,5.44,13437100,5.44
2011-03-01,5.04,5.25,4.93,5.02,12454600,5.02
2011-02-28,4.98,5.08,4.66,4.94,8319000,4.94
2011-02-25,4.26,5.20,4.26,4.98,16497300,4.98
2011-02-24,4.42,4.44,4.10,4.23,4021700,4.23
2011-02-23,4.35,4.39,4.23,4.32,3782500,4.32
2011-02-22,4.21,4.35,4.18,4.28,5600100,4.28
2011-02-18,4.14,4.24,4.11,4.14,3601600,4.14
2011-02-17,4.10,4.10,3.86,4.09,4925000,4.09
2011-02-16,4.19,4.22,4.02,4.05,3765300,4.05
2011-02-15,4.31,4.35,4.02,4.12,6785200,4.12
2011-02-14,4.41,4.47,4.19,4.27,18590700,4.27
2011-02-11,3.60,3.67,3.58,3.62,1027800,3.62
2011-02-10,3.48,3.66,3.46,3.62,2086900,3.62
2011-02-09,3.51,3.58,3.50,3.51,2293300,3.51
2011-02-08,3.60,3.60,3.46,3.55,2331800,3.55
2011-02-07,3.51,3.67,3.51,3.59,1578000,3.59
2011-02-04,3.55,3.60,3.46,3.49,1266500,3.49
2011-02-03,3.63,3.64,3.51,3.54,2227300,3.54
2011-02-02,3.61,3.75,3.52,3.64,2653300,3.64
2011-02-01,3.36,3.79,3.26,3.64,7977300,3.64
2011-01-31,3.34,3.43,3.28,3.31,2096100,3.31
2011-01-28,3.37,3.40,3.20,3.31,2223000,3.31
2011-01-27,3.27,3.40,3.26,3.36,1794300,3.36
2011-01-26,3.20,3.33,3.20,3.26,1605600,3.26
2011-01-25,3.17,3.23,3.11,3.22,2194900,3.22
2011-01-24,3.15,3.23,3.04,3.21,1868800,3.21
2011-01-21,3.18,3.28,3.11,3.13,1851900,3.13
2011-01-20,3.25,3.26,3.13,3.13,3409500,3.13
2011-01-19,3.54,3.55,3.22,3.29,3667800,3.29
2011-01-18,3.43,3.52,3.40,3.50,1378000,3.50
2011-01-14,3.40,3.47,3.36,3.42,1780800,3.42
2011-01-13,3.59,3.59,3.39,3.42,3000400,3.42
2011-01-12,3.72,3.72,3.56,3.58,2117300,3.58
2011-01-11,3.57,3.68,3.55,3.66,3532100,3.66
2011-01-10,3.27,3.50,3.25,3.49,3343200,3.49
