Date,Open,High,Low,Close,Volume,Adj Close
2011-04-26,29.09,29.15,28.78,29.09,1849400,29.09
2011-04-25,28.85,29.08,28.38,29.05,1210800,29.05
2011-04-21,28.94,29.03,28.55,28.98,1342100,28.98
2011-04-20,28.36,29.00,28.07,28.84,2413700,28.84
2011-04-19,28.54,28.67,27.80,28.02,2396000,28.02
2011-04-18,28.70,28.80,28.01,28.43,2948400,28.43
2011-04-15,29.17,29.20,28.46,28.90,3740600,28.90
2011-04-14,29.39,30.15,28.87,29.20,5191400,29.20
2011-04-13,29.71,30.00,29.35,29.44,3456400,29.44
2011-04-12,28.43,29.74,28.42,29.41,4165800,29.41
2011-04-11,28.73,28.90,28.38,28.59,1950200,28.59
2011-04-08,27.63,29.09,27.55,28.74,4216300,28.74
2011-04-07,27.51,27.73,27.46,27.59,1241100,27.59
2011-04-06,27.73,28.03,27.41,27.61,2710100,27.61
2011-04-05,27.57,27.84,27.41,27.62,1644700,27.62
2011-04-04,27.21,27.79,27.00,27.71,2053800,27.71
2011-04-01,27.51,27.57,27.12,27.29,1624800,27.29
2011-03-31,27.25,27.67,27.11,27.45,1859200,27.45
2011-03-30,27.00,27.50,27.00,27.40,1716000,27.40
2011-03-29,26.60,26.98,26.52,26.83,1564200,26.83
2011-03-28,27.10,27.42,26.50,26.57,1707900,26.57
2011-03-25,26.77,27.22,26.51,27.06,3102500,27.06
2011-03-24,26.74,26.89,26.51,26.71,1586900,26.71
2011-03-23,27.07,27.11,26.60,26.69,2236400,26.69
2011-03-22,27.39,27.48,26.90,27.04,2497800,27.04
2011-03-21,27.26,27.48,27.00,27.30,2517300,27.30
2011-03-18,27.55,27.63,26.94,27.01,5595100,27.01
2011-03-17,27.78,27.88,26.95,27.10,4379600,27.10
2011-03-16,27.48,27.82,27.31,27.41,3218200,27.41
2011-03-15,27.18,27.99,27.00,27.58,4933100,27.58
2011-03-14,27.83,28.22,27.37,28.05,4381600,28.05
2011-03-11,28.85,29.10,27.69,27.94,7668600,27.94
2011-03-10,28.41,29.32,27.71,29.03,34075900,29.03
2011-03-09,25.88,26.28,25.43,25.68,3940000,25.68
2011-03-08,25.99,26.00,25.54,25.67,3056800,25.67
2011-03-07,25.88,26.39,25.57,25.74,3430000,25.74
2011-03-04,26.15,26.22,25.36,25.58,2963900,25.58
2011-03-03,25.64,26.12,25.36,26.00,2886800,26.00
2011-03-02,25.06,25.68,24.97,25.34,1823700,25.34
2011-03-01,25.22,25.29,24.95,25.02,5144300,25.02
2011-02-28,25.27,25.40,24.88,25.03,2733000,25.03
2011-02-25,24.78,25.54,24.78,25.13,1953900,25.13
2011-02-24,24.96,25.02,24.52,24.92,2216000,24.92
2011-02-23,25.15,25.66,24.68,25.01,2077500,25.01
2011-02-22,25.42,25.49,24.90,25.15,1872500,25.15
2011-02-18,26.09,26.17,25.30,25.72,1355100,25.72
2011-02-17,26.14,26.38,26.03,26.13,1447600,26.13
2011-02-16,26.16,26.20,26.05,26.17,1288900,26.17
2011-02-15,25.48,25.99,25.11,25.99,1184700,25.99
2011-02-14,25.54,25.85,25.38,25.54,761900,25.54
2011-02-11,25.34,25.58,24.96,25.58,855100,25.58
2011-02-10,24.63,25.50,24.50,25.47,1552400,25.47
2011-02-09,24.97,25.02,24.59,24.73,1409800,24.73
2011-02-08,25.36,25.55,24.86,24.99,1731600,24.99
2011-02-07,25.85,26.17,25.21,25.34,1379600,25.34
2011-02-04,25.49,25.54,25.12,25.33,1115800,25.33
2011-02-03,24.94,25.76,24.75,25.38,3358600,25.38
2011-02-02,24.43,25.00,24.25,24.99,2668000,24.99
2011-02-01,24.47,24.57,24.18,24.53,1424500,24.53
2011-01-31,24.00,24.47,23.78,24.26,1459200,24.26
2011-01-28,24.64,24.77,23.77,23.85,1696400,23.85
2011-01-27,25.12,25.12,24.42,24.57,1381500,24.57
2011-01-26,24.63,25.25,24.40,25.03,2645400,25.03
2011-01-25,24.61,24.69,24.20,24.53,2068000,24.53
2011-01-24,24.66,25.10,24.41,24.60,3780400,24.60
2011-01-21,25.31,25.46,24.32,24.57,3827700,24.57
2011-01-20,25.29,25.50,24.92,25.15,2425400,25.15
2011-01-19,26.69,26.69,25.27,25.56,3069100,25.56
2011-01-18,26.87,26.92,26.15,26.64,2377500,26.64
2011-01-14,26.80,27.27,26.50,26.85,2140300,26.85
2011-01-13,27.00,27.50,26.83,26.88,2434400,26.88
2011-01-12,27.22,27.38,26.75,26.96,3546100,26.96
2011-01-11,26.21,27.09,26.18,26.94,5073500,26.94
2011-01-10,25.46,25.86,25.24,25.83,2620900,25.83
