Date,Open,High,Low,Close,Volume,Adj Close
2011-04-26,32.75,33.42,32.75,32.90,672700,32.90
2011-04-25,32.47,32.74,32.25,32.54,312700,32.54
2011-04-21,32.45,33.20,32.45,32.57,636100,32.57
2011-04-20,31.83,32.07,31.79,31.89,668700,31.89
2011-04-19,30.90,31.48,30.77,31.41,535900,31.41
2011-04-18,31.63,31.67,30.69,30.87,633100,30.87
2011-04-15,31.57,32.06,31.31,31.98,712300,31.98
2011-04-14,31.19,31.55,30.90,31.46,582200,31.46
2011-04-13,32.00,32.18,31.31,31.44,883600,31.44
2011-04-12,31.52,32.04,31.46,31.88,634000,31.88
2011-04-11,31.47,31.84,31.33,31.63,608900,31.63
2011-04-08,31.83,32.09,31.24,31.38,518900,31.38
2011-04-07,31.80,32.35,31.58,31.82,732800,31.82
2011-04-06,31.65,32.32,31.29,31.70,1487500,31.70
2011-04-05,33.45,33.45,32.58,32.59,1324000,32.59
2011-04-04,33.54,33.80,33.38,33.75,625100,33.75
2011-04-01,32.89,33.58,32.87,33.43,660200,33.43
2011-03-31,32.72,32.85,32.25,32.70,1031600,32.70
2011-03-30,32.46,32.85,32.27,32.82,699500,32.82
2011-03-29,31.64,32.34,31.64,32.30,968300,32.30
2011-03-28,31.91,32.02,31.71,31.80,749200,31.80
2011-03-25,31.49,32.28,31.46,31.79,909600,31.79
2011-03-24,31.10,31.52,30.78,31.48,947600,31.48
2011-03-23,30.71,31.21,30.57,31.01,539500,31.01
2011-03-22,30.72,31.11,30.60,30.80,526000,30.80
2011-03-21,30.32,30.64,30.14,30.59,656000,30.59
2011-03-18,30.06,30.23,29.42,30.02,1151500,30.02
2011-03-17,29.90,30.05,29.39,29.78,658800,29.78
2011-03-16,29.99,30.04,29.33,29.58,775000,29.58
2011-03-15,29.18,30.16,28.78,30.00,934700,30.00
2011-03-14,29.77,30.03,29.32,29.81,927300,29.81
2011-03-11,30.23,30.41,29.88,30.01,420100,30.01
2011-03-10,30.85,30.89,30.40,30.41,461100,30.41
2011-03-09,30.58,31.32,30.57,31.22,410100,31.22
2011-03-08,30.25,30.87,29.99,30.61,543800,30.61
2011-03-07,31.25,31.53,30.13,30.13,651200,30.13
2011-03-04,31.53,31.90,30.87,31.19,1016900,31.19
2011-03-03,29.98,31.42,29.95,31.41,995700,31.41
2011-03-02,29.27,30.32,29.27,29.70,686000,29.70
2011-03-01,29.43,29.67,29.23,29.39,685000,29.39
2011-02-28,29.91,30.18,29.39,29.42,699300,29.42
2011-02-25,29.64,29.91,29.50,29.70,362600,29.70
2011-02-24,29.76,30.10,29.32,29.57,681400,29.57
2011-02-23,30.42,30.59,29.72,29.76,944200,29.76
2011-02-22,30.55,31.67,30.47,30.49,1303200,30.49
2011-02-18,30.91,31.44,30.63,30.73,709600,30.73
2011-02-17,30.88,31.11,30.64,30.88,685800,30.88
2011-02-16,30.96,31.04,30.55,30.84,1039100,30.84
2011-02-15,30.95,31.04,30.74,30.86,857900,30.86
2011-02-14,30.79,31.05,30.55,31.00,445100,31.00
2011-02-11,30.10,30.82,29.97,30.69,519800,30.69
2011-02-10,30.06,30.34,29.90,30.23,776400,30.23
2011-02-09,29.64,30.36,29.63,30.16,723400,30.16
2011-02-08,29.32,29.80,29.16,29.78,741300,29.78
2011-02-07,29.77,29.92,29.22,29.29,657000,29.29
2011-02-04,30.10,30.96,29.47,29.87,830100,29.87
2011-02-03,29.76,30.38,29.06,30.04,1030900,30.04
2011-02-02,29.22,29.93,29.19,29.78,1219000,29.78
2011-02-01,28.55,29.43,28.00,29.32,1216300,29.32
2011-01-31,28.64,28.84,28.40,28.53,951700,28.53
2011-01-28,29.61,29.66,28.59,28.64,747400,28.64
2011-01-27,29.22,29.69,29.11,29.60,766900,29.60
2011-01-26,28.53,29.49,28.46,29.23,1181300,29.23
2011-01-25,28.18,28.82,28.18,28.48,913300,28.48
2011-01-24,28.37,28.70,28.22,28.25,554500,28.25
2011-01-21,28.55,28.67,28.28,28.37,784800,28.37
2011-01-20,28.74,28.79,28.27,28.43,1007400,28.43
2011-01-19,29.15,29.34,28.50,28.73,1655100,28.73
2011-01-18,28.83,29.38,28.73,29.38,1388100,29.38
2011-01-14,27.63,28.83,27.63,28.77,1263500,28.77
2011-01-13,28.25,28.55,28.16,28.46,589100,28.46
2011-01-12,29.11,29.15,27.96,28.15,1077100,28.15
2011-01-11,28.65,29.18,28.51,28.96,893600,28.96
2011-01-10,28.30,28.69,28.10,28.57,659100,28.57
