Date,Open,High,Low,Close,Volume,Adj Close
2011-04-26,75.96,77.80,75.50,76.69,2689200,76.69
2011-04-25,72.32,72.75,71.80,72.68,947800,72.68
2011-04-21,72.48,74.65,72.03,72.34,1923700,72.34
2011-04-20,71.25,71.66,71.10,71.40,754600,71.40
2011-04-19,69.74,70.79,69.70,70.55,837000,70.55
2011-04-18,70.13,70.13,69.21,69.62,1683500,69.62
2011-04-15,71.37,71.40,70.16,70.78,1583900,70.78
2011-04-14,70.52,71.33,70.08,71.19,1225700,71.19
2011-04-13,71.27,71.27,70.32,70.71,1894000,70.71
2011-04-12,69.36,70.70,69.35,70.58,1397000,70.58
2011-04-11,69.95,70.24,69.18,69.35,1478500,69.35
2011-04-08,69.97,70.63,69.52,70.13,902500,70.13
2011-04-07,69.38,71.08,69.38,69.83,1833500,69.83
2011-04-06,70.50,70.55,69.48,69.63,1029100,69.63
2011-04-05,69.99,71.08,69.33,70.38,1602900,70.38
2011-04-04,70.00,71.06,69.82,70.98,1719200,70.98
2011-04-01,69.78,70.33,69.51,69.99,1747000,69.99
2011-03-31,68.62,70.00,68.07,69.94,2266900,69.94
2011-03-30,67.09,68.85,66.97,68.77,1525400,68.77
2011-03-29,66.10,66.75,65.80,66.74,675200,66.74
2011-03-28,66.29,66.40,65.53,66.10,1082500,66.10
2011-03-25,66.43,67.13,66.01,66.08,936100,66.08
2011-03-24,65.93,66.52,65.83,66.30,962800,66.30
2011-03-23,64.63,66.03,64.06,65.79,1268300,65.79
2011-03-22,65.77,66.37,64.77,64.79,1163800,64.79
2011-03-21,65.64,65.73,64.57,65.24,1128900,65.24
2011-03-18,65.00,65.94,64.75,64.91,2080300,64.91
2011-03-17,63.85,64.43,63.49,64.12,1505700,64.12
2011-03-16,63.80,64.07,62.83,62.89,2106800,62.89
2011-03-15,62.40,64.30,62.02,64.01,1843700,64.01
2011-03-14,63.99,64.19,62.66,63.52,2002100,63.52
2011-03-11,63.71,64.73,63.54,64.45,1232000,64.45
2011-03-10,64.10,64.18,63.21,63.79,1384900,63.79
2011-03-09,63.20,64.67,62.95,64.65,1058400,64.65
2011-03-08,63.22,63.86,62.30,63.18,1331500,63.18
2011-03-07,64.62,65.00,62.66,63.04,1910800,63.04
2011-03-04,64.50,64.96,63.79,64.56,1941300,64.56
2011-03-03,63.99,64.65,63.78,64.34,2554300,64.34
2011-03-02,63.17,64.40,62.65,63.31,2039800,63.31
2011-03-01,65.05,65.29,63.26,63.26,1728000,63.26
2011-02-28,66.49,66.82,64.90,65.01,3950600,65.01
2011-02-25,62.99,63.17,62.36,62.60,1580700,62.60
2011-02-24,61.28,63.70,61.28,62.72,1458800,62.72
2011-02-23,63.47,64.70,62.87,62.92,2611400,62.92
2011-02-22,63.95,67.00,63.29,63.95,4843100,63.95
2011-02-18,61.25,61.90,60.66,61.44,1693500,61.44
2011-02-17,60.46,61.92,60.44,61.78,2618000,61.78
2011-02-16,59.49,60.66,59.47,60.55,1839800,60.55
2011-02-15,58.60,59.50,58.59,59.46,1763900,59.46
2011-02-14,58.35,58.88,57.70,58.72,992200,58.72
2011-02-11,58.45,59.02,58.24,58.31,1066700,58.31
2011-02-10,57.85,58.63,57.80,58.58,1392300,58.58
2011-02-09,58.33,59.23,58.16,58.57,1800600,58.57
2011-02-08,58.47,58.82,57.97,58.31,1770700,58.31
2011-02-07,59.17,60.44,58.51,58.74,4660800,58.74
2011-02-04,61.80,62.45,59.75,60.54,2838200,60.54
2011-02-03,58.74,64.21,57.96,61.21,5865800,61.21
2011-02-02,59.24,59.52,58.76,58.95,884000,58.95
2011-02-01,58.32,59.89,58.21,59.54,1170000,59.54
2011-01-31,58.24,58.68,57.77,57.97,1466000,57.97
2011-01-28,60.21,60.21,58.04,58.18,1332400,58.18
2011-01-27,58.67,60.41,58.40,60.08,1309800,60.08
2011-01-26,58.00,59.01,57.82,58.60,1361000,58.60
2011-01-25,57.69,58.23,57.50,57.99,1326000,57.99
2011-01-24,58.06,58.38,57.56,57.80,2183000,57.80
2011-01-21,58.26,58.40,57.79,58.01,1885200,58.01
2011-01-20,58.10,58.53,57.39,57.80,2699800,57.80
2011-01-19,59.19,59.35,57.96,58.36,1760400,58.36
2011-01-18,57.59,59.39,57.59,59.29,1978300,59.29
2011-01-14,57.47,59.48,57.30,59.35,2040700,59.35
2011-01-13,56.95,57.73,56.69,57.36,1703100,57.36
2011-01-12,57.34,57.65,56.50,56.93,1463600,56.93
2011-01-11,55.95,57.45,55.95,57.32,1884900,57.32
2011-01-10,56.60,56.62,55.68,55.81,2106800,55.81
