Date,Open,High,Low,Close,Volume,Adj Close
2011-04-26,12.86,12.92,12.77,12.90,1213200,12.90
2011-04-25,12.83,12.84,12.75,12.79,1620200,12.79
2011-04-21,12.73,12.80,12.63,12.75,1659300,12.75
2011-04-20,12.50,12.65,12.49,12.64,1893800,12.64
2011-04-19,12.04,12.10,11.96,12.06,1879500,12.06
2011-04-18,11.75,12.02,11.70,12.01,2452500,12.01
2011-04-15,12.61,12.62,12.47,12.54,3704400,12.54
2011-04-14,12.72,12.85,12.66,12.80,2741300,12.80
2011-04-13,13.30,13.33,13.11,13.17,1291900,13.17
2011-04-12,13.23,13.24,13.05,13.15,1331800,13.15
2011-04-11,13.24,13.29,13.15,13.19,1175500,13.19
2011-04-08,13.31,13.33,13.17,13.26,2130900,13.26
2011-04-07,13.12,13.19,12.98,13.12,1389000,13.12
2011-04-06,13.09,13.20,13.03,13.19,1395700,13.19
2011-04-05,12.74,12.86,12.70,12.85,1367100,12.85
2011-04-04,13.02,13.02,12.80,12.90,1964600,12.90
2011-04-01,12.92,13.06,12.79,13.02,1543100,13.02
2011-03-31,12.54,12.77,12.54,12.71,2178000,12.71
2011-03-30,12.81,12.98,12.76,12.92,1996700,12.92
2011-03-29,13.17,13.24,13.11,13.24,1507600,13.24
2011-03-28,13.14,13.25,13.10,13.13,1319500,13.13
2011-03-25,13.22,13.26,13.07,13.07,1758900,13.07
2011-03-24,13.09,13.30,13.00,13.30,3505600,13.30
2011-03-23,12.83,12.99,12.78,12.94,2279200,12.94
2011-03-22,12.86,12.91,12.80,12.87,2291300,12.87
2011-03-21,12.65,12.81,12.60,12.81,2758600,12.81
2011-03-18,12.35,12.38,12.16,12.23,3135700,12.23
2011-03-17,12.04,12.13,11.94,12.06,2273400,12.06
2011-03-16,11.94,12.02,11.32,11.57,6145200,11.57
2011-03-15,11.69,12.11,11.60,12.04,2841800,12.04
2011-03-14,12.40,12.48,12.35,12.46,1437400,12.46
2011-03-11,12.28,12.49,12.24,12.47,1470200,12.47
2011-03-10,12.38,12.43,12.25,12.31,2479800,12.31
2011-03-09,12.56,12.70,12.50,12.65,2469800,12.65
2011-03-08,12.24,12.35,12.08,12.27,1895000,12.27
2011-03-07,12.54,12.62,12.27,12.36,3396700,12.36
2011-03-04,12.54,12.54,12.27,12.40,2130400,12.40
2011-03-03,12.32,12.41,12.20,12.40,1947400,12.40
2011-03-02,12.15,12.22,12.00,12.14,2428200,12.14
2011-03-01,12.53,12.60,12.21,12.22,2057100,12.22
2011-02-28,12.61,12.65,12.45,12.55,1396700,12.55
2011-02-25,12.28,12.36,12.26,12.31,1736200,12.31
2011-02-24,12.33,12.36,12.08,12.25,1845400,12.25
2011-02-23,12.50,12.63,12.38,12.53,2411300,12.53
2011-02-22,12.47,12.61,12.28,12.33,2590100,12.33
2011-02-18,12.57,12.70,12.57,12.69,1324300,12.69
2011-02-17,12.40,12.57,12.39,12.56,1877400,12.56
2011-02-16,11.99,12.21,11.95,12.21,2003600,12.21
2011-02-15,12.08,12.18,12.04,12.09,1279100,12.09
2011-02-14,12.12,12.24,12.05,12.22,1156100,12.22
2011-02-11,11.97,12.20,11.92,12.18,1832300,12.18
2011-02-10,12.16,12.28,12.09,12.24,2302400,12.24
2011-02-09,12.36,12.48,12.34,12.42,1514800,12.42
2011-02-08,12.33,12.57,12.32,12.55,2987000,12.55
2011-02-07,12.03,12.17,12.03,12.16,1297000,12.16
2011-02-04,11.96,12.03,11.86,12.01,1579600,12.01
2011-02-03,11.74,11.85,11.60,11.83,1254800,11.83
2011-02-02,11.84,11.90,11.77,11.84,4081600,11.84
2011-02-01,11.71,11.96,11.68,11.94,2283400,11.94
2011-01-31,11.39,11.45,11.29,11.39,1577100,11.39
2011-01-28,11.63,11.66,11.14,11.15,1839800,11.15
2011-01-27,11.53,11.66,11.49,11.57,3820800,11.57
2011-01-26,11.04,11.12,11.00,11.05,1560100,11.05
2011-01-25,11.04,11.08,10.94,11.07,1835100,11.07
2011-01-24,11.02,11.26,11.01,11.22,3236000,11.22
2011-01-21,11.02,11.13,10.88,10.98,3216900,10.98
2011-01-20,10.52,10.63,10.43,10.61,2337400,10.61
2011-01-19,10.56,10.58,10.31,10.36,1486300,10.36
2011-01-18,10.54,10.64,10.54,10.59,1797000,10.59
2011-01-14,10.30,10.57,10.20,10.56,4299400,10.56
2011-01-13,10.33,10.43,10.27,10.35,3260200,10.35
2011-01-12,9.90,10.01,9.87,10.01,2764000,10.01
2011-01-11,9.49,9.57,9.46,9.56,1630200,9.56
2011-01-10,9.39,9.44,9.33,9.39,2105600,9.39
