Date,Open,High,Low,Close,Volume,Adj Close
2011-04-26,12.45,12.52,12.13,12.25,1273200,12.25
2011-04-25,12.90,12.90,12.28,12.39,954500,12.39
2011-04-21,12.50,12.91,12.43,12.87,1325600,12.87
2011-04-20,12.54,12.57,12.25,12.38,1168400,12.38
2011-04-19,12.17,12.33,12.07,12.19,1166300,12.19
2011-04-18,12.35,12.43,11.96,12.11,1219700,12.11
2011-04-15,12.40,12.69,12.18,12.65,1225200,12.65
2011-04-14,12.05,12.41,11.98,12.40,2062000,12.40
2011-04-13,12.39,12.50,11.93,12.28,2053100,12.28
2011-04-12,12.95,12.99,12.05,12.27,1737500,12.27
2011-04-11,13.36,13.67,13.03,13.12,1538400,13.12
2011-04-08,13.54,13.67,13.10,13.31,1403300,13.31
2011-04-07,12.98,13.53,12.98,13.42,2160900,13.42
2011-04-06,13.68,13.68,12.68,13.00,1929200,13.00
2011-04-05,13.77,13.85,13.42,13.50,1381600,13.50
2011-04-04,13.60,13.92,13.55,13.76,1755100,13.76
2011-04-01,13.15,13.80,12.89,13.55,4242900,13.55
2011-03-31,12.67,12.91,12.66,12.69,923600,12.69
2011-03-30,13.01,13.06,12.56,12.67,1414300,12.67
2011-03-29,12.80,13.10,12.77,12.89,1287900,12.89
2011-03-28,12.86,13.14,12.68,12.80,1216200,12.80
2011-03-25,12.78,12.94,12.66,12.78,1265100,12.78
2011-03-24,12.63,12.85,12.41,12.81,1415400,12.81
2011-03-23,12.32,12.68,12.10,12.56,1423300,12.56
2011-03-22,12.57,12.80,12.35,12.38,1298100,12.38
2011-03-21,12.40,12.77,12.29,12.53,1872900,12.53
2011-03-18,12.19,12.35,11.90,12.03,4415200,12.03
2011-03-17,11.53,12.41,11.49,11.92,2733700,11.92
2011-03-16,11.49,11.63,10.93,11.26,3287600,11.26
2011-03-15,10.89,11.63,10.84,11.50,1490100,11.50
2011-03-14,11.27,11.73,11.15,11.66,1460100,11.66
2011-03-11,11.09,11.71,11.03,11.58,1463200,11.58
2011-03-10,11.88,11.91,11.25,11.27,2342400,11.27
2011-03-09,12.43,12.50,11.90,12.20,1775300,12.20
2011-03-08,12.50,12.80,12.11,12.50,1638000,12.50
2011-03-07,12.90,13.00,12.23,12.47,2452500,12.47
2011-03-04,12.94,13.20,12.66,12.77,2175100,12.77
2011-03-03,12.61,12.95,12.33,12.95,2882800,12.95
2011-03-02,12.43,12.56,12.15,12.44,2251800,12.44
2011-03-01,12.91,13.15,12.36,12.42,2411900,12.42
2011-02-28,12.49,12.90,12.41,12.82,2300500,12.82
2011-02-25,12.08,12.68,12.02,12.37,3927500,12.37
2011-02-24,12.50,12.65,11.97,12.00,3771800,12.00
2011-02-23,12.22,12.91,12.18,12.52,2704200,12.52
2011-02-22,12.07,12.47,11.92,12.23,2729700,12.23
2011-02-18,12.26,12.61,12.03,12.17,4128800,12.17
2011-02-17,10.80,12.77,10.75,12.17,10824200,12.17
2011-02-16,9.84,10.00,9.76,9.87,1587900,9.87
2011-02-15,9.89,10.16,9.74,9.75,2432400,9.75
2011-02-14,9.71,10.09,9.64,9.99,1730400,9.99
2011-02-11,9.57,9.73,9.42,9.69,1057300,9.69
2011-02-10,9.33,9.69,9.33,9.60,856400,9.60
2011-02-09,9.84,9.87,9.31,9.50,1270500,9.50
2011-02-08,9.54,10.07,9.52,9.93,1943700,9.93
2011-02-07,9.30,9.79,9.26,9.52,845100,9.52
2011-02-04,9.44,9.58,9.26,9.31,949500,9.31
2011-02-03,9.25,9.43,9.02,9.43,997600,9.43
2011-02-02,9.68,9.79,9.16,9.32,2059800,9.32
2011-02-01,9.61,10.11,9.47,10.05,2677600,10.05
2011-01-31,9.19,9.56,9.13,9.51,1465600,9.51
2011-01-28,9.20,9.38,8.99,9.11,1625600,9.11
2011-01-27,9.16,9.30,9.10,9.22,1541400,9.22
2011-01-26,9.01,9.24,8.83,9.12,2363600,9.12
2011-01-25,8.47,8.99,8.43,8.95,2577000,8.95
2011-01-24,8.49,8.66,8.44,8.52,781100,8.52
2011-01-21,8.37,8.74,8.36,8.50,1807400,8.50
2011-01-20,8.18,8.27,8.02,8.26,2028100,8.26
2011-01-19,8.29,8.58,8.12,8.29,3115000,8.29
2011-01-18,8.29,8.32,8.20,8.32,1175800,8.32
2011-01-14,8.28,8.37,8.20,8.36,834800,8.36
2011-01-13,8.41,8.54,8.16,8.30,784700,8.30
2011-01-12,8.36,8.53,8.32,8.49,1250900,8.49
2011-01-11,8.14,8.34,8.09,8.32,1136400,8.32
2011-01-10,7.92,8.16,7.77,8.09,942000,8.09
