Date,Open,High,Low,Close,Volume,Adj Close
2011-04-26,29.89,30.40,29.58,30.18,3528200,30.18
2011-04-25,29.96,30.24,29.51,29.54,4156900,29.54
2011-04-21,30.09,30.10,29.67,30.00,2850700,30.00
2011-04-20,30.24,30.41,29.80,29.90,4717800,29.90
2011-04-19,29.17,29.68,29.01,29.55,3635300,29.55
2011-04-18,29.51,29.56,28.96,29.16,5230100,29.16
2011-04-15,29.96,30.25,29.78,29.95,7157600,29.95
2011-04-14,28.66,29.39,28.62,29.25,6462000,29.25
2011-04-13,29.08,29.23,28.71,28.83,6232300,28.83
2011-04-12,28.88,29.09,28.66,28.80,6603300,28.80
2011-04-11,29.89,30.12,28.95,28.97,6833700,28.97
2011-04-08,30.28,30.55,29.79,29.90,4484700,29.90
2011-04-07,30.31,30.46,29.70,30.13,4291900,30.13
2011-04-06,30.94,31.00,30.06,30.34,3595700,30.34
2011-04-05,30.07,30.83,30.03,30.68,5396200,30.68
2011-04-04,30.58,30.60,29.91,30.07,5372200,30.07
2011-04-01,30.30,31.00,30.17,30.42,6342900,30.42
2011-03-31,29.60,30.41,29.55,30.18,6139600,30.18
2011-03-30,29.04,30.05,28.91,29.74,9704900,29.74
2011-03-29,27.60,29.13,27.17,28.90,10183800,28.90
2011-03-28,27.84,27.96,27.55,27.60,3512700,27.60
2011-03-25,27.33,27.85,27.20,27.79,4858000,27.79
2011-03-24,27.12,27.35,26.78,27.30,3853300,27.30
2011-03-23,26.79,27.12,26.61,26.92,4195500,26.92
2011-03-22,27.14,27.21,26.71,26.82,4286600,26.82
2011-03-21,27.30,27.30,26.76,27.11,4638500,27.11
2011-03-18,26.70,27.00,26.45,26.87,9243700,26.87
2011-03-17,26.09,26.53,25.76,26.30,6856700,26.30
2011-03-16,25.74,25.92,25.25,25.63,7895700,25.63
2011-03-15,24.93,25.99,24.88,25.77,6240900,25.77
2011-03-14,25.92,26.25,25.59,25.94,4033500,25.94
2011-03-11,25.48,26.29,25.38,25.99,5756900,25.99
2011-03-10,26.18,26.19,25.53,25.70,7360900,25.70
2011-03-09,26.44,26.58,26.11,26.44,5004000,26.44
2011-03-08,26.43,26.87,26.11,26.48,4469800,26.48
2011-03-07,26.93,27.08,26.10,26.30,5221200,26.30
2011-03-04,27.24,27.24,26.54,26.78,4067000,26.78
2011-03-03,27.09,27.35,26.94,27.26,5709200,27.26
2011-03-02,26.66,27.08,26.36,26.73,5354200,26.73
2011-03-01,27.85,28.00,26.55,26.72,6150000,26.72
2011-02-28,28.10,28.13,27.47,27.78,4337600,27.78
2011-02-25,27.72,28.09,27.52,28.08,3115500,28.08
2011-02-24,27.04,27.73,27.04,27.54,6469900,27.54
2011-02-23,27.62,27.96,26.71,27.24,6226600,27.24
2011-02-22,28.42,28.61,27.46,27.50,8159900,27.50
2011-02-18,30.42,30.44,28.97,29.02,6633200,29.02
2011-02-17,29.77,30.36,29.77,30.29,3817400,30.29
2011-02-16,30.09,30.39,29.84,30.01,4369100,30.01
2011-02-15,29.75,30.22,29.73,30.06,4073900,30.06
2011-02-14,29.23,29.87,29.12,29.78,3683400,29.78
2011-02-11,29.21,29.42,28.93,29.34,4834000,29.34
2011-02-10,29.41,29.70,29.10,29.39,3715100,29.20
2011-02-09,29.55,29.95,29.33,29.64,3647600,29.45
2011-02-08,29.43,29.73,29.20,29.69,3939500,29.50
2011-02-07,29.25,29.65,28.94,29.34,5143700,29.15
2011-02-04,29.14,29.34,28.78,29.22,5108400,29.03
2011-02-03,29.54,29.97,28.48,29.26,9005700,29.07
2011-02-02,29.33,29.67,29.10,29.37,3926000,29.18
2011-02-01,29.11,29.80,28.94,29.57,6383600,29.38
2011-01-31,28.56,29.03,28.22,28.88,6369900,28.70
2011-01-28,29.27,29.30,28.35,28.44,4297000,28.26
2011-01-27,29.09,29.33,28.87,29.18,4009100,28.99
2011-01-26,28.80,29.04,28.65,28.92,5798700,28.74
2011-01-25,28.46,28.71,27.93,28.63,6745800,28.45
2011-01-24,28.40,29.64,28.36,28.81,9216700,28.63
2011-01-21,27.85,28.50,27.61,27.91,5756400,27.73
2011-01-20,28.01,28.03,27.21,27.45,7082800,27.27
2011-01-19,28.44,28.72,27.99,28.13,4938800,27.95
2011-01-18,28.64,28.84,28.29,28.31,4793100,28.13
2011-01-14,28.81,28.94,28.32,28.67,4371200,28.49
2011-01-13,28.70,29.04,28.65,28.87,5176900,28.69
2011-01-12,28.50,28.93,28.36,28.77,5256300,28.59
2011-01-11,28.45,28.58,27.70,28.19,9138400,28.01
2011-01-10,27.95,28.22,27.72,28.12,6814500,27.94
