Date,Open,High,Low,Close,Volume,Adj Close
2011-04-26,8.38,8.80,8.38,8.80,9864700,8.80
2011-04-25,8.07,8.35,8.06,8.28,4390200,8.28
2011-04-21,8.20,8.23,8.05,8.13,2327600,8.13
2011-04-20,8.35,8.45,8.09,8.14,5109400,8.14
2011-04-19,8.33,8.53,8.23,8.25,4882900,8.25
2011-04-18,8.04,8.36,8.03,8.33,6033500,8.33
2011-04-15,8.05,8.16,8.01,8.09,3365500,8.09
2011-04-14,8.20,8.28,8.03,8.06,4264300,8.06
2011-04-13,8.48,8.48,8.17,8.26,5443600,8.26
2011-04-12,8.22,8.60,8.22,8.45,10324000,8.45
2011-04-11,7.87,8.24,7.76,8.24,9983600,8.24
2011-04-08,8.26,8.26,7.85,7.94,7973400,7.94
2011-04-07,8.35,8.44,8.20,8.24,4704900,8.24
2011-04-06,8.52,8.52,8.15,8.40,8932200,8.40
2011-04-05,8.76,8.77,8.42,8.45,5060900,8.45
2011-04-04,8.87,8.89,8.64,8.74,3532300,8.74
2011-04-01,9.08,9.10,8.75,8.78,5409700,8.78
2011-03-31,8.91,8.91,8.59,8.71,4789000,8.71
2011-03-30,8.90,9.09,8.86,8.97,4449500,8.97
2011-03-29,9.04,9.11,8.85,8.87,4795400,8.87
2011-03-28,9.11,9.24,8.98,9.02,4247300,9.02
2011-03-25,8.95,9.10,8.90,9.02,3734100,9.02
2011-03-24,8.85,8.92,8.70,8.86,3518300,8.86
2011-03-23,8.82,8.93,8.65,8.73,4647900,8.73
2011-03-22,9.24,9.30,8.85,8.90,5166300,8.90
2011-03-21,9.04,9.19,8.82,9.17,6282900,9.17
2011-03-18,8.77,9.17,8.73,8.96,12142300,8.96
2011-03-17,8.72,8.83,8.46,8.49,8125500,8.49
2011-03-16,8.88,9.01,8.51,8.55,7057900,8.55
2011-03-15,8.50,9.20,8.42,8.92,7721400,8.92
2011-03-14,9.09,9.19,8.84,8.87,6065400,8.87
2011-03-11,9.31,9.38,9.17,9.18,7020900,9.18
2011-03-10,8.86,9.34,8.81,9.09,12794400,9.09
2011-03-09,9.10,9.10,8.75,8.93,9208600,8.93
2011-03-08,8.33,9.30,8.33,9.28,17391800,9.28
2011-03-07,8.19,8.37,8.01,8.30,9013100,8.30
2011-03-04,8.32,8.33,8.01,8.28,9106100,8.28
2011-03-03,8.39,8.65,8.22,8.36,10080800,8.36
2011-03-02,7.94,8.08,7.71,7.97,8529800,7.97
2011-03-01,8.56,8.56,7.92,7.95,10971500,7.95
2011-02-28,8.67,8.72,8.45,8.61,6397300,8.61
2011-02-25,8.54,8.69,8.41,8.57,9975300,8.57
2011-02-24,8.52,8.67,8.23,8.43,19301800,8.43
2011-02-23,9.09,9.09,8.16,8.49,19813900,8.49
2011-02-22,9.28,9.56,9.00,9.17,18997000,9.17
2011-02-18,9.91,10.11,9.62,9.72,6368400,9.72
2011-02-17,10.07,10.11,9.82,9.92,6105400,9.92
2011-02-16,10.15,10.21,9.87,10.10,4834700,10.10
2011-02-15,10.07,10.14,9.97,10.08,3795500,10.08
2011-02-14,10.18,10.20,9.91,9.97,4085900,9.97
2011-02-11,9.78,10.20,9.77,10.13,5667600,10.13
2011-02-10,9.83,9.94,9.65,9.85,11182000,9.85
2011-02-09,9.95,9.96,9.76,9.88,5590900,9.88
2011-02-08,9.85,10.10,9.81,9.88,7856100,9.88
2011-02-07,9.29,9.82,9.28,9.72,9401400,9.72
2011-02-04,9.50,9.50,9.21,9.24,14741000,9.24
2011-02-03,9.54,9.81,9.54,9.59,7497900,9.59
2011-02-02,9.90,9.90,9.51,9.52,11711100,9.52
2011-02-01,9.97,10.13,9.91,9.91,7210700,9.91
2011-01-31,10.19,10.53,9.89,9.92,7896200,9.92
2011-01-28,11.01,11.09,10.01,10.16,12193100,10.16
2011-01-27,10.85,11.21,10.71,11.05,8105600,11.05
2011-01-26,10.56,11.28,10.49,10.80,18712800,10.80
2011-01-25,10.15,10.21,9.90,10.13,4904300,10.13
2011-01-24,9.87,10.13,9.85,10.10,8032000,10.10
2011-01-21,10.23,10.30,9.82,9.83,6149200,9.83
2011-01-20,9.98,10.30,9.67,10.25,7261600,10.25
2011-01-19,10.21,10.61,9.94,10.03,7070600,10.03
2011-01-18,10.71,10.71,10.07,10.12,6080000,10.12
2011-01-14,10.84,10.91,10.75,10.79,2627800,10.79
2011-01-13,10.83,11.03,10.79,10.89,2383500,10.89
2011-01-12,10.87,10.97,10.75,10.88,5974600,10.88
2011-01-11,11.37,11.44,10.77,10.97,6168400,10.97
2011-01-10,11.29,11.56,11.25,11.47,4006900,11.47
