Date,Open,High,Low,Close,Volume,Adj Close
2011-04-26,100.27,101.68,98.28,98.62,1646300,98.62
2011-04-25,102.49,102.53,100.10,101.38,889400,101.38
2011-04-21,99.45,102.83,99.25,102.17,1739100,102.17
2011-04-20,101.96,101.98,98.79,99.73,2296000,99.73
2011-04-19,97.36,101.40,97.18,100.26,4317500,100.26
2011-04-18,91.94,97.00,91.65,96.86,3083700,96.86
2011-04-15,91.52,93.94,91.48,93.28,1501200,93.28
2011-04-14,91.55,92.38,90.54,92.03,1460400,92.03
2011-04-13,90.33,92.36,89.80,92.11,1593000,92.11
2011-04-12,87.21,90.14,86.45,89.30,1989500,89.30
2011-04-11,90.63,90.92,88.07,88.71,1560000,88.71
2011-04-08,91.99,92.56,89.63,90.28,1650600,90.28
2011-04-07,91.15,92.11,89.22,91.51,2799700,91.51
2011-04-06,94.18,94.98,90.72,92.08,2337900,92.08
2011-04-05,90.96,94.29,90.72,93.49,2798000,93.49
2011-04-04,90.07,91.00,89.00,90.94,1693400,90.94
2011-04-01,89.69,90.93,88.53,89.13,1899500,89.13
2011-03-31,89.70,89.71,88.16,89.05,2043500,89.05
2011-03-30,90.15,90.97,89.21,89.84,3038600,89.84
2011-03-29,87.05,89.25,86.11,89.17,5892800,89.17
2011-03-28,79.55,86.00,79.47,85.27,6009000,85.27
2011-03-25,79.11,80.06,78.50,78.64,1895800,78.64
2011-03-24,80.00,80.97,78.75,78.81,1869300,78.81
2011-03-23,77.30,79.77,76.40,79.28,1764400,79.28
2011-03-22,76.77,77.81,76.36,77.21,1402300,77.21
2011-03-21,76.36,77.34,75.02,76.88,2095300,76.88
2011-03-18,77.40,77.89,74.79,75.56,2818600,75.56
2011-03-17,77.31,80.77,74.53,76.37,7882700,76.37
2011-03-16,80.59,81.32,77.46,79.35,2979400,79.35
2011-03-15,75.58,79.86,74.60,79.13,2153000,79.13
2011-03-14,77.74,79.73,76.64,78.24,2301400,78.24
2011-03-11,73.75,76.90,73.59,76.50,1297700,76.50
2011-03-10,74.82,75.49,73.01,74.72,1526300,74.72
2011-03-09,75.85,77.35,74.05,76.05,1258100,76.05
2011-03-08,74.56,75.94,73.56,75.26,1135100,75.26
2011-03-07,77.99,78.60,73.36,75.18,1886100,75.18
2011-03-04,76.46,77.50,75.52,77.26,1595800,77.26
2011-03-03,75.26,76.31,74.26,75.66,1426900,75.66
2011-03-02,73.08,75.30,72.69,73.70,1930100,73.70
2011-03-01,77.55,77.88,72.83,73.80,2750600,73.80
2011-02-28,78.28,78.50,76.35,77.59,2644800,77.59
2011-02-25,76.96,78.66,76.35,76.83,1656100,76.83
2011-02-24,74.71,76.81,73.64,76.17,2349500,76.17
2011-02-23,78.09,78.89,73.59,77.27,3045200,77.27
2011-02-22,80.35,81.39,78.80,79.12,1991300,79.12
2011-02-18,83.24,83.24,81.69,82.12,993100,82.12
2011-02-17,82.74,83.70,81.80,82.44,1004500,82.44
2011-02-16,82.50,82.95,81.53,82.60,1229300,82.60
2011-02-15,83.31,83.31,81.33,81.53,1560300,81.53
2011-02-14,84.30,84.79,83.23,83.70,1664500,83.70
2011-02-11,82.76,85.28,82.25,84.31,2285500,84.31
2011-02-10,80.70,83.19,80.41,82.77,2204300,82.77
2011-02-09,80.51,82.86,80.30,81.50,2776500,81.50
2011-02-08,79.69,80.95,79.01,80.89,3262300,80.89
2011-02-07,78.07,79.11,77.50,78.39,2226200,78.39
2011-02-04,72.42,77.35,72.08,76.96,4273300,76.96
2011-02-03,71.76,74.00,71.32,72.01,1909300,72.01
2011-02-02,73.30,73.49,71.25,71.91,1593200,71.91
2011-02-01,69.58,73.79,69.26,73.20,3542200,73.20
2011-01-31,68.90,69.69,68.03,68.68,791100,68.68
2011-01-28,70.33,71.25,68.02,68.61,1463800,68.61
2011-01-27,68.35,70.47,68.16,70.30,1319200,70.30
2011-01-26,67.10,68.39,65.56,68.11,1445600,68.11
2011-01-25,67.57,67.87,66.45,67.08,1302800,67.08
2011-01-24,67.44,68.65,67.14,67.97,1336100,67.97
2011-01-21,68.98,69.24,66.71,66.95,1325200,66.95
2011-01-20,67.53,69.85,67.38,67.95,2016600,67.95
2011-01-19,70.17,71.13,68.09,68.31,1949200,68.31
2011-01-18,71.91,72.31,69.90,70.97,1299600,70.97
2011-01-14,71.64,72.58,70.78,71.81,1288900,71.81
2011-01-13,72.51,72.67,70.69,71.76,2210700,71.76
2011-01-12,72.55,73.73,71.56,72.85,6363000,72.85
2011-01-11,68.91,69.49,66.77,67.24,1880500,67.24
2011-01-10,67.48,69.39,66.34,68.40,1739700,68.40
