Date,Open,High,Low,Close,Volume,Adj Close
2011-04-26,11.58,11.82,11.57,11.68,11782000,11.68
2011-04-25,11.30,11.66,11.30,11.51,13673700,11.51
2011-04-21,11.54,11.63,11.31,11.31,15205100,11.31
2011-04-20,11.69,11.80,11.56,11.63,6714700,11.63
2011-04-19,11.60,11.65,11.50,11.57,7257600,11.57
2011-04-18,11.51,11.66,11.50,11.55,5127900,11.55
2011-04-15,11.67,11.70,11.56,11.63,7277900,11.63
2011-04-14,11.73,11.76,11.57,11.60,9511700,11.60
2011-04-13,11.89,11.90,11.69,11.75,6011200,11.75
2011-04-12,11.71,11.98,11.71,11.84,9100500,11.84
2011-04-11,11.75,11.82,11.61,11.78,8289200,11.78
2011-04-08,11.93,11.93,11.60,11.68,11770300,11.68
2011-04-07,12.20,12.20,11.80,11.80,11217800,11.80
2011-04-06,12.25,12.30,12.04,12.15,7819700,12.15
2011-04-05,12.41,12.49,12.14,12.20,11443000,12.20
2011-04-04,12.22,12.47,12.16,12.46,12908200,12.46
2011-04-01,12.74,12.87,12.61,12.67,4956000,12.67
2011-03-31,12.57,12.73,12.48,12.63,5918500,12.63
2011-03-30,12.59,12.85,12.56,12.81,5243600,12.81
2011-03-29,12.55,12.70,12.51,12.51,4234200,12.51
2011-03-28,12.70,12.81,12.57,12.58,3335700,12.58
2011-03-25,12.58,12.88,12.55,12.68,5818600,12.68
2011-03-24,12.48,12.61,12.42,12.54,6364600,12.54
2011-03-23,12.25,12.50,12.10,12.42,6635100,12.42
2011-03-22,12.28,12.42,12.23,12.32,6980400,12.32
2011-03-21,12.32,12.36,12.16,12.28,6604000,12.28
2011-03-18,12.00,12.28,11.99,12.20,9764300,12.20
2011-03-17,12.19,12.25,11.81,11.85,6904500,11.85
2011-03-16,12.33,12.36,11.96,12.02,8957500,12.02
2011-03-15,12.16,12.54,12.01,12.38,9463900,12.38
2011-03-14,12.65,12.65,12.39,12.40,8468000,12.40
2011-03-11,12.71,12.81,12.53,12.72,8766400,12.72
2011-03-10,12.24,12.65,12.15,12.50,11968100,12.50
2011-03-09,12.56,12.56,12.14,12.31,12363600,12.31
2011-03-08,11.80,12.68,11.80,12.66,18781100,12.66
2011-03-07,11.83,11.88,11.69,11.77,8125500,11.77
2011-03-04,11.78,11.81,11.55,11.80,11076800,11.80
2011-03-03,11.73,11.97,11.64,11.78,8397900,11.78
2011-03-02,11.70,11.81,11.54,11.57,8665900,11.57
2011-03-01,11.89,11.89,11.65,11.71,11494700,11.71
2011-02-28,11.85,11.92,11.75,11.83,5626500,11.82
2011-02-25,11.83,11.93,11.65,11.79,7791300,11.79
2011-02-24,11.70,11.96,11.55,11.76,10791000,11.76
2011-02-23,11.90,11.98,11.48,11.69,12485700,11.69
2011-02-22,12.41,12.44,11.84,11.88,13782300,11.87
2011-02-18,12.58,12.58,12.40,12.57,5688200,12.56
2011-02-17,12.35,12.52,12.30,12.50,5545100,12.49
2011-02-16,12.39,12.49,12.27,12.38,4586800,12.37
2011-02-15,12.18,12.46,12.11,12.37,6139300,12.36
2011-02-14,12.42,12.46,12.18,12.19,6202300,12.18
2011-02-11,12.24,12.51,12.23,12.39,6763000,12.38
2011-02-10,12.21,12.35,12.12,12.31,9699000,12.30
2011-02-09,12.12,12.28,12.07,12.27,11534500,12.26
2011-02-08,12.00,12.19,12.00,12.18,11087200,12.17
2011-02-07,11.84,12.09,11.73,12.02,11304900,12.01
2011-02-04,11.64,11.75,11.61,11.72,7683900,11.72
2011-02-03,11.44,11.72,11.41,11.68,10946700,11.68
2011-02-02,11.83,11.83,11.53,11.57,14803400,11.57
2011-02-01,11.94,12.03,11.80,11.85,8076700,11.84
2011-01-31,11.99,12.14,11.81,11.85,9270900,11.84
2011-01-28,12.55,12.55,11.92,11.93,10909800,11.92
2011-01-27,12.45,12.56,12.40,12.49,5867500,12.48
2011-01-26,12.59,12.76,12.46,12.46,11521800,12.45
2011-01-25,12.75,12.76,12.40,12.50,7320400,12.49
2011-01-24,12.54,12.77,12.48,12.76,7978200,12.75
2011-01-21,12.85,12.92,12.56,12.57,8871700,12.56
2011-01-20,13.07,13.18,12.72,12.79,8731600,12.78
2011-01-19,13.04,13.15,12.80,12.83,6065700,12.82
2011-01-18,13.15,13.25,13.06,13.08,5068200,13.07
2011-01-14,13.07,13.26,13.02,13.24,4381400,13.23
2011-01-13,13.16,13.17,13.03,13.09,3753600,13.08
2011-01-12,13.13,13.25,13.09,13.16,3769200,13.15
2011-01-11,13.33,13.33,13.06,13.07,3848800,13.06
2011-01-10,13.25,13.31,13.12,13.30,4863900,13.29
