Date,Open,High,Low,Close,Volume,Adj Close
2011-02-28,47.97,47.98,47.95,47.95,8657600,47.95
2011-02-25,47.97,47.98,47.96,47.98,813400,47.98
2011-02-24,47.96,47.97,47.96,47.97,1197700,47.97
2011-02-23,47.97,47.97,47.96,47.96,1282300,47.96
2011-02-22,47.91,47.98,47.90,47.96,1605800,47.96
2011-02-18,47.90,47.92,47.90,47.91,1707400,47.91
2011-02-17,47.91,47.92,47.90,47.91,1487800,47.91
2011-02-16,47.90,47.92,47.89,47.92,1157800,47.92
2011-02-15,47.90,47.91,47.89,47.89,2169200,47.89
2011-02-14,47.90,47.91,47.89,47.91,953200,47.91
2011-02-11,47.90,47.91,47.90,47.90,741900,47.90
2011-02-10,47.90,47.91,47.90,47.91,537100,47.91
2011-02-09,47.92,47.92,47.89,47.91,848800,47.91
2011-02-08,47.90,47.92,47.89,47.92,515900,47.92
2011-02-07,47.92,47.92,47.88,47.90,1803800,47.90
2011-02-04,47.91,47.95,47.90,47.95,980900,47.95
2011-02-03,47.90,47.92,47.90,47.91,977400,47.91
2011-02-02,47.91,47.92,47.89,47.91,702400,47.91
2011-02-01,47.90,47.91,47.89,47.91,2226200,47.91
2011-01-31,47.89,47.90,47.85,47.90,2023100,47.90
2011-01-28,47.89,47.90,47.87,47.87,2705100,47.87
2011-01-27,47.89,47.90,47.88,47.88,9008200,47.88
2011-01-26,47.75,47.99,47.71,47.94,16458300,47.94
2011-01-25,47.66,47.75,47.66,47.72,1855800,47.72
2011-01-24,47.65,47.75,47.63,47.72,1212700,47.72
2011-01-21,47.62,47.69,47.62,47.68,2019600,47.68
2011-01-20,47.35,47.72,47.30,47.68,8347400,47.68
2011-01-19,47.30,47.38,47.29,47.33,2359500,47.33
2011-01-18,47.31,47.42,47.25,47.29,3646600,47.29
2011-01-14,47.40,47.41,47.31,47.38,2704100,47.38
2011-01-13,47.44,47.46,47.37,47.40,1890000,47.40
2011-01-12,47.49,47.52,47.41,47.45,2793800,47.45
2011-01-11,47.42,47.49,47.41,47.49,1386900,47.49
2011-01-10,47.44,47.49,47.33,47.43,3003900,47.43
