Date,Open,High,Low,Close,Volume,Adj Close
2011-04-26,8.19,8.23,8.15,8.20,2964900,8.20
2011-04-25,8.10,8.18,8.08,8.15,2116500,8.15
2011-04-21,8.06,8.14,8.04,8.13,2003400,8.13
2011-04-20,8.01,8.05,7.99,8.04,2755100,8.04
2011-04-19,7.94,8.02,7.94,7.95,2322100,7.95
2011-04-18,7.94,7.95,7.82,7.91,10052000,7.91
2011-04-15,7.94,8.02,7.93,7.98,2756900,7.98
2011-04-14,7.97,8.02,7.90,7.97,2831600,7.97
2011-04-13,8.01,8.01,7.90,7.97,2765300,7.97
2011-04-12,7.94,8.04,7.86,7.94,3604600,7.94
2011-04-11,8.03,8.08,7.98,8.01,5763300,8.01
2011-04-08,8.11,8.14,8.01,8.04,5161800,8.04
2011-04-07,8.13,8.17,8.04,8.07,8603300,8.07
2011-04-06,8.15,8.18,8.11,8.13,7012100,8.13
2011-04-05,8.06,8.16,8.06,8.10,3782800,8.10
2011-04-04,8.16,8.16,8.06,8.09,2685300,8.09
2011-04-01,8.02,8.17,8.02,8.14,3183900,8.14
2011-03-31,7.95,8.04,7.95,7.99,5343700,7.99
2011-03-30,7.90,7.97,7.89,7.97,3543800,7.97
2011-03-29,7.77,7.88,7.77,7.86,4229200,7.86
2011-03-28,7.76,7.87,7.76,7.79,3344600,7.79
2011-03-25,7.88,7.88,7.76,7.76,5322000,7.76
2011-03-24,7.88,7.92,7.83,7.86,2589500,7.86
2011-03-23,7.79,7.86,7.74,7.83,3371500,7.83
2011-03-22,7.75,7.85,7.75,7.84,5809400,7.84
2011-03-21,7.74,7.80,7.72,7.79,5486300,7.79
2011-03-18,7.78,7.78,7.64,7.64,6361300,7.64
2011-03-17,7.67,7.69,7.59,7.68,3367300,7.68
2011-03-16,7.64,7.67,7.48,7.53,7535700,7.53
2011-03-15,7.51,7.70,7.50,7.65,5938300,7.65
2011-03-14,7.68,7.80,7.67,7.78,4584200,7.78
2011-03-11,7.75,7.78,7.65,7.74,6675000,7.74
2011-03-10,7.75,7.82,7.70,7.73,4940000,7.73
2011-03-09,7.80,7.92,7.80,7.87,4999400,7.87
2011-03-08,7.68,7.87,7.66,7.85,8840500,7.85
2011-03-07,7.75,7.77,7.61,7.67,6715300,7.67
2011-03-04,7.74,7.77,7.67,7.70,5719300,7.70
2011-03-03,7.79,7.80,7.70,7.75,4035800,7.75
2011-03-02,7.71,7.74,7.67,7.70,7867700,7.70
2011-03-01,7.76,7.83,7.68,7.70,10268000,7.70
2011-02-28,7.72,7.77,7.66,7.77,7733600,7.77
2011-02-25,7.62,7.74,7.62,7.67,6484100,7.67
2011-02-24,7.49,7.64,7.43,7.61,19424500,7.60
2011-02-23,7.47,7.48,7.37,7.42,7140200,7.41
2011-02-22,7.48,7.60,7.42,7.46,8280600,7.45
2011-02-18,7.54,7.61,7.51,7.57,5898800,7.56
2011-02-17,7.43,7.55,7.43,7.54,10475200,7.53
2011-02-16,7.47,7.50,7.42,7.46,13713100,7.45
2011-02-15,7.35,7.48,7.35,7.40,4397100,7.39
2011-02-14,7.37,7.43,7.33,7.43,2799000,7.42
2011-02-11,7.23,7.38,7.23,7.38,10558500,7.37
2011-02-10,7.25,7.32,7.23,7.27,5300000,7.26
2011-02-09,7.28,7.34,7.22,7.28,6219800,7.27
2011-02-08,7.27,7.34,7.27,7.31,10275500,7.30
2011-02-07,7.22,7.34,7.22,7.29,15230600,7.28
2011-02-04,7.21,7.29,7.21,7.25,9637000,7.24
2011-02-03,7.14,7.28,7.14,7.25,12555300,7.24
2011-02-02,7.10,7.19,7.09,7.17,8332300,7.16
2011-02-01,7.03,7.13,7.03,7.12,17501300,7.11
2011-01-31,7.02,7.06,6.99,6.99,10120300,6.98
2011-01-28,7.17,7.19,6.97,6.99,25538600,6.98
2011-01-27,7.14,7.20,7.14,7.17,20335400,7.16
2011-01-26,7.18,7.19,7.13,7.13,14891100,7.12
2011-01-25,7.17,7.19,7.11,7.17,7559700,7.16
2011-01-24,7.14,7.18,7.10,7.18,5663600,7.17
2011-01-21,7.16,7.20,7.10,7.13,10139300,7.12
2011-01-20,7.03,7.15,7.03,7.12,25221200,7.11
2011-01-19,7.21,7.25,7.14,7.16,16607400,7.15
2011-01-18,7.23,7.25,7.19,7.20,9754300,7.19
2011-01-14,7.07,7.24,7.07,7.24,9654800,7.23
2011-01-13,7.07,7.13,7.03,7.10,7772000,7.09
2011-01-12,7.11,7.16,7.05,7.09,22818900,7.08
2011-01-11,7.06,7.08,7.02,7.06,16051500,7.05
2011-01-10,7.04,7.12,6.97,7.02,13213000,7.01
