Date,Open,High,Low,Close,Volume,Adj Close
2011-04-26,17.50,17.68,17.30,17.52,952500,17.52
2011-04-25,17.58,17.69,17.34,17.40,921500,17.40
2011-04-21,17.04,17.75,16.62,17.65,1814300,17.65
2011-04-20,17.08,17.17,16.81,16.92,1323000,16.92
2011-04-19,17.13,17.19,16.28,16.66,2573400,16.66
2011-04-18,17.44,17.97,16.90,17.10,3142500,17.10
2011-04-15,17.22,17.70,17.05,17.65,2192400,17.65
2011-04-14,17.09,17.48,16.93,17.36,1026500,17.36
2011-04-13,17.42,17.87,16.90,17.20,1925500,17.20
2011-04-12,17.56,17.58,16.62,17.08,2739400,17.08
2011-04-11,18.64,18.67,17.75,17.79,2211700,17.79
2011-04-08,18.01,19.26,18.01,18.74,3893200,18.74
2011-04-07,17.83,18.03,17.55,17.75,914300,17.75
2011-04-06,18.00,18.26,17.63,17.82,1191200,17.82
2011-04-05,18.07,18.25,17.84,17.93,1351800,17.93
2011-04-04,18.39,18.64,18.02,18.13,1852500,18.13
2011-04-01,17.86,18.42,17.86,18.35,2007800,18.35
2011-03-31,17.51,17.79,17.42,17.71,1806900,17.71
2011-03-30,17.69,17.94,17.35,17.48,3050200,17.48
2011-03-29,17.95,18.19,17.51,17.58,3212200,17.58
2011-03-28,18.45,18.68,17.87,17.93,2388700,17.93
2011-03-25,17.78,18.62,17.67,18.45,3073100,18.45
2011-03-24,17.37,18.10,17.28,17.66,4450000,17.66
2011-03-23,16.71,17.42,16.56,17.28,2702800,17.28
2011-03-22,16.85,16.96,16.45,16.76,1449600,16.76
2011-03-21,16.62,16.88,16.47,16.78,1990500,16.78
2011-03-18,16.16,16.44,15.97,16.42,7743000,16.42
2011-03-17,15.85,16.09,15.59,16.03,2067100,16.03
2011-03-16,16.05,16.29,15.31,15.39,2451100,15.39
2011-03-15,15.79,16.14,15.53,16.04,1691200,16.04
2011-03-14,15.96,16.30,15.30,16.27,2325800,16.27
2011-03-11,15.79,16.36,15.63,16.09,1082700,16.09
2011-03-10,16.08,16.35,15.49,15.95,2186600,15.95
2011-03-09,16.50,16.79,16.30,16.32,1241500,16.32
2011-03-08,16.95,17.04,16.52,16.58,1533400,16.58
2011-03-07,17.50,17.55,16.65,17.00,2026000,17.00
2011-03-04,17.22,17.39,16.99,17.34,1689900,17.34
2011-03-03,16.75,17.35,16.66,17.23,2216400,17.23
2011-03-02,16.76,16.96,16.50,16.55,1326400,16.55
2011-03-01,17.50,17.50,16.62,16.79,1906800,16.79
2011-02-28,17.44,17.60,17.17,17.50,1797600,17.50
2011-02-25,16.94,17.38,16.85,17.31,2166000,17.31
2011-02-24,16.94,17.26,16.70,16.87,1662300,16.87
2011-02-23,16.42,17.11,16.41,16.84,1728900,16.84
2011-02-22,17.20,17.26,16.26,16.36,2198000,16.36
2011-02-18,17.34,17.43,16.86,17.05,1680200,17.05
2011-02-17,17.49,17.56,17.24,17.30,1329300,17.30
2011-02-16,17.38,17.62,17.20,17.49,1604300,17.49
2011-02-15,17.51,17.56,17.12,17.35,1476200,17.35
2011-02-14,17.32,17.60,17.26,17.58,1405100,17.58
2011-02-11,17.38,17.60,17.07,17.33,1172700,17.33
2011-02-10,16.95,17.60,16.90,17.51,1800000,17.51
2011-02-09,17.31,17.39,16.84,17.13,1559800,17.13
2011-02-08,17.22,17.49,16.95,17.43,1570700,17.43
2011-02-07,17.05,17.72,16.88,17.25,2130100,17.25
2011-02-04,17.01,17.45,16.91,16.91,4914400,16.91
2011-02-03,15.88,17.54,15.52,16.90,6747400,16.90
2011-02-02,15.56,16.08,15.23,15.86,3428100,15.86
2011-02-01,15.76,15.95,15.35,15.65,2214800,15.65
2011-01-31,15.35,16.05,15.34,15.65,2530700,15.65
2011-01-28,15.51,15.51,15.04,15.14,2587400,15.14
2011-01-27,15.76,15.80,15.28,15.41,1607400,15.41
2011-01-26,15.38,15.86,15.25,15.79,2195200,15.79
2011-01-25,15.39,15.52,15.11,15.36,2083700,15.36
2011-01-24,15.67,15.70,15.39,15.53,2069200,15.53
2011-01-21,16.27,16.36,15.70,15.76,2359800,15.76
2011-01-20,15.25,16.37,14.94,16.26,4965200,16.26
2011-01-19,15.74,15.81,15.16,15.35,3661700,15.35
2011-01-18,16.50,16.55,15.62,15.69,6253600,15.69
2011-01-14,17.53,17.53,16.81,17.00,2021100,17.00
2011-01-13,17.75,17.75,17.40,17.53,1260300,17.53
2011-01-12,17.79,17.98,17.59,17.73,1144100,17.73
2011-01-11,17.81,17.93,17.45,17.59,1056700,17.59
2011-01-10,17.47,17.80,17.32,17.67,900400,17.67
