Date,Open,High,Low,Close,Volume,Adj Close
2011-04-26,26.06,26.41,26.05,26.29,9209000,26.29
2011-04-25,26.09,26.17,25.95,26.08,7361700,26.08
2011-04-21,26.28,26.28,25.98,26.06,11425000,26.06
2011-04-20,26.10,26.30,26.05,26.15,15391600,26.15
2011-04-19,26.50,26.51,26.04,26.38,14317900,26.38
2011-04-18,26.82,26.87,26.41,26.55,13910600,26.55
2011-04-15,26.94,27.15,26.85,27.01,10639100,27.01
2011-04-14,26.70,26.99,26.63,26.89,8515300,26.89
2011-04-13,26.78,26.78,26.54,26.68,8141200,26.68
2011-04-12,26.50,26.80,26.42,26.70,11059100,26.70
2011-04-11,26.47,26.75,26.40,26.52,13057100,26.52
2011-04-08,26.05,26.33,26.05,26.24,9844900,26.24
2011-04-07,26.29,26.31,25.90,26.10,11805400,26.10
2011-04-06,26.23,26.33,26.14,26.28,8633800,26.28
2011-04-05,25.88,26.20,25.85,26.11,8636000,26.11
2011-04-04,26.00,26.01,25.81,25.94,6837100,25.94
2011-04-01,25.89,26.14,25.86,25.98,8302000,25.98
2011-03-31,26.06,26.10,25.94,26.03,9001700,26.03
2011-03-30,26.10,26.27,26.02,26.11,9736100,26.11
2011-03-29,26.03,26.08,25.87,25.97,8440600,25.97
2011-03-28,25.97,26.19,25.90,26.05,19170000,26.05
2011-03-25,25.97,26.02,25.79,25.82,8898100,25.82
2011-03-24,25.64,25.97,25.58,25.93,13405600,25.93
2011-03-23,25.40,25.65,25.33,25.61,9177500,25.61
2011-03-22,25.17,25.58,25.15,25.43,12275800,25.43
2011-03-21,24.96,25.24,24.90,25.15,10460200,25.15
2011-03-18,24.70,24.88,24.51,24.80,15245100,24.80
2011-03-17,24.57,24.77,24.40,24.44,11895800,24.44
2011-03-16,24.59,24.71,24.19,24.29,14603300,24.29
2011-03-15,24.53,24.76,24.47,24.71,11007500,24.71
2011-03-14,24.90,25.20,24.90,24.99,8603300,24.99
2011-03-11,25.07,25.16,24.91,25.05,13845100,25.05
2011-03-10,25.71,25.82,25.62,25.64,10765000,25.26
2011-03-09,25.60,25.82,25.58,25.81,8017700,25.43
2011-03-08,25.42,25.72,25.40,25.66,7909800,25.28
2011-03-07,25.47,25.59,25.36,25.38,32727700,25.00
2011-03-04,25.39,25.48,25.15,25.32,33571700,24.94
2011-03-03,25.22,25.52,25.15,25.44,37859900,25.06
2011-03-02,25.22,25.32,25.00,25.05,13464700,24.68
2011-03-01,25.48,25.70,25.11,25.12,11987900,24.75
2011-02-28,24.96,25.40,24.91,25.37,15304500,24.99
2011-02-25,24.70,24.95,24.70,24.94,8815100,24.57
2011-02-24,24.59,24.76,24.53,24.71,9177600,24.34
2011-02-23,24.73,24.87,24.66,24.71,12915600,24.34
2011-02-22,24.64,24.92,24.60,24.74,10637300,24.37
2011-02-18,24.74,24.81,24.60,24.79,8569600,24.42
2011-02-17,24.47,24.73,24.43,24.73,14431100,24.36
2011-02-16,24.52,24.58,24.36,24.48,10366400,24.12
2011-02-15,24.40,24.52,24.31,24.48,7796300,24.12
2011-02-14,24.48,24.49,24.26,24.49,8553000,24.13
2011-02-11,24.06,24.49,24.00,24.44,10668600,24.08
2011-02-10,24.11,24.20,24.05,24.09,8735200,23.73
2011-02-09,24.10,24.17,24.04,24.15,7867200,23.79
2011-02-08,24.09,24.14,23.95,24.13,9229600,23.77
2011-02-07,24.09,24.09,23.89,24.06,18692900,23.70
2011-02-04,24.13,24.13,23.81,24.00,9495100,23.64
2011-02-03,23.69,24.08,23.54,24.05,15601800,23.69
2011-02-02,23.57,23.78,23.54,23.68,11732200,23.33
2011-02-01,23.65,23.71,23.48,23.58,16223300,23.23
2011-01-31,23.78,23.79,23.34,23.51,16289300,23.16
2011-01-28,23.93,24.07,23.79,23.79,12547600,23.44
2011-01-27,24.30,24.35,23.87,23.92,14876000,23.57
2011-01-26,24.32,24.43,24.25,24.27,10811000,23.91
2011-01-25,24.35,24.46,24.19,24.29,10783600,23.93
2011-01-24,24.10,24.43,24.05,24.42,13503500,24.06
2011-01-21,24.17,24.22,24.01,24.09,23216300,23.73
2011-01-20,24.01,24.18,23.97,24.04,10034900,23.68
2011-01-19,24.09,24.13,23.95,23.99,9295200,23.63
2011-01-18,24.01,24.22,24.00,24.08,12694400,23.72
2011-01-14,24.10,24.21,24.00,24.16,8120400,23.80
2011-01-13,24.05,24.15,23.96,24.12,7684600,23.76
2011-01-12,24.05,24.15,23.92,24.06,13610100,23.70
2011-01-11,24.36,24.36,24.04,24.07,12645000,23.71
2011-01-10,24.56,24.57,24.19,24.24,15637300,23.88
