Date,Open,High,Low,Close,Volume,Adj Close
2011-04-26,25.62,26.33,25.55,26.31,924200,26.31
2011-04-25,25.58,25.69,25.39,25.46,430800,25.46
2011-04-21,25.57,25.79,25.19,25.45,713700,25.45
2011-04-20,25.00,25.35,24.89,25.27,792800,25.27
2011-04-19,24.33,24.41,24.13,24.38,607400,24.38
2011-04-18,24.57,24.57,24.09,24.22,1119400,24.22
2011-04-15,24.51,24.91,24.39,24.91,809100,24.91
2011-04-14,24.46,24.50,24.15,24.47,704900,24.47
2011-04-13,24.54,24.76,24.34,24.60,1285600,24.60
2011-04-12,24.62,24.72,24.15,24.42,849500,24.42
2011-04-11,25.09,25.09,24.60,24.77,705300,24.77
2011-04-08,25.48,25.50,24.90,24.94,759600,24.94
2011-04-07,25.26,25.61,25.19,25.33,1391200,25.33
2011-04-06,25.31,25.58,25.15,25.26,1486400,25.26
2011-04-05,24.91,25.44,24.78,25.05,1164300,25.05
2011-04-04,24.92,25.07,24.71,24.92,953300,24.92
2011-04-01,25.50,25.50,24.68,24.82,2201600,24.82
2011-03-31,25.02,25.30,25.02,25.12,662900,25.12
2011-03-30,25.22,25.22,24.98,25.10,1077200,25.10
2011-03-29,24.83,25.15,24.67,25.09,543100,25.09
2011-03-28,25.01,25.33,24.94,24.97,1216800,24.79
2011-03-25,24.84,25.06,24.73,24.94,777000,24.77
2011-03-24,24.85,24.91,24.50,24.77,711400,24.60
2011-03-23,24.57,24.77,24.42,24.68,783400,24.51
2011-03-22,24.89,24.89,24.52,24.65,676600,24.48
2011-03-21,24.73,25.19,24.46,24.90,755600,24.73
2011-03-18,24.98,24.98,24.26,24.34,1656000,24.17
2011-03-17,24.79,24.86,24.36,24.56,851600,24.39
2011-03-16,25.10,25.11,24.03,24.33,2036200,24.16
2011-03-15,25.35,25.52,24.81,25.19,1768600,25.01
2011-03-14,25.76,26.09,25.52,25.90,1111700,25.72
2011-03-11,25.89,26.03,25.40,26.00,1374600,25.82
2011-03-10,26.66,26.66,25.89,25.95,1368700,25.77
2011-03-09,27.47,27.47,26.96,27.04,767900,26.85
2011-03-08,27.20,27.91,27.04,27.49,1048800,27.30
2011-03-07,27.40,27.73,26.86,27.07,724700,26.88
2011-03-04,27.74,27.82,27.12,27.38,893500,27.19
2011-03-03,27.50,27.85,27.45,27.70,859300,27.51
2011-03-02,27.20,27.64,27.05,27.19,911200,27.00
2011-03-01,28.06,28.10,27.23,27.27,915400,27.08
2011-02-28,27.83,27.96,27.61,27.93,704900,27.73
2011-02-25,27.33,27.61,27.26,27.58,521900,27.39
2011-02-24,26.86,27.47,26.68,27.13,1124400,26.94
2011-02-23,27.51,27.54,26.53,26.78,1051400,26.59
2011-02-22,27.95,28.00,27.35,27.50,829700,27.31
2011-02-18,28.51,28.51,28.03,28.22,854700,28.02
2011-02-17,27.78,28.15,27.69,28.01,738800,27.81
2011-02-16,27.65,27.89,27.55,27.83,645500,27.63
2011-02-15,27.53,27.65,27.21,27.55,680300,27.36
2011-02-14,27.52,27.62,27.33,27.60,597400,27.41
2011-02-11,27.11,27.51,27.02,27.39,568900,27.20
2011-02-10,26.68,27.27,26.65,27.26,909400,27.07
2011-02-09,26.80,27.00,26.68,26.85,971400,26.66
2011-02-08,27.55,27.58,26.78,26.85,1295100,26.66
2011-02-07,27.25,27.68,27.15,27.48,928400,27.29
2011-02-04,26.85,27.16,26.68,27.15,964500,26.96
2011-02-03,26.75,26.97,26.44,26.83,837200,26.64
2011-02-02,26.69,27.03,26.63,26.80,968700,26.61
2011-02-01,26.45,27.20,26.32,26.82,1244000,26.63
2011-01-31,25.78,26.31,25.70,26.15,1197200,25.97
2011-01-28,26.85,26.93,25.74,25.81,1723600,25.63
2011-01-27,26.73,27.11,26.46,26.86,1636000,26.67
2011-01-26,25.61,27.79,25.56,26.65,3068400,26.46
2011-01-25,25.21,25.41,25.09,25.34,992700,25.16
2011-01-24,24.79,25.37,24.72,25.27,904900,25.09
2011-01-21,25.03,25.31,24.67,24.71,915400,24.54
2011-01-20,24.97,25.02,24.65,24.83,1139500,24.66
2011-01-19,25.42,25.42,24.94,25.09,1258200,24.91
2011-01-18,25.72,26.07,25.12,25.49,1841300,25.31
2011-01-14,24.60,24.85,24.51,24.79,899900,24.62
2011-01-13,24.60,24.82,24.51,24.64,863600,24.47
2011-01-12,24.38,24.74,24.21,24.74,1069900,24.57
2011-01-11,24.12,24.27,23.86,24.17,1138000,24.00
2011-01-10,23.22,24.05,23.15,23.97,1916400,23.80
