Date,Open,High,Low,Close,Volume,Adj Close
2011-04-26,17.91,17.93,17.68,17.76,3851500,17.76
2011-04-25,17.93,18.47,17.72,17.78,3693900,17.78
2011-04-21,17.60,17.73,17.36,17.73,3470600,17.73
2011-04-20,16.95,17.43,16.81,17.42,4172300,17.42
2011-04-19,16.01,16.63,15.97,16.60,4513700,16.60
2011-04-18,16.51,16.53,15.96,16.03,4297700,16.03
2011-04-15,16.72,16.83,16.46,16.79,1728400,16.79
2011-04-14,16.60,16.73,16.33,16.70,2314400,16.70
2011-04-13,17.07,17.20,16.62,16.80,2616000,16.80
2011-04-12,16.69,17.45,16.63,16.94,3763300,16.94
2011-04-11,17.08,17.12,16.43,16.47,3515200,16.47
2011-04-08,17.84,17.88,17.03,17.11,4571700,17.11
2011-04-07,16.70,16.87,16.60,16.79,1513800,16.79
2011-04-06,16.90,16.99,16.55,16.76,1466500,16.76
2011-04-05,16.57,16.90,16.44,16.73,2597400,16.73
2011-04-04,16.45,16.62,16.32,16.60,2552800,16.60
2011-04-01,16.25,16.44,15.92,16.38,3322700,16.38
2011-03-31,15.99,16.31,15.76,15.90,10258400,15.90
2011-03-30,15.88,16.15,15.72,16.06,3440400,16.06
2011-03-29,15.27,15.67,15.15,15.67,2644700,15.67
2011-03-28,15.59,15.64,15.26,15.29,1543600,15.29
2011-03-25,15.79,15.88,15.53,15.58,1840100,15.58
2011-03-24,15.69,15.83,15.53,15.71,1586900,15.71
2011-03-23,15.43,15.60,15.28,15.56,1529800,15.56
2011-03-22,15.53,15.68,15.28,15.49,2476700,15.49
2011-03-21,15.44,15.70,15.37,15.52,2511000,15.52
2011-03-18,15.29,15.29,15.08,15.16,4806000,15.16
2011-03-17,14.94,15.24,14.93,15.01,6626500,15.01
2011-03-16,14.59,15.11,14.44,14.72,5051100,14.72
2011-03-15,14.46,14.79,14.24,14.68,3091000,14.68
2011-03-14,14.51,15.20,14.50,14.96,3851500,14.96
2011-03-11,14.63,14.82,14.47,14.64,4447500,14.64
2011-03-10,14.97,15.05,14.69,14.72,3849500,14.72
2011-03-09,15.22,15.45,15.05,15.24,2758500,15.24
2011-03-08,15.26,15.61,15.05,15.31,4856900,15.31
2011-03-07,15.91,16.02,14.80,15.31,8788700,15.31
2011-03-04,16.56,16.56,15.57,15.90,7973200,15.90
2011-03-03,17.39,17.51,16.87,16.99,3884200,16.99
2011-03-02,16.87,17.24,16.67,17.04,1536800,17.04
2011-03-01,17.24,17.24,16.79,16.84,2622600,16.84
2011-02-28,17.59,17.64,16.98,17.15,2585000,17.15
2011-02-25,17.48,17.57,17.18,17.45,2012300,17.45
2011-02-24,17.02,17.44,16.98,17.23,1901300,17.23
2011-02-23,17.55,17.57,16.47,16.95,3463600,16.95
2011-02-22,17.53,17.92,17.45,17.47,3222500,17.47
2011-02-18,18.06,18.25,17.89,17.99,1938000,17.99
2011-02-17,17.71,18.18,17.62,18.00,2178700,18.00
2011-02-16,17.53,17.88,17.49,17.73,2205600,17.73
2011-02-15,17.88,17.98,17.33,17.39,4134600,17.39
2011-02-14,17.02,17.92,17.02,17.69,5477800,17.69
2011-02-11,16.61,17.09,16.49,16.96,4397900,16.96
2011-02-10,16.37,16.85,16.37,16.72,2778500,16.72
2011-02-09,16.42,16.87,16.30,16.48,3569800,16.48
2011-02-08,16.05,16.89,16.05,16.49,6465900,16.49
2011-02-07,15.96,16.11,15.92,16.05,4771800,16.05
2011-02-04,15.82,15.87,15.61,15.86,7131000,15.86
2011-02-03,15.87,15.87,15.55,15.76,4900600,15.76
2011-02-02,15.84,15.99,15.69,15.91,3446900,15.91
2011-02-01,16.95,17.12,15.41,15.90,11467100,15.90
2011-01-31,16.09,16.79,16.04,16.65,8083400,16.65
2011-01-28,19.77,19.77,15.83,15.95,21300700,15.95
2011-01-27,21.33,21.62,20.34,21.39,7916800,21.39
2011-01-26,21.30,21.54,20.99,21.33,4562700,21.33
2011-01-25,21.36,21.50,20.96,21.12,2823100,21.12
2011-01-24,21.53,21.71,21.32,21.57,2084900,21.57
2011-01-21,21.83,22.00,21.36,21.42,2598500,21.42
2011-01-20,22.11,22.20,21.08,21.53,4038300,21.53
2011-01-19,23.09,23.11,22.03,22.13,2807400,22.13
2011-01-18,23.40,23.48,22.90,23.08,2220000,23.08
2011-01-14,23.72,23.72,23.07,23.31,3414000,23.31
2011-01-13,24.03,24.11,23.44,23.51,3278300,23.51
2011-01-12,24.28,24.29,23.74,24.00,3164500,24.00
2011-01-11,24.98,25.10,23.73,23.96,3369900,23.96
2011-01-10,24.89,24.89,24.10,24.75,3688900,24.75
