Date,Open,High,Low,Close,Volume,Adj Close
2011-04-26,12.91,12.91,12.67,12.67,2772500,12.67
2011-04-25,13.37,13.41,12.85,12.91,2852500,12.91
2011-04-21,13.58,13.62,13.29,13.29,2121200,13.29
2011-04-20,13.33,13.64,13.28,13.59,4257900,13.59
2011-04-19,13.15,13.21,12.90,13.18,2200200,13.18
2011-04-18,13.23,13.39,12.84,13.11,3209200,13.11
2011-04-15,13.23,13.42,12.95,13.27,3064100,13.27
2011-04-14,13.00,13.26,12.87,13.22,2967100,13.22
2011-04-13,12.84,13.05,12.70,12.86,2091600,12.86
2011-04-12,13.12,13.25,12.61,12.82,3294500,12.82
2011-04-11,13.68,13.74,13.08,13.13,3403400,13.13
2011-04-08,13.70,13.98,13.50,13.76,5525700,13.76
2011-04-07,13.56,13.78,13.30,13.40,3177000,13.40
2011-04-06,14.02,14.02,13.52,13.60,5576700,13.60
2011-04-05,12.83,13.79,12.81,13.79,7403300,13.79
2011-04-04,13.00,13.12,12.85,12.88,1690700,12.88
2011-04-01,12.95,13.02,12.82,12.98,1848200,12.98
2011-03-31,13.05,13.06,12.89,13.00,3000600,13.00
2011-03-30,13.03,13.05,12.76,12.85,4017900,12.85
2011-03-29,12.49,12.85,12.36,12.74,3422000,12.74
2011-03-28,12.60,12.88,12.41,12.44,2538000,12.44
2011-03-25,12.90,13.05,12.63,12.72,1863400,12.72
2011-03-24,13.14,13.30,12.74,12.83,4788600,12.83
2011-03-23,12.55,13.27,12.53,13.12,4261400,13.12
2011-03-22,12.72,12.76,12.48,12.56,1737300,12.56
2011-03-21,12.66,12.88,12.60,12.78,2529300,12.78
2011-03-18,12.28,12.59,12.19,12.55,3704200,12.55
2011-03-17,12.28,12.44,12.01,12.16,2568300,12.16
2011-03-16,12.50,12.69,11.95,12.13,3848100,12.13
2011-03-15,11.88,12.60,11.54,12.57,3673800,12.57
2011-03-14,12.74,12.86,12.43,12.73,2612200,12.73
2011-03-11,12.18,12.84,11.90,12.74,4196700,12.74
2011-03-10,13.00,13.00,12.21,12.38,7809700,12.38
2011-03-09,13.47,13.57,13.11,13.21,3957800,13.21
2011-03-08,13.76,13.83,13.42,13.45,3854700,13.45
2011-03-07,14.45,14.45,13.71,13.91,4682900,13.91
2011-03-04,13.89,14.28,13.88,14.17,4899200,14.17
2011-03-03,14.08,14.08,13.55,13.85,6239400,13.85
2011-03-02,14.36,14.65,14.14,14.26,3991500,14.26
2011-03-01,13.80,14.38,13.75,14.35,4926500,14.35
2011-02-28,13.86,13.91,13.40,13.69,2436100,13.69
2011-02-25,13.22,13.89,13.20,13.81,3371300,13.81
2011-02-24,13.88,13.99,13.13,13.16,5054600,13.16
2011-02-23,14.07,14.30,13.53,13.78,5587700,13.78
2011-02-22,14.69,14.72,14.05,14.12,4091200,14.12
2011-02-18,14.57,14.85,14.33,14.40,4219400,14.40
2011-02-17,14.61,14.73,14.59,14.65,2682900,14.65
2011-02-16,14.75,14.75,14.39,14.66,2981400,14.66
2011-02-15,14.68,14.73,14.50,14.65,3054300,14.65
2011-02-14,14.40,14.61,14.35,14.39,3085800,14.39
2011-02-11,14.52,14.67,14.19,14.37,3862400,14.37
2011-02-10,14.11,14.50,13.92,14.50,3774000,14.50
2011-02-09,14.83,14.86,14.14,14.29,4428600,14.29
2011-02-08,14.90,14.90,14.61,14.80,5480400,14.80
2011-02-07,14.92,15.00,14.56,14.61,4301000,14.61
2011-02-04,14.75,15.14,14.67,14.73,6887300,14.73
2011-02-03,13.71,14.68,13.68,14.65,8329800,14.65
2011-02-02,13.70,13.83,13.47,13.62,2656600,13.62
2011-02-01,13.45,13.84,13.35,13.71,4435500,13.71
2011-01-31,13.79,13.83,13.25,13.29,4866300,13.29
2011-01-28,13.15,14.00,13.10,13.67,6220400,13.67
2011-01-27,13.87,13.87,13.11,13.20,4360600,13.20
2011-01-26,12.82,13.84,12.76,13.78,6293800,13.78
2011-01-25,13.03,13.10,12.61,12.88,5566400,12.88
2011-01-24,12.99,13.51,12.94,13.13,5916400,13.13
2011-01-21,13.41,13.51,12.85,12.93,7027100,12.93
2011-01-20,13.52,13.62,13.25,13.46,5693700,13.46
2011-01-19,14.14,14.24,13.75,13.80,4381900,13.80
2011-01-18,13.82,14.06,13.75,14.03,3550400,14.03
2011-01-14,13.80,13.86,13.55,13.63,6319200,13.63
2011-01-13,14.40,14.40,13.80,13.95,6718000,13.95
2011-01-12,14.00,14.50,13.90,14.14,8182000,14.14
2011-01-11,13.57,13.73,13.50,13.70,3734800,13.70
2011-01-10,13.15,13.42,13.01,13.38,2739700,13.38
