Date,Open,High,Low,Close,Volume,Adj Close
2011-04-26,43.68,44.18,43.64,43.98,1229100,43.98
2011-04-25,43.48,43.79,43.26,43.63,453200,43.63
2011-04-21,43.78,43.81,43.29,43.44,831400,43.44
2011-04-20,43.59,43.75,43.19,43.71,662700,43.71
2011-04-19,43.12,43.41,42.99,43.20,704300,43.20
2011-04-18,43.00,43.20,42.81,43.04,967600,43.04
2011-04-15,42.93,43.85,42.81,43.50,1033300,43.50
2011-04-14,42.23,42.86,42.07,42.81,1215300,42.81
2011-04-13,42.55,42.77,42.27,42.34,1055000,42.34
2011-04-12,41.92,42.75,41.92,42.46,1012700,42.46
2011-04-11,41.88,42.37,41.85,42.14,2181600,42.14
2011-04-08,42.16,42.38,41.71,41.75,775000,41.75
2011-04-07,42.15,42.30,41.63,41.89,548300,41.89
2011-04-06,42.64,42.69,42.16,42.26,520800,42.26
2011-04-05,42.39,42.70,42.37,42.53,509600,42.53
2011-04-04,42.49,42.73,42.38,42.48,420100,42.48
2011-04-01,42.59,42.85,42.15,42.39,759300,42.39
2011-03-31,41.85,42.56,41.75,42.53,892700,42.53
2011-03-30,41.25,42.07,41.22,41.98,707200,41.98
2011-03-29,40.90,41.32,40.53,41.18,476600,41.18
2011-03-28,40.69,41.07,40.57,41.03,580600,41.03
2011-03-25,40.23,40.67,40.16,40.64,443700,40.64
2011-03-24,40.40,40.53,40.05,40.23,815700,40.23
2011-03-23,40.77,40.77,40.09,40.22,1025400,40.22
2011-03-22,41.21,41.21,40.60,40.76,524900,40.76
2011-03-21,41.05,41.31,40.84,41.28,708700,41.28
2011-03-18,40.86,40.96,40.51,40.73,1049500,40.73
2011-03-17,40.56,40.58,40.08,40.51,586900,40.51
2011-03-16,40.80,40.86,39.69,39.98,1299200,39.98
2011-03-15,40.18,41.12,40.14,40.79,605400,40.79
2011-03-14,40.79,41.08,40.72,41.01,682300,41.01
2011-03-11,40.68,41.24,40.67,41.16,979500,41.16
2011-03-10,40.40,41.11,40.40,40.83,1826600,40.83
2011-03-09,41.09,41.31,40.79,40.89,817900,40.89
2011-03-08,40.55,41.40,40.48,41.26,1164600,41.26
2011-03-07,40.44,40.83,39.45,40.51,1497100,40.51
2011-03-04,40.87,40.99,40.41,40.59,2604200,40.59
2011-03-03,40.14,40.82,40.14,40.80,2676700,40.80
2011-03-02,40.78,40.81,39.84,39.88,4105400,39.88
2011-03-01,42.51,42.84,40.71,40.79,4488500,40.79
2011-02-28,43.90,44.05,41.93,42.74,9834700,42.74
2011-02-25,38.25,38.96,38.09,38.96,609700,38.96
2011-02-24,38.07,38.29,37.80,38.04,776300,38.04
2011-02-23,38.20,38.40,37.83,38.06,607900,38.06
2011-02-22,38.03,38.32,37.83,38.20,705300,38.20
2011-02-18,37.59,38.35,37.47,38.31,745100,38.31
2011-02-17,37.95,38.25,37.42,37.50,913000,37.50
2011-02-16,38.04,38.19,37.82,38.00,764500,38.00
2011-02-15,37.67,38.38,37.52,38.23,1094800,37.75
2011-02-14,37.79,37.93,37.50,37.93,450800,37.45
2011-02-11,37.53,37.69,37.30,37.68,477000,37.21
2011-02-10,37.46,37.77,37.27,37.54,523800,37.07
2011-02-09,37.53,37.75,37.40,37.55,705500,37.08
2011-02-08,37.04,37.77,37.03,37.70,602100,37.23
2011-02-07,36.76,37.04,36.42,36.99,715700,36.53
2011-02-04,37.52,37.52,36.42,36.63,1122300,36.17
2011-02-03,37.38,37.72,37.29,37.39,1355700,36.92
2011-02-02,37.46,37.65,37.24,37.45,718100,36.98
2011-02-01,37.64,37.73,37.14,37.54,1250400,37.07
2011-01-31,36.76,37.62,36.76,37.55,694500,37.08
2011-01-28,37.53,37.60,36.75,36.86,732500,36.40
2011-01-27,37.30,37.65,37.19,37.60,969500,37.13
2011-01-26,37.16,37.34,36.77,37.27,662600,36.80
2011-01-25,36.55,37.19,36.35,37.19,651900,36.72
2011-01-24,36.32,36.73,36.24,36.55,632200,36.09
2011-01-21,36.62,36.80,36.12,36.31,864500,35.85
2011-01-20,36.78,37.31,36.39,36.48,944900,36.02
2011-01-19,36.76,37.02,36.65,36.91,1001100,36.45
2011-01-18,36.38,36.87,36.12,36.84,1316400,36.38
2011-01-14,36.00,36.06,35.62,35.77,1110500,35.32
2011-01-13,36.48,36.52,35.88,35.92,801900,35.47
2011-01-12,36.60,36.60,36.18,36.41,767700,35.95
2011-01-11,36.35,36.56,36.15,36.33,825600,35.87
2011-01-10,36.08,36.47,36.00,36.29,881700,35.83
