Date,Open,High,Low,Close,Volume,Adj Close
2011-04-26,41.08,41.92,41.01,41.16,2536500,41.16
2011-04-25,40.61,41.24,40.51,40.96,1355700,40.96
2011-04-21,40.23,40.86,40.02,40.80,1270800,40.80
2011-04-20,39.51,40.28,39.32,40.28,2297500,40.28
2011-04-19,39.09,39.24,38.70,38.98,1384700,38.98
2011-04-18,38.99,39.11,38.59,38.99,1578500,38.99
2011-04-15,38.71,39.61,38.68,39.57,1680900,39.57
2011-04-14,38.90,39.09,38.46,38.73,1597700,38.73
2011-04-13,39.23,39.44,38.60,39.19,1602900,39.19
2011-04-12,39.62,39.72,38.96,39.07,1841000,39.07
2011-04-11,39.97,40.57,39.68,39.82,2150900,39.82
2011-04-08,40.72,40.72,39.30,39.91,2803600,39.91
2011-04-07,41.20,41.44,40.00,40.47,2873500,40.47
2011-04-06,42.42,42.65,41.25,41.44,1842800,41.44
2011-04-05,42.09,42.67,41.80,42.16,2513100,42.16
2011-04-04,41.96,42.55,41.63,42.47,1941700,42.47
2011-04-01,41.85,42.59,41.38,41.72,1904800,41.72
2011-03-31,41.58,42.40,41.49,41.67,2111100,41.67
2011-03-30,41.22,42.00,41.09,41.54,2016400,41.54
2011-03-29,40.08,40.99,39.78,40.83,1542600,40.83
2011-03-28,40.53,40.84,40.11,40.18,1232900,40.18
2011-03-25,39.58,40.92,39.37,40.63,1968300,40.63
2011-03-24,39.50,39.52,38.95,39.35,1992700,39.35
2011-03-23,39.32,39.54,38.75,39.33,1098200,39.33
2011-03-22,38.59,39.52,38.45,39.05,1983300,39.05
2011-03-21,38.76,39.13,38.46,38.47,1510300,38.47
2011-03-18,38.46,38.67,38.00,38.14,2137200,38.14
2011-03-17,37.98,38.33,37.15,38.15,2305600,38.15
2011-03-16,37.50,38.03,37.05,37.16,1565000,37.16
2011-03-15,37.10,38.17,37.03,37.84,1458500,37.84
2011-03-14,38.33,38.75,37.96,38.23,2268500,38.23
2011-03-11,37.59,38.88,37.59,38.79,1977000,38.79
2011-03-10,38.45,38.50,37.79,37.96,1669700,37.96
2011-03-09,38.51,39.17,38.00,39.09,2476700,39.09
2011-03-08,37.91,38.86,37.69,38.69,2841900,38.69
2011-03-07,39.52,39.56,37.84,37.97,3486600,37.97
2011-03-04,39.60,39.74,39.19,39.30,1927800,39.30
2011-03-03,39.62,40.01,39.51,39.77,2068200,39.77
2011-03-02,39.23,40.08,39.12,39.22,2347200,39.22
2011-03-01,41.12,41.13,39.37,39.65,3364300,39.65
2011-02-28,42.39,42.75,40.82,40.96,2287600,40.96
2011-02-25,41.98,42.69,41.97,42.43,2321700,42.43
2011-02-24,40.10,42.34,40.10,41.84,3452500,41.84
2011-02-23,40.25,40.28,38.28,38.86,3126300,38.86
2011-02-22,40.42,40.70,39.68,40.24,1684200,40.24
2011-02-18,42.00,42.08,40.97,41.00,1644500,41.00
2011-02-17,41.43,42.10,41.27,42.00,1150200,42.00
2011-02-16,41.36,41.78,40.93,41.47,1084400,41.47
2011-02-15,41.29,41.39,40.72,41.26,1214300,41.26
2011-02-14,42.10,42.10,41.34,41.46,1310600,41.46
2011-02-11,41.32,42.19,41.32,42.13,1149600,42.13
2011-02-10,41.15,41.76,40.76,41.33,1042800,41.33
2011-02-09,41.94,42.17,41.10,41.37,955800,41.37
2011-02-08,42.08,42.44,41.86,42.13,996000,42.13
2011-02-07,42.39,42.45,41.81,42.15,1278600,42.15
2011-02-04,41.31,42.47,40.70,42.39,3128200,42.39
2011-02-03,41.65,41.77,40.50,41.08,2934100,41.08
2011-02-02,42.02,42.41,41.63,41.83,1601200,41.83
2011-02-01,42.42,42.73,41.89,42.10,2494400,42.10
2011-01-31,42.47,42.87,41.96,41.98,1630500,41.98
2011-01-28,44.08,44.17,42.25,42.40,1717600,42.40
2011-01-27,43.80,44.06,43.23,44.00,1274900,44.00
2011-01-26,42.96,44.07,42.95,43.76,1812300,43.76
2011-01-25,42.52,42.95,42.12,42.94,1253400,42.94
2011-01-24,41.56,43.00,41.48,42.73,2032200,42.73
2011-01-21,41.73,42.06,41.17,41.45,1880700,41.45
2011-01-20,41.26,41.55,40.87,41.29,1380100,41.29
2011-01-19,42.20,42.53,41.19,41.50,1818300,41.50
2011-01-18,42.20,42.94,42.13,42.37,1380700,42.37
2011-01-14,42.12,43.16,42.12,42.20,2004000,42.20
2011-01-13,42.72,42.83,41.85,42.08,1817000,42.08
2011-01-12,43.30,43.42,42.67,42.76,1190700,42.76
2011-01-11,43.42,43.42,42.65,43.06,1143600,43.06
2011-01-10,42.83,43.17,42.35,43.06,1382500,43.06
