Date,Open,High,Low,Close,Volume,Adj Close
2011-04-26,17.64,17.75,17.62,17.71,10144700,17.71
2011-04-25,17.61,17.64,17.51,17.61,7577500,17.61
2011-04-21,17.45,17.60,17.41,17.58,10180600,17.58
2011-04-20,17.36,17.44,17.31,17.43,8178600,17.43
2011-04-19,17.37,17.43,17.25,17.35,7432000,17.35
2011-04-18,17.45,17.45,17.28,17.35,11148100,17.35
2011-04-15,17.45,17.46,17.37,17.41,7744200,17.41
2011-04-14,17.30,17.47,17.29,17.47,11454600,17.47
2011-04-13,17.24,17.42,17.22,17.29,9512900,17.29
2011-04-12,17.37,17.45,17.20,17.20,10841000,17.20
2011-04-11,17.27,17.45,17.21,17.39,14487900,17.39
2011-04-08,17.38,17.39,17.15,17.23,20773200,17.23
2011-04-07,17.48,17.50,17.32,17.41,20239500,17.41
2011-04-06,17.50,17.54,17.46,17.51,7886300,17.51
2011-04-05,17.50,17.58,17.46,17.46,7821600,17.46
2011-04-04,17.43,17.52,17.41,17.50,11096700,17.50
2011-04-01,17.47,17.51,17.38,17.42,15597600,17.42
2011-03-31,17.57,17.63,17.44,17.45,14307600,17.45
2011-03-30,17.53,17.58,17.46,17.51,12394300,17.51
2011-03-29,17.49,17.53,17.42,17.44,23176300,17.44
2011-03-28,18.10,18.16,18.01,18.03,19577500,17.41
2011-03-25,18.14,18.15,18.10,18.12,10696800,17.50
2011-03-24,18.10,18.16,18.07,18.10,9457000,17.48
2011-03-23,17.89,18.10,17.84,18.08,14846800,17.46
2011-03-22,17.98,17.99,17.81,17.83,23506300,17.22
2011-03-21,17.91,18.03,17.86,18.03,13481900,17.41
2011-03-18,17.87,17.88,17.76,17.85,12777900,17.24
2011-03-17,17.82,17.86,17.71,17.74,12175300,17.13
2011-03-16,17.84,17.89,17.75,17.77,11090700,17.16
2011-03-15,17.75,17.89,17.66,17.75,12726200,17.14
2011-03-14,17.75,17.90,17.67,17.88,12664200,17.27
2011-03-11,17.79,17.87,17.70,17.71,14706800,17.10
2011-03-10,17.86,17.90,17.80,17.80,12305400,17.19
2011-03-09,17.78,17.91,17.71,17.85,9945600,17.24
2011-03-08,17.90,17.91,17.70,17.74,16572700,17.13
2011-03-07,17.89,17.91,17.79,17.90,12418300,17.28
2011-03-04,17.85,17.89,17.80,17.88,9952600,17.27
2011-03-03,17.97,17.98,17.85,17.91,12419100,17.29
2011-03-02,17.92,17.95,17.86,17.92,12409300,17.30
2011-03-01,17.93,17.95,17.85,17.91,13213000,17.29
2011-02-28,17.80,17.93,17.75,17.93,25605300,17.31
2011-02-25,17.75,17.78,17.64,17.75,15044600,17.14
2011-02-24,17.61,17.73,17.55,17.72,15596900,17.11
2011-02-23,17.52,17.64,17.52,17.58,12433000,16.98
2011-02-22,17.58,17.60,17.46,17.56,23257800,16.96
2011-02-18,17.66,17.67,17.51,17.60,15619700,16.99
2011-02-17,17.44,17.61,17.43,17.59,19899800,16.99
2011-02-16,17.47,17.49,17.38,17.43,28754600,16.83
2011-02-15,17.44,17.49,17.36,17.37,125518700,16.77
2011-02-14,18.04,18.05,17.92,17.94,8819700,17.32
2011-02-11,17.94,17.98,17.92,17.95,6711800,17.33
2011-02-10,17.97,18.00,17.88,17.92,8932600,17.30
2011-02-09,17.92,18.02,17.91,18.00,12593600,17.38
2011-02-08,17.85,18.00,17.81,17.93,14283200,17.31
2011-02-07,17.68,17.86,17.67,17.86,11764200,17.25
2011-02-04,17.86,17.87,17.54,17.66,24919000,17.05
2011-02-03,18.03,18.05,17.90,17.92,9326300,17.30
2011-02-02,17.94,18.02,17.91,17.99,8264700,17.37
2011-02-01,17.93,17.95,17.85,17.92,9980000,17.30
2011-01-31,17.86,17.90,17.80,17.83,8044300,17.22
2011-01-28,17.98,18.04,17.82,17.83,11992400,17.22
2011-01-27,17.89,18.02,17.85,17.99,14236300,17.37
2011-01-26,17.80,17.87,17.75,17.82,12325600,17.21
2011-01-25,17.83,17.85,17.71,17.77,13245000,17.16
2011-01-24,17.78,17.82,17.73,17.78,12949600,17.17
2011-01-21,17.71,17.71,17.56,17.64,9440600,17.03
2011-01-20,17.54,17.62,17.53,17.61,12098200,17.00
2011-01-19,17.72,17.72,17.53,17.62,14751500,17.01
2011-01-18,17.72,17.85,17.70,17.84,9143400,17.23
2011-01-14,17.67,17.75,17.61,17.75,15569000,17.14
2011-01-13,17.77,17.82,17.64,17.65,15396800,17.04
2011-01-12,17.79,17.81,17.71,17.79,11043200,17.18
2011-01-11,17.76,17.80,17.64,17.79,10556700,17.18
2011-01-10,17.79,17.89,17.71,17.72,9381100,17.11
