Date,Open,High,Low,Close,Volume,Adj Close
2011-04-26,8.66,8.93,8.64,8.86,28470700,8.86
2011-04-25,8.65,8.77,8.58,8.68,14096000,8.68
2011-04-21,8.81,8.82,8.46,8.63,43919300,8.63
2011-04-20,8.53,8.67,8.51,8.59,25128400,8.59
2011-04-19,8.35,8.38,8.26,8.32,18126300,8.32
2011-04-18,8.38,8.47,8.29,8.40,25972800,8.40
2011-04-15,8.57,8.69,8.55,8.66,12831800,8.66
2011-04-14,8.63,8.71,8.60,8.68,16406500,8.68
2011-04-13,8.88,8.88,8.65,8.74,29558600,8.74
2011-04-12,8.95,8.96,8.69,8.73,31333700,8.73
2011-04-11,9.09,9.12,8.99,9.03,16736000,9.03
2011-04-08,9.06,9.08,8.98,9.02,14121300,9.02
2011-04-07,9.00,9.09,8.92,8.97,22757600,8.97
2011-04-06,8.82,9.06,8.81,9.02,37568300,9.02
2011-04-05,8.75,8.84,8.72,8.77,31784900,8.77
2011-04-04,8.62,8.74,8.59,8.72,20505400,8.72
2011-04-01,8.44,8.59,8.36,8.55,24654100,8.55
2011-03-31,8.55,8.60,8.51,8.51,18505800,8.51
2011-03-30,8.61,8.67,8.56,8.62,14669100,8.62
2011-03-29,8.65,8.72,8.58,8.68,16001500,8.68
2011-03-28,8.69,8.80,8.66,8.74,30984000,8.74
2011-03-25,8.40,8.44,8.31,8.35,16013500,8.35
2011-03-24,8.43,8.49,8.38,8.45,16947300,8.45
2011-03-23,8.23,8.41,8.19,8.38,11527500,8.38
2011-03-22,8.41,8.42,8.30,8.38,14370700,8.38
2011-03-21,8.46,8.46,8.32,8.40,14941900,8.40
2011-03-18,8.32,8.35,8.24,8.28,20099600,8.28
2011-03-17,8.08,8.13,8.00,8.02,14484700,8.02
2011-03-16,8.04,8.13,7.80,7.89,41993700,7.89
2011-03-15,7.74,8.11,7.73,8.06,57832300,8.06
2011-03-14,8.24,8.30,8.19,8.30,19080600,8.30
2011-03-11,8.32,8.52,8.31,8.49,13372400,8.49
2011-03-10,8.50,8.54,8.38,8.40,19744200,8.40
2011-03-09,8.59,8.67,8.55,8.60,24112300,8.60
2011-03-08,8.38,8.56,8.31,8.51,22125300,8.51
2011-03-07,8.51,8.51,8.30,8.34,24204000,8.34
2011-03-04,8.54,8.55,8.40,8.49,19794800,8.49
2011-03-03,8.74,8.76,8.55,8.65,17589000,8.65
2011-03-02,8.60,8.73,8.59,8.68,16838000,8.68
2011-03-01,8.73,8.81,8.62,8.62,21589700,8.62
2011-02-28,8.68,8.70,8.59,8.63,13452100,8.63
2011-02-25,8.67,8.69,8.56,8.65,30694300,8.65
2011-02-24,8.66,8.75,8.56,8.63,33262400,8.63
2011-02-23,8.71,8.75,8.44,8.58,50704900,8.58
2011-02-22,8.88,8.93,8.81,8.87,45284300,8.87
2011-02-18,9.13,9.21,9.08,9.19,24822400,9.19
2011-02-17,9.05,9.10,8.99,9.08,23555500,9.08
2011-02-16,9.16,9.17,9.02,9.10,41547200,9.10
2011-02-15,8.86,9.13,8.84,9.07,55922300,9.07
2011-02-14,9.01,9.02,8.79,8.84,100279000,8.84
2011-02-11,9.61,9.74,9.09,9.36,203233100,9.36
2011-02-10,11.27,11.30,10.77,10.88,59541600,10.88
2011-02-09,11.39,11.75,11.38,11.73,59882200,11.73
2011-02-08,11.23,11.32,11.15,11.28,11889800,11.28
2011-02-07,11.24,11.37,11.21,11.29,22260900,11.29
2011-02-04,11.06,11.07,10.91,11.06,18419700,11.06
2011-02-03,11.21,11.21,11.01,11.19,26083100,11.19
2011-02-02,11.14,11.46,11.10,11.35,48906700,11.35
2011-02-01,10.58,10.89,10.57,10.85,28276300,10.85
2011-01-31,10.63,10.75,10.55,10.70,15195500,10.70
2011-01-28,10.63,10.90,10.55,10.57,35033300,10.57
2011-01-27,10.59,10.67,10.40,10.56,50916300,10.56
2011-01-26,10.59,10.75,10.57,10.73,32289300,10.73
2011-01-25,10.62,10.63,10.37,10.59,23019000,10.59
2011-01-24,10.71,10.93,10.70,10.91,22330600,10.91
2011-01-21,10.74,10.88,10.59,10.78,27774200,10.78
2011-01-20,10.38,10.56,10.36,10.48,21453000,10.48
2011-01-19,10.48,10.48,10.20,10.28,27096900,10.28
2011-01-18,10.80,10.86,10.61,10.66,22884600,10.66
2011-01-14,10.84,11.01,10.83,10.99,12571700,10.99
2011-01-13,11.00,11.02,10.82,10.88,16587700,10.88
2011-01-12,10.62,10.79,10.60,10.76,11706500,10.76
2011-01-11,10.43,10.47,10.35,10.45,10375600,10.45
2011-01-10,10.37,10.42,10.29,10.37,14621800,10.37
