Date,Open,High,Low,Close,Volume,Adj Close
2011-04-26,34.75,35.09,34.67,34.79,1919900,34.79
2011-04-25,34.38,34.69,34.34,34.60,1480700,34.60
2011-04-21,34.25,34.43,34.13,34.37,1171300,34.37
2011-04-20,33.94,34.21,33.90,34.15,1781300,34.15
2011-04-19,33.52,33.67,33.44,33.65,1378800,33.65
2011-04-18,33.67,33.74,33.31,33.48,1952500,33.48
2011-04-15,33.74,34.08,33.74,33.96,2052400,33.96
2011-04-14,33.74,33.83,33.57,33.77,2565500,33.77
2011-04-13,34.17,34.26,33.78,33.88,1685900,33.88
2011-04-12,34.10,34.28,34.02,34.07,1711300,34.07
2011-04-11,34.55,34.56,34.10,34.19,1352300,34.19
2011-04-08,34.78,34.78,34.26,34.53,1126100,34.53
2011-04-07,34.75,34.83,34.41,34.58,1381900,34.58
2011-04-06,34.81,35.07,34.74,34.89,675200,34.89
2011-04-05,34.92,34.96,34.70,34.76,797600,34.76
2011-04-04,34.98,35.06,34.77,34.90,681000,34.90
2011-04-01,34.74,35.03,34.69,34.88,929300,34.88
2011-03-31,34.75,34.99,34.57,34.60,1263700,34.60
2011-03-30,34.40,34.84,34.38,34.77,1072600,34.77
2011-03-29,33.87,34.34,33.75,34.25,1086100,34.25
2011-03-28,34.18,34.39,33.84,33.86,1305600,33.86
2011-03-25,34.25,34.41,34.11,34.15,1058700,34.15
2011-03-24,34.34,34.37,34.00,34.15,1181700,34.15
2011-03-23,34.08,34.24,33.88,34.20,894900,34.20
2011-03-22,34.28,34.38,34.07,34.16,1046300,34.16
2011-03-21,33.98,34.50,33.91,34.21,984100,34.21
2011-03-18,33.84,34.10,33.55,33.67,1351700,33.67
2011-03-17,33.58,33.61,32.93,33.50,1520500,33.50
2011-03-16,33.77,33.79,32.84,33.20,2586100,33.20
2011-03-15,33.58,33.94,33.52,33.72,1257700,33.72
2011-03-14,34.34,34.44,34.06,34.31,1904200,34.31
2011-03-11,34.48,34.72,34.07,34.55,1556100,34.55
2011-03-10,34.83,34.85,34.40,34.48,1246400,34.48
2011-03-09,34.67,35.13,34.54,35.07,1317400,35.07
2011-03-08,34.26,34.90,34.14,34.80,1598700,34.80
2011-03-07,33.98,34.55,33.93,34.12,2485700,34.12
2011-03-04,34.13,34.25,33.49,33.83,2162800,33.83
2011-03-03,34.16,34.39,34.07,34.19,1164800,34.19
2011-03-02,33.74,34.15,33.74,34.00,1545800,34.00
2011-03-01,34.21,34.35,33.74,33.84,1766700,33.84
2011-02-28,33.77,34.16,33.75,34.04,1955100,34.04
2011-02-25,33.04,33.62,33.04,33.60,1255000,33.60
2011-02-24,33.22,33.36,33.02,33.17,1646400,32.89
2011-02-23,33.50,33.69,33.30,33.30,1721200,33.02
2011-02-22,33.18,33.47,33.18,33.44,1108500,33.16
2011-02-18,33.45,33.59,33.29,33.44,1260400,33.16
2011-02-17,33.49,33.78,33.42,33.62,873500,33.34
2011-02-16,33.49,33.75,33.23,33.47,966900,33.19
2011-02-15,33.32,33.54,33.19,33.49,1029200,33.21
2011-02-14,33.58,33.59,33.14,33.40,1108500,33.12
2011-02-11,33.44,33.62,33.25,33.57,1885400,33.29
2011-02-10,33.57,33.84,33.53,33.79,1921400,33.51
2011-02-09,33.73,33.80,33.52,33.80,1587400,33.52
2011-02-08,33.83,33.87,33.59,33.69,942600,33.41
2011-02-07,33.73,34.01,33.63,33.81,1991100,33.53
2011-02-04,33.77,33.86,33.45,33.74,1654100,33.46
2011-02-03,33.70,33.86,33.46,33.75,2211600,33.47
2011-02-02,33.59,33.85,33.49,33.72,1822900,33.44
2011-02-01,33.10,33.89,32.92,33.69,2617500,33.41
2011-01-31,32.91,33.18,32.68,32.92,2215900,32.65
2011-01-28,32.98,33.31,32.68,32.77,3375200,32.50
2011-01-27,32.66,32.86,32.51,32.82,1847600,32.55
2011-01-26,33.03,33.03,32.57,32.64,2536000,32.37
2011-01-25,32.78,33.05,32.76,33.04,1355200,32.77
2011-01-24,32.64,32.98,32.61,32.82,1199000,32.55
2011-01-21,32.87,32.87,32.47,32.58,1212200,32.31
2011-01-20,32.42,32.80,32.41,32.64,1348300,32.37
2011-01-19,32.63,32.77,32.32,32.37,1067000,32.10
2011-01-18,32.11,32.69,31.98,32.58,2413800,32.31
2011-01-14,31.70,32.01,31.61,32.01,1535900,31.74
2011-01-13,31.62,31.80,31.54,31.75,1085300,31.49
2011-01-12,31.70,31.79,31.57,31.62,1727700,31.36
2011-01-11,31.61,31.77,31.51,31.57,1115600,31.31
2011-01-10,31.49,31.63,31.19,31.56,1535300,31.30
