Date,Open,High,Low,Close,Volume,Adj Close
2011-04-26,87.88,88.74,87.01,88.32,229600,88.32
2011-04-25,88.52,88.69,86.50,87.54,270200,87.54
2011-04-21,86.45,88.32,86.34,88.07,371300,88.07
2011-04-20,86.38,86.59,85.30,86.02,489000,86.02
2011-04-19,84.69,85.81,84.67,85.04,351700,85.04
2011-04-18,84.11,85.06,82.98,84.56,582900,84.56
2011-04-15,85.23,86.83,84.80,85.57,501700,85.57
2011-04-14,85.12,85.90,84.28,85.66,522200,85.66
2011-04-13,85.60,86.38,84.96,86.02,484700,86.02
2011-04-12,84.62,85.58,82.82,85.08,593300,85.08
2011-04-11,87.88,88.38,85.23,85.56,325800,85.56
2011-04-08,89.14,89.35,87.11,87.54,360800,87.54
2011-04-07,88.23,88.60,87.27,87.93,369900,87.93
2011-04-06,90.25,90.84,88.05,88.36,315000,88.36
2011-04-05,91.59,92.12,89.27,89.42,555400,89.42
2011-04-04,91.71,92.38,91.13,91.51,336900,91.51
2011-04-01,90.78,91.95,89.81,91.07,431500,91.07
2011-03-31,88.83,91.09,88.35,89.45,1011300,89.45
2011-03-30,88.14,89.33,87.55,88.70,322700,88.70
2011-03-29,86.60,88.00,86.40,87.32,268500,87.32
2011-03-28,87.00,88.61,86.10,86.68,394300,86.68
2011-03-25,85.94,87.89,85.37,86.89,379200,86.89
2011-03-24,85.38,86.77,84.27,85.81,407500,85.81
2011-03-23,84.79,85.32,83.52,85.11,298300,85.11
2011-03-22,87.20,87.20,84.56,85.10,675600,85.10
2011-03-21,83.00,87.19,82.51,87.02,795800,87.02
2011-03-18,80.91,82.37,80.58,81.79,933300,81.79
2011-03-17,77.37,81.45,77.37,79.81,659900,79.81
2011-03-16,80.06,80.67,76.37,76.46,531000,76.46
2011-03-15,77.16,80.49,76.22,79.66,357000,79.66
2011-03-14,79.89,80.02,78.12,79.87,370500,79.87
2011-03-11,78.28,81.17,77.25,80.57,368600,80.57
2011-03-10,81.28,81.28,78.46,78.52,353800,78.52
2011-03-09,83.64,84.44,82.07,82.31,318700,82.31
2011-03-08,82.67,84.58,81.89,83.68,465500,83.68
2011-03-07,83.87,84.64,81.82,82.50,350700,82.50
2011-03-04,83.95,83.95,82.12,82.99,265400,82.99
2011-03-03,83.35,84.23,82.53,84.00,266900,84.00
2011-03-02,81.19,83.11,80.32,82.81,316700,82.81
2011-03-01,83.77,84.46,81.30,81.41,604600,81.41
2011-02-28,81.85,84.30,81.37,83.63,596400,83.63
2011-02-25,78.43,82.66,78.22,82.51,953700,82.51
2011-02-24,79.26,79.35,77.57,77.87,743200,77.87
2011-02-23,79.50,80.29,78.55,79.01,722000,79.01
2011-02-22,81.78,83.11,78.66,79.25,530200,79.25
2011-02-18,82.44,82.44,80.50,81.93,677600,81.93
2011-02-17,79.44,83.65,79.00,82.23,990500,82.23
2011-02-16,79.25,81.46,78.98,81.15,697200,81.15
2011-02-15,79.44,80.01,77.70,78.79,466100,78.79
2011-02-14,76.59,80.22,76.41,79.78,781500,79.78
2011-02-11,76.49,76.84,75.73,76.27,341500,76.27
2011-02-10,74.63,76.90,74.26,76.57,689700,76.57
2011-02-09,77.62,77.93,73.82,74.74,1027200,74.74
2011-02-08,78.37,78.43,76.80,77.99,343600,77.99
2011-02-07,78.41,79.25,77.85,78.53,345600,78.53
2011-02-04,77.83,78.28,76.86,78.19,345100,78.19
2011-02-03,78.02,78.15,77.03,77.77,437300,77.77
2011-02-02,78.20,79.19,77.44,77.94,352900,77.94
2011-02-01,77.55,79.05,77.28,78.68,583100,78.68
2011-01-31,74.65,77.33,74.64,77.23,543100,77.23
2011-01-28,73.93,75.54,73.37,74.87,671600,74.87
2011-01-27,74.17,74.68,72.74,73.96,595600,73.96
2011-01-26,71.11,74.40,71.09,74.10,705100,74.10
2011-01-25,70.82,72.14,69.44,70.84,680300,70.84
2011-01-24,72.20,72.38,70.51,70.97,627300,70.97
2011-01-21,74.92,75.19,71.52,72.30,895500,72.30
2011-01-20,74.56,74.76,72.40,74.30,547400,74.30
2011-01-19,75.58,76.68,74.66,75.19,577600,75.19
2011-01-18,74.80,75.73,74.04,75.71,506100,75.71
2011-01-14,72.95,74.92,72.59,74.89,328300,74.89
2011-01-13,73.78,74.24,72.62,72.95,383700,72.95
2011-01-12,73.27,74.88,72.79,73.59,351700,73.59
2011-01-11,72.00,72.83,71.56,72.52,884300,72.52
2011-01-10,73.02,73.02,71.20,71.77,543100,71.77
