Date,Open,High,Low,Close,Volume,Adj Close
2011-04-26,6.25,6.35,6.24,6.34,2809500,6.34
2011-04-25,6.32,6.32,6.16,6.19,1736100,6.19
2011-04-21,6.28,6.32,6.23,6.28,2928900,6.28
2011-04-20,6.31,6.33,6.20,6.23,2468600,6.23
2011-04-19,6.27,6.35,6.23,6.26,1674000,6.26
2011-04-18,6.20,6.29,6.03,6.26,1513600,6.26
2011-04-15,6.15,6.31,6.13,6.25,2753200,6.25
2011-04-14,6.11,6.19,6.08,6.19,1166900,6.19
2011-04-13,6.15,6.20,6.12,6.12,2644800,6.12
2011-04-12,6.19,6.22,6.10,6.14,1507700,6.14
2011-04-11,6.20,6.34,6.19,6.24,2275200,6.24
2011-04-08,6.30,6.31,6.10,6.16,1564500,6.16
2011-04-07,6.31,6.31,6.13,6.26,2200500,6.26
2011-04-06,6.19,6.31,6.16,6.29,5682300,6.29
2011-04-05,6.08,6.27,6.00,6.20,3013200,6.20
2011-04-04,5.94,6.09,5.92,6.06,5139800,6.06
2011-04-01,5.80,5.92,5.77,5.92,3074600,5.92
2011-03-31,5.61,5.80,5.60,5.80,2926600,5.80
2011-03-30,5.63,5.65,5.59,5.63,1624000,5.63
2011-03-29,5.53,5.63,5.53,5.61,1502500,5.61
2011-03-28,5.55,5.57,5.51,5.51,632900,5.51
2011-03-25,5.64,5.64,5.52,5.53,1890300,5.53
2011-03-24,5.57,5.63,5.50,5.63,1442000,5.63
2011-03-23,5.51,5.58,5.44,5.57,1409300,5.57
2011-03-22,5.53,5.60,5.45,5.49,2162600,5.49
2011-03-21,5.56,5.59,5.46,5.53,1955500,5.53
2011-03-18,5.45,5.56,5.41,5.54,2424200,5.54
2011-03-17,5.40,5.49,5.38,5.41,3545500,5.41
2011-03-16,5.48,5.53,5.36,5.38,3729000,5.38
2011-03-15,5.42,5.50,5.40,5.47,1467000,5.47
2011-03-14,5.45,5.55,5.43,5.53,1902700,5.53
2011-03-11,5.50,5.56,5.42,5.52,2034300,5.52
2011-03-10,5.52,5.58,5.46,5.51,3365000,5.51
2011-03-09,5.61,5.69,5.56,5.60,2208700,5.60
2011-03-08,5.68,5.72,5.60,5.68,2069300,5.68
2011-03-07,5.68,5.75,5.55,5.66,2519300,5.66
2011-03-04,5.90,5.90,5.65,5.67,2491900,5.67
2011-03-03,5.85,5.94,5.82,5.94,5227700,5.79
2011-03-02,5.62,5.82,5.61,5.81,5762500,5.66
2011-03-01,5.60,5.67,5.49,5.60,8171400,5.46
2011-02-28,5.20,5.80,5.19,5.55,15040100,5.41
2011-02-25,4.82,5.01,4.79,4.86,4005300,4.74
2011-02-24,4.79,4.84,4.76,4.78,3405800,4.66
2011-02-23,4.83,4.84,4.75,4.76,5121400,4.64
2011-02-22,4.92,4.93,4.66,4.69,5998300,4.57
2011-02-18,4.99,5.02,4.92,4.93,2872700,4.81
2011-02-17,5.02,5.06,4.90,4.95,4498300,4.82
2011-02-16,5.30,5.38,5.00,5.03,6950700,4.90
2011-02-15,5.60,5.60,5.42,5.44,3362500,5.30
2011-02-14,5.38,5.60,5.34,5.46,5696400,5.32
2011-02-11,5.00,5.21,4.98,5.20,2953600,5.07
2011-02-10,4.93,5.05,4.91,4.96,1627500,4.83
2011-02-09,4.98,4.99,4.92,4.93,1338000,4.81
2011-02-08,4.96,4.99,4.93,4.98,1085300,4.85
2011-02-07,4.97,5.00,4.92,4.94,1334200,4.82
2011-02-04,4.93,4.97,4.91,4.92,1047700,4.80
2011-02-03,4.91,5.03,4.90,4.92,1991500,4.80
2011-02-02,5.04,5.05,4.88,4.90,1596300,4.78
2011-02-01,4.97,5.05,4.96,5.03,950800,4.90
2011-01-31,4.93,4.96,4.88,4.94,1164300,4.82
2011-01-28,5.07,5.07,4.88,4.93,1829600,4.81
2011-01-27,5.01,5.10,5.00,5.06,1069500,4.93
2011-01-26,4.82,5.04,4.81,5.01,2100500,4.88
2011-01-25,4.92,4.93,4.81,4.84,2372700,4.72
2011-01-24,4.87,4.95,4.85,4.92,1745700,4.80
2011-01-21,5.10,5.12,4.86,4.87,4116700,4.75
2011-01-20,5.20,5.20,5.05,5.11,6344100,4.98
2011-01-19,5.12,5.20,4.83,4.95,6911200,4.82
2011-01-18,5.50,5.50,5.11,5.11,4940800,4.98
2011-01-14,5.60,5.63,5.46,5.48,1858200,5.34
2011-01-13,5.53,5.65,5.50,5.59,3599300,5.45
2011-01-12,5.58,5.59,5.43,5.55,2361800,5.41
2011-01-11,5.39,5.56,5.36,5.56,3685800,5.42
2011-01-10,5.87,6.00,5.37,5.39,6564400,5.25
