Date,Open,High,Low,Close,Volume,Adj Close
2011-04-26,24.01,24.07,23.85,23.93,1099000,23.93
2011-04-25,23.98,24.00,23.65,24.00,705400,24.00
2011-04-21,23.90,23.97,23.71,23.92,397900,23.92
2011-04-20,23.59,23.90,23.57,23.79,1011200,23.79
2011-04-19,23.34,23.36,23.09,23.16,637000,23.16
2011-04-18,23.36,23.36,22.87,23.23,931200,23.23
2011-04-15,23.31,23.76,23.21,23.62,939300,23.62
2011-04-14,22.95,23.56,22.93,23.43,968000,23.43
2011-04-13,23.02,23.41,22.90,23.22,1087800,23.22
2011-04-12,23.11,23.40,22.86,22.88,582100,22.88
2011-04-11,23.34,23.50,23.11,23.37,1140700,23.37
2011-04-08,24.26,24.35,23.28,23.44,2021900,23.44
2011-04-07,22.80,23.04,22.62,22.74,1262700,22.74
2011-04-06,22.86,23.02,22.63,22.97,938800,22.97
2011-04-05,22.61,22.96,22.53,22.70,793400,22.70
2011-04-04,22.71,22.99,22.65,22.74,1239800,22.74
2011-04-01,22.56,22.89,22.43,22.61,745000,22.61
2011-03-31,22.24,22.63,22.14,22.49,1127400,22.49
2011-03-30,22.06,22.34,21.96,22.25,1355800,22.25
2011-03-29,21.82,22.00,21.79,21.93,1126000,21.93
2011-03-28,22.00,22.14,21.87,21.90,875000,21.90
2011-03-25,22.03,22.40,21.84,22.02,1587200,22.02
2011-03-24,21.86,22.06,21.74,21.87,1300900,21.87
2011-03-23,21.75,21.82,21.53,21.76,1050100,21.76
2011-03-22,21.84,22.09,21.64,21.75,1394800,21.75
2011-03-21,21.34,21.87,21.31,21.86,1095300,21.86
2011-03-18,21.26,21.34,21.04,21.14,1698400,21.14
2011-03-17,21.74,21.74,21.05,21.06,1009200,21.06
2011-03-16,21.25,21.45,21.02,21.22,1749800,21.22
2011-03-15,21.44,21.70,20.99,21.40,1761800,21.40
2011-03-14,22.08,22.30,21.86,22.14,1138400,22.14
2011-03-11,22.34,22.41,21.81,22.28,1316500,22.28
2011-03-10,22.84,22.95,22.21,22.30,1192200,22.30
2011-03-09,23.24,23.49,22.96,23.26,586300,23.26
2011-03-08,22.77,23.37,22.60,23.26,709600,23.26
2011-03-07,23.57,23.58,22.69,22.74,836300,22.74
2011-03-04,23.49,23.54,23.10,23.35,532900,23.35
2011-03-03,23.30,23.57,23.07,23.57,1384800,23.57
2011-03-02,22.75,23.27,22.73,23.05,781700,23.05
2011-03-01,23.85,23.85,22.60,22.80,1394700,22.80
2011-02-28,23.75,23.94,23.37,23.70,701500,23.70
2011-02-25,23.12,23.71,23.01,23.71,984700,23.71
2011-02-24,22.75,23.16,22.53,23.10,1550400,23.10
2011-02-23,23.63,23.63,22.62,22.76,1128100,22.76
2011-02-22,24.11,24.21,23.62,23.62,770400,23.62
2011-02-18,24.16,24.43,23.74,24.40,1012700,24.40
2011-02-17,23.87,24.17,23.74,24.02,687400,24.02
2011-02-16,23.92,24.15,23.81,23.88,1078600,23.88
2011-02-15,23.81,23.93,23.63,23.86,915000,23.86
2011-02-14,23.68,23.97,23.60,23.85,756700,23.85
2011-02-11,23.54,23.74,23.43,23.71,1096900,23.71
2011-02-10,22.81,23.76,22.63,23.68,1369400,23.68
2011-02-09,23.25,23.30,22.82,22.97,875400,22.97
2011-02-08,23.23,23.41,23.03,23.40,885800,23.40
2011-02-07,23.12,23.49,23.11,23.20,753500,23.20
2011-02-04,22.96,23.27,22.66,23.20,1338900,23.20
2011-02-03,23.19,23.20,22.80,22.94,981800,22.94
2011-02-02,22.60,23.25,22.49,23.15,1172100,23.15
2011-02-01,22.33,22.82,22.22,22.77,1250600,22.77
2011-01-31,21.90,22.39,21.74,22.23,1674200,22.23
2011-01-28,22.68,22.94,21.78,21.79,2178300,21.79
2011-01-27,23.50,23.59,22.57,22.73,6263000,22.73
2011-01-26,24.06,24.64,23.99,24.42,1799400,24.42
2011-01-25,23.92,24.20,23.69,24.03,865400,24.03
2011-01-24,23.83,24.23,23.70,24.08,852500,24.08
2011-01-21,24.18,24.49,23.84,23.86,984700,23.86
2011-01-20,24.20,24.28,23.55,24.05,1229600,24.05
2011-01-19,24.63,25.30,24.25,24.30,2390400,24.30
2011-01-18,24.00,24.20,23.79,24.15,1470100,24.15
2011-01-14,23.48,23.97,23.41,23.96,1014000,23.96
2011-01-13,23.36,23.52,23.26,23.48,510700,23.48
2011-01-12,23.28,23.60,23.07,23.41,883600,23.41
2011-01-11,23.25,23.31,23.02,23.03,631600,23.03
2011-01-10,22.80,23.25,22.57,23.15,666500,23.15
