Date,Open,High,Low,Close,Volume,Adj Close
2011-04-26,61.59,61.98,61.36,61.55,1721300,61.55
2011-04-25,61.70,61.73,60.94,61.12,1688300,61.12
2011-04-21,61.35,61.99,61.04,61.73,2272600,61.73
2011-04-20,60.56,61.20,60.15,60.93,3069800,60.93
2011-04-19,60.34,60.34,59.46,59.56,4150100,59.56
2011-04-18,60.12,60.53,59.65,60.11,3745300,60.11
2011-04-15,61.16,61.37,60.35,61.00,4208800,61.00
2011-04-14,60.45,60.65,59.69,60.40,3294800,60.40
2011-04-13,62.11,62.38,60.68,60.80,2576800,60.80
2011-04-12,62.16,62.53,61.25,61.57,3085900,61.57
2011-04-11,62.35,63.36,62.35,62.74,2280200,62.74
2011-04-08,63.94,64.19,62.09,62.28,2994400,62.28
2011-04-07,64.16,64.45,63.34,63.49,3463100,63.49
2011-04-06,63.50,64.38,63.33,64.32,3220500,64.32
2011-04-05,63.00,63.15,62.59,63.15,2482200,63.15
2011-04-04,62.57,63.49,62.56,63.22,2679500,63.22
2011-04-01,61.78,62.95,61.56,62.52,2637600,62.52
2011-03-31,60.95,61.80,60.52,61.58,2641600,61.58
2011-03-30,60.84,61.43,60.67,61.03,2722100,61.03
2011-03-29,60.35,60.64,59.83,60.60,2164600,60.60
2011-03-28,61.31,61.31,60.35,60.52,2568700,60.52
2011-03-25,61.23,61.71,60.74,61.02,3105000,61.02
2011-03-24,61.07,61.07,60.21,60.94,2012000,60.94
2011-03-23,60.87,60.96,60.15,60.53,2579700,60.53
2011-03-22,61.16,61.65,61.02,61.11,2534000,61.11
2011-03-21,61.63,62.00,60.87,61.15,2927000,61.15
2011-03-18,60.42,61.34,59.70,60.63,4877300,60.63
2011-03-17,59.27,59.87,58.48,59.50,4975300,59.50
2011-03-16,60.28,60.73,57.64,58.32,6909500,58.32
2011-03-15,58.42,60.33,56.40,60.09,12231700,60.09
2011-03-14,62.22,62.27,60.67,61.26,5522900,61.26
2011-03-11,61.95,63.37,61.89,63.10,3128100,63.10
2011-03-10,63.43,64.32,63.00,63.09,4335300,63.09
2011-03-09,64.15,64.98,64.05,64.44,2850900,64.44
2011-03-08,62.93,64.43,62.88,64.24,3615700,64.24
2011-03-07,64.32,64.88,62.84,63.15,3520900,63.15
2011-03-04,64.42,64.63,63.10,63.87,3803700,63.87
2011-03-03,64.13,64.65,63.82,64.64,6171600,64.64
2011-03-02,64.08,64.08,62.49,62.52,8612400,62.52
2011-03-01,66.09,66.57,64.56,64.96,4830700,64.96
2011-02-28,65.15,66.25,65.01,65.83,4757100,65.83
2011-02-25,64.19,64.82,63.93,64.77,2925400,64.77
2011-02-24,63.58,64.26,62.95,64.01,4105800,64.01
2011-02-23,64.81,65.40,63.32,63.88,3279300,63.88
2011-02-22,66.04,66.94,64.52,64.77,4046800,64.77
2011-02-18,67.52,67.52,66.53,67.02,3262800,67.02
2011-02-17,66.22,67.50,65.87,67.32,3861400,67.32
2011-02-16,65.05,66.74,64.62,66.68,4451100,66.68
2011-02-15,63.99,65.00,63.69,64.90,3392700,64.90
2011-02-14,65.02,65.02,63.60,64.25,4705600,64.25
2011-02-11,64.87,65.26,63.67,65.14,3473300,65.14
2011-02-10,64.74,65.25,63.66,65.00,6151700,65.00
2011-02-09,63.70,63.99,62.66,63.13,4814500,63.13
2011-02-08,63.90,64.24,63.64,64.01,3482600,64.01
2011-02-07,63.30,64.10,63.00,64.02,3741600,64.02
2011-02-04,62.38,63.26,62.00,62.91,2723200,62.91
2011-02-03,62.46,62.79,61.37,62.42,2730900,62.42
2011-02-02,63.29,63.69,62.24,62.33,2195000,62.33
2011-02-01,62.27,63.66,62.25,63.40,3646300,63.40
2011-01-31,61.31,62.02,61.22,61.51,2222000,61.51
2011-01-28,63.34,63.34,61.00,61.11,3481400,61.11
2011-01-27,62.43,63.19,62.05,63.16,3210800,63.16
2011-01-26,61.92,62.71,61.50,62.56,2932400,62.56
2011-01-25,60.98,61.52,60.67,61.41,2594500,61.41
2011-01-24,61.52,61.72,60.80,61.31,2223600,61.31
2011-01-21,61.40,61.69,60.97,61.46,2470600,61.46
2011-01-20,60.25,60.85,59.71,60.81,3278700,60.81
2011-01-19,61.84,61.92,59.92,60.29,3589000,60.29
2011-01-18,61.57,62.39,61.21,61.93,3671400,61.93
2011-01-14,60.83,61.72,60.52,61.70,3487500,61.70
2011-01-13,61.51,61.97,60.42,60.98,3883700,60.98
2011-01-12,60.58,61.58,60.37,61.57,3725600,61.57
2011-01-11,60.08,60.74,59.88,60.42,2342100,60.42
2011-01-10,59.73,60.36,58.87,59.87,2968500,59.87
