Date,Open,High,Low,Close,Volume,Adj Close
2011-04-26,6.25,6.36,6.15,6.32,6892700,6.32
2011-04-25,6.10,6.26,6.05,6.17,4791600,6.17
2011-04-21,6.24,6.24,6.00,6.09,4699100,6.09
2011-04-20,5.95,6.14,5.95,6.12,4093600,6.12
2011-04-19,5.80,5.88,5.72,5.85,2917900,5.85
2011-04-18,5.79,5.82,5.71,5.81,5704700,5.81
2011-04-15,5.93,5.96,5.84,5.88,4298000,5.88
2011-04-14,5.85,5.96,5.79,5.94,4293000,5.94
2011-04-13,5.99,6.05,5.87,5.89,4915300,5.89
2011-04-12,6.04,6.05,5.79,5.93,6984400,5.93
2011-04-11,6.25,6.25,6.08,6.10,5193600,6.10
2011-04-08,6.33,6.35,6.20,6.21,3176100,6.21
2011-04-07,6.39,6.44,6.26,6.26,5689900,6.26
2011-04-06,6.36,6.42,6.30,6.35,4533200,6.35
2011-04-05,6.42,6.50,6.33,6.34,7111800,6.34
2011-04-04,6.36,6.45,6.30,6.36,5882600,6.36
2011-04-01,6.50,6.50,6.29,6.39,5286500,6.39
2011-03-31,6.51,6.54,6.38,6.41,5456400,6.41
2011-03-30,6.67,6.81,6.55,6.59,5085400,6.59
2011-03-29,6.35,6.64,6.25,6.58,8471500,6.58
2011-03-28,6.32,6.45,6.23,6.35,9254900,6.35
2011-03-25,6.34,6.44,6.26,6.29,7786300,6.29
2011-03-24,6.25,6.40,6.20,6.29,4952800,6.29
2011-03-23,6.12,6.23,6.09,6.19,3242300,6.19
2011-03-22,6.16,6.19,6.10,6.13,2551900,6.13
2011-03-21,6.16,6.29,6.12,6.17,4528200,6.17
2011-03-18,6.20,6.22,6.04,6.04,5568100,6.04
2011-03-17,6.27,6.29,6.09,6.11,4961100,6.11
2011-03-16,6.25,6.34,6.08,6.15,8891200,6.15
2011-03-15,6.04,6.41,6.01,6.32,9085600,6.32
2011-03-14,6.16,6.29,6.10,6.22,7986000,6.22
2011-03-11,6.24,6.36,6.13,6.25,6603600,6.25
2011-03-10,6.20,6.36,6.05,6.30,16215200,6.30
2011-03-09,6.70,6.72,6.21,6.29,22620500,6.29
2011-03-08,6.90,6.94,6.69,6.74,10402000,6.74
2011-03-07,7.12,7.15,6.86,6.90,6106500,6.90
2011-03-04,7.25,7.26,7.01,7.09,5449600,7.09
2011-03-03,7.20,7.26,7.12,7.20,5730000,7.20
2011-03-02,7.13,7.35,7.05,7.08,9213100,7.08
2011-03-01,7.52,7.56,7.15,7.16,8771100,7.16
2011-02-28,7.76,7.80,7.36,7.50,7818400,7.50
2011-02-25,7.62,7.75,7.51,7.69,4907700,7.69
2011-02-24,7.48,7.69,7.37,7.55,7797100,7.55
2011-02-23,7.72,7.78,7.34,7.46,11396500,7.46
2011-02-22,7.92,7.96,7.73,7.76,7880700,7.76
2011-02-18,8.24,8.24,7.91,7.99,6284400,7.99
2011-02-17,8.21,8.27,8.13,8.15,3779600,8.15
2011-02-16,8.13,8.32,8.11,8.23,5884400,8.23
2011-02-15,8.37,8.48,7.98,8.04,10388200,8.04
2011-02-14,8.21,8.41,8.06,8.12,7018700,8.12
2011-02-11,7.89,8.29,7.76,8.10,12290500,8.10
2011-02-10,7.78,8.15,7.69,7.97,20327200,7.97
2011-02-09,7.64,7.90,7.51,7.87,11745200,7.87
2011-02-08,7.75,7.86,7.45,7.55,8543900,7.55
2011-02-07,7.11,7.61,7.11,7.56,13231100,7.56
2011-02-04,6.89,7.16,6.87,7.10,7566700,7.10
2011-02-03,6.90,6.97,6.84,6.92,5311300,6.92
2011-02-02,7.01,7.01,6.85,6.96,5257300,6.96
2011-02-01,6.76,7.05,6.74,7.02,7029000,7.02
2011-01-31,6.82,6.87,6.71,6.72,6795400,6.72
2011-01-28,6.93,6.93,6.63,6.79,11429700,6.79
2011-01-27,6.92,6.98,6.88,6.91,7424400,6.91
2011-01-26,7.08,7.65,6.87,6.91,34001900,6.91
2011-01-25,7.87,7.90,7.46,7.66,16688400,7.66
2011-01-24,7.76,7.95,7.64,7.90,4704700,7.90
2011-01-21,8.04,8.06,7.68,7.70,7011400,7.70
2011-01-20,8.01,8.10,7.75,7.88,5927800,7.88
2011-01-19,8.30,8.32,8.03,8.19,6275400,8.19
2011-01-18,8.28,8.31,8.17,8.25,3979100,8.25
2011-01-14,8.11,8.33,8.11,8.28,2692300,8.28
2011-01-13,8.37,8.37,8.16,8.25,3399800,8.25
2011-01-12,8.21,8.36,8.13,8.30,10847900,8.30
2011-01-11,8.02,8.25,7.92,8.11,9132500,8.11
2011-01-10,7.65,7.97,7.60,7.96,9862800,7.96
