Date,Open,High,Low,Close,Volume,Adj Close
2011-04-26,29.84,30.41,29.79,30.27,2304100,30.27
2011-04-25,29.69,29.91,29.42,29.71,2644300,29.71
2011-04-21,29.97,29.99,29.61,29.66,1555200,29.66
2011-04-20,29.75,29.89,29.58,29.89,2241000,29.89
2011-04-19,29.55,29.59,29.24,29.41,1685300,29.41
2011-04-18,29.54,29.58,29.24,29.56,2581500,29.56
2011-04-15,29.98,30.11,29.79,29.79,2212900,29.79
2011-04-14,29.91,29.97,29.75,29.87,1901500,29.87
2011-04-13,30.17,30.20,29.91,30.02,1670500,30.02
2011-04-12,29.76,30.21,29.76,30.07,3482000,30.07
2011-04-11,29.90,30.16,29.78,29.85,1891800,29.85
2011-04-08,30.26,30.26,29.66,29.91,1313300,29.91
2011-04-07,30.19,30.29,29.99,30.12,1463500,30.12
2011-04-06,30.04,30.32,30.03,30.29,2421600,30.29
2011-04-05,30.01,30.11,29.86,29.93,1928400,29.93
2011-04-04,30.09,30.24,30.00,30.13,1336700,30.13
2011-04-01,30.09,30.30,29.99,30.10,2015400,30.10
2011-03-31,30.10,30.23,29.92,30.04,1911500,30.04
2011-03-30,30.11,30.19,30.05,30.14,2110300,30.14
2011-03-29,29.80,30.22,29.77,30.19,2419300,29.99
2011-03-28,29.95,30.18,29.80,29.85,2039800,29.65
2011-03-25,29.65,29.98,29.61,29.87,4296100,29.67
2011-03-24,29.36,29.57,29.13,29.56,2609300,29.36
2011-03-23,28.95,29.23,28.83,29.16,1874500,28.97
2011-03-22,29.51,29.65,28.95,29.00,2759600,28.81
2011-03-21,29.54,29.84,29.48,29.58,1699900,29.38
2011-03-18,29.27,29.47,29.10,29.27,2213400,29.08
2011-03-17,28.95,29.34,28.72,28.95,3790100,28.76
2011-03-16,29.09,29.13,28.36,28.56,4967000,28.37
2011-03-15,28.99,29.40,28.93,29.18,7730000,28.99
2011-03-14,29.62,29.66,29.41,29.59,2904500,29.39
2011-03-11,29.57,29.85,29.46,29.69,3255000,29.49
2011-03-10,29.71,29.98,29.52,29.60,4473600,29.40
2011-03-09,29.92,30.01,29.70,29.92,6163200,29.72
2011-03-08,29.70,30.01,29.43,29.92,3184100,29.72
2011-03-07,29.83,29.95,29.49,29.60,3283800,29.40
2011-03-04,29.73,29.90,29.48,29.78,2143800,29.58
2011-03-03,29.54,29.85,29.51,29.82,2167200,29.62
2011-03-02,28.98,29.31,28.81,29.31,3528600,29.12
2011-03-01,29.63,29.75,28.99,28.99,2424100,28.80
2011-02-28,29.33,29.69,29.28,29.61,3726500,29.41
2011-02-25,29.22,29.34,29.09,29.25,2775200,29.06
2011-02-24,28.79,29.22,28.79,29.06,3720400,28.87
2011-02-23,29.51,29.60,28.86,28.86,4232300,28.67
2011-02-22,29.75,29.94,29.22,29.58,5004200,29.38
2011-02-18,29.99,30.00,29.83,29.99,5166700,29.79
2011-02-17,30.03,30.03,29.91,29.99,5144000,29.79
2011-02-16,29.95,30.11,29.70,30.05,4885300,29.85
2011-02-15,29.94,30.03,29.79,29.84,2918400,29.64
2011-02-14,30.09,30.17,29.69,29.98,3170800,29.78
2011-02-11,30.18,30.51,29.94,30.05,4630000,29.85
2011-02-10,30.41,30.59,30.30,30.41,1563400,30.21
2011-02-09,30.44,30.58,30.26,30.53,2038900,30.33
2011-02-08,30.62,30.66,30.34,30.47,2386000,30.27
2011-02-07,30.31,30.65,30.24,30.55,2087300,30.35
2011-02-04,30.34,30.58,29.95,30.10,2457600,29.90
2011-02-03,30.44,30.49,30.13,30.35,2433500,30.15
2011-02-02,30.34,30.68,30.28,30.50,2214600,30.30
2011-02-01,30.11,30.76,29.89,30.46,5643300,30.26
2011-01-31,30.81,31.05,30.58,30.84,1449500,30.64
2011-01-28,31.25,31.50,30.57,30.69,2164300,30.49
2011-01-27,31.02,31.34,30.95,31.29,1857900,31.08
2011-01-26,30.92,31.10,30.71,31.00,1480800,30.79
2011-01-25,30.51,30.74,30.35,30.71,1392700,30.51
2011-01-24,30.22,30.65,30.16,30.52,1439200,30.32
2011-01-21,30.41,30.48,30.15,30.24,3212900,30.04
2011-01-20,30.32,30.44,30.15,30.38,2340800,30.18
2011-01-19,30.31,30.38,30.04,30.38,2493500,30.18
2011-01-18,29.93,30.33,29.69,30.28,2565100,30.08
2011-01-14,29.32,29.87,29.21,29.85,2410700,29.65
2011-01-13,29.49,29.49,29.23,29.30,1409800,29.11
2011-01-12,29.35,29.54,29.15,29.43,3422200,29.24
2011-01-11,29.38,29.49,29.17,29.24,1851300,29.05
2011-01-10,29.54,29.60,29.22,29.26,2440100,29.07
