Date,Open,High,Low,Close,Volume,Adj Close
2011-04-26,33.98,34.58,33.40,33.95,678900,33.95
2011-04-25,32.80,34.20,32.73,33.77,910100,33.77
2011-04-21,33.01,33.07,31.80,32.71,766100,32.71
2011-04-20,32.17,33.07,32.05,32.56,860200,32.56
2011-04-19,31.79,32.28,31.14,31.45,631200,31.45
2011-04-18,31.83,31.98,31.18,31.70,723100,31.70
2011-04-15,32.44,32.59,31.92,32.48,837100,32.48
2011-04-14,31.93,32.43,31.37,32.41,1670000,32.41
2011-04-13,31.91,32.67,31.32,32.13,1020900,32.13
2011-04-12,32.46,32.46,30.36,31.22,1070400,31.22
2011-04-11,34.61,34.61,32.55,32.89,829200,32.89
2011-04-08,34.52,35.37,34.25,34.59,1059700,34.59
2011-04-07,33.30,34.26,33.00,34.08,681600,34.08
2011-04-06,34.03,34.53,32.68,33.15,877100,33.15
2011-04-05,33.65,34.03,32.76,33.86,773200,33.86
2011-04-04,33.92,34.19,33.40,33.63,501000,33.63
2011-04-01,33.75,33.89,33.45,33.80,724400,33.80
2011-03-31,32.59,33.49,32.59,33.37,930000,33.37
2011-03-30,32.75,32.90,31.72,32.58,730900,32.58
2011-03-29,30.98,32.59,30.51,32.46,952300,32.46
2011-03-28,31.10,31.44,30.62,30.81,724000,30.81
2011-03-25,30.25,31.29,30.11,31.03,895300,31.03
2011-03-24,30.13,30.48,29.79,30.25,965100,30.25
2011-03-23,29.35,30.49,29.22,30.21,1073500,30.21
2011-03-22,29.34,29.63,29.07,29.43,464900,29.43
2011-03-21,28.76,29.46,28.55,29.37,723600,29.37
2011-03-18,28.37,28.98,27.81,28.23,2805700,28.23
2011-03-17,27.33,28.08,27.13,27.91,1035900,27.91
2011-03-16,27.80,28.57,26.39,26.78,1261600,26.78
2011-03-15,26.48,28.17,25.60,27.78,1614600,27.78
2011-03-14,26.44,27.53,25.90,27.44,1081200,27.44
2011-03-11,25.99,26.94,25.63,26.70,1090700,26.70
2011-03-10,26.92,27.27,26.15,26.21,1442300,26.21
2011-03-09,27.82,28.32,27.31,27.37,903900,27.37
2011-03-08,29.67,29.70,27.39,27.69,1314000,27.69
2011-03-07,29.86,31.00,28.56,29.68,1322000,29.68
2011-03-04,29.77,30.08,29.32,29.64,561800,29.64
2011-03-03,29.57,30.20,28.91,29.73,857400,29.73
2011-03-02,28.85,29.40,28.50,29.12,655900,29.12
2011-03-01,30.56,30.66,28.67,28.82,1157000,28.82
2011-02-28,29.95,30.56,29.74,30.28,1290900,30.28
2011-02-25,28.23,29.90,27.83,29.70,1413900,29.70
2011-02-24,27.28,29.50,27.05,28.19,2285500,28.19
2011-02-23,26.00,26.75,25.59,26.31,755400,26.31
2011-02-22,26.41,27.21,25.70,26.00,772900,26.00
2011-02-18,26.69,26.72,26.20,26.42,525500,26.42
2011-02-17,26.36,26.66,26.22,26.54,555900,26.54
2011-02-16,26.29,26.79,26.15,26.49,932800,26.49
2011-02-15,26.25,26.54,26.00,26.08,859100,26.08
2011-02-14,25.70,26.51,25.66,26.44,773300,26.44
2011-02-11,24.67,25.89,24.63,25.72,2098100,25.72
2011-02-10,23.89,24.85,23.89,24.78,744500,24.78
2011-02-09,24.51,24.75,23.95,24.13,651100,24.13
2011-02-08,24.16,24.75,23.70,24.61,669900,24.61
2011-02-07,23.85,24.64,23.85,24.19,351700,24.19
2011-02-04,24.29,24.62,23.51,23.81,649800,23.81
2011-02-03,24.25,24.44,23.84,24.29,427500,24.29
2011-02-02,24.23,24.74,24.17,24.25,577100,24.25
2011-02-01,23.50,24.46,23.41,24.22,934100,24.22
2011-01-31,22.51,23.45,22.50,23.25,1165600,23.25
2011-01-28,22.63,22.94,22.30,22.36,1123100,22.36
2011-01-27,23.28,23.38,22.60,22.61,541500,22.61
2011-01-26,22.37,23.49,22.37,23.27,537900,23.27
2011-01-25,22.52,22.53,21.97,22.33,603600,22.33
2011-01-24,22.22,22.94,22.19,22.65,522300,22.65
2011-01-21,22.25,22.53,22.01,22.16,1197900,22.16
2011-01-20,22.28,22.45,21.57,22.01,832300,22.01
2011-01-19,23.45,23.56,22.44,22.56,719800,22.56
2011-01-18,23.27,23.59,23.13,23.50,949700,23.50
2011-01-14,23.03,23.51,23.02,23.50,888500,23.50
2011-01-13,22.99,23.43,22.77,23.04,1240800,23.04
2011-01-12,22.75,23.06,22.32,23.05,987700,23.05
2011-01-11,22.09,22.58,22.05,22.37,675000,22.37
2011-01-10,21.79,22.18,21.43,22.00,531500,22.00
