Date,Open,High,Low,Close,Volume,Adj Close
2011-04-26,88.19,89.74,88.02,89.47,5999300,89.47
2011-04-25,89.56,89.78,87.60,88.05,5486000,88.05
2011-04-21,89.41,91.16,88.97,89.78,10957100,89.78
2011-04-20,87.62,88.08,87.10,87.89,8503200,87.89
2011-04-19,84.64,86.25,84.46,86.13,8700100,86.13
2011-04-18,85.11,85.40,83.60,84.75,9273900,84.75
2011-04-15,86.70,87.18,85.19,86.66,8173300,86.66
2011-04-14,85.14,86.35,84.72,86.02,6720200,86.02
2011-04-13,86.86,87.28,85.65,85.79,7479400,85.79
2011-04-12,87.79,88.18,85.55,86.24,10670700,86.24
2011-04-11,90.98,91.88,88.40,88.80,8314700,88.80
2011-04-08,92.70,92.76,90.41,90.85,7803400,90.85
2011-04-07,92.14,92.40,90.71,91.62,6255200,91.62
2011-04-06,93.61,93.90,90.89,91.94,7262400,91.94
2011-04-05,92.59,94.18,92.39,92.87,7527900,92.87
2011-04-04,94.33,94.86,92.64,92.77,6643100,92.77
2011-04-01,94.10,95.00,93.22,93.70,5993200,93.70
2011-03-31,94.26,95.29,93.15,93.26,7492400,93.26
2011-03-30,94.83,94.83,92.52,93.65,8207800,93.65
2011-03-29,90.75,94.69,90.16,94.36,13461600,94.36
2011-03-28,86.52,91.35,86.27,90.43,15765500,90.43
2011-03-25,87.73,87.92,86.38,86.89,10845300,86.89
2011-03-24,88.86,88.99,86.71,88.10,6523300,88.10
2011-03-23,88.72,89.02,87.63,88.50,4816900,88.50
2011-03-22,89.32,89.73,88.27,88.77,6441200,88.77
2011-03-21,87.14,89.74,87.14,89.73,8190700,89.73
2011-03-18,87.76,88.15,85.32,85.93,11632900,85.93
2011-03-17,84.81,87.50,84.12,87.05,11245500,87.05
2011-03-16,84.07,84.86,81.93,83.10,13268400,83.10
2011-03-15,82.15,85.49,82.07,84.80,8797200,84.80
2011-03-14,85.37,85.81,83.64,85.36,11384400,85.36
2011-03-11,83.67,86.88,83.65,86.24,8581000,86.24
2011-03-10,86.62,86.90,84.39,84.61,13749600,84.61
2011-03-09,89.43,89.98,88.03,88.55,7590600,88.55
2011-03-08,91.30,91.36,89.53,89.85,5960800,89.85
2011-03-07,91.78,92.33,89.92,90.25,6867200,90.25
2011-03-04,92.64,92.98,90.45,91.40,6040500,91.40
2011-03-03,92.35,93.01,91.53,92.85,7650200,92.85
2011-03-02,90.86,91.43,89.52,90.99,9360200,90.99
2011-03-01,94.49,95.00,91.40,91.50,9201700,91.50
2011-02-28,93.13,93.61,91.82,93.42,8325600,93.42
2011-02-25,90.63,92.98,90.25,92.85,8013200,92.85
2011-02-24,91.85,92.61,89.52,89.65,11831400,89.65
2011-02-23,92.20,94.61,92.03,92.90,10386900,92.90
2011-02-22,95.00,95.64,91.41,92.91,13636900,92.91
2011-02-18,94.75,95.15,93.65,95.04,8260700,95.04
2011-02-17,92.46,94.92,92.46,94.37,6732700,94.37
2011-02-16,92.36,94.50,91.78,94.01,8895100,94.01
2011-02-15,92.09,92.66,91.15,92.34,7363000,92.34
2011-02-14,90.21,92.34,90.21,92.24,5718600,92.24
2011-02-11,89.99,91.61,89.65,90.37,5893400,90.12
2011-02-10,88.59,90.70,88.30,90.63,6874100,90.38
2011-02-09,88.39,89.64,87.25,88.49,6166100,88.25
2011-02-08,89.37,89.69,87.60,89.06,6173300,88.81
2011-02-07,89.62,91.24,89.10,89.83,6746200,89.58
2011-02-04,89.59,89.97,88.16,89.33,6035400,89.08
2011-02-03,89.40,89.54,87.72,89.43,5515400,89.18
2011-02-02,89.44,89.81,88.43,89.08,5519300,88.83
2011-02-01,89.48,90.42,88.90,89.64,10033100,89.39
2011-01-31,86.41,89.00,86.11,88.99,8150600,88.74
2011-01-28,87.40,87.49,85.71,86.67,8792000,86.43
2011-01-27,87.35,87.87,85.51,85.98,9216100,85.74
2011-01-26,83.99,87.75,83.83,87.45,10597600,87.21
2011-01-25,84.26,84.54,82.23,83.25,9155200,83.02
2011-01-24,84.00,84.76,82.00,84.25,9926200,84.02
2011-01-21,87.40,87.56,82.84,83.48,19141800,83.25
2011-01-20,84.59,85.33,82.44,85.28,11931900,85.04
2011-01-19,87.08,87.70,85.78,86.26,11819700,86.02
2011-01-18,86.59,86.90,85.94,86.76,7381700,86.52
2011-01-14,84.58,86.96,84.11,86.91,8400900,86.67
2011-01-13,84.30,85.30,83.90,84.60,7352900,84.37
2011-01-12,82.93,84.49,82.88,84.45,6797800,84.22
2011-01-11,81.41,82.46,81.39,82.26,6606700,82.03
2011-01-10,80.93,81.47,80.17,80.68,6480600,80.46
