Date,Open,High,Low,Close,Volume,Adj Close
2011-04-26,74.80,75.66,74.10,75.12,732500,75.12
2011-04-25,74.72,74.95,73.66,74.61,366500,74.61
2011-04-21,74.44,74.94,73.37,74.69,354500,74.69
2011-04-20,73.33,74.46,72.71,74.41,795400,74.41
2011-04-19,69.98,71.83,69.78,71.79,797200,71.79
2011-04-18,70.55,70.74,68.96,69.84,635900,69.84
2011-04-15,70.33,72.33,69.24,71.72,1119100,71.72
2011-04-14,69.14,70.32,68.39,70.08,701200,70.08
2011-04-13,69.23,70.13,68.58,69.93,1249700,69.93
2011-04-12,70.50,70.53,67.00,68.77,1522700,68.77
2011-04-11,74.87,74.94,71.31,71.79,675800,71.79
2011-04-08,75.19,76.43,74.20,74.86,731100,74.86
2011-04-07,74.59,75.23,73.67,74.78,819400,74.78
2011-04-06,78.03,78.24,74.28,74.72,850000,74.72
2011-04-05,76.08,78.55,75.93,77.57,1079000,77.57
2011-04-04,76.50,77.37,76.00,76.19,1133500,76.19
2011-04-01,74.08,76.82,74.08,76.26,1483200,76.26
2011-03-31,74.40,75.00,73.77,74.19,760200,74.19
2011-03-30,73.63,74.95,72.92,74.19,678500,74.19
2011-03-29,70.94,73.65,70.18,73.10,1203800,73.10
2011-03-28,72.84,73.49,70.91,70.94,492400,70.94
2011-03-25,71.20,73.20,70.80,72.61,953500,72.61
2011-03-24,71.28,71.66,69.84,71.18,1318900,71.18
2011-03-23,72.10,72.22,70.92,71.14,922800,71.14
2011-03-22,73.39,73.39,71.67,72.08,1131400,72.08
2011-03-21,73.88,74.84,72.32,73.19,2226000,73.19
2011-03-18,73.73,73.82,71.71,72.26,1793400,72.26
2011-03-17,72.00,73.33,71.47,73.01,828000,73.01
2011-03-16,71.88,74.32,70.19,71.24,810800,71.24
2011-03-15,68.48,72.36,67.55,71.61,971200,71.61
2011-03-14,69.74,71.49,68.59,71.38,947600,71.38
2011-03-11,67.82,70.81,67.00,70.34,730100,70.34
2011-03-10,71.49,71.58,68.22,68.51,1155200,68.51
2011-03-09,72.36,74.57,72.16,72.59,1127700,72.59
2011-03-08,72.28,73.23,71.56,72.15,981300,72.15
2011-03-07,72.88,73.74,71.03,72.31,1025400,72.31
2011-03-04,72.51,73.05,71.62,73.02,574900,73.02
2011-03-03,71.07,72.79,70.50,72.20,1010900,72.20
2011-03-02,71.06,71.09,69.65,70.46,855500,70.46
2011-03-01,72.90,72.90,70.43,71.18,778000,71.18
2011-02-28,72.37,73.64,71.05,72.47,952100,72.47
2011-02-25,69.91,72.14,68.88,72.07,1288400,72.07
2011-02-24,66.74,67.71,66.42,67.68,1155300,67.68
2011-02-23,64.88,67.21,64.43,66.85,707600,66.85
2011-02-22,66.43,68.16,64.46,64.76,619400,64.76
2011-02-18,66.17,67.41,65.54,66.39,578600,66.39
2011-02-17,65.93,66.63,65.23,66.21,732000,66.21
2011-02-16,64.72,66.57,64.37,66.24,1038700,66.24
2011-02-15,63.67,64.95,63.54,64.41,870700,64.41
2011-02-14,63.21,64.09,62.80,63.99,504700,63.99
2011-02-11,62.86,63.87,62.86,63.14,442700,63.14
2011-02-10,61.45,63.15,60.68,63.05,735800,63.05
2011-02-09,62.90,63.43,61.66,61.95,716000,61.95
2011-02-08,63.66,63.73,61.85,63.22,693500,63.22
2011-02-07,63.34,65.45,63.34,63.87,1120200,63.87
2011-02-04,62.65,63.49,62.31,63.15,574200,63.15
2011-02-03,62.44,63.06,61.69,62.82,565600,62.82
2011-02-02,61.96,63.12,61.33,62.58,619600,62.58
2011-02-01,62.50,63.84,61.87,61.98,1001200,61.98
2011-01-31,58.31,62.32,58.31,62.16,1320600,62.16
2011-01-28,58.69,59.39,58.32,58.81,601500,58.81
2011-01-27,58.93,59.25,57.40,58.90,806500,58.90
2011-01-26,56.37,59.05,56.09,59.02,1248500,59.02
2011-01-25,56.10,56.74,54.59,56.04,776000,56.04
2011-01-24,56.13,56.78,55.66,56.32,580900,56.32
2011-01-21,57.23,57.53,55.79,56.05,746200,56.05
2011-01-20,58.01,58.01,56.00,56.81,1030500,56.81
2011-01-19,59.13,59.54,58.01,58.26,719200,58.26
2011-01-18,58.48,59.22,58.02,59.19,961600,59.19
2011-01-14,58.71,58.90,57.94,58.50,875800,58.50
2011-01-13,60.08,60.50,58.45,58.71,854200,58.71
2011-01-12,60.68,61.13,59.55,59.88,722900,59.88
2011-01-11,59.76,60.76,59.67,60.02,1093500,60.02
2011-01-10,59.34,59.77,57.17,59.55,893200,59.55
