Date,Open,High,Low,Close,Volume,Adj Close
2011-04-26,35.91,36.58,35.86,36.51,8506700,36.51
2011-04-25,35.83,35.97,35.68,35.90,5568900,35.90
2011-04-21,35.77,35.88,35.50,35.77,7335200,35.77
2011-04-20,35.10,35.67,35.09,35.65,20987500,35.65
2011-04-19,33.88,34.17,33.80,34.05,9615800,34.05
2011-04-18,34.06,34.06,33.66,33.90,8990800,33.90
2011-04-15,34.06,34.42,33.81,34.36,8944700,34.36
2011-04-14,33.83,34.10,33.63,34.07,8708500,34.07
2011-04-13,34.15,34.26,33.83,34.04,11147300,34.04
2011-04-12,34.30,34.37,33.76,33.95,10399200,33.95
2011-04-11,34.89,34.93,34.47,34.63,9019000,34.63
2011-04-08,35.13,35.26,34.68,34.88,6350600,34.88
2011-04-07,35.03,35.14,34.60,35.01,11850600,35.01
2011-04-06,34.94,35.13,34.78,35.06,10959300,35.06
2011-04-05,34.48,35.01,34.40,34.62,19851700,34.62
2011-04-04,34.22,34.23,33.53,33.82,12614600,33.82
2011-04-01,34.89,34.93,33.92,34.08,13008800,34.08
2011-03-31,34.67,34.88,34.35,34.59,10155800,34.59
2011-03-30,35.00,35.09,34.49,34.75,9437900,34.75
2011-03-29,34.42,34.83,34.07,34.74,7606500,34.74
2011-03-28,34.59,34.91,34.42,34.47,8262900,34.47
2011-03-25,34.58,34.93,34.50,34.57,9109300,34.57
2011-03-24,34.27,34.66,34.07,34.54,11337100,34.54
2011-03-23,33.41,34.01,33.29,33.92,10899900,33.92
2011-03-22,33.64,33.83,33.42,33.51,8745700,33.51
2011-03-21,33.34,33.96,33.29,33.70,6585900,33.70
2011-03-18,33.39,33.41,32.88,33.05,11752500,33.05
2011-03-17,33.05,33.37,32.83,32.98,14141500,32.98
2011-03-16,33.11,33.66,32.32,32.55,23527900,32.54
2011-03-15,32.75,33.57,32.50,33.35,17996000,33.34
2011-03-14,33.84,34.23,33.63,33.89,17598000,33.88
2011-03-11,33.55,34.18,33.51,33.95,17683600,33.94
2011-03-10,33.87,34.16,33.54,33.74,26149200,33.73
2011-03-09,35.06,35.13,34.21,34.38,20176300,34.37
2011-03-08,35.40,35.66,35.01,35.43,9854900,35.42
2011-03-07,36.42,36.50,34.99,35.40,19333500,35.39
2011-03-04,36.64,36.75,36.15,36.42,6217600,36.41
2011-03-03,36.22,36.78,36.22,36.69,8267600,36.68
2011-03-02,35.35,36.30,35.30,35.95,15472800,35.94
2011-03-01,35.92,36.07,35.16,35.20,13867600,35.18
2011-02-28,36.13,36.26,35.37,35.78,16101000,35.76
2011-02-25,35.58,36.05,35.50,36.02,5700900,35.98
2011-02-24,35.06,35.39,34.72,35.26,9971500,35.22
2011-02-23,35.43,35.49,34.46,34.98,12163500,34.94
2011-02-22,36.10,36.24,35.42,35.50,7409100,35.46
2011-02-18,36.67,36.67,36.42,36.56,4419500,36.52
2011-02-17,36.20,36.67,36.15,36.59,4892200,36.55
2011-02-16,36.12,36.41,36.06,36.29,9223900,36.24
2011-02-15,36.15,36.15,35.74,36.02,7511900,35.96
2011-02-14,36.05,36.41,36.02,36.19,4824800,36.13
2011-02-11,35.68,36.12,35.49,36.00,4277300,35.94
2011-02-10,35.29,35.82,35.12,35.76,6197600,35.70
2011-02-09,35.63,35.75,35.45,35.58,5702900,35.52
2011-02-08,35.79,35.79,35.35,35.65,6616700,35.59
2011-02-07,35.94,36.17,35.58,35.68,7101500,35.62
2011-02-04,35.32,35.84,35.23,35.81,7554600,35.74
2011-02-03,35.29,35.36,34.95,35.24,3351200,35.17
2011-02-02,35.14,35.58,35.13,35.36,6986000,35.23
2011-02-01,34.66,35.38,34.66,35.28,9291800,35.15
2011-01-31,34.47,34.61,33.92,34.41,8340000,34.29
2011-01-28,35.29,35.32,34.17,34.40,10711500,34.28
2011-01-27,34.58,35.27,34.54,35.13,13342100,35.01
2011-01-26,34.39,34.53,34.10,34.46,6384400,34.31
2011-01-25,34.31,34.44,33.97,34.25,6521200,34.10
2011-01-24,33.90,34.45,33.78,34.45,4635100,34.30
2011-01-21,34.16,34.16,33.68,33.74,6205400,33.59
2011-01-20,33.94,34.01,33.36,33.87,7591700,33.72
2011-01-19,34.34,34.53,34.04,34.14,7424100,33.99
2011-01-18,34.38,34.64,34.34,34.59,4532100,34.44
2011-01-14,33.71,34.42,33.61,34.41,10068900,34.26
2011-01-13,33.50,33.60,33.34,33.53,5028100,33.38
2011-01-12,33.35,33.53,33.17,33.52,2826700,33.37
2011-01-11,33.04,33.23,32.93,33.17,5470700,33.02
2011-01-10,32.71,33.00,32.56,32.92,4429000,32.78
