Date,Open,High,Low,Close,Volume,Adj Close
2011-04-26,49.84,51.00,49.57,50.36,6150600,50.36
2011-04-25,48.60,50.83,47.64,49.78,10676500,49.78
2011-04-21,49.00,49.62,48.52,48.99,11046400,48.99
2011-04-20,47.60,48.56,47.50,48.45,6163500,48.45
2011-04-19,46.35,47.00,45.98,46.89,3705000,46.89
2011-04-18,46.13,46.42,45.10,46.31,4795600,46.31
2011-04-15,46.59,46.99,46.02,46.78,4072700,46.78
2011-04-14,45.98,46.81,45.52,46.68,4228600,46.68
2011-04-13,46.53,46.98,46.01,46.42,4082700,46.42
2011-04-12,45.92,46.37,45.32,46.01,5233600,46.01
2011-04-11,46.87,47.15,46.17,46.43,4356700,46.43
2011-04-08,48.51,48.69,46.54,46.77,6062800,46.77
2011-04-07,47.60,48.49,47.05,48.06,6403300,48.06
2011-04-06,48.35,48.74,46.82,47.55,6665200,47.55
2011-04-05,47.39,48.34,46.62,47.64,7362400,47.64
2011-04-04,45.88,46.85,45.71,46.60,6091500,46.60
2011-04-01,46.49,46.65,45.19,45.51,5640500,45.51
2011-03-31,45.46,46.43,45.41,46.09,5548300,46.09
2011-03-30,46.25,46.25,44.63,45.41,7135100,45.41
2011-03-29,45.29,45.88,44.95,45.86,4527500,45.86
2011-03-28,45.29,46.10,45.12,45.29,6470700,45.29
2011-03-25,45.03,45.38,44.62,45.01,5929000,45.01
2011-03-24,44.56,45.41,44.32,44.69,9060500,44.69
2011-03-23,43.29,43.63,42.83,43.46,5310800,43.46
2011-03-22,44.12,44.24,43.10,43.49,5357100,43.49
2011-03-21,44.42,44.44,43.56,44.14,9647000,44.14
2011-03-18,44.03,44.10,42.84,43.31,8148100,43.31
2011-03-17,42.89,43.70,42.30,43.04,9525500,43.04
2011-03-16,43.30,43.70,41.10,42.09,15309000,42.09
2011-03-15,43.33,44.06,42.25,43.72,11996900,43.72
2011-03-14,45.29,46.52,44.00,44.82,11928700,44.82
2011-03-11,43.53,45.73,43.53,45.07,7896600,45.07
2011-03-10,45.36,45.67,44.43,44.93,8614700,44.93
2011-03-09,46.59,46.69,45.62,46.14,7128800,46.14
2011-03-08,46.85,47.68,46.00,46.91,4903300,46.91
2011-03-07,47.85,48.33,45.85,46.88,10348600,46.88
2011-03-04,48.22,48.37,47.21,47.69,5243500,47.69
2011-03-03,48.45,48.95,48.18,48.22,4945300,48.22
2011-03-02,47.52,49.26,47.41,47.63,7719700,47.63
2011-03-01,49.47,49.50,47.55,47.77,8297200,47.77
2011-02-28,50.64,50.89,49.00,49.60,5782300,49.60
2011-02-25,49.64,50.53,48.93,50.18,7405900,50.18
2011-02-24,48.21,49.71,47.53,49.02,9281200,49.02
2011-02-23,49.20,49.31,47.02,48.14,8380700,48.14
2011-02-22,50.50,50.89,48.48,48.85,7290800,48.85
2011-02-18,51.66,51.74,50.97,51.38,4153800,51.38
2011-02-17,51.22,52.16,51.10,51.74,4490600,51.74
2011-02-16,51.50,51.77,50.53,51.36,5351600,51.36
2011-02-15,52.68,53.25,50.97,51.22,9350300,51.22
2011-02-14,51.25,53.30,51.25,52.67,9342700,52.67
2011-02-11,50.50,51.23,50.19,51.01,4132100,51.01
2011-02-10,49.56,50.90,49.35,50.81,6343100,50.81
2011-02-09,49.61,50.72,49.36,50.13,6692000,50.13
2011-02-08,48.68,50.15,48.26,49.80,12440000,49.80
2011-02-07,48.26,48.63,47.52,47.80,6883900,47.80
2011-02-04,47.46,48.14,47.01,48.03,8198100,48.03
2011-02-03,48.58,49.04,47.55,47.60,9800900,47.60
2011-02-02,46.44,48.20,46.26,47.97,11551100,47.97
2011-02-01,46.07,47.30,46.00,46.49,12848400,46.49
2011-01-31,47.00,47.05,44.83,45.37,16526100,45.37
2011-01-28,51.38,51.48,46.16,46.80,25888700,46.80
2011-01-27,50.40,51.83,50.40,51.32,10186500,51.32
2011-01-26,48.90,50.04,47.97,49.97,9043400,49.97
2011-01-25,50.32,50.42,48.15,48.55,11679100,48.55
2011-01-24,50.07,50.83,48.96,50.68,7119100,50.68
2011-01-21,50.33,51.06,49.81,49.97,8239000,49.97
2011-01-20,51.38,51.45,49.02,49.95,8803200,49.95
2011-01-19,53.60,53.61,51.31,51.50,7296000,51.50
2011-01-18,52.64,53.06,51.81,53.06,5184000,53.06
2011-01-14,51.18,52.80,51.10,52.77,4609400,52.77
2011-01-13,51.97,52.20,51.02,51.40,4916300,51.40
2011-01-12,51.96,52.29,51.23,51.87,6655100,51.87
2011-01-11,53.47,53.60,51.77,52.20,6099100,52.20
2011-01-10,52.42,53.35,52.26,53.24,4955600,53.24
