Date,Open,High,Low,Close,Volume,Adj Close
2011-04-26,3.69,3.75,3.63,3.64,2270400,3.64
2011-04-25,3.62,3.71,3.58,3.69,1663300,3.69
2011-04-21,3.59,3.64,3.54,3.60,1784000,3.60
2011-04-20,3.51,3.58,3.49,3.54,2265100,3.54
2011-04-19,3.42,3.47,3.42,3.46,995700,3.46
2011-04-18,3.51,3.52,3.42,3.44,1488900,3.44
2011-04-15,3.49,3.58,3.45,3.56,2581500,3.56
2011-04-14,3.56,3.57,3.45,3.52,1814000,3.52
2011-04-13,3.52,3.65,3.49,3.61,3317100,3.61
2011-04-12,3.51,3.53,3.39,3.48,2363900,3.48
2011-04-11,3.58,3.59,3.46,3.52,2762000,3.52
2011-04-08,3.67,3.67,3.51,3.56,2052100,3.56
2011-04-07,3.76,3.80,3.63,3.64,2334000,3.64
2011-04-06,3.75,3.85,3.73,3.76,1662900,3.76
2011-04-05,3.70,3.80,3.66,3.73,2000200,3.73
2011-04-04,3.75,3.77,3.68,3.72,1300900,3.72
2011-04-01,3.77,3.80,3.71,3.72,1509600,3.72
2011-03-31,3.84,3.84,3.73,3.76,1956100,3.76
2011-03-30,3.91,3.95,3.80,3.84,2249400,3.84
2011-03-29,3.78,3.91,3.72,3.89,3919400,3.89
2011-03-28,3.76,3.83,3.74,3.77,3273400,3.77
2011-03-25,3.75,3.85,3.71,3.74,3119700,3.74
2011-03-24,3.69,3.84,3.69,3.75,3821400,3.75
2011-03-23,3.68,3.76,3.59,3.65,3912800,3.65
2011-03-22,3.46,3.74,3.43,3.72,6640300,3.72
2011-03-21,3.48,3.54,3.39,3.44,2888300,3.44
2011-03-18,3.44,3.48,3.37,3.44,3900800,3.44
2011-03-17,3.55,3.59,3.35,3.41,2993700,3.41
2011-03-16,3.54,3.60,3.40,3.44,3823700,3.44
2011-03-15,3.50,3.63,3.37,3.53,3763800,3.53
2011-03-14,3.62,3.68,3.54,3.60,2549600,3.60
2011-03-11,3.58,3.72,3.56,3.69,3638000,3.69
2011-03-10,3.83,3.83,3.54,3.57,6018100,3.57
2011-03-09,3.97,4.02,3.87,3.89,2412700,3.89
2011-03-08,3.92,4.09,3.90,4.04,4615900,4.04
2011-03-07,4.02,4.04,3.82,3.89,3637900,3.89
2011-03-04,4.02,4.10,3.90,4.02,4086200,4.02
2011-03-03,3.97,4.12,3.94,3.99,6390200,3.99
2011-03-02,4.06,4.08,3.85,3.91,7248100,3.91
2011-03-01,3.79,4.16,3.66,4.04,34503100,4.04
2011-02-28,3.09,3.09,2.92,3.03,8708000,3.03
2011-02-25,3.09,3.14,3.05,3.06,5362300,3.06
2011-02-24,3.05,3.09,3.01,3.08,2044000,3.08
2011-02-23,3.18,3.18,3.04,3.05,3000500,3.05
2011-02-22,3.26,3.26,3.14,3.16,2021300,3.16
2011-02-18,3.33,3.33,3.23,3.30,2372000,3.30
2011-02-17,3.28,3.34,3.21,3.30,1866100,3.30
2011-02-16,3.28,3.37,3.25,3.31,2542000,3.31
2011-02-15,3.13,3.29,3.10,3.25,3313100,3.25
2011-02-14,3.17,3.23,3.06,3.15,3127700,3.15
2011-02-11,2.98,3.16,2.97,3.14,3078600,3.14
2011-02-10,2.96,3.03,2.90,2.99,911800,2.99
2011-02-09,3.03,3.03,2.98,3.00,2660700,3.00
2011-02-08,3.02,3.05,3.01,3.03,2011700,3.03
2011-02-07,3.05,3.07,2.98,3.03,2180900,3.03
2011-02-04,3.02,3.05,2.99,3.02,3649500,3.02
2011-02-03,2.97,3.05,2.96,3.02,1813700,3.02
2011-02-02,2.90,3.09,2.90,2.96,3586300,2.96
2011-02-01,2.77,2.88,2.77,2.88,2422300,2.88
2011-01-31,2.82,2.88,2.74,2.75,2694000,2.75
2011-01-28,2.88,2.89,2.76,2.78,2739100,2.78
2011-01-27,2.84,2.94,2.83,2.89,3288500,2.89
2011-01-26,2.81,2.84,2.78,2.84,3406000,2.84
2011-01-25,2.84,2.86,2.78,2.80,2391100,2.80
2011-01-24,2.86,2.90,2.84,2.86,1123400,2.86
2011-01-21,2.99,2.99,2.86,2.87,1823200,2.87
2011-01-20,2.99,3.03,2.90,2.95,2614400,2.95
2011-01-19,3.13,3.15,3.01,3.02,2517300,3.02
2011-01-18,3.16,3.19,3.09,3.14,3781600,3.14
2011-01-14,3.00,3.17,3.00,3.16,3461100,3.16
2011-01-13,3.03,3.06,2.97,3.00,1300500,3.00
2011-01-12,3.02,3.06,2.99,3.02,1388100,3.02
2011-01-11,3.00,3.12,2.99,2.99,3870100,2.99
2011-01-10,2.81,3.04,2.79,2.98,4598800,2.98
