Date,Open,High,Low,Close,Volume,Adj Close
2011-04-26,9.28,9.52,9.20,9.43,744700,9.43
2011-04-25,9.08,9.28,9.08,9.26,443100,9.26
2011-04-21,9.30,9.30,9.07,9.12,951500,9.12
2011-04-20,9.26,9.35,9.11,9.24,803000,9.24
2011-04-19,9.26,9.31,9.06,9.12,595500,9.12
2011-04-18,9.23,9.32,9.12,9.24,713200,9.24
2011-04-15,9.26,9.39,9.16,9.38,574500,9.38
2011-04-14,9.11,9.25,9.07,9.24,831300,9.24
2011-04-13,9.52,9.52,9.08,9.21,1042100,9.21
2011-04-12,9.32,9.51,9.29,9.43,650000,9.43
2011-04-11,9.46,9.51,9.30,9.41,620200,9.41
2011-04-08,9.86,9.86,9.43,9.47,533500,9.47
2011-04-07,9.74,9.89,9.69,9.77,1063200,9.77
2011-04-06,9.57,9.84,9.51,9.72,1066900,9.72
2011-04-05,9.51,9.61,9.45,9.54,906300,9.54
2011-04-04,9.47,9.62,9.41,9.55,826200,9.55
2011-04-01,9.49,9.59,9.37,9.41,964000,9.41
2011-03-31,9.23,9.39,9.17,9.35,623600,9.35
2011-03-30,9.06,9.30,8.96,9.28,970900,9.28
2011-03-29,8.95,9.16,8.88,9.01,517000,9.01
2011-03-28,8.99,9.02,8.84,8.93,398000,8.93
2011-03-25,8.92,9.22,8.91,8.94,935500,8.94
2011-03-24,8.93,8.97,8.74,8.88,498500,8.88
2011-03-23,9.02,9.02,8.77,8.89,681200,8.89
2011-03-22,9.18,9.23,9.05,9.07,329900,9.07
2011-03-21,9.04,9.19,8.95,9.18,962600,9.18
2011-03-18,8.97,9.08,8.89,8.92,946700,8.92
2011-03-17,8.95,9.02,8.77,8.88,561900,8.88
2011-03-16,9.00,9.13,8.78,8.79,1158300,8.79
2011-03-15,8.78,9.04,8.78,8.99,888700,8.99
2011-03-14,9.09,9.17,8.91,9.06,702800,9.06
2011-03-11,9.26,9.44,9.10,9.18,534600,9.18
2011-03-10,9.49,9.50,9.21,9.28,1027700,9.28
2011-03-09,9.63,9.79,9.53,9.65,515200,9.65
2011-03-08,9.36,9.79,9.36,9.69,839800,9.69
2011-03-07,9.59,9.64,9.32,9.38,723500,9.38
2011-03-04,9.62,9.65,9.39,9.55,747700,9.55
2011-03-03,9.47,9.76,9.47,9.62,653600,9.62
2011-03-02,9.40,9.51,9.24,9.37,1004100,9.37
2011-03-01,9.55,9.65,9.40,9.40,778100,9.40
2011-02-28,9.73,9.79,9.47,9.56,849300,9.56
2011-02-25,9.65,9.76,9.60,9.69,717800,9.69
2011-02-24,9.73,9.76,9.42,9.59,1060800,9.59
2011-02-23,9.90,10.00,9.71,9.76,1512400,9.76
2011-02-22,9.96,10.02,9.85,9.93,1293300,9.93
2011-02-18,10.08,10.11,9.99,10.11,1230600,10.11
2011-02-17,10.01,10.05,9.93,10.01,553200,10.01
2011-02-16,9.94,10.12,9.93,10.05,561100,10.05
2011-02-15,10.06,10.15,9.84,9.88,1080200,9.88
2011-02-14,9.93,10.10,9.91,10.07,857700,10.07
2011-02-11,9.76,10.00,9.67,9.99,741400,9.99
2011-02-10,9.66,9.83,9.62,9.79,557400,9.79
2011-02-09,9.83,9.95,9.62,9.76,777400,9.76
2011-02-08,9.70,9.91,9.61,9.90,722200,9.90
2011-02-07,9.59,9.86,9.53,9.69,517200,9.69
2011-02-04,9.59,9.63,9.40,9.60,751700,9.60
2011-02-03,9.65,9.70,9.40,9.61,1351500,9.61
2011-02-02,9.86,9.96,9.61,9.65,987500,9.65
2011-02-01,9.68,9.93,9.47,9.93,1750200,9.93
2011-01-31,9.60,9.73,9.40,9.56,1347400,9.56
2011-01-28,9.60,9.63,9.37,9.57,1894500,9.56
2011-01-27,9.45,9.65,9.22,9.62,5258100,9.61
2011-01-26,10.04,10.04,9.68,9.70,1447700,9.69
2011-01-25,9.91,10.05,9.79,9.88,1000400,9.87
2011-01-24,10.25,10.38,9.96,9.99,1384900,9.98
2011-01-21,9.97,10.43,9.82,10.27,2140900,10.26
2011-01-20,9.71,10.04,9.64,9.92,1060600,9.91
2011-01-19,10.12,10.20,9.80,9.80,1088200,9.79
2011-01-18,10.04,10.29,9.90,10.18,1109700,10.17
2011-01-14,9.22,10.13,9.22,10.11,1905600,10.10
2011-01-13,9.22,9.32,9.04,9.22,1287800,9.21
2011-01-12,9.25,9.35,9.02,9.18,844500,9.17
2011-01-11,9.16,9.28,9.05,9.13,934500,9.12
2011-01-10,8.87,9.12,8.63,9.08,1216800,9.07
