Date,Open,High,Low,Close,Volume,Adj Close
2011-04-26,29.08,29.47,28.98,29.26,4205500,29.26
2011-04-25,28.99,29.06,28.91,28.97,2729300,28.97
2011-04-21,29.00,29.00,28.82,29.00,2721200,29.00
2011-04-20,28.81,28.93,28.73,28.88,3143600,28.88
2011-04-19,28.45,28.72,28.42,28.60,2597700,28.60
2011-04-18,28.50,28.51,28.20,28.41,3273400,28.41
2011-04-15,28.56,28.87,28.47,28.67,3854500,28.67
2011-04-14,28.10,28.55,28.03,28.48,3409900,28.48
2011-04-13,28.45,28.49,28.03,28.19,4308600,28.19
2011-04-12,28.29,28.57,28.27,28.45,3510800,28.45
2011-04-11,28.19,28.47,28.18,28.39,3021800,28.39
2011-04-08,28.71,28.71,27.97,28.07,3930900,28.07
2011-04-07,28.62,28.80,28.55,28.60,3180200,28.60
2011-04-06,28.59,28.82,28.41,28.70,4707300,28.70
2011-04-05,27.89,28.60,27.88,28.51,5575200,28.51
2011-04-04,27.92,27.99,27.81,27.95,2100300,27.95
2011-04-01,27.67,27.95,27.63,27.88,5475500,27.88
2011-03-31,27.72,27.77,27.60,27.70,2881100,27.70
2011-03-30,27.90,27.91,27.71,27.71,2984100,27.71
2011-03-29,27.93,27.98,27.79,27.96,3209200,27.70
2011-03-28,27.92,27.98,27.87,27.89,2461900,27.63
2011-03-25,27.97,27.98,27.78,27.86,3124400,27.60
2011-03-24,28.07,28.11,27.88,27.90,2511000,27.64
2011-03-23,28.00,28.05,27.80,28.00,2839800,27.74
2011-03-22,28.09,28.14,28.00,28.08,2826500,27.82
2011-03-21,27.85,28.14,27.83,28.03,3629900,27.77
2011-03-18,27.77,27.94,27.49,27.70,4336000,27.44
2011-03-17,27.73,27.74,27.39,27.54,3300600,27.28
2011-03-16,27.79,27.80,27.40,27.45,5604500,27.19
2011-03-15,27.33,27.96,27.33,27.86,5668700,27.60
2011-03-14,27.60,27.83,27.55,27.74,5271000,27.48
2011-03-11,27.73,27.90,27.52,27.83,3684700,27.57
2011-03-10,27.74,27.91,27.67,27.77,3328900,27.51
2011-03-09,27.64,28.01,27.56,27.94,5063000,27.68
2011-03-08,27.64,27.79,27.51,27.63,4583300,27.37
2011-03-07,27.61,27.82,27.53,27.59,7820700,27.33
2011-03-04,27.47,27.68,27.31,27.56,7119600,27.30
2011-03-03,27.70,27.84,27.51,27.54,7398600,27.28
2011-03-02,27.75,27.95,27.46,27.54,4626400,27.28
2011-03-01,27.83,28.15,27.69,27.73,6553900,27.47
2011-02-28,27.88,27.95,27.68,27.79,4366600,27.53
2011-02-25,27.92,28.01,27.74,27.91,3171400,27.65
2011-02-24,28.00,28.10,27.60,27.78,5761900,27.52
2011-02-23,28.32,28.36,27.97,28.01,7108400,27.75
2011-02-22,28.45,28.54,28.20,28.27,5457300,28.01
2011-02-18,28.37,28.75,28.34,28.64,4094000,28.37
2011-02-17,28.18,28.46,28.12,28.39,2726600,28.13
2011-02-16,28.26,28.36,28.12,28.35,6261200,28.09
2011-02-15,27.93,28.26,27.88,28.25,5547000,27.99
2011-02-14,28.15,28.25,27.94,28.03,4209800,27.77
2011-02-11,28.03,28.27,28.02,28.24,3805900,27.98
2011-02-10,27.99,28.25,27.87,28.10,4102100,27.84
2011-02-09,28.00,28.09,27.95,28.05,5095300,27.79
2011-02-08,28.05,28.12,27.86,28.01,9243100,27.75
2011-02-07,28.65,28.87,27.94,28.01,19209200,27.75
2011-02-04,29.79,29.92,29.62,29.85,4213800,29.57
2011-02-03,29.25,29.77,29.25,29.70,2811900,29.42
2011-02-02,29.21,29.52,29.16,29.32,3894700,29.05
2011-02-01,29.26,29.46,29.10,29.18,3759700,28.91
2011-01-31,29.23,29.41,28.87,29.14,8191600,28.87
2011-01-28,29.72,29.72,29.08,29.19,5872700,28.92
2011-01-27,29.84,29.84,29.58,29.79,3098100,29.51
2011-01-26,29.79,29.82,29.55,29.69,3379200,29.41
2011-01-25,29.84,29.88,29.57,29.66,3355500,29.38
2011-01-24,29.96,30.00,29.72,29.75,3632000,29.47
2011-01-21,30.18,30.22,29.89,29.94,3820200,29.66
2011-01-20,29.87,30.33,29.86,29.97,5281900,29.69
2011-01-19,30.00,30.03,29.86,29.96,3399300,29.68
2011-01-18,30.01,30.45,29.95,30.03,5815000,29.75
2011-01-14,30.45,30.54,30.34,30.45,3764300,30.17
2011-01-13,30.45,30.52,30.30,30.50,5850000,30.22
2011-01-12,30.23,30.49,30.09,30.46,3225800,30.18
2011-01-11,30.19,30.25,29.84,30.11,3884300,29.83
2011-01-10,30.16,30.47,30.00,30.08,5621700,29.80
