Date,Open,High,Low,Close,Volume,Adj Close
2011-04-26,52.83,53.59,52.77,53.17,2003900,53.17
2011-04-25,52.43,52.68,52.19,52.63,1339000,52.63
2011-04-21,52.54,52.65,52.14,52.55,1306300,52.55
2011-04-20,51.91,52.61,51.77,52.31,2549400,52.31
2011-04-19,51.73,51.93,51.35,51.78,2142000,51.78
2011-04-18,50.94,51.81,50.66,51.72,2708400,51.72
2011-04-15,51.00,51.60,50.74,51.42,2632200,51.42
2011-04-14,50.98,51.16,50.49,51.13,1672800,51.13
2011-04-13,51.13,51.50,50.64,51.26,1558100,51.26
2011-04-12,50.69,51.57,50.69,51.06,1935900,51.06
2011-04-11,50.64,51.24,50.58,51.09,1705800,51.09
2011-04-08,51.47,51.48,50.43,50.70,2410900,50.70
2011-04-07,51.13,51.95,50.49,51.12,3153700,51.12
2011-04-06,51.00,51.60,50.79,51.55,3828600,51.55
2011-04-05,49.59,51.00,49.53,50.97,4563200,50.97
2011-04-04,49.60,49.84,49.31,49.60,1782600,49.60
2011-04-01,49.92,50.05,49.41,49.50,2400400,49.50
2011-03-31,49.97,50.23,49.25,49.73,3345100,49.73
2011-03-30,49.69,50.27,49.48,50.09,2236500,50.09
2011-03-29,49.15,49.55,48.94,49.48,1890200,49.48
2011-03-28,50.10,50.24,49.18,49.21,2579500,49.21
2011-03-25,50.29,50.62,50.12,50.15,1678100,50.15
2011-03-24,49.66,50.51,49.66,50.32,2447500,50.32
2011-03-23,48.78,49.66,48.56,49.54,2165300,49.54
2011-03-22,49.35,49.55,48.83,48.86,2347000,48.86
2011-03-21,49.05,49.33,48.59,49.27,2207600,49.27
2011-03-18,49.16,49.16,48.25,48.66,3520600,48.66
2011-03-17,49.17,49.36,48.57,48.67,1996800,48.67
2011-03-16,48.86,49.27,48.32,48.59,3409400,48.59
2011-03-15,48.51,49.39,48.49,49.08,3588200,49.08
2011-03-14,49.64,49.91,49.10,49.38,2497900,49.38
2011-03-11,49.38,50.00,49.13,49.77,1576100,49.77
2011-03-10,49.31,49.89,49.14,49.47,1979000,49.47
2011-03-09,49.53,49.84,49.34,49.59,1983000,49.59
2011-03-08,49.48,49.87,49.11,49.51,3742400,49.51
2011-03-07,50.65,50.68,49.31,49.32,3647300,49.32
2011-03-04,50.80,51.10,50.15,50.58,2756600,50.58
2011-03-03,50.50,51.11,50.33,50.94,5543100,50.94
2011-03-02,49.48,50.50,49.43,50.47,3166100,50.47
2011-03-01,50.46,50.48,49.47,49.62,3935400,49.62
2011-02-28,50.21,50.30,49.74,49.87,3757800,49.87
2011-02-25,50.25,50.89,49.83,50.33,3248700,50.33
2011-02-24,48.90,50.47,48.90,50.24,5588200,50.24
2011-02-23,48.20,49.96,47.84,48.81,6021600,48.81
2011-02-22,49.73,50.24,49.36,49.72,2797000,49.72
2011-02-18,49.33,50.11,49.29,50.08,2273000,50.08
2011-02-17,49.34,49.51,49.11,49.20,2616200,49.20
2011-02-16,49.60,50.00,49.36,49.42,2487500,49.42
2011-02-15,49.51,49.97,49.17,49.30,2196900,49.30
2011-02-14,50.15,50.35,49.49,49.54,2390800,49.54
2011-02-11,49.76,51.00,49.61,50.80,3305700,50.80
2011-02-10,49.25,50.04,49.20,49.98,2236500,49.98
2011-02-09,49.69,49.99,49.16,49.37,2597400,49.37
2011-02-08,49.65,49.91,49.44,49.84,1884800,49.84
2011-02-07,49.65,50.08,49.49,49.79,3068100,49.64
2011-02-04,49.48,49.82,49.39,49.70,3023800,49.55
2011-02-03,48.26,49.85,47.96,49.51,5034600,49.36
2011-02-02,47.67,47.88,46.95,47.13,3576900,46.99
2011-02-01,47.57,48.25,47.33,47.94,3792500,47.80
2011-01-31,47.56,47.66,47.10,47.39,3463300,47.25
2011-01-28,48.56,48.75,47.60,47.71,3182600,47.57
2011-01-27,48.60,48.70,48.25,48.61,3971900,48.46
2011-01-26,48.47,48.75,48.16,48.59,2756500,48.44
2011-01-25,47.61,48.58,47.40,48.56,5882800,48.41
2011-01-24,46.46,47.85,46.46,47.55,3456800,47.41
2011-01-21,47.17,47.40,46.98,47.23,2678500,47.09
2011-01-20,46.58,47.23,46.45,47.02,4179200,46.88
2011-01-19,46.21,46.97,46.17,46.74,4321000,46.60
2011-01-18,45.81,46.23,45.79,46.18,2065600,46.04
2011-01-14,45.47,46.06,45.26,45.97,2322000,45.83
2011-01-13,45.78,46.09,45.45,45.52,2494300,45.38
2011-01-12,45.79,46.12,45.65,45.89,2291000,45.75
2011-01-11,45.88,46.14,45.59,45.68,2664500,45.54
2011-01-10,45.42,45.90,45.34,45.58,3368300,45.44
