Date,Open,High,Low,Close,Volume,Adj Close
2011-04-26,18.37,18.51,18.07,18.18,2720400,18.18
2011-04-25,18.40,18.55,18.24,18.37,1863300,18.37
2011-04-21,18.58,18.66,18.28,18.58,1472100,18.58
2011-04-20,18.89,19.04,18.33,18.49,3032600,18.49
2011-04-19,18.72,19.22,18.69,19.18,995400,19.18
2011-04-18,18.79,18.81,18.37,18.73,1689500,18.73
2011-04-15,19.00,19.09,18.85,19.07,1460400,19.07
2011-04-14,18.50,19.00,18.50,18.98,1787100,18.98
2011-04-13,18.57,18.71,18.51,18.63,1988200,18.63
2011-04-12,18.48,18.56,18.29,18.55,1780100,18.55
2011-04-11,18.39,18.76,18.29,18.71,2057900,18.71
2011-04-08,18.16,18.38,18.04,18.35,1621800,18.35
2011-04-07,17.79,18.23,17.71,18.11,1663600,18.11
2011-04-06,18.01,18.04,17.70,17.80,1494100,17.80
2011-04-05,18.00,18.04,17.71,17.98,2029500,17.98
2011-04-04,17.85,18.07,17.81,18.04,1768900,18.04
2011-04-01,17.67,17.83,17.64,17.72,1875700,17.72
2011-03-31,17.67,17.84,17.52,17.53,1724100,17.53
2011-03-30,17.55,17.73,17.42,17.62,1733100,17.62
2011-03-29,17.35,17.43,17.06,17.40,1769000,17.40
2011-03-28,17.23,17.51,17.17,17.49,2444100,17.49
2011-03-25,16.80,17.49,16.73,17.48,1804600,17.48
2011-03-24,16.41,16.77,16.35,16.76,1211800,16.76
2011-03-23,16.38,16.44,16.09,16.38,1855100,16.38
2011-03-22,16.14,16.48,16.08,16.46,1106000,16.46
2011-03-21,15.99,16.16,15.94,16.14,1111600,16.14
2011-03-18,15.79,15.98,15.75,15.87,1177800,15.87
2011-03-17,15.80,15.82,15.49,15.56,1480400,15.56
2011-03-16,16.05,16.14,15.43,15.62,2876100,15.62
2011-03-15,15.44,16.10,15.43,16.05,1494600,16.05
2011-03-14,15.67,15.92,15.60,15.92,1579800,15.92
2011-03-11,15.74,15.91,15.74,15.81,1093000,15.81
2011-03-10,15.74,15.97,15.66,15.81,1636200,15.81
2011-03-09,15.44,15.96,15.36,15.89,1174100,15.89
2011-03-08,15.37,15.56,15.35,15.56,648300,15.56
2011-03-07,15.66,15.77,15.31,15.37,731200,15.37
2011-03-04,15.81,15.92,15.58,15.77,1527100,15.77
2011-03-03,15.89,16.01,15.74,16.01,767400,16.01
2011-03-02,15.65,15.90,15.65,15.76,1095200,15.76
2011-03-01,15.82,15.88,15.69,15.72,977100,15.72
2011-02-28,15.93,16.03,15.72,15.79,1458700,15.79
2011-02-25,15.92,16.21,15.87,15.95,1108000,15.95
2011-02-24,15.94,16.05,15.71,15.93,1314700,15.93
2011-02-23,16.07,16.21,15.84,15.94,1193800,15.94
2011-02-22,16.27,16.49,16.07,16.07,1079900,16.07
2011-02-18,16.15,16.53,16.06,16.37,1466800,16.37
2011-02-17,15.80,16.26,15.80,16.25,1069400,16.25
2011-02-16,15.93,16.12,15.73,15.81,971700,15.81
2011-02-15,15.61,16.00,15.61,15.94,1643200,15.94
2011-02-14,15.76,15.80,15.60,15.73,1581700,15.73
2011-02-11,15.60,15.84,15.59,15.77,2137000,15.77
2011-02-10,15.57,15.82,15.51,15.64,1802200,15.64
2011-02-09,15.63,15.70,15.56,15.63,1632000,15.63
2011-02-08,15.65,15.75,15.50,15.70,1456800,15.70
2011-02-07,15.34,15.73,15.29,15.55,1102400,15.55
2011-02-04,15.61,15.64,15.17,15.41,1748000,15.41
2011-02-03,15.44,15.89,15.42,15.86,1476100,15.86
2011-02-02,15.67,15.73,15.48,15.55,1843200,15.55
2011-02-01,15.82,15.91,15.69,15.86,1257600,15.86
2011-01-31,16.09,16.11,15.73,15.82,1994600,15.82
2011-01-28,16.15,16.19,15.83,16.05,2883600,16.05
2011-01-27,16.11,16.32,16.06,16.12,1350100,16.12
2011-01-26,16.05,16.21,15.99,16.15,1530000,16.15
2011-01-25,16.01,16.13,15.94,16.01,716100,16.01
2011-01-24,16.05,16.20,16.01,16.08,714600,16.08
2011-01-21,15.96,16.26,15.95,16.04,1413800,16.04
2011-01-20,16.03,16.11,15.76,15.92,2879800,15.92
2011-01-19,16.11,16.14,15.95,16.02,1984300,16.02
2011-01-18,16.02,16.22,15.92,16.05,1057800,16.05
2011-01-14,15.69,16.15,15.65,16.01,2028800,16.01
2011-01-13,15.57,15.96,15.54,15.87,2903400,15.87
2011-01-12,15.33,15.58,15.29,15.55,2715000,15.55
2011-01-11,15.22,15.29,15.07,15.24,3223400,15.24
2011-01-10,15.18,15.38,15.13,15.23,2697400,15.23
