Date,Open,High,Low,Close,Volume,Adj Close
2011-04-26,54.85,55.22,54.35,54.89,1251700,54.89
2011-04-25,54.35,54.63,53.55,54.19,1321800,54.19
2011-04-21,54.11,54.78,53.47,54.62,1578900,54.62
2011-04-20,52.42,53.69,50.66,53.59,2833500,53.59
2011-04-19,49.20,50.26,49.10,50.22,1551100,50.22
2011-04-18,49.11,49.48,48.24,48.96,1571100,48.96
2011-04-15,50.12,50.44,49.36,49.63,1703500,49.63
2011-04-14,50.94,51.17,49.54,50.08,2355100,50.08
2011-04-13,50.90,51.59,50.48,51.37,2482800,51.37
2011-04-12,51.05,51.34,48.61,50.26,2728400,50.26
2011-04-11,53.10,53.10,51.35,51.54,1541400,51.54
2011-04-08,54.30,54.47,52.40,52.96,1961900,52.96
2011-04-07,54.86,55.01,53.46,53.99,1226200,53.99
2011-04-06,56.08,56.20,54.61,54.83,1431200,54.83
2011-04-05,56.02,56.29,55.52,55.73,1230200,55.73
2011-04-04,55.76,56.48,55.62,56.19,1103000,56.19
2011-04-01,55.65,56.02,55.21,55.49,1362000,55.49
2011-03-31,54.34,55.22,54.03,55.08,1327400,55.08
2011-03-30,54.63,54.91,54.16,54.24,1441100,54.24
2011-03-29,53.70,54.67,53.24,54.05,947800,54.05
2011-03-28,53.94,54.55,53.74,53.91,1254200,53.91
2011-03-25,54.03,54.90,53.80,54.05,1184100,54.05
2011-03-24,53.77,54.13,52.69,53.83,1269900,53.83
2011-03-23,53.09,53.25,51.38,53.09,1899400,53.09
2011-03-22,54.81,54.88,52.55,53.06,1527000,53.06
2011-03-21,53.28,55.11,53.28,54.91,1739500,54.91
2011-03-18,54.42,54.68,52.24,52.33,2540900,52.33
2011-03-17,53.93,54.55,51.64,53.14,2859800,53.14
2011-03-16,55.74,55.89,52.40,52.89,2020200,52.89
2011-03-15,54.12,56.22,53.36,55.70,1040700,55.70
2011-03-14,56.18,57.29,55.23,56.09,1554500,56.09
2011-03-11,56.14,57.31,55.10,56.86,1194500,56.86
2011-03-10,57.12,57.26,56.05,56.23,1590400,56.23
2011-03-09,58.16,58.46,57.42,57.95,877600,57.95
2011-03-08,58.34,58.87,57.96,58.21,1067600,58.21
2011-03-07,59.78,59.78,57.09,58.07,1373200,58.07
2011-03-04,59.33,59.47,58.03,59.42,1335100,59.42
2011-03-03,58.49,60.30,58.41,59.28,2192400,59.28
2011-03-02,56.38,58.31,56.20,57.89,1831700,57.89
2011-03-01,57.30,57.99,55.90,56.46,2068600,56.46
2011-02-28,57.82,58.34,55.60,56.80,1831200,56.80
2011-02-25,55.51,57.70,55.21,57.67,1964400,57.67
2011-02-24,54.54,55.92,53.97,55.13,1858300,55.13
2011-02-23,57.38,58.01,53.15,55.31,2474400,55.31
2011-02-22,58.08,58.83,57.31,57.65,1596300,57.65
2011-02-18,58.82,60.55,58.54,59.53,1922400,59.53
2011-02-17,60.98,60.98,58.58,58.82,2563300,58.82
2011-02-16,60.79,61.01,59.30,59.64,1371700,59.64
2011-02-15,60.80,61.10,60.19,60.46,735600,60.46
2011-02-14,61.00,61.43,60.75,61.02,1450100,61.02
2011-02-11,59.36,61.25,59.30,61.05,1692800,61.05
2011-02-10,58.97,60.06,58.97,59.90,860900,59.90
2011-02-09,59.30,60.01,59.07,59.46,1209500,59.46
2011-02-08,59.03,59.86,58.69,59.44,934400,59.44
2011-02-07,58.04,59.42,57.64,58.69,1068700,58.69
2011-02-04,58.03,58.03,57.07,57.53,1423000,57.53
2011-02-03,58.67,58.96,57.51,57.89,1822700,57.89
2011-02-02,60.35,60.35,58.39,58.47,1359100,58.47
2011-02-01,60.78,61.20,60.06,60.42,1017700,60.42
2011-01-31,59.68,60.48,59.32,59.66,1426200,59.66
2011-01-28,62.22,62.32,59.25,59.89,1647800,59.89
2011-01-27,61.25,63.26,60.81,62.48,2039200,62.48
2011-01-26,58.46,60.00,58.41,59.66,2338500,59.66
2011-01-25,58.13,58.13,56.28,57.46,1627600,57.46
2011-01-24,57.86,58.03,56.70,57.55,1709200,57.55
2011-01-21,58.73,59.42,57.50,57.58,1683300,57.58
2011-01-20,60.07,60.10,57.54,58.43,1968200,58.43
2011-01-19,62.64,62.64,59.96,60.22,2376100,60.22
2011-01-18,60.76,61.54,60.05,60.68,1858000,60.68
2011-01-14,58.90,60.45,57.76,60.22,2426400,60.22
2011-01-13,59.95,59.95,57.70,57.80,2861400,57.80
2011-01-12,59.65,60.41,58.59,59.79,1542700,59.79
2011-01-11,59.41,59.41,58.16,58.92,1562400,58.92
2011-01-10,57.50,59.48,57.50,58.73,2595800,58.73
