Date,Open,High,Low,Close,Volume,Adj Close
2011-04-26,48.12,48.75,46.93,47.35,10517700,47.35
2011-04-25,47.14,48.14,47.08,47.71,6650100,47.71
2011-04-21,48.09,48.90,47.56,47.81,18367400,47.81
2011-04-20,44.78,44.78,44.18,44.24,5168100,44.24
2011-04-19,43.60,43.97,43.30,43.96,5731300,43.96
2011-04-18,44.53,44.61,43.35,43.55,6722600,43.55
2011-04-15,45.00,45.08,44.57,44.98,5783300,44.98
2011-04-14,44.20,44.98,43.87,44.82,4719700,44.82
2011-04-13,44.88,45.17,44.08,44.33,4766300,44.33
2011-04-12,44.19,44.90,44.03,44.81,3959100,44.81
2011-04-11,44.33,44.49,43.84,44.32,6048700,44.32
2011-04-08,44.62,45.24,44.14,44.38,4723900,44.38
2011-04-07,44.77,48.58,44.42,44.43,7706300,44.43
2011-04-06,45.19,45.26,44.83,44.96,5158600,44.96
2011-04-05,44.86,45.27,44.78,45.09,4950900,45.09
2011-04-04,45.94,46.09,45.52,45.60,3499900,45.60
2011-04-01,45.50,45.74,45.30,45.61,4511600,45.61
2011-03-31,45.64,45.75,45.11,45.20,5374300,45.20
2011-03-30,44.72,45.58,44.58,45.40,6533900,45.40
2011-03-29,43.75,44.48,43.75,44.48,4202900,44.48
2011-03-28,43.91,44.05,43.51,43.87,3531100,43.87
2011-03-25,43.63,44.02,43.60,43.75,4190300,43.75
2011-03-24,43.24,43.94,43.01,43.80,3917900,43.80
2011-03-23,42.64,42.87,42.39,42.75,3348200,42.75
2011-03-22,43.26,43.71,42.66,42.74,4505300,42.74
2011-03-21,42.83,43.43,42.66,43.19,4592100,43.19
2011-03-18,42.37,42.85,42.30,42.60,7372200,42.60
2011-03-17,42.40,42.73,41.91,42.27,5850600,42.27
2011-03-16,42.68,42.69,41.46,41.86,7141200,41.86
2011-03-15,42.34,43.08,42.16,42.79,4397900,42.79
2011-03-14,43.30,43.43,42.85,43.16,4516400,43.16
2011-03-11,43.88,44.06,43.26,43.59,4774800,43.59
2011-03-10,44.29,44.29,43.60,43.79,5117600,43.79
2011-03-09,43.91,44.51,43.53,44.49,4553400,44.49
2011-03-08,43.60,44.10,43.12,43.83,4696700,43.83
2011-03-07,44.47,44.77,43.31,43.56,6084100,43.56
2011-03-04,44.64,44.86,43.87,44.45,5622100,44.45
2011-03-03,44.27,44.89,43.74,44.79,8739600,44.79
2011-03-02,42.55,43.79,42.45,43.56,7233800,43.44
2011-03-01,42.56,42.96,42.38,42.45,5547400,42.33
2011-02-28,42.67,42.94,42.35,42.58,6644900,42.46
2011-02-25,42.85,43.02,42.41,42.52,5498700,42.40
2011-02-24,42.83,43.35,42.38,42.75,6313200,42.63
2011-02-23,42.58,43.69,42.56,42.91,7102200,42.79
2011-02-22,43.86,44.33,42.73,42.96,10738900,42.84
2011-02-18,42.69,43.30,42.56,42.84,6034900,42.72
2011-02-17,42.34,42.75,42.15,42.59,4823300,42.47
2011-02-16,42.20,42.56,41.99,42.50,4993700,42.38
2011-02-15,42.11,42.46,41.89,42.03,4392700,41.91
2011-02-14,42.24,42.51,41.62,42.46,3752200,42.34
2011-02-11,42.16,42.84,42.04,42.38,5051100,42.26
2011-02-10,42.28,42.58,42.02,42.43,5457200,42.31
2011-02-09,41.97,42.46,41.83,42.07,5232500,41.95
2011-02-08,41.52,42.55,41.39,41.97,5618500,41.85
2011-02-07,42.14,42.26,41.57,41.81,7114100,41.69
2011-02-04,43.15,43.90,42.04,42.49,8338500,42.37
2011-02-03,41.78,44.09,40.90,43.04,14831200,42.92
2011-02-02,41.74,42.26,41.67,41.95,4285800,41.83
2011-02-01,41.36,42.18,41.29,42.07,9074600,41.95
2011-01-31,41.02,41.32,40.71,41.05,7320400,40.93
2011-01-28,42.31,42.44,40.86,40.93,7767400,40.81
2011-01-27,40.94,42.42,40.44,42.29,13558000,42.17
2011-01-26,40.59,41.13,40.11,40.25,8937900,40.13
2011-01-25,39.69,41.00,39.65,40.62,10000100,40.50
2011-01-24,40.41,40.50,39.70,39.81,7604100,39.70
2011-01-21,40.58,40.59,40.13,40.41,7384200,40.29
2011-01-20,40.00,40.50,39.37,40.31,11293100,40.19
2011-01-19,40.87,41.02,40.11,40.56,9424600,40.44
2011-01-18,40.79,40.99,40.47,40.88,6738900,40.76
2011-01-14,39.48,40.90,39.41,40.77,10560400,40.65
2011-01-13,39.27,39.60,38.93,39.60,8618200,39.49
2011-01-12,39.23,39.33,38.81,38.86,5872400,38.75
2011-01-11,38.53,39.10,38.34,39.08,5569100,38.97
2011-01-10,38.54,38.65,38.01,38.45,5725300,38.34
