Date,Open,High,Low,Close,Volume,Adj Close
2011-04-26,29.21,29.95,29.11,29.36,2093900,29.36
2011-04-25,29.67,29.76,29.00,29.15,1638700,29.15
2011-04-21,28.59,30.32,28.53,29.72,3966500,29.72
2011-04-20,30.39,30.50,27.80,28.37,11050300,28.37
2011-04-19,30.91,31.58,30.88,31.50,2291200,31.50
2011-04-18,31.39,31.60,30.06,30.65,2057300,30.65
2011-04-15,31.63,32.32,31.42,32.03,1285400,32.03
2011-04-14,31.21,31.72,30.98,31.56,1448200,31.56
2011-04-13,31.80,32.05,31.42,31.72,958400,31.72
2011-04-12,31.64,31.94,31.20,31.43,1401500,31.43
2011-04-11,32.13,32.28,31.62,31.88,1116700,31.88
2011-04-08,33.99,33.99,31.85,32.28,1493400,32.28
2011-04-07,33.75,33.85,32.62,33.00,1504900,33.00
2011-04-06,34.52,34.78,33.41,33.81,2320900,33.81
2011-04-05,33.61,34.34,33.49,34.09,1400600,34.09
2011-04-04,34.02,34.11,33.53,33.73,2370300,33.73
2011-04-01,33.72,34.13,33.16,33.78,1395000,33.78
2011-03-31,32.71,33.42,32.68,33.28,945100,33.28
2011-03-30,32.60,33.06,32.42,32.72,652800,32.72
2011-03-29,32.40,32.62,31.86,32.40,1076500,32.40
2011-03-28,32.60,32.71,32.06,32.36,894800,32.36
2011-03-25,32.03,33.14,31.79,32.48,1385800,32.48
2011-03-24,31.75,32.03,31.19,31.90,1741900,31.90
2011-03-23,30.92,31.82,30.37,31.36,976800,31.36
2011-03-22,32.00,32.15,30.99,31.14,690500,31.14
2011-03-21,31.17,31.97,30.97,31.83,2377200,31.83
2011-03-18,31.40,31.78,30.49,30.52,1781900,30.52
2011-03-17,31.04,31.50,30.75,30.86,1644500,30.86
2011-03-16,30.41,31.52,29.84,30.29,1777700,30.29
2011-03-15,28.94,30.68,28.80,30.37,1294600,30.37
2011-03-14,29.79,30.50,29.40,30.37,1442100,30.37
2011-03-11,30.00,30.60,29.69,30.40,1169400,30.40
2011-03-10,30.60,30.66,29.75,30.04,1889700,30.04
2011-03-09,31.30,31.41,30.85,31.16,1015800,31.16
2011-03-08,31.12,31.90,30.66,31.49,1074400,31.49
2011-03-07,31.83,32.00,30.34,31.10,1643900,31.10
2011-03-04,31.97,32.29,31.46,31.77,719600,31.77
2011-03-03,31.75,32.95,31.75,32.06,1458400,32.06
2011-03-02,30.29,31.22,29.93,31.07,1986400,31.07
2011-03-01,31.13,31.18,29.95,30.24,1759500,30.24
2011-02-28,32.31,32.66,30.59,30.98,1779400,30.98
2011-02-25,30.90,32.31,30.64,32.19,2777200,32.19
2011-02-24,30.51,30.90,29.42,30.03,2890100,30.03
2011-02-23,31.41,31.47,29.32,30.42,2600100,30.42
2011-02-22,32.07,32.58,30.79,31.29,1618400,31.29
2011-02-18,33.34,33.37,32.57,32.65,1885300,32.65
2011-02-17,32.43,33.36,32.28,33.18,1097800,33.18
2011-02-16,32.40,33.01,32.38,32.47,1111400,32.47
2011-02-15,32.64,32.76,32.06,32.17,1316800,32.17
2011-02-14,32.11,33.63,31.46,32.97,2092800,32.97
2011-02-11,31.50,31.98,31.15,31.25,1477500,31.25
2011-02-10,30.88,31.61,30.74,31.58,1412600,31.58
2011-02-09,30.94,31.62,30.56,31.14,1848800,31.14
2011-02-08,31.14,31.19,30.63,30.90,4791700,30.90
2011-02-07,30.31,31.57,30.23,31.14,3351400,31.14
2011-02-04,29.70,30.53,29.69,30.50,2360000,30.50
2011-02-03,28.52,29.88,28.15,29.77,2419700,29.77
2011-02-02,27.76,29.93,27.64,28.70,5007300,28.70
2011-02-01,27.24,27.66,26.77,27.53,2931500,27.53
2011-01-31,26.60,27.23,26.53,26.65,1977500,26.65
2011-01-28,27.64,27.71,26.17,26.49,2533700,26.49
2011-01-27,27.49,27.84,27.18,27.71,1608600,27.71
2011-01-26,26.26,27.52,26.03,27.37,2236400,27.37
2011-01-25,25.98,26.45,25.84,26.17,1502000,26.17
2011-01-24,25.15,26.28,25.15,26.12,1657400,26.12
2011-01-21,25.21,25.69,24.92,25.30,1345500,25.30
2011-01-20,25.25,25.87,24.81,24.89,1666300,24.89
2011-01-19,26.45,26.59,25.23,25.45,2017700,25.45
2011-01-18,26.27,26.93,26.09,26.44,1562700,26.44
2011-01-14,25.55,26.57,25.54,26.49,1766600,26.49
2011-01-13,25.16,26.07,25.03,25.55,2031900,25.55
2011-01-12,25.43,25.47,24.95,25.11,1497000,25.11
2011-01-11,25.43,25.49,24.89,25.11,1642100,25.11
2011-01-10,25.10,25.45,24.76,25.18,1575500,25.18
