Date,Open,High,Low,Close,Volume,Adj Close
2011-04-26,44.44,44.70,44.29,44.48,5836600,44.48
2011-04-25,44.87,44.89,44.12,44.53,6640300,44.53
2011-04-21,44.19,44.64,44.09,44.57,6578700,44.57
2011-04-20,43.46,44.35,43.36,44.22,12478600,44.22
2011-04-19,42.62,43.33,42.50,42.95,7668800,42.95
2011-04-18,43.16,43.19,42.55,42.88,10826500,42.88
2011-04-15,43.09,43.96,42.95,43.71,11272400,43.71
2011-04-14,42.70,43.35,42.62,43.28,9856000,43.28
2011-04-13,42.68,42.95,42.10,42.75,13902200,42.75
2011-04-12,43.24,43.25,42.17,42.30,18139500,42.30
2011-04-11,44.79,44.88,43.58,43.64,14491800,43.64
2011-04-08,44.44,45.20,44.33,45.15,12535300,45.15
2011-04-07,43.49,44.11,43.30,43.99,9449900,43.99
2011-04-06,43.37,43.59,43.12,43.37,10874500,43.37
2011-04-05,43.12,43.39,43.01,43.10,9829600,43.10
2011-04-04,43.12,43.39,43.00,43.26,10218900,43.26
2011-04-01,42.72,43.21,42.48,43.17,15019200,43.17
2011-03-31,42.43,42.68,42.20,42.60,13211900,42.60
2011-03-30,41.69,42.02,41.33,41.66,6975900,41.66
2011-03-29,41.49,41.95,41.32,41.83,7886500,41.83
2011-03-28,41.44,41.91,41.42,41.42,12242000,41.42
2011-03-25,41.97,42.33,41.75,42.18,12439700,42.18
2011-03-24,42.28,42.54,41.86,42.05,12589500,42.05
2011-03-23,42.11,42.50,41.99,42.11,16050100,42.11
2011-03-22,41.07,42.03,40.95,41.93,16495400,41.93
2011-03-21,41.27,41.46,41.01,41.13,12772700,41.13
2011-03-18,40.61,41.01,40.37,40.97,26495400,40.97
2011-03-17,40.36,41.15,40.21,40.69,15119800,40.69
2011-03-16,39.67,40.19,39.20,39.68,25116300,39.68
2011-03-15,39.38,40.03,39.15,39.39,26972900,39.39
2011-03-14,40.63,40.95,40.28,40.91,12782200,40.91
2011-03-11,40.41,41.02,40.36,40.69,26921900,40.69
2011-03-10,41.76,42.15,40.72,41.40,30746000,41.40
2011-03-09,42.66,42.70,42.02,42.05,17141000,42.05
2011-03-08,42.57,42.60,41.91,42.31,19962300,42.31
2011-03-07,42.75,42.83,42.25,42.37,26001100,42.37
2011-03-04,41.73,42.42,41.57,42.33,27715500,42.33
2011-03-03,40.92,41.33,40.49,41.18,18529800,41.18
2011-03-02,40.65,41.40,40.24,41.39,26082600,41.39
2011-03-01,39.52,40.53,39.48,40.48,21846100,40.48
2011-02-28,39.45,39.72,39.10,39.19,13704200,39.19
2011-02-25,39.37,39.80,39.06,39.68,17626500,39.68
2011-02-24,40.25,40.60,38.66,38.97,49091600,38.97
2011-02-23,39.00,40.41,38.85,39.80,46496300,39.80
2011-02-22,39.05,39.05,37.79,38.49,37725500,38.49
2011-02-18,36.38,36.77,35.90,36.36,16096000,36.36
2011-02-17,35.53,36.08,35.51,36.06,13137700,36.06
2011-02-16,35.65,35.90,35.21,35.53,19169500,35.53
2011-02-15,35.98,36.02,35.22,35.39,10927600,35.39
2011-02-14,36.19,36.54,35.78,35.88,13948200,35.88
2011-02-11,36.28,36.52,35.87,36.05,14713000,36.05
2011-02-10,36.30,36.86,36.26,36.54,13520600,36.54
2011-02-09,36.65,36.92,36.29,36.50,10224100,36.50
2011-02-08,36.38,37.02,36.28,36.64,17355800,36.64
2011-02-07,37.21,37.37,36.66,36.66,10956700,36.66
2011-02-04,38.38,38.44,37.16,37.34,17271500,37.34
2011-02-03,38.28,38.39,37.81,38.09,8443100,38.09
2011-02-02,38.11,38.56,37.85,38.18,11696800,38.18
2011-02-01,38.67,38.84,38.00,38.07,16274900,38.07
2011-01-31,37.28,39.01,37.25,38.61,27376900,38.61
2011-01-28,36.25,37.71,36.23,37.58,30263100,37.58
2011-01-27,36.60,36.71,35.93,35.94,9856700,35.94
2011-01-26,36.29,36.86,36.05,36.85,11026800,36.85
2011-01-25,36.47,36.53,36.18,36.27,9661900,36.27
2011-01-24,36.90,37.09,36.67,36.93,10697400,36.93
2011-01-21,37.60,37.75,37.35,37.51,8205800,37.51
2011-01-20,37.75,37.86,37.28,37.57,13655200,37.57
2011-01-19,38.97,38.97,38.44,38.54,6488400,38.54
2011-01-18,38.49,39.00,38.48,38.73,5744000,38.73
2011-01-14,38.51,38.95,38.44,38.92,6097400,38.92
2011-01-13,39.00,39.19,38.60,38.65,6403300,38.65
2011-01-12,39.04,39.27,38.88,38.99,7465000,38.99
2011-01-11,38.42,38.89,38.21,38.88,7071400,38.88
2011-01-10,38.08,38.25,37.80,38.17,7843600,38.17
