Date,Open,High,Low,Close,Volume,Adj Close
2011-04-26,68.62,69.38,68.37,69.08,949000,69.08
2011-04-25,68.07,68.57,68.00,68.23,612000,68.23
2011-04-21,68.05,68.46,67.32,68.28,1111700,68.28
2011-04-20,68.04,68.16,67.16,67.58,1150000,67.58
2011-04-19,67.24,67.34,66.21,67.03,1087700,67.03
2011-04-18,67.06,67.11,65.93,66.63,1499500,66.63
2011-04-15,68.70,68.98,67.94,68.41,1117400,68.41
2011-04-14,68.15,68.48,66.89,68.19,1092400,68.19
2011-04-13,70.90,70.93,68.62,68.96,1370000,68.96
2011-04-12,69.67,70.63,69.17,69.88,1040200,69.88
2011-04-11,70.52,71.47,70.16,70.42,570400,70.42
2011-04-08,72.41,72.65,70.17,70.50,1178300,70.50
2011-04-07,72.50,72.93,71.42,71.77,1051500,71.77
2011-04-06,71.59,72.65,71.23,72.51,1481700,72.51
2011-04-05,70.71,71.29,70.48,70.93,992000,70.93
2011-04-04,71.07,71.57,70.54,70.94,1205900,70.94
2011-04-01,70.69,71.55,70.48,70.88,1410700,70.88
2011-03-31,69.50,70.13,69.29,69.93,1373100,69.93
2011-03-30,69.48,70.46,69.19,69.93,1946500,69.93
2011-03-29,68.26,68.76,67.54,68.70,992600,68.70
2011-03-28,68.92,69.32,68.42,68.48,731100,68.48
2011-03-25,68.67,69.38,68.16,68.69,800700,68.69
2011-03-24,68.16,68.47,66.89,68.36,1203700,68.36
2011-03-23,67.71,68.12,66.33,67.71,1726500,67.71
2011-03-22,68.83,69.01,68.13,68.18,1417600,68.18
2011-03-21,69.45,69.57,68.32,68.92,1806700,68.92
2011-03-18,68.17,68.91,67.56,67.94,2408400,67.94
2011-03-17,66.60,66.92,65.06,66.40,2633700,66.40
2011-03-16,67.51,67.52,64.31,64.95,4092700,64.95
2011-03-15,65.58,67.98,65.00,67.30,2960600,67.30
2011-03-14,69.01,69.29,67.75,68.87,2330400,68.87
2011-03-11,68.40,70.35,68.40,70.03,1718200,70.03
2011-03-10,70.60,70.60,69.01,69.29,2326000,69.29
2011-03-09,72.04,72.86,71.17,72.11,2183200,72.11
2011-03-08,70.01,72.49,69.92,72.13,2191900,72.13
2011-03-07,70.81,71.36,68.88,69.45,2437000,69.45
2011-03-04,71.83,71.99,69.52,70.53,2265700,70.53
2011-03-03,70.87,72.33,70.87,71.98,1976600,71.98
2011-03-02,70.01,70.58,68.94,69.34,1962900,69.34
2011-03-01,73.28,73.41,70.10,70.10,2471900,70.10
2011-02-28,73.26,73.75,72.48,73.04,1208000,73.04
2011-02-25,71.36,72.57,71.22,72.30,1460100,72.30
2011-02-24,70.48,71.02,68.78,70.43,2113600,70.43
2011-02-23,71.55,72.51,69.33,70.89,2857300,70.89
2011-02-22,73.82,74.47,71.27,71.76,3787600,71.76
2011-02-18,75.80,75.87,75.29,75.79,1411700,75.79
2011-02-17,75.16,75.75,74.86,75.46,1148100,75.46
2011-02-16,75.26,75.79,74.87,75.54,1928500,75.54
2011-02-15,74.74,75.46,74.43,74.71,1855000,74.71
2011-02-14,74.78,75.24,74.31,74.96,1557400,74.96
2011-02-11,72.60,75.29,72.34,74.90,2345600,74.90
2011-02-10,72.21,73.18,72.10,72.98,2150500,72.98
2011-02-09,73.04,73.67,72.08,73.02,2679100,73.02
2011-02-08,72.86,73.99,72.61,73.82,2229000,73.82
2011-02-07,71.48,73.20,71.47,72.92,2168900,72.92
2011-02-04,70.96,71.09,70.06,71.02,1839200,71.02
2011-02-03,70.88,71.28,69.74,70.98,2083400,70.98
2011-02-02,71.42,72.01,70.92,71.00,2713500,71.00
2011-02-01,70.16,72.10,70.07,71.84,3130200,71.84
2011-01-31,68.60,69.62,68.46,69.30,2599000,69.30
2011-01-28,70.87,71.53,68.07,68.10,5063000,68.10
2011-01-27,69.58,70.71,69.46,70.64,2156300,70.64
2011-01-26,69.97,70.30,69.27,69.48,2532500,69.48
2011-01-25,69.02,69.70,68.03,69.58,2918500,69.58
2011-01-24,69.72,69.94,69.15,69.51,1969600,69.51
2011-01-21,69.59,70.23,69.13,69.58,2326500,69.58
2011-01-20,68.00,69.25,67.59,68.62,2991300,68.62
2011-01-19,70.21,70.67,67.90,68.21,4123100,68.21
2011-01-18,71.41,71.72,70.55,71.28,2111000,71.28
2011-01-14,69.72,72.12,69.65,71.93,2954700,71.93
2011-01-13,70.35,70.60,69.43,69.82,2218200,69.82
2011-01-12,69.61,70.30,69.53,70.27,2565500,70.27
2011-01-11,68.68,69.14,67.70,68.31,2050900,68.31
2011-01-10,67.29,68.12,66.59,67.69,2453400,67.69
