Date,Open,High,Low,Close,Volume,Adj Close
2011-04-26,29.31,29.55,27.84,28.02,21236400,28.02
2011-04-25,28.90,29.35,28.51,29.11,12283600,29.11
2011-04-21,28.53,29.10,28.45,29.03,10008100,29.03
2011-04-20,28.12,28.45,27.96,28.37,10321600,28.37
2011-04-19,26.94,27.79,26.77,27.74,13678400,27.74
2011-04-18,27.16,27.29,26.65,27.08,8363100,27.08
2011-04-15,27.72,27.81,27.34,27.54,7239200,27.54
2011-04-14,27.71,27.78,27.12,27.60,9491500,27.60
2011-04-13,27.48,28.12,27.33,27.99,10554400,27.99
2011-04-12,27.27,27.89,26.90,27.16,14386500,27.16
2011-04-11,28.12,28.56,27.52,27.56,12333000,27.56
2011-04-08,29.04,29.20,27.71,28.19,19278000,28.19
2011-04-07,29.62,29.67,28.67,28.99,11694900,28.99
2011-04-06,30.74,31.12,29.74,29.82,12782500,29.82
2011-04-05,30.30,30.70,30.08,30.50,10266500,30.50
2011-04-04,30.16,30.28,29.93,30.07,7067600,30.07
2011-04-01,30.06,30.27,29.79,30.02,8863100,30.02
2011-03-31,30.19,30.68,29.80,29.82,11217100,29.82
2011-03-30,30.85,30.96,30.13,30.73,11642400,30.73
2011-03-29,29.84,30.47,29.29,30.44,9689600,30.44
2011-03-28,30.02,30.08,29.47,29.57,7420700,29.57
2011-03-25,29.01,30.00,28.99,29.93,11353400,29.93
2011-03-24,29.11,29.15,28.20,28.79,11560300,28.79
2011-03-23,28.01,29.12,27.91,28.83,13813600,28.83
2011-03-22,28.31,28.40,27.65,28.10,7280300,28.10
2011-03-21,27.89,28.31,27.59,28.30,7029000,28.30
2011-03-18,28.30,28.39,27.30,27.34,13231400,27.34
2011-03-17,27.92,28.20,27.70,27.91,11057200,27.91
2011-03-16,27.92,28.29,27.11,27.44,15837400,27.44
2011-03-15,27.48,28.30,27.30,27.91,15345900,27.91
2011-03-14,28.44,29.35,27.99,28.89,18133900,28.89
2011-03-11,27.06,28.13,26.53,27.98,16067900,27.98
2011-03-10,27.25,27.27,25.60,26.32,16738100,26.32
2011-03-09,27.16,27.82,26.89,27.71,11303200,27.71
2011-03-08,27.89,27.89,26.87,27.19,8805000,27.19
2011-03-07,28.75,28.80,27.40,27.83,9883200,27.83
2011-03-04,28.98,29.05,28.43,28.67,12323200,28.67
2011-03-03,27.41,29.03,27.29,28.98,20937200,28.98
2011-03-02,26.99,27.13,26.30,26.90,12045700,26.90
2011-03-01,28.17,28.35,26.87,26.98,11836200,26.98
2011-02-28,28.73,28.87,27.85,28.18,11362300,28.18
2011-02-25,27.24,28.58,27.15,28.56,13797800,28.56
2011-02-24,27.27,27.59,26.52,26.80,17521100,26.80
2011-02-23,28.20,28.54,26.70,27.75,22783500,27.75
2011-02-22,29.13,29.50,28.15,28.17,15577000,28.17
2011-02-18,30.01,30.24,29.32,29.42,17775300,29.42
2011-02-17,29.54,30.42,29.23,30.29,17488500,30.29
2011-02-16,29.23,29.61,29.04,29.18,17353300,29.18
2011-02-15,29.14,29.25,28.21,28.45,13527400,28.45
2011-02-14,27.91,29.51,27.87,29.08,15203000,29.08
2011-02-11,28.22,28.48,27.57,27.97,16642100,27.92
2011-02-10,27.01,28.13,26.49,28.08,14004400,28.03
2011-02-09,27.91,28.08,27.10,27.35,12388400,27.30
2011-02-08,27.38,28.06,27.01,28.00,11860800,27.95
2011-02-07,27.11,28.03,27.07,27.30,11858400,27.25
2011-02-04,26.23,26.64,26.05,26.53,9044500,26.48
2011-02-03,26.26,26.40,25.53,26.11,9964300,26.06
2011-02-02,26.03,26.99,25.98,26.43,11737600,26.38
2011-02-01,25.75,26.10,25.58,26.06,12598200,26.01
2011-01-31,25.45,25.51,25.18,25.36,10609200,25.31
2011-01-28,25.35,25.49,25.01,25.15,10183100,25.11
2011-01-27,25.48,25.79,25.05,25.37,8836000,25.32
2011-01-26,24.59,25.39,24.53,25.30,11298000,25.25
2011-01-25,24.32,24.43,23.95,24.32,10461800,24.28
2011-01-24,24.14,24.44,23.94,24.41,7035000,24.37
2011-01-21,24.01,24.36,23.85,24.13,11244800,24.09
2011-01-20,24.55,24.70,23.52,24.08,13642100,24.04
2011-01-19,25.51,25.57,24.69,24.78,9278000,24.74
2011-01-18,25.09,25.57,24.89,25.57,8484500,25.52
2011-01-14,25.09,25.09,24.45,24.99,10494600,24.95
2011-01-13,24.65,25.18,24.57,25.04,10738400,25.00
2011-01-12,24.42,24.81,24.30,24.56,11787500,24.52
2011-01-11,23.85,24.34,23.80,24.16,8986100,24.12
2011-01-10,23.58,23.90,23.43,23.73,8456700,23.69
