Date,Open,High,Low,Close,Volume,Adj Close
2011-04-26,44.19,44.25,43.67,43.98,1102900,43.98
2011-04-25,43.60,44.04,43.44,43.84,755900,43.84
2011-04-21,43.09,43.76,42.80,43.66,760800,43.66
2011-04-20,43.10,43.29,42.35,42.76,1060600,42.76
2011-04-19,42.58,42.92,42.15,42.32,829200,42.32
2011-04-18,42.87,43.04,42.20,42.55,1269600,42.55
2011-04-15,43.61,44.00,43.23,43.62,1004400,43.62
2011-04-14,43.34,43.78,42.64,43.45,1019800,43.45
2011-04-13,44.28,44.49,43.06,43.68,1225300,43.68
2011-04-12,44.13,44.43,43.74,43.95,917300,43.95
2011-04-11,45.00,45.15,44.26,44.56,969700,44.56
2011-04-08,46.18,46.55,44.79,45.00,688900,45.00
2011-04-07,46.00,46.80,45.66,45.79,575800,45.79
2011-04-06,46.42,46.77,45.80,46.12,582900,46.12
2011-04-05,45.62,46.33,45.09,46.05,547000,46.05
2011-04-04,46.32,46.63,45.64,45.85,797500,45.85
2011-04-01,46.00,46.65,45.80,46.28,794700,46.28
2011-03-31,45.53,45.73,45.01,45.60,694800,45.60
2011-03-30,45.46,45.74,44.91,45.62,551000,45.62
2011-03-29,44.74,45.19,44.65,45.04,701700,45.04
2011-03-28,45.34,45.48,44.78,44.82,775600,44.82
2011-03-25,44.75,45.83,44.68,45.29,1514800,45.29
2011-03-24,43.38,44.80,43.29,44.73,1027300,44.73
2011-03-23,42.79,43.20,42.70,43.06,625200,43.06
2011-03-22,43.57,43.72,42.73,42.92,892200,42.92
2011-03-21,43.43,43.80,43.12,43.63,549000,43.63
2011-03-18,43.31,43.37,42.64,43.02,981000,43.02
2011-03-17,42.99,43.18,42.10,42.45,580300,42.45
2011-03-16,42.80,42.88,41.63,41.98,1122500,41.98
2011-03-15,41.15,43.33,41.00,43.00,915300,43.00
2011-03-14,41.97,43.04,41.75,42.62,1001000,42.62
2011-03-11,42.17,43.08,41.89,42.14,1380800,42.14
2011-03-10,43.20,43.36,42.26,42.34,1337400,42.34
2011-03-09,43.73,44.25,43.34,43.94,606300,43.94
2011-03-08,42.92,44.47,42.68,44.00,858000,44.00
2011-03-07,43.80,44.20,42.87,42.93,1141600,42.93
2011-03-04,44.26,44.53,43.15,43.67,1041300,43.67
2011-03-03,44.49,44.94,43.76,44.35,1233900,44.35
2011-03-02,43.49,44.85,43.47,43.88,957100,43.88
2011-03-01,45.92,45.99,43.57,43.63,1294000,43.63
2011-02-28,45.14,45.89,44.98,45.85,827800,45.85
2011-02-25,43.64,45.03,43.46,44.97,793300,44.97
2011-02-24,43.37,44.29,42.73,43.30,967100,43.30
2011-02-23,44.38,44.38,42.42,43.41,1824000,43.41
2011-02-22,45.51,46.05,43.96,44.21,1457000,43.96
2011-02-18,47.17,47.17,46.42,46.73,1016200,46.47
2011-02-17,45.26,47.18,45.10,46.98,1536400,46.71
2011-02-16,43.93,45.46,43.93,45.42,894600,45.16
2011-02-15,44.34,44.59,43.73,43.76,702500,43.51
2011-02-14,44.49,44.67,44.21,44.46,1092100,44.21
2011-02-11,43.85,44.55,43.62,44.47,1113200,44.22
2011-02-10,43.93,44.58,43.81,44.10,737500,43.85
2011-02-09,44.52,44.66,43.90,44.08,847100,43.83
2011-02-08,44.78,45.75,44.36,44.76,1516100,44.51
2011-02-07,43.01,44.64,43.01,44.61,1514400,44.36
2011-02-04,43.59,43.83,42.43,42.95,1604100,42.71
2011-02-03,41.64,45.11,39.94,43.37,5535700,43.12
2011-02-02,42.99,43.32,42.49,42.85,1329400,42.61
2011-02-01,43.09,43.82,42.81,43.12,1523100,42.88
2011-01-31,41.95,42.75,41.54,42.56,1081000,42.32
2011-01-28,43.25,43.50,41.47,41.72,1524900,41.48
2011-01-27,43.09,43.25,42.54,43.16,1025700,42.92
2011-01-26,42.30,43.14,41.86,43.04,1545100,42.80
2011-01-25,41.96,42.42,41.58,42.23,1513800,41.99
2011-01-24,40.43,42.73,40.43,42.02,1312400,41.78
2011-01-21,40.93,41.22,40.29,40.51,1199900,40.28
2011-01-20,40.23,41.08,40.05,40.65,1024100,40.42
2011-01-19,40.72,40.92,40.19,40.37,1084300,40.14
2011-01-18,41.04,41.25,40.38,40.60,967500,40.37
2011-01-14,40.22,41.09,40.06,41.06,1003800,40.83
2011-01-13,40.77,41.24,40.37,40.51,1099200,40.28
2011-01-12,40.86,41.73,40.55,40.71,1290000,40.48
2011-01-11,40.64,40.97,40.28,40.50,1063800,40.27
2011-01-10,40.33,40.85,39.77,40.37,1508600,40.14
