Date,Open,High,Low,Close,Volume,Adj Close
2011-04-26,93.75,94.47,93.08,94.28,1233500,94.28
2011-04-25,92.35,93.79,91.92,93.40,1001400,93.40
2011-04-21,91.56,92.23,90.96,92.22,670100,92.22
2011-04-20,91.71,91.71,90.41,91.41,844300,91.41
2011-04-19,89.66,90.57,89.38,90.50,1112600,90.50
2011-04-18,89.63,89.91,88.95,89.67,1093300,89.67
2011-04-15,89.80,90.88,89.45,90.77,1328900,90.77
2011-04-14,87.45,89.74,87.42,89.61,1102300,89.61
2011-04-13,88.42,88.58,87.44,87.83,1071500,87.83
2011-04-12,87.82,88.81,87.77,88.17,980400,88.17
2011-04-11,87.59,88.78,87.59,88.35,1190500,88.35
2011-04-08,88.28,88.54,87.20,87.54,985400,87.54
2011-04-07,88.34,88.35,86.85,87.91,1255300,87.91
2011-04-06,88.97,88.97,88.01,88.59,841100,88.59
2011-04-05,87.72,88.92,87.68,88.37,958100,88.37
2011-04-04,88.04,88.29,87.61,88.03,1044100,88.03
2011-04-01,87.99,88.45,87.48,88.00,1762800,88.00
2011-03-31,86.66,87.89,86.47,87.50,1098400,87.50
2011-03-30,85.72,86.92,85.40,86.85,1152700,86.85
2011-03-29,85.00,85.69,84.31,85.25,1425900,85.25
2011-03-28,85.60,85.67,84.85,85.12,1363200,85.12
2011-03-25,84.88,85.90,84.79,85.55,1124800,85.55
2011-03-24,84.94,85.19,84.24,84.77,1165100,84.77
2011-03-23,85.51,85.69,84.16,84.58,1083300,84.58
2011-03-22,86.82,87.36,85.79,85.81,829000,85.81
2011-03-21,87.08,87.47,86.37,86.80,853600,86.80
2011-03-18,87.08,87.08,85.79,85.95,1446500,85.95
2011-03-17,86.30,86.55,85.02,86.05,987800,86.05
2011-03-16,86.85,86.85,84.72,85.07,1472500,85.07
2011-03-15,84.98,87.66,84.98,86.98,985200,86.98
2011-03-14,87.75,87.96,86.94,87.62,825800,87.62
2011-03-11,87.19,88.49,86.66,88.40,827800,88.40
2011-03-10,87.54,88.01,87.08,87.28,884700,87.28
2011-03-09,88.18,89.31,87.38,88.79,788400,88.79
2011-03-08,87.85,89.04,87.67,88.17,1086000,88.17
2011-03-07,88.62,89.16,87.42,87.62,901900,87.62
2011-03-04,89.79,90.06,87.83,88.31,1129400,88.31
2011-03-03,90.15,90.99,89.66,89.96,1173500,89.96
2011-03-02,90.99,91.54,89.51,89.65,1579700,89.65
2011-03-01,93.53,93.53,90.58,91.18,1536300,91.18
2011-02-28,90.23,93.37,90.02,93.33,1551100,93.33
2011-02-25,88.24,90.02,87.70,89.98,1174500,89.98
2011-02-24,87.75,88.50,87.04,87.84,1027900,87.84
2011-02-23,89.26,89.84,87.32,88.25,1254000,88.25
2011-02-22,88.80,89.73,88.57,89.19,1362300,89.19
2011-02-18,89.11,89.84,88.95,89.83,1105100,89.83
2011-02-17,88.02,88.83,87.92,88.57,647300,88.57
2011-02-16,89.01,89.55,87.88,88.19,1295500,88.19
2011-02-15,88.17,89.50,87.92,88.71,857800,88.71
2011-02-14,89.08,89.33,87.89,88.70,722100,88.70
2011-02-11,88.02,89.34,87.94,88.99,1005700,88.99
2011-02-10,87.45,88.70,87.45,88.30,866100,88.30
2011-02-09,86.53,88.00,86.53,87.89,828000,87.89
2011-02-08,87.23,87.66,86.84,87.00,888300,87.00
2011-02-07,86.47,87.56,86.26,87.23,783800,87.23
2011-02-04,87.36,87.36,86.14,86.22,1138800,86.22
2011-02-03,86.82,87.37,86.20,87.11,847200,87.11
2011-02-02,87.88,88.40,86.97,87.06,877500,87.06
2011-02-01,88.62,88.84,87.37,88.26,1128600,88.26
2011-01-31,87.55,88.53,87.39,88.09,951700,88.09
2011-01-28,88.57,88.96,86.81,87.18,976400,87.18
2011-01-27,87.45,88.71,87.22,88.66,1085100,88.66
2011-01-26,86.89,87.33,86.34,87.11,1062700,87.11
2011-01-25,86.25,87.19,85.64,87.15,781400,86.46
2011-01-24,86.40,87.07,85.81,86.38,960200,85.70
2011-01-21,86.82,86.82,85.93,86.61,745200,85.92
2011-01-20,85.34,86.80,85.34,86.53,879400,85.84
2011-01-19,86.63,86.88,85.26,85.61,774400,84.93
2011-01-18,86.28,87.10,85.50,86.99,1000800,86.30
2011-01-14,84.14,86.16,83.87,86.16,1204500,85.48
2011-01-13,84.16,84.39,83.55,84.37,728100,83.70
2011-01-12,84.48,85.21,83.62,84.05,1137800,83.38
2011-01-11,83.93,84.03,82.12,83.07,698300,82.41
2011-01-10,83.00,83.85,82.58,83.41,1392300,82.75
