Date,Open,High,Low,Close,Volume,Adj Close
2011-04-26,52.52,52.74,51.71,51.96,1668300,51.96
2011-04-25,52.73,52.92,51.75,52.19,929800,52.19
2011-04-21,52.83,52.90,51.14,52.42,3123800,52.42
2011-04-20,53.84,53.90,52.20,52.31,1798700,52.31
2011-04-19,52.60,53.28,52.55,53.24,915600,53.24
2011-04-18,52.65,52.82,51.84,52.64,2226800,52.64
2011-04-15,52.58,53.52,52.47,53.12,2327000,53.12
2011-04-14,51.95,52.90,51.61,52.78,1727100,52.78
2011-04-13,53.01,53.59,52.06,52.56,1730000,52.56
2011-04-12,53.14,53.40,52.20,52.61,2166700,52.61
2011-04-11,53.64,55.00,52.94,53.24,2264700,53.24
2011-04-08,52.17,54.21,52.17,54.05,2467600,54.05
2011-04-07,52.26,52.39,51.35,51.95,3408200,51.95
2011-04-06,54.44,54.94,52.26,52.37,6435400,52.37
2011-04-05,52.77,54.99,52.74,53.96,8693600,53.96
2011-04-04,53.21,53.27,52.59,52.98,3750000,52.98
2011-04-01,50.10,53.98,50.10,53.25,7015100,53.25
2011-03-31,50.12,51.13,49.63,49.81,6105900,49.81
2011-03-30,48.94,50.20,47.23,50.08,19673300,50.08
2011-03-29,44.33,44.79,44.21,44.39,3917700,44.39
2011-03-28,45.03,45.29,44.21,44.26,1717200,44.26
2011-03-25,45.18,45.99,44.85,44.92,1630400,44.92
2011-03-24,44.71,45.17,44.23,45.01,3035700,45.01
2011-03-23,41.94,44.50,41.93,44.50,3696700,44.50
2011-03-22,41.42,42.49,41.33,42.34,3938300,42.34
2011-03-21,40.51,41.63,40.05,41.55,1567800,41.55
2011-03-18,39.75,40.00,39.66,39.89,1811200,39.89
2011-03-17,39.92,39.98,39.35,39.55,2885700,39.55
2011-03-16,39.84,40.08,39.16,39.25,2787700,39.25
2011-03-15,39.00,40.37,38.36,40.20,1869300,40.20
2011-03-14,39.76,40.68,39.43,40.55,1921800,40.55
2011-03-11,39.11,40.33,38.75,40.07,2423000,40.07
2011-03-10,39.57,39.89,39.04,39.24,1473800,39.24
2011-03-09,38.51,40.20,38.29,39.99,2244200,39.99
2011-03-08,39.18,39.48,38.22,38.65,2494800,38.65
2011-03-07,39.90,40.17,39.13,39.39,1207600,39.39
2011-03-04,39.68,40.29,39.50,39.86,1185000,39.86
2011-03-03,39.30,40.10,39.03,40.08,1764500,40.08
2011-03-02,39.38,40.04,39.18,39.31,1519400,39.31
2011-03-01,40.00,40.12,39.65,39.79,1607800,39.79
2011-02-28,40.03,40.26,39.62,40.08,2004900,40.08
2011-02-25,40.65,41.00,40.07,40.11,2082000,40.11
2011-02-24,40.49,41.07,39.71,40.00,3690600,40.00
2011-02-23,39.89,39.99,38.41,38.71,2407500,38.71
2011-02-22,40.26,40.40,39.79,40.02,1434300,40.02
2011-02-18,40.98,40.98,40.31,40.47,1092000,40.47
2011-02-17,41.49,41.67,39.81,40.81,2522700,40.81
2011-02-16,40.84,41.70,40.74,41.40,1337000,41.40
2011-02-15,41.34,41.38,40.81,40.90,1573900,40.90
2011-02-14,40.83,42.03,40.68,41.14,1383500,41.14
2011-02-11,40.73,40.98,40.43,40.54,1371100,40.54
2011-02-10,40.06,41.00,39.99,41.00,1894800,41.00
2011-02-09,39.73,40.88,39.52,40.20,1914500,40.20
2011-02-08,40.11,40.26,39.50,39.67,756000,39.67
2011-02-07,40.05,40.27,39.53,39.80,1162700,39.80
2011-02-04,39.19,40.17,39.19,40.07,1273600,40.07
2011-02-03,39.06,39.39,38.59,39.20,1606800,39.20
2011-02-02,39.07,39.37,38.50,38.83,2328900,38.83
2011-02-01,38.22,40.92,37.50,38.99,7217900,38.99
2011-01-31,37.22,37.31,35.97,36.53,2499200,36.53
2011-01-28,36.91,37.63,36.77,37.09,2418500,37.09
2011-01-27,36.02,37.58,36.02,36.98,2485400,36.98
2011-01-26,35.46,36.28,35.30,36.21,1525400,36.21
2011-01-25,35.19,35.33,34.97,35.20,1131300,35.20
2011-01-24,35.07,35.75,35.04,35.32,1648800,35.32
2011-01-21,35.46,35.92,34.78,34.99,2722400,34.99
2011-01-20,34.80,35.42,34.05,35.35,3297600,35.35
2011-01-19,35.45,35.69,34.87,35.00,1698100,35.00
2011-01-18,35.15,35.64,35.05,35.44,2550500,35.44
2011-01-14,35.46,35.73,34.98,35.03,2925300,35.03
2011-01-13,35.56,35.79,35.12,35.57,2987100,35.57
2011-01-12,35.90,36.29,35.39,35.63,3877600,35.63
2011-01-11,35.17,35.76,35.07,35.52,2410100,35.52
2011-01-10,35.50,35.69,34.39,35.00,2803200,35.00
