Date,Open,High,Low,Close,Volume,Adj Close
2011-04-26,4.75,4.79,4.71,4.77,2833400,4.77
2011-04-25,4.71,4.75,4.69,4.74,1548200,4.74
2011-04-21,4.77,4.77,4.67,4.68,4613500,4.68
2011-04-20,4.82,4.82,4.74,4.75,3689900,4.75
2011-04-19,4.84,4.88,4.74,4.76,5326300,4.76
2011-04-18,4.80,4.86,4.77,4.84,3361400,4.84
2011-04-15,4.78,4.86,4.77,4.84,6145000,4.84
2011-04-14,4.81,4.83,4.75,4.75,3817900,4.75
2011-04-13,4.83,4.84,4.75,4.81,3628800,4.81
2011-04-12,4.77,4.86,4.73,4.80,3089500,4.80
2011-04-11,4.95,5.01,4.73,4.78,8645500,4.78
2011-04-08,5.12,5.12,4.92,4.95,5667300,4.95
2011-04-07,5.15,5.19,5.08,5.09,3264000,5.09
2011-04-06,5.11,5.18,5.09,5.14,2608500,5.14
2011-04-05,5.10,5.15,5.09,5.11,1802100,5.11
2011-04-04,5.10,5.15,5.07,5.10,2844700,5.10
2011-04-01,5.07,5.15,5.05,5.09,4100500,5.09
2011-03-31,4.99,5.07,4.95,5.03,5214700,5.03
2011-03-30,5.02,5.02,4.98,5.02,2137300,5.02
2011-03-29,5.01,5.07,4.98,4.99,4630800,4.99
2011-03-28,5.06,5.08,4.99,5.00,7284800,5.00
2011-03-25,5.08,5.08,4.97,4.99,5451800,4.99
2011-03-24,5.13,5.15,5.03,5.05,2959400,5.05
2011-03-23,4.96,5.13,4.91,5.12,5763000,5.12
2011-03-22,5.02,5.03,4.96,4.96,1467000,4.96
2011-03-21,4.94,5.02,4.91,5.01,2789400,5.01
2011-03-18,4.88,4.92,4.84,4.90,4420600,4.90
2011-03-17,4.91,4.97,4.85,4.85,2480500,4.85
2011-03-16,5.00,5.02,4.87,4.87,7561000,4.87
2011-03-15,4.94,5.04,4.91,5.00,4682300,5.00
2011-03-14,5.03,5.12,4.97,5.09,5133200,5.09
2011-03-11,5.02,5.10,5.01,5.02,3156600,5.02
2011-03-10,5.02,5.06,4.98,5.06,2485600,5.06
2011-03-09,4.92,5.05,4.91,5.05,1959800,5.05
2011-03-08,4.90,5.04,4.88,5.02,4198000,5.02
2011-03-07,5.02,5.09,4.89,4.91,3816000,4.91
2011-03-04,5.07,5.08,4.91,5.01,7860600,5.01
2011-03-03,4.75,5.13,4.75,5.10,17792900,5.10
2011-03-02,4.65,4.75,4.64,4.74,4275200,4.74
2011-03-01,4.78,4.80,4.61,4.64,7333800,4.64
2011-02-28,4.87,4.91,4.76,4.76,5219500,4.76
2011-02-25,4.82,4.90,4.82,4.86,2249700,4.86
2011-02-24,4.89,4.97,4.79,4.82,4446900,4.80
2011-02-23,4.92,5.03,4.77,4.90,11520500,4.88
2011-02-22,4.82,4.94,4.74,4.94,8806000,4.92
2011-02-18,4.95,4.97,4.86,4.87,4383700,4.85
2011-02-17,5.01,5.02,4.92,4.96,4628900,4.94
2011-02-16,4.90,5.05,4.85,5.00,6454600,4.98
2011-02-15,4.88,4.95,4.80,4.89,6483600,4.87
2011-02-14,4.86,4.92,4.84,4.88,2755600,4.86
2011-02-11,4.85,4.90,4.73,4.85,7416700,4.83
2011-02-10,4.96,4.96,4.85,4.87,4086000,4.85
2011-02-09,4.98,5.03,4.93,4.96,3424000,4.94
2011-02-08,5.02,5.04,4.96,5.01,3073500,4.99
2011-02-07,5.11,5.11,4.98,5.04,4458100,5.02
2011-02-04,5.17,5.19,4.95,5.03,6021600,5.01
2011-02-03,5.04,5.22,5.02,5.19,19240700,5.17
2011-02-02,4.96,5.09,4.91,5.07,15375400,5.05
2011-02-01,4.85,5.02,4.84,4.99,19514000,4.97
2011-01-31,4.76,4.90,4.71,4.83,17247900,4.81
2011-01-28,4.68,4.80,4.60,4.73,9189100,4.71
2011-01-27,4.61,4.77,4.55,4.70,7878900,4.68
2011-01-26,4.65,4.68,4.56,4.62,4223800,4.60
2011-01-25,4.79,4.81,4.60,4.65,6128700,4.63
2011-01-24,4.79,4.85,4.68,4.82,5479900,4.80
2011-01-21,4.81,4.84,4.77,4.78,10710500,4.76
2011-01-20,4.67,4.90,4.65,4.78,22585900,4.76
2011-01-19,4.49,4.50,4.42,4.47,4152800,4.45
2011-01-18,4.53,4.53,4.40,4.51,7710600,4.49
2011-01-14,4.51,4.54,4.44,4.49,6066200,4.47
2011-01-13,4.54,4.60,4.52,4.52,2213200,4.50
2011-01-12,4.54,4.59,4.50,4.56,4627400,4.54
2011-01-11,4.59,4.61,4.48,4.52,5138600,4.50
2011-01-10,4.56,4.62,4.48,4.56,4704500,4.54
