Date,Open,High,Low,Close,Volume,Adj Close
2011-04-26,65.97,66.63,65.48,65.60,1127800,65.60
2011-04-25,66.38,66.75,65.53,65.88,1248300,65.88
2011-04-21,65.48,66.36,64.60,66.30,1318300,66.30
2011-04-20,64.42,65.88,64.33,65.67,1577900,65.67
2011-04-19,63.59,63.94,62.95,63.92,972100,63.92
2011-04-18,63.94,64.06,62.76,63.35,1195200,63.35
2011-04-15,65.14,65.17,63.67,64.71,1251000,64.71
2011-04-14,64.35,65.35,64.16,64.97,1506100,64.97
2011-04-13,63.04,64.79,63.01,64.59,1714800,64.59
2011-04-12,62.74,63.44,62.10,62.90,1437900,62.90
2011-04-11,62.92,63.49,62.68,63.16,1520600,63.16
2011-04-08,64.21,64.42,62.58,62.90,1702000,62.90
2011-04-07,63.80,64.86,63.80,64.44,1287500,64.34
2011-04-06,66.00,66.00,63.61,63.76,2357400,63.66
2011-04-05,66.00,66.08,65.03,65.68,1898700,65.58
2011-04-04,66.73,66.87,66.03,66.10,1349900,66.00
2011-04-01,66.44,66.87,65.91,66.73,1209700,66.63
2011-03-31,65.87,66.20,65.53,65.90,1235500,65.80
2011-03-30,64.46,65.99,64.41,65.93,1586800,65.83
2011-03-29,63.49,64.35,63.28,64.35,1017500,64.25
2011-03-28,63.96,64.33,63.20,63.36,1302600,63.26
2011-03-25,63.43,64.16,62.95,63.96,1345200,63.86
2011-03-24,62.16,63.52,61.54,63.18,1624600,63.08
2011-03-23,61.35,62.23,60.40,61.88,1726600,61.78
2011-03-22,61.83,61.98,61.32,61.37,1384000,61.27
2011-03-21,61.00,62.14,60.78,61.73,1822500,61.63
2011-03-18,61.07,61.43,59.21,60.44,3576900,60.35
2011-03-17,60.59,60.75,59.85,60.40,1943700,60.31
2011-03-16,59.20,60.85,59.01,60.08,3637300,59.99
2011-03-15,57.68,59.96,57.58,59.38,1809500,59.29
2011-03-14,58.39,59.18,58.21,59.01,1865700,58.92
2011-03-11,57.97,59.05,57.83,58.89,1552600,58.80
2011-03-10,58.14,58.65,57.54,58.28,1835500,58.19
2011-03-09,58.15,58.89,57.16,58.87,1601200,58.78
2011-03-08,57.86,58.88,57.14,58.27,1176500,58.18
2011-03-07,59.21,59.21,56.83,57.87,1532600,57.78
2011-03-04,58.32,59.60,58.15,59.05,1638100,58.96
2011-03-03,58.48,59.26,58.34,58.42,1568700,58.33
2011-03-02,56.85,58.82,56.75,57.88,1802400,57.79
2011-03-01,58.97,58.98,56.36,56.62,2110100,56.53
2011-02-28,58.18,59.00,57.85,58.56,1270800,58.47
2011-02-25,57.62,58.27,57.45,57.88,1414700,57.79
2011-02-24,56.94,58.16,56.66,57.41,1827100,57.32
2011-02-23,58.20,58.24,56.28,57.06,2622800,56.97
2011-02-22,59.53,59.99,58.10,58.24,2333700,58.15
2011-02-18,60.46,60.46,59.50,60.03,1872400,59.94
2011-02-17,59.92,60.60,59.54,60.46,1528700,60.37
2011-02-16,59.27,60.20,59.02,60.14,2339000,60.05
2011-02-15,59.11,59.66,59.05,59.24,2103400,59.15
2011-02-14,59.50,59.82,59.24,59.29,2515100,59.20
2011-02-11,59.36,60.00,59.36,59.67,2902100,59.58
2011-02-10,58.77,60.94,58.49,60.05,11132900,59.96
2011-02-09,53.02,53.84,52.52,53.75,3544400,53.67
2011-02-08,52.88,53.85,52.71,52.91,2153400,52.83
2011-02-07,53.02,53.16,52.52,52.83,1515700,52.75
2011-02-04,51.77,53.06,51.67,53.00,1314400,52.92
2011-02-03,51.79,52.20,50.78,51.66,1124900,51.58
2011-02-02,52.70,52.95,51.38,51.72,2285600,51.64
2011-02-01,52.11,52.99,51.84,52.91,1691500,52.83
2011-01-31,50.69,51.78,50.64,51.71,1715100,51.63
2011-01-28,52.09,52.24,50.26,50.44,1813000,50.36
2011-01-27,51.95,52.50,51.45,51.96,1148600,51.88
2011-01-26,52.44,52.63,51.36,51.95,1702800,51.87
2011-01-25,51.80,52.48,51.36,52.48,1540000,52.40
2011-01-24,51.99,52.52,51.94,52.14,1187300,52.06
2011-01-21,52.28,52.69,51.50,51.83,1697500,51.75
2011-01-20,51.88,53.05,51.75,52.26,1680000,52.18
2011-01-19,53.00,53.36,52.13,52.25,2088700,52.17
2011-01-18,53.00,53.46,52.90,53.18,1474100,53.10
2011-01-14,52.22,53.06,52.07,53.03,2385100,52.95
2011-01-13,50.30,53.00,50.26,52.31,3703800,52.23
2011-01-12,49.82,50.71,49.68,50.01,1912100,49.93
2011-01-11,48.74,49.95,48.30,49.52,2182900,49.44
2011-01-10,48.24,48.87,47.90,48.74,1156700,48.66
