Date,Open,High,Low,Close,Volume,Adj Close
2011-04-26,72.29,73.39,72.15,72.97,3618800,72.97
2011-04-25,71.91,72.26,71.37,72.21,1805400,72.21
2011-04-21,71.60,72.79,71.10,72.27,4642600,72.27
2011-04-20,69.33,69.96,69.24,69.39,2083400,69.39
2011-04-19,68.03,69.23,67.92,68.98,1869000,68.98
2011-04-18,68.76,68.83,67.34,68.06,2220600,68.06
2011-04-15,69.59,69.98,69.12,69.41,2650100,69.41
2011-04-14,68.91,69.63,68.25,69.51,2420600,69.51
2011-04-13,69.98,70.24,68.68,69.15,2276800,69.15
2011-04-12,68.95,69.90,68.67,69.74,2343700,69.74
2011-04-11,68.95,69.67,68.92,69.25,1806800,69.25
2011-04-08,69.36,69.69,68.51,68.95,2208200,68.95
2011-04-07,68.71,69.73,68.52,69.07,2436900,69.07
2011-04-06,69.85,69.89,68.50,68.85,2869100,68.85
2011-04-05,70.32,70.32,69.32,69.48,2731900,69.48
2011-04-04,70.69,71.00,70.42,70.61,1294100,70.61
2011-04-01,70.04,70.75,69.76,70.75,2937100,70.75
2011-03-31,69.70,69.96,68.80,69.79,2376200,69.79
2011-03-30,69.53,69.96,69.22,69.65,2176400,69.65
2011-03-29,69.17,69.67,68.86,69.35,2832600,69.35
2011-03-28,69.31,69.49,68.44,68.96,2092400,68.96
2011-03-25,69.10,70.00,68.88,69.34,3122600,69.34
2011-03-24,67.58,68.83,67.47,68.77,2385700,68.77
2011-03-23,67.19,67.19,66.46,67.04,2145600,67.04
2011-03-22,67.06,68.11,67.02,67.47,3602300,67.47
2011-03-21,67.17,67.83,66.00,67.09,3474900,67.09
2011-03-18,66.83,67.14,66.38,66.65,5125500,66.65
2011-03-17,67.62,67.65,65.76,65.99,4908200,65.99
2011-03-16,67.17,67.61,66.14,66.46,4685000,66.46
2011-03-15,65.81,67.94,65.50,67.41,4283500,67.41
2011-03-14,67.46,67.65,66.45,66.97,3617600,66.97
2011-03-11,68.25,68.82,67.52,67.98,3109900,67.98
2011-03-10,68.79,68.84,68.02,68.45,3385400,68.45
2011-03-09,68.41,69.56,68.41,69.40,2571800,69.40
2011-03-08,67.88,68.75,67.54,68.33,3340000,68.33
2011-03-07,68.23,69.00,67.18,67.91,3299300,67.66
2011-03-04,68.55,68.55,67.46,67.99,3214600,67.74
2011-03-03,67.41,69.41,67.29,68.80,3313200,68.55
2011-03-02,66.14,67.78,65.87,66.81,2808200,66.56
2011-03-01,66.78,67.00,65.91,65.98,2425700,65.74
2011-02-28,66.58,67.02,66.30,66.47,4057700,66.23
2011-02-25,66.25,67.10,65.78,66.52,2234400,66.28
2011-02-24,65.10,66.39,64.79,66.09,2548200,65.85
2011-02-23,65.27,66.19,64.76,64.93,4609900,64.69
2011-02-22,66.42,67.42,65.01,65.29,5010500,65.05
2011-02-18,67.44,67.95,67.17,67.40,2737400,67.15
2011-02-17,66.10,67.35,65.84,67.21,2003400,66.96
2011-02-16,66.01,66.73,65.95,66.37,2308100,66.13
2011-02-15,65.62,66.28,65.55,65.94,1934200,65.70
2011-02-14,65.32,66.11,65.04,65.94,3294500,65.70
2011-02-11,64.95,65.97,64.84,65.25,1858000,65.01
2011-02-10,65.09,65.75,64.94,65.36,2402900,65.12
2011-02-09,65.05,65.42,64.89,65.25,3025600,65.01
2011-02-08,64.42,65.43,64.18,65.28,2555200,65.04
2011-02-07,65.10,65.10,64.07,64.11,3332400,63.87
2011-02-04,66.11,67.30,64.27,65.07,4727000,64.83
2011-02-03,64.27,65.50,62.74,64.39,4150800,64.15
2011-02-02,63.60,64.63,63.35,64.48,2814400,64.24
2011-02-01,62.66,63.98,62.38,63.75,3078200,63.52
2011-01-31,62.76,63.38,61.61,62.12,4127200,61.89
2011-01-28,64.30,64.30,62.42,62.66,2571300,62.43
2011-01-27,62.57,64.97,62.50,64.36,4523500,64.12
2011-01-26,60.75,63.48,60.32,62.55,5342800,62.32
2011-01-25,60.82,62.24,60.69,61.70,3373600,61.47
2011-01-24,61.57,61.94,60.76,60.99,2770400,60.77
2011-01-21,62.00,62.25,61.36,61.45,2947900,61.22
2011-01-20,62.29,62.66,61.14,61.56,2745700,61.33
2011-01-19,63.06,63.06,61.53,62.06,2735300,61.83
2011-01-18,63.63,63.63,62.61,62.97,2919700,62.74
2011-01-14,62.07,63.85,61.81,63.55,3461000,63.32
2011-01-13,62.02,62.26,61.51,61.81,2336200,61.58
2011-01-12,62.32,62.34,61.45,61.93,1889200,61.70
2011-01-11,61.24,62.21,61.16,61.87,2738600,61.64
2011-01-10,60.05,61.59,59.85,61.13,3324500,60.90
