Date,Open,High,Low,Close,Volume,Adj Close
2011-04-26,38.55,39.31,38.55,39.13,3231300,39.13
2011-04-25,38.32,38.63,38.29,38.50,3687100,38.50
2011-04-21,38.30,38.40,38.17,38.38,1783500,38.38
2011-04-20,37.77,38.22,37.67,38.17,2190900,38.17
2011-04-19,37.31,37.47,37.22,37.38,1669000,37.38
2011-04-18,37.50,37.57,37.19,37.33,1846500,37.33
2011-04-15,38.00,38.01,37.68,37.85,2410700,37.85
2011-04-14,37.53,37.89,37.29,37.82,2290500,37.82
2011-04-13,37.67,37.83,37.43,37.59,4780700,37.59
2011-04-12,37.81,37.87,37.59,37.67,3453700,37.67
2011-04-11,37.92,38.02,37.65,37.76,2131000,37.76
2011-04-08,38.19,38.30,37.70,37.92,2427800,37.92
2011-04-07,38.11,38.22,37.91,38.09,2231600,38.09
2011-04-06,37.84,38.31,37.81,38.24,3099600,38.24
2011-04-05,37.75,37.87,37.60,37.74,2207700,37.74
2011-04-04,37.65,37.80,37.54,37.75,1494300,37.75
2011-04-01,37.42,37.71,37.36,37.65,1984300,37.65
2011-03-31,37.10,37.44,37.01,37.34,2422600,37.34
2011-03-30,37.33,37.45,37.14,37.18,2257400,37.18
2011-03-29,37.06,37.23,36.89,37.17,2178400,37.17
2011-03-28,37.25,37.56,37.11,37.12,1961100,37.12
2011-03-25,37.30,37.49,37.05,37.08,2060300,37.08
2011-03-24,37.03,37.17,36.79,37.17,2033100,37.17
2011-03-23,36.64,37.01,36.53,36.96,2280700,36.96
2011-03-22,36.84,37.05,36.73,36.81,2258300,36.81
2011-03-21,36.88,36.92,36.60,36.76,2248700,36.76
2011-03-18,36.63,37.00,36.28,36.52,2764100,36.52
2011-03-17,36.21,36.72,36.09,36.23,2545900,36.23
2011-03-16,36.61,36.64,35.86,36.10,3932400,36.10
2011-03-15,36.34,36.94,36.30,36.73,3218600,36.73
2011-03-14,36.72,37.03,36.67,36.98,2507300,36.98
2011-03-11,36.72,37.14,36.72,36.87,1923700,36.87
2011-03-10,37.04,37.15,36.79,36.82,2425700,36.82
2011-03-09,37.24,37.35,37.02,37.35,2085400,37.35
2011-03-08,37.28,37.65,37.16,37.50,2293800,37.16
2011-03-07,37.33,37.62,37.14,37.24,2856000,36.90
2011-03-04,37.32,38.00,36.96,37.21,2742700,36.87
2011-03-03,37.12,37.32,36.95,37.26,2816700,36.92
2011-03-02,36.77,37.00,36.61,36.84,2408700,36.51
2011-03-01,37.15,37.27,36.70,36.77,3635000,36.44
2011-02-28,37.02,37.13,36.89,37.06,3221600,36.72
2011-02-25,36.97,37.04,36.66,36.88,2468600,36.55
2011-02-24,37.17,37.30,36.57,36.79,4122200,36.46
2011-02-23,37.69,37.72,37.24,37.26,3663900,36.92
2011-02-22,37.76,37.95,37.53,37.70,2781500,37.36
2011-02-18,38.05,38.17,37.89,38.04,2369800,37.70
2011-02-17,38.18,38.32,37.68,37.98,3522700,37.64
2011-02-16,38.07,38.20,37.94,37.99,2260700,37.65
2011-02-15,37.98,38.12,37.77,37.98,2793900,37.64
2011-02-14,38.09,38.22,37.92,38.18,2912300,37.83
2011-02-11,38.01,38.33,37.78,38.04,2065200,37.70
2011-02-10,38.12,38.26,37.99,38.14,2284000,37.79
2011-02-09,38.00,38.27,37.99,38.18,1925600,37.83
2011-02-08,38.09,38.14,37.92,38.07,1737100,37.72
2011-02-07,37.76,38.08,37.75,38.04,1856500,37.70
2011-02-04,37.79,38.06,37.57,37.72,2039900,37.38
2011-02-03,37.77,37.84,37.49,37.70,1922600,37.36
2011-02-02,37.96,38.24,37.70,37.84,2320500,37.50
2011-02-01,38.00,38.22,37.91,38.10,2280500,37.75
2011-01-31,37.95,38.16,37.76,37.87,2592900,37.53
2011-01-28,38.37,38.58,37.78,37.87,2758000,37.53
2011-01-27,38.17,38.39,38.07,38.34,1745200,37.99
2011-01-26,37.94,38.40,37.89,38.23,2693800,37.88
2011-01-25,37.58,37.90,37.51,37.87,1847600,37.53
2011-01-24,37.50,37.92,37.33,37.70,5226700,37.36
2011-01-21,37.36,37.47,37.11,37.43,2233400,37.09
2011-01-20,37.18,37.37,37.00,37.18,2069000,36.84
2011-01-19,37.06,37.30,37.01,37.19,3258200,36.85
2011-01-18,36.97,37.24,36.81,37.21,2159500,36.87
2011-01-14,36.55,37.03,36.55,37.03,2276300,36.69
2011-01-13,36.48,36.75,36.25,36.68,2854900,36.35
2011-01-12,36.23,36.42,36.05,36.36,1474000,36.03
2011-01-11,36.20,36.41,35.93,36.04,2071300,35.71
2011-01-10,35.98,36.32,35.95,36.15,2019100,35.82
