Date,Open,High,Low,Close,Volume,Adj Close
2011-04-26,33.10,33.30,32.91,33.14,1830600,33.14
2011-04-25,32.66,33.10,32.52,33.04,2076700,33.04
2011-04-21,31.97,32.74,31.79,32.71,2122200,32.71
2011-04-20,31.70,31.98,31.63,31.87,1449600,31.87
2011-04-19,31.11,31.34,30.99,31.26,1141000,31.26
2011-04-18,30.76,31.11,30.50,31.06,1536300,31.06
2011-04-15,31.25,31.30,30.94,31.18,1336700,31.18
2011-04-14,31.19,31.24,30.86,31.11,2963200,31.11
2011-04-13,31.32,31.68,31.21,31.43,1537700,31.43
2011-04-12,31.15,31.52,31.00,31.05,2423500,31.05
2011-04-11,31.80,31.99,31.33,31.35,1844400,31.35
2011-04-08,32.23,32.24,31.49,31.76,1784500,31.76
2011-04-07,32.48,32.55,31.99,32.01,1771600,32.01
2011-04-06,32.39,32.58,32.20,32.54,1550900,32.54
2011-04-05,31.93,32.39,31.77,32.14,1504800,32.14
2011-04-04,32.42,32.48,31.85,32.07,1897700,32.07
2011-04-01,32.12,32.86,32.04,32.32,3320800,32.32
2011-03-31,32.00,32.14,31.72,31.81,1918400,31.81
2011-03-30,31.53,32.19,31.39,32.13,2664900,32.13
2011-03-29,30.33,31.40,30.31,31.29,3220800,31.29
2011-03-28,31.92,31.99,30.20,30.31,5866400,30.31
2011-03-25,31.40,31.95,31.40,31.82,2027000,31.82
2011-03-24,30.77,31.33,30.76,31.23,2255700,31.23
2011-03-23,30.39,30.65,29.98,30.54,2427300,30.54
2011-03-22,31.10,31.20,30.35,30.46,1101000,30.46
2011-03-21,30.98,31.33,30.88,31.04,1998200,31.04
2011-03-18,30.47,30.64,30.21,30.45,2253300,30.45
2011-03-17,30.00,30.42,29.76,30.06,2110100,30.06
2011-03-16,30.26,30.36,29.44,29.54,3701900,29.54
2011-03-15,29.73,30.51,29.56,30.40,4246300,30.40
2011-03-14,31.01,31.34,30.72,30.79,2467200,30.79
2011-03-11,30.98,31.69,30.78,31.29,2083700,31.29
2011-03-10,30.99,31.19,30.68,31.09,2970700,31.09
2011-03-09,31.46,31.66,31.34,31.58,3345700,31.58
2011-03-08,31.23,31.67,31.23,31.52,2645700,31.52
2011-03-07,31.81,31.86,31.21,31.42,2528600,31.27
2011-03-04,31.25,31.86,31.10,31.70,3461000,31.55
2011-03-03,31.06,31.30,30.97,31.19,2842100,31.04
2011-03-02,30.64,31.26,30.56,30.71,2673800,30.56
2011-03-01,31.39,31.48,30.58,30.73,2788700,30.58
2011-02-28,31.45,31.70,31.03,31.28,2544000,31.13
2011-02-25,30.77,31.43,30.74,31.36,2266600,31.21
2011-02-24,30.57,30.99,30.13,30.61,2275700,30.46
2011-02-23,30.71,31.30,30.21,30.65,4058400,30.50
2011-02-22,31.54,31.54,30.63,30.77,3156800,30.62
2011-02-18,31.98,32.36,31.82,32.07,1998600,31.92
2011-02-17,31.79,32.06,31.63,32.05,2286600,31.90
2011-02-16,31.88,32.22,31.86,31.98,2319200,31.83
2011-02-15,29.96,31.90,29.96,31.74,6240900,31.59
2011-02-14,30.08,30.15,29.49,29.70,1670000,29.56
2011-02-11,29.43,30.21,29.21,30.15,2281800,30.01
2011-02-10,29.50,29.85,29.17,29.64,4252000,29.50
2011-02-09,30.50,30.50,29.43,29.68,13607400,29.54
2011-02-08,30.30,30.91,30.30,30.85,2705800,30.70
2011-02-07,29.89,30.37,29.89,30.28,2342900,30.14
2011-02-04,29.81,30.01,29.42,29.96,1467600,29.82
2011-02-03,29.52,29.85,29.45,29.76,1443600,29.62
2011-02-02,29.43,29.54,29.19,29.47,1801500,29.33
2011-02-01,28.38,29.74,28.33,29.63,3000500,29.49
2011-01-31,28.28,28.57,28.05,28.13,2514400,28.00
2011-01-28,29.30,29.37,28.11,28.18,3416200,28.05
2011-01-27,29.33,29.46,28.89,29.24,2170600,29.10
2011-01-26,29.27,29.58,29.14,29.43,1213100,29.29
2011-01-25,29.06,29.28,28.93,29.15,2656700,29.01
2011-01-24,28.76,29.19,28.32,29.14,2011000,29.00
2011-01-21,28.76,28.92,28.46,28.72,1668200,28.58
2011-01-20,28.75,28.76,28.11,28.56,2839800,28.42
2011-01-19,29.72,29.75,28.71,28.78,3121500,28.64
2011-01-18,30.38,30.51,29.70,29.77,2812800,29.63
2011-01-14,29.43,30.36,29.39,30.34,1782500,30.20
2011-01-13,29.47,29.79,29.40,29.50,2234800,29.36
2011-01-12,29.94,29.98,29.40,29.46,2628300,29.32
2011-01-11,29.73,29.85,29.50,29.66,1862800,29.52
2011-01-10,29.66,29.67,29.26,29.57,1633700,29.43
