Date,Open,High,Low,Close,Volume,Adj Close
2011-04-26,40.31,40.74,40.14,40.59,8721700,40.59
2011-04-25,40.34,40.49,39.95,40.14,6054700,40.14
2011-04-21,40.24,40.45,40.11,40.45,7664600,40.45
2011-04-20,40.17,40.30,39.89,40.02,13227700,40.02
2011-04-19,38.97,39.54,38.93,39.50,16125000,39.50
2011-04-18,38.90,39.01,38.44,38.81,11247200,38.81
2011-04-15,39.28,39.43,38.98,39.36,11341500,39.36
2011-04-14,38.72,39.23,38.72,39.10,15790100,39.10
2011-04-13,39.49,39.53,38.68,38.98,16085100,38.98
2011-04-12,39.30,39.52,39.06,39.21,13355700,39.21
2011-04-11,40.31,40.49,39.57,39.75,10367200,39.75
2011-04-08,40.80,40.92,40.03,40.20,8651300,40.20
2011-04-07,40.69,40.95,40.30,40.49,13067400,40.49
2011-04-06,41.24,41.28,40.45,40.57,15098700,40.57
2011-04-05,40.40,41.07,40.24,40.91,9374700,40.91
2011-04-04,40.37,40.56,40.31,40.43,7006600,40.43
2011-04-01,40.25,40.37,40.00,40.17,9264500,40.17
2011-03-31,39.83,40.23,39.80,40.02,10524100,40.02
2011-03-30,39.86,39.96,39.33,39.87,15090200,39.87
2011-03-29,39.06,39.46,38.79,39.46,9721800,39.46
2011-03-28,39.22,39.52,39.01,39.05,11917600,39.05
2011-03-25,39.21,39.54,39.05,39.23,10544900,39.23
2011-03-24,39.12,39.18,38.63,39.02,11546500,39.02
2011-03-23,38.31,38.96,38.08,38.85,13160900,38.85
2011-03-22,38.35,38.46,38.07,38.29,7586400,38.29
2011-03-21,38.31,38.46,38.06,38.38,8467400,38.38
2011-03-18,38.09,38.19,37.64,37.73,14906500,37.73
2011-03-17,37.74,38.01,37.45,37.67,22428300,37.55
2011-03-16,37.73,37.83,36.56,37.01,23385000,36.89
2011-03-15,36.60,37.96,36.44,37.77,22869700,37.65
2011-03-14,37.76,38.10,37.38,37.77,17597300,37.65
2011-03-11,37.21,38.03,37.06,37.91,14691600,37.79
2011-03-10,37.64,37.83,37.18,37.36,31006800,37.24
2011-03-09,38.63,38.63,38.00,38.19,17642700,38.06
2011-03-08,38.47,38.96,38.07,38.82,10475900,38.69
2011-03-07,39.35,39.44,38.19,38.38,18296500,38.25
2011-03-04,39.45,39.46,38.75,39.05,11551100,38.92
2011-03-03,39.08,39.41,39.01,39.41,8708200,39.28
2011-03-02,38.44,38.88,38.38,38.63,11219900,38.50
2011-03-01,39.55,39.64,38.47,38.49,18089200,38.36
2011-02-28,39.19,39.46,39.01,39.46,7957900,39.33
2011-02-25,38.81,39.09,38.76,39.04,8353100,38.91
2011-02-24,38.65,39.01,37.94,38.47,14226500,38.34
2011-02-23,38.84,39.12,38.03,38.67,18820500,38.54
2011-02-22,39.73,40.00,38.89,38.96,18530100,38.83
2011-02-18,40.76,40.83,40.10,40.25,7334300,40.12
2011-02-17,40.26,40.72,40.13,40.70,8253300,40.57
2011-02-16,40.05,40.44,40.02,40.34,9790700,40.21
2011-02-15,40.30,40.31,39.75,39.82,7201500,39.69
2011-02-14,39.95,40.34,39.87,40.28,8574100,40.15
2011-02-11,39.52,40.00,39.40,39.85,10075600,39.72
2011-02-10,39.17,39.89,39.17,39.63,9011700,39.50
2011-02-09,39.82,39.87,39.30,39.56,9666700,39.43
2011-02-08,39.97,39.99,39.65,39.92,7710200,39.79
2011-02-07,39.70,40.07,39.70,39.79,9180300,39.66
2011-02-04,39.68,39.73,39.24,39.58,8104700,39.45
2011-02-03,39.42,39.65,38.96,39.57,10827300,39.44
2011-02-02,39.45,39.60,39.21,39.40,6178200,39.27
2011-02-01,38.80,39.55,38.73,39.47,16032100,39.34
2011-01-31,38.06,38.48,37.93,38.44,9979900,38.31
2011-01-28,38.40,38.69,37.78,37.81,14292300,37.69
2011-01-27,38.70,38.75,38.13,38.41,11235000,38.28
2011-01-26,38.06,38.80,38.05,38.73,11199300,38.60
2011-01-25,37.75,37.93,37.48,37.93,13190800,37.81
2011-01-24,37.61,38.09,37.47,37.88,10493400,37.76
2011-01-21,37.78,37.96,37.43,37.48,11453200,37.36
2011-01-20,37.71,37.82,37.24,37.57,21857700,37.45
2011-01-19,39.08,39.10,38.04,38.11,16011300,37.98
2011-01-18,38.85,39.05,38.81,39.01,8238800,38.88
2011-01-14,38.64,38.80,38.40,38.80,7919900,38.67
2011-01-13,39.01,39.08,38.62,38.71,7299800,38.58
2011-01-12,38.97,39.11,38.83,39.05,6979600,38.92
2011-01-11,38.55,38.70,38.42,38.67,6604800,38.54
2011-01-10,38.17,38.43,37.72,38.36,10489700,38.23
