Date,Open,High,Low,Close,Volume,Adj Close
2011-04-26,61.57,62.93,61.44,62.79,1654900,62.79
2011-04-25,62.12,62.43,61.40,61.44,759600,61.44
2011-04-21,61.86,62.37,61.61,62.24,1111200,62.24
2011-04-20,62.77,62.81,61.18,61.54,3172700,61.54
2011-04-19,61.51,63.32,61.40,63.32,2112100,63.32
2011-04-18,61.56,61.68,61.09,61.41,1101100,61.41
2011-04-15,60.33,62.43,60.33,62.00,2290300,62.00
2011-04-14,59.65,60.88,59.51,60.17,1597100,60.17
2011-04-13,59.77,60.15,59.52,59.87,1030700,59.87
2011-04-12,59.72,60.41,59.49,59.66,1312200,59.66
2011-04-11,60.05,60.61,59.92,60.42,907600,60.42
2011-04-08,61.00,61.05,59.78,59.91,1322700,59.91
2011-04-07,60.55,61.43,60.44,60.70,1225800,60.70
2011-04-06,60.64,61.26,60.51,60.70,3137700,60.70
2011-04-05,60.61,60.68,60.13,60.38,1292700,60.38
2011-04-04,61.27,61.42,60.54,60.82,1116700,60.82
2011-04-01,60.87,61.72,60.83,61.28,1278200,61.28
2011-03-31,60.70,60.92,60.40,60.53,1039300,60.53
2011-03-30,61.02,61.27,60.89,60.95,767200,60.95
2011-03-29,60.68,61.05,60.26,60.96,913000,60.96
2011-03-28,60.77,60.94,60.51,60.57,608300,60.57
2011-03-25,60.16,61.07,60.11,60.74,875700,60.74
2011-03-24,60.27,60.38,59.63,60.00,1498300,60.00
2011-03-23,60.54,60.80,59.71,60.10,1508800,60.10
2011-03-22,61.35,61.38,60.75,60.75,1007800,60.75
2011-03-21,60.91,61.66,60.91,61.36,1163400,61.36
2011-03-18,60.45,61.00,60.03,60.31,1586200,60.31
2011-03-17,60.23,60.39,59.50,59.71,1033900,59.71
2011-03-16,60.36,60.89,59.12,59.41,2031700,59.41
2011-03-15,59.75,60.85,59.36,60.67,1692600,60.67
2011-03-14,61.23,61.48,60.37,61.02,1055200,61.02
2011-03-11,61.42,61.90,60.69,61.68,914100,61.68
2011-03-10,62.32,62.40,61.27,61.27,1470900,61.27
2011-03-09,62.70,63.27,62.63,63.01,891700,63.01
2011-03-08,61.98,63.00,61.69,62.78,1037400,62.78
2011-03-07,62.91,62.99,61.60,61.87,1643600,61.87
2011-03-04,63.06,63.35,62.38,62.75,1106000,62.75
2011-03-03,62.61,63.40,62.47,63.22,1346700,63.22
2011-03-02,61.06,62.27,60.60,62.21,1535800,62.21
2011-03-01,63.33,63.33,61.21,61.22,1464700,61.22
2011-02-28,62.13,62.86,61.78,62.34,1544400,62.34
2011-02-25,61.34,62.33,61.33,62.00,1804000,62.00
2011-02-24,61.56,61.97,60.74,61.01,1840400,61.01
2011-02-23,63.20,63.46,61.45,61.46,2784600,61.46
2011-02-22,62.70,63.18,61.94,62.00,3326600,62.00
2011-02-18,63.11,65.22,62.56,63.73,2896100,63.73
2011-02-17,60.95,62.30,60.80,62.25,1846200,62.25
2011-02-16,60.79,61.44,60.62,61.31,1205500,61.31
2011-02-15,60.48,60.85,60.34,60.67,861900,60.67
2011-02-14,60.58,60.97,60.50,60.78,658900,60.78
2011-02-11,59.73,60.76,59.51,60.63,1967400,60.63
2011-02-10,59.03,60.35,59.03,60.05,2170200,60.05
2011-02-09,59.80,60.08,58.83,59.37,2352000,59.37
2011-02-08,60.07,60.50,59.76,59.96,1785600,59.96
2011-02-07,60.63,60.68,59.94,59.99,2767800,59.99
2011-02-04,60.50,60.74,59.98,60.65,2445600,60.65
2011-02-03,60.22,60.62,60.02,60.50,2279300,60.50
2011-02-02,59.92,60.66,59.53,60.52,2004100,60.52
2011-02-01,59.35,60.40,59.32,60.21,1676500,60.21
2011-01-31,58.67,59.43,58.50,59.16,2001600,59.16
2011-01-28,58.98,59.20,58.43,58.58,2587400,58.58
2011-01-27,58.01,60.68,57.60,59.08,5180500,59.08
2011-01-26,56.45,56.57,54.90,55.28,3396900,55.28
2011-01-25,55.06,56.50,54.83,56.38,2634600,56.38
2011-01-24,56.24,56.48,55.17,55.43,1922000,55.43
2011-01-21,56.31,57.26,55.94,56.36,2266800,56.36
2011-01-20,55.96,56.34,55.57,55.84,1588500,55.84
2011-01-19,56.27,56.60,55.71,55.93,2109900,55.93
2011-01-18,55.81,56.34,55.58,56.16,1568900,56.16
2011-01-14,55.13,55.87,55.02,55.77,1445200,55.77
2011-01-13,55.60,55.68,55.24,55.44,1129400,55.44
2011-01-12,55.14,55.70,54.80,55.70,2103600,55.70
2011-01-11,53.85,55.49,53.81,54.89,3188900,54.89
2011-01-10,52.77,53.09,52.51,53.00,2237600,53.00
