ACV,20090115,23.81,24.32,23.52,24.27,9072
ACV,20090116,24.56,24.79,24.12,24.60,8802
ACV,20090120,24.60,24.86,23.97,24.04,5494
ACV,20090121,24.35,24.35,23.56,24.17,7565
ACV,20090122,23.67,24.67,23.67,24.48,6828
ACV,20090123,24.26,24.55,23.80,24.33,9082
ACV,20090126,26.36,27.00,24.66,24.94,20076
ACV,20090127,25.03,26.34,24.58,25.64,19698
ACV,20090128,25.63,26.19,25.02,25.29,9566
ACV,20090129,25.01,25.48,24.75,24.92,6634
ACV,20090130,25.15,25.22,24.31,24.46,7661
ACV,20090202,24.39,24.79,23.95,24.62,8486
ACV,20090203,24.88,25.04,24.15,24.89,8899
ACV,20090204,24.75,25.27,24.56,24.97,6808
ACV,20090205,24.83,25.05,24.42,24.81,6761
ACV,20090206,24.74,26.11,24.74,25.92,6627
ACV,20090209,25.83,25.83,25.17,25.46,6589
ACV,20090210,25.38,25.38,23.79,23.95,7371
ACV,20090211,24.11,24.12,23.60,23.94,7470
ACV,20090212,23.46,24.26,23.46,24.22,5020
ACV,20090213,24.23,24.36,23.53,23.55,7816
ACV,20090217,23.18,23.35,22.64,22.78,8049
ACV,20090218,22.92,22.93,22.12,22.33,11325
ACV,20090219,22.69,22.69,22.06,22.11,11791
ACV,20090220,21.76,22.83,21.48,22.67,12579
ACV,20090223,22.89,22.89,22.12,22.12,10023
ACV,20090224,22.27,22.58,22.00,22.40,8270
ACV,20090225,22.52,22.64,22.07,22.31,8268
ACV,20090226,22.45,22.61,21.81,21.99,8997
ACV,20090227,21.66,22.45,21.47,22.14,11097
ACV,20090302,22.08,22.08,21.34,21.45,12561
ACV,20090303,21.44,22.09,21.07,21.36,15261
ACV,20090304,22.74,23.15,21.94,22.67,14521
ACV,20090305,22.34,23.08,21.73,21.82,15964
ACV,20090306,22.07,22.10,20.94,21.43,10820
ACV,20090309,21.46,21.46,20.90,21.04,6663
ACV,20090310,21.50,21.82,21.10,21.81,6466
ACV,20090311,21.80,22.40,21.66,22.26,7244
ACV,20090312,22.26,22.57,21.99,22.49,7736
ACV,20090313,22.55,22.93,22.39,22.81,6576
ACV,20090316,22.89,23.35,22.69,22.76,6502
ACV,20090317,22.95,23.55,22.73,23.55,5870
ACV,20090318,23.39,23.79,23.28,23.52,7863
ACV,20090319,23.87,23.87,23.10,23.36,6559
ACV,20090320,23.39,23.67,22.90,22.90,7872
ACV,20090323,23.21,23.60,22.83,23.59,7195
ACV,20090324,23.29,23.47,22.83,22.90,12353
ACV,20090325,23.08,23.52,21.72,21.75,16940
ACV,20090326,21.85,22.17,21.08,21.89,18510
ACV,20090327,21.64,22.55,21.64,22.39,10914
ACV,20090330,22.28,22.45,21.81,22.33,8876
ACV,20090331,22.42,22.83,22.24,22.61,8656
ACV,20090401,22.30,22.36,21.84,22.10,8505
ACV,20090402,22.50,23.11,22.36,22.86,11394
ACV,20090403,22.75,22.86,22.53,22.75,4371
ACV,20090406,22.44,23.22,22.44,22.62,7226
ACV,20090407,22.32,22.64,22.30,22.34,7861
ACV,20090408,22.46,22.56,22.10,22.49,4722
ACV,20090409,22.85,22.97,22.69,22.94,6852
ACV,20090413,22.72,22.80,22.31,22.64,3110
ACV,20090414,22.44,22.51,22.07,22.07,6739
ACV,20090415,21.99,22.52,21.93,22.49,6026
ACV,20090416,22.56,22.77,22.29,22.76,4475
ACV,20090417,22.82,22.82,22.43,22.72,7081
ACV,20090420,22.43,22.75,22.37,22.49,5517
ACV,20090421,22.55,23.12,22.50,22.73,5510
ACV,20090422,22.61,22.96,22.51,22.65,8053
ACV,20090423,22.79,22.84,22.23,22.56,8245
ACV,20090424,22.68,23.07,22.51,22.86,7928
ACV,20090427,22.39,22.39,20.91,20.93,23735
ACV,20090428,20.70,22.00,20.47,21.57,18463
ACV,20090429,21.64,22.32,21.28,21.97,9910
ACV,20090430,22.19,22.87,22.15,22.29,9374
ACV,20090501,22.18,22.45,21.81,22.30,12071
ACV,20090504,22.67,22.90,22.34,22.80,7273
ACV,20090505,22.67,22.86,22.15,22.67,7313
ACV,20090506,22.76,22.76,22.26,22.52,7769
ACV,20090507,22.77,23.20,22.48,22.71,9713
ACV,20090508,22.79,23.13,22.56,22.89,6115
ACV,20090511,22.52,22.70,22.25,22.38,11464
ACV,20090512,22.46,22.79,22.36,22.54,7296
ACV,20090513,22.41,22.47,21.89,22.13,6937
ACV,20090514,22.08,22.45,22.07,22.12,7343
ACV,20090515,22.11,22.38,22.04,22.11,5044
ACV,20090518,22.16,22.17,21.82,22.12,11428
ACV,20090519,22.14,22.20,21.90,21.97,11336
ACV,20090520,22.01,22.11,21.67,21.68,9210
ACV,20090521,21.54,22.29,21.52,22.18,10643
ACV,20090522,22.19,22.60,22.09,22.39,5173
ACV,20090526,22.41,22.98,22.36,22.91,10431
ACV,20090527,22.94,23.20,22.64,23.00,11493
ACV,20090528,23.24,23.24,22.33,22.58,12205
ACV,20090529,22.68,23.27,22.60,23.24,15728
ACV,20090601,23.35,24.28,23.27,24.25,9019
ACV,20090602,24.16,24.43,23.95,24.16,9499
ACV,20090603,24.10,24.25,23.94,24.25,4673
ACV,20090604,24.20,24.49,23.99,24.35,6112
ACV,20090605,24.35,24.65,24.01,24.08,6495
ACV,20090608,24.07,24.26,23.84,24.14,4021
ACV,20090609,24.17,24.37,23.98,24.21,3640
ACV,20090610,24.23,24.35,23.80,24.18,6116
ACV,20090611,24.25,24.60,24.20,24.35,4667
ACV,20090612,24.23,24.46,24.09,24.41,3099
ACV,20090615,24.28,24.28,23.87,24.05,4550
ACV,20090616,24.10,24.23,23.91,23.93,5883
ACV,20090617,23.91,24.36,23.88,24.27,5148
ACV,20090618,24.25,24.88,24.21,24.88,5248
ACV,20090619,24.86,24.99,24.68,24.90,6573
ACV,20090622,24.74,25.19,24.67,25.08,6995
ACV,20090623,25.12,25.35,24.95,25.26,8606
ACV,20090624,25.29,25.31,24.53,24.98,11468
ACV,20090625,24.98,25.75,24.80,25.50,12814
ACV,20090626,25.57,25.68,25.36,25.60,14922
ACV,20090629,25.70,25.76,25.44,25.64,2340
ACV,20090630,25.68,25.68,25.15,25.43,3609
ACV,20090701,25.35,26.02,25.35,25.81,4585
ACV,20090702,25.55,25.55,25.14,25.28,5446
ACV,20090706,25.19,25.54,25.19,25.50,3758
ACV,20090707,25.33,25.59,25.18,25.22,5313
ACV,20090708,25.37,25.56,24.87,25.26,8744
ACV,20090709,25.37,25.37,24.59,24.85,4100
ACV,20090710,24.78,24.95,24.66,24.85,4036
ACV,20090713,24.86,25.09,24.67,25.08,3845
ACV,20090714,25.00,25.20,24.82,25.10,5588
ACV,20090715,25.19,25.31,25.06,25.20,5589
ACV,20090716,25.20,25.57,24.76,24.97,9389
ACV,20090717,25.04,25.30,24.25,24.80,10158
ACV,20090720,24.89,25.13,24.71,25.11,6101
ACV,20090721,25.10,25.48,24.99,25.07,5096
ACV,20090722,24.94,25.40,24.94,25.11,3865
ACV,20090723,25.16,25.85,25.15,25.76,5911
ACV,20090724,25.56,25.86,25.37,25.59,5880
ACV,20090727,25.02,25.29,23.81,25.12,13613
ACV,20090728,25.14,25.44,24.96,25.05,5555
ACV,20090729,24.97,25.76,24.92,25.62,7058
ACV,20090730,25.89,25.96,25.56,25.61,4955
ACV,20090731,25.54,25.82,25.44,25.62,6207
ACV,20090803,25.67,25.84,25.23,25.59,4059
ACV,20090804,25.55,25.59,25.26,25.30,2876
ACV,20090805,25.43,25.43,24.87,24.98,3260
ACV,20090806,24.97,25.08,24.57,24.76,5233
ACV,20090807,25.04,25.24,24.87,25.08,4602
ACV,20090810,25.06,25.36,24.96,25.15,4103
ACV,20090811,25.13,25.29,24.88,25.01,3332
ACV,20090812,25.14,25.67,25.10,25.37,5094
ACV,20090813,25.50,25.50,24.97,25.50,3649
ACV,20090814,25.46,25.65,25.04,25.29,3409
ACV,20090817,25.07,25.31,24.95,24.99,2821
ACV,20090818,24.98,25.09,24.77,24.96,1897
ACV,20090819,24.78,25.39,24.68,25.34,2624
ACV,20090820,25.32,25.49,25.12,25.41,2747
ACV,20090821,25.51,26.14,25.50,26.09,2904
ACV,20090824,26.15,26.15,25.55,25.59,2824
ACV,20090825,25.63,25.73,25.36,25.37,5309
ACV,20090826,25.34,25.60,25.34,25.56,4908
ACV,20090827,25.47,25.98,25.34,25.97,6573
ACV,20090828,26.08,26.34,26.04,26.25,7456
ACV,20090831,26.16,26.45,26.16,26.39,6047
ACV,20090901,26.30,26.89,26.28,26.62,9867
ACV,20090902,26.72,27.00,26.35,26.47,8512
ACV,20090903,26.63,26.63,26.01,26.34,6627
ACV,20090904,26.38,26.51,26.24,26.40,3215
ACV,20090908,26.61,27.10,26.45,27.05,8512
ACV,20090909,27.05,27.32,26.96,27.30,6499
ACV,20090910,27.17,27.38,26.84,27.04,6371
ACV,20090911,27.13,27.21,27.02,27.12,3612
ACV,20090914,27.08,27.34,26.93,27.34,2631
ACV,20090915,27.25,27.33,27.03,27.12,2600
ACV,20090916,27.09,27.21,26.86,27.20,6142
ACV,20090917,27.09,27.58,27.08,27.48,4000
ACV,20090918,27.29,27.90,26.51,27.59,5448
ACV,20090921,27.39,27.63,27.26,27.58,4305
ACV,20090922,27.73,27.77,27.35,27.65,3175
ACV,20090923,26.73,27.66,26.73,27.30,5733
ACV,20090924,27.35,27.60,27.00,27.22,3288
ACV,20090925,27.13,27.38,26.99,27.03,2393
ACV,20090928,27.05,27.53,26.95,27.46,2320
ACV,20090929,27.54,27.72,27.30,27.54,2076
ACV,20090930,27.55,27.81,27.15,27.68,3461
ACV,20091001,27.76,27.79,27.22,27.25,4798
ACV,20091002,27.13,27.77,27.11,27.48,5489
ACV,20091005,27.63,27.63,27.02,27.38,4479
ACV,20091006,27.48,27.66,27.12,27.51,5646
ACV,20091007,26.85,26.97,26.35,26.85,5548
ACV,20091008,26.87,27.06,26.72,26.82,6012
ACV,20091009,26.86,27.11,26.69,27.10,3358
ACV,20091012,27.10,27.30,27.02,27.11,4872
ACV,20091013,27.13,27.13,26.66,26.85,2774
ACV,20091014,26.98,27.13,26.23,26.23,6701
ACV,20091015,26.14,26.43,25.77,26.42,6619
ACV,20091016,26.22,26.80,26.22,26.68,3905
ACV,20091019,26.64,26.88,26.44,26.55,4007
ACV,20091020,26.50,26.59,26.09,26.33,6624
ACV,20091021,26.22,26.82,26.22,26.36,4560
ACV,20091022,26.36,26.84,26.31,26.71,3287
ACV,20091023,26.77,26.96,25.65,26.05,14426
ACV,20091026,26.04,26.24,24.76,26.10,22734
ACV,20091027,26.09,26.52,25.76,26.35,15647
ACV,20091028,26.36,26.74,26.26,26.46,10109
ACV,20091029,26.64,27.02,26.35,26.92,11812
ACV,20091030,26.88,27.44,26.77,26.82,6453
ACV,20091102,26.92,27.28,26.74,27.23,4864
ACV,20091103,27.03,27.17,26.77,27.10,5279
ACV,20091104,27.17,27.50,27.03,27.06,5499
ACV,20091105,27.21,27.63,27.16,27.58,6170
ACV,20091106,27.45,27.86,27.32,27.76,2543
ACV,20091109,27.89,27.98,27.70,27.95,2673
ACV,20091110,27.94,28.11,27.79,27.95,3851
ACV,20091111,28.00,28.00,27.65,27.73,5075
ACV,20091112,27.72,27.91,27.40,27.58,3638
ACV,20091113,27.62,27.81,27.37,27.77,4258
ACV,20091116,27.95,28.65,27.90,28.61,5682
ACV,20091117,28.62,29.00,28.50,29.00,5548
ACV,20091118,29.00,29.63,28.24,29.10,13662
ACV,20091119,29.03,29.03,27.94,28.02,5978
ACV,20091120,27.94,28.05,27.80,28.01,4723
ACV,20091123,28.30,28.53,28.04,28.08,4353
ACV,20091124,28.07,28.12,27.85,28.01,4366
ACV,20091125,27.98,28.31,27.98,28.27,3278
ACV,20091127,27.79,28.34,27.61,28.00,3054
ACV,20091130,28.09,28.23,27.96,28.15,5129
ACV,20091201,28.33,29.21,28.29,29.08,9820
ACV,20091202,29.15,29.46,28.86,29.43,3284
ACV,20091203,29.55,29.59,29.26,29.31,2097
ACV,20091204,29.59,29.75,29.34,29.54,5833
ACV,20091207,29.57,29.58,28.72,28.85,6253
ACV,20091208,28.62,28.62,28.00,28.16,9659
ACV,20091209,28.12,28.23,27.88,27.89,5889
ACV,20091210,28.08,28.32,27.99,28.25,5000
ACV,20091211,28.49,28.74,28.47,28.54,4081
ACV,20091214,28.73,29.40,28.62,29.39,5821
ACV,20091215,29.43,29.82,29.26,29.82,7647
ACV,20091216,29.83,29.99,29.39,29.51,7073
ACV,20091217,28.31,28.84,28.29,28.57,6215
ACV,20091218,28.59,28.69,27.84,27.95,7035
ACV,20091221,28.18,28.77,28.13,28.69,6501
ACV,20091222,28.85,29.34,28.80,29.34,4695
ACV,20091223,29.51,29.60,29.29,29.49,3859
ACV,20091224,29.50,29.75,29.50,29.64,1134
ACV,20091228,29.78,29.95,29.63,29.75,2164
ACV,20091229,29.78,30.04,29.73,29.88,2579
ACV,20091230,29.75,29.99,29.71,29.74,1975
ACV,20091231,29.79,29.81,29.29,29.29,2655
ACV,20100104,29.10,29.94,28.62,29.92,7841
ACV,20100105,29.72,29.90,29.38,29.65,6887
ACV,20100106,29.59,29.88,29.37,29.46,5906
ACV,20100107,29.35,29.75,29.20,29.69,4927
ACV,20100108,28.67,29.17,28.26,29.14,9585
ACV,20100111,28.99,29.20,28.65,29.00,4255
ACV,20100112,28.89,29.20,28.73,28.92,4041
ACV,20100113,29.04,29.24,28.92,29.20,3329
ACV,20100114,29.06,29.38,28.95,29.34,3393
ACV,20100115,29.39,29.54,29.13,29.19,6297
ACV,20100119,29.06,29.61,29.06,29.56,4947
ACV,20100120,29.38,29.41,28.86,29.16,4103
ACV,20100121,29.19,29.55,28.85,29.00,5844
ACV,20100122,29.01,29.15,28.75,28.79,4397
ACV,20100125,28.84,29.06,28.51,28.84,7242
ACV,20100126,28.73,28.87,28.51,28.66,3319
ACV,20100127,28.54,28.76,28.46,28.67,5121
ACV,20100128,28.69,28.92,28.30,28.50,3162
ACV,20100129,28.53,28.90,28.31,28.39,9460
ACV,20100201,28.42,28.65,27.40,27.46,13895
ACV,20100202,27.39,28.06,27.27,27.93,11735
ACV,20100203,27.76,27.95,27.47,27.76,5251
ACV,20100204,27.55,27.67,27.00,27.02,7393
ACV,20100205,27.00,27.09,26.57,26.95,6986
ACV,20100208,26.91,27.20,26.78,26.85,5687
ACV,20100209,27.15,27.32,26.75,27.14,4722
ACV,20100210,27.05,27.10,26.72,26.97,3990
ACV,20100211,27.00,27.31,26.75,27.28,3341
ACV,20100212,26.90,27.52,26.80,27.48,7461
ACV,20100216,27.52,27.79,27.40,27.76,2708
ACV,20100217,27.80,27.80,27.46,27.75,3079
ACV,20100218,27.75,27.86,27.64,27.85,2349
ACV,20100219,27.75,28.12,27.72,28.02,3790
ACV,20100222,28.13,28.56,27.89,28.21,4848
ACV,20100223,28.17,28.20,27.72,27.73,4439
ACV,20100224,27.85,27.99,27.59,27.90,5946
ACV,20100225,27.57,27.65,27.12,27.49,9234
ACV,20100226,27.50,27.79,27.31,27.72,6918
ACV,20100301,27.67,28.00,27.59,27.95,2754
ACV,20100302,27.92,28.14,27.72,28.09,4924
ACV,20100303,28.15,28.46,27.97,28.14,3825
ACV,20100304,28.07,28.23,27.78,27.99,4640
ACV,20100305,28.16,28.20,27.23,27.30,11664
ACV,20100308,27.28,27.56,27.21,27.54,4396
ACV,20100309,27.54,27.77,27.33,27.69,3438
ACV,20100310,27.74,27.74,27.45,27.62,2672
ACV,20100311,27.48,27.63,27.25,27.63,2091
ACV,20100312,27.74,27.74,27.41,27.61,2781
ACV,20100315,27.61,27.62,27.18,27.35,3442
ACV,20100316,27.35,27.70,27.23,27.66,4269
ACV,20100317,27.65,27.70,27.34,27.36,3530
ACV,20100318,27.42,27.46,27.31,27.34,1909
ACV,20100319,27.34,27.63,26.80,27.30,15855
ACV,20100322,27.18,27.33,27.01,27.15,5363
ACV,20100323,27.12,27.14,26.84,26.95,5228
ACV,20100324,26.87,26.90,26.37,26.46,4846
ACV,20100325,26.51,26.51,25.89,25.90,9659
ACV,20100326,25.85,26.34,25.78,26.28,6251
ACV,20100329,26.29,26.67,26.24,26.54,5645
ACV,20100330,26.61,26.70,26.42,26.63,6243
ACV,20100331,26.62,26.70,26.12,26.15,5115
ACV,20100401,26.30,26.55,26.17,26.49,7089
ACV,20100405,26.51,26.70,26.36,26.51,4234
ACV,20100406,26.51,26.65,26.25,26.64,4649
ACV,20100407,26.67,26.77,26.41,26.77,4476
ACV,20100408,26.67,26.76,26.37,26.70,4716
ACV,20100409,26.68,27.13,26.63,27.12,5731
ACV,20100412,27.74,27.89,27.40,27.44,8492
ACV,20100413,27.38,27.47,27.16,27.39,5577
ACV,20100414,27.40,27.69,27.26,27.69,5220
ACV,20100415,27.58,27.88,27.49,27.86,4726
ACV,20100416,27.75,28.00,27.59,27.92,7080
ACV,20100419,27.81,28.13,27.71,28.07,15198
ACV,20100420,28.21,28.21,27.94,28.05,8655
ACV,20100421,28.01,28.40,27.87,28.40,9386
ACV,20100422,28.22,28.28,27.93,28.19,7081
ACV,20100423,28.24,28.34,27.86,28.00,9087
ACV,20100426,27.03,29.07,26.77,28.95,17631
ACV,20100427,28.06,28.52,27.83,28.28,17860
ACV,20100428,28.25,28.76,28.19,28.68,10379
ACV,20100429,28.84,28.84,28.26,28.30,7725
ACV,20100430,28.39,28.93,28.25,28.80,7896
ACV,20100503,28.80,28.84,28.36,28.50,5959
ACV,20100504,28.15,28.19,27.70,27.94,4972
ACV,20100505,27.72,28.12,27.32,27.33,7725
ACV,20100506,27.26,27.46,25.91,26.98,12626
ACV,20100507,26.89,26.89,25.62,25.82,23389
ACV,20100510,26.60,26.85,26.13,26.42,11813
ACV,20100511,26.31,26.86,26.23,26.62,7467
ACV,20100512,26.75,27.00,26.54,26.96,8683
ACV,20100513,26.36,27.03,26.36,26.74,6387
ACV,20100514,26.74,26.89,26.54,26.83,8119
ACV,20100517,27.57,28.15,27.39,27.91,10623
ACV,20100518,28.07,28.20,27.77,28.10,12210
ACV,20100519,28.10,28.27,27.79,28.22,9833
ACV,20100520,27.97,28.12,27.76,27.77,13100
ACV,20100521,27.64,28.01,27.58,27.82,12426
ACV,20100524,27.69,27.73,27.26,27.29,5027
ACV,20100525,26.87,27.02,26.55,26.96,9310
ACV,20100526,27.09,27.87,27.09,27.51,8798
ACV,20100527,27.73,27.79,27.34,27.66,4359
ACV,20100528,27.60,27.82,27.40,27.52,3900
ACV,20100601,27.44,27.65,27.15,27.18,3782
ACV,20100602,27.21,27.57,27.05,27.55,4767
ACV,20100603,27.53,28.09,27.50,27.90,4299
ACV,20100604,27.59,27.59,27.15,27.24,7275
ACV,20100607,27.08,27.38,27.07,27.16,3494
ACV,20100608,27.04,27.52,26.89,27.52,5977
ACV,20100609,27.52,27.82,27.41,27.67,5622
ACV,20100610,27.97,28.53,27.89,28.36,6186
ACV,20100611,28.25,28.42,28.00,28.23,5595
ACV,20100614,28.18,28.45,27.94,28.00,6548
ACV,20100615,28.18,28.32,27.81,28.09,6904
ACV,20100616,27.99,28.19,27.86,28.10,4665
ACV,20100617,28.06,28.15,27.80,27.98,4643
ACV,20100618,28.01,28.18,27.94,28.11,4647
ACV,20100621,28.30,28.33,27.95,28.04,2883
ACV,20100622,27.94,28.34,27.61,27.65,3670
ACV,20100623,27.49,27.58,27.01,27.25,6279
ACV,20100624,27.07,27.68,27.04,27.11,7073
ACV,20100625,27.11,27.55,26.89,27.14,13579
ACV,20100628,27.13,27.48,26.92,27.36,3162
ACV,20100629,26.96,27.08,26.62,26.85,8125
ACV,20100630,26.90,27.37,26.74,27.09,8456
ACV,20100701,27.00,27.32,26.68,27.26,9338
ACV,20100702,27.31,27.66,27.19,27.52,5758
ACV,20100706,27.65,28.08,27.51,27.72,11076
ACV,20100707,27.71,28.64,27.63,28.64,6884
ACV,20100708,28.72,28.98,28.60,28.97,5824
ACV,20100709,29.03,29.13,28.67,28.83,5348
ACV,20100712,28.74,28.91,28.59,28.80,3436
ACV,20100713,29.15,29.69,29.04,29.59,5875
ACV,20100714,29.49,29.76,29.40,29.76,4189
ACV,20100715,29.65,29.82,29.50,29.76,3166
ACV,20100716,29.60,29.70,29.28,29.42,3283
ACV,20100719,29.56,29.67,29.41,29.62,2257
ACV,20100720,29.33,29.83,29.29,29.80,4357
ACV,20100721,29.75,29.99,29.27,29.33,5507
ACV,20100722,29.64,29.78,29.37,29.51,6646
ACV,20100723,29.42,29.58,29.22,29.40,12614
ACV,20100726,31.00,31.49,29.64,30.93,14437
ACV,20100727,31.00,31.10,30.75,30.98,7316
ACV,20100728,30.90,30.90,29.88,29.96,7526
ACV,20100729,30.03,30.12,28.98,29.28,12886
ACV,20100730,28.96,29.31,28.77,29.27,7809
ACV,20100802,29.56,29.82,29.27,29.73,5494
ACV,20100803,29.56,29.94,29.32,29.86,5961
ACV,20100804,29.91,30.06,29.79,30.06,2937
ACV,20100805,29.88,30.11,29.59,29.63,3068
ACV,20100806,29.44,29.59,28.99,29.25,3285
ACV,20100809,29.32,29.40,29.09,29.32,3375
ACV,20100810,29.03,29.78,29.02,29.56,3697
ACV,20100811,29.23,29.27,28.48,28.52,3596
ACV,20100812,28.15,28.55,28.10,28.53,2721
ACV,20100813,28.61,28.64,28.12,28.14,2805
ACV,20100816,27.96,28.40,27.95,28.32,2144
ACV,20100817,28.39,28.79,28.24,28.77,3572
ACV,20100818,28.59,28.80,28.37,28.70,2892
ACV,20100819,28.62,29.04,28.41,29.00,6464
ACV,20100820,29.03,29.53,28.90,29.52,4864
ACV,20100823,29.60,29.76,29.42,29.48,5358
ACV,20100824,29.25,30.03,29.15,29.93,6361
ACV,20100825,29.84,30.80,29.62,30.72,6655
ACV,20100826,30.84,30.99,30.58,30.92,8546
ACV,20100827,31.09,31.31,30.80,31.31,8847
ACV,20100830,31.30,31.44,30.92,31.00,5905
ACV,20100831,30.88,31.17,30.62,31.05,6877
ACV,20100901,31.35,31.57,30.88,31.20,7526
ACV,20100902,31.28,31.81,31.10,31.80,5867
ACV,20100903,31.99,32.08,31.63,31.79,3285
ACV,20100907,31.72,31.88,31.11,31.14,4407
ACV,20100908,31.19,31.29,30.64,30.68,6239
ACV,20100909,30.97,31.00,30.37,30.51,4955
ACV,20100910,30.57,30.71,30.37,30.38,4579
ACV,20100913,30.67,30.85,30.47,30.48,4204
ACV,20100914,30.42,30.51,30.17,30.29,6796
ACV,20100915,30.41,30.94,30.28,30.81,2631
ACV,20100916,30.98,31.19,30.78,30.93,3268
ACV,20100917,31.00,31.17,30.89,31.17,3515
ACV,20100920,31.31,31.75,31.15,31.68,4746
ACV,20100921,31.67,31.75,31.18,31.35,4037
ACV,20100922,31.42,31.63,31.25,31.37,3576
ACV,20100923,31.03,31.52,30.85,31.30,4280
ACV,20100924,31.64,31.70,31.31,31.48,2661
ACV,20100927,37.80,37.93,37.50,37.64,261695
ACV,20100928,37.64,37.88,37.63,37.69,84067
ACV,20100929,37.62,37.83,37.60,37.83,40234
ACV,20100930,37.65,37.82,37.65,37.65,35013
ACV,20101001,37.67,37.92,37.60,37.87,29889
ACV,20101004,37.81,37.87,37.63,37.65,27612
ACV,20101005,37.66,37.84,37.45,37.52,48222
ACV,20101006,37.54,37.57,37.46,37.57,22047
ACV,20101007,37.58,37.77,37.56,37.68,13997
ACV,20101008,37.74,37.74,37.62,37.67,17888
ACV,20101011,37.66,37.69,37.50,37.50,17436
ACV,20101012,37.57,37.68,37.48,37.60,11787
ACV,20101013,37.63,37.76,37.61,37.71,31668
ACV,20101014,37.70,37.77,37.65,37.75,31750
ACV,20101015,37.77,37.81,37.68,37.72,16973
ACV,20101018,37.64,37.74,37.50,37.54,42053
ACV,20101019,37.51,37.60,37.46,37.53,31251
ACV,20101020,37.55,37.58,37.47,37.47,12387
ACV,20101021,37.50,37.52,37.45,37.45,24417
ACV,20101022,37.48,37.48,37.37,37.42,23336
ACV,20101025,37.42,37.43,37.32,37.32,23166
ACV,20101026,37.34,37.39,37.23,37.24,30751
ACV,20101027,37.28,37.34,37.25,37.25,22135
ACV,20101028,37.29,37.35,37.25,37.26,17073
ACV,20101029,37.28,37.37,37.24,37.29,23986
ACV,20101101,37.31,37.48,37.28,37.33,11646
ACV,20101102,37.33,37.37,37.29,37.33,12683
ACV,20101103,37.37,37.40,37.27,37.30,25189
ACV,20101104,37.32,37.42,37.30,37.33,16519
ACV,20101105,37.33,37.34,37.26,37.32,18397
ACV,20101108,37.27,37.30,37.20,37.28,16540
ACV,20101109,37.26,37.27,37.21,37.21,10419
ACV,20101110,37.23,37.26,37.19,37.20,15781
ACV,20101111,37.20,37.22,37.20,37.20,11842
ACV,20101112,37.21,37.22,37.19,37.19,18107
ACV,20101115,37.23,37.24,37.15,37.15,23433
ACV,20101116,37.16,37.23,37.15,37.23,18907
ACV,20101117,37.21,37.25,37.19,37.24,9291
ACV,20101118,37.24,37.25,37.20,37.22,11735
ACV,20101119,37.21,37.23,37.20,37.23,10435
ACV,20101122,37.22,37.25,37.19,37.21,19830
ACV,20101123,37.21,37.22,37.18,37.19,17659
ACV,20101124,37.21,37.22,37.20,37.21,9232
ACV,20101126,37.21,37.24,37.20,37.20,6278
ACV,20101129,37.21,37.23,37.20,37.22,21181
ACV,20101130,37.23,37.24,37.17,37.20,22746
ACV,20101201,37.24,37.32,37.23,37.28,10058
ACV,20101202,37.32,37.34,37.28,37.34,6636
ACV,20101203,37.27,37.34,37.25,37.28,9229
ACV,20101206,37.31,37.36,37.29,37.32,10434
ACV,20101207,37.32,37.34,37.28,37.28,12780
ACV,20101208,37.29,37.34,37.28,37.30,16384
ACV,20101209,37.33,37.35,37.22,37.25,50308
ACV,20101210,37.29,37.30,37.19,37.23,19064
ACV,20101213,37.26,37.33,37.24,37.25,5759
ACV,20101214,37.29,37.33,37.22,37.22,12139
ACV,20101215,37.25,37.30,37.20,37.20,16524
ACV,20101216,37.24,37.25,37.15,37.18,10300
ACV,20101217,37.22,37.24,37.13,37.19,16031
ACV,20101220,37.09,37.14,36.88,36.90,48215
ACV,20101221,37.00,37.00,36.89,36.90,20365
ACV,20101222,36.93,36.97,36.90,36.94,5665
ACV,20101223,36.94,36.99,36.92,36.94,4843
ACV,20101227,36.96,37.00,36.92,36.98,2618
ACV,20101228,37.00,37.01,36.96,36.96,3381
ACV,20101229,36.99,37.01,36.98,37.01,2494
ACV,20101230,37.02,37.09,37.00,37.07,4179
ACV,20101231,37.08,37.11,37.04,37.04,5533
ACV,20110103,37.20,37.20,37.05,37.12,7762
ACV,20110104,37.08,37.15,37.04,37.08,10712
ACV,20110105,37.03,37.06,37.01,37.01,7270
ACV,20110106,37.00,37.05,37.00,37.03,10283
ACV,20110107,37.04,37.12,37.02,37.03,9242
ACV,20110110,37.03,37.09,37.03,37.06,587400
ACV,20110111,37.09,37.09,37.04,37.07,288800
ACV,20110112,37.14,37.15,37.09,37.10,531100
ACV,20110113,37.13,37.13,37.08,37.13,475100
ACV,20110114,37.11,37.13,37.10,37.13,509100
ACV,20110118,37.12,37.17,37.11,37.17,814100
ACV,20110119,37.16,37.17,37.13,37.17,648600
ACV,20110120,37.14,37.16,37.13,37.15,515900
ACV,20110121,37.16,37.17,37.14,37.17,954200
ACV,20110124,37.15,37.18,37.15,37.16,1130600
ACV,20110125,37.15,37.24,37.14,37.24,497700
ACV,20110126,37.22,37.24,37.19,37.21,465700
ACV,20110127,37.20,37.24,37.15,37.23,646600
ACV,20110128,37.20,37.24,37.15,37.17,786300
ACV,20110131,37.16,37.25,37.16,37.25,453500
ACV,20110201,37.25,37.26,37.23,37.26,342300
ACV,20110202,37.24,37.25,37.18,37.25,813000
ACV,20110203,37.20,37.25,37.20,37.21,724200
ACV,20110204,37.24,37.25,37.21,37.23,434800
ACV,20110207,37.23,37.25,37.21,37.22,470400
ACV,20110208,37.22,37.22,37.12,37.12,381900
ACV,20110209,37.13,37.15,37.12,37.13,596000
ACV,20110210,37.14,37.15,37.11,37.13,573300
ACV,20110211,37.11,37.14,37.07,37.13,297100
ACV,20110214,37.15,37.16,37.07,37.11,475800
ACV,20110215,37.11,37.14,37.08,37.08,464500
ACV,20110216,37.12,37.12,37.07,37.07,1258600
ACV,20110217,37.10,37.13,37.08,37.12,619500
ACV,20110218,37.10,37.14,37.10,37.11,472700
ACV,20110222,37.11,37.17,37.11,37.12,557000
ACV,20110223,37.15,37.16,37.12,37.14,653800
ACV,20110224,37.13,37.15,37.12,37.13,534200
ACV,20110225,37.13,37.22,37.13,37.22,543200
ACV,20110228,37.18,37.25,37.18,37.24,919200
ACV,20110301,37.19,37.25,37.19,37.25,683400
ACV,20110302,37.23,37.27,37.21,37.27,1044200
ACV,20110303,37.28,37.31,37.23,37.26,628600
ACV,20110304,37.26,37.30,37.24,37.25,554300
ACV,20110307,37.24,37.27,37.21,37.24,970300
ACV,20110308,37.21,37.25,37.20,37.20,832100
ACV,20110309,37.22,37.25,37.21,37.23,1244100
ACV,20110310,37.22,37.24,37.21,37.23,751200
ACV,20110311,37.23,37.25,37.22,37.25,451800
ACV,20110314,37.22,37.27,37.22,37.25,681700
ACV,20110315,37.25,37.25,37.16,37.21,1064900
ACV,20110316,37.21,37.24,37.13,37.14,3187600
ACV,20110317,37.19,37.26,37.18,37.23,936900
ACV,20110318,37.25,37.26,36.79,37.20,2937300
ACV,20110321,37.27,37.30,37.20,37.25,676200
ACV,20110322,37.26,37.26,37.20,37.22,564600
ACV,20110323,37.16,37.25,37.16,37.25,575100
ACV,20110324,37.30,37.30,37.21,37.23,387300
ACV,20110325,37.24,37.28,37.18,37.18,970900
ACV,20110328,37.20,37.25,37.18,37.19,443000
ACV,20110329,37.24,37.25,37.21,37.24,523200
ACV,20110330,37.26,37.28,37.22,37.24,546600
ACV,20110331,37.23,37.29,37.23,37.27,487900
ACV,20110401,37.27,37.35,37.24,37.34,642700
ACV,20110404,37.33,37.33,37.27,37.31,534900
ACV,20110405,37.30,37.31,37.26,37.26,496600
ACV,20110406,37.29,37.30,37.27,37.27,260200
ACV,20110407,37.32,37.32,37.26,37.27,370500
ACV,20110408,37.30,37.30,37.25,37.26,478500
ACV,20110411,37.28,37.30,37.27,37.30,409000
ACV,20110412,37.28,37.31,37.27,37.30,396800
ACV,20110413,37.29,37.30,37.28,37.30,290200
ACV,20110414,37.29,37.30,37.27,37.30,476800
ACV,20110415,37.29,37.30,37.28,37.30,279400
ACV,20110418,37.25,37.31,37.24,37.28,617900
ACV,20110419,37.30,37.34,37.29,37.32,711600
ACV,20110420,37.38,37.40,37.26,37.29,708000
ACV,20110421,37.29,37.35,37.27,37.29,592200
ACV,20110425,37.32,37.33,37.26,37.29,333200
ACV,20110426,37.29,37.33,37.28,37.31,582600
