AFL,20090115,38.36,40.08,37.03,38.65,48506
AFL,20090116,39.61,41.50,38.76,39.80,50079
AFL,20090120,39.26,39.45,33.51,33.55,88937
AFL,20090121,34.97,36.60,34.68,36.27,86783
AFL,20090122,32.21,33.50,22.08,22.90,463218
AFL,20090123,23.34,28.44,23.04,24.49,355355
AFL,20090126,24.92,25.09,19.35,19.62,267691
AFL,20090127,20.55,22.75,19.67,22.14,243428
AFL,20090128,25.19,26.16,23.91,25.06,202555
AFL,20090129,23.92,24.63,23.10,23.34,96052
AFL,20090130,24.15,24.15,22.67,23.21,77592
AFL,20090202,22.82,23.68,21.91,23.03,95589
AFL,20090203,24.15,25.20,21.68,22.63,179740
AFL,20090204,22.75,23.42,20.91,21.05,138941
AFL,20090205,21.11,23.86,20.66,23.11,113205
AFL,20090206,23.20,23.75,20.28,21.80,226685
AFL,20090209,22.66,24.02,22.33,23.69,99646
AFL,20090210,23.37,24.17,22.02,22.13,115078
AFL,20090211,22.79,23.00,21.89,22.34,73403
AFL,20090212,21.41,22.35,21.05,22.09,89847
AFL,20090213,22.12,22.12,20.20,20.51,87459
AFL,20090217,19.55,19.97,17.35,17.64,159176
AFL,20090218,18.20,18.62,17.52,18.17,107268
AFL,20090219,18.62,18.72,16.06,16.32,122733
AFL,20090220,16.00,17.66,15.12,17.01,198885
AFL,20090223,17.58,17.75,15.72,15.80,109965
AFL,20090224,15.73,16.75,15.04,16.64,197619
AFL,20090225,16.63,16.75,15.07,16.11,139107
AFL,20090226,18.03,20.08,17.81,18.96,195780
AFL,20090227,17.09,17.78,16.23,16.76,174244
AFL,20090302,15.71,16.52,15.57,16.01,113354
AFL,20090303,16.65,16.65,13.95,14.18,172837
AFL,20090304,15.27,15.48,13.66,14.99,118875
AFL,20090305,14.50,14.54,13.14,13.63,152966
AFL,20090306,14.11,14.18,12.65,13.44,136120
AFL,20090309,11.14,12.49,10.83,11.49,190836
AFL,20090310,11.79,13.23,11.33,13.22,156677
AFL,20090311,13.43,13.82,12.82,13.62,117248
AFL,20090312,13.61,15.13,12.57,14.92,139134
AFL,20090313,15.19,15.92,13.50,14.58,141915
AFL,20090316,15.13,16.56,14.90,14.98,120118
AFL,20090317,15.42,16.18,14.33,16.15,108130
AFL,20090318,16.10,21.09,15.72,21.04,221838
AFL,20090319,21.33,21.85,19.62,19.86,176980
AFL,20090320,20.11,20.11,18.04,18.38,114788
AFL,20090323,19.49,21.70,19.29,21.69,134810
AFL,20090324,20.79,22.92,20.30,21.60,125815
AFL,20090325,21.81,22.20,18.60,19.89,157036
AFL,20090326,20.22,20.97,19.61,20.72,109269
AFL,20090327,20.10,20.57,19.70,19.81,95106
AFL,20090330,18.72,18.87,17.50,17.60,98353
AFL,20090331,18.23,19.50,18.00,19.36,94233
AFL,20090401,18.62,19.04,17.25,18.75,121245
AFL,20090402,19.75,21.00,19.65,20.61,110144
AFL,20090403,20.59,21.13,19.89,21.05,87320
AFL,20090406,20.22,21.05,20.00,20.66,60926
AFL,20090407,20.39,20.65,19.72,20.17,77295
AFL,20090408,21.80,22.09,20.33,20.89,81146
AFL,20090409,21.90,24.98,21.75,24.95,142170
AFL,20090413,24.44,25.86,23.86,25.76,112328
AFL,20090414,25.03,26.30,23.70,23.90,121046
AFL,20090415,23.72,25.19,22.90,25.11,73212
AFL,20090416,25.34,27.32,24.69,26.71,119911
AFL,20090417,26.25,29.28,26.25,28.70,123591
AFL,20090420,27.24,27.46,24.88,24.97,169394
AFL,20090421,23.92,29.38,23.58,29.23,184774
AFL,20090422,27.49,29.63,26.91,27.66,137550
AFL,20090423,28.12,28.94,27.23,28.66,86375
AFL,20090424,28.56,29.25,27.80,28.62,89793
AFL,20090427,27.97,28.66,27.49,28.05,81118
AFL,20090428,27.75,28.39,27.50,27.58,76911
AFL,20090429,28.24,29.67,27.71,29.13,91725
AFL,20090430,29.47,30.45,28.60,28.89,120711
AFL,20090501,28.98,29.74,28.60,29.32,60620
AFL,20090504,29.94,30.53,28.74,30.24,98548
AFL,20090505,30.07,31.75,29.80,30.82,74810
AFL,20090506,31.76,33.79,31.10,33.48,128178
AFL,20090507,34.46,35.24,32.86,33.08,104654
AFL,20090508,33.56,37.66,33.40,37.66,109044
AFL,20090511,36.25,36.34,33.40,33.67,98445
AFL,20090512,34.79,35.12,32.88,34.26,80915
AFL,20090513,33.19,33.24,31.23,31.65,96271
AFL,20090514,31.58,34.33,31.03,33.75,78189
AFL,20090515,33.39,33.40,32.00,32.14,70495
AFL,20090518,32.82,35.73,32.50,35.52,100916
AFL,20090519,35.34,35.82,34.02,34.08,80742
AFL,20090520,35.14,36.88,34.30,34.40,95287
AFL,20090521,33.90,34.46,33.18,34.11,65778
AFL,20090522,34.32,35.15,33.55,34.48,56373
AFL,20090526,34.20,36.44,34.05,36.44,68115
AFL,20090527,36.11,36.30,33.50,33.56,77759
AFL,20090528,34.13,36.10,34.02,36.07,74934
AFL,20090529,36.09,36.09,34.40,35.50,76544
AFL,20090601,36.17,37.62,35.83,36.26,81196
AFL,20090602,36.47,37.73,36.30,36.50,62416
AFL,20090603,36.46,36.46,33.63,34.18,84933
AFL,20090604,34.88,35.32,33.88,34.29,79686
AFL,20090605,35.25,35.25,33.00,33.52,71956
AFL,20090608,33.28,34.16,32.82,33.80,53643
AFL,20090609,33.83,34.00,33.02,33.76,49237
AFL,20090610,34.19,34.25,33.14,33.51,48493
AFL,20090611,33.60,34.60,33.15,33.81,37835
AFL,20090612,33.54,33.72,32.51,32.81,37678
AFL,20090615,32.50,32.58,31.50,31.62,43914
AFL,20090616,31.83,32.25,31.27,31.28,36430
AFL,20090617,31.17,31.32,28.83,29.74,69509
AFL,20090618,29.81,30.69,29.75,30.57,45620
AFL,20090619,30.99,31.32,30.56,31.10,46860
AFL,20090622,30.69,30.69,29.22,29.25,53283
AFL,20090623,29.42,30.60,29.18,30.16,46258
AFL,20090624,30.82,31.71,30.33,30.98,41225
AFL,20090625,31.07,31.98,30.47,31.92,39631
AFL,20090626,31.54,32.04,31.32,31.82,27387
AFL,20090629,31.96,32.23,31.50,31.85,31842
AFL,20090630,31.74,31.88,30.59,31.09,39812
AFL,20090701,31.23,31.70,31.07,31.27,36269
AFL,20090702,31.03,31.16,29.39,29.43,48743
AFL,20090706,29.35,30.00,29.00,29.96,42124
AFL,20090707,29.96,30.00,29.08,29.15,46750
AFL,20090708,29.32,29.81,28.17,28.80,65425
AFL,20090709,29.39,29.46,28.68,28.95,38129
AFL,20090710,28.74,28.90,28.25,28.65,38928
AFL,20090713,28.96,30.68,28.44,30.66,63236
AFL,20090714,30.49,31.54,30.47,31.38,52320
AFL,20090715,31.75,32.72,31.43,32.38,77423
AFL,20090716,31.80,32.26,31.24,31.59,54224
AFL,20090717,31.51,31.76,31.00,31.50,34683
AFL,20090720,31.71,32.88,31.71,32.68,40683
AFL,20090721,33.10,33.36,32.72,33.25,49996
AFL,20090722,33.00,33.75,32.54,33.45,29333
AFL,20090723,33.55,35.90,33.31,35.55,58439
AFL,20090724,35.24,36.15,34.86,35.87,33810
AFL,20090727,35.86,36.92,35.71,36.85,36626
AFL,20090728,36.32,37.24,36.11,36.60,38829
AFL,20090729,35.46,36.08,34.78,35.45,60042
AFL,20090730,35.99,38.40,35.82,37.81,66738
AFL,20090731,37.43,37.97,36.49,37.86,48030
AFL,20090803,38.42,38.99,38.05,38.95,39454
AFL,20090804,38.67,39.90,38.48,39.85,44146
AFL,20090805,39.91,40.51,39.24,40.27,52870
AFL,20090806,40.37,40.53,38.78,39.79,47145
AFL,20090807,40.27,42.09,40.06,41.70,52906
AFL,20090810,41.61,41.71,40.38,40.93,30833
AFL,20090811,40.69,41.06,40.13,40.23,37460
AFL,20090812,40.32,42.53,40.05,42.12,53706
AFL,20090813,42.61,42.74,41.72,42.49,29465
AFL,20090814,42.49,42.72,41.32,42.06,32779
AFL,20090817,41.14,41.17,39.61,39.68,45569
AFL,20090818,39.80,40.62,39.51,40.44,26319
AFL,20090819,39.91,41.01,39.41,40.58,28325
AFL,20090820,40.64,41.73,39.82,40.13,59286
AFL,20090821,40.56,42.20,40.30,41.87,58637
AFL,20090824,42.20,42.63,40.93,41.20,32212
AFL,20090825,41.41,42.06,41.23,41.75,39873
AFL,20090826,41.75,41.99,40.90,41.39,37318
AFL,20090827,41.02,41.32,40.18,41.00,36623
AFL,20090828,41.38,41.49,40.45,40.70,32168
AFL,20090831,40.01,40.71,39.97,40.62,35381
AFL,20090901,40.37,40.69,38.05,38.15,66440
AFL,20090902,37.99,39.41,37.74,38.70,41431
AFL,20090903,39.09,39.30,37.90,38.86,37386
AFL,20090904,38.76,39.07,37.82,38.20,42611
AFL,20090908,38.95,39.28,38.57,39.28,40883
AFL,20090909,38.91,40.25,38.83,39.91,41137
AFL,20090910,39.86,40.84,38.68,40.28,32188
AFL,20090911,40.46,41.05,39.76,40.86,37079
AFL,20090914,40.57,41.82,39.94,41.76,34263
AFL,20090915,41.76,41.93,41.04,41.61,36065
AFL,20090916,41.33,43.39,41.28,43.02,51892
AFL,20090917,42.90,44.07,42.37,42.70,44203
AFL,20090918,42.75,43.31,42.50,42.75,41854
AFL,20090921,42.06,42.64,41.78,42.28,35190
AFL,20090922,42.59,43.04,42.55,42.79,28762
AFL,20090923,42.75,43.35,41.92,41.92,32842
AFL,20090924,42.09,42.62,41.00,41.20,37022
AFL,20090925,41.00,41.85,40.47,40.69,29691
AFL,20090928,40.78,42.56,40.67,42.46,32074
AFL,20090929,42.51,43.83,42.30,42.83,58586
AFL,20090930,42.88,43.40,42.02,42.74,45720
AFL,20091001,42.44,42.75,40.55,40.71,54429
AFL,20091002,40.08,41.52,39.82,41.10,40434
AFL,20091005,41.22,41.72,41.01,41.57,41062
AFL,20091006,42.38,43.72,42.21,43.02,39041
AFL,20091007,42.93,43.39,42.52,43.18,29536
AFL,20091008,43.48,44.49,43.45,43.70,37321
AFL,20091009,43.33,45.05,43.33,45.01,38862
AFL,20091012,45.31,45.92,45.00,45.71,37926
AFL,20091013,45.54,45.67,44.80,45.15,44373
AFL,20091014,45.69,46.18,45.39,45.91,39289
AFL,20091015,45.46,45.82,45.26,45.59,33140
AFL,20091016,44.80,45.59,44.43,45.20,40081
AFL,20091019,45.44,46.62,45.38,46.20,34442
AFL,20091020,46.10,46.19,45.47,45.72,38334
AFL,20091021,45.70,46.41,44.75,44.82,32601
AFL,20091022,44.79,45.77,44.31,45.68,33841
AFL,20091023,45.67,45.81,44.22,44.41,31946
AFL,20091026,44.36,44.74,42.56,42.88,37802
AFL,20091027,43.02,43.60,42.16,42.31,44217
AFL,20091028,42.05,42.52,40.49,40.58,66690
AFL,20091029,42.15,43.43,41.75,43.17,72080
AFL,20091030,42.83,43.10,41.02,41.49,65146
AFL,20091102,41.72,42.45,40.37,41.32,35527
AFL,20091103,40.59,41.54,40.07,41.51,51647
AFL,20091104,41.96,42.65,41.15,41.37,43885
AFL,20091105,41.95,42.70,41.34,42.57,44654
AFL,20091106,41.76,42.52,41.39,42.19,28325
AFL,20091109,42.87,43.98,42.66,43.93,37518
AFL,20091110,43.49,44.23,43.29,44.00,31947
AFL,20091111,44.38,45.03,44.23,44.94,37333
AFL,20091112,44.84,44.87,43.98,44.09,37658
AFL,20091113,44.15,45.14,44.15,44.64,28118
AFL,20091116,44.93,45.72,44.88,45.37,28963
AFL,20091117,45.28,45.37,44.64,45.24,24954
AFL,20091118,45.10,45.37,44.49,44.94,25659
AFL,20091119,44.63,44.70,43.23,43.84,42703
AFL,20091120,44.61,45.10,43.97,44.10,47537
AFL,20091123,44.90,45.23,44.64,44.88,35425
AFL,20091124,44.70,44.88,44.07,44.52,33851
AFL,20091125,44.83,45.55,44.62,45.43,24051
AFL,20091127,44.19,44.41,43.51,43.65,22162
AFL,20091130,44.87,46.19,44.70,46.03,60361
AFL,20091201,46.03,47.05,45.72,46.40,48417
AFL,20091202,46.52,47.07,45.88,46.73,31925
AFL,20091203,46.99,47.40,45.34,45.44,44402
AFL,20091204,46.22,46.68,45.00,45.83,44779
AFL,20091207,45.96,46.57,45.53,45.73,30596
AFL,20091208,45.93,46.43,45.59,45.82,34528
AFL,20091209,46.01,46.06,45.01,45.68,32632
AFL,20091210,46.09,46.80,45.86,46.43,40080
AFL,20091211,46.51,46.65,45.97,46.55,25656
AFL,20091214,46.83,47.18,46.60,47.14,30535
AFL,20091215,46.96,47.52,46.63,46.75,32274
AFL,20091216,47.15,47.75,47.01,47.06,35023
AFL,20091217,46.86,46.98,46.05,46.06,27634
AFL,20091218,46.37,46.42,45.54,46.16,37513
AFL,20091221,46.36,46.76,46.08,46.18,23104
AFL,20091222,46.45,46.71,45.97,46.33,24942
AFL,20091223,46.60,46.74,46.26,46.60,14291
AFL,20091224,46.77,47.00,46.38,46.79,6323
AFL,20091228,46.89,47.25,46.61,46.80,15166
AFL,20091229,47.00,47.28,46.86,46.95,12226
AFL,20091230,46.88,46.97,46.58,46.88,11627
AFL,20091231,47.01,47.15,46.24,46.25,14463
AFL,20100104,46.50,47.70,46.50,47.57,23620
AFL,20100105,47.49,49.08,47.06,48.95,39652
AFL,20100106,49.83,49.83,48.72,49.38,29258
AFL,20100107,49.41,50.00,49.00,49.91,27678
AFL,20100108,49.66,49.66,48.75,49.41,21966
AFL,20100111,49.87,50.78,49.71,50.71,28496
AFL,20100112,51.39,51.72,50.27,50.45,38487
AFL,20100113,50.62,51.12,50.43,51.00,25520
AFL,20100114,51.16,51.79,50.68,51.67,22668
AFL,20100115,51.55,51.73,50.67,51.11,29747
AFL,20100119,51.24,52.16,50.94,52.10,32638
AFL,20100120,51.78,51.78,50.75,51.15,26527
AFL,20100121,51.49,51.54,50.10,50.47,40618
AFL,20100122,50.29,50.62,49.00,49.10,41879
AFL,20100125,50.01,50.74,50.01,50.18,49460
AFL,20100126,49.98,51.00,49.64,49.72,49173
AFL,20100127,49.74,50.16,49.07,49.81,41767
AFL,20100128,50.35,50.48,48.81,49.19,42094
AFL,20100129,49.56,49.85,48.20,48.43,42331
AFL,20100201,48.59,49.47,48.59,49.18,34363
AFL,20100202,49.35,49.83,48.71,49.70,50116
AFL,20100203,50.51,51.90,50.51,50.94,59591
AFL,20100204,50.45,50.70,48.23,48.30,54460
AFL,20100205,48.41,48.81,45.95,47.65,89922
AFL,20100208,47.71,47.78,45.87,45.95,65648
AFL,20100209,46.70,47.65,45.78,47.06,55774
AFL,20100210,47.14,47.73,46.31,47.11,33421
AFL,20100211,46.86,47.63,46.11,47.36,33160
AFL,20100212,47.00,47.21,45.87,47.14,51928
AFL,20100216,47.52,48.38,47.15,48.25,31398
AFL,20100217,48.72,49.13,48.33,48.74,29503
AFL,20100218,48.25,49.06,48.05,48.85,24167
AFL,20100219,48.68,49.30,48.11,49.04,36021
AFL,20100222,49.28,49.38,48.80,49.12,27710
AFL,20100223,49.19,49.36,47.79,48.13,28916
AFL,20100224,48.24,49.25,48.24,49.07,22927
AFL,20100225,48.39,49.26,47.95,49.19,27514
AFL,20100226,49.15,49.54,48.83,49.45,23517
AFL,20100301,49.66,50.04,49.53,50.02,26710
AFL,20100302,50.18,50.35,49.73,49.94,23834
AFL,20100303,50.03,50.56,49.99,50.17,25624
AFL,20100304,50.32,50.72,50.25,50.57,25491
AFL,20100305,51.00,51.62,50.41,51.51,25886
AFL,20100308,51.61,52.00,51.49,51.70,22042
AFL,20100309,51.53,51.68,50.92,51.25,22227
AFL,20100310,51.46,52.50,51.09,52.47,35916
AFL,20100311,52.28,52.64,51.91,52.63,25401
AFL,20100312,52.89,53.01,52.25,52.69,18822
AFL,20100315,52.51,52.97,52.25,52.77,25016
AFL,20100316,52.98,53.75,52.75,53.70,23836
AFL,20100317,54.08,55.00,53.85,54.64,27066
AFL,20100318,54.73,54.83,54.40,54.82,24008
AFL,20100319,55.09,55.20,54.06,54.10,37237
AFL,20100322,53.50,53.86,53.06,53.86,21465
AFL,20100323,53.19,53.53,52.61,53.50,38023
AFL,20100324,53.41,53.88,53.19,53.65,23541
AFL,20100325,54.01,54.30,53.12,53.21,27154
AFL,20100326,53.34,54.06,53.21,53.47,24059
AFL,20100329,53.71,54.01,53.48,53.65,23535
AFL,20100330,53.72,53.95,53.37,53.79,27259
AFL,20100331,53.46,54.32,53.46,54.29,31534
AFL,20100401,54.73,55.17,54.43,54.74,22661
AFL,20100405,55.08,55.52,54.90,55.52,20806
AFL,20100406,55.22,56.12,55.12,55.96,24515
AFL,20100407,55.80,55.80,54.85,55.28,27277
AFL,20100408,55.01,55.66,54.86,55.40,27872
AFL,20100409,55.54,55.76,55.05,55.76,18635
AFL,20100412,55.92,55.95,55.43,55.56,22631
AFL,20100413,55.46,55.63,54.84,55.47,24292
AFL,20100414,55.90,56.56,55.59,56.56,23073
AFL,20100415,56.03,56.28,55.23,55.47,32374
AFL,20100416,55.19,55.41,53.74,54.42,48631
AFL,20100419,53.87,54.66,53.66,54.59,26413
AFL,20100420,54.88,55.40,54.73,55.32,21796
AFL,20100421,55.49,55.75,54.14,54.75,23929
AFL,20100422,54.36,54.65,53.50,54.60,24491
AFL,20100423,54.64,55.60,54.32,55.47,25701
AFL,20100426,55.39,55.62,54.67,54.73,24622
AFL,20100427,54.25,54.38,52.21,52.41,42332
AFL,20100428,54.13,54.24,48.73,49.63,149726
AFL,20100429,50.82,52.57,50.50,52.33,96483
AFL,20100430,52.05,52.36,50.93,50.96,44787
AFL,20100503,51.40,51.74,50.84,51.43,32043
AFL,20100504,50.31,50.50,48.06,48.82,96958
AFL,20100505,48.06,49.35,47.25,48.14,65083
AFL,20100506,47.86,49.02,42.49,46.28,101653
AFL,20100507,46.26,46.50,43.40,44.27,113365
AFL,20100510,47.52,50.40,44.51,49.75,138082
AFL,20100511,48.68,50.25,48.36,48.94,52755
AFL,20100512,49.06,50.19,48.75,50.04,44105
AFL,20100513,50.10,50.10,48.41,48.42,27910
AFL,20100514,47.86,47.91,45.00,45.90,86953
AFL,20100517,45.41,46.26,44.63,45.97,53198
AFL,20100518,47.68,47.68,44.51,45.01,66531
AFL,20100519,44.70,45.19,43.13,44.34,77235
AFL,20100520,43.08,43.27,41.23,41.62,74034
AFL,20100521,40.89,43.86,40.51,43.39,100220
AFL,20100524,43.48,43.48,42.16,42.22,55366
AFL,20100525,40.98,42.57,40.32,42.49,64550
AFL,20100526,43.48,44.04,42.55,42.76,63086
AFL,20100527,43.93,45.92,43.67,45.83,72279
AFL,20100528,45.85,45.86,44.10,44.30,50510
AFL,20100601,43.22,44.63,43.00,43.13,47345
AFL,20100602,43.41,44.68,42.84,44.64,50211
AFL,20100603,44.80,45.07,43.66,44.46,31536
AFL,20100604,42.96,43.45,41.04,41.33,67263
AFL,20100607,41.74,42.07,40.38,40.48,61609
AFL,20100608,40.61,41.80,39.91,41.76,67225
AFL,20100609,42.22,42.69,41.04,41.22,55299
AFL,20100610,41.92,42.86,41.73,42.78,40997
AFL,20100611,41.86,42.85,41.66,42.79,30571
AFL,20100614,42.75,43.57,42.29,42.49,37754
AFL,20100615,42.56,44.52,42.51,44.38,54244
AFL,20100616,43.77,44.38,43.71,44.02,37987
AFL,20100617,43.80,44.32,42.94,43.75,43756
AFL,20100618,43.91,44.53,43.90,44.40,42004
AFL,20100621,45.52,45.62,44.13,44.45,37693
AFL,20100622,44.58,45.15,43.70,43.77,44189
AFL,20100623,43.85,43.94,42.67,43.41,40208
AFL,20100624,43.01,43.54,42.52,42.69,39363
AFL,20100625,42.92,43.72,42.34,43.59,45728
AFL,20100628,44.17,46.20,44.07,44.78,70850
AFL,20100629,43.94,44.27,42.03,42.36,86901
AFL,20100630,42.26,43.41,42.22,42.67,62203
AFL,20100701,43.16,43.69,41.55,43.31,62905
AFL,20100702,43.66,43.84,42.53,43.12,35566
AFL,20100706,43.80,44.55,43.12,43.56,51654
AFL,20100707,43.57,45.52,43.42,45.47,59192
AFL,20100708,46.00,47.33,45.84,47.19,60491
AFL,20100709,47.17,48.13,47.00,48.08,38892
AFL,20100712,47.77,48.14,47.43,47.91,28818
AFL,20100713,48.64,49.39,48.34,48.88,58838
AFL,20100714,48.41,49.10,47.89,48.41,40371
AFL,20100715,48.36,48.55,47.13,48.38,39859
AFL,20100716,47.89,47.89,46.08,46.26,42389
AFL,20100719,46.52,46.91,45.71,46.51,32747
AFL,20100720,45.64,47.92,45.53,47.87,40024
AFL,20100721,48.41,48.63,46.49,46.88,51427
AFL,20100722,47.39,49.92,47.10,49.85,74568
AFL,20100723,49.47,50.61,48.58,50.51,74971
AFL,20100726,50.82,51.26,50.40,51.04,56517
AFL,20100727,51.56,51.84,50.03,50.71,56929
AFL,20100728,49.76,50.17,48.87,49.52,66365
AFL,20100729,50.22,50.72,49.09,49.80,47681
AFL,20100730,48.99,49.89,48.54,49.19,46429
AFL,20100802,50.18,51.37,50.06,50.99,45039
AFL,20100803,50.80,50.86,49.64,49.81,41229
AFL,20100804,49.88,51.28,49.83,51.05,40312
AFL,20100805,50.95,51.56,50.50,51.28,28687
AFL,20100806,50.50,51.16,49.72,50.75,29400
AFL,20100809,51.05,51.60,50.75,51.48,27963
AFL,20100810,50.84,51.38,50.37,50.89,27815
AFL,20100811,49.99,50.65,49.39,49.45,42516
AFL,20100812,48.51,49.18,48.36,48.67,45489
AFL,20100813,48.55,48.72,47.72,47.76,36594
AFL,20100816,47.10,47.75,46.85,47.56,24153
AFL,20100817,48.09,48.72,47.76,48.27,30793
AFL,20100818,48.13,48.51,47.81,48.06,29314
AFL,20100819,47.50,47.73,46.35,46.56,43813
AFL,20100820,46.50,46.82,45.69,46.63,39957
AFL,20100823,46.58,46.98,45.96,46.23,33779
AFL,20100824,45.55,45.77,44.91,45.20,43724
AFL,20100825,44.75,46.17,44.35,45.94,44106
AFL,20100826,46.29,46.58,45.51,45.76,38498
AFL,20100827,46.27,47.85,45.42,47.82,36411
AFL,20100830,47.56,47.59,46.40,46.47,22976
AFL,20100831,46.08,47.49,45.69,47.25,41077
AFL,20100901,48.07,49.61,48.00,49.57,52990
AFL,20100902,49.57,50.03,49.19,50.02,43515
AFL,20100903,50.86,51.04,50.26,50.94,35509
AFL,20100907,50.51,50.58,49.39,49.92,30686
AFL,20100908,50.18,51.00,49.97,50.10,32778
AFL,20100909,51.07,51.27,50.20,50.60,23473
AFL,20100910,50.54,50.99,50.21,50.77,19764
AFL,20100913,51.51,52.35,51.38,52.19,34444
AFL,20100914,52.00,52.75,51.51,52.24,32065
AFL,20100915,51.87,52.17,51.32,51.89,27657
AFL,20100916,51.80,51.88,51.26,51.85,19209
AFL,20100917,52.14,52.25,51.51,51.78,25644
AFL,20100920,52.13,53.75,51.99,53.61,32250
AFL,20100921,53.72,53.88,52.91,53.16,30152
AFL,20100922,53.04,53.28,51.72,51.98,26779
AFL,20100923,51.29,51.67,50.34,50.46,37940
AFL,20100924,51.43,52.37,51.25,52.35,27907
AFL,20100927,52.27,52.38,51.65,51.93,23214
AFL,20100928,52.20,52.64,51.09,52.47,22061
AFL,20100929,52.00,52.48,51.46,51.57,24084
AFL,20100930,52.10,52.92,51.70,51.71,39429
AFL,20101001,52.29,52.79,51.54,52.06,32294
AFL,20101004,52.00,52.08,50.92,51.45,26267
AFL,20101005,52.15,53.19,51.35,52.74,37376
AFL,20101006,52.69,53.82,52.20,53.74,38076
AFL,20101007,53.96,54.27,53.14,53.59,24487
AFL,20101008,53.86,54.72,53.56,54.35,26458
AFL,20101011,54.41,54.68,54.10,54.36,16300
AFL,20101012,53.84,54.61,53.66,54.50,21903
AFL,20101013,54.88,55.55,54.70,54.82,26231
AFL,20101014,54.85,55.76,54.50,54.83,34390
AFL,20101015,55.53,55.53,53.78,54.52,33285
AFL,20101018,54.54,55.91,54.54,55.64,25733
AFL,20101019,54.85,55.77,54.29,54.70,30987
AFL,20101020,54.90,55.61,54.76,55.03,30460
AFL,20101021,55.53,55.99,54.83,55.24,33035
AFL,20101022,55.49,55.64,55.07,55.46,20791
AFL,20101025,55.73,56.14,55.10,55.25,29221
AFL,20101026,54.91,55.48,54.80,55.19,29222
AFL,20101027,55.75,56.98,55.35,56.39,48208
AFL,20101028,56.71,56.75,55.55,56.22,25282
AFL,20101029,56.18,56.25,55.40,55.89,21679
AFL,20101101,56.40,56.80,55.35,55.92,16874
AFL,20101102,56.27,56.57,56.12,56.40,13896
AFL,20101103,56.51,56.70,55.44,56.69,29050
AFL,20101104,57.16,58.01,56.85,57.85,34118
AFL,20101105,57.71,58.31,57.28,57.76,32870
AFL,20101108,57.55,57.64,56.95,57.18,24707
AFL,20101109,57.33,57.49,56.31,56.49,36458
AFL,20101110,56.65,56.86,55.62,56.80,30815
AFL,20101111,55.84,55.99,54.37,55.70,39658
AFL,20101112,55.20,55.72,54.38,54.65,34262
AFL,20101115,54.74,55.00,54.41,54.46,27887
AFL,20101116,54.01,54.21,53.12,53.58,39422
AFL,20101117,53.67,53.94,53.23,53.60,32353
AFL,20101118,54.73,55.23,54.51,54.67,32953
AFL,20101119,54.65,54.69,53.82,54.65,32242
AFL,20101122,54.34,54.49,53.47,54.36,21021
AFL,20101123,53.59,53.66,52.68,52.93,29053
AFL,20101124,53.46,54.00,53.25,53.98,23198
AFL,20101126,53.25,53.29,51.42,51.55,33218
AFL,20101129,51.22,52.37,51.03,52.17,49241
AFL,20101130,51.41,52.13,50.89,51.50,45530
AFL,20101201,52.89,53.18,52.23,53.00,42451
AFL,20101202,53.15,54.54,53.13,54.28,34059
AFL,20101203,53.88,54.53,53.54,54.42,21767
AFL,20101206,54.00,54.55,53.80,54.24,23291
AFL,20101207,54.83,54.92,53.66,53.73,28460
AFL,20101208,53.97,54.99,53.70,54.92,29124
AFL,20101209,55.45,56.23,55.07,55.62,27645
AFL,20101210,55.82,56.18,55.12,56.12,26045
AFL,20101213,56.35,56.47,55.86,55.87,28988
AFL,20101214,55.82,56.34,55.21,55.38,24057
AFL,20101215,55.20,55.94,54.94,55.10,32006
AFL,20101216,55.39,55.48,54.66,54.98,27722
AFL,20101217,55.04,56.44,54.87,55.56,51867
AFL,20101220,55.80,56.74,55.72,56.24,26334
AFL,20101221,56.70,56.99,56.20,56.60,22786
AFL,20101222,56.82,57.29,56.64,57.23,21275
AFL,20101223,57.38,57.49,56.87,57.11,20371
AFL,20101227,56.96,57.17,56.65,56.97,12332
AFL,20101228,57.07,57.13,56.69,56.89,12782
AFL,20101229,56.96,57.11,56.65,56.70,15167
AFL,20101230,56.64,56.70,56.01,56.09,15683
AFL,20101231,56.03,56.61,55.80,56.43,13528
AFL,20110103,56.98,57.84,56.88,57.54,29604
AFL,20110104,57.54,57.58,56.10,56.49,38603
AFL,20110105,56.28,56.88,56.11,56.38,34867
AFL,20110106,56.51,56.74,55.80,56.07,28244
AFL,20110107,56.29,56.54,55.52,55.85,24350
AFL,20110110,55.74,55.81,54.80,55.13,3342600
AFL,20110111,55.37,55.95,55.25,55.68,2460500
AFL,20110112,56.04,57.40,56.01,57.15,2940200
AFL,20110113,57.65,58.11,56.84,57.08,2830300
AFL,20110114,56.85,57.71,56.83,57.67,3238700
AFL,20110118,57.58,58.48,56.59,56.94,4266500
AFL,20110119,57.29,57.43,56.54,56.81,3595100
AFL,20110120,57.04,57.97,56.86,57.48,2818100
AFL,20110121,57.75,58.37,57.17,58.11,2904900
AFL,20110124,57.94,58.77,57.83,58.64,2831500
AFL,20110125,58.27,58.78,57.63,58.41,3378700
AFL,20110126,58.72,58.79,58.31,58.36,2590700
AFL,20110127,58.25,58.84,57.60,58.48,4879300
AFL,20110128,58.60,58.70,56.72,56.99,4907200
AFL,20110131,57.86,58.08,57.12,57.58,3204100
AFL,20110201,57.89,58.99,57.75,58.53,4472200
AFL,20110202,57.09,57.95,56.50,57.10,6048600
AFL,20110203,56.92,57.12,56.52,56.86,4031700
AFL,20110204,56.89,57.54,56.66,57.47,2686200
AFL,20110207,57.61,58.72,57.40,58.70,4490000
AFL,20110208,57.70,58.28,57.58,57.90,4232000
AFL,20110209,57.73,57.76,56.92,57.02,3393100
AFL,20110210,56.61,56.92,56.35,56.68,3286600
AFL,20110211,56.22,57.30,56.00,57.22,2865600
AFL,20110214,57.22,57.45,56.46,57.03,2096100
AFL,20110215,56.77,57.24,56.62,57.12,2068800
AFL,20110216,57.28,58.00,57.13,57.85,2553300
AFL,20110217,57.76,59.49,57.59,59.28,3964400
AFL,20110218,59.20,59.34,58.73,59.08,2923400
AFL,20110222,58.19,58.83,57.61,57.96,2736300
AFL,20110223,58.26,58.26,57.15,57.57,2568100
AFL,20110224,57.30,57.85,56.90,57.22,2980700
AFL,20110225,57.57,57.94,57.14,57.84,1673200
AFL,20110228,58.27,59.38,58.13,58.86,2329500
AFL,20110301,59.05,59.54,57.50,57.55,4361500
AFL,20110302,57.28,57.41,56.52,56.59,2774200
AFL,20110303,57.12,57.93,57.12,57.81,2400100
AFL,20110304,57.86,58.35,57.16,57.42,2973400
AFL,20110307,57.64,58.12,56.70,56.76,2809000
AFL,20110308,57.06,57.50,56.81,57.19,2674700
AFL,20110309,57.01,57.15,56.60,56.81,2002500
AFL,20110310,56.22,56.25,55.35,55.70,2964200
AFL,20110311,53.94,55.83,53.75,55.55,5877800
AFL,20110314,52.33,54.82,52.12,53.90,9661300
AFL,20110315,49.14,51.36,48.00,50.89,18346600
AFL,20110316,51.41,52.49,48.93,50.67,14018800
AFL,20110317,51.18,51.65,50.12,50.45,9116500
AFL,20110318,51.31,51.70,50.48,50.67,8333800
AFL,20110321,51.59,52.53,51.29,52.53,4895200
AFL,20110322,52.65,53.88,52.08,52.84,5801300
AFL,20110323,52.72,52.72,51.91,52.46,4025900
AFL,20110324,52.93,53.19,52.60,53.07,2863200
AFL,20110325,53.10,53.21,52.63,52.65,2781600
AFL,20110328,52.85,53.24,52.69,52.70,2650800
AFL,20110329,52.68,52.82,51.82,52.15,3277400
AFL,20110330,52.29,53.13,52.26,52.52,2813800
AFL,20110331,52.33,53.10,52.05,52.78,3292700
AFL,20110401,53.32,53.78,53.03,53.50,3152200
AFL,20110404,53.74,54.42,53.56,54.35,3581200
AFL,20110405,54.31,54.49,53.93,54.37,2494900
AFL,20110406,54.59,54.90,54.21,54.75,2840600
AFL,20110407,54.73,55.24,53.73,54.26,4321200
AFL,20110408,54.51,54.72,53.34,53.66,1883200
AFL,20110411,53.79,54.64,53.63,53.83,2871900
AFL,20110412,53.09,53.43,52.78,53.12,2708800
AFL,20110413,53.56,53.62,52.26,52.41,2693900
AFL,20110414,52.05,52.22,51.42,52.00,2840900
AFL,20110415,52.30,52.38,51.50,52.25,3890100
AFL,20110418,51.42,51.80,51.25,51.58,3526300
AFL,20110419,51.76,52.23,51.58,52.02,2420300
AFL,20110420,53.13,53.93,52.85,53.22,3921300
AFL,20110421,53.40,53.75,52.78,53.66,2783500
AFL,20110425,53.86,53.86,53.10,53.22,2592200
AFL,20110426,53.71,54.24,53.26,53.91,2683500
