AMAT,20090115,9.78,9.84,9.29,9.70,201667
AMAT,20090116,10.18,10.31,9.61,10.18,249841
AMAT,20090120,10.03,10.15,9.40,9.40,172763
AMAT,20090121,9.61,9.61,9.00,9.42,257154
AMAT,20090122,9.02,9.41,8.85,9.15,202724
AMAT,20090123,8.98,9.89,8.94,9.71,196327
AMAT,20090126,9.62,10.09,9.51,9.83,176575
AMAT,20090127,9.93,10.28,9.86,10.08,183140
AMAT,20090128,10.23,10.47,10.16,10.38,156709
AMAT,20090129,10.12,10.20,9.47,9.60,227184
AMAT,20090130,9.69,9.87,9.31,9.37,212535
AMAT,20090202,9.25,9.52,9.07,9.41,243572
AMAT,20090203,9.35,9.59,9.13,9.58,212204
AMAT,20090204,9.56,10.23,9.46,9.83,234128
AMAT,20090205,9.66,10.30,9.66,10.23,227723
AMAT,20090206,10.23,10.51,10.14,10.45,171747
AMAT,20090209,10.46,10.56,10.12,10.20,270474
AMAT,20090210,10.05,10.42,9.68,9.69,359397
AMAT,20090211,9.47,10.05,9.46,9.77,260779
AMAT,20090212,9.60,9.69,9.07,9.42,393981
AMAT,20090213,9.40,9.59,9.26,9.51,285183
AMAT,20090217,9.11,9.15,8.58,8.61,278347
AMAT,20090218,8.64,8.94,8.41,8.59,232576
AMAT,20090219,8.74,8.77,8.25,8.34,304498
AMAT,20090220,8.30,8.93,8.19,8.76,337077
AMAT,20090223,8.80,8.92,8.33,8.37,241082
AMAT,20090224,8.50,8.78,8.41,8.74,225318
AMAT,20090225,8.64,9.79,8.54,9.45,462383
AMAT,20090226,9.46,9.99,9.35,9.84,541328
AMAT,20090227,9.55,9.90,9.21,9.21,393329
AMAT,20090302,9.06,9.30,8.78,8.85,280730
AMAT,20090303,8.99,9.07,8.70,8.85,219135
AMAT,20090304,8.90,9.44,8.89,9.30,217100
AMAT,20090305,9.08,9.39,9.01,9.04,233194
AMAT,20090306,9.09,9.29,8.45,8.70,431406
AMAT,20090309,8.48,9.07,8.46,8.58,193955
AMAT,20090310,8.80,9.25,8.57,9.22,247996
AMAT,20090311,9.19,9.67,9.18,9.60,223641
AMAT,20090312,9.48,10.18,9.44,10.14,248070
AMAT,20090313,10.14,10.61,10.01,10.59,322850
AMAT,20090316,10.68,10.80,10.35,10.43,357926
AMAT,20090317,10.46,10.70,10.22,10.70,255208
AMAT,20090318,10.53,10.90,10.45,10.85,262933
AMAT,20090319,10.98,10.99,10.55,10.70,189774
AMAT,20090320,10.86,10.96,10.08,10.21,236585
AMAT,20090323,10.47,11.07,10.44,11.06,231673
AMAT,20090324,10.81,10.90,10.55,10.59,164409
AMAT,20090325,10.65,11.17,10.61,10.99,299971
AMAT,20090326,11.06,11.69,10.90,11.62,302704
AMAT,20090327,11.43,11.50,11.20,11.23,186606
AMAT,20090330,10.91,11.01,10.47,10.66,188657
AMAT,20090331,10.79,10.92,10.58,10.75,175751
AMAT,20090401,10.55,10.83,10.45,10.76,172953
AMAT,20090402,11.05,11.60,10.98,11.44,199230
AMAT,20090403,11.50,11.82,11.39,11.81,217392
AMAT,20090406,11.70,11.76,11.25,11.56,179899
AMAT,20090407,11.09,11.20,10.40,10.55,265184
AMAT,20090408,10.53,10.83,10.48,10.75,164544
AMAT,20090409,10.95,11.47,10.90,11.45,168587
AMAT,20090413,11.46,11.63,11.21,11.51,158205
AMAT,20090414,11.44,11.89,11.23,11.76,275417
AMAT,20090415,11.45,11.54,11.14,11.43,178364
AMAT,20090416,11.74,11.85,11.32,11.83,145363
AMAT,20090417,11.85,11.99,11.48,11.92,196306
AMAT,20090420,11.67,11.75,11.05,11.13,211506
AMAT,20090421,11.19,11.49,10.95,11.25,205493
AMAT,20090422,11.21,11.94,11.05,11.61,218507
AMAT,20090423,11.70,11.70,11.00,11.45,208372
AMAT,20090424,11.48,11.77,11.18,11.70,173718
AMAT,20090427,11.60,11.92,11.44,11.59,154284
AMAT,20090428,11.52,11.68,11.24,11.41,132982
AMAT,20090429,11.44,11.85,11.30,11.59,155276
AMAT,20090430,11.80,12.40,11.65,12.21,228501
AMAT,20090501,12.46,12.48,11.89,12.18,137749
AMAT,20090504,12.30,12.88,12.24,12.76,174577
AMAT,20090505,12.75,12.88,12.16,12.39,197123
AMAT,20090506,12.59,12.79,12.28,12.68,185066
AMAT,20090507,12.80,12.81,11.64,11.85,270328
AMAT,20090508,12.09,12.10,11.41,11.89,205083
AMAT,20090511,11.75,12.08,11.48,11.78,202626
AMAT,20090512,11.93,11.93,11.15,11.48,277058
AMAT,20090513,11.14,11.37,10.76,10.99,311792
AMAT,20090514,11.06,11.38,10.95,11.06,215115
AMAT,20090515,11.05,11.11,10.60,10.71,235722
AMAT,20090518,10.82,11.15,10.82,11.12,165073
AMAT,20090519,11.20,11.31,10.99,11.13,144613
AMAT,20090520,11.15,11.46,10.92,10.97,209662
AMAT,20090521,10.87,11.03,10.50,10.64,181340
AMAT,20090522,10.65,10.85,10.47,10.67,124696
AMAT,20090526,10.51,11.14,10.47,10.93,224849
AMAT,20090527,10.82,11.40,10.70,11.08,281721
AMAT,20090528,11.16,11.37,10.96,11.30,205101
AMAT,20090529,11.35,11.40,10.93,11.26,222294
AMAT,20090601,11.44,12.10,11.40,12.06,221571
AMAT,20090602,11.87,11.88,11.50,11.61,199335
AMAT,20090603,11.26,11.45,11.13,11.38,174617
AMAT,20090604,11.42,11.69,11.39,11.54,166466
AMAT,20090605,11.28,11.40,10.85,10.98,240784
AMAT,20090608,10.95,11.06,10.75,10.86,207948
AMAT,20090609,10.98,11.16,10.85,11.03,321221
AMAT,20090610,11.16,11.17,10.70,10.92,219940
AMAT,20090611,10.98,11.20,10.88,11.15,225730
AMAT,20090612,11.19,11.24,10.97,11.23,170098
AMAT,20090615,11.07,11.20,10.85,11.10,188166
AMAT,20090616,11.18,11.22,10.86,10.90,178578
AMAT,20090617,10.91,11.10,10.62,10.94,236920
AMAT,20090618,10.99,11.04,10.81,10.84,130688
AMAT,20090619,10.97,11.07,10.81,10.98,174163
AMAT,20090622,10.90,11.00,10.50,10.50,182463
AMAT,20090623,10.46,10.70,10.31,10.61,180386
AMAT,20090624,10.68,10.98,10.67,10.80,152965
AMAT,20090625,10.67,10.98,10.63,10.97,125596
AMAT,20090626,10.93,11.18,10.88,10.91,377686
AMAT,20090629,10.92,11.14,10.83,11.05,126053
AMAT,20090630,11.04,11.23,10.82,11.01,167176
AMAT,20090701,11.05,11.38,11.00,11.13,188039
AMAT,20090702,10.95,11.31,10.93,11.13,292341
AMAT,20090706,11.07,11.41,10.86,11.25,270120
AMAT,20090707,11.25,11.47,10.90,10.93,219404
AMAT,20090708,10.90,10.94,10.54,10.72,184796
AMAT,20090709,10.83,11.03,10.79,10.95,203706
AMAT,20090710,10.89,11.12,10.79,11.00,167170
AMAT,20090713,11.05,11.44,10.82,11.42,243633
AMAT,20090714,11.44,11.69,11.42,11.64,199994
AMAT,20090715,11.87,12.34,11.83,12.31,439871
AMAT,20090716,12.17,12.76,12.11,12.74,289898
AMAT,20090717,12.73,12.75,12.29,12.67,227725
AMAT,20090720,12.74,12.86,12.54,12.79,162704
AMAT,20090721,12.80,12.84,12.34,12.83,251771
AMAT,20090722,12.76,13.35,12.65,13.25,227022
AMAT,20090723,13.27,13.51,13.05,13.49,234066
AMAT,20090724,13.21,13.26,12.91,13.19,216737
AMAT,20090727,13.15,13.32,12.93,13.31,173507
AMAT,20090728,13.19,13.52,13.10,13.38,154554
AMAT,20090729,13.25,13.71,13.21,13.61,213264
AMAT,20090730,13.83,14.19,13.56,13.63,243441
AMAT,20090731,13.64,14.06,13.63,13.80,217161
AMAT,20090803,13.97,14.13,13.80,14.01,154408
AMAT,20090804,13.86,14.01,13.73,13.94,133137
AMAT,20090805,13.91,14.03,13.63,13.73,123040
AMAT,20090806,13.80,13.89,13.37,13.41,189979
AMAT,20090807,13.73,13.78,13.40,13.52,167248
AMAT,20090810,13.57,13.66,13.31,13.53,178854
AMAT,20090811,13.52,13.54,13.16,13.22,282647
AMAT,20090812,13.42,13.90,13.37,13.66,369060
AMAT,20090813,13.79,13.98,13.55,13.97,232533
AMAT,20090814,13.98,13.98,13.40,13.55,242001
AMAT,20090817,13.32,13.36,13.01,13.12,187320
AMAT,20090818,13.19,13.40,13.17,13.37,151139
AMAT,20090819,13.17,13.39,13.13,13.30,196722
AMAT,20090820,13.31,13.50,13.26,13.46,109638
AMAT,20090821,13.58,13.75,13.32,13.74,159819
AMAT,20090824,13.76,13.98,13.41,13.48,217018
AMAT,20090825,13.51,13.61,13.19,13.25,217650
AMAT,20090826,13.23,13.43,13.16,13.32,237503
AMAT,20090827,13.26,13.35,13.12,13.29,223261
AMAT,20090828,13.59,13.67,13.13,13.27,236713
AMAT,20090831,13.14,13.26,13.03,13.18,140358
AMAT,20090901,13.10,13.46,12.88,12.93,234705
AMAT,20090902,12.82,13.03,12.75,12.97,209254
AMAT,20090903,13.04,13.18,12.90,13.15,151564
AMAT,20090904,13.28,13.45,13.17,13.45,122191
AMAT,20090908,13.53,13.69,13.40,13.68,156424
AMAT,20090909,13.64,13.92,13.53,13.90,172738
AMAT,20090910,13.92,13.98,13.53,13.64,292221
AMAT,20090911,13.71,13.84,13.45,13.51,172109
AMAT,20090914,13.39,13.49,13.14,13.30,264928
AMAT,20090915,13.35,13.40,13.15,13.35,211588
AMAT,20090916,13.48,13.50,13.29,13.39,271378
AMAT,20090917,13.34,13.36,12.92,13.03,320244
AMAT,20090918,13.05,13.19,12.95,13.03,237084
AMAT,20090921,12.85,12.86,12.56,12.66,436384
AMAT,20090922,12.85,13.34,12.83,13.27,334870
AMAT,20090923,13.47,13.50,13.21,13.24,247989
AMAT,20090924,13.28,13.30,12.79,13.02,234842
AMAT,20090925,12.96,13.15,12.90,13.10,194800
AMAT,20090928,13.42,13.64,13.41,13.50,178143
AMAT,20090929,13.51,13.54,13.25,13.28,145912
AMAT,20090930,13.42,13.54,13.08,13.38,234257
AMAT,20091001,13.38,13.51,12.88,12.89,288684
AMAT,20091002,12.75,12.84,12.63,12.68,245658
AMAT,20091005,12.80,12.81,12.54,12.76,288328
AMAT,20091006,12.92,13.26,12.92,13.15,193621
AMAT,20091007,13.14,13.15,12.93,13.01,124791
AMAT,20091008,13.06,13.15,12.82,13.08,231783
AMAT,20091009,13.04,13.23,12.92,13.22,251617
AMAT,20091012,13.30,13.85,13.26,13.62,304911
AMAT,20091013,13.69,13.70,13.40,13.44,196735
AMAT,20091014,13.74,13.75,13.41,13.71,304905
AMAT,20091015,13.69,13.75,13.50,13.59,163526
AMAT,20091016,13.43,13.51,13.14,13.38,171044
AMAT,20091019,13.38,13.60,13.26,13.54,159133
AMAT,20091020,13.54,13.76,13.38,13.47,150188
AMAT,20091021,13.42,13.67,13.08,13.12,207560
AMAT,20091022,13.13,13.28,13.01,13.23,183993
AMAT,20091023,13.24,13.25,12.80,12.95,185219
AMAT,20091026,12.97,13.24,12.85,12.93,188943
AMAT,20091027,12.92,13.13,12.60,12.62,157742
AMAT,20091028,12.56,12.74,11.48,12.37,174657
AMAT,20091029,12.42,12.77,12.40,12.75,159337
AMAT,20091030,12.71,12.73,12.16,12.20,195227
AMAT,20091102,12.22,12.47,12.10,12.30,167898
AMAT,20091103,12.06,12.10,11.78,11.89,307565
AMAT,20091104,12.08,12.15,11.93,11.94,215572
AMAT,20091105,12.13,12.44,12.10,12.40,165830
AMAT,20091106,12.39,12.58,12.25,12.40,134320
AMAT,20091109,12.65,13.06,12.57,12.98,221175
AMAT,20091110,13.25,13.30,12.91,13.00,215195
AMAT,20091111,13.30,13.41,13.15,13.25,354664
AMAT,20091112,12.99,13.24,12.78,12.82,266389
AMAT,20091113,12.86,12.93,12.61,12.72,297108
AMAT,20091116,12.80,13.06,12.80,13.05,210167
AMAT,20091117,12.98,13.08,12.85,12.94,181167
AMAT,20091118,12.95,12.98,12.80,12.86,151222
AMAT,20091119,12.66,12.69,12.37,12.48,177662
AMAT,20091120,12.38,12.42,12.20,12.28,224108
AMAT,20091123,12.41,12.59,12.33,12.40,136016
AMAT,20091124,12.40,12.42,12.25,12.35,144216
AMAT,20091125,12.36,12.49,12.30,12.43,78123
AMAT,20091127,12.10,12.41,12.04,12.29,90043
AMAT,20091130,12.26,12.34,12.12,12.31,142555
AMAT,20091201,12.42,12.95,12.40,12.89,332353
AMAT,20091202,12.89,13.08,12.84,13.00,180433
AMAT,20091203,13.09,13.27,13.04,13.07,177815
AMAT,20091204,13.23,13.56,13.05,13.32,200620
AMAT,20091207,13.23,13.52,13.23,13.25,195112
AMAT,20091208,13.24,13.40,13.02,13.32,176925
AMAT,20091209,13.24,13.49,13.14,13.49,172994
AMAT,20091210,13.49,13.64,13.27,13.31,181450
AMAT,20091211,13.35,13.57,13.21,13.38,128189
AMAT,20091214,13.53,13.59,13.31,13.56,144252
AMAT,20091215,13.47,13.71,13.44,13.53,130252
AMAT,20091216,13.57,13.99,13.53,13.59,291167
AMAT,20091217,13.51,13.60,13.35,13.35,119601
AMAT,20091218,13.46,13.63,13.34,13.62,192380
AMAT,20091221,13.77,13.86,13.72,13.84,125594
AMAT,20091222,13.90,14.05,13.88,13.94,139394
AMAT,20091223,14.09,14.22,13.91,13.95,168990
AMAT,20091224,13.99,14.01,13.93,14.00,56635
AMAT,20091228,14.04,14.07,13.75,13.86,91631
AMAT,20091229,13.83,13.93,13.71,13.74,74504
AMAT,20091230,13.70,14.10,13.70,14.06,102093
AMAT,20091231,14.05,14.14,13.92,13.94,90302
AMAT,20100104,14.05,14.57,14.03,14.30,186159
AMAT,20100105,14.24,14.38,14.04,14.19,151736
AMAT,20100106,14.23,14.40,14.10,14.16,137047
AMAT,20100107,14.14,14.21,13.96,14.01,215448
AMAT,20100108,14.24,14.59,14.11,14.55,412133
AMAT,20100111,14.84,14.94,14.45,14.87,336678
AMAT,20100112,14.76,14.77,14.03,14.20,403509
AMAT,20100113,14.29,14.42,13.92,14.27,251372
AMAT,20100114,14.22,14.38,14.02,14.35,269227
AMAT,20100115,14.16,14.34,13.67,13.73,360220
AMAT,20100119,13.77,14.02,13.75,13.97,146209
AMAT,20100120,13.83,13.89,13.65,13.80,192211
AMAT,20100121,13.86,14.09,13.52,13.58,252649
AMAT,20100122,13.35,13.39,12.61,12.63,481051
AMAT,20100125,12.66,12.94,12.59,12.64,397668
AMAT,20100126,12.72,13.01,12.64,12.65,369021
AMAT,20100127,12.75,13.07,12.69,13.04,304495
AMAT,20100128,13.08,13.09,12.35,12.61,350194
AMAT,20100129,12.78,12.85,12.15,12.18,256021
AMAT,20100201,12.34,12.56,12.23,12.52,201521
AMAT,20100202,12.59,12.59,12.35,12.51,215255
AMAT,20100203,12.35,12.48,12.12,12.28,361703
AMAT,20100204,12.22,12.22,11.66,11.80,407363
AMAT,20100205,11.80,12.27,11.68,12.23,437815
AMAT,20100208,12.25,12.33,12.03,12.07,179764
AMAT,20100209,12.24,12.40,12.04,12.15,210842
AMAT,20100210,12.20,12.32,12.10,12.23,172134
AMAT,20100211,12.22,12.53,12.06,12.47,183880
AMAT,20100212,12.30,12.72,12.15,12.47,237485
AMAT,20100216,12.67,12.97,12.56,12.95,216647
AMAT,20100217,13.09,13.15,12.75,12.99,251977
AMAT,20100218,12.78,12.79,12.31,12.68,452001
AMAT,20100219,12.62,12.64,12.35,12.50,290903
AMAT,20100222,12.53,12.59,12.39,12.45,226977
AMAT,20100223,12.45,12.48,11.94,12.01,302380
AMAT,20100224,12.08,12.42,12.05,12.27,256240
AMAT,20100225,12.07,12.25,11.94,12.22,217481
AMAT,20100226,12.27,12.30,12.03,12.24,158821
AMAT,20100301,12.30,12.50,12.29,12.50,164650
AMAT,20100302,12.55,12.64,12.35,12.42,224284
AMAT,20100303,12.45,12.55,12.34,12.39,170298
AMAT,20100304,12.40,12.48,12.09,12.26,274242
AMAT,20100305,12.33,12.43,12.23,12.29,239925
AMAT,20100308,12.52,12.53,12.31,12.36,297116
AMAT,20100309,12.30,12.42,12.24,12.29,245628
AMAT,20100310,12.29,12.55,12.26,12.53,351014
AMAT,20100311,12.50,12.52,12.28,12.41,305940
AMAT,20100312,12.55,12.55,12.30,12.36,250588
AMAT,20100315,12.33,12.33,12.12,12.23,236603
AMAT,20100316,12.23,12.49,12.20,12.45,297884
AMAT,20100317,12.50,12.69,12.45,12.66,277762
AMAT,20100318,12.67,12.77,12.53,12.63,186873
AMAT,20100319,12.67,12.71,12.37,12.49,247664
AMAT,20100322,12.44,12.82,12.39,12.78,262570
AMAT,20100323,12.82,13.32,12.80,13.24,396496
AMAT,20100324,13.18,13.23,12.91,13.00,341346
AMAT,20100325,13.10,13.38,13.09,13.16,382787
AMAT,20100326,13.28,13.45,13.01,13.21,300909
AMAT,20100329,13.28,13.45,13.22,13.31,278276
AMAT,20100330,13.38,13.60,13.23,13.45,393567
AMAT,20100331,13.44,13.75,13.43,13.47,408052
AMAT,20100401,13.63,13.73,13.27,13.35,371128
AMAT,20100405,13.42,13.61,13.37,13.52,293304
AMAT,20100406,13.43,13.56,13.39,13.48,164128
AMAT,20100407,13.47,13.71,13.37,13.58,208705
AMAT,20100408,13.50,13.50,13.30,13.34,291771
AMAT,20100409,13.36,13.47,13.31,13.47,154472
AMAT,20100412,13.50,13.74,13.42,13.63,242116
AMAT,20100413,13.60,13.84,13.56,13.80,283853
AMAT,20100414,14.04,14.50,14.00,14.41,454054
AMAT,20100415,14.45,14.49,14.26,14.34,229657
AMAT,20100416,14.27,14.45,14.18,14.36,337658
AMAT,20100419,14.26,14.39,13.99,14.30,256950
AMAT,20100420,14.37,14.46,14.23,14.46,184780
AMAT,20100421,14.47,14.50,14.12,14.43,192256
AMAT,20100422,14.22,14.41,13.97,14.37,331278
AMAT,20100423,14.37,14.48,14.18,14.47,237018
AMAT,20100426,14.45,14.57,14.30,14.36,172737
AMAT,20100427,14.31,14.39,13.90,13.93,301019
AMAT,20100428,14.02,14.16,13.85,14.05,239977
AMAT,20100429,14.10,14.28,14.01,14.26,208985
AMAT,20100430,14.31,14.31,13.76,13.78,258973
AMAT,20100503,13.85,14.10,13.77,14.00,174582
AMAT,20100504,13.82,13.82,13.18,13.39,372648
AMAT,20100505,13.27,13.48,13.08,13.22,261512
AMAT,20100506,13.12,13.36,11.99,12.71,439905
AMAT,20100507,12.64,12.74,12.03,12.50,383986
AMAT,20100510,12.99,13.39,12.85,13.19,279172
AMAT,20100511,13.03,13.61,12.96,13.36,375435
AMAT,20100512,13.44,13.81,13.39,13.77,329239
AMAT,20100513,13.68,13.76,13.15,13.23,227107
AMAT,20100514,13.16,13.16,12.75,12.95,272514
AMAT,20100517,12.96,13.24,12.80,13.18,184435
AMAT,20100518,13.37,13.45,12.88,12.94,252732
AMAT,20100519,12.90,13.21,12.78,13.02,361209
AMAT,20100520,12.50,13.04,12.34,12.69,466620
AMAT,20100521,12.32,12.92,12.30,12.72,412097
AMAT,20100524,12.53,12.70,12.41,12.49,204246
AMAT,20100525,12.14,12.69,12.05,12.67,259510
AMAT,20100526,12.75,12.94,12.52,12.52,241849
AMAT,20100527,12.80,13.11,12.80,13.07,216428
AMAT,20100528,13.01,13.10,12.75,12.92,172313
AMAT,20100601,12.82,13.00,12.58,12.59,206895
AMAT,20100602,12.68,12.87,12.53,12.85,195684
AMAT,20100603,12.88,13.08,12.79,13.03,199156
AMAT,20100604,12.69,12.99,12.50,12.57,207672
AMAT,20100607,12.60,12.73,12.17,12.18,190051
AMAT,20100608,12.21,12.36,11.98,12.34,181825
AMAT,20100609,12.42,12.67,12.13,12.19,192531
AMAT,20100610,12.40,12.63,12.32,12.53,219265
AMAT,20100611,12.40,12.78,12.37,12.69,164386
AMAT,20100614,12.81,12.92,12.66,12.69,172921
AMAT,20100615,12.71,13.30,12.66,13.26,253528
AMAT,20100616,13.23,13.49,13.10,13.39,186749
AMAT,20100617,13.49,13.50,13.09,13.40,153602
AMAT,20100618,13.38,13.50,13.25,13.34,153090
AMAT,20100621,13.50,13.54,13.16,13.26,144154
AMAT,20100622,13.32,13.50,13.01,13.06,162890
AMAT,20100623,13.13,13.30,12.90,13.12,175360
AMAT,20100624,13.03,13.07,12.67,12.76,192777
AMAT,20100625,12.76,13.01,12.50,12.95,483038
AMAT,20100628,12.89,12.99,12.67,12.83,160847
AMAT,20100629,12.58,12.65,12.25,12.32,294425
AMAT,20100630,12.27,12.47,12.00,12.02,257833
AMAT,20100701,12.02,12.18,11.73,12.00,273084
AMAT,20100702,12.00,12.11,11.76,12.00,212037
AMAT,20100706,12.14,12.17,11.61,11.78,301616
AMAT,20100707,11.81,12.21,11.72,12.19,263498
AMAT,20100708,12.25,12.31,11.92,12.11,264227
AMAT,20100709,12.15,12.31,12.01,12.30,186873
AMAT,20100712,12.19,12.47,12.18,12.31,136742
AMAT,20100713,12.50,12.62,12.46,12.52,232379
AMAT,20100714,12.66,12.78,12.46,12.53,209518
AMAT,20100715,12.55,12.57,12.27,12.46,196919
AMAT,20100716,12.44,12.45,12.18,12.19,205751
AMAT,20100719,12.24,12.40,12.19,12.38,133061
AMAT,20100720,12.12,12.37,11.89,12.34,227478
AMAT,20100721,12.55,12.71,12.17,12.20,299222
AMAT,20100722,12.35,12.61,12.33,12.45,218629
AMAT,20100723,12.38,12.55,12.25,12.51,142146
AMAT,20100726,12.47,12.64,12.29,12.56,156426
AMAT,20100727,12.60,12.67,12.30,12.61,190619
AMAT,20100728,12.59,12.65,12.26,12.35,183429
AMAT,20100729,12.35,12.39,11.78,11.94,363658
AMAT,20100730,11.85,11.92,11.66,11.80,262684
AMAT,20100802,12.00,12.15,11.94,12.01,201989
AMAT,20100803,11.88,11.91,11.65,11.82,236391
AMAT,20100804,12.01,12.02,11.65,11.87,175940
AMAT,20100805,11.85,11.97,11.70,11.81,145804
AMAT,20100806,11.70,11.87,11.66,11.84,158896
AMAT,20100809,11.94,11.97,11.73,11.87,92371
AMAT,20100810,11.78,11.81,11.39,11.53,252007
AMAT,20100811,11.33,11.37,11.11,11.21,207669
AMAT,20100812,10.98,11.22,10.94,11.16,279439
AMAT,20100813,11.12,11.34,11.11,11.17,159012
AMAT,20100816,11.11,11.37,11.03,11.21,191765
AMAT,20100817,11.33,11.47,11.25,11.39,153405
AMAT,20100818,11.35,11.53,11.28,11.38,126032
AMAT,20100819,11.41,11.62,11.29,11.36,219449
AMAT,20100820,11.26,11.42,11.07,11.09,272539
AMAT,20100823,11.11,11.22,10.95,10.99,263405
AMAT,20100824,10.82,10.90,10.59,10.59,372642
AMAT,20100825,10.49,10.77,10.33,10.71,319056
AMAT,20100826,10.73,10.81,10.51,10.53,253023
AMAT,20100827,10.57,10.78,10.30,10.69,232800
AMAT,20100830,10.67,10.74,10.47,10.47,163577
AMAT,20100831,10.43,10.60,10.27,10.37,301027
AMAT,20100901,10.50,10.90,10.50,10.71,307180
AMAT,20100902,10.68,10.81,10.59,10.79,195872
AMAT,20100903,11.00,11.10,10.79,10.98,167983
AMAT,20100907,10.93,10.99,10.72,10.82,315034
AMAT,20100908,10.86,10.89,10.47,10.58,303293
AMAT,20100909,10.71,10.96,10.61,10.78,242385
AMAT,20100910,10.78,10.91,10.54,10.68,229278
AMAT,20100913,10.74,10.87,10.71,10.78,232989
AMAT,20100914,10.80,11.19,10.72,11.11,261269
AMAT,20100915,11.06,11.09,10.86,11.04,189157
AMAT,20100916,11.00,11.14,10.86,11.08,217498
AMAT,20100917,11.13,11.15,10.88,11.02,234007
AMAT,20100920,11.01,11.20,10.90,11.16,193013
AMAT,20100921,11.22,11.33,11.13,11.25,268000
AMAT,20100922,11.24,11.32,11.07,11.16,207413
AMAT,20100923,11.05,11.45,10.99,11.29,225147
AMAT,20100924,11.47,11.68,11.41,11.63,220558
AMAT,20100927,11.61,11.70,11.50,11.54,120554
AMAT,20100928,11.55,11.77,11.43,11.73,213705
AMAT,20100929,11.62,11.82,11.51,11.68,219204
AMAT,20100930,11.72,11.85,11.51,11.68,236972
AMAT,20101001,11.75,11.83,11.59,11.71,180172
AMAT,20101004,11.67,11.73,11.36,11.49,157530
AMAT,20101005,11.61,11.90,11.60,11.86,209983
AMAT,20101006,11.80,11.81,11.60,11.73,190007
AMAT,20101007,11.79,11.83,11.63,11.73,184651
AMAT,20101008,11.63,11.86,11.48,11.82,258348
AMAT,20101011,11.82,11.92,11.77,11.82,145400
AMAT,20101012,11.79,11.99,11.70,11.96,183052
AMAT,20101013,12.00,12.05,11.81,11.97,164712
AMAT,20101014,12.00,12.07,11.86,11.91,161671
AMAT,20101015,12.03,12.05,11.86,12.02,200403
AMAT,20101018,11.97,12.03,11.77,11.95,138844
AMAT,20101019,11.87,12.02,11.60,11.78,269416
AMAT,20101020,11.81,12.05,11.81,11.94,165265
AMAT,20101021,11.96,12.00,11.80,11.90,145619
AMAT,20101022,11.90,12.16,11.84,12.13,182483
AMAT,20101025,12.21,12.25,12.14,12.15,123799
AMAT,20101026,12.07,12.20,11.97,12.09,115616
AMAT,20101027,11.98,12.24,11.96,12.24,118330
AMAT,20101028,12.18,12.29,12.14,12.25,126358
AMAT,20101029,12.28,12.38,12.21,12.35,111374
AMAT,20101101,12.35,12.44,12.17,12.37,163355
AMAT,20101102,12.42,12.50,12.32,12.48,115751
AMAT,20101103,12.47,12.55,12.33,12.54,123246
AMAT,20101104,12.66,12.89,12.64,12.89,163411
AMAT,20101105,12.89,13.06,12.86,12.98,151636
AMAT,20101108,12.95,12.99,12.77,12.80,164747
AMAT,20101109,12.85,13.08,12.75,12.82,144562
AMAT,20101110,12.83,12.89,12.62,12.85,157084
AMAT,20101111,12.57,12.67,12.48,12.63,150488
AMAT,20101112,12.56,12.74,12.53,12.59,146865
AMAT,20101115,12.72,12.80,12.60,12.61,126280
AMAT,20101116,12.49,12.69,12.41,12.46,171216
AMAT,20101117,12.47,12.63,12.34,12.38,147736
AMAT,20101118,12.56,12.85,12.50,12.65,218405
AMAT,20101119,12.63,12.66,12.49,12.53,169229
AMAT,20101122,12.39,12.61,12.34,12.53,149742
AMAT,20101123,12.34,12.45,12.30,12.41,116130
AMAT,20101124,12.43,12.71,12.42,12.59,110245
AMAT,20101126,12.52,12.65,12.51,12.53,40262
AMAT,20101129,12.43,12.56,12.35,12.52,167306
AMAT,20101130,12.40,12.50,12.30,12.43,132172
AMAT,20101201,12.66,12.82,12.63,12.77,139690
AMAT,20101202,12.74,13.00,12.62,12.91,125924
AMAT,20101203,12.88,13.10,12.86,13.06,103770
AMAT,20101206,13.02,13.04,12.90,13.02,82396
AMAT,20101207,13.15,13.20,12.98,12.99,125002
AMAT,20101208,13.01,13.10,12.99,13.04,103916
AMAT,20101209,13.14,13.30,13.12,13.28,114918
AMAT,20101210,13.28,13.39,13.20,13.36,99013
AMAT,20101213,13.39,13.40,13.21,13.22,94738
AMAT,20101214,13.25,13.31,13.18,13.30,95734
AMAT,20101215,13.27,13.38,13.15,13.20,101430
AMAT,20101216,13.25,13.40,13.18,13.38,83761
AMAT,20101217,13.47,13.72,13.44,13.61,196905
AMAT,20101220,13.63,13.80,13.57,13.60,124751
AMAT,20101221,13.65,13.96,13.64,13.91,145913
AMAT,20101222,13.86,14.02,13.78,14.00,96995
AMAT,20101223,13.98,14.10,13.96,14.00,66778
AMAT,20101227,13.98,14.13,13.91,14.08,64014
AMAT,20101228,14.04,14.14,14.02,14.10,69925
AMAT,20101229,14.09,14.16,14.05,14.12,59936
AMAT,20101230,14.14,14.20,14.07,14.13,56498
AMAT,20101231,14.13,14.15,14.00,14.05,56605
AMAT,20110103,14.15,14.29,14.01,14.06,109436
AMAT,20110104,14.06,14.10,13.91,13.97,165187
AMAT,20110105,13.82,13.93,13.72,13.76,244069
AMAT,20110106,13.82,14.10,13.80,13.89,189423
AMAT,20110107,13.93,14.03,13.79,13.96,108381
AMAT,20110110,13.89,13.94,13.68,13.77,15011300
AMAT,20110111,13.87,14.10,13.84,14.08,17290200
AMAT,20110112,14.17,14.30,14.07,14.26,8612100
AMAT,20110113,14.28,14.34,14.20,14.24,9322400
AMAT,20110114,14.64,15.32,14.57,15.32,36689800
AMAT,20110118,15.26,15.35,14.99,15.20,33814200
AMAT,20110119,15.14,15.35,15.09,15.23,27347900
AMAT,20110120,15.23,15.23,14.71,15.06,21092300
AMAT,20110121,15.17,15.19,14.97,15.01,12815900
AMAT,20110124,15.09,15.40,15.00,15.37,14403900
AMAT,20110125,15.29,15.40,15.13,15.37,18445600
AMAT,20110126,15.35,15.57,15.31,15.46,13248200
AMAT,20110127,15.45,16.15,15.45,16.10,24319000
AMAT,20110128,16.20,16.25,15.67,15.77,24074100
AMAT,20110131,15.87,16.13,15.62,15.69,24068000
AMAT,20110201,15.80,16.27,15.69,16.22,21935800
AMAT,20110202,16.16,16.52,16.15,16.35,22846900
AMAT,20110203,16.34,16.34,15.99,16.14,20212200
AMAT,20110204,16.16,16.50,16.02,16.49,15018800
AMAT,20110207,16.52,16.67,16.27,16.39,15425000
AMAT,20110208,16.39,16.43,16.07,16.16,16694100
AMAT,20110209,16.09,16.10,15.77,15.87,20651800
AMAT,20110210,15.76,16.14,15.66,16.12,19010900
AMAT,20110211,16.04,16.15,15.90,16.01,12939900
AMAT,20110214,16.01,16.22,15.98,16.20,12982800
AMAT,20110215,16.19,16.22,16.01,16.12,12138900
AMAT,20110216,16.22,16.57,16.14,16.35,18176100
AMAT,20110217,16.31,16.54,16.18,16.42,13520600
AMAT,20110218,16.49,16.50,16.27,16.47,12380200
AMAT,20110222,16.26,16.27,15.62,15.66,25417700
AMAT,20110223,15.82,16.04,15.45,15.64,24399900
AMAT,20110224,15.69,15.87,15.52,15.83,18660300
AMAT,20110225,16.10,16.15,15.71,16.12,20071400
AMAT,20110228,16.13,16.54,16.13,16.43,26338800
AMAT,20110301,16.55,16.75,16.16,16.20,34048400
AMAT,20110302,16.12,16.47,16.12,16.42,19128000
AMAT,20110303,16.49,16.93,16.49,16.85,17570800
AMAT,20110304,16.84,16.87,16.58,16.73,14204700
AMAT,20110307,16.77,16.77,15.74,15.96,24768000
AMAT,20110308,15.98,16.00,15.67,15.79,28212900
AMAT,20110309,15.73,15.77,15.16,15.30,32174600
AMAT,20110310,15.08,15.23,14.93,14.96,23029200
AMAT,20110311,14.88,15.24,14.77,15.00,16362700
AMAT,20110314,14.93,15.09,14.81,14.96,15936300
AMAT,20110315,14.48,14.96,14.25,14.88,21222000
AMAT,20110316,14.78,14.94,14.36,14.46,24530800
AMAT,20110317,14.68,14.97,14.67,14.83,15750300
AMAT,20110318,15.06,15.10,14.78,14.84,19567600
AMAT,20110321,15.10,15.36,15.05,15.21,13053300
AMAT,20110322,15.16,15.28,15.05,15.11,10673300
AMAT,20110323,15.05,15.21,14.81,15.16,17119100
AMAT,20110324,15.31,15.46,15.13,15.44,14958900
AMAT,20110325,15.43,15.59,15.35,15.43,13937100
AMAT,20110328,15.44,15.55,15.38,15.47,11868500
AMAT,20110329,15.41,15.82,15.37,15.70,16816500
AMAT,20110330,15.76,15.89,15.56,15.73,11390500
AMAT,20110331,15.74,15.86,15.59,15.62,11448600
AMAT,20110401,15.81,15.85,15.46,15.53,12739400
AMAT,20110404,15.53,15.58,15.26,15.40,21009900
AMAT,20110405,15.40,15.62,15.38,15.53,13785600
AMAT,20110406,15.61,15.85,15.54,15.75,13351600
AMAT,20110407,15.67,15.69,15.24,15.50,18218500
AMAT,20110408,15.57,15.64,15.26,15.31,10591800
AMAT,20110411,15.33,15.40,15.17,15.33,12408700
AMAT,20110412,15.20,15.24,14.89,15.03,17063400
AMAT,20110413,15.08,15.14,14.82,14.88,16177000
AMAT,20110414,14.73,14.85,14.66,14.78,19631400
AMAT,20110415,14.86,14.90,14.62,14.72,19034200
AMAT,20110418,14.56,14.60,14.41,14.48,19711100
AMAT,20110419,14.47,14.77,14.47,14.61,14145500
AMAT,20110420,15.15,15.44,15.13,15.28,18697000
AMAT,20110421,15.19,15.26,15.01,15.25,12822500
AMAT,20110425,15.27,15.31,15.13,15.30,11308500
AMAT,20110426,15.34,15.61,15.30,15.61,16597600
