AMP,20090115,20.10,21.04,18.88,19.97,41283
AMP,20090116,20.75,21.58,19.93,21.31,59000
AMP,20090120,20.14,21.29,17.58,17.58,57353
AMP,20090121,18.10,20.82,17.62,20.51,68853
AMP,20090122,19.75,20.85,18.82,19.18,47166
AMP,20090123,18.09,20.07,18.09,19.46,51374
AMP,20090126,19.64,21.10,19.27,19.92,40368
AMP,20090127,20.35,20.70,19.50,20.48,29462
AMP,20090128,21.59,22.80,21.23,22.12,62319
AMP,20090129,21.28,22.13,20.00,21.24,42453
AMP,20090130,21.60,21.84,19.90,20.15,34548
AMP,20090202,19.49,21.54,19.22,21.34,38954
AMP,20090203,21.64,21.72,19.80,20.83,39212
AMP,20090204,20.99,21.56,20.46,20.78,38559
AMP,20090205,20.58,22.43,20.27,21.87,40150
AMP,20090206,22.27,22.66,21.35,21.68,66293
AMP,20090209,21.66,22.61,21.13,21.83,40515
AMP,20090210,21.55,22.06,19.65,19.87,51622
AMP,20090211,20.33,20.85,19.63,20.81,28792
AMP,20090212,19.76,21.12,19.54,20.94,33083
AMP,20090213,20.75,21.13,20.32,20.46,28664
AMP,20090217,19.31,19.64,17.98,18.04,49613
AMP,20090218,18.33,18.91,17.49,18.61,57455
AMP,20090219,18.70,19.00,16.97,17.09,46881
AMP,20090220,16.43,17.72,15.91,17.15,60314
AMP,20090223,17.47,17.70,15.88,15.99,47463
AMP,20090224,16.11,17.79,15.93,17.75,45295
AMP,20090225,17.44,17.64,16.32,16.88,50499
AMP,20090226,17.58,17.69,16.35,16.70,38819
AMP,20090227,16.04,16.59,15.55,15.94,38803
AMP,20090302,15.24,15.91,14.86,14.99,45799
AMP,20090303,15.21,15.22,14.31,14.57,42217
AMP,20090304,15.20,15.88,14.32,15.47,42877
AMP,20090305,15.02,15.40,13.84,14.21,49786
AMP,20090306,14.45,14.72,13.50,14.20,49533
AMP,20090309,14.24,14.72,13.53,13.80,38716
AMP,20090310,14.26,15.71,14.01,15.69,52338
AMP,20090311,15.79,16.97,15.25,16.67,46422
AMP,20090312,16.33,17.87,16.02,17.74,42895
AMP,20090313,17.94,18.44,17.17,17.91,33805
AMP,20090316,18.35,18.75,16.76,16.87,45912
AMP,20090317,17.02,18.31,16.84,18.28,48121
AMP,20090318,17.70,20.30,17.60,20.17,69025
AMP,20090319,20.55,20.55,19.22,19.39,47885
AMP,20090320,19.21,19.69,18.57,18.73,43400
AMP,20090323,19.59,21.89,19.43,21.86,48057
AMP,20090324,20.69,21.82,20.14,20.60,42368
AMP,20090325,20.62,21.52,19.91,21.30,35506
AMP,20090326,21.70,21.77,20.82,21.50,42019
AMP,20090327,20.78,21.36,20.60,20.71,30226
AMP,20090330,19.21,20.35,18.76,18.89,36500
AMP,20090331,19.37,20.73,19.21,20.49,41872
AMP,20090401,19.76,21.15,19.76,21.00,28292
AMP,20090402,21.78,22.26,21.36,21.77,44045
AMP,20090403,21.92,22.89,21.52,22.84,27885
AMP,20090406,22.36,22.62,21.61,22.11,30711
AMP,20090407,21.39,21.39,20.63,20.63,27867
AMP,20090408,21.32,22.08,21.32,22.01,32039
AMP,20090409,22.99,24.26,22.50,24.18,41154
AMP,20090413,22.95,24.68,22.94,24.31,30543
AMP,20090414,23.61,23.96,21.99,22.15,42458
AMP,20090415,21.47,23.59,21.41,23.51,33459
AMP,20090416,23.69,24.84,23.11,24.62,45721
AMP,20090417,24.78,25.26,23.95,24.86,39808
AMP,20090420,25.51,25.56,23.72,23.77,61041
AMP,20090421,23.03,24.23,22.21,24.20,67329
AMP,20090422,24.37,26.45,23.82,25.35,83910
AMP,20090423,25.30,26.36,24.66,26.17,38076
AMP,20090424,26.18,26.88,25.37,26.44,38445
AMP,20090427,25.66,26.55,25.65,25.88,28689
AMP,20090428,25.12,26.23,24.72,24.86,40988
AMP,20090429,25.10,26.44,24.96,26.32,43391
AMP,20090430,26.44,26.89,25.98,26.35,29076
AMP,20090501,26.34,26.46,25.83,26.45,33876
AMP,20090504,25.93,26.90,25.26,26.86,48512
AMP,20090505,26.35,26.69,26.00,26.23,29035
AMP,20090506,26.93,27.91,26.11,27.60,38170
AMP,20090507,28.43,29.55,26.74,26.90,42059
AMP,20090508,27.39,29.05,27.28,29.02,48673
AMP,20090511,27.87,28.15,25.97,26.11,43343
AMP,20090512,26.29,26.62,24.91,25.66,42367
AMP,20090513,25.29,25.54,24.29,24.46,36659
AMP,20090514,24.39,25.48,24.14,25.06,26764
AMP,20090515,25.11,26.08,24.56,25.40,30244
AMP,20090518,25.94,27.61,25.46,27.44,43302
AMP,20090519,27.30,29.48,26.89,28.94,69215
AMP,20090520,29.42,29.84,27.58,28.06,45547
AMP,20090521,27.60,28.43,27.26,28.37,30120
AMP,20090522,28.48,29.08,28.17,28.73,29113
AMP,20090526,28.46,29.79,28.06,29.72,35899
AMP,20090527,29.80,30.08,28.50,28.65,40942
AMP,20090528,29.04,29.50,28.42,29.48,27905
AMP,20090529,29.35,30.25,28.59,30.20,29912
AMP,20090601,30.55,31.16,30.00,30.93,43809
AMP,20090602,30.77,31.13,29.88,29.97,48236
AMP,20090603,29.42,29.88,28.96,29.39,38395
AMP,20090604,29.67,30.65,29.33,30.55,37496
AMP,20090605,30.96,30.97,29.30,29.65,41739
AMP,20090608,29.34,29.52,28.27,28.54,47028
AMP,20090609,28.69,29.11,28.32,28.39,41149
AMP,20090610,27.02,27.54,25.65,26.33,77882
AMP,20090611,26.19,26.53,25.62,25.69,60966
AMP,20090612,24.99,25.01,24.25,24.32,346781
AMP,20090615,24.24,24.80,24.08,24.78,92492
AMP,20090616,24.79,24.85,24.19,24.41,52188
AMP,20090617,24.30,24.40,23.76,23.85,56174
AMP,20090618,23.93,24.19,23.75,23.84,43923
AMP,20090619,24.05,24.08,23.44,24.00,68163
AMP,20090622,23.63,23.86,22.75,22.79,62619
AMP,20090623,22.97,23.21,22.55,23.01,47638
AMP,20090624,23.22,24.15,23.09,23.95,47154
AMP,20090625,23.71,24.17,23.53,24.03,31550
AMP,20090626,23.95,24.10,23.66,23.89,29092
AMP,20090629,23.63,24.30,23.56,24.15,36626
AMP,20090630,24.18,24.41,23.78,24.27,54178
AMP,20090701,24.40,24.87,24.00,24.61,31139
AMP,20090702,24.27,24.49,23.34,23.34,30922
AMP,20090706,23.19,23.73,22.95,23.73,31918
AMP,20090707,23.49,23.70,22.53,22.57,27654
AMP,20090708,22.77,22.84,21.60,22.01,39294
AMP,20090709,22.35,22.84,22.23,22.53,21083
AMP,20090710,22.29,22.45,21.96,22.14,20014
AMP,20090713,22.52,23.43,22.02,23.43,29959
AMP,20090714,23.37,23.53,22.86,23.51,19468
AMP,20090715,23.82,24.66,23.78,24.40,29778
AMP,20090716,24.09,24.91,23.85,24.69,23313
AMP,20090717,24.69,24.84,24.25,24.63,19861
AMP,20090720,24.73,25.05,24.58,24.95,24077
AMP,20090721,24.97,25.15,24.63,25.10,33017
AMP,20090722,24.74,25.15,24.65,24.99,26411
AMP,20090723,25.08,26.48,24.86,26.17,48189
AMP,20090724,24.66,26.29,24.09,25.77,67992
AMP,20090727,25.81,27.29,25.78,27.22,43649
AMP,20090728,26.91,27.22,26.27,26.69,40636
AMP,20090729,26.63,26.74,25.99,26.58,25657
AMP,20090730,26.72,28.29,26.59,28.04,42406
AMP,20090731,27.97,28.25,27.73,27.80,39831
AMP,20090803,28.51,28.51,27.52,27.72,35312
AMP,20090804,27.60,28.34,27.35,28.31,25704
AMP,20090805,28.19,28.98,27.59,28.79,27936
AMP,20090806,29.16,29.41,27.80,28.00,39382
AMP,20090807,28.43,29.93,28.19,29.60,39623
AMP,20090810,29.55,29.74,28.73,29.12,16764
AMP,20090811,28.99,29.13,27.71,27.82,26738
AMP,20090812,27.90,29.25,27.60,28.72,21082
AMP,20090813,28.93,29.34,28.61,29.17,18257
AMP,20090814,29.00,29.16,28.59,28.86,23898
AMP,20090817,28.24,28.50,27.33,27.36,21479
AMP,20090818,27.53,28.10,27.52,28.04,20039
AMP,20090819,27.60,28.11,27.40,28.03,13976
AMP,20090820,28.09,29.18,28.05,29.15,24515
AMP,20090821,29.25,29.87,29.00,29.82,23186
AMP,20090824,29.98,30.45,29.46,29.66,23019
AMP,20090825,29.99,30.62,29.79,30.36,26959
AMP,20090826,30.19,30.32,29.68,29.82,25945
AMP,20090827,29.99,30.08,29.19,30.06,19526
AMP,20090828,30.36,30.39,29.65,30.20,13519
AMP,20090831,29.71,30.18,29.53,30.03,26163
AMP,20090901,30.00,30.04,28.07,28.25,36237
AMP,20090902,28.43,28.43,27.74,28.01,23623
AMP,20090903,28.41,28.93,28.03,28.91,22248
AMP,20090904,28.91,29.12,28.59,29.00,17709
AMP,20090908,29.39,29.60,28.88,29.57,19868
AMP,20090909,29.55,30.12,29.19,30.10,19071
AMP,20090910,30.03,31.03,29.39,31.00,26255
AMP,20090911,31.08,31.14,30.23,30.25,26170
AMP,20090914,29.86,31.66,29.83,31.63,29660
AMP,20090915,31.75,31.98,31.39,31.72,25716
AMP,20090916,31.85,33.31,31.69,33.06,37234
AMP,20090917,33.00,33.66,32.59,32.63,23221
AMP,20090918,32.84,33.02,32.24,32.76,27691
AMP,20090921,32.47,32.70,32.17,32.27,20884
AMP,20090922,32.70,33.16,32.49,32.88,32004
AMP,20090923,32.75,33.13,32.02,32.09,20055
AMP,20090924,32.26,32.26,30.92,31.27,22596
AMP,20090925,30.95,31.39,30.41,30.94,27044
AMP,20090928,31.12,32.74,31.06,32.73,17622
AMP,20090929,32.97,33.39,32.28,32.34,19780
AMP,20090930,36.15,37.36,34.39,36.33,115950
AMP,20091001,35.79,37.72,35.79,36.97,89591
AMP,20091002,36.23,37.80,36.12,36.43,54990
AMP,20091005,36.82,36.82,35.65,36.20,54057
AMP,20091006,36.69,36.93,35.82,36.48,30943
AMP,20091007,36.29,36.75,35.99,36.75,23847
AMP,20091008,37.00,37.15,36.61,36.92,30772
AMP,20091009,36.94,37.06,36.51,36.67,28930
AMP,20091012,37.11,37.47,36.73,36.91,20799
AMP,20091013,35.83,36.26,35.55,35.83,35479
AMP,20091014,36.37,37.71,36.30,37.63,35845
AMP,20091015,37.24,37.59,36.43,37.26,21447
AMP,20091016,36.49,36.72,35.64,36.10,28463
AMP,20091019,36.37,36.68,36.10,36.50,16731
AMP,20091020,36.35,36.72,35.55,35.68,24737
AMP,20091021,35.55,36.60,35.43,35.49,34501
AMP,20091022,37.36,38.35,36.42,38.24,59440
AMP,20091023,38.35,38.35,36.69,37.07,46437
AMP,20091026,37.03,37.81,36.27,36.63,31473
AMP,20091027,36.77,36.84,35.93,36.06,31393
AMP,20091028,35.89,36.32,35.22,35.23,66461
AMP,20091029,35.72,35.72,34.91,35.49,70189
AMP,20091030,35.11,35.47,34.49,34.67,61023
AMP,20091102,34.97,35.83,34.14,35.20,32385
AMP,20091103,34.79,35.90,34.67,35.24,34395
AMP,20091104,35.82,38.00,35.74,36.99,56648
AMP,20091105,36.83,37.70,36.56,37.23,34580
AMP,20091106,36.68,37.92,36.25,37.83,26239
AMP,20091109,38.25,39.21,37.98,39.17,22740
AMP,20091110,39.02,39.02,38.52,38.68,25032
AMP,20091111,39.12,39.80,38.93,39.14,18524
AMP,20091112,38.72,39.33,38.33,38.43,14949
AMP,20091113,38.49,39.66,38.47,39.09,25320
AMP,20091116,39.63,40.00,38.65,38.80,36412
AMP,20091117,38.59,39.09,38.18,38.32,29613
AMP,20091118,38.25,38.60,38.12,38.46,30547
AMP,20091119,38.00,38.30,37.37,37.80,30378
AMP,20091120,37.51,37.91,37.36,37.57,21705
AMP,20091123,38.00,38.55,37.95,38.31,18405
AMP,20091124,38.26,38.31,37.75,38.14,18682
AMP,20091125,38.26,38.43,38.05,38.14,11276
AMP,20091127,36.77,37.61,36.17,37.05,12292
AMP,20091130,37.14,38.21,37.05,38.12,24275
AMP,20091201,38.49,39.09,38.04,38.92,32308
AMP,20091202,39.01,39.11,38.50,38.87,22824
AMP,20091203,39.29,39.56,38.13,38.22,25338
AMP,20091204,38.67,38.90,37.73,38.39,18463
AMP,20091207,38.19,38.77,37.86,37.97,14782
AMP,20091208,37.69,37.99,37.30,37.42,17146
AMP,20091209,37.41,37.43,36.95,37.28,21506
AMP,20091210,37.50,37.98,37.35,37.69,31473
AMP,20091211,37.70,38.58,37.70,38.44,25856
AMP,20091214,38.69,39.11,38.41,39.04,14560
AMP,20091215,38.94,39.45,38.32,38.40,31894
AMP,20091216,38.49,39.05,37.97,38.00,31216
AMP,20091217,37.73,38.34,37.70,37.81,18647
AMP,20091218,38.14,38.38,37.76,37.99,33132
AMP,20091221,38.11,38.74,38.04,38.42,26739
AMP,20091222,38.42,38.95,38.39,38.86,11114
AMP,20091223,38.88,39.35,38.69,39.22,12926
AMP,20091224,39.34,39.57,39.19,39.52,4144
AMP,20091228,39.53,39.65,39.20,39.48,8316
AMP,20091229,39.69,39.69,39.11,39.14,9414
AMP,20091230,38.87,39.09,38.85,39.06,10532
AMP,20091231,39.11,39.24,38.80,38.82,11967
AMP,20100104,39.10,39.97,38.92,39.88,22387
AMP,20100105,39.77,40.81,39.73,40.81,27822
AMP,20100106,41.37,41.55,40.86,41.38,35751
AMP,20100107,41.30,41.95,41.10,41.69,29928
AMP,20100108,41.38,41.90,41.34,41.84,14635
AMP,20100111,41.98,42.98,41.91,42.38,35106
AMP,20100112,42.06,42.43,41.32,41.70,27114
AMP,20100113,41.91,42.28,41.42,42.21,29467
AMP,20100114,41.99,42.19,41.59,42.02,16983
AMP,20100115,41.80,41.85,41.45,41.62,20175
AMP,20100119,41.49,42.20,41.29,42.06,20865
AMP,20100120,41.75,41.95,41.32,41.90,17211
AMP,20100121,41.88,42.15,40.34,40.75,26165
AMP,20100122,40.68,40.92,39.67,39.76,29670
AMP,20100125,40.28,40.96,40.07,40.43,15412
AMP,20100126,40.18,40.88,39.89,40.10,19963
AMP,20100127,40.14,40.93,39.88,40.91,19923
AMP,20100128,41.18,41.28,39.22,39.97,20133
AMP,20100129,40.10,40.15,38.01,38.24,40366
AMP,20100201,38.50,39.83,38.41,39.76,21537
AMP,20100202,39.97,40.52,39.57,39.98,20204
AMP,20100203,39.75,40.00,39.03,39.19,23334
AMP,20100204,39.36,39.55,37.62,37.62,41829
AMP,20100205,37.52,38.10,36.14,37.93,32641
AMP,20100208,37.62,38.02,37.23,37.23,26316
AMP,20100209,37.65,38.07,36.99,37.93,34714
AMP,20100210,37.55,38.76,37.55,38.54,30227
AMP,20100211,38.41,38.50,37.91,38.06,25745
AMP,20100212,37.70,38.32,37.14,38.26,25513
AMP,20100216,38.61,39.27,38.32,39.26,19640
AMP,20100217,39.45,39.97,39.21,39.82,21645
AMP,20100218,39.76,39.89,39.53,39.78,16310
AMP,20100219,39.61,40.38,39.56,40.14,23822
AMP,20100222,40.19,40.77,40.11,40.48,15359
AMP,20100223,40.31,40.49,39.59,39.77,18259
AMP,20100224,39.92,40.69,39.75,40.65,24596
AMP,20100225,39.90,40.26,39.58,40.17,47201
AMP,20100226,40.36,40.36,39.84,40.03,22327
AMP,20100301,40.18,40.50,39.82,40.29,17340
AMP,20100302,40.42,40.63,40.28,40.50,23803
AMP,20100303,40.74,40.99,40.47,40.66,14927
AMP,20100304,40.73,41.30,40.65,41.26,23764
AMP,20100305,41.59,43.00,41.58,42.90,38681
AMP,20100308,43.01,43.13,42.44,43.04,22995
AMP,20100309,42.80,43.03,42.38,42.80,27245
AMP,20100310,42.92,43.23,42.59,42.85,31960
AMP,20100311,42.71,42.85,42.24,42.85,18030
AMP,20100312,43.03,43.58,43.00,43.33,17923
AMP,20100315,43.17,43.54,42.81,43.45,19273
AMP,20100316,43.56,44.04,43.36,43.97,14682
AMP,20100317,44.28,45.05,44.05,44.88,17159
AMP,20100318,44.71,45.10,44.54,44.82,13646
AMP,20100319,45.06,45.22,44.06,44.18,25634
AMP,20100322,43.75,44.45,43.16,44.39,17056
AMP,20100323,44.28,44.84,44.05,44.69,16207
AMP,20100324,44.44,44.91,44.25,44.68,17223
AMP,20100325,45.00,45.88,44.68,44.70,23457
AMP,20100326,44.56,44.76,43.72,43.96,25153
AMP,20100329,44.18,44.55,43.95,44.50,17346
AMP,20100330,44.50,45.45,44.34,45.27,23769
AMP,20100331,44.96,45.63,44.90,45.36,24822
AMP,20100401,45.91,46.17,45.55,46.17,22427
AMP,20100405,46.27,46.60,45.82,46.24,28760
AMP,20100406,46.02,46.09,45.55,45.99,28564
AMP,20100407,45.73,45.97,45.05,45.29,32776
AMP,20100408,45.18,46.07,45.03,46.01,16716
AMP,20100409,46.32,46.32,45.85,46.16,14713
AMP,20100412,46.12,46.79,46.12,46.72,21853
AMP,20100413,46.53,47.67,46.42,47.59,27459
AMP,20100414,47.89,48.40,47.60,48.33,22359
AMP,20100415,48.23,48.35,47.93,48.22,26656
AMP,20100416,47.93,48.26,46.51,47.12,23974
AMP,20100419,46.81,47.91,46.54,47.67,21558
AMP,20100420,48.03,48.46,47.58,48.45,14364
AMP,20100421,48.39,48.57,47.78,48.37,15740
AMP,20100422,47.94,48.71,47.44,48.58,16872
AMP,20100423,48.40,49.31,48.22,49.05,27655
AMP,20100426,49.00,49.54,48.45,48.51,29361
AMP,20100427,46.89,47.26,44.68,44.93,54774
AMP,20100428,45.44,46.90,45.44,46.47,41975
AMP,20100429,46.94,48.25,46.80,48.10,21740
AMP,20100430,47.92,48.13,46.35,46.36,26580
AMP,20100503,46.67,47.62,46.62,47.50,17202
AMP,20100504,46.60,47.08,45.60,45.92,19352
AMP,20100505,44.98,46.40,44.86,45.51,21925
AMP,20100506,45.28,46.02,40.56,43.68,44701
AMP,20100507,43.67,44.11,42.07,42.54,26878
AMP,20100510,44.43,45.68,44.18,45.65,29671
AMP,20100511,45.07,47.17,45.07,46.18,46915
AMP,20100512,46.34,46.46,45.74,46.32,23926
AMP,20100513,46.09,46.14,45.25,45.25,15135
AMP,20100514,44.75,44.75,42.84,43.39,34075
AMP,20100517,43.40,44.02,42.24,43.18,29384
AMP,20100518,43.66,43.94,41.12,41.41,47292
AMP,20100519,41.01,41.80,40.55,41.24,43601
AMP,20100520,40.14,40.41,38.14,38.51,76222
AMP,20100521,37.83,40.47,37.39,40.41,51930
AMP,20100524,40.45,40.45,38.92,39.01,32531
AMP,20100525,37.85,38.53,36.82,38.45,87554
AMP,20100526,39.08,39.83,38.66,38.72,44789
AMP,20100527,39.49,40.99,39.13,40.94,34623
AMP,20100528,40.79,40.86,39.54,39.79,21337
AMP,20100601,39.35,39.68,38.72,38.79,24012
AMP,20100602,39.02,40.34,38.46,40.30,27354
AMP,20100603,40.48,40.57,39.61,40.24,22683
AMP,20100604,39.40,39.51,38.26,38.41,30776
AMP,20100607,38.75,38.98,37.50,37.53,28056
AMP,20100608,37.58,38.23,36.73,38.12,37652
AMP,20100609,38.46,39.32,37.75,37.89,25079
AMP,20100610,38.73,39.15,38.13,39.07,22529
AMP,20100611,38.62,39.53,38.62,39.47,16660
AMP,20100614,39.81,40.45,39.44,39.48,22786
AMP,20100615,39.94,40.63,39.65,40.55,18555
AMP,20100616,40.07,41.06,40.03,40.74,21842
AMP,20100617,40.96,40.96,39.41,39.93,19248
AMP,20100618,39.93,40.09,39.55,39.76,19162
AMP,20100621,40.56,40.72,39.58,39.75,15766
AMP,20100622,39.90,40.28,39.05,39.11,17664
AMP,20100623,39.24,39.35,38.45,38.65,15922
AMP,20100624,38.22,38.56,37.65,37.76,17329
AMP,20100625,38.03,38.72,37.49,38.49,29591
AMP,20100628,38.58,38.64,37.94,38.05,11771
AMP,20100629,37.86,38.02,35.85,35.99,53632
AMP,20100630,36.09,36.87,36.03,36.13,38115
AMP,20100701,36.05,36.38,34.68,35.83,33138
AMP,20100702,36.06,36.53,35.70,36.18,37334
AMP,20100706,36.83,37.42,36.05,36.47,28304
AMP,20100707,36.63,38.16,36.62,38.14,31520
AMP,20100708,38.60,39.33,37.72,38.22,27703
AMP,20100709,38.19,39.09,37.94,39.00,14481
AMP,20100712,38.72,38.85,38.14,38.61,15446
AMP,20100713,39.03,39.74,39.02,39.58,20361
AMP,20100714,39.21,39.62,38.88,39.42,20659
AMP,20100715,39.46,39.65,38.48,39.20,23117
AMP,20100716,38.85,38.92,37.41,37.55,33412
AMP,20100719,37.69,37.81,36.96,37.70,17546
AMP,20100720,36.96,38.41,36.81,38.38,20315
AMP,20100721,38.73,39.01,37.17,37.31,24224
AMP,20100722,38.03,39.00,37.76,38.83,22476
AMP,20100723,38.55,39.10,38.25,38.65,25284
AMP,20100726,38.65,38.76,38.15,38.50,44721
AMP,20100727,38.87,39.10,38.36,38.74,32470
AMP,20100728,38.58,38.81,38.17,38.28,25368
AMP,20100729,43.00,43.82,41.12,42.98,88142
AMP,20100730,42.30,42.80,42.05,42.39,44165
AMP,20100802,43.18,43.64,42.62,43.61,32617
AMP,20100803,43.53,43.54,42.56,42.82,29870
AMP,20100804,42.80,43.28,42.47,43.23,18168
AMP,20100805,42.89,43.45,42.57,43.40,17195
AMP,20100806,42.81,43.22,42.26,42.95,24759
AMP,20100809,43.37,44.11,43.09,43.92,19630
AMP,20100810,43.51,44.47,42.90,44.22,29161
AMP,20100811,43.54,43.71,43.00,43.05,53740
AMP,20100812,42.31,43.07,42.18,42.77,34053
AMP,20100813,42.65,43.25,42.17,42.20,23412
AMP,20100816,41.97,42.86,41.74,42.54,19923
AMP,20100817,42.92,44.61,42.88,44.52,32446
AMP,20100818,44.39,45.06,44.05,44.72,30540
AMP,20100819,44.42,44.77,43.42,43.45,26555
AMP,20100820,43.10,43.37,42.28,43.13,27633
AMP,20100823,43.09,43.62,43.04,43.21,19256
AMP,20100824,42.73,43.24,42.18,42.19,38429
AMP,20100825,42.01,42.77,40.79,42.56,35007
AMP,20100826,42.88,43.09,42.00,42.19,25737
AMP,20100827,42.56,43.72,41.84,43.71,28291
AMP,20100830,43.58,43.81,43.17,43.23,31839
AMP,20100831,42.87,43.71,42.65,43.58,34150
AMP,20100901,44.37,45.81,44.21,45.75,40461
AMP,20100902,45.67,46.22,45.63,46.17,27255
AMP,20100903,46.79,47.27,46.42,47.22,31101
AMP,20100907,46.69,46.93,46.05,46.44,23303
AMP,20100908,46.53,47.62,46.48,46.99,17523
AMP,20100909,47.89,47.89,46.90,47.23,19609
AMP,20100910,47.36,47.36,46.75,47.21,17795
AMP,20100913,47.98,48.21,47.80,48.20,22924
AMP,20100914,48.03,48.28,47.58,47.79,21776
AMP,20100915,47.36,47.60,47.15,47.41,30363
AMP,20100916,47.27,47.66,46.98,47.36,20302
AMP,20100917,47.87,48.05,47.43,47.62,23321
AMP,20100920,47.77,48.51,47.72,48.38,16172
AMP,20100921,48.31,48.55,47.77,47.93,22175
AMP,20100922,47.58,48.23,46.50,46.52,29561
AMP,20100923,46.00,46.49,45.76,45.85,26269
AMP,20100924,46.47,47.42,46.40,47.24,19245
AMP,20100927,47.08,47.42,46.76,47.07,16605
AMP,20100928,47.03,47.77,46.47,47.69,19392
AMP,20100929,47.26,48.11,47.17,47.92,21148
AMP,20100930,48.29,48.80,47.33,47.33,31306
AMP,20101001,47.85,48.08,47.13,47.76,19052
AMP,20101004,47.51,48.06,47.03,47.87,24161
AMP,20101005,48.37,49.72,47.55,49.48,28821
AMP,20101006,49.44,50.17,49.18,50.16,25895
AMP,20101007,50.35,50.64,49.71,50.00,22236
AMP,20101008,49.65,50.17,49.17,49.93,30717
AMP,20101011,50.01,50.01,49.46,49.70,17485
AMP,20101012,49.56,50.02,49.19,49.96,20700
AMP,20101013,50.01,50.79,49.96,50.13,24036
AMP,20101014,49.99,50.64,49.63,50.24,22360
AMP,20101015,50.73,50.73,49.63,49.93,27602
AMP,20101018,49.86,51.45,49.77,51.40,15687
AMP,20101019,50.56,51.70,50.36,50.65,24861
AMP,20101020,50.82,51.67,50.60,51.25,17761
AMP,20101021,51.70,52.10,50.95,51.34,18063
AMP,20101022,51.50,51.89,50.91,51.02,18329
AMP,20101025,51.70,51.91,51.09,51.19,16846
AMP,20101026,51.07,51.23,50.53,50.57,19034
AMP,20101027,50.14,51.13,50.05,50.85,20679
AMP,20101028,52.68,53.86,52.42,53.43,36337
AMP,20101029,53.27,53.44,51.67,51.69,28702
AMP,20101101,51.93,51.99,51.07,51.38,22670
AMP,20101102,51.97,52.42,51.86,52.29,15688
AMP,20101103,52.34,52.38,51.41,52.19,18261
AMP,20101104,52.80,53.79,52.56,53.73,20703
AMP,20101105,53.76,55.06,53.62,55.02,21164
AMP,20101108,54.52,54.99,54.07,54.45,19541
AMP,20101109,54.50,54.71,53.24,53.48,19593
AMP,20101110,53.51,54.15,53.00,54.09,14099
AMP,20101111,53.46,54.06,53.18,53.71,11512
AMP,20101112,53.29,53.44,52.33,52.93,12395
AMP,20101115,53.16,53.54,52.54,52.60,13614
AMP,20101116,52.18,52.39,51.17,51.72,22479
AMP,20101117,51.66,51.98,51.29,51.48,14654
AMP,20101118,52.22,53.06,52.07,52.59,12325
AMP,20101119,52.13,52.65,51.98,52.41,12964
AMP,20101122,52.20,52.36,51.64,51.98,14929
AMP,20101123,51.24,51.53,50.92,51.29,19957
AMP,20101124,51.53,52.25,51.32,52.20,13301
AMP,20101126,51.62,52.19,51.34,51.81,5647
AMP,20101129,51.42,52.74,50.62,52.53,21474
AMP,20101130,51.78,52.31,51.71,51.84,24281
AMP,20101201,52.70,53.12,52.53,52.98,12697
AMP,20101202,52.97,53.86,52.73,53.71,21536
AMP,20101203,53.43,54.25,53.14,54.14,21715
AMP,20101206,53.92,54.11,53.65,53.98,14875
AMP,20101207,54.56,55.00,54.34,54.68,23030
AMP,20101208,54.89,55.38,54.42,55.35,20681
AMP,20101209,56.00,57.00,55.28,55.88,17628
AMP,20101210,55.92,56.06,55.44,55.67,20628
AMP,20101213,55.95,56.37,55.36,55.87,18737
AMP,20101214,55.80,55.97,54.83,55.12,16034
AMP,20101215,55.25,55.72,55.03,55.09,15182
AMP,20101216,55.06,55.85,54.88,55.74,22814
AMP,20101217,55.52,55.68,55.16,55.20,26065
AMP,20101220,55.27,55.47,54.69,54.90,16235
AMP,20101221,55.08,57.67,55.08,57.61,44445
AMP,20101222,57.57,57.99,57.33,57.96,17702
AMP,20101223,57.59,57.94,57.42,57.73,14724
AMP,20101227,57.45,57.87,57.32,57.74,8893
AMP,20101228,57.87,58.13,57.55,57.76,9319
AMP,20101229,57.95,58.17,57.73,57.97,10609
AMP,20101230,57.92,58.17,57.55,57.67,16829
AMP,20101231,57.56,57.64,57.16,57.55,14349
AMP,20110103,58.22,59.56,58.21,59.34,23648
AMP,20110104,59.41,59.56,58.53,58.94,23063
AMP,20110105,58.74,59.96,58.58,59.89,18672
AMP,20110106,59.82,60.32,59.62,60.08,14743
AMP,20110107,60.30,60.64,59.41,60.26,18317
AMP,20110110,59.85,60.23,59.15,60.01,1477800
AMP,20110111,60.22,60.92,60.01,60.86,2233100
AMP,20110112,61.39,61.82,60.85,61.10,1815800
AMP,20110113,61.22,61.59,60.16,60.53,2007900
AMP,20110114,60.51,60.94,59.97,60.88,2183700
AMP,20110118,60.97,61.12,60.65,61.00,1673300
AMP,20110119,60.72,60.88,59.76,59.91,1338600
AMP,20110120,59.93,60.35,59.13,59.62,1183300
AMP,20110121,59.97,60.80,59.97,60.36,1217900
AMP,20110124,60.21,61.26,59.99,61.00,1192100
AMP,20110125,60.73,61.13,60.12,61.11,1522700
AMP,20110126,61.25,61.80,60.91,61.07,1290000
AMP,20110127,61.34,62.56,61.26,62.49,1355400
AMP,20110128,62.32,62.74,60.28,60.31,1651200
AMP,20110131,60.69,62.09,60.46,61.65,1740200
AMP,20110201,62.18,63.01,62.15,62.92,1591200
AMP,20110202,61.89,62.75,61.72,62.47,2052700
AMP,20110203,58.80,59.27,57.29,58.18,8080000
AMP,20110204,57.96,58.29,57.77,58.08,3521700
AMP,20110207,58.13,58.91,58.08,58.70,3048600
AMP,20110208,58.50,60.28,58.50,60.14,3761200
AMP,20110209,59.82,61.90,59.75,61.21,3758500
AMP,20110210,60.52,61.92,59.85,61.89,2074200
AMP,20110211,62.48,64.01,62.32,63.87,3233500
AMP,20110214,63.84,64.80,63.64,64.29,3896700
AMP,20110215,63.81,64.46,63.25,63.40,2348400
AMP,20110216,63.81,64.51,63.77,64.36,1760700
AMP,20110217,64.27,64.48,63.61,64.29,1578300
AMP,20110218,64.37,65.12,64.01,64.73,1494900
AMP,20110222,63.71,64.21,62.66,63.13,1853000
AMP,20110223,63.16,63.75,62.27,63.31,2190400
AMP,20110224,63.14,63.85,62.10,63.30,1944200
AMP,20110225,63.76,64.00,62.97,63.52,1431100
AMP,20110228,63.84,64.00,62.85,63.32,1485200
AMP,20110301,63.64,64.00,62.11,62.74,1702700
AMP,20110302,62.68,62.91,61.55,61.80,1719200
AMP,20110303,62.43,64.20,62.43,64.00,1927800
AMP,20110304,63.66,63.82,62.44,63.27,1991500
AMP,20110307,63.54,64.14,62.47,62.69,1600100
AMP,20110308,62.73,63.85,62.41,63.49,1775400
AMP,20110309,63.34,63.69,62.07,62.21,2174700
AMP,20110310,61.39,62.42,60.59,61.70,2297600
AMP,20110311,61.51,62.36,61.07,62.18,1462400
AMP,20110314,61.68,61.79,60.31,61.56,1923800
AMP,20110315,59.16,60.28,58.75,59.95,3071400
AMP,20110316,59.82,60.07,57.97,58.63,2638200
AMP,20110317,59.80,60.38,59.37,59.83,1984500
AMP,20110318,60.85,61.59,60.41,61.22,2423100
AMP,20110321,62.18,62.19,61.08,61.18,2264400
AMP,20110322,61.05,61.12,59.48,59.50,3288000
AMP,20110323,59.10,60.11,58.64,59.74,2782700
AMP,20110324,60.03,60.30,59.21,60.26,1920100
AMP,20110325,60.26,61.12,60.01,60.86,1875000
AMP,20110328,60.77,61.40,60.64,60.94,1520700
AMP,20110329,60.78,61.24,60.65,61.20,1783900
AMP,20110330,61.61,61.85,61.28,61.40,1555000
AMP,20110331,61.33,61.47,60.96,61.08,1473600
AMP,20110401,61.63,62.53,61.48,62.48,1676500
AMP,20110404,62.42,62.95,62.36,62.62,1186600
AMP,20110405,62.37,62.49,61.68,62.02,1073000
AMP,20110406,62.37,62.54,61.38,61.52,1493300
AMP,20110407,61.57,63.66,61.53,63.07,2918700
AMP,20110408,63.50,63.78,62.70,62.93,1216000
AMP,20110411,62.84,63.45,62.12,62.41,1168300
AMP,20110412,62.10,62.76,61.76,62.05,1537900
AMP,20110413,62.47,62.92,61.48,61.84,1054400
AMP,20110414,61.53,61.73,61.19,61.42,1072800
AMP,20110415,61.75,61.94,61.11,61.61,1311100
AMP,20110418,60.78,61.64,60.47,61.34,2178500
AMP,20110419,61.40,61.81,60.91,61.21,1165900
AMP,20110420,62.15,62.52,61.77,62.30,1176600
AMP,20110421,62.43,63.61,62.15,63.52,1381700
AMP,20110425,63.40,63.54,62.18,62.62,1342700
AMP,20110426,60.72,62.10,60.40,60.88,4118300
