AVY,20090115,29.68,30.26,28.83,30.10,15790
AVY,20090116,30.61,30.89,29.66,30.22,10737
AVY,20090120,29.73,30.27,28.25,28.33,11485
AVY,20090121,28.83,29.36,27.97,29.34,11654
AVY,20090122,28.73,28.79,27.76,28.38,16037
AVY,20090123,27.70,28.71,27.29,28.15,10446
AVY,20090126,28.18,28.38,27.35,27.84,15723
AVY,20090127,26.91,27.25,24.20,25.72,35261
AVY,20090128,25.96,26.49,25.51,25.92,17641
AVY,20090129,25.71,25.88,25.21,25.28,15760
AVY,20090130,25.16,25.53,24.04,24.23,16849
AVY,20090202,23.97,24.28,23.59,24.07,14301
AVY,20090203,24.05,24.45,23.61,24.35,17525
AVY,20090204,24.30,24.65,24.00,24.13,13924
AVY,20090205,23.82,24.60,23.52,24.26,10857
AVY,20090206,24.26,24.92,24.18,24.77,10856
AVY,20090209,24.65,25.13,24.37,24.72,10169
AVY,20090210,24.54,24.72,23.22,23.34,13196
AVY,20090211,23.41,23.76,23.25,23.57,9616
AVY,20090212,23.20,23.26,22.34,23.23,14336
AVY,20090213,23.40,23.40,22.45,22.75,12088
AVY,20090217,22.21,22.21,21.24,21.33,15767
AVY,20090218,21.45,21.60,20.80,21.36,12668
AVY,20090219,21.51,21.84,21.14,21.27,12761
AVY,20090220,20.04,21.39,20.04,21.09,17261
AVY,20090223,21.51,21.51,20.12,20.16,13340
AVY,20090224,20.33,21.10,20.13,20.96,13601
AVY,20090225,20.93,20.96,20.11,20.39,19565
AVY,20090226,20.83,20.98,20.30,20.42,14959
AVY,20090227,20.01,20.64,19.83,20.15,19524
AVY,20090302,19.40,19.68,18.72,18.73,19884
AVY,20090303,18.95,19.12,18.13,18.21,16834
AVY,20090304,18.31,19.40,18.31,19.03,18840
AVY,20090305,18.68,18.68,17.61,17.75,15410
AVY,20090306,17.86,18.20,17.04,17.40,20787
AVY,20090309,17.17,17.75,17.02,17.26,16940
AVY,20090310,17.62,18.72,17.60,18.68,20736
AVY,20090311,18.70,19.08,18.29,18.58,20686
AVY,20090312,18.59,19.35,18.13,19.29,12143
AVY,20090313,19.43,19.44,19.10,19.25,17431
AVY,20090316,19.56,20.57,19.50,19.82,15806
AVY,20090317,19.84,20.52,19.68,20.52,9250
AVY,20090318,20.17,21.71,20.17,21.47,15510
AVY,20090319,21.47,22.01,21.47,21.61,12037
AVY,20090320,21.63,21.77,21.02,21.15,26782
AVY,20090323,21.93,22.99,21.36,22.99,11231
AVY,20090324,22.81,23.19,22.54,22.61,10909
AVY,20090325,22.72,23.69,22.10,22.95,15256
AVY,20090326,23.23,24.03,23.12,24.00,12542
AVY,20090327,23.34,23.91,23.00,23.19,7390
AVY,20090330,22.84,22.84,21.68,22.04,12234
AVY,20090331,22.31,22.70,22.01,22.34,13251
AVY,20090401,22.09,22.83,21.61,22.75,13664
AVY,20090402,23.31,24.52,23.11,24.40,20836
AVY,20090403,24.46,24.75,24.20,24.68,11463
AVY,20090406,24.37,24.58,23.94,24.38,8787
AVY,20090407,24.02,24.21,23.58,23.94,14607
AVY,20090408,24.06,24.73,23.94,24.71,9933
AVY,20090409,25.19,26.21,25.11,26.21,8823
AVY,20090413,25.93,26.12,25.41,25.94,6785
AVY,20090414,25.51,25.69,25.13,25.40,10161
AVY,20090415,25.24,27.09,25.24,27.06,17972
AVY,20090416,27.18,27.52,26.50,27.42,14062
AVY,20090417,27.52,27.97,27.18,27.84,14028
AVY,20090420,27.43,27.66,26.75,26.79,15087
AVY,20090421,26.68,27.91,26.65,27.87,10600
AVY,20090422,27.66,29.10,27.44,28.35,12526
AVY,20090423,28.39,28.72,27.87,28.66,10894
AVY,20090424,28.98,30.00,28.64,29.76,12292
AVY,20090427,29.45,30.07,29.30,29.45,12513
AVY,20090428,26.55,28.63,26.55,28.03,19212
AVY,20090429,28.33,28.92,28.08,28.39,11474
AVY,20090430,28.78,29.48,28.52,28.74,11746
AVY,20090501,28.59,28.91,28.21,28.48,9483
AVY,20090504,28.48,28.60,28.05,28.42,15954
AVY,20090505,28.36,28.58,28.03,28.25,7531
AVY,20090506,28.56,28.71,27.79,28.35,11790
AVY,20090507,28.93,28.93,27.35,27.61,16518
AVY,20090508,27.94,29.09,27.77,29.09,9780
AVY,20090511,28.72,28.82,27.99,28.06,12710
AVY,20090512,28.06,28.07,27.32,27.73,12306
AVY,20090513,27.15,27.23,26.27,26.42,9259
AVY,20090514,26.47,27.36,26.14,27.14,8860
AVY,20090515,27.13,27.73,26.57,26.68,8769
AVY,20090518,26.99,27.59,26.69,27.58,12069
AVY,20090519,27.25,27.83,27.22,27.45,9168
AVY,20090520,27.52,28.28,27.15,27.23,8234
AVY,20090521,26.95,27.03,26.18,26.45,7436
AVY,20090522,26.57,27.01,26.17,26.61,7119
AVY,20090526,26.47,27.81,26.21,27.73,12034
AVY,20090527,27.84,27.85,26.85,26.94,8038
AVY,20090528,27.35,27.35,26.38,27.29,10329
AVY,20090529,27.27,27.63,27.05,27.56,14989
AVY,20090601,27.56,28.53,27.35,28.18,16966
AVY,20090602,28.06,28.30,27.75,27.87,11724
AVY,20090603,27.67,27.94,27.09,27.35,7526
AVY,20090604,27.50,28.09,27.30,27.99,9421
AVY,20090605,28.46,28.55,27.67,28.21,11544
AVY,20090608,28.14,28.16,27.43,27.94,8522
AVY,20090609,27.99,28.42,27.91,28.10,8396
AVY,20090610,28.32,28.40,27.38,27.67,10635
AVY,20090611,27.80,28.23,27.72,27.94,10017
AVY,20090612,27.51,28.01,27.36,27.94,5688
AVY,20090615,27.50,27.50,26.74,27.02,6643
AVY,20090616,27.12,27.14,25.70,25.75,12041
AVY,20090617,25.65,25.91,25.16,25.41,12278
AVY,20090618,25.60,26.08,25.35,25.88,7570
AVY,20090619,26.16,26.41,25.85,25.94,12815
AVY,20090622,25.62,25.91,24.90,24.91,6881
AVY,20090623,24.97,25.11,24.57,24.65,9004
AVY,20090624,24.86,25.27,24.74,24.89,7805
AVY,20090625,24.78,25.54,24.67,25.54,7535
AVY,20090626,25.40,25.50,25.17,25.39,9310
AVY,20090629,25.31,25.80,25.13,25.70,6179
AVY,20090630,25.68,25.83,25.29,25.68,8133
AVY,20090701,25.85,26.38,25.75,26.19,6528
AVY,20090702,25.80,26.19,24.90,24.90,6813
AVY,20090706,24.75,25.57,24.58,25.38,7920
AVY,20090707,25.11,25.32,24.59,24.60,5022
AVY,20090708,24.52,24.79,24.00,24.33,8892
AVY,20090709,24.46,24.64,24.17,24.42,7861
AVY,20090710,24.44,24.63,23.98,24.23,16190
AVY,20090713,24.18,24.45,23.75,24.45,12688
AVY,20090714,24.45,24.77,24.10,24.77,10420
AVY,20090715,25.25,25.69,25.00,25.61,16731
AVY,20090716,25.63,26.38,25.44,26.22,9314
AVY,20090717,26.13,26.46,26.01,26.30,7909
AVY,20090720,26.49,26.98,26.25,26.96,7203
AVY,20090721,27.22,27.46,26.32,26.68,9921
AVY,20090722,26.58,26.81,26.46,26.70,13830
AVY,20090723,26.66,28.00,26.61,27.98,15629
AVY,20090724,27.90,28.68,27.72,28.55,9006
AVY,20090727,28.50,29.12,28.30,29.11,9648
AVY,20090728,28.85,29.69,28.75,29.59,10370
AVY,20090729,29.46,29.90,28.67,29.81,15885
AVY,20090730,28.91,30.01,26.50,26.65,48195
AVY,20090731,26.66,26.98,26.40,26.73,29211
AVY,20090803,27.13,27.35,26.71,27.19,19526
AVY,20090804,27.09,27.38,26.86,27.23,25538
AVY,20090805,27.44,27.53,26.84,27.13,20273
AVY,20090806,27.27,27.44,26.82,27.12,17057
AVY,20090807,27.31,27.76,27.23,27.48,24888
AVY,20090810,27.30,27.53,27.13,27.47,16191
AVY,20090811,27.45,27.53,26.87,27.20,20472
AVY,20090812,27.12,27.80,27.12,27.57,22478
AVY,20090813,27.56,27.96,27.08,27.43,36385
AVY,20090814,28.66,29.17,27.77,28.41,43349
AVY,20090817,27.82,28.54,27.71,28.23,17643
AVY,20090818,28.30,29.30,28.26,29.19,18332
AVY,20090819,28.73,29.88,28.73,29.71,15308
AVY,20090820,29.69,30.69,29.50,30.35,18734
AVY,20090821,30.75,31.72,30.37,31.30,14079
AVY,20090824,31.49,31.59,31.06,31.20,7211
AVY,20090825,31.19,31.69,30.90,31.37,11132
AVY,20090826,31.34,31.58,30.79,31.44,9248
AVY,20090827,31.55,31.70,30.80,31.59,7218
AVY,20090828,31.77,31.84,31.05,31.48,8618
AVY,20090831,30.98,31.10,30.49,30.90,16781
AVY,20090901,30.74,31.13,29.93,30.04,12887
AVY,20090902,29.93,30.01,29.44,29.88,11042
AVY,20090903,29.91,30.03,29.13,30.00,10122
AVY,20090904,30.00,30.43,29.66,30.26,11318
AVY,20090908,30.58,30.94,30.35,30.67,14613
AVY,20090909,30.60,31.72,30.30,31.32,16163
AVY,20090910,31.37,31.95,31.24,31.90,13818
AVY,20090911,32.12,33.14,32.12,32.61,16707
AVY,20090914,32.73,34.77,32.59,34.55,28579
AVY,20090915,34.62,35.11,34.36,35.03,12211
AVY,20090916,35.16,35.61,34.89,35.56,14981
AVY,20090917,35.49,35.50,35.07,35.35,20870
AVY,20090918,35.50,35.68,34.94,35.48,14442
AVY,20090921,35.37,35.37,34.57,35.21,13458
AVY,20090922,35.20,35.68,35.15,35.65,16809
AVY,20090923,35.69,35.81,35.23,35.35,15142
AVY,20090924,35.55,35.78,35.17,35.35,18601
AVY,20090925,35.22,35.55,34.54,34.62,12470
AVY,20090928,34.84,36.48,34.68,36.36,14232
AVY,20090929,36.45,36.83,36.32,36.56,9151
AVY,20090930,36.58,36.60,35.51,36.01,13050
AVY,20091001,35.92,35.99,34.58,34.73,16416
AVY,20091002,32.87,34.09,32.87,33.95,20668
AVY,20091005,34.04,34.82,33.91,34.81,11720
AVY,20091006,34.92,35.54,34.89,35.34,13758
AVY,20091007,35.08,35.32,34.72,35.18,14207
AVY,20091008,35.27,35.85,35.25,35.75,13110
AVY,20091009,35.83,36.35,35.78,36.29,9104
AVY,20091012,36.51,36.78,36.32,36.40,10996
AVY,20091013,36.39,36.84,36.10,36.81,11091
AVY,20091014,37.07,37.87,36.89,37.76,16467
AVY,20091015,37.52,38.15,37.45,38.12,12143
AVY,20091016,37.71,38.02,37.28,37.80,8907
AVY,20091019,38.06,38.56,37.80,38.22,13521
AVY,20091020,38.19,38.70,38.02,38.60,11739
AVY,20091021,38.59,39.12,38.02,38.09,10370
AVY,20091022,38.17,38.44,37.50,38.32,15092
AVY,20091023,38.47,38.47,37.65,37.79,17746
AVY,20091026,37.79,38.38,36.82,36.84,23815
AVY,20091027,37.17,39.07,36.78,36.98,36540
AVY,20091028,36.69,37.06,35.43,35.61,21672
AVY,20091029,35.99,36.73,35.87,36.50,17372
AVY,20091030,36.37,36.48,35.46,35.65,20224
AVY,20091102,35.84,36.51,35.61,36.20,17516
AVY,20091103,36.10,36.69,35.68,36.63,11790
AVY,20091104,36.86,37.09,36.36,36.43,11373
AVY,20091105,36.79,37.57,36.52,37.54,10629
AVY,20091106,37.44,37.87,37.07,37.75,10013
AVY,20091109,38.07,39.24,38.07,39.20,10047
AVY,20091110,39.02,39.58,38.69,38.78,13476
AVY,20091111,39.02,39.57,38.86,39.28,9042
AVY,20091112,39.31,39.78,38.62,38.69,9394
AVY,20091113,38.74,39.42,38.47,39.21,5784
AVY,20091116,39.40,40.14,39.40,39.92,4472
AVY,20091117,39.69,40.07,39.58,40.02,3487
AVY,20091118,39.91,40.11,39.32,39.48,3924
AVY,20091119,39.32,39.32,38.33,38.40,7220
AVY,20091120,38.32,38.37,37.76,38.03,9679
AVY,20091123,38.33,39.12,38.33,38.70,6469
AVY,20091124,38.86,38.86,38.06,38.49,6145
AVY,20091125,38.67,39.35,38.56,39.29,6873
AVY,20091127,38.35,38.44,37.64,37.69,5944
AVY,20091130,37.61,37.71,37.01,37.56,9407
AVY,20091201,37.82,38.23,37.72,37.96,7877
AVY,20091202,37.85,38.39,37.73,37.83,10287
AVY,20091203,37.97,38.38,37.81,37.89,8359
AVY,20091204,38.59,39.18,38.46,38.95,11915
AVY,20091207,39.06,39.19,38.29,38.42,15344
AVY,20091208,38.22,38.27,37.24,37.85,8221
AVY,20091209,37.82,37.92,37.25,37.71,5722
AVY,20091210,37.78,37.97,37.45,37.75,5068
AVY,20091211,37.86,38.00,37.50,37.89,6893
AVY,20091214,38.03,38.37,37.73,38.37,5820
AVY,20091215,38.29,38.29,37.50,37.62,6800
AVY,20091216,37.76,37.84,37.18,37.26,11764
AVY,20091217,37.10,37.10,36.16,36.42,12932
AVY,20091218,36.52,36.88,36.15,36.30,22228
AVY,20091221,36.35,37.16,36.35,36.98,10413
AVY,20091222,37.05,37.21,36.83,37.14,7578
AVY,20091223,37.16,37.33,37.03,37.20,8038
AVY,20091224,37.22,37.35,37.15,37.22,3211
AVY,20091228,37.24,37.46,36.94,37.15,12036
AVY,20091229,37.22,37.59,37.03,37.51,8645
AVY,20091230,37.25,37.40,36.91,36.93,6852
AVY,20091231,37.05,37.12,36.47,36.49,6858
AVY,20100104,36.74,36.97,36.42,36.85,13011
AVY,20100105,38.46,38.47,36.33,37.09,27087
AVY,20100106,36.89,37.28,36.77,37.01,12340
AVY,20100107,36.80,37.39,36.71,37.36,9954
AVY,20100108,37.11,38.12,37.02,38.07,14327
AVY,20100111,38.39,39.08,37.79,38.71,11324
AVY,20100112,38.52,38.66,37.96,38.31,8778
AVY,20100113,38.38,39.84,38.15,39.75,14934
AVY,20100114,39.79,40.00,39.38,39.79,6950
AVY,20100115,39.59,40.23,39.17,39.48,12795
AVY,20100119,39.55,40.07,39.46,40.07,10090
AVY,20100120,39.71,39.71,39.35,39.61,9513
AVY,20100121,39.57,39.83,38.65,38.66,14805
AVY,20100122,38.47,39.13,38.35,38.62,15996
AVY,20100125,38.91,39.12,38.55,38.58,9018
AVY,20100126,38.39,38.90,38.28,38.38,6694
AVY,20100127,38.27,38.51,37.87,38.44,9593
AVY,20100128,38.69,39.05,37.97,38.10,17097
AVY,20100129,35.68,36.42,32.48,32.51,57243
AVY,20100201,32.82,34.19,32.57,33.34,35061
AVY,20100202,33.37,33.84,33.18,33.54,19572
AVY,20100203,33.29,33.56,32.70,33.14,13997
AVY,20100204,32.83,33.11,32.65,32.71,18005
AVY,20100205,32.62,32.94,32.11,32.77,22729
AVY,20100208,32.82,33.25,32.40,32.51,14991
AVY,20100209,33.03,33.06,31.91,32.54,19819
AVY,20100210,32.48,32.48,31.87,32.17,16485
AVY,20100211,32.02,32.58,31.80,32.34,14566
AVY,20100212,31.90,32.29,31.55,32.09,13727
AVY,20100216,32.29,32.61,32.10,32.60,16986
AVY,20100217,32.57,32.85,31.73,32.10,24475
AVY,20100218,32.10,32.43,31.80,32.05,23222
AVY,20100219,31.72,31.96,31.34,31.80,29413
AVY,20100222,32.00,32.44,31.69,32.04,20490
AVY,20100223,31.94,32.22,31.48,31.52,13923
AVY,20100224,31.58,31.92,31.42,31.73,12738
AVY,20100225,31.27,31.66,30.82,31.51,11902
AVY,20100226,31.51,32.00,31.33,31.60,10200
AVY,20100301,31.64,32.16,31.23,31.84,10595
AVY,20100302,32.04,32.04,31.54,31.67,14147
AVY,20100303,31.83,31.93,31.38,31.43,14886
AVY,20100304,30.53,30.86,30.22,30.79,24134
AVY,20100305,30.89,31.26,30.80,31.15,15409
AVY,20100308,31.11,31.46,30.73,31.38,14727
AVY,20100309,31.31,32.30,31.14,32.07,19429
AVY,20100310,32.04,32.50,31.89,32.36,15652
AVY,20100311,32.25,33.06,32.03,33.04,23276
AVY,20100312,33.23,33.66,32.79,33.31,25188
AVY,20100315,33.32,33.79,33.12,33.61,15254
AVY,20100316,33.57,34.15,33.44,34.05,13930
AVY,20100317,34.15,34.72,34.14,34.63,16529
AVY,20100318,34.63,34.84,34.50,34.79,12462
AVY,20100319,34.95,35.24,34.62,35.03,24583
AVY,20100322,34.91,35.46,34.91,35.39,20055
AVY,20100323,35.40,35.75,34.99,35.74,15441
AVY,20100324,35.64,35.64,35.01,35.06,13804
AVY,20100325,35.27,35.46,34.97,34.98,11665
AVY,20100326,35.04,35.52,34.91,35.45,14792
AVY,20100329,35.61,36.08,35.58,36.08,16089
AVY,20100330,36.12,36.25,35.61,36.17,10714
AVY,20100331,35.99,36.62,35.91,36.41,18496
AVY,20100401,36.63,36.91,36.01,36.40,11114
AVY,20100405,36.58,36.61,36.33,36.55,6621
AVY,20100406,36.41,37.13,36.41,37.13,8142
AVY,20100407,36.97,37.53,36.97,37.31,16049
AVY,20100408,37.08,37.37,36.92,37.22,7814
AVY,20100409,37.25,37.45,36.84,37.39,10368
AVY,20100412,37.50,37.62,37.12,37.38,16356
AVY,20100413,37.30,37.52,37.13,37.46,11630
AVY,20100414,37.50,37.90,37.49,37.88,14317
AVY,20100415,37.88,38.24,37.77,38.08,9592
AVY,20100416,37.92,38.02,37.16,37.36,11948
AVY,20100419,37.31,37.50,36.65,36.98,15103
AVY,20100420,37.27,37.73,37.03,37.66,15516
AVY,20100421,37.69,38.10,37.69,38.10,11687
AVY,20100422,37.75,38.63,37.73,38.57,12923
AVY,20100423,38.58,39.38,38.44,39.32,13754
AVY,20100426,39.20,39.75,39.18,39.30,12790
AVY,20100427,41.74,43.33,40.58,41.39,56537
AVY,20100428,41.65,43.00,40.02,40.27,24359
AVY,20100429,40.58,40.89,40.25,40.40,25060
AVY,20100430,40.49,40.79,39.03,39.03,20874
AVY,20100503,39.36,39.46,38.89,39.16,19896
AVY,20100504,38.74,38.87,37.82,38.15,19672
AVY,20100505,38.02,38.51,37.85,38.26,22806
AVY,20100506,38.02,38.61,34.46,36.49,18241
AVY,20100507,36.52,37.05,35.53,35.65,28228
AVY,20100510,36.84,37.91,36.80,37.69,21881
AVY,20100511,37.39,38.25,37.01,37.65,12167
AVY,20100512,37.76,38.02,37.29,37.66,21318
AVY,20100513,37.42,37.74,36.92,36.93,10719
AVY,20100514,36.56,36.74,35.58,35.85,10245
AVY,20100517,36.05,36.61,35.68,36.34,20997
AVY,20100518,36.64,37.18,35.52,35.62,14807
AVY,20100519,35.49,35.82,34.94,35.43,15848
AVY,20100520,34.55,34.56,33.58,33.71,19650
AVY,20100521,33.17,34.43,32.94,34.11,18749
AVY,20100524,33.68,34.56,33.67,33.95,10980
AVY,20100525,33.04,33.64,32.56,33.64,15098
AVY,20100526,33.86,34.06,33.16,33.38,12723
AVY,20100527,34.03,34.65,33.65,34.64,10435
AVY,20100528,34.55,34.60,33.75,34.18,13412
AVY,20100601,33.79,34.18,33.04,33.05,12583
AVY,20100602,33.24,33.81,33.00,33.77,9860
AVY,20100603,33.88,34.48,33.71,34.10,9938
AVY,20100604,33.39,33.45,32.02,32.10,20307
AVY,20100607,32.11,32.17,31.29,31.32,18400
AVY,20100608,31.31,31.79,30.89,31.38,17704
AVY,20100609,31.55,32.05,31.33,31.67,21576
AVY,20100610,32.45,33.24,32.31,33.22,12122
AVY,20100611,32.75,34.06,32.69,34.05,25282
AVY,20100614,34.40,34.92,34.30,34.40,27360
AVY,20100615,34.74,35.60,34.46,35.57,23102
AVY,20100616,35.16,36.03,34.99,35.73,23252
AVY,20100617,35.79,35.82,34.89,35.21,9175
AVY,20100618,35.22,35.39,34.98,35.19,8304
AVY,20100621,35.50,35.61,34.31,34.55,12566
AVY,20100622,34.64,35.10,33.96,34.04,12510
AVY,20100623,33.70,34.12,33.15,33.95,11244
AVY,20100624,33.77,34.04,33.28,33.71,13010
AVY,20100625,33.72,34.54,33.50,34.37,18873
AVY,20100628,34.49,34.51,33.82,34.19,10282
AVY,20100629,33.61,33.61,32.16,32.39,19533
AVY,20100630,32.30,32.79,32.00,32.13,16235
AVY,20100701,31.97,32.37,31.27,32.11,20050
AVY,20100702,32.15,32.33,31.64,31.87,8019
AVY,20100706,32.19,32.60,31.34,31.67,14137
AVY,20100707,32.23,33.46,31.93,33.46,17276
AVY,20100708,33.70,34.08,33.47,33.99,9101
AVY,20100709,33.97,34.65,33.92,34.62,7879
AVY,20100712,34.60,34.93,34.30,34.76,9408
AVY,20100713,35.21,35.48,34.93,34.97,12189
AVY,20100714,34.79,35.15,34.59,34.88,6829
AVY,20100715,34.70,34.81,34.06,34.67,4999
AVY,20100716,34.39,34.51,33.49,33.56,8142
AVY,20100719,33.65,33.98,33.35,33.87,5228
AVY,20100720,33.39,34.49,33.16,34.45,6775
AVY,20100721,34.72,34.79,33.73,34.03,5745
AVY,20100722,34.49,35.60,34.43,35.15,8413
AVY,20100723,34.95,37.22,34.89,37.14,20117
AVY,20100726,37.43,38.27,37.25,38.04,14273
AVY,20100727,38.02,38.32,37.43,37.91,11977
AVY,20100728,38.05,38.81,35.75,36.17,27119
AVY,20100729,36.55,36.82,35.73,36.20,25392
AVY,20100730,35.69,36.40,35.56,35.85,17483
AVY,20100802,36.62,37.07,36.47,36.93,11322
AVY,20100803,36.94,37.16,36.48,36.56,7114
AVY,20100804,36.59,36.74,36.25,36.56,9208
AVY,20100805,36.22,36.54,36.08,36.43,8235
AVY,20100806,35.95,36.31,35.25,36.18,10012
AVY,20100809,36.47,36.56,36.20,36.46,5658
AVY,20100810,36.16,36.54,35.75,36.06,10805
AVY,20100811,35.29,35.45,34.35,34.69,13861
AVY,20100812,34.04,34.81,33.97,34.44,8594
AVY,20100813,34.28,34.53,34.10,34.14,5508
AVY,20100816,33.88,34.36,33.76,34.17,6629
AVY,20100817,34.32,35.08,34.19,34.86,7018
AVY,20100818,34.80,35.16,34.61,34.89,5182
AVY,20100819,34.64,34.75,33.64,34.05,6887
AVY,20100820,33.88,34.08,33.36,33.81,5976
AVY,20100823,33.95,34.31,33.31,33.37,8820
AVY,20100824,32.91,33.01,32.34,32.73,8673
AVY,20100825,32.50,32.52,31.66,32.33,19627
AVY,20100826,32.47,32.81,31.95,32.16,8029
AVY,20100827,32.51,33.00,31.97,32.99,8758
AVY,20100830,32.39,32.78,32.38,32.39,7120
AVY,20100831,32.22,32.79,32.02,32.52,10474
AVY,20100901,33.10,33.87,32.88,33.78,7412
AVY,20100902,33.75,34.34,33.56,34.27,7413
AVY,20100903,34.90,35.00,34.55,34.89,5486
AVY,20100907,34.61,34.69,34.24,34.31,5461
AVY,20100908,34.23,34.59,34.15,34.44,5781
AVY,20100909,34.90,34.96,34.35,34.49,5334
AVY,20100910,34.67,35.10,34.55,34.61,6440
AVY,20100913,35.01,35.61,34.92,35.39,6542
AVY,20100914,35.35,35.51,34.68,35.32,6017
AVY,20100915,35.12,35.57,34.98,35.47,6579
AVY,20100916,34.95,35.85,34.95,35.64,6320
AVY,20100917,35.91,36.41,35.55,36.15,8858
AVY,20100920,36.22,37.00,36.04,36.89,9671
AVY,20100921,36.85,36.89,36.33,36.56,5909
AVY,20100922,36.53,36.82,35.76,36.02,7155
AVY,20100923,35.61,36.23,35.39,35.53,6761
AVY,20100924,36.19,36.65,35.98,36.46,9429
AVY,20100927,36.42,36.77,36.30,36.36,6631
AVY,20100928,36.38,36.80,35.54,36.73,7164
AVY,20100929,36.62,37.45,36.52,37.18,7852
AVY,20100930,37.47,37.90,36.99,37.12,8293
AVY,20101001,37.32,37.54,36.88,37.24,4813
AVY,20101004,37.19,37.46,36.44,36.68,8779
AVY,20101005,37.03,38.05,36.86,37.73,7735
AVY,20101006,37.72,37.91,37.58,37.74,5624
AVY,20101007,37.87,37.91,37.36,37.59,4212
AVY,20101008,37.63,38.19,37.51,38.04,4141
AVY,20101011,37.96,38.47,37.86,38.29,4196
AVY,20101012,38.02,38.28,37.73,38.18,6118
AVY,20101013,38.31,38.58,38.09,38.42,6541
AVY,20101014,38.39,38.69,37.85,38.15,4582
AVY,20101015,38.56,38.74,37.84,38.24,18701
AVY,20101018,38.23,38.54,38.17,38.28,7367
AVY,20101019,37.68,38.33,37.52,37.99,10656
AVY,20101020,38.02,39.26,37.97,39.02,7595
AVY,20101021,39.12,39.35,38.53,38.98,5615
AVY,20101022,38.84,39.12,38.70,38.90,7614
AVY,20101025,39.45,39.77,39.21,39.51,9106
AVY,20101026,39.23,39.85,39.08,39.16,14482
AVY,20101027,37.66,38.65,37.10,37.99,23431
AVY,20101028,37.51,37.75,36.75,36.78,18803
AVY,20101029,36.61,36.92,36.31,36.35,11205
AVY,20101101,36.41,36.53,35.56,35.80,16634
AVY,20101102,36.20,36.36,36.02,36.31,28412
AVY,20101103,36.32,36.71,35.95,36.38,15558
AVY,20101104,36.87,37.86,36.67,37.79,12247
AVY,20101105,37.71,38.00,37.62,37.99,8840
AVY,20101108,37.88,37.99,37.37,37.43,7828
AVY,20101109,37.40,37.69,36.87,37.01,11188
AVY,20101110,36.94,37.21,36.83,37.06,10673
AVY,20101111,36.77,37.24,36.59,37.10,11686
AVY,20101112,36.82,36.93,36.32,36.44,6150
AVY,20101115,36.67,37.08,36.58,36.74,9317
AVY,20101116,36.24,36.55,35.85,36.04,14647
AVY,20101117,36.07,36.34,36.07,36.26,14089
AVY,20101118,36.74,37.29,36.65,37.07,8481
AVY,20101119,37.12,37.73,36.96,37.72,9929
AVY,20101122,37.47,37.79,37.18,37.72,8589
AVY,20101123,37.24,37.68,37.10,37.52,10150
AVY,20101124,37.76,38.60,37.63,38.41,8134
AVY,20101126,38.08,38.45,37.93,38.17,3486
AVY,20101129,37.74,37.87,37.11,37.78,8354
AVY,20101130,37.42,37.91,37.36,37.54,10153
AVY,20101201,38.25,38.72,38.20,38.59,8236
AVY,20101202,38.59,39.75,38.51,39.68,11368
AVY,20101203,39.57,40.26,39.50,39.85,8761
AVY,20101206,39.86,40.13,39.80,39.99,8679
AVY,20101207,40.39,41.08,40.25,40.75,13747
AVY,20101208,40.86,41.05,40.55,40.76,8417
AVY,20101209,40.97,41.26,40.76,41.10,5756
AVY,20101210,41.24,41.41,40.78,41.38,6175
AVY,20101213,41.57,41.74,41.39,41.39,6622
AVY,20101214,41.33,41.97,41.30,41.70,8657
AVY,20101215,41.71,41.99,41.63,41.73,7752
AVY,20101216,41.95,42.49,41.75,42.19,8355
AVY,20101217,42.27,42.47,41.96,42.30,11124
AVY,20101220,42.35,42.45,42.10,42.14,7644
AVY,20101221,42.30,42.50,42.04,42.21,8008
AVY,20101222,42.36,42.67,42.20,42.47,6634
AVY,20101223,42.40,42.78,42.30,42.43,4448
AVY,20101227,42.25,42.57,42.23,42.49,4120
AVY,20101228,42.63,42.63,42.16,42.24,6018
AVY,20101229,42.37,42.79,42.33,42.46,4868
AVY,20101230,42.50,42.68,42.27,42.44,4767
AVY,20101231,42.47,42.66,42.29,42.34,4384
AVY,20110103,42.64,42.64,41.65,41.83,12932
AVY,20110104,42.03,42.03,41.48,41.89,15628
AVY,20110105,41.62,42.34,41.39,41.61,9193
AVY,20110106,41.71,41.77,40.82,41.12,11194
AVY,20110107,41.26,41.58,40.53,40.98,8664
AVY,20110110,40.73,41.08,40.34,40.99,594000
AVY,20110111,41.26,41.35,40.70,41.06,642000
AVY,20110112,41.46,41.92,41.20,41.83,717700
AVY,20110113,41.72,41.84,41.37,41.51,579100
AVY,20110114,41.55,42.29,41.37,42.09,838400
AVY,20110118,42.15,42.46,42.12,42.40,661500
AVY,20110119,42.28,42.40,41.38,41.57,627400
AVY,20110120,41.48,41.71,41.24,41.41,536900
AVY,20110121,41.58,41.74,41.24,41.49,750000
AVY,20110124,41.50,41.91,41.35,41.88,579500
AVY,20110125,41.76,42.01,41.47,42.01,377400
AVY,20110126,42.19,42.55,41.88,42.33,408700
AVY,20110127,42.35,42.39,41.93,42.13,613800
AVY,20110128,42.21,42.50,41.22,41.39,916300
AVY,20110131,41.57,42.19,41.47,42.09,647900
AVY,20110201,42.37,42.74,41.75,41.80,1308400
AVY,20110202,41.68,42.71,40.90,41.11,1972900
AVY,20110203,41.21,41.37,38.81,39.15,2877000
AVY,20110204,39.16,39.32,38.39,38.78,1392700
AVY,20110207,38.98,39.44,38.94,39.20,1070400
AVY,20110208,39.19,39.58,39.15,39.39,788900
AVY,20110209,40.00,40.23,39.51,40.10,1999900
AVY,20110210,39.77,39.96,39.49,39.76,1019200
AVY,20110211,39.57,40.36,39.53,40.28,803100
AVY,20110214,40.33,40.50,40.02,40.41,625900
AVY,20110215,40.18,40.66,40.14,40.51,830300
AVY,20110216,40.73,40.99,40.59,40.95,621600
AVY,20110217,40.91,41.20,40.66,41.08,419900
AVY,20110218,41.10,41.17,40.70,41.10,832300
AVY,20110222,40.70,40.80,39.80,39.97,1006900
AVY,20110223,40.00,40.18,38.99,39.23,822600
AVY,20110224,39.31,39.81,38.83,39.12,1003000
AVY,20110225,39.23,39.51,39.20,39.36,576800
AVY,20110228,39.42,39.93,39.31,39.92,1044800
AVY,20110301,40.05,40.82,39.44,39.78,1391800
AVY,20110302,39.73,40.69,39.60,40.52,1432900
AVY,20110303,40.91,41.85,40.91,41.71,1227000
AVY,20110304,41.70,41.94,41.30,41.50,1516800
AVY,20110307,41.70,41.85,40.92,41.21,1393600
AVY,20110308,41.23,41.76,40.72,41.49,1225500
AVY,20110309,41.43,41.66,41.03,41.55,889600
AVY,20110310,41.11,41.20,40.47,40.78,977400
AVY,20110311,40.64,41.82,40.64,41.58,864200
AVY,20110314,41.21,41.78,41.11,41.69,1030200
AVY,20110315,40.49,41.19,40.30,40.99,1123500
AVY,20110316,40.87,40.99,39.81,40.07,1218900
AVY,20110317,40.82,40.99,40.13,40.17,914900
AVY,20110318,40.89,41.38,40.78,41.10,1351700
AVY,20110321,41.64,41.83,41.52,41.72,637800
AVY,20110322,41.63,41.77,41.45,41.47,353100
AVY,20110323,41.32,41.50,40.78,41.32,434000
AVY,20110324,41.56,41.75,41.09,41.20,1395000
AVY,20110325,41.21,41.43,40.94,41.20,881800
AVY,20110328,41.31,41.43,40.92,40.96,547100
AVY,20110329,40.91,41.09,40.56,41.03,1107300
AVY,20110330,41.29,42.24,41.13,42.12,1095200
AVY,20110331,41.93,42.18,41.66,41.96,824400
AVY,20110401,42.32,42.60,42.01,42.09,611100
AVY,20110404,42.21,42.23,41.81,42.16,485400
AVY,20110405,42.12,42.53,41.65,42.48,585100
AVY,20110406,42.68,42.73,42.35,42.61,341200
AVY,20110407,42.53,42.79,42.20,42.51,390900
AVY,20110408,42.70,42.82,41.65,42.05,558900
AVY,20110411,42.11,42.30,41.81,41.94,480500
AVY,20110412,41.64,41.76,41.16,41.30,649200
AVY,20110413,41.56,41.65,40.91,41.12,658400
AVY,20110414,40.94,41.24,40.50,41.14,527200
AVY,20110415,41.27,41.92,41.11,41.85,697200
AVY,20110418,41.29,41.31,40.85,41.02,512900
AVY,20110419,41.04,41.46,41.02,41.10,737800
AVY,20110420,41.66,42.03,41.55,41.70,532000
AVY,20110421,41.96,41.97,41.49,41.59,508600
AVY,20110425,41.53,41.96,41.38,41.63,776600
AVY,20110426,41.89,43.28,41.83,43.11,1337600
