AWK,20090115,20.05,20.48,19.83,20.34,3499
AWK,20090116,20.47,20.90,20.21,20.45,2819
AWK,20090120,20.48,20.74,20.05,20.36,3123
AWK,20090121,20.55,20.79,20.00,20.79,3269
AWK,20090122,20.74,20.80,20.35,20.70,1940
AWK,20090123,20.53,20.88,20.37,20.78,2697
AWK,20090126,20.75,21.17,20.68,20.85,2475
AWK,20090127,21.07,21.40,20.91,21.27,4314
AWK,20090128,21.34,21.37,21.17,21.36,2187
AWK,20090129,21.37,21.49,20.85,21.14,3495
AWK,20090130,21.30,21.30,20.93,21.18,2983
AWK,20090202,21.16,21.21,20.63,20.76,3180
AWK,20090203,20.71,21.11,20.07,21.06,4673
AWK,20090204,21.10,21.25,20.49,20.71,3506
AWK,20090205,20.72,21.00,20.57,20.90,2464
AWK,20090206,20.80,21.25,20.80,21.03,2346
AWK,20090209,21.00,21.50,20.87,21.48,4198
AWK,20090210,21.38,21.54,21.15,21.24,4679
AWK,20090211,21.20,21.23,20.90,21.13,3484
AWK,20090212,21.15,21.51,20.55,21.05,3011
AWK,20090213,20.92,21.10,20.42,20.64,2253
AWK,20090217,20.40,21.00,20.19,20.83,4467
AWK,20090218,20.80,21.09,20.28,20.57,3548
AWK,20090219,20.57,20.99,20.53,20.75,3083
AWK,20090220,20.51,21.09,20.00,20.70,3418
AWK,20090223,20.77,20.90,19.97,20.21,3104
AWK,20090224,20.22,20.53,19.33,19.75,4215
AWK,20090225,19.69,19.83,19.13,19.21,6278
AWK,20090226,19.06,19.32,18.14,18.50,5901
AWK,20090227,18.44,18.88,17.97,18.55,3862
AWK,20090302,18.39,18.62,17.66,17.83,4516
AWK,20090303,17.95,18.00,16.36,16.83,12671
AWK,20090304,17.02,17.45,16.74,17.18,4230
AWK,20090305,16.89,17.19,16.76,16.96,3933
AWK,20090306,17.19,17.53,16.55,16.79,4748
AWK,20090309,16.63,17.25,16.22,16.66,5554
AWK,20090310,16.88,17.04,16.34,16.53,4589
AWK,20090311,16.69,16.92,16.51,16.71,2259
AWK,20090312,16.77,16.99,16.42,16.61,3486
AWK,20090313,16.79,18.35,16.79,18.16,5437
AWK,20090316,18.32,19.50,18.19,19.01,7727
AWK,20090317,19.09,19.09,18.01,18.25,3736
AWK,20090318,18.12,18.88,17.52,18.63,6037
AWK,20090319,18.91,19.03,17.87,18.30,4628
AWK,20090320,18.49,18.80,18.11,18.39,3585
AWK,20090323,18.65,18.65,17.93,18.05,4067
AWK,20090324,18.06,18.84,17.95,18.10,3500
AWK,20090325,18.09,18.52,18.03,18.38,2157
AWK,20090326,18.50,18.52,18.25,18.51,2754
AWK,20090327,18.51,18.66,18.30,18.55,2459
AWK,20090330,18.44,18.65,17.98,18.50,4885
AWK,20090331,18.62,19.43,18.18,19.24,6143
AWK,20090401,18.99,19.09,18.02,18.27,4037
AWK,20090402,18.24,19.00,18.10,18.18,3669
AWK,20090403,18.28,18.46,18.10,18.34,1318
AWK,20090406,18.30,18.71,17.76,18.24,3876
AWK,20090407,18.14,18.66,17.67,18.17,3671
AWK,20090408,18.13,18.61,18.02,18.40,3483
AWK,20090409,18.76,18.84,17.93,18.24,2950
AWK,20090413,18.04,18.22,17.50,17.69,4317
AWK,20090414,17.70,18.26,17.43,17.60,3221
AWK,20090415,17.71,18.00,17.60,17.80,2525
AWK,20090416,17.84,18.83,17.43,18.63,4279
AWK,20090417,18.55,18.79,18.46,18.79,2859
AWK,20090420,18.50,18.79,18.11,18.49,2952
AWK,20090421,18.62,18.70,18.33,18.47,2109
AWK,20090422,18.61,18.61,18.01,18.10,3710
AWK,20090423,18.22,18.22,17.89,18.07,2166
AWK,20090424,18.06,18.18,17.61,18.00,4498
AWK,20090427,18.01,18.54,17.82,18.41,2912
AWK,20090428,18.48,18.55,18.13,18.22,2715
AWK,20090429,18.15,18.58,18.00,18.42,2195
AWK,20090430,18.59,18.85,17.94,18.00,4420
AWK,20090501,18.00,18.14,17.55,17.59,4730
AWK,20090504,17.58,17.82,17.01,17.61,6786
AWK,20090505,17.61,17.67,17.06,17.66,5699
AWK,20090506,18.01,18.30,18.00,18.16,4211
AWK,20090507,18.47,18.47,18.22,18.34,5649
AWK,20090508,18.50,18.75,18.25,18.55,4179
AWK,20090511,18.48,18.75,18.41,18.49,3741
AWK,20090512,18.50,18.77,18.06,18.10,4270
AWK,20090513,18.03,18.40,17.88,17.91,7770
AWK,20090514,17.85,18.06,17.55,17.67,3827
AWK,20090515,17.52,17.54,17.07,17.12,7964
AWK,20090518,17.28,17.44,17.10,17.20,5053
AWK,20090519,17.26,17.39,17.04,17.28,5519
AWK,20090520,17.40,17.50,17.20,17.26,5779
AWK,20090521,17.24,17.37,17.01,17.13,3765
AWK,20090522,17.22,17.35,17.00,17.07,2371
AWK,20090526,17.01,17.49,16.86,17.49,10620
AWK,20090527,17.50,17.52,16.91,16.95,4707
AWK,20090528,17.11,17.30,16.91,17.23,9837
AWK,20090529,17.19,17.28,17.00,17.28,4561
AWK,20090601,16.75,17.23,16.75,16.80,8144
AWK,20090602,16.77,17.30,16.55,17.06,13854
AWK,20090603,17.09,17.49,16.99,17.23,10085
AWK,20090604,17.19,18.13,17.10,17.49,24109
AWK,20090605,17.39,17.59,17.15,17.43,160944
AWK,20090608,17.39,17.87,17.25,17.76,32757
AWK,20090609,17.77,18.25,17.60,18.00,25287
AWK,20090610,17.95,18.49,17.92,18.31,21298
AWK,20090611,18.38,18.77,18.25,18.62,12518
AWK,20090612,18.59,18.80,18.11,18.68,10306
AWK,20090615,18.73,18.74,18.25,18.48,8195
AWK,20090616,18.60,18.68,18.29,18.33,10730
AWK,20090617,18.42,18.50,18.20,18.36,6736
AWK,20090618,18.24,18.57,18.20,18.55,9742
AWK,20090619,18.70,18.70,18.25,18.58,9915
AWK,20090622,18.40,18.70,18.40,18.60,8083
AWK,20090623,18.70,18.98,18.53,18.63,12931
AWK,20090624,18.76,18.79,18.38,18.55,7522
AWK,20090625,18.59,18.97,18.45,18.79,25463
AWK,20090626,18.83,19.13,18.60,19.07,21759
AWK,20090629,19.20,19.29,18.99,19.26,18448
AWK,20090630,19.32,19.49,18.87,19.11,11827
AWK,20090701,18.23,19.38,18.13,19.11,18666
AWK,20090702,18.93,19.18,18.61,18.78,7841
AWK,20090706,18.68,18.81,18.41,18.62,5588
AWK,20090707,18.54,18.55,18.21,18.36,5624
AWK,20090708,18.55,18.69,18.19,18.39,11165
AWK,20090709,18.47,18.47,18.13,18.28,4761
AWK,20090710,18.27,18.45,18.21,18.40,4167
AWK,20090713,18.36,18.75,18.23,18.69,4414
AWK,20090714,18.81,18.96,18.46,18.93,6908
AWK,20090715,19.07,19.07,18.34,18.45,11985
AWK,20090716,18.39,18.66,18.07,18.59,9265
AWK,20090717,18.61,18.75,18.50,18.71,3421
AWK,20090720,18.84,18.88,18.60,18.86,3291
AWK,20090721,18.89,19.10,18.74,18.83,5241
AWK,20090722,18.87,19.04,18.73,18.85,5279
AWK,20090723,18.94,19.37,18.77,19.26,7817
AWK,20090724,19.10,19.47,19.05,19.36,4080
AWK,20090727,19.37,19.60,19.23,19.55,4136
AWK,20090728,19.57,19.83,19.40,19.83,5106
AWK,20090729,19.72,19.82,19.44,19.75,4185
AWK,20090730,19.91,19.91,19.52,19.57,3908
AWK,20090731,19.64,19.79,19.52,19.71,3515
AWK,20090803,19.75,19.94,19.53,19.94,5984
AWK,20090804,19.86,20.24,19.67,19.99,6042
AWK,20090805,20.11,20.18,19.44,20.00,6202
AWK,20090806,20.27,20.32,19.49,19.80,6443
AWK,20090807,19.96,20.16,19.89,20.13,4202
AWK,20090810,19.88,20.45,19.88,20.38,7252
AWK,20090811,20.45,20.50,20.00,20.22,4820
AWK,20090812,18.84,19.75,18.70,19.53,25688
AWK,20090813,19.39,19.40,18.75,19.34,35309
AWK,20090814,19.18,19.29,19.05,19.14,164487
AWK,20090817,19.03,19.25,19.00,19.25,38360
AWK,20090818,19.19,19.45,19.14,19.39,32157
AWK,20090819,19.17,19.92,19.17,19.86,27994
AWK,20090820,19.73,20.11,19.68,20.07,21874
AWK,20090821,20.18,20.30,19.85,20.09,14163
AWK,20090824,20.18,20.20,19.88,19.98,14212
AWK,20090825,19.90,20.38,19.84,20.24,19201
AWK,20090826,20.16,20.49,20.10,20.47,13694
AWK,20090827,20.30,20.37,20.05,20.36,9895
AWK,20090828,20.50,20.50,20.00,20.21,12838
AWK,20090831,20.21,20.24,19.91,20.10,10280
AWK,20090901,20.00,20.27,19.73,19.96,14656
AWK,20090902,19.94,20.07,19.51,19.89,8305
AWK,20090903,20.10,20.10,19.58,19.78,8552
AWK,20090904,19.80,19.95,19.64,19.81,6371
AWK,20090908,19.83,19.99,19.71,19.99,7675
AWK,20090909,19.89,19.95,19.72,19.90,8580
AWK,20090910,19.93,20.00,19.77,19.94,6717
AWK,20090911,20.03,20.03,19.72,19.82,6270
AWK,20090914,19.80,19.98,19.76,19.90,4254
AWK,20090915,19.97,20.18,19.87,20.17,7894
AWK,20090916,20.20,20.46,20.00,20.43,8752
AWK,20090917,20.27,20.50,20.23,20.48,7328
AWK,20090918,20.46,20.46,20.22,20.25,9691
AWK,20090921,20.10,20.38,20.00,20.21,7796
AWK,20090922,20.31,20.31,19.84,20.07,5402
AWK,20090923,20.14,20.20,20.00,20.10,6364
AWK,20090924,20.01,20.15,19.75,19.83,5958
AWK,20090925,19.72,19.87,19.62,19.74,5004
AWK,20090928,19.83,20.24,19.77,20.17,5219
AWK,20090929,20.23,20.23,19.97,20.19,4262
AWK,20090930,20.13,20.19,19.70,19.94,10647
AWK,20091001,19.99,19.99,19.68,19.77,6169
AWK,20091002,19.73,19.73,19.11,19.53,14896
AWK,20091005,19.47,19.59,19.38,19.45,10864
AWK,20091006,19.60,19.67,19.43,19.50,5893
AWK,20091007,19.45,19.69,19.43,19.58,6792
AWK,20091008,19.69,19.72,19.54,19.68,6452
AWK,20091009,19.67,19.79,19.59,19.79,4530
AWK,20091012,19.90,20.10,19.78,20.10,6957
AWK,20091013,20.13,20.17,19.97,20.05,6129
AWK,20091014,20.11,20.14,19.78,19.82,8333
AWK,20091015,19.82,19.96,19.63,19.76,9564
AWK,20091016,19.66,20.00,19.66,19.95,3000
AWK,20091019,20.02,20.05,19.69,19.91,6856
AWK,20091020,19.84,19.96,19.75,19.87,9351
AWK,20091021,19.79,20.04,19.74,19.78,6968
AWK,20091022,19.74,19.98,19.74,19.90,5085
AWK,20091023,19.90,19.99,19.47,19.49,10419
AWK,20091026,19.56,19.65,19.10,19.28,11481
AWK,20091027,19.18,19.26,18.96,19.06,9079
AWK,20091028,18.98,19.25,18.98,19.05,31179
AWK,20091029,19.21,19.27,18.97,19.21,7460
AWK,20091030,19.10,19.34,18.91,18.97,11852
AWK,20091102,19.09,19.25,18.97,19.04,7452
AWK,20091103,19.07,19.40,19.07,19.33,5545
AWK,20091104,19.35,19.69,19.28,19.28,4872
AWK,20091105,19.34,19.61,19.34,19.59,6977
AWK,20091106,19.49,19.80,19.46,19.56,7768
AWK,20091109,19.89,20.55,19.74,20.50,16074
AWK,20091110,20.57,20.57,20.11,20.14,6771
AWK,20091111,20.24,20.28,19.90,19.91,10440
AWK,20091112,19.92,20.48,19.85,20.27,35935
AWK,20091113,20.29,20.70,20.02,20.29,18071
AWK,20091116,20.20,20.60,20.11,20.42,11404
AWK,20091117,20.54,21.64,20.45,21.63,65337
AWK,20091118,21.45,21.80,21.36,21.43,212160
AWK,20091119,21.26,21.70,21.13,21.47,53977
AWK,20091120,21.46,21.61,21.16,21.29,26266
AWK,20091123,21.52,21.56,21.25,21.29,19530
AWK,20091124,21.33,21.99,21.29,21.84,34782
AWK,20091125,21.79,22.13,21.63,22.01,30583
AWK,20091127,21.60,22.10,21.56,22.01,13675
AWK,20091130,22.12,22.28,21.82,22.24,59914
AWK,20091201,22.39,22.43,22.17,22.28,24742
AWK,20091202,22.39,22.50,21.84,22.08,30078
AWK,20091203,22.19,22.20,21.74,21.80,19829
AWK,20091204,22.08,22.14,21.47,21.80,14471
AWK,20091207,21.75,22.00,21.69,21.76,17451
AWK,20091208,21.79,21.79,21.34,21.60,14467
AWK,20091209,21.73,21.83,21.60,21.74,17427
AWK,20091210,21.75,22.20,21.66,21.76,15512
AWK,20091211,21.92,22.07,21.76,22.07,12232
AWK,20091214,22.15,22.20,21.83,22.09,11636
AWK,20091215,21.94,22.19,21.89,22.06,16052
AWK,20091216,22.06,22.50,22.04,22.32,20045
AWK,20091217,22.34,22.70,22.21,22.54,22701
AWK,20091218,22.60,22.77,22.34,22.41,23197
AWK,20091221,22.66,23.03,22.42,22.68,18472
AWK,20091222,22.76,22.81,22.13,22.21,17189
AWK,20091223,22.19,22.35,22.01,22.25,7703
AWK,20091224,22.38,22.50,22.25,22.40,2021
AWK,20091228,22.47,22.47,22.22,22.34,4499
AWK,20091229,22.49,22.59,22.44,22.47,6495
AWK,20091230,22.54,22.68,22.45,22.55,7166
AWK,20091231,22.71,22.77,22.37,22.41,7876
AWK,20100104,22.41,22.86,22.41,22.65,21761
AWK,20100105,22.67,22.91,22.59,22.88,18435
AWK,20100106,22.89,23.15,22.83,23.00,20893
AWK,20100107,23.12,23.15,22.90,23.05,13531
AWK,20100108,23.10,23.18,22.82,23.00,13590
AWK,20100111,23.00,23.77,22.94,23.23,23135
AWK,20100112,23.25,23.25,23.00,23.12,11175
AWK,20100113,23.08,23.32,23.00,23.22,7036
AWK,20100114,23.12,23.15,22.88,22.98,11736
AWK,20100115,23.06,23.06,22.43,22.60,9967
AWK,20100119,22.69,22.81,22.50,22.50,7794
AWK,20100120,22.59,22.60,22.21,22.45,14388
AWK,20100121,22.47,22.62,22.09,22.11,12803
AWK,20100122,22.17,22.18,21.64,22.06,14914
AWK,20100125,22.23,22.37,21.96,22.15,10047
AWK,20100126,21.85,22.18,21.39,22.02,6599
AWK,20100127,22.00,22.20,21.75,22.02,10780
AWK,20100128,22.02,22.10,21.60,21.66,11952
AWK,20100129,21.67,22.02,21.57,21.80,14230
AWK,20100201,21.89,22.18,21.83,22.14,8783
AWK,20100202,22.22,22.41,22.03,22.10,8161
AWK,20100203,22.10,22.36,21.77,22.36,9332
AWK,20100204,22.11,22.30,21.75,21.75,11563
AWK,20100205,21.84,21.92,21.34,21.68,8362
AWK,20100208,21.67,21.88,21.53,21.61,6689
AWK,20100209,21.70,21.90,21.37,21.40,8113
AWK,20100210,21.38,21.61,21.20,21.57,6818
AWK,20100211,21.60,21.93,21.40,21.82,10969
AWK,20100212,21.74,22.16,21.55,22.16,9065
AWK,20100216,22.19,22.20,21.99,22.12,7599
AWK,20100217,22.21,22.41,22.09,22.21,10926
AWK,20100218,22.26,22.53,22.16,22.51,7517
AWK,20100219,22.55,22.99,22.45,22.88,10194
AWK,20100222,22.98,23.00,22.65,22.69,4312
AWK,20100223,22.71,22.77,22.32,22.45,9161
AWK,20100224,22.48,22.56,22.12,22.26,6395
AWK,20100225,22.13,22.34,21.84,22.31,12116
AWK,20100226,22.28,22.36,22.09,22.26,10768
AWK,20100301,22.39,22.39,20.72,21.08,55634
AWK,20100302,21.08,21.08,20.39,20.75,43862
AWK,20100303,20.75,21.07,20.75,20.92,30492
AWK,20100304,20.91,21.34,20.91,21.25,15509
AWK,20100305,21.25,21.46,21.12,21.41,9292
AWK,20100308,21.47,21.47,21.17,21.35,8778
AWK,20100309,21.37,21.37,21.00,21.22,9359
AWK,20100310,21.20,21.20,20.99,21.07,8408
AWK,20100311,20.99,21.09,20.95,21.02,13201
AWK,20100312,21.14,21.14,20.89,20.96,19700
AWK,20100315,21.03,21.31,20.98,21.10,15688
AWK,20100316,21.19,21.25,20.92,21.07,10444
AWK,20100317,21.17,21.33,20.98,21.27,9059
AWK,20100318,21.21,21.50,21.18,21.40,7326
AWK,20100319,21.23,21.40,20.95,21.25,13215
AWK,20100322,21.14,21.19,20.89,21.11,8417
AWK,20100323,21.19,21.67,20.96,21.61,16456
AWK,20100324,21.59,21.78,21.50,21.70,12638
AWK,20100325,21.74,21.81,21.36,21.51,12743
AWK,20100326,21.60,21.61,21.12,21.25,10358
AWK,20100329,21.28,21.45,21.14,21.43,5063
AWK,20100330,21.49,21.57,21.08,21.37,10254
AWK,20100331,21.40,21.80,21.27,21.76,9643
AWK,20100401,21.79,22.00,21.75,21.81,11973
AWK,20100405,21.90,22.16,21.84,22.15,6880
AWK,20100406,22.15,22.22,22.00,22.14,8234
AWK,20100407,22.06,22.06,21.66,21.71,9547
AWK,20100408,21.61,21.75,20.94,21.35,17979
AWK,20100409,21.46,21.66,21.25,21.62,9945
AWK,20100412,21.60,21.68,21.37,21.55,5667
AWK,20100413,21.58,21.58,21.35,21.48,5951
AWK,20100414,21.59,21.62,21.16,21.44,11777
AWK,20100415,21.40,21.60,21.32,21.43,7445
AWK,20100416,21.34,21.51,21.04,21.47,9374
AWK,20100419,21.46,21.53,21.07,21.22,6970
AWK,20100420,21.13,21.49,21.13,21.45,6825
AWK,20100421,21.49,21.69,21.42,21.64,6512
AWK,20100422,21.61,21.61,21.26,21.43,5611
AWK,20100423,21.61,21.61,21.27,21.36,7817
AWK,20100426,21.32,21.49,21.06,21.06,10176
AWK,20100427,21.03,21.34,20.83,20.83,16331
AWK,20100428,21.03,21.33,20.75,21.24,11904
AWK,20100429,21.29,21.72,21.21,21.69,8392
AWK,20100430,21.63,21.95,21.61,21.78,8435
AWK,20100503,21.82,22.00,21.66,21.94,7865
AWK,20100504,21.80,22.03,21.55,22.00,17949
AWK,20100505,22.02,22.04,21.66,22.01,18394
AWK,20100506,21.92,22.08,20.84,21.40,21276
AWK,20100507,21.43,21.74,20.50,20.71,21384
AWK,20100510,21.28,21.94,21.25,21.93,22155
AWK,20100511,21.72,21.98,21.57,21.65,9398
AWK,20100512,21.62,21.85,21.50,21.70,14033
AWK,20100513,21.58,22.13,21.58,21.75,17926
AWK,20100514,21.50,21.50,21.08,21.38,9050
AWK,20100517,21.44,21.65,21.10,21.29,7770
AWK,20100518,21.33,21.61,20.86,20.92,10325
AWK,20100519,20.83,20.97,20.32,20.65,14387
AWK,20100520,20.45,20.54,19.92,19.95,15751
AWK,20100521,19.83,20.09,19.72,20.09,13340
AWK,20100524,20.08,20.48,19.97,20.05,7453
AWK,20100525,19.70,20.06,19.41,20.01,13887
AWK,20100526,20.10,20.30,19.91,20.00,9885
AWK,20100527,20.30,20.34,20.10,20.28,5324
AWK,20100528,20.33,20.57,20.10,20.34,7432
AWK,20100601,20.25,20.39,20.00,20.02,6455
AWK,20100602,20.02,20.26,20.00,20.22,7173
AWK,20100603,20.23,20.46,20.15,20.41,7068
AWK,20100604,20.06,20.13,19.78,19.92,10605
AWK,20100607,20.03,20.21,19.90,19.92,9066
AWK,20100608,19.94,20.21,19.83,20.21,15084
AWK,20100609,20.22,20.28,20.01,20.10,10846
AWK,20100610,20.27,20.45,19.92,20.01,17384
AWK,20100611,19.96,20.15,19.95,20.10,12920
AWK,20100614,20.16,20.85,20.15,20.66,24127
AWK,20100615,20.73,20.93,20.69,20.86,11864
AWK,20100616,20.62,20.98,20.58,20.89,8428
AWK,20100617,20.98,21.13,20.77,21.09,8384
AWK,20100618,20.99,21.74,20.94,21.74,35954
AWK,20100621,21.73,21.81,21.35,21.45,10691
AWK,20100622,21.49,21.55,21.09,21.10,11457
AWK,20100623,21.13,21.17,20.81,20.97,16237
AWK,20100624,21.00,21.28,20.78,20.80,10352
AWK,20100625,20.76,21.10,20.57,21.02,56513
AWK,20100628,20.96,21.31,20.91,21.18,6398
AWK,20100629,20.88,21.03,20.64,20.76,9799
AWK,20100630,20.65,20.94,20.51,20.60,9038
AWK,20100701,20.55,20.65,20.00,20.00,15721
AWK,20100702,20.22,20.26,19.92,20.03,8847
AWK,20100706,20.27,20.40,20.04,20.29,11441
AWK,20100707,20.38,21.10,20.34,21.08,10330
AWK,20100708,21.15,21.21,20.99,21.21,9435
AWK,20100709,21.22,21.27,21.12,21.23,8078
AWK,20100712,21.20,21.33,20.99,21.06,4787
AWK,20100713,21.20,21.27,20.91,21.12,10676
AWK,20100714,21.12,21.37,20.97,21.28,8085
AWK,20100715,21.27,21.43,21.08,21.36,7399
AWK,20100716,21.37,21.40,20.77,20.84,7282
AWK,20100719,20.96,21.19,20.93,21.06,4622
AWK,20100720,20.99,21.49,20.84,21.46,8903
AWK,20100721,21.43,21.61,20.82,20.99,9956
AWK,20100722,21.15,21.50,21.15,21.38,8821
AWK,20100723,21.26,21.48,21.11,21.34,6921
AWK,20100726,21.43,21.75,21.31,21.72,6301
AWK,20100727,21.74,21.94,21.74,21.84,7406
AWK,20100728,21.84,21.96,21.45,21.55,5609
AWK,20100729,21.71,21.78,21.03,21.25,9441
AWK,20100730,21.15,21.43,20.97,21.38,8301
AWK,20100802,21.67,21.80,21.45,21.80,9712
AWK,20100803,21.67,21.76,21.48,21.56,7554
AWK,20100804,21.54,21.72,21.44,21.58,6062
AWK,20100805,22.75,23.00,22.06,22.62,28883
AWK,20100806,22.49,22.70,22.40,22.56,11063
AWK,20100809,22.78,22.88,22.57,22.60,6278
AWK,20100810,22.48,22.95,22.33,22.82,18609
AWK,20100811,22.55,22.85,22.41,22.72,17230
AWK,20100812,22.46,22.78,22.37,22.48,13925
AWK,20100813,22.49,22.83,22.38,22.66,10888
AWK,20100816,22.26,22.40,22.04,22.10,11645
AWK,20100817,22.24,22.59,22.05,22.33,28554
AWK,20100818,22.33,22.51,22.05,22.27,14798
AWK,20100819,22.29,22.36,21.89,22.09,12366
AWK,20100820,22.08,22.12,21.85,22.08,8226
AWK,20100823,22.29,22.49,21.97,22.00,5215
AWK,20100824,21.83,22.12,21.72,21.95,11205
AWK,20100825,21.86,22.81,21.86,22.66,25946
AWK,20100826,22.69,22.88,22.40,22.69,13806
AWK,20100827,22.89,22.89,22.39,22.74,10437
AWK,20100830,22.76,22.86,22.58,22.60,13601
AWK,20100831,22.59,22.67,22.32,22.58,12715
AWK,20100901,22.87,23.07,22.76,23.04,9006
AWK,20100902,23.12,23.29,22.95,23.26,9367
AWK,20100903,23.42,23.44,23.12,23.34,6575
AWK,20100907,23.19,23.20,22.83,22.88,7737
AWK,20100908,22.67,22.73,22.16,22.50,8783
AWK,20100909,22.71,22.79,22.44,22.56,7930
AWK,20100910,22.60,22.64,22.48,22.61,13605
AWK,20100913,22.62,22.80,22.50,22.77,7917
AWK,20100914,22.77,22.91,22.65,22.78,8219
AWK,20100915,22.74,22.86,22.54,22.85,5589
AWK,20100916,22.78,22.91,22.64,22.73,6946
AWK,20100917,22.84,23.17,22.59,23.14,15614
AWK,20100920,23.10,23.31,22.97,23.19,9784
AWK,20100921,23.20,23.29,23.02,23.06,14558
AWK,20100922,23.04,23.39,22.97,23.24,10247
AWK,20100923,23.08,23.28,22.84,23.04,6810
AWK,20100924,23.34,23.49,23.16,23.49,6302
AWK,20100927,23.41,23.52,23.15,23.33,6866
AWK,20100928,23.46,23.48,22.94,23.27,12683
AWK,20100929,23.25,23.37,23.01,23.06,19081
AWK,20100930,23.26,23.50,23.16,23.27,14893
AWK,20101001,23.37,23.55,23.16,23.53,12325
AWK,20101004,23.53,23.57,23.13,23.47,9953
AWK,20101005,23.75,23.76,23.52,23.69,8710
AWK,20101006,23.69,23.79,23.36,23.74,8889
AWK,20101007,23.90,23.97,23.60,23.77,7904
AWK,20101008,23.77,23.82,23.57,23.70,8104
AWK,20101011,23.63,23.76,23.57,23.66,4390
AWK,20101012,23.53,23.76,23.32,23.72,8333
AWK,20101013,23.84,23.95,23.47,23.47,11746
AWK,20101014,23.50,23.58,23.45,23.52,9953
AWK,20101015,23.66,23.75,23.52,23.64,15436
AWK,20101018,23.72,23.78,23.62,23.65,7134
AWK,20101019,23.68,24.00,23.54,23.73,12407
AWK,20101020,23.82,23.90,23.74,23.86,7607
AWK,20101021,23.84,23.98,23.57,23.74,5120
AWK,20101022,23.84,23.90,23.56,23.68,3963
AWK,20101025,23.79,23.85,23.49,23.55,6257
AWK,20101026,23.58,23.73,23.44,23.63,7071
AWK,20101027,23.61,23.97,23.58,23.90,11948
AWK,20101028,23.99,24.12,23.83,23.90,6670
AWK,20101029,24.00,24.00,23.71,23.88,7266
AWK,20101101,23.96,24.06,23.52,23.73,13463
AWK,20101102,23.90,24.05,23.76,23.87,18650
AWK,20101103,23.88,24.22,23.80,24.10,15737
AWK,20101104,24.87,24.88,24.37,24.54,19944
AWK,20101105,24.75,24.82,24.45,24.81,13363
AWK,20101108,24.68,24.75,24.53,24.72,8477
AWK,20101109,24.84,24.85,24.34,24.44,9554
AWK,20101110,24.51,24.80,24.40,24.75,7505
AWK,20101111,24.72,24.89,24.57,24.88,11323
AWK,20101112,24.86,24.89,24.46,24.50,9896
AWK,20101115,24.76,24.93,24.66,24.86,9345
AWK,20101116,24.56,24.68,23.90,24.02,16171
AWK,20101117,24.25,24.37,24.07,24.12,15963
AWK,20101118,24.22,24.30,23.93,23.93,8357
AWK,20101119,24.00,24.25,23.84,24.25,12334
AWK,20101122,24.19,24.40,24.09,24.29,8107
AWK,20101123,24.25,24.54,24.05,24.44,8170
AWK,20101124,24.48,24.73,24.41,24.64,5047
AWK,20101126,24.62,24.81,24.54,24.79,6671
AWK,20101129,24.61,24.64,23.93,24.54,13159
AWK,20101130,24.43,24.53,24.17,24.51,14145
AWK,20101201,24.67,24.98,24.50,24.78,13592
AWK,20101202,24.82,25.14,24.65,25.00,11721
AWK,20101203,24.99,25.07,24.83,24.92,7297
AWK,20101206,24.98,25.05,24.86,24.96,5038
AWK,20101207,25.10,25.21,24.70,24.78,7170
AWK,20101208,24.78,24.89,24.56,24.76,7106
AWK,20101209,24.80,24.96,24.65,24.90,7655
AWK,20101210,24.88,24.98,24.60,24.72,12843
AWK,20101213,24.87,25.10,24.72,25.00,6994
AWK,20101214,25.04,25.25,24.78,24.94,13825
AWK,20101215,24.96,25.14,24.80,24.91,13587
AWK,20101216,25.03,25.38,24.90,25.21,19472
AWK,20101217,25.25,25.31,24.81,25.23,11318
AWK,20101220,25.37,25.70,25.11,25.52,10687
AWK,20101221,25.48,25.69,25.17,25.24,8679
AWK,20101222,25.38,25.40,25.00,25.20,8335
AWK,20101223,25.22,25.56,25.10,25.40,6529
AWK,20101227,25.37,25.53,25.20,25.41,3100
AWK,20101228,25.36,25.53,25.21,25.51,4911
AWK,20101229,25.56,25.75,25.50,25.73,4239
AWK,20101230,25.77,25.82,25.28,25.44,6672
AWK,20101231,25.42,25.56,25.29,25.29,5039
AWK,20110103,25.49,25.57,25.27,25.54,7229
AWK,20110104,25.64,25.72,25.48,25.67,10950
AWK,20110105,25.57,25.74,25.43,25.53,7550
AWK,20110106,25.67,25.67,25.17,25.23,8628
AWK,20110107,25.32,25.67,25.24,25.67,8218
AWK,20110110,25.69,25.69,25.31,25.51,528000
AWK,20110111,25.62,25.69,25.28,25.36,587000
AWK,20110112,25.43,25.59,25.41,25.58,606300
AWK,20110113,25.49,25.73,25.49,25.68,972100
AWK,20110114,25.62,25.98,25.60,25.98,524900
AWK,20110118,25.88,25.99,25.32,25.42,853900
AWK,20110119,25.50,25.68,25.27,25.53,1116600
AWK,20110120,25.39,25.85,25.39,25.66,861100
AWK,20110121,25.83,25.83,25.56,25.59,1009400
AWK,20110124,25.57,26.11,25.57,25.90,743900
AWK,20110125,25.95,26.19,25.84,25.95,1436500
AWK,20110126,26.08,26.34,26.01,26.15,981200
AWK,20110127,26.21,26.23,25.87,25.89,1107200
AWK,20110128,25.97,26.10,25.38,25.38,1001300
AWK,20110131,25.52,25.63,25.41,25.50,1007200
AWK,20110201,25.75,25.81,25.58,25.67,1131600
AWK,20110202,25.80,26.23,25.69,26.20,1155200
AWK,20110203,26.33,26.66,26.10,26.64,2002400
AWK,20110204,26.60,26.85,26.56,26.73,1740600
AWK,20110207,26.86,26.86,26.65,26.80,1196600
AWK,20110208,26.88,26.88,26.61,26.63,548100
AWK,20110209,26.56,26.65,26.50,26.56,684400
AWK,20110210,26.58,26.66,26.43,26.46,560100
AWK,20110211,26.53,26.64,26.31,26.62,923800
AWK,20110214,26.73,27.10,26.61,27.00,1771300
AWK,20110215,27.08,27.38,26.95,27.27,1503400
AWK,20110216,27.28,27.37,27.05,27.23,1063100
AWK,20110217,27.31,27.35,27.20,27.32,1123900
AWK,20110218,27.45,27.93,27.40,27.83,2263700
AWK,20110222,27.76,27.83,27.29,27.48,1248600
AWK,20110223,27.41,27.67,27.26,27.40,1309700
AWK,20110224,27.41,27.49,26.98,27.08,1513500
AWK,20110225,27.30,27.42,27.08,27.37,1204400
AWK,20110228,27.32,27.85,27.32,27.74,1234600
AWK,20110301,27.81,27.90,27.40,27.46,1571100
AWK,20110302,27.55,27.74,27.43,27.69,1543700
AWK,20110303,27.86,28.29,27.76,28.20,1684100
AWK,20110304,28.19,28.19,27.54,27.69,1272200
AWK,20110307,27.86,27.99,27.50,27.65,1260600
AWK,20110308,27.71,28.02,27.68,27.89,1347700
AWK,20110309,27.84,27.96,27.79,27.87,1123800
AWK,20110310,27.81,27.83,27.39,27.40,856300
AWK,20110311,27.30,27.61,27.30,27.45,1023600
AWK,20110314,27.30,27.59,27.30,27.50,904000
AWK,20110315,27.02,27.16,26.82,26.94,974800
AWK,20110316,26.90,27.35,26.80,27.12,2229100
AWK,20110317,27.39,27.45,26.80,27.00,966800
AWK,20110318,27.25,27.36,26.95,27.03,1354700
AWK,20110321,27.25,27.82,27.25,27.50,1246500
AWK,20110322,27.45,27.77,27.41,27.42,1576800
AWK,20110323,27.53,27.53,27.26,27.40,930400
AWK,20110324,27.61,27.80,27.42,27.69,1524300
AWK,20110325,27.79,27.98,27.70,27.78,639100
AWK,20110328,27.80,27.93,27.50,27.50,532800
AWK,20110329,27.45,27.68,27.41,27.67,998300
AWK,20110330,27.85,28.04,27.75,27.95,1629800
AWK,20110331,28.03,28.33,27.76,28.05,1012900
AWK,20110401,28.11,28.55,28.11,28.31,862000
AWK,20110404,28.35,28.50,28.20,28.45,509700
AWK,20110405,28.29,28.51,28.21,28.42,625100
AWK,20110406,28.54,28.93,28.51,28.72,979300
AWK,20110407,28.64,28.79,28.42,28.61,1250900
AWK,20110408,28.58,28.69,28.38,28.52,678000
AWK,20110411,28.60,28.62,28.30,28.36,839300
AWK,20110412,28.29,28.32,27.87,27.90,1120800
AWK,20110413,28.07,28.26,28.04,28.17,861200
AWK,20110414,28.22,28.41,28.07,28.36,578300
AWK,20110415,28.51,28.83,28.37,28.67,728500
AWK,20110418,28.68,28.68,28.19,28.37,902300
AWK,20110419,28.39,28.51,28.18,28.38,893200
AWK,20110420,28.61,28.63,28.47,28.48,849300
AWK,20110421,28.55,28.61,28.19,28.31,1063200
AWK,20110425,28.31,28.50,28.31,28.33,562000
AWK,20110426,28.37,28.71,28.34,28.66,769700
