BBD,20090115,8.23,8.45,7.56,8.25,163167
BBD,20090116,8.72,8.80,8.04,8.43,119963
BBD,20090120,8.25,8.31,7.57,7.60,140605
BBD,20090121,7.93,8.49,7.75,8.42,193911
BBD,20090122,8.09,8.34,7.87,8.10,146287
BBD,20090123,7.95,8.45,7.85,8.36,134465
BBD,20090126,8.38,8.56,8.16,8.26,134228
BBD,20090127,8.36,8.44,8.00,8.15,97238
BBD,20090128,8.45,8.74,8.44,8.70,137616
BBD,20090129,8.44,8.49,8.15,8.22,106682
BBD,20090130,8.33,8.40,7.99,8.14,95606
BBD,20090202,7.79,8.05,7.73,7.98,99763
BBD,20090203,7.96,8.16,7.84,8.09,86958
BBD,20090204,8.17,8.46,8.08,8.29,173163
BBD,20090205,8.27,8.76,8.07,8.65,143550
BBD,20090206,8.84,9.29,8.75,9.28,137803
BBD,20090209,9.15,9.31,9.06,9.15,115700
BBD,20090210,9.32,9.52,8.57,8.68,169576
BBD,20090211,8.93,9.19,8.72,8.95,202540
BBD,20090212,8.68,8.95,8.52,8.95,129753
BBD,20090213,8.85,9.09,8.74,9.03,121019
BBD,20090217,8.68,8.68,8.24,8.32,162713
BBD,20090218,8.51,8.51,8.15,8.30,104128
BBD,20090219,8.48,8.55,8.12,8.22,96781
BBD,20090220,7.89,8.01,7.66,7.81,203726
BBD,20090223,8.14,8.14,7.15,7.22,110544
BBD,20090224,7.32,8.04,7.10,7.95,100745
BBD,20090225,7.77,8.25,7.41,7.92,136620
BBD,20090226,8.32,8.42,8.15,8.19,148009
BBD,20090227,7.91,8.19,7.85,7.93,112938
BBD,20090302,7.65,7.82,7.33,7.35,140902
BBD,20090303,7.56,7.69,7.17,7.52,141475
BBD,20090304,7.70,8.03,7.61,7.98,146355
BBD,20090305,7.69,7.92,7.59,7.75,117626
BBD,20090306,7.90,8.14,7.74,7.98,116050
BBD,20090309,7.78,8.03,7.64,7.72,128229
BBD,20090310,7.90,8.38,7.88,8.38,134902
BBD,20090311,8.45,8.52,8.11,8.24,97601
BBD,20090312,8.31,8.69,8.21,8.66,95245
BBD,20090313,8.68,8.76,8.38,8.52,85369
BBD,20090316,8.90,8.99,8.53,8.54,80349
BBD,20090317,8.64,8.90,8.48,8.90,84923
BBD,20090318,8.81,9.27,8.59,9.17,124716
BBD,20090319,9.43,9.43,8.75,8.84,163689
BBD,20090320,8.77,8.83,8.55,8.60,70171
BBD,20090323,8.83,9.52,8.83,9.46,149176
BBD,20090324,9.18,9.29,9.05,9.09,112609
BBD,20090325,9.20,9.42,8.96,9.25,151897
BBD,20090326,9.35,9.59,9.23,9.57,95549
BBD,20090327,9.32,9.49,9.25,9.26,89762
BBD,20090330,9.05,9.06,8.78,8.82,129659
BBD,20090331,9.07,9.24,8.94,9.00,97737
BBD,20090401,9.04,9.52,8.98,9.50,84278
BBD,20090402,9.90,10.12,9.76,9.99,119158
BBD,20090403,10.04,10.45,9.92,10.33,105245
BBD,20090406,10.16,10.35,10.01,10.28,107239
BBD,20090407,10.11,10.42,10.05,10.22,94913
BBD,20090408,10.42,10.58,10.25,10.47,97303
BBD,20090409,10.79,11.15,10.73,11.14,124482
BBD,20090413,11.01,11.12,10.88,10.98,103431
BBD,20090414,10.93,11.03,10.48,10.49,151250
BBD,20090415,10.39,10.67,10.31,10.65,92316
BBD,20090416,10.82,11.04,10.64,10.90,89774
BBD,20090417,11.00,11.00,10.73,10.75,68564
BBD,20090420,10.42,10.45,10.04,10.05,80487
BBD,20090421,9.99,10.41,9.82,10.39,92987
BBD,20090422,10.34,10.42,10.15,10.18,115860
BBD,20090423,10.42,10.70,10.25,10.65,164132
BBD,20090424,10.89,11.01,10.68,10.86,114218
BBD,20090427,10.67,10.75,10.35,10.41,89926
BBD,20090428,10.25,10.74,10.18,10.54,83827
BBD,20090429,10.80,11.35,10.78,11.32,116312
BBD,20090430,11.46,11.58,11.15,11.16,133941
BBD,20090501,11.27,11.62,11.01,11.47,75757
BBD,20090504,11.65,12.27,11.60,12.25,102363
BBD,20090505,12.21,12.41,12.00,12.29,117095
BBD,20090506,12.64,12.97,12.52,12.76,186663
BBD,20090507,12.67,12.77,12.00,12.18,139320
BBD,20090508,12.64,12.73,12.20,12.66,114178
BBD,20090511,12.41,12.52,12.22,12.40,114612
BBD,20090512,12.49,12.62,12.05,12.20,104105
BBD,20090513,11.83,11.87,11.51,11.54,90888
BBD,20090514,11.62,12.06,11.55,11.94,64103
BBD,20090515,11.96,12.05,11.68,11.72,67295
BBD,20090518,12.06,12.61,12.05,12.59,81929
BBD,20090519,12.53,12.90,12.39,12.67,74005
BBD,20090520,12.81,13.16,12.69,12.74,123482
BBD,20090521,12.69,12.78,12.47,12.68,81178
BBD,20090522,12.74,13.00,12.35,12.81,154684
BBD,20090526,12.69,13.44,12.63,13.41,103914
BBD,20090527,13.49,13.73,13.19,13.26,121005
BBD,20090528,13.56,13.78,13.36,13.75,109851
BBD,20090529,14.06,14.06,13.61,13.88,121242
BBD,20090601,14.31,14.63,14.13,14.40,116042
BBD,20090602,14.27,14.65,14.17,14.21,111139
BBD,20090603,13.99,14.05,13.18,13.62,171299
BBD,20090604,13.55,14.05,13.51,14.00,77524
BBD,20090605,14.29,14.34,13.70,13.89,110482
BBD,20090608,13.68,14.02,13.45,13.87,70288
BBD,20090609,14.20,14.25,13.71,13.96,61493
BBD,20090610,14.11,14.19,13.63,13.96,62828
BBD,20090611,14.12,14.40,13.92,14.29,68138
BBD,20090612,14.07,14.48,13.99,14.39,99562
BBD,20090615,14.06,14.12,13.44,13.77,83923
BBD,20090616,13.95,14.13,13.56,13.63,96791
BBD,20090617,13.41,13.55,13.18,13.47,94455
BBD,20090618,13.46,13.65,13.26,13.40,69883
BBD,20090619,13.64,13.77,13.48,13.56,94362
BBD,20090622,13.18,13.33,12.65,12.65,119031
BBD,20090623,12.73,12.88,12.51,12.65,109573
BBD,20090624,12.75,13.00,12.63,12.82,121867
BBD,20090625,12.89,13.47,12.83,13.39,98457
BBD,20090626,13.60,13.75,13.46,13.54,111875
BBD,20090629,13.73,13.73,13.45,13.59,72473
BBD,20090630,13.70,13.75,13.35,13.43,88673
BBD,20090701,13.79,13.82,13.54,13.61,68339
BBD,20090702,13.36,13.42,13.13,13.18,69924
BBD,20090706,12.78,13.04,12.67,12.99,109795
BBD,20090707,12.95,13.09,12.54,12.55,94935
BBD,20090708,12.69,12.71,12.00,12.29,166206
BBD,20090709,13.08,13.08,12.12,12.23,132610
BBD,20090710,12.14,12.29,11.96,12.22,97358
BBD,20090713,12.27,12.66,12.13,12.58,107781
BBD,20090714,12.58,12.65,12.32,12.49,84449
BBD,20090715,12.85,13.43,12.75,13.35,80800
BBD,20090716,13.15,13.55,13.13,13.40,74883
BBD,20090717,13.49,13.60,13.30,13.55,68618
BBD,20090720,13.85,14.03,13.80,14.02,88106
BBD,20090721,14.13,14.25,13.72,13.94,84400
BBD,20090722,13.79,14.20,13.74,13.95,73368
BBD,20090723,14.07,14.64,14.03,14.43,105149
BBD,20090724,14.34,14.50,14.25,14.45,70862
BBD,20090727,14.53,14.64,14.39,14.54,63459
BBD,20090728,14.36,14.53,14.13,14.45,48816
BBD,20090729,14.19,14.25,13.91,14.02,51009
BBD,20090730,14.45,14.56,14.38,14.47,78254
BBD,20090731,14.38,14.55,14.25,14.34,69527
BBD,20090803,14.78,15.07,14.71,15.02,86072
BBD,20090804,14.87,15.04,14.75,14.93,86297
BBD,20090805,14.90,15.33,14.52,15.23,99084
BBD,20090806,15.25,15.34,14.72,14.79,77193
BBD,20090807,15.13,15.50,15.05,15.25,93299
BBD,20090810,15.15,15.32,15.05,15.21,71002
BBD,20090811,14.85,14.93,14.65,14.82,75632
BBD,20090812,14.76,15.14,14.74,15.03,85296
BBD,20090813,15.08,15.08,14.69,14.89,60891
BBD,20090814,14.92,14.93,14.40,14.62,97834
BBD,20090817,14.11,14.22,14.03,14.12,70570
BBD,20090818,14.20,14.54,14.13,14.49,70906
BBD,20090819,14.14,14.75,14.14,14.69,57753
BBD,20090820,14.70,14.98,14.66,14.94,67622
BBD,20090821,15.04,15.26,14.99,15.08,68923
BBD,20090824,15.21,15.44,14.89,15.01,87127
BBD,20090825,15.08,15.34,14.92,14.97,87964
BBD,20090826,14.82,15.12,14.78,15.05,60975
BBD,20090827,14.94,15.19,14.65,15.14,76490
BBD,20090828,15.15,15.30,14.94,14.98,67761
BBD,20090831,14.85,14.90,14.67,14.74,62805
BBD,20090901,14.85,15.09,14.35,14.41,98992
BBD,20090902,14.44,14.72,14.34,14.56,76816
BBD,20090903,14.74,14.84,14.51,14.73,63060
BBD,20090904,14.90,15.40,14.79,15.35,64345
BBD,20090908,15.70,15.74,15.49,15.71,81862
BBD,20090909,15.69,15.86,15.49,15.70,65571
BBD,20090910,15.71,16.09,15.65,15.95,63294
BBD,20090911,16.14,16.26,16.03,16.15,65206
BBD,20090914,15.94,16.30,15.87,16.26,49530
BBD,20090915,16.31,16.61,16.13,16.53,65496
BBD,20090916,16.67,17.02,16.63,17.01,108361
BBD,20090917,16.97,17.20,16.77,16.87,86321
BBD,20090918,17.06,17.15,16.85,16.89,70748
BBD,20090921,16.60,16.84,16.54,16.76,54512
BBD,20090922,16.94,17.28,16.84,17.13,70903
BBD,20090923,17.05,17.17,16.73,16.75,80430
BBD,20090924,16.88,16.98,16.30,16.48,80437
BBD,20090925,16.46,16.85,16.45,16.65,69313
BBD,20090928,16.79,17.11,16.75,17.10,43838
BBD,20090929,17.51,17.65,17.39,17.51,108127
BBD,20090930,17.90,18.36,17.51,18.08,157323
BBD,20091001,18.18,18.25,17.65,17.81,104614
BBD,20091002,17.60,18.26,17.55,18.13,117511
BBD,20091005,18.31,18.97,18.19,18.97,97596
BBD,20091006,19.22,19.43,18.52,18.79,141421
BBD,20091007,18.45,18.51,17.95,18.09,209742
BBD,20091008,18.23,18.75,18.15,18.64,111949
BBD,20091009,18.73,18.89,18.65,18.85,67724
BBD,20091012,18.79,19.09,18.79,19.04,43995
BBD,20091013,18.97,19.09,18.73,19.09,72558
BBD,20091014,19.55,19.99,19.53,19.95,94132
BBD,20091015,19.65,19.86,19.44,19.86,111919
BBD,20091016,19.44,19.63,19.21,19.56,92750
BBD,20091019,19.57,19.84,19.36,19.71,82300
BBD,20091020,19.10,19.14,18.13,18.90,249120
BBD,20091021,18.99,19.58,18.81,19.02,106453
BBD,20091022,19.25,19.81,18.90,19.67,82966
BBD,20091023,19.95,19.95,19.36,19.50,118510
BBD,20091026,19.55,19.88,18.99,19.25,79557
BBD,20091027,19.10,19.17,18.60,18.84,106024
BBD,20091028,18.75,18.84,17.43,17.51,186253
BBD,20091029,17.84,19.00,17.84,18.79,128700
BBD,20091030,19.02,19.25,17.63,17.91,179984
BBD,20091102,18.12,18.55,17.67,18.01,123718
BBD,20091103,18.08,18.72,17.77,18.55,136638
BBD,20091104,18.59,18.75,18.27,18.65,217212
BBD,20091105,18.49,18.89,18.41,18.79,99101
BBD,20091106,18.44,18.80,18.42,18.80,76577
BBD,20091109,19.05,19.42,18.97,19.36,91055
BBD,20091110,18.96,19.33,18.76,19.21,91386
BBD,20091111,19.45,19.45,18.80,19.03,108065
BBD,20091112,18.86,19.14,18.29,18.53,108980
BBD,20091113,18.46,18.93,18.26,18.79,90011
BBD,20091116,18.93,19.31,18.91,19.26,119138
BBD,20091117,19.26,19.51,19.01,19.51,92219
BBD,20091118,19.40,19.55,19.14,19.35,96347
BBD,20091119,19.06,19.14,18.42,18.98,121335
BBD,20091120,19.07,19.07,18.41,18.80,67590
BBD,20091123,19.02,19.32,18.96,19.01,81132
BBD,20091124,19.02,19.25,18.67,19.20,63658
BBD,20091125,19.35,19.71,19.20,19.47,104043
BBD,20091127,18.49,19.15,18.38,18.95,71597
BBD,20091130,19.14,19.30,18.84,19.26,130642
BBD,20091201,19.68,20.21,19.65,19.90,119137
BBD,20091202,20.01,20.51,19.91,20.11,120055
BBD,20091203,20.39,20.45,19.99,20.05,91906
BBD,20091204,20.55,20.64,19.85,20.05,113454
BBD,20091207,19.81,20.52,19.81,20.07,105234
BBD,20091208,19.86,19.93,19.50,19.90,103340
BBD,20091209,19.65,19.99,19.50,19.97,82936
BBD,20091210,19.95,20.19,19.82,20.17,73218
BBD,20091211,20.17,20.36,19.95,20.21,72526
BBD,20091214,20.32,20.35,19.97,20.18,61705
BBD,20091215,19.97,20.40,19.89,20.02,64317
BBD,20091216,19.95,20.11,19.46,19.65,95885
BBD,20091217,19.17,19.28,18.48,18.61,129655
BBD,20091218,18.53,18.90,18.39,18.52,112664
BBD,20091221,18.79,18.93,17.43,18.55,76839
BBD,20091222,18.89,18.94,18.70,18.85,75243
BBD,20091223,18.90,18.95,18.47,18.84,63582
BBD,20091224,18.95,19.05,18.83,18.95,12552
BBD,20091228,19.27,19.29,18.93,18.99,38636
BBD,20091229,19.15,19.33,19.13,19.14,58831
BBD,20091230,19.26,19.60,19.15,19.59,59405
BBD,20091231,19.67,20.00,19.44,19.88,54364
BBD,20100104,20.05,20.35,19.95,20.30,79583
BBD,20100105,20.31,20.31,19.71,19.87,155188
BBD,20100106,19.84,19.89,19.66,19.83,98642
BBD,20100107,19.59,19.80,19.53,19.57,60388
BBD,20100108,19.69,19.86,19.65,19.77,58394
BBD,20100111,19.90,19.92,19.41,19.76,71347
BBD,20100112,19.55,19.86,19.46,19.60,64931
BBD,20100113,19.73,19.85,19.38,19.48,104694
BBD,20100114,19.48,19.57,18.99,19.07,95724
BBD,20100115,19.06,19.15,18.60,18.77,83418
BBD,20100119,18.84,19.24,18.77,19.07,103697
BBD,20100120,18.73,18.78,18.03,18.61,116211
BBD,20100121,18.41,18.63,17.53,17.63,152320
BBD,20100122,17.67,17.77,17.24,17.38,163328
BBD,20100125,17.79,17.86,17.32,17.42,121943
BBD,20100126,17.00,17.70,16.84,17.21,144815
BBD,20100127,17.01,17.22,16.72,17.05,160815
BBD,20100128,17.23,17.29,16.68,17.05,120109
BBD,20100129,17.39,17.40,16.35,16.56,138968
BBD,20100201,16.91,17.37,16.81,17.36,100126
BBD,20100202,17.71,17.91,17.44,17.71,135911
BBD,20100203,17.68,17.72,17.26,17.44,63116
BBD,20100204,17.03,17.04,16.47,16.56,134470
BBD,20100205,16.63,16.68,15.64,16.29,148637
BBD,20100208,16.18,16.51,15.99,16.03,109873
BBD,20100209,16.58,17.22,16.55,16.90,184063
BBD,20100210,16.96,17.10,16.72,16.99,113395
BBD,20100211,16.78,17.57,16.70,17.47,134087
BBD,20100212,16.69,17.32,16.69,17.31,95392
BBD,20100216,17.81,17.95,17.28,17.63,54295
BBD,20100217,17.75,17.91,17.35,17.85,90705
BBD,20100218,17.67,18.18,17.62,18.03,130624
BBD,20100219,17.73,18.06,17.70,17.90,56929
BBD,20100222,17.97,18.03,17.64,17.70,63326
BBD,20100223,17.46,17.56,17.01,17.12,81460
BBD,20100224,17.09,17.25,16.85,17.04,81846
BBD,20100225,16.66,17.22,16.50,17.13,96439
BBD,20100226,17.15,17.38,16.94,17.31,73584
BBD,20100301,17.52,17.71,17.41,17.63,64151
BBD,20100302,17.80,18.04,17.79,17.95,64903
BBD,20100303,18.07,18.30,17.83,17.97,83778
BBD,20100304,18.09,18.11,17.74,17.95,68295
BBD,20100305,18.14,18.25,18.03,18.22,74020
BBD,20100308,18.23,18.26,17.93,18.02,72129
BBD,20100309,17.82,18.33,17.80,18.12,97114
BBD,20100310,18.19,18.55,18.15,18.26,65393
BBD,20100311,18.18,18.40,17.99,18.40,61737
BBD,20100312,18.55,18.56,18.15,18.26,67815
BBD,20100315,18.16,18.37,17.98,18.25,59509
BBD,20100316,18.34,18.40,18.10,18.26,74436
BBD,20100317,18.42,18.47,17.91,18.00,92169
BBD,20100318,17.89,17.97,17.55,17.79,88829
BBD,20100319,17.81,17.88,17.42,17.51,88687
BBD,20100322,17.35,17.68,17.31,17.64,89517
BBD,20100323,17.79,17.84,17.42,17.60,126632
BBD,20100324,17.35,17.59,17.25,17.31,105593
BBD,20100325,17.47,17.78,17.38,17.40,157615
BBD,20100326,17.45,17.61,17.25,17.44,89331
BBD,20100329,17.57,17.99,17.53,17.92,85115
BBD,20100330,18.03,18.23,17.92,18.17,87729
BBD,20100331,18.20,18.64,18.20,18.43,97763
BBD,20100401,18.72,19.15,18.67,19.10,117241
BBD,20100405,19.10,19.21,19.02,19.09,72731
BBD,20100406,18.89,19.08,18.59,18.92,80872
BBD,20100407,18.90,18.93,18.44,18.64,81686
BBD,20100408,18.44,19.23,18.37,19.12,85043
BBD,20100409,19.13,19.32,19.00,19.24,73902
BBD,20100412,19.28,19.32,19.08,19.13,53034
BBD,20100413,19.14,19.20,18.90,19.04,55260
BBD,20100414,18.98,19.22,18.94,19.16,83391
BBD,20100415,19.06,19.27,18.79,18.84,91912
BBD,20100416,18.65,18.73,18.13,18.29,100972
BBD,20100419,18.22,18.42,17.91,18.22,102067
BBD,20100420,18.32,18.45,18.17,18.38,61917
BBD,20100421,18.55,18.58,17.96,18.25,74965
BBD,20100422,18.11,18.30,17.84,18.27,91730
BBD,20100423,18.12,18.27,17.99,18.22,51770
BBD,20100426,18.34,18.34,18.06,18.11,72537
BBD,20100427,17.86,18.05,17.43,17.54,135785
BBD,20100428,18.04,18.11,17.63,18.00,117619
BBD,20100429,18.30,18.80,18.30,18.60,92328
BBD,20100430,18.70,18.90,18.55,18.62,90175
BBD,20100503,18.74,18.89,18.41,18.56,53944
BBD,20100504,18.17,18.17,17.65,17.75,132981
BBD,20100505,17.38,17.87,17.11,17.55,115512
BBD,20100506,17.29,17.63,15.93,17.02,273328
BBD,20100507,16.87,17.11,16.11,16.89,197739
BBD,20100510,18.09,18.30,17.85,18.13,119741
BBD,20100511,17.80,18.25,17.73,17.83,112314
BBD,20100512,18.05,18.11,17.86,18.04,69430
BBD,20100513,18.00,18.12,17.77,17.83,55003
BBD,20100514,17.49,17.55,17.02,17.39,73505
BBD,20100517,17.44,17.64,16.71,17.24,83358
BBD,20100518,17.70,17.75,16.75,16.87,113113
BBD,20100519,16.21,16.49,15.94,16.29,155941
BBD,20100520,15.74,16.10,15.34,15.64,148545
BBD,20100521,15.39,16.60,15.38,16.57,210456
BBD,20100524,16.51,16.63,16.19,16.23,146116
BBD,20100525,15.58,15.71,15.17,15.71,265920
BBD,20100526,15.92,16.01,15.47,15.75,187281
BBD,20100527,16.22,16.61,16.05,16.61,109934
BBD,20100528,16.37,16.54,16.20,16.34,89380
BBD,20100601,16.19,16.87,16.11,16.50,124444
BBD,20100602,16.53,17.06,16.46,17.05,85558
BBD,20100603,17.22,17.31,16.61,16.93,70353
BBD,20100604,16.49,16.69,16.22,16.26,75494
BBD,20100607,16.28,16.40,15.83,15.83,82549
BBD,20100608,15.91,16.32,15.75,16.28,107972
BBD,20100609,16.45,16.54,15.99,16.06,83033
BBD,20100610,16.47,16.89,16.46,16.88,80742
BBD,20100611,16.56,17.01,16.52,16.97,68546
BBD,20100614,17.22,17.24,16.74,16.78,66203
BBD,20100615,16.90,17.38,16.84,17.35,63703
BBD,20100616,17.13,17.60,17.00,17.47,61591
BBD,20100617,17.60,17.66,17.16,17.30,59409
BBD,20100618,17.35,17.56,17.25,17.45,63754
BBD,20100621,17.81,17.93,17.62,17.75,71021
BBD,20100622,17.73,17.95,17.39,17.40,95007
BBD,20100623,17.38,17.45,17.01,17.35,96998
BBD,20100624,17.31,17.31,16.81,16.93,82077
BBD,20100625,17.08,17.19,16.71,17.17,49382
BBD,20100628,17.29,17.34,16.98,17.04,67687
BBD,20100629,16.55,16.55,15.87,16.04,155806
BBD,20100630,16.09,16.38,15.83,15.86,123146
BBD,20100701,16.09,16.60,15.77,16.58,127298
BBD,20100702,16.71,17.10,16.52,17.00,82777
BBD,20100706,17.12,17.30,16.79,17.02,80250
BBD,20100707,17.26,18.15,17.22,18.13,151354
BBD,20100708,18.18,18.74,18.10,18.70,180442
BBD,20100709,18.70,19.00,18.47,18.98,62467
BBD,20100712,18.78,18.89,18.39,18.50,80522
BBD,20100713,18.62,18.88,18.58,18.72,65833
BBD,20100714,16.88,17.14,16.80,17.04,121550
BBD,20100715,16.97,17.13,16.70,16.88,93315
BBD,20100716,16.87,16.93,16.39,16.43,95840
BBD,20100719,16.60,16.90,16.53,16.88,79008
BBD,20100720,16.69,17.28,16.66,17.22,115223
BBD,20100721,17.35,17.35,16.93,17.03,102328
BBD,20100722,17.39,17.79,17.33,17.72,130793
BBD,20100723,17.62,17.84,17.52,17.84,79016
BBD,20100726,17.79,17.89,17.66,17.81,60757
BBD,20100727,17.98,18.05,17.67,17.68,76762
BBD,20100728,17.96,18.65,17.85,18.55,192703
BBD,20100729,18.53,18.80,18.32,18.52,113066
BBD,20100730,18.21,18.76,18.17,18.63,108630
BBD,20100802,18.88,18.99,18.70,18.92,98066
BBD,20100803,18.55,18.69,18.37,18.43,94440
BBD,20100804,18.43,18.57,18.21,18.32,110129
BBD,20100805,18.25,18.58,18.18,18.45,85835
BBD,20100806,18.32,18.49,18.14,18.43,80521
BBD,20100809,18.49,18.72,18.47,18.58,68899
BBD,20100810,18.36,18.44,18.21,18.33,83519
BBD,20100811,18.00,18.01,17.63,17.74,88014
BBD,20100812,17.48,17.93,17.45,17.85,71384
BBD,20100813,17.86,18.15,17.78,17.93,72699
BBD,20100816,17.91,18.18,17.79,18.18,57571
BBD,20100817,18.27,18.32,18.14,18.24,79354
BBD,20100818,18.19,18.47,18.17,18.44,57421
BBD,20100819,18.47,18.53,18.08,18.19,92970
BBD,20100820,17.99,18.13,17.87,18.12,59908
BBD,20100823,18.15,18.27,17.93,17.96,69605
BBD,20100824,17.64,17.71,17.41,17.52,110153
BBD,20100825,17.38,17.47,17.11,17.40,113895
BBD,20100826,17.43,17.51,17.03,17.07,69643
BBD,20100827,17.30,17.64,17.08,17.61,87183
BBD,20100830,17.58,17.59,17.17,17.30,64170
BBD,20100831,17.33,17.67,17.28,17.63,118822
BBD,20100901,18.04,18.46,17.98,18.35,121502
BBD,20100902,18.22,18.33,18.06,18.21,73998
BBD,20100903,18.37,18.48,17.95,18.04,83403
BBD,20100907,17.86,18.12,17.84,17.97,55164
BBD,20100908,18.01,18.36,17.92,18.10,115751
BBD,20100909,18.29,18.38,18.18,18.33,95090
BBD,20100910,18.37,18.40,18.21,18.38,67889
BBD,20100913,18.57,19.11,18.55,19.11,133256
BBD,20100914,19.14,19.44,19.13,19.20,80200
BBD,20100915,19.04,19.14,18.86,19.14,62228
BBD,20100916,19.09,19.20,19.01,19.15,46976
BBD,20100917,19.11,19.30,18.88,18.92,63279
BBD,20100920,19.10,19.16,18.97,19.08,48796
BBD,20100921,19.01,19.04,18.74,19.01,114429
BBD,20100922,19.22,19.38,19.05,19.19,118877
BBD,20100923,19.11,19.69,19.07,19.39,115792
BBD,20100924,19.39,19.60,19.08,19.28,125986
BBD,20100927,19.13,19.43,19.10,19.30,66459
BBD,20100928,19.36,19.70,19.29,19.61,78388
BBD,20100929,19.58,19.98,19.53,19.88,105624
BBD,20100930,20.14,20.40,20.04,20.38,112790
BBD,20101001,20.44,20.84,20.43,20.78,106913
BBD,20101004,20.68,20.75,20.40,20.43,89624
BBD,20101005,20.70,21.32,20.63,21.23,111826
BBD,20101006,21.24,21.35,21.02,21.08,107999
BBD,20101007,21.27,21.29,20.86,21.05,58982
BBD,20101008,21.13,21.74,21.07,21.71,73414
BBD,20101011,21.82,21.92,21.55,21.67,67900
BBD,20101012,21.86,21.93,21.46,21.79,73024
BBD,20101013,21.88,22.38,21.87,22.26,113624
BBD,20101014,22.17,22.22,21.90,22.04,102712
BBD,20101015,22.13,22.18,21.86,21.98,108970
BBD,20101018,21.66,22.13,21.61,22.11,84188
BBD,20101019,21.34,21.75,21.13,21.27,135629
BBD,20101020,21.37,21.98,21.34,21.82,89634
BBD,20101021,21.78,22.03,21.18,21.33,100288
BBD,20101022,21.48,21.60,21.26,21.30,82340
BBD,20101025,21.56,21.91,21.52,21.80,92581
BBD,20101026,21.67,22.09,21.63,22.06,70370
BBD,20101027,21.30,21.49,20.83,20.89,129594
BBD,20101028,21.09,21.12,20.70,20.75,95438
BBD,20101029,20.91,20.95,20.74,20.80,74367
BBD,20101101,20.98,21.66,20.95,21.66,123921
BBD,20101102,21.74,22.31,21.61,22.31,131925
BBD,20101103,22.01,22.23,21.89,22.22,215238
BBD,20101104,22.24,22.50,22.15,22.47,99253
BBD,20101105,22.38,22.54,22.26,22.50,107635
BBD,20101108,22.07,22.35,22.03,22.32,77436
BBD,20101109,22.19,22.30,21.39,21.55,135878
BBD,20101110,21.69,21.84,21.30,21.60,158540
BBD,20101111,21.30,21.40,21.09,21.26,74524
BBD,20101112,20.98,21.22,20.65,20.89,107780
BBD,20101115,21.04,21.16,20.72,20.96,52145
BBD,20101116,20.83,20.88,20.20,20.42,98611
BBD,20101117,20.50,20.68,20.44,20.45,79145
BBD,20101118,20.87,21.03,20.75,20.89,85892
BBD,20101119,20.83,20.97,20.47,20.91,50505
BBD,20101122,20.66,20.79,20.21,20.47,104976
BBD,20101123,20.13,20.13,19.80,19.94,117369
BBD,20101124,20.47,20.77,20.43,20.64,102066
BBD,20101126,20.05,20.33,20.02,20.12,46893
BBD,20101129,20.04,20.25,19.75,20.22,72540
BBD,20101130,19.96,20.32,19.87,20.06,88517
BBD,20101201,20.46,20.73,20.41,20.67,101997
BBD,20101202,20.67,20.90,20.60,20.90,74264
BBD,20101203,20.55,20.77,20.33,20.40,112345
BBD,20101206,20.23,20.31,20.15,20.25,92369
BBD,20101207,20.34,20.36,19.72,19.76,126418
BBD,20101208,19.81,19.93,19.55,19.69,103013
BBD,20101209,19.72,19.72,19.21,19.36,93304
BBD,20101210,19.37,19.40,19.12,19.37,89525
BBD,20101213,19.43,19.85,19.32,19.83,143103
BBD,20101214,19.57,19.88,19.47,19.81,113832
BBD,20101215,19.64,19.67,19.39,19.44,81359
BBD,20101216,19.45,19.52,19.19,19.32,84592
BBD,20101217,19.15,19.31,19.09,19.28,92281
BBD,20101220,19.23,19.28,18.99,19.03,94448
BBD,20101221,19.33,19.59,19.22,19.33,107821
BBD,20101222,19.42,19.82,19.34,19.82,105228
BBD,20101223,19.76,19.98,19.65,19.65,72626
BBD,20101227,19.51,19.68,19.41,19.49,49956
BBD,20101228,19.45,19.49,19.29,19.29,55542
BBD,20101229,19.48,19.95,19.45,19.90,73602
BBD,20101230,19.98,20.25,19.95,20.20,57429
BBD,20101231,20.25,20.40,20.05,20.29,29620
BBD,20110103,20.50,20.77,20.45,20.67,81088
BBD,20110104,20.69,20.76,20.25,20.55,99677
BBD,20110105,20.58,20.79,20.53,20.69,79970
BBD,20110106,20.52,20.53,19.83,19.84,122569
BBD,20110107,20.02,20.04,19.48,19.63,88556
BBD,20110110,19.52,19.73,19.22,19.68,13875700
BBD,20110111,19.82,19.97,19.65,19.89,8580000
BBD,20110112,20.14,20.41,20.07,20.40,8643600
BBD,20110113,20.40,20.50,20.15,20.24,7593800
BBD,20110114,20.10,20.30,19.94,20.21,7772900
BBD,20110118,20.12,20.26,20.07,20.18,12457400
BBD,20110119,20.11,20.24,19.80,19.93,9860800
BBD,20110120,19.74,19.75,19.26,19.41,11517200
BBD,20110121,19.58,19.66,19.23,19.33,10161600
BBD,20110124,19.41,19.76,19.28,19.73,7975600
BBD,20110125,19.59,19.70,19.32,19.63,6561800
BBD,20110126,19.77,19.88,19.52,19.56,9860000
BBD,20110127,19.76,19.78,19.09,19.44,11381200
BBD,20110128,19.37,19.40,18.55,19.06,16111000
BBD,20110131,19.10,19.20,18.82,18.92,14206400
BBD,20110201,19.07,19.28,18.98,19.09,11966600
BBD,20110202,19.08,19.27,18.68,18.80,12153900
BBD,20110203,18.71,18.78,18.39,18.50,9307600
BBD,20110204,18.09,18.23,17.85,18.02,17464900
BBD,20110207,17.79,18.01,17.77,17.91,13086300
BBD,20110208,18.50,18.70,18.27,18.61,23838000
BBD,20110209,18.32,18.48,18.15,18.34,12025500
BBD,20110210,18.41,18.45,18.20,18.34,11597700
BBD,20110211,18.29,19.04,18.16,19.03,15745900
BBD,20110214,18.81,19.06,18.72,18.95,7551200
BBD,20110215,18.92,19.21,18.88,19.16,13371900
BBD,20110216,19.54,19.70,19.35,19.58,10102600
BBD,20110217,19.63,19.86,19.51,19.78,7382800
BBD,20110218,19.75,19.88,19.56,19.68,8082800
BBD,20110222,19.21,19.36,18.59,18.75,19832200
BBD,20110223,18.66,18.96,18.48,18.92,14221000
BBD,20110224,19.20,19.22,18.79,19.12,11265600
BBD,20110225,19.22,19.30,18.73,19.27,11228500
BBD,20110228,19.34,19.73,19.30,19.58,10085400
BBD,20110301,19.67,19.70,19.24,19.29,9497400
BBD,20110302,19.23,19.48,19.13,19.23,7922200
BBD,20110303,19.51,19.82,19.44,19.82,10674900
BBD,20110304,19.84,20.16,19.67,19.89,7329700
BBD,20110307,19.85,19.85,19.20,19.40,7299900
BBD,20110308,19.33,19.49,19.10,19.32,5622400
BBD,20110309,19.31,19.51,19.21,19.32,8607400
BBD,20110310,18.79,18.92,18.54,18.60,9643100
BBD,20110311,18.44,18.70,18.40,18.54,12910100
BBD,20110314,18.53,18.93,18.52,18.89,7481500
BBD,20110315,18.26,19.00,18.18,18.90,10707500
BBD,20110316,19.00,19.01,18.18,18.49,12285400
BBD,20110317,18.62,18.71,18.21,18.38,9200200
BBD,20110318,18.73,18.88,18.61,18.83,7549700
BBD,20110321,19.05,19.11,18.90,18.97,7698700
BBD,20110322,19.00,19.69,19.00,19.63,11516400
BBD,20110323,19.60,19.71,19.39,19.41,13069300
BBD,20110324,19.55,19.61,19.40,19.47,9741800
BBD,20110325,19.46,19.51,19.27,19.33,6812600
BBD,20110328,19.31,19.50,19.25,19.28,11674200
BBD,20110329,19.32,19.55,19.20,19.53,6868500
BBD,20110330,19.65,20.22,19.56,20.16,10036100
BBD,20110331,20.56,20.85,20.51,20.75,16736700
BBD,20110401,21.03,21.27,20.95,21.03,11905500
BBD,20110404,20.96,21.04,20.78,20.93,5561500
BBD,20110405,20.80,21.13,20.73,20.98,6566300
BBD,20110406,21.08,21.13,20.80,20.89,5017100
BBD,20110407,21.02,21.34,20.98,21.24,9641900
BBD,20110408,21.19,21.23,20.79,20.93,9488200
BBD,20110411,20.89,21.04,20.55,20.65,6324900
BBD,20110412,20.41,20.56,20.15,20.40,9074600
BBD,20110413,20.53,20.54,20.21,20.36,8275000
BBD,20110414,20.30,20.45,20.13,20.22,5978700
BBD,20110415,20.36,20.36,20.00,20.22,6317100
BBD,20110418,19.79,20.12,19.63,20.00,8343800
BBD,20110419,20.20,20.52,20.20,20.46,7665900
BBD,20110420,20.76,20.85,20.58,20.84,7329500
BBD,20110421,20.94,21.13,20.64,20.80,5455300
BBD,20110425,20.76,20.98,20.66,20.92,6270100
BBD,20110426,20.99,21.18,20.87,21.00,8064600
