BEXP,20090115,3.28,3.37,2.90,3.13,9057
BEXP,20090116,3.19,3.35,3.01,3.09,4721
BEXP,20090120,2.97,3.00,2.74,2.83,4904
BEXP,20090121,2.83,3.20,2.73,3.12,5152
BEXP,20090122,3.09,3.09,2.76,2.83,3302
BEXP,20090123,2.76,2.95,2.65,2.79,4820
BEXP,20090126,2.81,3.08,2.81,3.00,5737
BEXP,20090127,3.02,3.12,2.72,2.76,4773
BEXP,20090128,2.87,2.87,2.76,2.85,7640
BEXP,20090129,2.81,2.82,2.62,2.62,4855
BEXP,20090130,2.64,2.74,2.50,2.50,2939
BEXP,20090202,2.45,2.50,2.32,2.34,6908
BEXP,20090203,2.48,2.53,2.24,2.28,11767
BEXP,20090204,2.33,2.70,2.32,2.45,10132
BEXP,20090205,2.50,2.61,2.40,2.55,6158
BEXP,20090206,2.56,2.70,2.56,2.61,7566
BEXP,20090209,2.67,2.78,2.62,2.67,6115
BEXP,20090210,2.72,2.80,2.48,2.50,5628
BEXP,20090211,2.51,2.68,2.36,2.41,5033
BEXP,20090212,2.39,2.41,2.25,2.32,4756
BEXP,20090213,2.36,2.52,2.36,2.45,3050
BEXP,20090217,2.41,2.45,2.18,2.18,3660
BEXP,20090218,2.26,2.26,2.07,2.09,3038
BEXP,20090219,2.10,2.18,2.00,2.00,2886
BEXP,20090220,2.00,2.02,1.83,1.88,4032
BEXP,20090223,1.91,1.96,1.57,1.57,3502
BEXP,20090224,1.65,1.68,1.47,1.54,6014
BEXP,20090225,1.59,1.59,1.40,1.41,6594
BEXP,20090226,1.40,1.50,1.30,1.33,8631
BEXP,20090227,1.27,1.44,1.27,1.33,6539
BEXP,20090302,1.35,1.35,1.04,1.12,6181
BEXP,20090303,1.14,1.28,1.13,1.15,5030
BEXP,20090304,1.19,1.35,1.16,1.22,5601
BEXP,20090305,1.23,1.24,1.05,1.14,5324
BEXP,20090306,1.15,1.26,1.07,1.14,4503
BEXP,20090309,1.15,1.35,1.15,1.25,6061
BEXP,20090310,1.33,1.52,1.31,1.43,8265
BEXP,20090311,1.44,1.52,1.32,1.45,5840
BEXP,20090312,1.40,1.40,1.16,1.27,12406
BEXP,20090313,1.30,1.35,1.18,1.21,9377
BEXP,20090316,1.20,1.25,1.16,1.18,6367
BEXP,20090317,1.18,1.37,1.18,1.32,10205
BEXP,20090318,1.38,1.89,1.32,1.77,14254
BEXP,20090319,2.04,2.24,1.92,2.00,11081
BEXP,20090320,2.00,2.05,1.71,1.85,7771
BEXP,20090323,1.93,2.13,1.91,2.11,7027
BEXP,20090324,2.13,2.47,2.02,2.27,6582
BEXP,20090325,2.30,2.44,2.11,2.23,5750
BEXP,20090326,2.31,2.46,2.29,2.37,7257
BEXP,20090327,2.32,2.32,2.05,2.06,6214
BEXP,20090330,1.99,2.00,1.81,1.85,5411
BEXP,20090331,1.90,2.10,1.86,1.90,2787
BEXP,20090401,1.90,1.90,1.76,1.79,4748
BEXP,20090402,1.96,2.03,1.63,1.75,13095
BEXP,20090403,1.60,1.86,1.60,1.86,3892
BEXP,20090406,1.87,1.91,1.76,1.80,3585
BEXP,20090407,1.75,1.78,1.66,1.68,2812
BEXP,20090408,1.70,1.90,1.65,1.76,4216
BEXP,20090409,1.83,1.89,1.80,1.85,4557
BEXP,20090413,1.94,1.94,1.75,1.80,4831
BEXP,20090414,1.79,2.13,1.79,2.13,9201
BEXP,20090415,1.92,2.08,1.90,1.98,5644
BEXP,20090416,1.98,2.18,1.98,2.15,4191
BEXP,20090417,2.17,2.42,2.16,2.31,6908
BEXP,20090420,2.18,2.30,1.98,1.99,5610
BEXP,20090421,1.91,2.27,1.90,2.20,5897
BEXP,20090422,2.16,2.29,2.12,2.18,3105
BEXP,20090423,2.22,2.24,2.06,2.07,2397
BEXP,20090424,2.17,2.31,2.10,2.30,6080
BEXP,20090427,2.17,2.22,2.11,2.19,2913
BEXP,20090428,2.10,2.33,2.10,2.32,3210
BEXP,20090429,2.32,2.69,2.30,2.35,9009
BEXP,20090430,2.44,2.58,2.26,2.34,7299
BEXP,20090501,2.34,2.94,2.32,2.87,11975
BEXP,20090504,2.95,3.33,2.92,3.30,12424
BEXP,20090505,3.32,3.33,3.05,3.24,7084
BEXP,20090506,3.35,3.65,3.28,3.53,9329
BEXP,20090507,3.70,3.75,3.11,3.25,10086
BEXP,20090508,3.25,3.94,3.20,3.86,19573
BEXP,20090511,3.82,4.12,3.46,3.82,11094
BEXP,20090512,3.99,4.06,3.71,3.98,8842
BEXP,20090513,3.96,3.96,3.46,3.49,8949
BEXP,20090514,2.89,3.08,2.55,2.67,35071
BEXP,20090515,2.69,2.83,2.57,2.60,14726
BEXP,20090518,2.65,2.75,2.37,2.59,17891
BEXP,20090519,2.59,3.04,2.46,2.90,33191
BEXP,20090520,3.15,3.19,2.80,2.85,164145
BEXP,20090521,2.91,2.91,2.70,2.84,27900
BEXP,20090522,2.88,3.10,2.87,2.98,33032
BEXP,20090526,2.96,3.02,2.80,2.96,19430
BEXP,20090527,2.92,3.14,2.90,2.93,13335
BEXP,20090528,3.02,3.20,2.91,3.20,28249
BEXP,20090529,3.35,3.69,3.27,3.41,71835
BEXP,20090601,3.79,3.88,3.62,3.75,30284
BEXP,20090602,3.78,3.86,3.66,3.78,19275
BEXP,20090603,3.76,3.76,3.24,3.48,20588
BEXP,20090604,3.53,3.92,3.51,3.91,16969
BEXP,20090605,3.99,4.00,3.60,3.88,17109
BEXP,20090608,3.75,3.88,3.63,3.70,13035
BEXP,20090609,3.76,3.88,3.71,3.71,12974
BEXP,20090610,3.84,3.90,3.67,3.86,16346
BEXP,20090611,3.93,4.30,3.92,4.26,33063
BEXP,20090612,4.13,4.20,4.04,4.16,12375
BEXP,20090615,4.07,4.08,3.82,3.93,11446
BEXP,20090616,4.02,4.10,3.55,3.68,18520
BEXP,20090617,3.57,3.67,3.28,3.61,17581
BEXP,20090618,3.62,3.62,3.34,3.44,11311
BEXP,20090619,3.35,3.65,3.35,3.62,15847
BEXP,20090622,3.43,3.43,3.17,3.22,15718
BEXP,20090623,3.25,3.39,3.17,3.30,13217
BEXP,20090624,3.33,3.50,3.27,3.31,16646
BEXP,20090625,3.35,3.58,3.32,3.56,11547
BEXP,20090626,3.56,3.89,3.44,3.85,42018
BEXP,20090629,3.75,3.80,3.62,3.65,8158
BEXP,20090630,3.71,3.77,3.42,3.50,12618
BEXP,20090701,3.65,3.65,3.39,3.48,8802
BEXP,20090702,3.38,3.38,3.11,3.13,10507
BEXP,20090706,3.04,3.04,2.77,2.84,15646
BEXP,20090707,2.87,2.89,2.76,2.83,10679
BEXP,20090708,2.83,2.88,2.53,2.64,14013
BEXP,20090709,2.65,2.78,2.63,2.71,7164
BEXP,20090710,2.68,2.69,2.55,2.67,8030
BEXP,20090713,2.70,2.74,2.50,2.74,11872
BEXP,20090714,2.73,2.97,2.73,2.90,12482
BEXP,20090715,3.46,3.78,3.36,3.55,65548
BEXP,20090716,3.75,3.97,3.55,3.85,34766
BEXP,20090717,3.83,4.05,3.70,3.95,22011
BEXP,20090720,4.00,4.15,3.93,4.07,21342
BEXP,20090721,4.11,4.14,3.82,4.00,15626
BEXP,20090722,3.93,4.08,3.84,3.99,11449
BEXP,20090723,4.00,4.18,3.89,4.15,16840
BEXP,20090724,4.08,4.24,4.05,4.18,11760
BEXP,20090727,4.23,4.89,4.22,4.73,37592
BEXP,20090728,4.75,4.76,4.41,4.72,26318
BEXP,20090729,4.65,4.74,4.51,4.67,15838
BEXP,20090730,4.80,4.84,4.67,4.80,12890
BEXP,20090731,4.77,4.94,4.68,4.88,11430
BEXP,20090803,4.99,5.39,4.95,5.22,24406
BEXP,20090804,5.22,5.52,5.01,5.45,25713
BEXP,20090805,5.37,5.66,5.21,5.28,15618
BEXP,20090806,5.25,5.63,5.19,5.35,29303
BEXP,20090807,5.50,6.03,5.33,5.94,32814
BEXP,20090810,5.95,6.08,5.83,5.94,15968
BEXP,20090811,6.97,7.35,6.43,6.68,67943
BEXP,20090812,6.71,8.05,6.61,7.56,60548
BEXP,20090813,7.70,7.93,7.41,7.54,37588
BEXP,20090814,7.66,8.00,7.15,7.40,24386
BEXP,20090817,7.03,7.07,6.52,6.82,26179
BEXP,20090818,6.91,7.16,6.72,6.88,27735
BEXP,20090819,6.77,7.18,6.61,7.02,28509
BEXP,20090820,6.99,7.19,6.83,7.03,27286
BEXP,20090821,7.17,7.42,7.01,7.20,26967
BEXP,20090824,7.32,7.51,7.00,7.03,22758
BEXP,20090825,7.22,7.29,6.87,6.90,17027
BEXP,20090826,7.00,7.02,6.70,6.94,19407
BEXP,20090827,6.99,7.01,6.60,6.96,24751
BEXP,20090828,6.98,7.11,6.80,6.86,10858
BEXP,20090831,6.80,6.84,6.39,6.55,15782
BEXP,20090901,7.05,8.00,7.00,7.51,108171
BEXP,20090902,7.49,7.83,7.19,7.67,33203
BEXP,20090903,7.71,7.91,7.55,7.81,19707
BEXP,20090904,7.84,8.54,7.80,8.52,42063
BEXP,20090908,8.75,9.27,8.70,9.13,39399
BEXP,20090909,9.20,9.69,8.82,9.38,36642
BEXP,20090910,9.40,9.58,9.10,9.35,28359
BEXP,20090911,9.42,9.84,9.10,9.21,19985
BEXP,20090914,9.01,9.49,8.53,9.45,37785
BEXP,20090915,9.39,9.96,9.27,9.86,28779
BEXP,20090916,9.87,10.20,9.66,9.94,26803
BEXP,20090917,9.86,10.02,9.37,9.61,21417
BEXP,20090918,9.65,9.65,9.12,9.43,28293
BEXP,20090921,9.25,9.61,9.03,9.55,17804
BEXP,20090922,9.76,10.37,9.71,10.31,28755
BEXP,20090923,10.45,10.61,9.09,9.53,54212
BEXP,20090924,9.78,9.78,8.86,9.08,38224
BEXP,20090925,9.15,9.19,8.61,8.92,30571
BEXP,20090928,8.94,9.46,8.72,9.26,34533
BEXP,20090929,9.25,9.31,9.04,9.23,20163
BEXP,20090930,9.29,9.42,8.95,9.08,24437
BEXP,20091001,9.05,9.16,8.39,8.41,28657
BEXP,20091002,8.17,8.63,7.99,8.46,22502
BEXP,20091005,8.50,8.99,8.50,8.97,22563
BEXP,20091006,9.24,9.48,9.10,9.40,25084
BEXP,20091007,9.40,9.43,9.07,9.27,20338
BEXP,20091008,9.40,9.75,9.32,9.66,24107
BEXP,20091009,9.64,9.75,9.35,9.40,24515
BEXP,20091012,9.55,9.73,9.32,9.44,18026
BEXP,20091013,9.44,9.62,9.02,9.59,25865
BEXP,20091014,9.74,9.75,9.44,9.71,22441
BEXP,20091015,9.66,9.80,9.57,9.79,30788
BEXP,20091016,10.16,10.73,10.10,10.27,62787
BEXP,20091019,9.72,10.25,9.72,10.24,44427
BEXP,20091020,10.27,10.37,9.83,10.01,23491
BEXP,20091021,9.95,11.14,9.92,10.68,59170
BEXP,20091022,10.85,11.24,10.51,10.57,131605
BEXP,20091023,10.71,10.83,10.40,10.41,57993
BEXP,20091026,10.50,10.92,10.11,10.18,50353
BEXP,20091027,10.16,10.37,9.95,10.13,37669
BEXP,20091028,10.00,10.09,9.38,9.42,59831
BEXP,20091029,9.69,10.38,9.69,10.25,43506
BEXP,20091030,10.10,10.30,9.25,9.50,65151
BEXP,20091102,9.56,9.81,9.15,9.43,42957
BEXP,20091103,9.66,10.50,9.42,10.34,72556
BEXP,20091104,10.45,10.86,10.35,10.41,53562
BEXP,20091105,10.50,10.93,10.30,10.74,49228
BEXP,20091106,10.26,10.75,9.86,10.18,60808
BEXP,20091109,10.43,10.80,10.35,10.75,32259
BEXP,20091110,10.71,11.14,10.62,11.03,44371
BEXP,20091111,11.22,11.40,10.87,11.05,24182
BEXP,20091112,10.99,11.13,10.58,10.64,26748
BEXP,20091113,10.61,10.78,10.44,10.69,20441
BEXP,20091116,10.76,11.45,10.72,11.19,31924
BEXP,20091117,11.28,11.49,11.05,11.31,29346
BEXP,20091118,11.33,11.48,11.11,11.30,25350
BEXP,20091119,11.06,11.18,10.64,10.73,29439
BEXP,20091120,10.65,10.76,10.30,10.62,25751
BEXP,20091123,11.00,11.24,10.45,10.49,23942
BEXP,20091124,10.55,10.55,10.08,10.34,20123
BEXP,20091125,10.39,10.96,10.23,10.86,17788
BEXP,20091127,10.15,10.59,10.06,10.34,12885
BEXP,20091130,10.30,10.48,10.01,10.44,25066
BEXP,20091201,10.63,11.05,10.59,10.99,26943
BEXP,20091202,11.00,11.35,10.91,11.33,32404
BEXP,20091203,11.35,11.45,11.16,11.18,33911
BEXP,20091204,11.40,11.74,11.20,11.58,38423
BEXP,20091207,11.53,12.04,11.35,11.89,32390
BEXP,20091208,11.68,11.69,11.27,11.31,33085
BEXP,20091209,11.38,11.66,11.10,11.43,27584
BEXP,20091210,11.50,12.00,11.32,11.41,20381
BEXP,20091211,11.53,11.65,11.06,11.13,29083
BEXP,20091214,11.37,11.65,11.27,11.65,13356
BEXP,20091215,12.15,12.79,11.95,12.65,61443
BEXP,20091216,12.87,13.26,12.78,13.07,30027
BEXP,20091217,12.98,13.13,12.66,12.84,18208
BEXP,20091218,13.03,13.43,12.81,13.35,55391
BEXP,20091221,13.51,13.98,13.46,13.73,28523
BEXP,20091222,13.72,14.73,13.61,14.57,44183
BEXP,20091223,14.73,14.93,14.14,14.26,41383
BEXP,20091224,14.43,14.68,14.15,14.67,16305
BEXP,20091228,14.75,14.82,14.17,14.33,24182
BEXP,20091229,14.31,14.63,14.10,14.13,17763
BEXP,20091230,14.00,14.14,13.55,13.84,27571
BEXP,20091231,13.87,14.19,13.52,13.55,15822
BEXP,20100104,13.86,15.00,13.86,15.00,43995
BEXP,20100105,14.42,14.63,13.91,14.43,56986
BEXP,20100106,14.99,15.70,14.99,15.49,71939
BEXP,20100107,15.14,15.14,14.41,14.68,59003
BEXP,20100108,14.54,14.70,14.16,14.56,31991
BEXP,20100111,14.77,14.79,13.82,13.94,34515
BEXP,20100112,13.60,13.83,13.17,13.48,26697
BEXP,20100113,13.59,13.76,13.29,13.74,34619
BEXP,20100114,13.71,14.05,13.68,13.91,26144
BEXP,20100115,13.94,13.98,13.22,13.48,28222
BEXP,20100119,13.45,13.60,12.79,13.29,38145
BEXP,20100120,13.06,13.18,12.81,13.04,22379
BEXP,20100121,13.40,13.70,13.12,13.30,48076
BEXP,20100122,13.24,13.79,12.72,13.25,51793
BEXP,20100125,13.45,13.98,13.15,13.75,43817
BEXP,20100126,13.66,13.66,13.25,13.25,23148
BEXP,20100127,13.13,13.46,12.58,12.98,30819
BEXP,20100128,13.08,13.60,12.92,13.43,33503
BEXP,20100129,13.67,13.98,12.90,13.04,36376
BEXP,20100201,13.17,13.89,13.10,13.87,25368
BEXP,20100202,14.65,15.80,14.52,15.27,90335
BEXP,20100203,15.24,15.44,15.00,15.19,36916
BEXP,20100204,14.64,14.93,14.04,14.05,42397
BEXP,20100205,13.94,14.58,13.55,14.11,44971
BEXP,20100208,14.16,14.80,14.00,14.41,33997
BEXP,20100209,14.86,15.00,14.31,14.82,36789
BEXP,20100210,14.78,14.87,14.06,14.79,24591
BEXP,20100211,14.68,15.25,14.49,15.17,23758
BEXP,20100212,14.78,15.45,14.55,15.42,26495
BEXP,20100216,15.65,16.47,15.52,16.11,38254
BEXP,20100217,16.20,16.51,16.10,16.49,30158
BEXP,20100218,16.48,16.83,16.31,16.65,24147
BEXP,20100219,16.59,16.74,16.30,16.67,25737
BEXP,20100222,16.73,16.87,15.88,15.97,37417
BEXP,20100223,15.91,15.95,15.43,15.55,32745
BEXP,20100224,15.56,15.98,15.49,15.69,37745
BEXP,20100225,15.72,16.40,15.05,16.37,43659
BEXP,20100226,16.44,16.49,15.95,16.42,24778
BEXP,20100301,16.51,17.58,16.48,17.41,35260
BEXP,20100302,17.59,18.00,17.53,17.62,29948
BEXP,20100303,17.72,17.88,16.98,17.10,31717
BEXP,20100304,17.18,17.46,16.43,16.62,34711
BEXP,20100305,16.83,17.13,16.75,16.95,18791
BEXP,20100308,17.00,17.10,16.74,16.83,15709
BEXP,20100309,16.66,17.20,16.62,16.89,23937
BEXP,20100310,16.89,17.14,16.68,17.10,23181
BEXP,20100311,16.90,17.23,16.75,17.14,15708
BEXP,20100312,17.30,17.60,17.08,17.54,23752
BEXP,20100315,17.51,17.56,16.87,17.18,24852
BEXP,20100316,17.86,17.86,16.82,17.31,33185
BEXP,20100317,17.18,17.45,16.85,16.94,31229
BEXP,20100318,17.07,17.07,16.06,16.20,26618
BEXP,20100319,16.30,16.46,15.48,15.60,46053
BEXP,20100322,15.38,16.25,15.18,16.25,36957
BEXP,20100323,16.21,16.90,16.21,16.81,26634
BEXP,20100324,16.65,16.79,16.21,16.30,17817
BEXP,20100325,16.42,16.60,15.56,15.59,21932
BEXP,20100326,15.72,15.94,15.05,15.13,31848
BEXP,20100329,15.23,16.19,15.23,16.15,23801
BEXP,20100330,16.13,16.15,15.50,16.02,22827
BEXP,20100331,15.97,16.29,15.87,15.95,20281
BEXP,20100401,16.14,17.29,16.11,17.12,35652
BEXP,20100405,17.60,17.98,17.34,17.96,44666
BEXP,20100406,17.51,18.48,17.12,18.33,53948
BEXP,20100407,18.35,18.62,18.03,18.29,32292
BEXP,20100408,18.12,18.98,17.80,18.63,143130
BEXP,20100409,18.85,19.15,18.32,18.57,47673
BEXP,20100412,18.75,18.94,18.37,18.42,30542
BEXP,20100413,18.41,18.49,17.95,18.16,26879
BEXP,20100414,18.28,18.74,17.92,18.63,35821
BEXP,20100415,18.65,18.85,18.29,18.33,29322
BEXP,20100416,18.25,18.32,17.51,18.11,42620
BEXP,20100419,17.83,17.83,16.95,17.50,29495
BEXP,20100420,17.65,18.34,17.65,18.27,30130
BEXP,20100421,18.42,18.46,17.81,18.00,35261
BEXP,20100422,17.65,18.12,17.38,18.07,28344
BEXP,20100423,18.03,18.55,17.83,18.53,24914
BEXP,20100426,18.74,20.21,18.54,18.88,51146
BEXP,20100427,18.84,19.04,18.00,18.07,33267
BEXP,20100428,18.33,18.51,17.95,18.51,29280
BEXP,20100429,18.80,19.58,18.66,19.40,56887
BEXP,20100430,19.89,19.95,18.92,19.51,90955
BEXP,20100503,19.75,21.15,19.72,20.80,69429
BEXP,20100504,20.28,20.40,19.53,19.87,34891
BEXP,20100505,19.25,19.42,18.35,18.62,48676
BEXP,20100506,18.40,18.85,15.04,17.31,87128
BEXP,20100507,17.43,17.53,15.77,16.43,76720
BEXP,20100510,18.00,18.28,17.38,17.90,52309
BEXP,20100511,17.50,18.63,17.47,18.05,42081
BEXP,20100512,18.20,19.14,18.13,18.98,38877
BEXP,20100513,18.89,18.89,18.02,18.21,43660
BEXP,20100514,17.74,17.89,16.33,16.96,62943
BEXP,20100517,17.20,17.20,15.44,16.40,74185
BEXP,20100518,17.17,17.38,16.05,16.27,44398
BEXP,20100519,16.11,16.19,14.65,15.66,78706
BEXP,20100520,14.79,15.08,13.92,14.08,80668
BEXP,20100521,13.90,15.42,13.45,14.86,78070
BEXP,20100524,14.89,15.46,14.84,14.87,52550
BEXP,20100525,13.98,15.50,13.87,15.44,66979
BEXP,20100526,16.37,17.10,16.00,16.08,61318
BEXP,20100527,16.93,17.49,16.73,17.44,49678
BEXP,20100528,17.48,17.91,16.94,17.18,45304
BEXP,20100601,16.81,17.37,16.34,16.40,54181
BEXP,20100602,16.74,17.89,16.52,17.89,40294
BEXP,20100603,18.18,18.57,17.41,18.48,43161
BEXP,20100604,17.54,18.43,16.66,17.25,70415
BEXP,20100607,17.45,17.70,16.32,16.36,37972
BEXP,20100608,16.55,17.08,15.68,16.17,59351
BEXP,20100609,16.56,17.45,16.26,16.43,49783
BEXP,20100610,17.14,17.79,16.98,17.79,42337
BEXP,20100611,17.38,18.02,17.27,17.93,23753
BEXP,20100614,18.41,18.79,17.93,17.97,32052
BEXP,20100615,18.30,19.00,18.21,18.96,41536
BEXP,20100616,18.56,18.98,18.30,18.69,43646
BEXP,20100617,18.71,18.78,17.92,18.20,27756
BEXP,20100618,18.13,18.50,17.59,17.82,61778
BEXP,20100621,18.43,18.53,17.42,17.65,34644
BEXP,20100622,17.56,17.95,17.07,17.19,34687
BEXP,20100623,17.16,17.32,16.39,17.09,33939
BEXP,20100624,16.91,17.20,16.16,16.40,35303
BEXP,20100625,16.54,17.21,16.00,16.94,65325
BEXP,20100628,17.25,17.43,16.56,16.59,28615
BEXP,20100629,16.09,16.13,15.32,15.55,48630
BEXP,20100630,15.58,16.15,15.27,15.38,34079
BEXP,20100701,15.26,15.63,14.18,15.46,54262
BEXP,20100702,15.54,15.69,14.40,14.79,41377
BEXP,20100706,15.40,15.95,14.70,14.87,42149
BEXP,20100707,15.22,15.97,15.20,15.93,34633
BEXP,20100708,16.29,16.61,15.69,16.10,38514
BEXP,20100709,16.10,16.28,15.83,16.07,23229
BEXP,20100712,16.04,16.30,15.50,15.63,25132
BEXP,20100713,16.11,16.42,15.83,16.28,29980
BEXP,20100714,16.16,16.71,15.99,16.20,23502
BEXP,20100715,16.15,16.24,15.67,16.13,26067
BEXP,20100716,15.94,15.98,15.15,15.24,27361
BEXP,20100719,15.30,15.47,14.91,15.35,21480
BEXP,20100720,14.97,16.20,14.90,16.15,29743
BEXP,20100721,16.25,16.35,15.74,15.83,28503
BEXP,20100722,16.25,16.90,16.15,16.76,41626
BEXP,20100723,16.63,17.48,16.40,17.42,38071
BEXP,20100726,17.47,17.87,17.12,17.61,26101
BEXP,20100727,17.81,17.89,16.98,17.18,20318
BEXP,20100728,17.24,17.58,16.98,17.27,21589
BEXP,20100729,17.39,17.73,16.85,17.33,21910
BEXP,20100730,16.90,17.30,16.75,17.26,28139
BEXP,20100802,17.66,18.05,17.55,17.94,24934
BEXP,20100803,17.86,18.24,17.54,17.97,22522
BEXP,20100804,18.24,18.81,17.77,18.07,56955
BEXP,20100805,17.90,18.15,17.69,17.83,24881
BEXP,20100806,17.50,17.50,16.89,17.47,30128
BEXP,20100809,17.74,17.74,17.35,17.54,16887
BEXP,20100810,17.17,17.46,16.85,17.16,21895
BEXP,20100811,16.52,16.69,16.03,16.16,28843
BEXP,20100812,15.84,16.45,15.72,16.08,31499
BEXP,20100813,16.18,16.38,15.85,15.87,19602
BEXP,20100816,15.86,16.05,15.70,15.86,14178
BEXP,20100817,16.10,16.70,16.00,16.31,20484
BEXP,20100818,16.22,16.70,15.97,16.66,24032
BEXP,20100819,16.53,16.84,16.29,16.42,26424
BEXP,20100820,16.33,16.37,16.01,16.25,26222
BEXP,20100823,16.36,17.08,16.24,16.61,35696
BEXP,20100824,16.30,16.68,15.76,16.45,40880
BEXP,20100825,16.26,16.34,15.49,15.91,44987
BEXP,20100826,16.18,16.46,15.64,15.77,25885
BEXP,20100827,15.95,16.19,15.22,16.11,47635
BEXP,20100830,16.17,16.24,15.82,15.87,27363
BEXP,20100831,15.84,16.02,15.06,15.32,39568
BEXP,20100901,15.69,16.15,15.62,16.10,32328
BEXP,20100902,16.02,16.80,15.89,16.72,23378
BEXP,20100903,17.07,17.20,16.75,17.11,22545
BEXP,20100907,16.85,17.11,16.49,16.57,15001
BEXP,20100908,16.66,16.89,16.42,16.71,21073
BEXP,20100909,17.05,17.34,16.59,16.70,18709
BEXP,20100910,16.95,17.17,16.74,16.94,29603
BEXP,20100913,17.19,17.34,17.00,17.19,22018
BEXP,20100914,17.12,17.22,16.75,16.98,25254
BEXP,20100915,16.75,17.05,16.70,16.99,16342
BEXP,20100916,16.81,16.90,16.47,16.59,19147
BEXP,20100917,16.70,16.84,16.30,16.64,27883
BEXP,20100920,16.62,17.01,16.42,16.93,28804
BEXP,20100921,16.97,17.10,16.40,16.59,36795
BEXP,20100922,16.56,16.84,16.33,16.35,40671
BEXP,20100923,16.16,16.68,16.05,16.56,31556
BEXP,20100924,16.92,17.94,16.83,17.75,52073
BEXP,20100927,17.76,18.15,17.75,17.97,22857
BEXP,20100928,18.02,18.19,17.54,18.14,28442
BEXP,20100929,18.16,18.91,18.08,18.74,44473
BEXP,20100930,18.95,19.15,18.35,18.75,33697
BEXP,20101001,18.93,19.47,18.89,19.24,34352
BEXP,20101004,19.21,19.29,18.55,18.92,28564
BEXP,20101005,19.65,20.11,19.55,19.99,58934
BEXP,20101006,19.99,20.20,19.69,20.02,27034
BEXP,20101007,20.04,21.07,19.90,20.87,103743
BEXP,20101008,20.87,21.32,20.70,21.24,41436
BEXP,20101011,21.34,21.66,21.30,21.54,23912
BEXP,20101012,21.41,21.44,20.55,20.63,49044
BEXP,20101013,21.01,21.45,20.67,21.18,36778
BEXP,20101014,21.22,21.39,20.72,20.94,27765
BEXP,20101015,21.09,21.17,20.17,20.40,30912
BEXP,20101018,20.29,20.67,20.25,20.58,19182
BEXP,20101019,20.23,20.23,19.34,19.61,43754
BEXP,20101020,19.66,20.19,19.40,20.08,39520
BEXP,20101021,20.12,20.52,19.79,20.18,26911
BEXP,20101022,20.30,21.24,20.09,20.94,35531
BEXP,20101025,21.20,21.37,20.30,20.35,31303
BEXP,20101026,20.26,20.88,20.12,20.69,21569
BEXP,20101027,20.50,20.59,19.89,20.57,17667
BEXP,20101028,20.69,21.03,20.23,20.41,14813
BEXP,20101029,20.32,21.20,20.20,21.10,23914
BEXP,20101101,21.22,21.75,20.79,21.19,41276
BEXP,20101102,21.05,21.37,20.44,21.17,55686
BEXP,20101103,21.26,22.03,21.14,22.00,41328
BEXP,20101104,22.39,23.49,22.35,22.96,48408
BEXP,20101105,23.09,23.29,22.73,23.17,19243
BEXP,20101108,23.10,23.69,23.00,23.56,23286
BEXP,20101109,23.73,24.42,23.26,23.40,28106
BEXP,20101110,23.29,24.14,22.80,24.13,33816
BEXP,20101111,23.89,25.75,23.65,25.63,71283
BEXP,20101112,25.00,25.21,24.21,24.36,40093
BEXP,20101115,24.95,25.17,24.30,24.39,23492
BEXP,20101116,24.14,24.16,23.02,23.37,42200
BEXP,20101117,23.28,24.23,23.21,23.70,26399
BEXP,20101118,24.28,24.83,24.15,24.46,17206
BEXP,20101119,24.31,25.12,23.85,25.04,21398
BEXP,20101122,25.27,25.80,24.97,25.60,26863
BEXP,20101123,25.01,25.31,24.67,24.86,20691
BEXP,20101124,25.25,25.73,25.07,25.54,21648
BEXP,20101126,25.49,26.22,25.43,25.69,11405
BEXP,20101129,25.51,25.90,25.32,25.79,28266
BEXP,20101130,25.44,25.70,25.03,25.17,32570
BEXP,20101201,25.84,26.61,25.44,26.37,25622
BEXP,20101202,26.50,27.13,26.43,26.91,23710
BEXP,20101203,26.81,27.06,26.72,26.99,16245
BEXP,20101206,27.09,27.75,27.00,27.60,16038
BEXP,20101207,28.13,28.15,27.34,27.46,24645
BEXP,20101208,27.49,27.56,26.22,26.34,26026
BEXP,20101209,26.80,26.89,25.79,26.29,29620
BEXP,20101210,26.40,27.01,26.19,26.84,17067
BEXP,20101213,27.20,27.50,26.57,26.63,25029
BEXP,20101214,26.78,26.89,26.40,26.73,21537
BEXP,20101215,27.03,28.05,26.83,27.31,32245
BEXP,20101216,27.30,27.31,26.57,27.15,23831
BEXP,20101217,27.11,27.15,26.17,26.36,65419
BEXP,20101220,26.47,27.14,26.30,26.94,22591
BEXP,20101221,27.14,27.98,27.05,27.70,14884
BEXP,20101222,27.80,28.07,27.24,27.38,11340
BEXP,20101223,27.42,27.51,26.92,27.18,11967
BEXP,20101227,27.09,27.14,26.56,26.91,8601
BEXP,20101228,27.13,27.39,26.79,26.84,8435
BEXP,20101229,26.83,27.56,26.75,27.41,10291
BEXP,20101230,27.38,27.70,27.05,27.07,9987
BEXP,20101231,27.16,27.46,26.84,27.24,13904
BEXP,20110103,27.71,28.39,27.60,27.67,24161
BEXP,20110104,28.25,28.33,26.72,27.67,25574
BEXP,20110105,27.39,27.63,26.71,27.38,22445
BEXP,20110106,27.42,27.63,26.82,26.92,15992
BEXP,20110107,27.09,27.23,26.36,26.84,18658
BEXP,20110110,26.78,27.41,26.54,27.35,1613900
BEXP,20110111,27.50,28.16,27.45,27.92,2328100
BEXP,20110112,28.14,28.27,27.66,27.81,1522100
BEXP,20110113,27.75,28.64,27.55,28.31,2199100
BEXP,20110114,28.24,28.55,27.75,28.36,1568800
BEXP,20110118,28.18,28.53,28.03,28.43,1632800
BEXP,20110119,28.50,28.80,27.83,27.97,1770900
BEXP,20110120,27.62,27.69,26.58,26.97,2337800
BEXP,20110121,27.08,27.21,25.56,25.77,3691400
BEXP,20110124,25.61,25.67,24.84,25.33,3178500
BEXP,20110125,24.78,25.66,24.45,25.55,2706700
BEXP,20110126,25.81,27.00,25.47,26.90,2865700
BEXP,20110127,28.00,28.20,26.83,27.41,2744900
BEXP,20110128,27.90,29.10,27.79,28.63,3980500
BEXP,20110131,28.99,30.29,28.83,29.61,3862100
BEXP,20110201,30.00,30.33,29.52,29.81,2292500
BEXP,20110202,29.91,30.95,29.55,30.32,2055400
BEXP,20110203,30.41,30.65,29.77,29.92,1853200
BEXP,20110204,30.02,30.35,28.71,29.29,2131100
BEXP,20110207,29.14,30.10,29.14,29.35,1410500
BEXP,20110208,29.37,30.39,28.99,29.97,2167100
BEXP,20110209,30.67,30.95,29.64,30.55,3836700
BEXP,20110210,30.47,31.46,30.36,31.29,2529600
BEXP,20110211,31.42,32.16,31.36,31.99,2136500
BEXP,20110214,31.53,32.41,31.04,32.31,1867400
BEXP,20110215,32.41,32.53,31.61,31.93,1998900
BEXP,20110216,32.00,32.74,31.90,32.40,1758500
BEXP,20110217,32.51,32.75,31.98,32.62,1539700
BEXP,20110218,32.79,32.99,32.23,32.52,1376000
BEXP,20110222,33.61,34.00,31.85,32.16,2854500
BEXP,20110223,32.25,34.18,32.20,33.86,2706800
BEXP,20110224,34.63,35.14,33.16,33.67,2647500
BEXP,20110225,33.96,35.54,33.90,35.51,3280600
BEXP,20110228,36.48,37.10,35.79,36.58,3936800
BEXP,20110301,36.80,36.85,35.20,35.95,3390000
BEXP,20110302,36.00,36.13,35.12,36.02,2284400
BEXP,20110303,36.08,36.40,35.33,35.83,2327000
BEXP,20110304,35.92,36.17,35.35,35.83,2105000
BEXP,20110307,36.18,36.42,34.60,35.32,2447200
BEXP,20110308,35.50,35.50,33.89,34.29,3002400
BEXP,20110309,34.31,34.41,33.50,33.69,1848900
BEXP,20110310,32.95,32.95,31.66,31.94,3284900
BEXP,20110311,30.69,33.64,30.45,33.13,3214200
BEXP,20110314,32.75,33.24,31.85,33.11,2117400
BEXP,20110315,31.56,33.27,31.00,32.86,2200700
BEXP,20110316,33.20,33.57,31.75,32.41,3030700
BEXP,20110317,33.21,34.25,32.87,33.80,2096000
BEXP,20110318,34.22,34.61,33.48,33.87,4474900
BEXP,20110321,34.49,35.60,34.37,35.57,2768300
BEXP,20110322,35.78,35.80,35.02,35.58,2585800
BEXP,20110323,35.51,35.59,33.75,34.01,3767100
BEXP,20110324,34.35,34.40,33.24,34.13,2582600
BEXP,20110325,34.39,35.49,34.15,35.28,3093200
BEXP,20110328,35.37,36.50,34.76,36.11,3158100
BEXP,20110329,36.04,36.50,35.50,36.17,1862100
BEXP,20110330,36.61,37.54,36.31,37.39,2234200
BEXP,20110331,37.71,37.87,36.88,37.18,1848200
BEXP,20110401,37.73,37.80,37.00,37.15,1895700
BEXP,20110404,37.50,37.67,36.90,37.13,1136200
BEXP,20110405,36.77,37.85,36.75,37.35,1187000
BEXP,20110406,37.63,37.79,35.43,35.66,2778400
BEXP,20110407,35.80,36.38,35.63,35.79,1955000
BEXP,20110408,36.28,36.35,35.15,35.56,1397000
BEXP,20110411,35.69,35.81,33.61,33.82,2450200
BEXP,20110412,33.52,33.66,31.86,32.41,2796900
BEXP,20110413,33.99,34.27,33.00,33.41,2827600
BEXP,20110414,33.27,33.83,32.86,33.80,1895800
BEXP,20110415,33.62,33.76,32.94,33.58,2104700
BEXP,20110418,33.00,33.03,32.11,32.52,1873700
BEXP,20110419,32.56,33.39,32.21,33.26,1979500
BEXP,20110420,34.00,34.46,33.58,34.46,1910000
BEXP,20110421,34.76,34.76,33.58,34.16,1574900
BEXP,20110425,34.36,34.95,33.87,34.60,1465400
BEXP,20110426,34.05,34.40,33.35,33.45,3105800
