BIIB,20090115,47.38,49.90,47.27,49.29,34539
BIIB,20090116,50.19,51.36,49.60,51.05,59767
BIIB,20090120,51.28,51.78,49.54,49.55,48274
BIIB,20090121,49.61,52.35,49.44,52.17,51849
BIIB,20090122,51.19,52.17,50.50,50.88,29591
BIIB,20090123,48.00,48.61,46.31,47.42,79793
BIIB,20090126,47.99,49.02,47.40,48.51,44898
BIIB,20090127,50.04,50.20,48.79,49.27,43948
BIIB,20090128,49.10,51.74,48.75,49.81,41442
BIIB,20090129,49.16,50.39,48.75,49.28,29473
BIIB,20090130,49.15,49.70,47.94,48.65,33976
BIIB,20090202,48.15,50.22,48.05,50.11,30965
BIIB,20090203,50.25,52.49,49.83,52.46,44431
BIIB,20090204,52.26,53.66,52.08,52.75,57222
BIIB,20090205,51.87,53.38,51.84,53.28,49460
BIIB,20090206,51.20,53.48,50.90,52.48,76424
BIIB,20090209,51.28,52.24,50.50,52.16,37420
BIIB,20090210,51.40,52.58,50.48,50.87,29680
BIIB,20090211,51.87,51.87,50.36,51.04,19953
BIIB,20090212,50.48,52.61,50.34,52.61,24601
BIIB,20090213,52.69,53.00,51.74,52.42,15909
BIIB,20090217,51.41,52.13,50.85,51.11,27146
BIIB,20090218,51.30,51.39,50.34,50.86,34698
BIIB,20090219,50.79,51.63,50.47,50.76,21370
BIIB,20090220,50.45,51.00,49.71,50.78,35189
BIIB,20090223,50.81,51.00,49.34,49.38,40993
BIIB,20090224,49.98,50.86,47.57,49.65,64152
BIIB,20090225,49.35,51.66,49.25,50.55,43188
BIIB,20090226,51.48,51.48,47.44,47.69,40071
BIIB,20090227,47.08,47.62,45.55,46.04,56310
BIIB,20090302,45.21,45.63,43.86,44.00,42163
BIIB,20090303,44.98,45.39,43.00,44.61,30460
BIIB,20090304,45.51,46.92,44.13,46.20,35004
BIIB,20090305,45.00,45.59,43.45,43.64,33393
BIIB,20090306,43.60,44.37,42.92,44.23,44993
BIIB,20090309,43.53,45.87,43.20,43.83,39830
BIIB,20090310,44.70,46.00,43.61,45.66,34297
BIIB,20090311,45.83,46.87,45.35,46.09,37310
BIIB,20090312,45.81,49.13,45.81,48.88,29892
BIIB,20090313,48.80,49.18,48.25,48.50,25467
BIIB,20090316,49.31,49.31,47.25,47.58,26681
BIIB,20090317,47.41,49.80,47.41,49.63,36770
BIIB,20090318,49.26,50.96,48.93,50.06,31013
BIIB,20090319,50.36,50.72,49.57,50.62,28807
BIIB,20090320,51.16,51.69,49.95,49.97,49529
BIIB,20090323,50.60,51.50,50.14,51.50,32943
BIIB,20090324,50.92,52.12,50.38,50.85,26080
BIIB,20090325,51.43,52.30,50.03,51.52,33206
BIIB,20090326,51.76,53.50,51.25,52.66,43956
BIIB,20090327,52.72,53.34,51.77,52.28,36427
BIIB,20090330,52.49,53.00,51.40,52.54,43210
BIIB,20090331,52.82,53.32,52.14,52.42,32410
BIIB,20090401,51.47,52.09,50.70,51.88,29046
BIIB,20090402,52.50,52.67,51.53,52.20,27678
BIIB,20090403,51.85,52.62,49.86,50.32,27946
BIIB,20090406,50.01,50.31,49.06,49.63,23282
BIIB,20090407,49.26,53.83,48.68,52.09,98362
BIIB,20090408,51.63,55.34,51.59,53.64,69076
BIIB,20090409,54.15,54.24,51.60,52.96,38570
BIIB,20090413,52.50,53.49,52.50,52.52,18215
BIIB,20090414,52.43,53.00,51.34,51.49,22443
BIIB,20090415,51.01,51.77,50.30,51.18,33667
BIIB,20090416,52.28,52.56,50.89,51.49,37676
BIIB,20090417,50.64,51.23,49.97,50.09,43931
BIIB,20090420,49.25,49.50,47.90,48.35,39895
BIIB,20090421,48.83,48.83,46.98,47.55,29557
BIIB,20090422,46.76,48.01,46.52,47.05,29075
BIIB,20090423,46.49,46.69,45.70,45.98,32544
BIIB,20090424,46.13,46.90,45.72,46.08,42265
BIIB,20090427,45.85,46.80,45.85,46.13,31413
BIIB,20090428,45.96,47.67,45.91,47.33,28502
BIIB,20090429,48.01,48.80,47.17,47.42,42169
BIIB,20090430,47.52,48.34,46.88,48.34,41595
BIIB,20090501,47.65,48.30,46.00,46.26,31395
BIIB,20090504,46.48,47.36,46.01,46.61,29039
BIIB,20090505,46.60,47.98,46.18,46.43,17895
BIIB,20090506,46.72,47.21,45.50,46.71,28074
BIIB,20090507,46.75,47.93,46.07,47.20,40872
BIIB,20090508,47.43,49.05,46.77,48.60,47334
BIIB,20090511,48.00,49.37,47.40,49.14,24306
BIIB,20090512,49.15,49.87,48.13,49.20,28887
BIIB,20090513,49.00,49.78,48.21,48.52,23934
BIIB,20090514,48.83,49.72,48.52,49.00,26340
BIIB,20090515,48.67,49.49,48.15,49.07,24392
BIIB,20090518,49.49,50.70,49.05,50.70,26528
BIIB,20090519,50.36,50.99,50.12,50.83,25751
BIIB,20090520,51.25,52.36,50.93,51.64,30292
BIIB,20090521,51.05,51.90,50.08,50.73,20949
BIIB,20090522,50.73,51.29,50.25,50.39,12862
BIIB,20090526,49.63,51.39,49.25,51.24,30472
BIIB,20090527,51.44,51.84,50.31,50.98,26562
BIIB,20090528,51.25,51.59,50.22,51.10,18519
BIIB,20090529,51.07,51.79,50.48,51.79,20730
BIIB,20090601,52.25,52.30,50.63,50.90,24140
BIIB,20090602,50.47,52.99,50.45,52.32,31777
BIIB,20090603,52.16,54.50,51.63,53.43,38155
BIIB,20090604,53.40,54.00,53.02,53.15,28228
BIIB,20090605,53.21,53.44,50.29,52.12,34392
BIIB,20090608,52.37,52.64,51.41,51.83,18563
BIIB,20090609,52.20,52.83,51.77,52.38,18044
BIIB,20090610,51.75,52.77,51.28,51.62,20580
BIIB,20090611,51.74,52.17,50.93,51.46,27401
BIIB,20090612,51.15,51.66,50.80,51.38,18265
BIIB,20090615,50.44,50.73,49.61,50.19,28464
BIIB,20090616,50.35,51.39,50.04,50.89,22477
BIIB,20090617,51.00,52.62,50.49,51.82,23540
BIIB,20090618,52.62,52.62,51.39,51.99,17041
BIIB,20090619,52.49,52.88,51.40,51.67,46288
BIIB,20090622,50.64,51.04,48.59,49.10,47100
BIIB,20090623,49.43,49.58,48.50,48.73,24178
BIIB,20090624,48.71,49.49,48.25,49.23,24125
BIIB,20090625,49.13,50.13,48.61,49.99,23030
BIIB,20090626,49.71,50.23,49.54,50.07,22818
BIIB,20090629,47.83,48.30,46.30,47.32,70321
BIIB,20090630,47.14,47.14,44.56,45.15,88727
BIIB,20090701,45.33,47.41,45.33,46.77,57212
BIIB,20090702,46.71,47.22,44.80,45.00,51131
BIIB,20090706,44.88,45.40,44.58,45.22,27319
BIIB,20090707,45.08,45.25,44.41,44.49,26380
BIIB,20090708,45.00,45.55,44.74,44.86,34581
BIIB,20090709,45.07,45.80,44.67,45.43,25092
BIIB,20090710,45.13,45.80,44.53,44.75,31470
BIIB,20090713,45.01,46.48,44.90,46.16,36340
BIIB,20090714,46.62,47.27,45.69,45.94,41111
BIIB,20090715,46.19,46.74,46.01,46.67,36113
BIIB,20090716,47.77,48.30,46.72,47.10,49848
BIIB,20090717,46.75,47.18,45.87,46.07,33793
BIIB,20090720,46.13,47.23,45.95,46.92,46856
BIIB,20090721,46.94,47.84,46.48,47.76,27631
BIIB,20090722,47.72,47.72,46.52,46.86,24098
BIIB,20090723,46.97,48.99,46.75,48.59,37432
BIIB,20090724,48.60,49.01,47.83,48.98,15892
BIIB,20090727,48.60,49.54,48.49,49.21,21405
BIIB,20090728,49.14,49.76,48.74,49.02,24226
BIIB,20090729,48.70,49.07,47.82,48.12,32281
BIIB,20090730,48.89,48.94,47.29,47.36,35670
BIIB,20090731,47.49,48.39,47.45,47.55,25686
BIIB,20090803,47.47,48.40,47.22,48.36,24620
BIIB,20090804,47.97,48.72,47.84,48.61,16752
BIIB,20090805,48.55,48.61,47.49,47.62,22986
BIIB,20090806,47.58,47.60,46.39,46.65,27790
BIIB,20090807,46.81,47.75,46.81,47.28,16002
BIIB,20090810,47.29,48.00,47.04,47.93,19294
BIIB,20090811,47.59,48.09,47.49,47.81,17464
BIIB,20090812,47.70,49.44,47.51,49.00,36844
BIIB,20090813,49.04,49.45,48.70,48.92,26549
BIIB,20090814,48.67,48.87,47.77,48.78,21255
BIIB,20090817,48.34,48.63,47.90,48.25,20122
BIIB,20090818,48.10,48.55,47.85,48.35,19814
BIIB,20090819,48.11,49.13,47.91,49.03,22450
BIIB,20090820,49.05,49.85,48.93,49.57,17773
BIIB,20090821,49.45,50.43,49.16,49.97,22382
BIIB,20090824,49.59,49.84,49.19,49.53,16929
BIIB,20090825,49.55,49.90,49.29,49.71,19655
BIIB,20090826,49.59,50.00,49.42,49.92,19204
BIIB,20090827,49.28,50.23,49.24,50.05,24768
BIIB,20090828,50.23,50.41,49.53,49.93,19524
BIIB,20090831,49.28,50.35,49.22,50.20,26880
BIIB,20090901,49.61,50.61,48.98,49.24,31443
BIIB,20090902,48.78,49.47,48.64,49.19,20617
BIIB,20090903,49.07,49.97,49.05,49.91,23715
BIIB,20090904,50.90,51.09,50.29,51.01,42762
BIIB,20090908,51.06,51.70,51.01,51.18,28887
BIIB,20090909,51.13,51.50,50.49,51.04,28615
BIIB,20090910,51.21,51.21,50.21,50.33,25387
BIIB,20090911,50.63,50.99,50.08,50.84,19293
BIIB,20090914,50.35,51.20,50.35,50.83,22948
BIIB,20090915,50.60,51.49,50.40,51.41,20462
BIIB,20090916,51.40,51.72,51.06,51.55,24815
BIIB,20090917,51.27,51.35,50.25,50.45,32036
BIIB,20090918,50.81,50.81,49.84,50.00,37948
BIIB,20090921,49.82,51.36,49.27,50.89,24821
BIIB,20090922,50.84,50.95,49.90,50.53,18293
BIIB,20090923,50.57,51.04,50.17,50.23,13408
BIIB,20090924,50.35,50.64,49.99,50.23,16821
BIIB,20090925,50.33,50.37,50.00,50.11,21212
BIIB,20090928,50.12,51.25,50.03,50.57,14077
BIIB,20090929,50.56,52.12,50.00,51.41,44588
BIIB,20090930,50.89,50.90,49.87,50.52,34632
BIIB,20091001,50.44,50.48,49.25,49.34,31907
BIIB,20091002,49.48,49.48,48.69,48.89,24531
BIIB,20091005,48.90,48.98,48.34,48.54,20966
BIIB,20091006,48.68,49.46,48.35,49.02,19676
BIIB,20091007,49.42,49.42,48.72,49.17,13834
BIIB,20091008,49.59,49.59,48.47,48.60,18719
BIIB,20091009,48.93,49.05,48.41,49.01,15600
BIIB,20091012,49.10,49.35,48.36,48.69,15923
BIIB,20091013,48.53,48.98,48.38,48.80,13786
BIIB,20091014,49.14,50.28,49.14,50.04,32375
BIIB,20091015,49.97,50.07,49.57,49.79,32620
BIIB,20091016,49.53,49.68,48.58,49.20,35098
BIIB,20091019,49.36,50.01,49.03,49.39,23107
BIIB,20091020,48.32,48.80,47.33,48.06,57923
BIIB,20091021,47.41,47.66,46.26,46.43,60372
BIIB,20091022,46.38,47.59,46.30,47.23,36529
BIIB,20091023,45.00,45.09,43.58,43.81,111171
BIIB,20091026,43.83,44.66,43.55,44.13,48058
BIIB,20091027,44.28,45.11,44.25,44.55,46697
BIIB,20091028,44.12,44.96,43.48,43.53,33957
BIIB,20091029,43.63,43.71,41.75,43.08,53336
BIIB,20091030,42.85,43.41,42.10,42.13,35321
BIIB,20091102,42.86,43.29,42.31,42.59,45353
BIIB,20091103,42.70,43.44,42.54,43.25,44202
BIIB,20091104,43.31,43.31,42.68,42.80,52095
BIIB,20091105,43.00,44.72,42.99,44.39,67921
BIIB,20091106,44.44,46.47,44.11,45.76,86368
BIIB,20091109,45.64,45.76,44.91,45.41,48017
BIIB,20091110,45.03,46.15,45.00,45.51,46646
BIIB,20091111,45.46,46.55,45.45,46.43,38943
BIIB,20091112,46.36,46.80,46.10,46.50,39101
BIIB,20091113,46.33,47.06,46.31,46.72,28068
BIIB,20091116,46.77,46.95,46.41,46.53,52917
BIIB,20091117,46.23,46.41,45.88,46.05,42857
BIIB,20091118,45.95,46.33,45.68,46.16,25937
BIIB,20091119,46.10,46.30,45.54,45.85,30735
BIIB,20091120,45.60,46.52,45.56,46.38,28291
BIIB,20091123,46.67,47.20,46.35,46.79,24376
BIIB,20091124,47.01,47.50,46.79,47.38,31188
BIIB,20091125,47.26,47.70,47.18,47.45,14827
BIIB,20091127,46.44,47.71,46.11,46.92,14750
BIIB,20091130,47.40,47.59,46.93,46.94,34506
BIIB,20091201,47.10,48.00,46.94,47.84,22966
BIIB,20091202,47.91,48.32,47.47,47.74,26298
BIIB,20091203,47.64,47.95,47.29,47.38,24367
BIIB,20091204,47.63,48.30,47.52,48.18,28828
BIIB,20091207,47.96,48.45,47.82,48.30,24716
BIIB,20091208,47.95,48.25,47.46,48.06,28313
BIIB,20091209,47.90,48.26,47.55,48.17,29426
BIIB,20091210,48.11,48.66,48.11,48.26,21828
BIIB,20091211,48.33,48.93,48.17,48.65,25815
BIIB,20091214,48.75,49.25,48.75,48.87,27153
BIIB,20091215,48.94,49.56,48.34,49.43,30115
BIIB,20091216,49.49,50.47,49.31,50.25,48152
BIIB,20091217,50.00,50.07,49.11,49.45,39771
BIIB,20091218,49.52,50.45,49.31,50.07,63823
BIIB,20091221,50.21,51.25,50.21,51.09,36361
BIIB,20091222,51.23,52.63,51.02,52.32,41758
BIIB,20091223,52.49,52.77,52.16,52.16,33450
BIIB,20091224,52.22,52.50,51.91,52.24,6309
BIIB,20091228,52.16,53.29,52.16,53.27,21818
BIIB,20091229,53.37,53.56,53.09,53.40,20199
BIIB,20091230,53.35,54.00,53.15,53.70,18609
BIIB,20091231,53.81,53.83,53.31,53.50,16804
BIIB,20100104,53.97,53.97,53.60,53.64,24697
BIIB,20100105,54.72,55.00,53.00,53.38,48994
BIIB,20100106,53.10,53.70,52.80,53.43,55049
BIIB,20100107,53.23,53.50,52.46,52.99,36598
BIIB,20100108,53.00,54.33,52.81,54.08,29962
BIIB,20100111,54.10,54.35,53.53,53.90,18133
BIIB,20100112,53.66,54.03,52.94,53.25,32429
BIIB,20100113,53.33,54.33,52.96,54.08,21307
BIIB,20100114,53.81,54.36,53.59,54.36,17698
BIIB,20100115,54.06,54.85,53.78,54.18,29972
BIIB,20100119,54.29,55.31,54.29,55.23,29415
BIIB,20100120,55.04,55.37,54.01,54.72,26341
BIIB,20100121,54.53,54.53,52.67,53.21,47043
BIIB,20100122,53.19,53.71,52.60,53.06,31191
BIIB,20100125,53.22,53.50,52.17,52.67,22652
BIIB,20100126,52.52,53.11,52.16,53.00,23467
BIIB,20100127,52.47,53.62,52.37,53.58,29637
BIIB,20100128,54.28,54.51,52.60,53.27,33146
BIIB,20100129,53.31,53.91,53.01,53.74,31278
BIIB,20100201,53.41,53.93,52.98,53.91,24817
BIIB,20100202,53.76,54.95,53.24,54.94,21784
BIIB,20100203,54.52,54.81,54.03,54.60,21556
BIIB,20100204,54.17,54.46,52.99,53.10,27995
BIIB,20100205,53.14,53.70,52.23,53.53,36387
BIIB,20100208,53.54,53.56,52.47,52.84,28523
BIIB,20100209,53.88,54.88,53.33,54.09,29650
BIIB,20100210,54.20,54.91,54.07,54.39,25626
BIIB,20100211,54.12,55.92,53.92,55.69,28241
BIIB,20100212,55.08,55.80,54.72,55.21,29542
BIIB,20100216,55.55,55.77,54.92,55.12,32770
BIIB,20100217,55.31,56.26,55.31,56.23,24484
BIIB,20100218,56.03,56.37,55.80,55.98,25934
BIIB,20100219,55.88,56.99,55.49,56.61,30570
BIIB,20100222,56.53,56.66,55.53,55.67,21703
BIIB,20100223,55.63,56.12,54.85,55.25,29105
BIIB,20100224,55.30,55.95,54.74,55.29,52880
BIIB,20100225,54.30,54.97,54.03,54.89,28262
BIIB,20100226,54.81,55.19,54.54,55.01,28471
BIIB,20100301,55.48,56.90,55.34,56.78,25678
BIIB,20100302,56.54,57.47,56.52,57.31,25308
BIIB,20100303,57.26,57.59,56.71,56.79,19904
BIIB,20100304,56.79,56.90,56.34,56.66,13779
BIIB,20100305,56.67,57.21,56.61,57.21,15265
BIIB,20100308,56.99,58.48,56.91,57.67,30649
BIIB,20100309,57.64,58.31,57.53,57.84,21952
BIIB,20100310,57.91,58.96,57.90,58.71,22485
BIIB,20100311,58.55,58.86,57.72,58.78,18657
BIIB,20100312,58.81,58.93,58.08,58.76,14687
BIIB,20100315,58.86,58.99,58.32,58.90,14073
BIIB,20100316,59.23,59.85,58.64,59.73,32382
BIIB,20100317,59.63,59.73,59.23,59.36,19827
BIIB,20100318,59.12,59.35,58.32,59.20,25120
BIIB,20100319,59.82,60.17,58.59,59.63,50251
BIIB,20100322,59.78,60.28,59.57,59.82,21564
BIIB,20100323,59.67,59.94,59.41,59.84,12322
BIIB,20100324,59.76,59.80,58.72,58.85,18091
BIIB,20100325,59.27,59.27,58.27,58.27,24069
BIIB,20100326,58.57,58.76,57.82,58.15,13470
BIIB,20100329,57.92,58.70,57.89,58.42,18006
BIIB,20100330,58.22,58.45,57.50,57.71,20300
BIIB,20100331,57.50,57.94,57.24,57.39,16204
BIIB,20100401,57.80,57.99,57.03,57.52,15647
BIIB,20100405,57.56,57.96,57.13,57.53,11422
BIIB,20100406,57.42,57.89,57.27,57.50,14225
BIIB,20100407,57.51,57.77,56.99,57.27,18690
BIIB,20100408,57.30,57.30,56.19,56.43,23953
BIIB,20100409,56.34,56.90,56.30,56.52,27160
BIIB,20100412,56.52,56.52,55.69,56.00,23974
BIIB,20100413,55.78,56.07,54.90,55.07,41661
BIIB,20100414,54.81,55.23,54.05,54.96,43269
BIIB,20100415,54.72,55.03,53.93,54.41,27953
BIIB,20100416,54.20,54.28,53.12,53.64,41980
BIIB,20100419,53.64,55.05,53.50,54.79,30760
BIIB,20100420,54.40,54.97,53.26,53.91,35209
BIIB,20100421,53.40,53.80,52.40,52.72,43252
BIIB,20100422,52.61,52.61,51.62,52.03,43240
BIIB,20100423,52.13,52.63,51.88,52.59,25196
BIIB,20100426,52.35,52.79,52.10,52.25,22908
BIIB,20100427,52.15,53.13,52.02,52.10,37614
BIIB,20100428,52.19,52.68,52.06,52.12,24211
BIIB,20100429,52.23,53.70,51.80,53.31,35559
BIIB,20100430,53.51,54.04,53.13,53.29,33489
BIIB,20100503,53.50,53.92,53.26,53.60,20578
BIIB,20100504,53.00,53.09,51.80,52.30,22889
BIIB,20100505,52.33,52.91,52.02,52.70,24924
BIIB,20100506,52.58,52.58,49.43,50.70,43933
BIIB,20100507,49.80,51.02,49.36,50.39,47043
BIIB,20100510,51.29,51.80,50.74,51.13,32453
BIIB,20100511,50.93,51.71,50.72,51.38,28775
BIIB,20100512,51.32,52.06,50.85,52.04,23750
BIIB,20100513,51.74,51.89,51.33,51.40,16716
BIIB,20100514,51.20,51.36,49.64,50.13,40300
BIIB,20100517,49.80,50.68,49.29,50.57,22570
BIIB,20100518,50.69,51.25,50.45,50.70,24102
BIIB,20100519,50.51,51.04,50.01,50.46,25331
BIIB,20100520,49.58,50.31,49.25,49.25,38253
BIIB,20100521,48.91,50.01,48.73,48.98,50468
BIIB,20100524,48.77,48.97,48.23,48.27,38561
BIIB,20100525,47.77,48.43,47.10,48.35,27031
BIIB,20100526,48.09,48.74,47.32,47.36,37149
BIIB,20100527,47.94,48.30,47.40,48.28,35155
BIIB,20100528,48.14,48.44,47.43,47.43,46101
BIIB,20100601,47.40,48.10,46.98,47.22,36912
BIIB,20100602,47.00,48.43,46.98,48.35,30271
BIIB,20100603,48.39,49.34,48.09,49.25,30645
BIIB,20100604,48.51,48.84,47.77,47.84,39688
BIIB,20100607,47.97,48.27,47.63,47.64,28790
BIIB,20100608,48.16,48.23,46.56,46.85,40234
BIIB,20100609,47.06,47.81,46.37,47.08,29067
BIIB,20100610,47.72,48.26,47.29,48.14,29315
BIIB,20100611,47.39,47.62,45.96,46.22,59296
BIIB,20100614,46.68,47.48,46.38,46.79,30870
BIIB,20100615,47.12,48.18,46.93,48.12,30914
BIIB,20100616,48.08,48.47,47.77,48.35,19932
BIIB,20100617,48.29,49.09,48.22,49.01,27539
BIIB,20100618,49.10,50.15,49.10,49.86,57776
BIIB,20100621,50.02,50.28,49.39,49.49,26242
BIIB,20100622,49.73,50.55,49.46,49.54,24567
BIIB,20100623,49.53,49.88,49.22,49.69,18054
BIIB,20100624,49.56,49.88,49.07,49.38,18799
BIIB,20100625,49.41,50.28,49.18,49.57,86812
BIIB,20100628,49.48,49.94,48.81,49.57,17592
BIIB,20100629,49.04,49.09,48.09,48.70,26949
BIIB,20100630,48.47,49.05,47.43,47.45,37655
BIIB,20100701,47.70,47.76,46.15,46.73,40424
BIIB,20100702,47.66,50.91,47.50,49.42,92474
BIIB,20100706,49.68,49.68,48.09,48.38,42336
BIIB,20100707,48.35,49.91,48.18,49.84,26538
BIIB,20100708,49.96,51.00,49.85,50.85,28833
BIIB,20100709,51.07,51.77,50.75,51.71,26974
BIIB,20100712,51.31,52.00,51.05,51.66,19491
BIIB,20100713,51.97,52.96,51.86,52.68,21780
BIIB,20100714,52.40,53.00,52.29,52.97,17660
BIIB,20100715,52.99,53.58,52.62,53.43,24259
BIIB,20100716,53.24,53.78,51.84,51.86,31255
BIIB,20100719,52.08,53.32,51.77,53.18,28531
BIIB,20100720,52.66,54.13,51.74,54.02,46704
BIIB,20100721,54.11,56.40,53.59,54.97,64902
BIIB,20100722,55.18,56.49,55.11,56.17,39251
BIIB,20100723,55.88,56.48,52.40,53.47,72362
BIIB,20100726,54.03,58.16,53.91,57.89,76942
BIIB,20100727,57.60,58.06,56.63,57.75,55579
BIIB,20100728,57.58,57.75,55.89,55.92,70501
BIIB,20100729,56.30,57.00,55.46,56.53,36531
BIIB,20100730,54.60,56.30,54.21,55.88,51116
BIIB,20100802,56.59,57.32,56.45,57.19,26653
BIIB,20100803,56.96,57.87,56.96,57.34,32518
BIIB,20100804,57.23,57.90,56.85,57.39,27307
BIIB,20100805,57.41,57.55,56.77,57.16,19595
BIIB,20100806,56.03,57.73,56.03,57.66,21181
BIIB,20100809,57.88,57.88,57.21,57.58,13821
BIIB,20100810,56.95,58.16,56.28,57.86,18790
BIIB,20100811,57.15,57.37,55.58,55.80,28626
BIIB,20100812,55.46,57.06,55.14,56.61,23130
BIIB,20100813,56.08,56.43,55.68,55.94,20154
BIIB,20100816,55.48,56.03,55.16,55.85,17254
BIIB,20100817,56.25,57.38,55.88,56.91,19542
BIIB,20100818,56.26,57.13,55.85,56.52,16289
BIIB,20100819,56.21,56.28,54.68,55.06,23259
BIIB,20100820,55.17,55.67,54.52,55.38,23684
BIIB,20100823,55.47,56.09,54.75,54.91,11665
BIIB,20100824,54.40,54.69,53.60,53.84,17806
BIIB,20100825,54.03,55.73,53.59,55.37,32204
BIIB,20100826,55.42,55.50,53.82,53.91,24013
BIIB,20100827,54.00,54.92,53.14,54.60,17044
BIIB,20100830,54.55,54.83,53.76,53.92,13251
BIIB,20100831,53.71,54.30,53.24,53.80,20154
BIIB,20100901,54.02,55.63,53.97,55.31,15598
BIIB,20100902,55.27,55.49,54.66,55.25,13582
BIIB,20100903,55.71,56.25,55.35,56.24,14909
BIIB,20100907,55.98,56.44,55.67,56.14,24945
BIIB,20100908,56.29,57.27,56.28,57.15,22038
BIIB,20100909,57.09,57.44,56.60,57.01,22174
BIIB,20100910,57.03,57.86,56.95,57.68,11453
BIIB,20100913,57.85,58.00,57.47,57.81,14640
BIIB,20100914,57.61,58.09,57.33,57.91,15491
BIIB,20100915,57.82,58.52,57.45,58.42,18140
BIIB,20100916,58.37,58.64,57.45,57.67,18105
BIIB,20100917,57.97,58.33,57.55,57.92,32268
BIIB,20100920,58.07,58.22,57.26,57.80,23528
BIIB,20100921,57.62,58.28,57.21,58.23,23760
BIIB,20100922,54.80,56.10,54.48,54.86,80354
BIIB,20100923,54.54,55.80,54.13,55.24,32081
BIIB,20100924,55.88,56.78,55.66,56.42,29465
BIIB,20100927,56.25,56.33,54.74,54.79,22940
BIIB,20100928,55.06,56.20,54.38,55.42,28345
BIIB,20100929,55.66,55.74,54.93,55.36,24822
BIIB,20100930,55.56,56.34,55.47,56.12,29449
BIIB,20101001,56.00,56.55,55.63,56.53,25990
BIIB,20101004,56.79,57.49,56.41,56.66,25014
BIIB,20101005,56.79,57.86,56.66,57.53,20216
BIIB,20101006,57.34,57.34,56.20,56.63,21189
BIIB,20101007,56.63,57.38,56.22,57.24,14914
BIIB,20101008,57.16,58.20,56.92,57.59,21853
BIIB,20101011,57.49,57.64,56.83,57.06,13172
BIIB,20101012,56.91,57.10,55.98,56.93,17557
BIIB,20101013,56.99,57.50,56.73,57.19,13674
BIIB,20101014,56.93,57.24,56.49,56.98,14614
BIIB,20101015,57.02,57.67,56.67,57.66,23669
BIIB,20101018,57.42,58.55,57.26,58.53,15920
BIIB,20101019,58.39,58.88,57.73,58.27,21288
BIIB,20101020,58.07,59.21,57.73,58.66,21870
BIIB,20101021,58.51,58.75,57.58,58.31,15276
BIIB,20101022,58.50,58.97,58.15,58.75,13486
BIIB,20101025,59.01,60.19,59.01,59.90,31735
BIIB,20101026,59.33,60.10,58.30,59.99,33451
BIIB,20101027,59.72,62.63,59.66,62.48,39350
BIIB,20101028,62.53,64.92,62.26,63.85,57457
BIIB,20101029,63.58,64.06,62.63,62.71,34230
BIIB,20101101,62.71,63.50,62.41,62.55,22633
BIIB,20101102,63.22,63.32,62.59,63.00,18204
BIIB,20101103,63.09,63.33,62.67,63.00,26732
BIIB,20101104,61.84,62.98,61.82,62.50,37229
BIIB,20101105,62.55,62.80,61.82,62.78,27328
BIIB,20101108,62.45,63.17,62.12,63.03,19834
BIIB,20101109,62.91,63.41,62.72,63.39,25594
BIIB,20101110,63.28,64.97,62.99,64.95,42493
BIIB,20101111,64.72,65.43,64.21,64.73,25137
BIIB,20101112,64.22,64.61,63.56,64.50,22133
BIIB,20101115,64.74,66.43,64.74,65.46,26560
BIIB,20101116,64.34,65.53,63.56,64.33,19505
BIIB,20101117,64.26,64.92,63.94,64.52,14666
BIIB,20101118,64.75,65.60,64.52,64.78,16677
BIIB,20101119,64.91,65.44,64.62,64.91,20307
BIIB,20101122,64.85,65.39,64.21,64.86,13247
BIIB,20101123,64.51,64.81,63.58,63.82,16084
BIIB,20101124,64.46,65.68,64.40,65.33,16191
BIIB,20101126,64.86,65.52,64.85,65.33,6734
BIIB,20101129,64.73,65.00,63.77,64.72,15782
BIIB,20101130,64.06,64.54,63.85,63.97,33211
BIIB,20101201,64.88,66.07,64.63,65.37,24219
BIIB,20101202,65.50,67.09,65.35,67.08,17078
BIIB,20101203,66.85,67.31,66.56,67.00,14666
BIIB,20101206,66.85,67.08,66.28,66.71,10235
BIIB,20101207,67.21,67.27,66.82,67.11,17221
BIIB,20101208,67.30,67.63,67.03,67.36,16396
BIIB,20101209,65.05,66.79,65.00,66.37,28391
BIIB,20101210,66.34,66.70,66.21,66.30,17861
BIIB,20101213,66.05,66.42,65.79,65.89,17948
BIIB,20101214,66.16,66.31,65.52,65.74,21648
BIIB,20101215,65.64,66.27,65.29,66.06,26495
BIIB,20101216,65.95,68.00,65.84,67.92,19677
BIIB,20101217,68.00,68.60,67.75,68.14,44618
BIIB,20101220,68.24,68.38,67.31,67.98,16673
BIIB,20101221,68.21,68.48,68.00,68.22,10411
BIIB,20101222,68.06,68.25,67.62,67.70,10794
BIIB,20101223,67.51,67.74,67.02,67.22,12293
BIIB,20101227,67.02,67.29,66.36,66.92,9593
BIIB,20101228,66.86,67.20,66.53,66.64,8663
BIIB,20101229,66.87,66.95,66.59,66.64,7526
BIIB,20101230,66.45,66.97,66.45,66.80,10314
BIIB,20101231,66.76,67.25,66.45,67.05,11464
BIIB,20110103,67.68,68.14,66.97,67.20,17919
BIIB,20110104,67.00,67.01,65.80,66.40,19647
BIIB,20110105,66.15,67.04,65.96,66.68,24524
BIIB,20110106,66.64,67.71,66.63,67.26,15590
BIIB,20110107,67.55,67.59,66.96,67.38,10972
BIIB,20110110,66.92,67.33,66.70,66.90,1053400
BIIB,20110111,66.99,68.33,66.79,68.30,1602100
BIIB,20110112,67.90,67.90,67.20,67.40,1272100
BIIB,20110113,67.43,67.79,67.19,67.52,1471300
BIIB,20110114,67.31,67.50,66.46,66.57,1626800
BIIB,20110118,66.55,67.11,66.00,67.01,2138000
BIIB,20110119,66.79,66.84,65.91,66.24,1549000
BIIB,20110120,66.36,68.99,66.36,68.78,3184900
BIIB,20110121,66.59,67.34,66.27,66.77,3451900
BIIB,20110124,66.66,68.25,66.54,67.14,1749900
BIIB,20110125,67.07,67.24,66.49,66.84,1966500
BIIB,20110126,67.02,67.86,66.65,67.50,1642900
BIIB,20110127,67.34,67.61,67.08,67.09,1338500
BIIB,20110128,67.30,67.48,64.85,65.08,2319100
BIIB,20110131,65.57,65.94,64.28,65.47,2181200
BIIB,20110201,67.75,68.00,65.13,65.49,4033400
BIIB,20110202,65.28,66.28,64.92,66.15,1541100
BIIB,20110203,66.17,66.21,65.12,65.58,1440900
BIIB,20110204,65.64,65.93,64.61,65.93,1638900
BIIB,20110207,65.88,66.13,65.20,65.25,1586200
BIIB,20110208,65.14,66.16,64.77,66.15,1802800
BIIB,20110209,65.98,66.13,65.48,66.00,2105800
BIIB,20110210,66.00,66.35,65.83,66.22,1589100
BIIB,20110211,65.85,66.11,65.39,65.83,1257000
BIIB,20110214,65.66,67.29,65.66,67.27,1761600
BIIB,20110215,66.88,67.19,66.71,67.09,2147400
BIIB,20110216,67.17,67.48,66.83,67.36,1587400
BIIB,20110217,67.01,67.95,66.69,67.65,1092900
BIIB,20110218,67.54,67.87,67.13,67.64,1882000
BIIB,20110222,67.29,68.18,67.07,67.09,1974600
BIIB,20110223,67.17,67.64,66.75,66.76,2355400
BIIB,20110224,67.23,67.72,66.79,67.26,1952500
BIIB,20110225,67.42,68.25,67.35,67.78,1394800
BIIB,20110228,67.80,68.50,67.74,68.40,2027000
BIIB,20110301,68.41,70.73,68.26,70.18,3840800
BIIB,20110302,69.73,70.46,69.00,70.00,1938700
BIIB,20110303,70.05,71.95,70.04,71.42,1815500
BIIB,20110304,71.25,71.76,70.63,71.15,1387400
BIIB,20110307,71.41,71.88,70.45,71.24,1999200
BIIB,20110308,71.31,72.00,70.83,71.60,1688400
BIIB,20110309,71.33,71.83,70.99,71.74,1031900
BIIB,20110310,71.05,71.41,70.10,70.60,1632000
BIIB,20110311,70.62,71.35,70.47,71.00,1321400
BIIB,20110314,70.46,71.50,70.11,70.65,1546500
BIIB,20110315,69.27,69.95,68.81,69.56,1608500
BIIB,20110316,69.14,69.68,68.31,68.70,2325100
BIIB,20110317,69.40,69.71,69.12,69.25,1164500
BIIB,20110318,69.43,70.26,69.25,69.53,2608800
BIIB,20110321,70.00,70.54,69.53,69.61,1506200
BIIB,20110322,69.58,70.13,69.13,69.76,1794200
BIIB,20110323,69.72,70.31,69.19,70.07,1458200
BIIB,20110324,70.17,71.45,69.65,71.27,1349900
BIIB,20110325,71.55,71.93,71.20,71.20,1482000
BIIB,20110328,71.17,71.32,70.38,70.54,1243800
BIIB,20110329,70.41,71.24,70.39,71.10,1393000
BIIB,20110330,71.48,72.20,71.45,71.90,2167100
BIIB,20110331,71.95,73.53,71.90,73.47,2508600
BIIB,20110401,73.59,73.66,72.80,72.96,1923300
BIIB,20110404,73.25,73.32,72.97,73.27,1083200
BIIB,20110405,72.90,73.99,72.90,73.25,1481600
BIIB,20110406,73.57,74.20,73.40,73.60,1353400
BIIB,20110407,73.32,73.95,72.70,73.03,1589600
BIIB,20110408,73.37,73.65,72.97,73.29,1428900
BIIB,20110411,76.71,78.75,76.40,78.55,6893400
BIIB,20110412,78.99,79.23,78.16,78.19,2744300
BIIB,20110413,78.19,81.01,78.19,80.96,3985900
BIIB,20110414,80.41,82.23,79.93,82.19,2958800
BIIB,20110415,82.23,83.10,81.24,82.96,2312700
BIIB,20110418,82.21,82.75,81.26,82.61,2179200
BIIB,20110419,82.88,83.99,82.61,83.99,1945900
BIIB,20110420,84.41,86.57,84.41,86.57,2784400
BIIB,20110421,100.00,106.99,99.30,99.70,16442600
BIIB,20110425,99.71,100.43,99.22,100.28,5867200
BIIB,20110426,99.78,106.19,99.40,101.80,5167200
