BUCY,20090115,17.79,18.42,16.53,17.94,31008
BUCY,20090116,18.42,18.77,17.22,18.13,16676
BUCY,20090120,17.77,17.94,16.04,16.32,29627
BUCY,20090121,16.79,17.85,16.50,17.85,24834
BUCY,20090122,17.25,17.25,15.83,16.26,39288
BUCY,20090123,15.59,17.25,15.13,16.44,24008
BUCY,20090126,16.36,16.75,15.40,15.75,26455
BUCY,20090127,15.96,16.67,15.67,16.20,25589
BUCY,20090128,16.85,17.49,16.68,17.11,22371
BUCY,20090129,16.62,16.72,16.00,16.31,18748
BUCY,20090130,16.19,16.41,15.08,15.50,22621
BUCY,20090202,15.06,15.45,14.28,14.72,26621
BUCY,20090203,15.44,15.44,14.55,15.08,22701
BUCY,20090204,15.02,16.20,14.90,15.30,29490
BUCY,20090205,15.21,16.60,14.80,16.45,40717
BUCY,20090206,16.67,18.11,16.51,17.50,41448
BUCY,20090209,17.55,18.05,17.03,17.24,25241
BUCY,20090210,16.49,17.78,15.79,16.04,20634
BUCY,20090211,16.32,17.22,15.61,16.19,21949
BUCY,20090212,15.44,15.73,14.71,15.13,32947
BUCY,20090213,15.12,15.58,14.91,15.10,19577
BUCY,20090217,14.56,14.56,13.25,13.58,31962
BUCY,20090218,13.66,13.79,12.82,13.41,26289
BUCY,20090219,13.69,13.90,13.29,13.40,27819
BUCY,20090220,13.43,14.76,13.18,14.13,73077
BUCY,20090223,14.30,14.87,12.82,12.95,36769
BUCY,20090224,13.00,13.78,12.35,13.52,32194
BUCY,20090225,13.53,13.88,12.39,12.84,36431
BUCY,20090226,13.11,13.42,12.53,12.56,22523
BUCY,20090227,12.08,13.09,12.00,12.42,32070
BUCY,20090302,12.02,12.07,10.78,10.90,42152
BUCY,20090303,11.15,11.58,10.62,11.11,38646
BUCY,20090304,12.18,12.97,11.99,12.33,48905
BUCY,20090305,12.05,12.19,11.46,11.64,32025
BUCY,20090306,11.39,12.08,11.07,11.56,28424
BUCY,20090309,11.45,12.30,11.15,11.77,19159
BUCY,20090310,12.18,13.25,12.13,13.20,42544
BUCY,20090311,13.62,13.78,12.61,12.93,26645
BUCY,20090312,13.00,13.55,12.41,13.50,26303
BUCY,20090313,13.79,13.86,12.83,13.32,16427
BUCY,20090316,13.73,13.90,13.20,13.28,20571
BUCY,20090317,13.19,13.84,12.52,13.83,23485
BUCY,20090318,13.62,14.60,13.37,14.28,32316
BUCY,20090319,14.85,15.53,14.30,15.33,37730
BUCY,20090320,14.87,15.32,13.62,13.93,34271
BUCY,20090323,14.55,15.65,14.42,15.65,27899
BUCY,20090324,15.06,16.15,14.90,15.73,31802
BUCY,20090325,15.87,16.37,14.66,15.55,28582
BUCY,20090326,15.64,16.32,15.61,16.22,28504
BUCY,20090327,15.94,16.77,15.79,16.31,29850
BUCY,20090330,14.83,15.30,14.42,15.04,21435
BUCY,20090331,15.20,15.59,15.08,15.18,12650
BUCY,20090401,14.76,15.57,14.44,15.45,21677
BUCY,20090402,16.00,16.83,15.93,16.56,27464
BUCY,20090403,16.45,17.77,16.05,17.50,26361
BUCY,20090406,17.90,17.94,16.97,17.52,30622
BUCY,20090407,17.13,17.33,16.67,16.74,14726
BUCY,20090408,16.91,17.14,16.39,16.77,15451
BUCY,20090409,17.34,18.65,17.03,18.58,34665
BUCY,20090413,19.09,19.09,17.80,18.59,26649
BUCY,20090414,18.14,19.42,18.06,18.56,21868
BUCY,20090415,18.00,19.35,17.88,19.00,25932
BUCY,20090416,19.16,19.25,18.20,19.02,23762
BUCY,20090417,19.01,19.53,18.75,19.35,15676
BUCY,20090420,18.60,18.75,17.49,17.68,23426
BUCY,20090421,17.20,18.90,16.79,18.52,30866
BUCY,20090422,18.24,19.69,18.21,19.22,30015
BUCY,20090423,19.25,19.26,18.40,18.74,34130
BUCY,20090424,20.20,20.50,19.10,20.13,49930
BUCY,20090427,20.12,20.75,19.59,20.09,26738
BUCY,20090428,19.80,19.99,19.34,19.62,21136
BUCY,20090429,20.03,21.05,19.72,20.95,21568
BUCY,20090430,21.49,23.32,21.40,21.71,37948
BUCY,20090501,21.91,23.92,21.78,23.36,38072
BUCY,20090504,23.85,25.72,23.85,25.31,40776
BUCY,20090505,25.40,25.56,24.66,25.43,22569
BUCY,20090506,25.82,27.89,25.27,26.83,47067
BUCY,20090507,27.89,28.17,24.52,25.08,34183
BUCY,20090508,25.60,27.83,25.26,27.81,30582
BUCY,20090511,26.11,26.61,25.29,25.29,29474
BUCY,20090512,26.09,26.10,24.13,24.88,31740
BUCY,20090513,24.16,24.18,21.96,22.38,40442
BUCY,20090514,22.00,23.38,21.61,23.08,30766
BUCY,20090515,23.25,23.78,22.43,22.76,26016
BUCY,20090518,23.34,25.22,23.16,25.07,39044
BUCY,20090519,25.50,26.12,25.06,25.82,28654
BUCY,20090520,26.25,27.14,25.55,25.78,29270
BUCY,20090521,25.00,25.06,23.50,23.80,27839
BUCY,20090522,24.15,24.69,23.63,23.83,11381
BUCY,20090526,24.05,26.03,23.55,25.96,26661
BUCY,20090527,26.28,27.91,26.16,26.88,38312
BUCY,20090528,27.20,27.64,26.22,27.32,25725
BUCY,20090529,27.90,29.26,27.84,28.68,31749
BUCY,20090601,30.01,31.06,29.50,30.69,30796
BUCY,20090602,30.63,31.35,29.34,29.57,32241
BUCY,20090603,29.09,30.42,28.50,29.67,50587
BUCY,20090604,30.20,32.74,30.20,32.61,40805
BUCY,20090605,33.33,34.34,32.56,32.93,33963
BUCY,20090608,32.31,32.40,29.51,30.46,60785
BUCY,20090609,31.29,31.84,31.00,31.32,26551
BUCY,20090610,32.00,32.28,30.45,31.11,25882
BUCY,20090611,31.07,31.75,30.54,31.46,20277
BUCY,20090612,30.90,30.90,29.52,30.04,30022
BUCY,20090615,29.24,29.24,27.71,28.54,26216
BUCY,20090616,28.75,29.70,27.20,27.63,30968
BUCY,20090617,27.21,27.68,25.58,27.00,37246
BUCY,20090618,26.90,27.60,26.07,27.46,23988
BUCY,20090619,27.90,28.72,27.90,28.20,26010
BUCY,20090622,27.46,27.46,25.25,25.37,30058
BUCY,20090623,25.17,26.77,25.10,26.59,27326
BUCY,20090624,27.02,28.25,26.81,27.53,22148
BUCY,20090625,26.67,28.83,26.67,28.53,23880
BUCY,20090626,27.95,29.06,27.95,28.85,30447
BUCY,20090629,29.05,29.60,28.65,28.86,16527
BUCY,20090630,29.07,29.25,27.98,28.56,16382
BUCY,20090701,28.58,30.30,28.58,28.87,22195
BUCY,20090702,28.02,28.16,26.80,27.07,20873
BUCY,20090706,26.09,26.13,24.80,25.65,25990
BUCY,20090707,25.70,25.84,24.53,24.56,22367
BUCY,20090708,24.41,24.81,23.72,24.51,27896
BUCY,20090709,25.27,25.49,24.50,24.52,17214
BUCY,20090710,24.08,24.75,23.96,24.33,13051
BUCY,20090713,24.41,25.11,23.62,25.10,18479
BUCY,20090714,25.23,25.62,24.83,25.15,17269
BUCY,20090715,25.70,26.79,25.58,26.71,22743
BUCY,20090716,27.88,29.39,27.54,29.27,43805
BUCY,20090717,28.99,29.42,28.55,28.95,21215
BUCY,20090720,29.78,30.90,29.11,30.23,27619
BUCY,20090721,31.69,32.21,29.85,30.73,36799
BUCY,20090722,30.45,31.43,30.14,31.04,18741
BUCY,20090723,31.24,32.90,31.01,32.75,32635
BUCY,20090724,32.58,32.74,30.40,31.37,47433
BUCY,20090727,30.50,32.34,30.44,32.27,24631
BUCY,20090728,31.68,31.83,30.65,31.19,21354
BUCY,20090729,30.52,30.53,28.78,28.85,35276
BUCY,20090730,29.89,30.39,29.16,29.35,37749
BUCY,20090731,29.25,29.99,28.94,29.48,16613
BUCY,20090803,30.93,31.29,30.47,31.24,20851
BUCY,20090804,30.72,31.83,30.71,31.48,21595
BUCY,20090805,32.21,32.21,31.15,31.56,21190
BUCY,20090806,31.95,32.19,30.93,31.59,15384
BUCY,20090807,32.35,33.23,31.75,32.68,25434
BUCY,20090810,32.25,32.45,31.52,31.79,10554
BUCY,20090811,31.04,31.42,30.44,30.65,11274
BUCY,20090812,31.99,33.65,31.72,33.24,37435
BUCY,20090813,33.93,34.24,33.00,33.92,20206
BUCY,20090814,33.91,34.00,31.99,32.46,20790
BUCY,20090817,30.82,30.84,30.06,30.15,23324
BUCY,20090818,30.76,31.47,30.56,31.37,15287
BUCY,20090819,30.44,32.29,30.20,31.87,19471
BUCY,20090820,31.05,31.89,30.72,31.24,19751
BUCY,20090821,31.69,32.25,31.39,31.89,15701
BUCY,20090824,32.29,32.95,31.71,31.90,17228
BUCY,20090825,32.33,32.74,31.72,31.91,12680
BUCY,20090826,31.64,31.75,30.51,30.92,16234
BUCY,20090827,31.14,31.14,30.00,30.61,16851
BUCY,20090828,31.10,31.25,30.07,30.54,15338
BUCY,20090831,30.03,30.09,29.22,29.85,14578
BUCY,20090901,29.69,30.75,28.83,28.97,20619
BUCY,20090902,29.08,29.35,27.83,27.95,24587
BUCY,20090903,28.52,29.22,28.30,29.21,17498
BUCY,20090904,29.26,29.89,28.99,29.72,12173
BUCY,20090908,30.75,30.77,30.25,30.53,12157
BUCY,20090909,30.94,31.39,30.50,31.12,15437
BUCY,20090910,31.09,31.58,30.71,31.47,10473
BUCY,20090911,31.77,32.32,31.36,31.81,15010
BUCY,20090914,31.25,32.27,30.82,32.25,15817
BUCY,20090915,32.49,33.60,32.32,33.27,18861
BUCY,20090916,33.99,35.91,33.76,35.55,35835
BUCY,20090917,36.16,37.59,35.67,36.67,37199
BUCY,20090918,37.16,37.17,35.53,35.85,15283
BUCY,20090921,35.04,35.28,34.16,34.88,16836
BUCY,20090922,35.74,37.65,35.50,37.13,25769
BUCY,20090923,37.56,37.70,36.27,36.30,18340
BUCY,20090924,36.33,36.54,34.16,34.86,21153
BUCY,20090925,34.23,34.74,33.77,34.18,13578
BUCY,20090928,34.43,35.61,34.05,35.42,11974
BUCY,20090929,35.52,36.17,35.11,35.63,12172
BUCY,20090930,36.19,36.49,34.87,35.61,16499
BUCY,20091001,35.50,35.52,33.51,33.60,17385
BUCY,20091002,32.50,33.50,31.78,32.74,16784
BUCY,20091005,33.00,34.32,33.00,34.32,16160
BUCY,20091006,34.93,35.78,33.94,34.62,16894
BUCY,20091007,34.95,35.31,34.45,35.00,10767
BUCY,20091008,36.22,37.45,35.66,36.64,29322
BUCY,20091009,36.32,37.00,35.90,36.99,9343
BUCY,20091012,37.50,37.84,36.48,36.92,10362
BUCY,20091013,36.80,37.12,36.10,36.59,11327
BUCY,20091014,37.45,38.83,37.11,38.77,27330
BUCY,20091015,38.50,39.82,38.20,39.73,20783
BUCY,20091016,39.15,39.40,38.13,39.05,19655
BUCY,20091019,39.58,41.24,39.42,40.93,25974
BUCY,20091020,42.55,42.87,40.54,41.68,37175
BUCY,20091021,41.92,43.61,41.02,42.58,36123
BUCY,20091022,42.06,42.65,40.82,42.53,29078
BUCY,20091023,46.33,50.66,46.20,48.36,111272
BUCY,20091026,48.30,50.24,48.05,49.58,54483
BUCY,20091027,50.47,50.47,46.07,46.41,49437
BUCY,20091028,46.00,46.19,43.97,44.16,46537
BUCY,20091029,45.25,47.85,45.21,47.25,29729
BUCY,20091030,46.95,47.86,43.97,44.42,39455
BUCY,20091102,45.70,47.47,44.44,45.99,34600
BUCY,20091103,45.13,48.29,44.30,47.77,38058
BUCY,20091104,48.77,49.20,47.25,47.74,40021
BUCY,20091105,48.63,50.92,48.30,50.87,34560
BUCY,20091106,50.57,51.89,49.51,50.40,32917
BUCY,20091109,51.70,54.38,51.60,53.85,39694
BUCY,20091110,53.71,54.78,52.38,53.24,37484
BUCY,20091111,55.05,55.26,52.57,53.36,38898
BUCY,20091112,52.84,53.17,51.35,51.65,29528
BUCY,20091113,52.03,53.60,51.85,53.04,30138
BUCY,20091116,54.32,55.45,54.05,54.49,29310
BUCY,20091117,54.06,54.71,53.15,54.40,18147
BUCY,20091118,54.41,54.55,53.29,53.74,18179
BUCY,20091119,52.86,53.05,51.67,52.61,17844
BUCY,20091120,51.81,52.15,50.79,52.06,18450
BUCY,20091123,53.87,54.75,51.80,52.22,26899
BUCY,20091124,52.32,52.42,50.26,51.68,24330
BUCY,20091125,52.16,54.15,51.70,53.99,25457
BUCY,20091127,51.75,52.74,50.75,51.66,15908
BUCY,20091130,52.06,52.87,50.76,51.79,31417
BUCY,20091201,53.14,55.00,52.72,54.00,33693
BUCY,20091202,54.16,54.98,52.31,52.61,32347
BUCY,20091203,53.27,53.55,51.74,51.87,29527
BUCY,20091204,53.20,53.27,49.85,50.86,35681
BUCY,20091207,50.21,51.87,50.03,51.35,27909
BUCY,20091208,50.55,50.74,49.54,49.76,25415
BUCY,20091209,49.87,50.97,49.08,50.72,20752
BUCY,20091210,51.01,51.92,50.13,50.30,14170
BUCY,20091211,51.27,51.27,50.03,50.98,11429
BUCY,20091214,51.50,53.05,51.47,52.81,23820
BUCY,20091215,52.42,54.54,52.36,53.84,29374
BUCY,20091216,54.60,55.18,52.76,53.31,24213
BUCY,20091217,52.22,52.89,51.83,52.26,13174
BUCY,20091218,52.59,52.76,50.47,50.84,27883
BUCY,20091221,54.11,56.82,53.93,55.84,70248
BUCY,20091222,56.96,59.39,56.75,59.17,42751
BUCY,20091223,59.54,59.66,57.83,58.71,20515
BUCY,20091224,59.41,59.75,58.93,59.03,6652
BUCY,20091228,59.51,59.95,57.89,58.12,14048
BUCY,20091229,58.19,58.27,56.81,57.36,13052
BUCY,20091230,56.84,57.49,56.50,56.85,11414
BUCY,20091231,57.27,57.65,56.30,56.37,14604
BUCY,20100104,58.40,62.79,58.33,62.68,46509
BUCY,20100105,62.66,64.94,62.04,64.72,44612
BUCY,20100106,64.61,65.29,63.60,64.74,27688
BUCY,20100107,64.93,65.49,63.05,65.44,22550
BUCY,20100108,65.12,67.36,65.12,67.28,20647
BUCY,20100111,68.18,68.57,65.93,66.36,22800
BUCY,20100112,65.34,65.99,64.33,65.14,20590
BUCY,20100113,65.95,66.88,64.12,65.89,19059
BUCY,20100114,65.83,66.66,65.21,65.66,17332
BUCY,20100115,65.50,65.86,63.41,63.81,18159
BUCY,20100119,63.86,66.44,63.86,65.74,20719
BUCY,20100120,64.53,64.73,63.12,64.00,16712
BUCY,20100121,64.14,64.14,59.62,60.30,31856
BUCY,20100122,58.56,61.00,56.90,58.48,46604
BUCY,20100125,59.75,61.20,57.72,57.89,30160
BUCY,20100126,57.43,59.18,56.52,58.02,27350
BUCY,20100127,57.24,58.35,54.60,56.96,34067
BUCY,20100128,57.07,58.00,54.41,55.11,22541
BUCY,20100129,54.95,56.68,52.02,52.38,31535
BUCY,20100201,52.81,54.26,52.40,53.68,29949
BUCY,20100202,54.41,55.98,53.71,55.70,24878
BUCY,20100203,55.50,57.44,55.10,55.24,18060
BUCY,20100204,54.21,54.21,51.08,51.09,32291
BUCY,20100205,50.97,51.20,47.81,50.63,49445
BUCY,20100208,50.99,53.24,50.46,51.79,35555
BUCY,20100209,53.36,55.59,53.23,54.11,31851
BUCY,20100210,54.51,55.25,52.85,53.79,21498
BUCY,20100211,53.87,57.24,53.54,56.90,30800
BUCY,20100212,55.24,58.65,54.36,58.42,37504
BUCY,20100216,60.31,60.60,59.00,60.48,35385
BUCY,20100217,62.18,63.11,60.63,61.28,31933
BUCY,20100218,60.68,63.00,60.52,62.88,29970
BUCY,20100219,61.69,63.79,61.31,62.64,42219
BUCY,20100222,63.75,64.39,62.18,62.30,34721
BUCY,20100223,62.00,62.19,58.93,59.48,27920
BUCY,20100224,60.82,62.79,60.20,60.68,44835
BUCY,20100225,59.02,62.23,57.32,61.74,32425
BUCY,20100226,62.40,62.80,61.20,62.56,18869
BUCY,20100301,63.23,64.39,63.19,64.14,23254
BUCY,20100302,65.00,65.24,62.71,63.19,30986
BUCY,20100303,64.11,65.86,64.10,64.47,40181
BUCY,20100304,65.00,65.45,63.15,64.48,23683
BUCY,20100305,65.35,66.11,65.01,65.82,21180
BUCY,20100308,66.85,66.93,65.55,66.12,16273
BUCY,20100309,65.10,66.92,65.06,65.63,22456
BUCY,20100310,67.33,67.67,65.37,65.86,34660
BUCY,20100311,64.60,64.95,63.34,64.95,33724
BUCY,20100312,65.87,66.45,64.58,64.83,21459
BUCY,20100315,64.81,64.84,62.41,63.81,24683
BUCY,20100316,64.41,64.84,63.70,64.27,22631
BUCY,20100317,64.46,65.53,64.32,64.89,18916
BUCY,20100318,65.27,65.98,64.46,65.77,26868
BUCY,20100319,65.77,66.08,64.06,65.05,39471
BUCY,20100322,64.03,65.56,63.30,65.18,22365
BUCY,20100323,65.08,69.27,65.04,69.12,42663
BUCY,20100324,68.73,68.94,67.70,68.15,29407
BUCY,20100325,68.99,71.30,67.21,67.28,27771
BUCY,20100326,67.34,68.27,66.30,67.48,24949
BUCY,20100329,68.40,70.15,68.31,69.80,24876
BUCY,20100330,69.99,70.35,69.03,69.61,18951
BUCY,20100331,68.78,69.00,65.63,65.99,55072
BUCY,20100401,66.91,68.23,66.75,67.63,32337
BUCY,20100405,68.25,70.82,68.13,70.75,26206
BUCY,20100406,70.55,70.92,69.15,70.40,20306
BUCY,20100407,69.95,70.19,68.42,69.03,22804
BUCY,20100408,68.46,68.91,67.50,68.70,22875
BUCY,20100409,69.39,71.90,69.11,71.22,32789
BUCY,20100412,71.74,72.60,70.19,70.52,21537
BUCY,20100413,70.53,71.94,70.37,71.07,22493
BUCY,20100414,72.04,72.06,70.33,71.66,16147
BUCY,20100415,71.23,74.16,71.02,72.38,21894
BUCY,20100416,71.75,72.49,68.52,69.78,37208
BUCY,20100419,68.92,69.68,66.02,67.93,38195
BUCY,20100420,68.86,70.20,68.27,68.79,21303
BUCY,20100421,69.12,69.28,67.15,68.83,21203
BUCY,20100422,68.23,71.25,67.03,70.81,30312
BUCY,20100423,68.46,70.65,67.09,68.37,78966
BUCY,20100426,69.28,71.12,68.75,69.53,39697
BUCY,20100427,68.50,69.20,65.01,65.35,36990
BUCY,20100428,66.46,67.04,64.23,64.89,30746
BUCY,20100429,65.61,65.80,64.05,65.04,28724
BUCY,20100430,65.25,65.71,61.83,62.87,43552
BUCY,20100503,62.51,63.60,59.79,61.85,36623
BUCY,20100504,60.28,60.30,56.73,58.10,53212
BUCY,20100505,55.95,59.40,53.76,57.22,53350
BUCY,20100506,56.43,58.04,49.38,54.08,63452
BUCY,20100507,54.18,54.97,50.79,52.36,50424
BUCY,20100510,55.80,57.19,54.56,56.98,35873
BUCY,20100511,55.84,56.28,54.69,55.77,36607
BUCY,20100512,56.26,57.74,55.74,57.64,30208
BUCY,20100513,57.32,59.44,56.73,57.59,30396
BUCY,20100514,56.50,56.50,53.23,55.01,43333
BUCY,20100517,56.67,57.10,51.69,53.15,54171
BUCY,20100518,54.16,54.81,52.02,52.28,26598
BUCY,20100519,51.35,51.61,47.81,50.03,59478
BUCY,20100520,47.85,49.07,46.01,47.37,55055
BUCY,20100521,46.27,50.86,46.00,50.06,54729
BUCY,20100524,50.58,50.58,48.15,48.35,33319
BUCY,20100525,46.11,49.98,45.04,49.82,55056
BUCY,20100526,51.32,53.80,50.36,50.91,83659
BUCY,20100527,53.66,55.46,53.05,55.38,37086
BUCY,20100528,55.29,55.66,52.52,53.56,29792
BUCY,20100601,52.59,52.99,49.36,49.44,38389
BUCY,20100602,50.84,53.75,50.16,53.73,32209
BUCY,20100603,55.93,57.20,51.63,52.38,55574
BUCY,20100604,50.30,51.94,48.25,48.81,44279
BUCY,20100607,48.89,49.43,46.65,46.93,25660
BUCY,20100608,46.92,48.48,46.57,48.33,34215
BUCY,20100609,49.33,51.83,48.52,48.98,35435
BUCY,20100610,50.96,51.81,50.01,51.81,28556
BUCY,20100611,50.58,53.00,50.56,51.54,23353
BUCY,20100614,53.12,54.32,51.56,51.72,29337
BUCY,20100615,52.78,54.50,51.81,54.29,25867
BUCY,20100616,53.01,53.99,52.34,53.36,20992
BUCY,20100617,53.63,53.99,50.44,51.34,39564
BUCY,20100618,51.28,51.62,50.16,50.68,29377
BUCY,20100621,53.28,53.59,50.10,50.65,32046
BUCY,20100622,51.63,51.98,49.50,49.76,32017
BUCY,20100623,50.03,51.90,49.16,51.56,34834
BUCY,20100624,50.83,51.43,50.02,50.73,25482
BUCY,20100625,50.90,53.30,50.69,53.19,52771
BUCY,20100628,52.19,52.84,50.65,50.83,34876
BUCY,20100629,49.14,49.29,47.06,47.58,34877
BUCY,20100630,47.53,50.52,47.29,47.45,52316
BUCY,20100701,48.25,48.60,46.12,48.13,40101
BUCY,20100702,48.79,50.00,48.35,48.92,32630
BUCY,20100706,50.89,51.80,48.07,48.81,36527
BUCY,20100707,49.03,51.83,48.83,51.71,40697
BUCY,20100708,52.70,53.00,51.25,52.58,30462
BUCY,20100709,52.59,54.16,52.11,53.87,19522
BUCY,20100712,53.88,53.99,51.70,52.73,16807
BUCY,20100713,54.08,54.59,52.14,54.00,29727
BUCY,20100714,53.60,54.91,52.67,54.46,19950
BUCY,20100715,53.85,53.95,52.05,53.35,21330
BUCY,20100716,52.87,53.18,51.51,51.78,15402
BUCY,20100719,52.01,52.74,50.83,52.63,17713
BUCY,20100720,51.25,55.25,51.16,54.99,30078
BUCY,20100721,56.30,57.34,54.97,55.88,37343
BUCY,20100722,57.31,58.70,56.79,58.40,46981
BUCY,20100723,59.78,61.83,58.46,61.68,55348
BUCY,20100726,61.59,62.15,60.59,62.07,26415
BUCY,20100727,62.35,63.00,59.02,60.28,37609
BUCY,20100728,59.44,60.80,59.11,60.18,25119
BUCY,20100729,61.10,61.43,59.27,60.80,20654
BUCY,20100730,59.79,62.43,59.44,62.22,19545
BUCY,20100802,63.35,64.16,62.64,63.29,20134
BUCY,20100803,62.62,63.61,61.82,63.10,15635
BUCY,20100804,63.48,64.08,62.38,63.54,14436
BUCY,20100805,63.07,63.97,62.72,63.32,11622
BUCY,20100806,62.21,63.86,61.91,63.32,12666
BUCY,20100809,64.00,64.25,63.32,63.95,12817
BUCY,20100810,62.38,63.09,61.71,62.74,15346
BUCY,20100811,61.05,61.05,59.20,59.47,19634
BUCY,20100812,58.29,60.19,57.22,59.35,14591
BUCY,20100813,59.13,59.62,58.17,58.71,12529
BUCY,20100816,58.29,59.90,57.65,58.95,15433
BUCY,20100817,59.95,61.50,59.83,61.34,20378
BUCY,20100818,61.08,62.11,60.36,61.37,12628
BUCY,20100819,61.07,61.75,59.94,60.09,14454
BUCY,20100820,59.34,60.30,58.62,60.20,16758
BUCY,20100823,60.54,60.78,57.65,57.78,17073
BUCY,20100824,56.44,56.68,55.12,55.27,22102
BUCY,20100825,54.09,55.49,53.04,55.09,22972
BUCY,20100826,55.85,56.19,53.62,54.10,21086
BUCY,20100827,54.69,57.32,53.26,57.12,17860
BUCY,20100830,56.81,57.43,55.89,56.25,14557
BUCY,20100831,55.71,58.36,55.60,57.49,17840
BUCY,20100901,58.90,62.14,58.78,62.05,34006
BUCY,20100902,62.50,63.83,61.55,63.73,15737
BUCY,20100903,64.57,65.37,63.62,64.37,17629
BUCY,20100907,63.36,64.88,62.70,64.22,15344
BUCY,20100908,64.85,68.25,64.80,67.11,39825
BUCY,20100909,68.16,68.44,65.66,66.55,18904
BUCY,20100910,66.20,67.75,65.81,66.87,12578
BUCY,20100913,68.87,69.08,68.00,68.15,18621
BUCY,20100914,67.85,68.85,67.01,67.56,11449
BUCY,20100915,67.10,68.59,66.41,68.50,14142
BUCY,20100916,68.56,69.88,68.08,69.12,21048
BUCY,20100917,69.59,70.68,69.30,70.37,23401
BUCY,20100920,70.93,72.50,70.56,71.05,24921
BUCY,20100921,71.49,71.79,69.51,70.36,26160
BUCY,20100922,70.14,72.36,69.88,70.79,21382
BUCY,20100923,70.00,70.76,68.44,68.67,19111
BUCY,20100924,69.88,71.10,69.54,70.97,18200
BUCY,20100927,71.05,72.30,70.21,71.60,14007
BUCY,20100928,71.73,72.09,70.30,71.37,17598
BUCY,20100929,70.91,71.75,70.42,70.59,18376
BUCY,20100930,70.99,71.35,68.21,69.35,21443
BUCY,20101001,69.71,71.10,69.08,69.89,20154
BUCY,20101004,69.89,70.25,67.85,68.71,12594
BUCY,20101005,69.41,72.49,69.41,72.20,21272
BUCY,20101006,72.09,74.15,72.00,73.37,17684
BUCY,20101007,73.78,74.20,71.42,72.59,12192
BUCY,20101008,72.55,74.84,72.45,74.31,19184
BUCY,20101011,74.31,75.88,73.87,75.08,11902
BUCY,20101012,74.82,75.00,73.05,74.35,12150
BUCY,20101013,75.23,75.56,73.93,74.57,20232
BUCY,20101014,74.50,75.48,73.44,74.12,12413
BUCY,20101015,74.56,74.87,72.57,74.29,11099
BUCY,20101018,74.67,75.31,73.71,74.44,12544
BUCY,20101019,72.88,73.07,70.04,70.55,22706
BUCY,20101020,70.75,73.27,70.71,72.98,15964
BUCY,20101021,73.31,74.75,72.06,73.51,20230
BUCY,20101022,70.52,70.68,67.53,68.44,68821
BUCY,20101025,69.00,69.92,68.02,68.51,23470
BUCY,20101026,68.00,68.66,65.90,66.87,24465
BUCY,20101027,66.10,66.60,64.84,66.31,26702
BUCY,20101028,67.13,68.15,66.02,66.84,12567
BUCY,20101029,66.73,68.55,66.55,68.16,17155
BUCY,20101101,68.40,69.39,66.72,67.38,26189
BUCY,20101102,67.97,68.23,66.88,67.94,9794
BUCY,20101103,68.00,68.00,66.19,67.66,14278
BUCY,20101104,69.09,72.51,69.05,72.48,30091
BUCY,20101105,72.26,73.89,72.10,73.77,16295
BUCY,20101108,73.45,74.00,71.39,72.03,23007
BUCY,20101109,72.53,73.22,70.26,70.74,11879
BUCY,20101110,71.00,71.91,69.03,71.27,12420
BUCY,20101111,69.90,72.76,69.58,71.94,13865
BUCY,20101112,70.67,71.53,68.75,69.62,13862
BUCY,20101115,90.05,90.21,89.24,89.80,298391
BUCY,20101116,89.69,89.86,89.20,89.24,145463
BUCY,20101117,89.33,89.55,89.16,89.37,52257
BUCY,20101118,89.52,89.75,89.09,89.12,62232
BUCY,20101119,89.22,89.46,89.09,89.20,28644
BUCY,20101122,89.12,89.42,89.02,89.21,32149
BUCY,20101123,89.01,89.18,88.95,89.02,34621
BUCY,20101124,89.07,89.25,89.02,89.11,27098
BUCY,20101126,89.00,89.16,88.96,89.05,7773
BUCY,20101129,89.01,89.18,89.00,89.08,24220
BUCY,20101130,89.04,89.19,89.00,89.16,26938
BUCY,20101201,89.14,89.24,89.02,89.10,46472
BUCY,20101202,89.04,89.12,89.00,89.04,45016
BUCY,20101203,89.07,89.26,89.02,89.25,34618
BUCY,20101206,89.17,89.33,89.14,89.31,17484
BUCY,20101207,89.37,89.41,89.16,89.16,26307
BUCY,20101208,89.27,89.34,89.12,89.12,20873
BUCY,20101209,89.19,89.27,89.15,89.20,28109
BUCY,20101210,89.20,89.40,89.15,89.37,14834
BUCY,20101213,89.30,89.47,89.30,89.45,17424
BUCY,20101214,89.43,89.55,89.35,89.53,17080
BUCY,20101215,89.53,89.77,89.42,89.51,14881
BUCY,20101216,89.55,89.71,89.48,89.58,9534
BUCY,20101217,89.58,89.66,89.49,89.63,25115
BUCY,20101220,89.46,89.53,89.40,89.51,22419
BUCY,20101221,89.50,89.60,89.42,89.45,15729
BUCY,20101222,89.51,89.55,89.40,89.40,9944
BUCY,20101223,89.49,89.51,89.38,89.38,7069
BUCY,20101227,89.42,89.50,89.39,89.43,8070
BUCY,20101228,89.46,89.51,89.43,89.48,9448
BUCY,20101229,89.50,89.66,89.43,89.47,7919
BUCY,20101230,89.56,89.62,89.32,89.40,15152
BUCY,20101231,89.50,89.55,89.40,89.40,16123
BUCY,20110103,89.49,89.73,89.48,89.70,12063
BUCY,20110104,89.60,89.83,89.60,89.79,9502
BUCY,20110105,89.75,89.90,89.75,89.76,19139
BUCY,20110106,89.80,89.98,89.76,89.91,8654
BUCY,20110107,89.95,90.11,89.93,89.98,15306
BUCY,20110110,89.97,90.10,89.96,90.07,1039500
BUCY,20110111,90.07,90.14,90.00,90.11,799800
BUCY,20110112,90.19,90.28,90.12,90.28,689500
BUCY,20110113,90.21,90.34,90.20,90.34,980700
BUCY,20110114,90.30,90.33,90.21,90.30,800200
BUCY,20110118,90.30,90.44,90.26,90.44,1348800
BUCY,20110119,90.38,90.42,90.03,90.24,1386900
BUCY,20110120,90.15,90.45,90.15,90.35,2542400
BUCY,20110121,90.40,90.47,90.36,90.42,810300
BUCY,20110124,90.49,90.66,90.43,90.61,997800
BUCY,20110125,90.56,90.70,90.53,90.68,1140400
BUCY,20110126,90.64,90.98,90.64,90.67,1093300
BUCY,20110127,90.70,90.80,90.70,90.78,618200
BUCY,20110128,90.77,90.81,90.51,90.68,1495300
BUCY,20110131,90.68,90.81,90.68,90.76,631900
BUCY,20110201,90.80,90.81,90.75,90.77,715200
BUCY,20110202,90.75,90.85,90.75,90.81,655200
BUCY,20110203,90.80,90.89,90.77,90.81,728100
BUCY,20110204,90.81,90.90,90.79,90.88,548600
BUCY,20110207,90.88,90.98,90.84,90.89,783900
BUCY,20110208,90.89,90.96,90.88,90.92,608700
BUCY,20110209,90.89,90.95,90.86,90.86,589000
BUCY,20110210,90.87,90.94,90.79,90.84,762000
BUCY,20110211,90.85,90.89,90.68,90.72,1353800
BUCY,20110214,90.82,90.88,90.75,90.82,489000
BUCY,20110215,90.80,90.85,90.78,90.81,604700
BUCY,20110216,90.85,90.97,90.78,90.78,798800
BUCY,20110217,90.86,90.95,90.83,90.95,459500
BUCY,20110218,90.95,91.10,90.92,91.05,702500
BUCY,20110222,90.92,91.12,90.91,91.04,1112600
BUCY,20110223,91.01,91.09,90.90,90.96,1027300
BUCY,20110224,90.93,91.03,90.81,90.90,1338000
BUCY,20110225,91.00,91.01,90.80,91.01,1102800
BUCY,20110228,91.00,91.11,90.91,91.06,544500
BUCY,20110301,90.96,91.20,90.92,91.05,1227700
BUCY,20110302,90.96,91.04,90.95,90.97,1468400
BUCY,20110303,91.05,91.06,90.96,91.02,1008600
BUCY,20110304,91.00,91.04,90.89,90.95,1240500
BUCY,20110307,91.03,91.03,90.92,90.95,1215200
BUCY,20110308,90.95,91.01,90.91,90.94,927700
BUCY,20110309,90.95,90.98,90.94,90.96,1263300
BUCY,20110310,90.96,90.97,90.90,90.94,1618400
BUCY,20110311,90.94,90.97,90.91,90.93,1071200
BUCY,20110314,90.92,90.96,90.85,90.90,1454800
BUCY,20110315,90.77,90.91,90.77,90.89,1743800
BUCY,20110316,90.90,91.04,90.87,90.93,2998700
BUCY,20110317,91.02,91.11,90.95,91.04,1483800
BUCY,20110318,91.05,91.10,90.97,91.10,1361100
BUCY,20110321,91.10,91.19,91.01,91.15,523500
BUCY,20110322,91.18,91.18,91.06,91.06,835300
BUCY,20110323,91.07,91.14,91.07,91.07,932500
BUCY,20110324,91.15,91.32,91.09,91.25,787900
BUCY,20110325,91.20,91.25,91.15,91.15,532000
BUCY,20110328,91.20,91.28,91.16,91.19,607400
BUCY,20110329,91.18,91.28,91.18,91.27,668000
BUCY,20110330,91.27,91.29,91.16,91.26,642900
BUCY,20110331,91.21,91.74,91.21,91.45,1302400
BUCY,20110401,91.45,91.45,91.27,91.43,1031900
BUCY,20110404,91.50,91.50,91.40,91.46,512000
BUCY,20110405,91.42,91.49,91.33,91.38,594300
BUCY,20110406,91.42,91.46,91.39,91.41,564000
BUCY,20110407,91.45,91.50,91.39,91.42,692700
BUCY,20110408,91.48,91.48,91.42,91.45,575100
BUCY,20110411,91.47,91.50,91.40,91.45,663400
BUCY,20110412,91.39,91.47,90.77,91.30,2001500
BUCY,20110413,91.37,91.38,91.20,91.25,905000
BUCY,20110414,91.17,91.33,91.16,91.20,720300
BUCY,20110415,91.23,91.35,91.15,91.20,419400
BUCY,20110418,91.16,91.31,91.16,91.25,800300
BUCY,20110419,91.21,91.38,91.21,91.35,1022400
BUCY,20110420,91.35,91.43,91.28,91.40,888100
BUCY,20110421,91.35,91.51,91.33,91.49,1067300
BUCY,20110425,91.36,91.44,91.36,91.42,429900
BUCY,20110426,91.43,91.45,91.38,91.41,726700
