BVN,20090115,14.92,15.88,14.00,15.35,20917
BVN,20090116,15.70,16.91,15.70,16.74,17465
BVN,20090120,16.50,18.08,16.42,16.52,25318
BVN,20090121,16.21,17.10,15.89,17.09,10399
BVN,20090122,16.10,17.03,15.67,16.68,12268
BVN,20090123,17.30,18.78,16.84,18.73,23347
BVN,20090126,19.89,20.30,17.86,18.28,14589
BVN,20090127,18.23,18.77,17.86,18.41,9107
BVN,20090128,19.20,19.26,17.73,18.61,10534
BVN,20090129,17.78,19.45,17.78,18.78,12412
BVN,20090130,19.75,19.84,18.45,18.84,16216
BVN,20090202,18.42,18.75,17.44,17.95,11889
BVN,20090203,18.22,18.28,17.41,17.81,8167
BVN,20090204,18.33,18.98,18.00,18.89,9266
BVN,20090205,19.12,19.58,18.92,19.46,11329
BVN,20090206,19.41,20.72,19.25,20.46,15689
BVN,20090209,20.43,21.22,20.18,20.59,11965
BVN,20090210,20.94,21.92,19.12,19.26,24494
BVN,20090211,19.83,22.10,19.44,21.14,24860
BVN,20090212,21.20,21.67,20.74,21.62,11798
BVN,20090213,21.82,21.82,20.45,20.45,12752
BVN,20090217,21.47,22.44,21.47,21.66,24789
BVN,20090218,21.73,22.00,20.89,21.60,15624
BVN,20090219,21.89,22.04,20.75,21.24,20830
BVN,20090220,21.82,22.71,21.37,21.89,26405
BVN,20090223,21.90,21.90,20.96,21.31,14959
BVN,20090224,21.30,21.31,19.44,19.92,21943
BVN,20090225,19.43,20.50,19.38,19.45,12045
BVN,20090226,19.22,19.72,18.93,18.93,22712
BVN,20090227,18.38,19.82,18.19,19.26,17778
BVN,20090302,18.62,19.10,17.29,17.64,22807
BVN,20090303,17.40,18.41,17.00,18.07,13411
BVN,20090304,18.46,18.86,17.61,17.91,13501
BVN,20090305,17.94,18.74,17.63,18.50,13062
BVN,20090306,19.46,19.59,18.51,18.89,11185
BVN,20090309,19.10,19.10,18.22,18.71,10556
BVN,20090310,18.13,18.61,17.35,17.71,19630
BVN,20090311,17.66,19.25,17.07,18.86,16557
BVN,20090312,19.07,19.96,18.68,19.90,12429
BVN,20090313,20.02,20.48,19.90,20.34,9317
BVN,20090316,19.44,20.46,19.44,19.58,8449
BVN,20090317,19.18,19.50,18.49,18.55,12117
BVN,20090318,18.35,20.48,17.64,20.39,20695
BVN,20090319,20.89,24.25,20.84,22.55,38272
BVN,20090320,23.34,23.34,22.00,22.70,29333
BVN,20090323,23.19,24.86,23.19,23.87,23713
BVN,20090324,23.08,23.66,22.37,23.06,16014
BVN,20090325,23.23,24.53,22.88,24.16,11107
BVN,20090326,24.31,25.11,24.18,24.35,9592
BVN,20090327,23.86,24.22,22.94,23.20,10175
BVN,20090330,22.96,24.21,22.62,23.81,10206
BVN,20090331,24.00,24.30,23.22,23.98,7663
BVN,20090401,24.41,25.01,24.10,25.01,6638
BVN,20090402,24.71,24.84,22.63,23.95,14432
BVN,20090403,23.72,24.26,22.27,22.77,16366
BVN,20090406,21.84,22.02,21.18,21.70,11258
BVN,20090407,22.27,22.64,21.70,22.15,10138
BVN,20090408,22.48,22.81,21.55,22.54,6763
BVN,20090409,22.31,22.72,21.74,21.90,7264
BVN,20090413,22.82,22.89,22.40,22.59,8081
BVN,20090414,21.83,23.12,21.83,22.41,10143
BVN,20090415,23.02,23.03,22.15,22.64,7156
BVN,20090416,22.00,23.68,20.95,21.00,10181
BVN,20090417,21.11,21.11,20.18,20.66,12364
BVN,20090420,21.10,21.38,20.56,20.98,10284
BVN,20090421,21.49,21.61,20.01,20.38,12075
BVN,20090422,20.21,20.30,19.55,19.58,16956
BVN,20090423,19.50,21.10,19.09,20.73,17337
BVN,20090424,21.18,22.78,21.18,21.87,22047
BVN,20090427,21.27,22.37,21.22,22.12,9617
BVN,20090428,21.33,21.99,20.88,21.71,6997
BVN,20090429,21.71,22.70,21.54,22.45,8707
BVN,20090430,21.61,21.98,20.82,21.16,12642
BVN,20090501,21.24,21.83,20.78,21.70,6350
BVN,20090504,21.61,22.83,21.30,22.81,12169
BVN,20090505,23.04,23.34,22.64,23.00,8118
BVN,20090506,23.75,25.45,23.75,24.78,16869
BVN,20090507,25.20,25.39,23.72,24.11,11022
BVN,20090508,24.38,25.18,24.00,24.47,11277
BVN,20090511,23.89,25.39,23.89,24.75,13057
BVN,20090512,25.07,26.34,25.04,26.06,11862
BVN,20090513,25.94,27.22,25.40,25.47,14941
BVN,20090514,24.92,25.98,24.71,25.56,8761
BVN,20090515,26.18,26.40,25.15,25.56,12430
BVN,20090518,25.56,25.69,24.18,25.14,11101
BVN,20090519,25.01,26.59,24.89,25.97,11118
BVN,20090520,26.49,27.78,26.49,26.86,17785
BVN,20090521,26.76,27.47,25.98,27.28,8472
BVN,20090522,27.46,28.90,27.43,28.70,15198
BVN,20090526,28.20,28.45,27.06,27.69,15512
BVN,20090527,28.23,28.23,26.75,26.94,12262
BVN,20090528,27.88,28.65,27.47,28.22,14789
BVN,20090529,28.85,29.44,28.11,28.33,20730
BVN,20090601,29.03,29.47,28.38,28.74,12620
BVN,20090602,29.04,29.93,28.71,29.12,9017
BVN,20090603,28.99,28.99,26.68,27.25,16423
BVN,20090604,28.38,28.42,27.18,28.13,11479
BVN,20090605,27.48,27.81,26.17,26.84,13299
BVN,20090608,26.73,26.84,25.75,26.73,10244
BVN,20090609,27.27,27.50,26.39,27.04,9734
BVN,20090610,28.09,28.28,27.16,27.75,11848
BVN,20090611,27.50,28.47,27.07,27.92,8600
BVN,20090612,27.51,27.66,26.62,27.16,10017
BVN,20090615,26.59,26.74,25.40,25.95,10750
BVN,20090616,26.16,26.60,25.12,25.75,9507
BVN,20090617,25.69,25.69,24.60,25.32,19303
BVN,20090618,25.20,25.25,24.60,24.79,15896
BVN,20090619,24.90,25.95,24.67,24.98,20544
BVN,20090622,24.26,24.27,22.64,22.67,32388
BVN,20090623,23.50,24.56,23.06,24.27,13894
BVN,20090624,24.96,25.30,24.57,24.79,8961
BVN,20090625,24.63,25.63,24.63,25.63,7800
BVN,20090626,25.80,26.00,25.00,25.02,5073
BVN,20090629,25.87,25.87,24.62,25.05,5438
BVN,20090630,24.85,25.00,23.87,24.03,10744
BVN,20090701,24.50,25.79,24.50,25.40,6993
BVN,20090702,24.39,24.45,23.92,24.36,7859
BVN,20090706,23.18,23.88,22.95,23.86,9468
BVN,20090707,23.50,24.00,22.72,22.82,13693
BVN,20090708,22.77,22.77,21.36,21.65,27922
BVN,20090709,22.00,22.54,21.61,21.73,11312
BVN,20090710,21.30,21.71,20.92,21.60,5796
BVN,20090713,21.50,21.79,20.81,21.77,12965
BVN,20090714,22.22,22.44,21.70,22.00,5965
BVN,20090715,22.88,23.38,22.85,23.29,9003
BVN,20090716,23.29,23.53,22.88,23.33,4805
BVN,20090717,23.09,23.66,22.66,23.41,8005
BVN,20090720,24.17,25.05,23.87,24.99,9243
BVN,20090721,25.81,25.98,24.03,24.70,7090
BVN,20090722,24.20,24.59,23.96,24.38,7885
BVN,20090723,24.49,25.18,24.35,24.95,7760
BVN,20090724,25.31,25.46,24.34,24.55,5832
BVN,20090727,25.10,25.45,24.75,25.22,7484
BVN,20090728,24.77,24.92,23.84,24.88,8881
BVN,20090729,24.64,24.74,23.88,24.26,6512
BVN,20090730,24.35,25.25,24.35,25.02,9532
BVN,20090731,25.25,26.21,25.05,26.05,10387
BVN,20090803,26.91,27.49,26.77,27.21,15727
BVN,20090804,26.26,28.26,25.96,28.12,10714
BVN,20090805,27.66,28.00,26.43,27.20,13420
BVN,20090806,27.53,27.98,26.57,26.93,6920
BVN,20090807,26.61,26.81,26.00,26.17,5377
BVN,20090810,26.28,26.28,25.42,25.76,5003
BVN,20090811,25.37,25.89,25.12,25.48,11400
BVN,20090812,25.50,26.20,25.41,25.70,7569
BVN,20090813,26.23,26.80,26.06,26.54,9396
BVN,20090814,26.50,26.80,25.58,26.30,6858
BVN,20090817,25.09,25.09,24.15,24.57,10787
BVN,20090818,24.55,25.27,24.40,24.99,3744
BVN,20090819,24.18,26.01,24.16,25.66,7262
BVN,20090820,25.70,26.51,25.67,26.15,5874
BVN,20090821,26.80,27.05,25.36,25.47,14220
BVN,20090824,25.92,26.05,25.15,25.34,12797
BVN,20090825,25.80,25.99,25.20,25.34,9936
BVN,20090826,25.61,25.63,24.86,25.19,10127
BVN,20090827,24.92,25.62,24.44,25.35,8389
BVN,20090828,25.62,26.27,25.41,25.78,10424
BVN,20090831,24.93,25.44,24.76,25.27,7798
BVN,20090901,25.01,25.45,24.10,24.71,10418
BVN,20090902,24.97,26.50,24.86,26.36,13134
BVN,20090903,26.86,28.88,26.51,27.74,27196
BVN,20090904,27.52,28.91,27.47,28.81,13285
BVN,20090908,29.55,31.88,29.55,30.48,37618
BVN,20090909,30.65,31.39,29.25,29.71,27007
BVN,20090910,29.79,30.99,29.27,30.62,13638
BVN,20090911,31.12,31.73,30.18,30.55,15078
BVN,20090914,30.20,31.16,29.93,30.33,14330
BVN,20090915,30.21,31.82,30.20,31.57,12672
BVN,20090916,32.14,34.20,32.14,33.80,29134
BVN,20090917,33.72,35.08,33.36,33.95,28707
BVN,20090918,34.31,34.45,32.99,34.05,31393
BVN,20090921,32.67,33.65,32.01,33.48,19495
BVN,20090922,34.46,34.91,33.98,34.29,13294
BVN,20090923,33.45,34.75,33.34,33.84,12617
BVN,20090924,34.24,34.39,32.72,33.42,15399
BVN,20090925,32.91,33.29,32.17,32.96,12002
BVN,20090928,33.30,33.91,32.79,32.97,9277
BVN,20090929,33.33,34.65,33.06,34.37,13657
BVN,20090930,34.56,35.35,33.67,35.21,14764
BVN,20091001,35.21,35.38,33.50,33.82,14956
BVN,20091002,33.33,34.30,32.65,33.55,16334
BVN,20091005,33.94,34.54,33.11,34.39,14409
BVN,20091006,35.65,37.47,35.65,37.03,19596
BVN,20091007,38.06,38.06,36.46,37.61,15384
BVN,20091008,39.44,39.44,37.24,38.50,18206
BVN,20091009,38.18,38.55,37.70,38.53,10722
BVN,20091012,39.00,39.44,37.23,37.98,15094
BVN,20091013,38.27,39.07,37.51,38.61,14113
BVN,20091014,39.90,39.90,38.85,39.20,13515
BVN,20091015,38.78,39.33,38.40,39.27,16064
BVN,20091016,39.14,39.22,38.02,38.92,13327
BVN,20091019,38.38,38.68,36.33,36.69,30274
BVN,20091020,36.84,37.46,36.33,36.81,18913
BVN,20091021,36.70,39.10,36.50,37.77,19420
BVN,20091022,37.90,38.00,36.59,37.35,11569
BVN,20091023,38.27,38.49,36.88,36.97,11466
BVN,20091026,37.00,38.25,35.62,35.93,13060
BVN,20091027,36.04,36.29,34.38,35.61,16921
BVN,20091028,35.36,35.86,33.10,33.55,20024
BVN,20091029,34.07,36.70,33.97,35.49,13360
BVN,20091030,35.99,36.08,32.42,33.57,16466
BVN,20091102,34.50,36.02,33.23,34.33,19713
BVN,20091103,33.89,37.00,33.06,36.74,16519
BVN,20091104,36.85,37.63,36.27,37.04,17003
BVN,20091105,37.03,37.50,36.37,36.77,8919
BVN,20091106,36.92,37.81,36.76,36.90,17611
BVN,20091109,37.89,39.25,37.56,38.76,13950
BVN,20091110,38.35,39.00,37.56,38.81,10266
BVN,20091111,40.20,40.20,38.40,38.47,10317
BVN,20091112,38.31,38.79,36.79,37.05,10155
BVN,20091113,37.42,37.95,36.37,37.28,14989
BVN,20091116,38.08,39.90,37.96,39.70,19545
BVN,20091117,39.33,40.01,39.00,40.01,11762
BVN,20091118,40.30,41.59,39.19,39.55,15723
BVN,20091119,39.24,40.21,38.30,40.09,11396
BVN,20091120,39.69,39.81,39.04,39.51,14458
BVN,20091123,40.65,42.43,40.54,40.83,13672
BVN,20091124,40.80,41.01,39.91,40.79,10156
BVN,20091125,41.77,41.98,40.96,41.50,13387
BVN,20091127,39.59,40.77,38.93,39.83,7151
BVN,20091130,39.01,40.26,38.96,40.15,15184
BVN,20091201,40.98,42.69,40.96,41.44,17353
BVN,20091202,41.87,42.65,41.31,41.80,12879
BVN,20091203,42.02,42.02,40.08,40.45,11765
BVN,20091204,39.95,40.32,37.82,39.84,40083
BVN,20091207,38.36,38.70,37.39,37.54,23590
BVN,20091208,37.03,37.15,34.69,35.15,29232
BVN,20091209,34.58,36.21,34.58,35.96,17320
BVN,20091210,36.22,36.30,35.63,36.02,11338
BVN,20091211,35.89,36.48,34.61,34.97,13788
BVN,20091214,35.22,35.80,34.36,34.65,12956
BVN,20091215,34.60,35.01,33.76,33.92,21122
BVN,20091216,34.26,34.78,33.53,33.81,15065
BVN,20091217,32.71,33.39,32.49,32.66,13516
BVN,20091218,32.91,33.38,32.20,32.87,13258
BVN,20091221,33.04,33.24,31.17,31.55,14614
BVN,20091222,31.93,32.42,30.85,31.85,14899
BVN,20091223,32.12,34.84,32.02,34.06,16074
BVN,20091224,34.50,34.50,33.68,34.00,3351
BVN,20091228,34.36,34.42,33.38,33.77,5383
BVN,20091229,34.20,34.26,33.48,33.57,5647
BVN,20091230,33.44,33.47,32.65,33.00,4340
BVN,20091231,33.43,33.62,32.82,33.47,5074
BVN,20100104,34.60,35.21,34.37,34.95,9548
BVN,20100105,35.18,36.48,34.85,36.18,16879
BVN,20100106,36.95,38.22,36.86,37.21,13592
BVN,20100107,37.28,37.83,36.80,37.69,10017
BVN,20100108,38.22,38.22,37.03,37.40,10073
BVN,20100111,38.14,38.84,37.42,37.69,9737
BVN,20100112,37.14,37.69,35.75,35.89,9773
BVN,20100113,35.71,36.58,35.61,36.30,8776
BVN,20100114,36.19,36.50,35.63,36.11,5101
BVN,20100115,35.90,35.90,34.70,35.05,9082
BVN,20100119,35.06,36.77,35.06,35.96,11549
BVN,20100120,35.33,35.36,33.64,34.29,14937
BVN,20100121,34.37,34.50,32.04,33.08,24915
BVN,20100122,32.59,34.11,32.00,33.00,13361
BVN,20100125,33.55,33.59,31.78,32.51,12716
BVN,20100126,32.14,33.43,31.80,32.46,8574
BVN,20100127,32.65,33.32,31.82,32.44,13459
BVN,20100128,33.05,33.87,31.50,32.51,13167
BVN,20100129,32.58,33.10,31.22,31.48,15506
BVN,20100201,31.94,33.04,31.83,32.95,12019
BVN,20100202,33.44,33.74,32.38,32.68,12868
BVN,20100203,32.47,33.25,31.80,31.94,6947
BVN,20100204,31.47,31.47,29.75,30.33,15093
BVN,20100205,30.07,30.86,28.59,30.78,25162
BVN,20100208,30.85,31.18,30.07,30.15,11841
BVN,20100209,30.90,32.14,30.43,31.74,13221
BVN,20100210,32.27,32.46,31.20,31.94,9204
BVN,20100211,31.94,33.60,31.61,33.43,11381
BVN,20100212,32.59,33.78,31.62,33.68,11587
BVN,20100216,34.55,34.87,34.20,34.33,9294
BVN,20100217,34.26,34.59,33.22,33.66,9353
BVN,20100218,32.85,33.26,31.95,32.56,17854
BVN,20100219,32.24,33.04,31.98,32.61,8481
BVN,20100222,33.20,33.27,32.14,32.95,12239
BVN,20100223,33.39,33.40,31.59,31.68,12625
BVN,20100224,31.93,32.52,31.68,31.92,8193
BVN,20100225,31.88,32.94,31.07,32.81,10600
BVN,20100226,33.59,33.92,32.83,33.61,10952
BVN,20100301,33.84,34.35,33.17,33.98,8527
BVN,20100302,34.08,35.31,33.90,34.83,13116
BVN,20100303,35.00,35.13,33.21,33.42,22455
BVN,20100304,33.21,33.46,32.58,32.93,13560
BVN,20100305,33.41,34.47,33.20,33.79,14667
BVN,20100308,34.13,34.50,33.76,34.02,8769
BVN,20100309,33.58,33.79,33.20,33.30,8224
BVN,20100310,33.30,33.70,32.01,32.50,9843
BVN,20100311,32.30,32.74,31.75,32.74,6523
BVN,20100312,32.93,33.10,32.03,32.24,7285
BVN,20100315,32.13,32.48,31.50,32.05,5384
BVN,20100316,32.32,32.97,32.24,32.91,9465
BVN,20100317,32.85,33.75,32.66,33.46,8520
BVN,20100318,33.62,33.62,32.38,32.76,9801
BVN,20100319,32.77,32.83,31.49,31.52,17229
BVN,20100322,31.11,31.29,30.45,31.06,12719
BVN,20100323,31.00,31.17,30.33,31.03,12745
BVN,20100324,30.29,30.62,29.82,29.89,16217
BVN,20100325,30.12,30.42,29.48,29.50,16363
BVN,20100326,29.79,30.88,29.50,30.87,12237
BVN,20100329,31.16,31.54,30.92,31.30,7487
BVN,20100330,31.16,31.45,30.53,30.71,12461
BVN,20100331,31.04,31.96,30.83,30.97,13679
BVN,20100401,31.59,32.71,31.27,32.71,12284
BVN,20100405,33.14,33.30,32.76,33.16,7729
BVN,20100406,33.18,33.92,32.81,33.39,9841
BVN,20100407,33.51,35.44,33.51,34.76,18610
BVN,20100408,34.77,34.96,34.14,34.44,10809
BVN,20100409,34.64,35.13,34.28,34.43,8405
BVN,20100412,34.34,35.08,34.12,34.23,9479
BVN,20100413,34.03,34.03,32.08,32.90,11714
BVN,20100414,33.23,33.42,32.57,32.90,7147
BVN,20100415,32.89,32.99,32.23,32.44,8991
BVN,20100416,32.18,32.19,30.83,31.60,14482
BVN,20100419,31.00,31.57,30.65,31.51,14063
BVN,20100420,31.97,32.20,30.82,30.97,13849
BVN,20100421,31.11,31.36,30.69,30.93,8676
BVN,20100422,30.67,31.19,30.10,31.18,9765
BVN,20100423,31.01,31.85,30.65,31.72,7107
BVN,20100426,31.67,31.92,30.38,30.66,9881
BVN,20100427,30.54,32.07,29.84,31.71,21411
BVN,20100428,31.78,33.33,31.45,32.75,22470
BVN,20100429,32.98,33.28,32.38,33.10,10901
BVN,20100430,33.06,34.00,32.74,32.89,11556
BVN,20100503,33.01,33.17,31.94,32.38,5558
BVN,20100504,32.03,32.40,31.13,32.18,12967
BVN,20100505,31.68,32.81,30.79,32.04,14362
BVN,20100506,32.11,33.08,31.83,32.82,22268
BVN,20100507,32.83,33.66,32.49,33.23,31412
BVN,20100510,32.87,34.38,32.71,34.23,19656
BVN,20100511,34.91,36.95,34.91,36.43,33199
BVN,20100512,36.84,37.48,36.22,36.96,23634
BVN,20100513,37.00,37.56,36.39,36.64,14488
BVN,20100514,37.76,37.97,36.07,37.33,14374
BVN,20100517,37.19,37.70,36.12,37.41,22006
BVN,20100518,36.61,37.99,35.81,37.61,21428
BVN,20100519,37.09,37.30,34.80,35.52,21371
BVN,20100520,34.52,34.99,33.03,33.87,20889
BVN,20100521,33.27,34.76,32.81,34.21,12038
BVN,20100524,34.90,35.19,34.24,34.32,9621
BVN,20100525,33.47,35.08,33.47,34.87,18039
BVN,20100526,35.26,35.90,34.56,34.72,14758
BVN,20100527,35.58,35.94,34.24,35.90,8437
BVN,20100528,35.67,36.31,35.48,36.00,11474
BVN,20100601,35.27,36.66,34.91,35.35,10245
BVN,20100602,35.67,37.00,35.09,36.85,11946
BVN,20100603,36.99,37.05,35.97,36.75,14906
BVN,20100604,36.29,36.98,36.02,36.36,15331
BVN,20100607,36.51,37.50,35.97,36.69,12189
BVN,20100608,37.11,37.89,36.75,37.67,14040
BVN,20100609,37.97,38.00,37.22,37.60,15755
BVN,20100610,37.90,38.79,37.57,38.70,14299
BVN,20100611,38.51,39.00,38.16,38.46,9003
BVN,20100614,39.00,39.49,38.24,38.37,8486
BVN,20100615,38.26,39.24,38.22,39.18,7711
BVN,20100616,39.00,39.80,38.79,39.25,11173
BVN,20100617,39.75,40.30,39.21,39.26,14846
BVN,20100618,39.88,39.96,39.30,39.49,22857
BVN,20100621,40.00,40.15,38.42,38.74,11965
BVN,20100622,38.87,39.51,38.62,38.77,8650
BVN,20100623,38.71,39.01,38.07,38.96,8604
BVN,20100624,38.69,39.77,38.53,39.15,9753
BVN,20100625,39.80,40.66,39.61,40.41,9021
BVN,20100628,40.50,40.89,39.40,39.77,9519
BVN,20100629,39.27,39.35,38.53,38.88,7632
BVN,20100630,38.63,39.38,38.28,38.44,6187
BVN,20100701,38.22,38.40,36.15,37.09,10492
BVN,20100702,37.47,37.68,36.69,37.03,4888
BVN,20100706,37.01,37.57,36.46,36.91,6003
BVN,20100707,36.86,38.05,36.62,38.05,5227
BVN,20100708,38.37,38.56,37.44,38.25,8051
BVN,20100709,38.67,39.31,38.35,39.18,7260
BVN,20100712,38.90,39.68,38.80,39.30,5241
BVN,20100713,40.28,40.37,39.27,39.64,9735
BVN,20100714,39.68,40.07,39.06,39.47,4814
BVN,20100715,39.60,39.74,38.82,39.35,4097
BVN,20100716,38.73,39.83,37.87,38.32,7171
BVN,20100719,38.31,38.31,37.06,37.58,5247
BVN,20100720,37.27,38.89,37.13,38.85,4310
BVN,20100721,39.13,39.52,38.54,38.96,5551
BVN,20100722,39.31,40.10,39.23,39.76,7494
BVN,20100723,39.92,40.32,39.24,39.59,5111
BVN,20100726,40.08,40.24,38.99,39.21,4887
BVN,20100727,38.99,39.17,37.16,37.50,10835
BVN,20100728,37.18,37.83,36.93,37.71,9163
BVN,20100729,38.49,38.49,37.70,37.94,11138
BVN,20100730,37.94,39.00,37.82,38.61,10614
BVN,20100802,39.17,39.28,36.51,36.90,17544
BVN,20100803,36.93,37.42,36.24,36.35,9926
BVN,20100804,36.84,37.16,36.07,36.14,11861
BVN,20100805,36.20,36.38,35.73,36.27,7595
BVN,20100806,36.39,37.25,36.06,36.44,6232
BVN,20100809,36.52,36.52,35.80,36.25,6373
BVN,20100810,35.68,36.83,35.59,36.73,7443
BVN,20100811,36.42,36.78,35.77,35.96,5755
BVN,20100812,36.33,37.84,36.28,37.71,18917
BVN,20100813,37.90,38.00,37.51,37.92,7091
BVN,20100816,38.25,38.75,38.05,38.32,4541
BVN,20100817,38.45,38.45,37.95,38.29,5001
BVN,20100818,37.96,38.83,37.09,38.38,8746
BVN,20100819,38.22,38.60,37.43,37.90,9740
BVN,20100820,37.66,37.93,36.66,37.93,6511
BVN,20100823,38.15,38.15,37.58,37.61,4738
BVN,20100824,36.59,38.11,36.51,37.89,7571
BVN,20100825,38.11,39.25,37.71,39.15,15642
BVN,20100826,39.22,39.75,39.01,39.65,9071
BVN,20100827,39.67,40.49,39.48,40.47,19661
BVN,20100830,40.35,40.80,39.97,40.55,5505
BVN,20100831,40.90,41.76,40.59,41.34,11186
BVN,20100901,41.95,42.16,41.14,41.46,13897
BVN,20100902,41.79,41.90,41.09,41.70,7253
BVN,20100903,41.23,41.42,40.80,41.13,6695
BVN,20100907,41.40,41.72,40.32,41.35,9399
BVN,20100908,41.44,41.84,40.75,40.80,8264
BVN,20100909,40.89,41.09,39.99,40.57,7185
BVN,20100910,40.28,41.05,40.00,40.48,5667
BVN,20100913,40.52,41.61,40.27,41.39,7969
BVN,20100914,41.79,43.00,41.59,41.76,13218
BVN,20100915,42.16,42.31,40.97,41.28,10695
BVN,20100916,41.58,42.02,40.89,41.52,7727
BVN,20100917,41.59,41.60,40.91,41.22,14032
BVN,20100920,41.46,42.21,41.19,41.65,5885
BVN,20100921,41.63,41.82,40.37,41.63,7511
BVN,20100922,41.90,42.43,41.34,42.00,4895
BVN,20100923,42.02,42.36,41.23,41.76,5327
BVN,20100924,42.28,42.39,41.48,41.85,4729
BVN,20100927,41.86,42.06,41.00,41.20,7417
BVN,20100928,41.23,43.95,40.98,43.80,9824
BVN,20100929,44.30,45.08,43.57,44.27,11035
BVN,20100930,44.74,45.20,43.70,45.18,15182
BVN,20101001,45.58,46.72,45.25,46.53,9061
BVN,20101004,46.26,46.26,44.67,45.06,8853
BVN,20101005,45.97,47.85,45.78,47.47,12262
BVN,20101006,47.60,48.54,46.96,48.31,7586
BVN,20101007,48.48,48.77,46.60,47.68,9948
BVN,20101008,47.48,48.57,46.97,48.32,9903
BVN,20101011,48.44,49.29,48.04,48.99,6477
BVN,20101012,48.62,49.31,48.01,49.16,13211
BVN,20101013,49.63,51.13,49.40,50.88,14072
BVN,20101014,50.58,52.17,50.48,51.05,12085
BVN,20101015,50.90,51.29,50.12,51.14,8861
BVN,20101018,50.72,51.93,50.59,51.63,5864
BVN,20101019,50.00,50.32,48.56,49.17,15169
BVN,20101020,49.56,50.96,49.30,50.43,9811
BVN,20101021,50.50,50.92,48.84,49.43,7971
BVN,20101022,49.49,50.41,49.03,50.35,4791
BVN,20101025,51.04,52.40,51.01,52.02,8868
BVN,20101026,51.28,52.48,51.27,52.08,6281
BVN,20101027,51.20,51.60,50.31,51.45,12226
BVN,20101028,51.92,52.28,51.20,51.73,11119
BVN,20101029,52.15,53.05,51.90,52.89,7883
BVN,20101101,53.96,54.16,53.03,53.68,4917
BVN,20101102,53.90,54.29,52.81,53.00,7899
BVN,20101103,53.27,53.30,51.47,52.01,15478
BVN,20101104,53.80,54.20,53.21,53.46,15591
BVN,20101105,53.47,54.56,53.37,54.20,9480
BVN,20101108,53.86,55.52,53.86,55.37,7091
BVN,20101109,56.49,57.20,52.91,53.40,13373
BVN,20101110,53.47,55.72,52.56,55.24,9559
BVN,20101111,55.57,56.05,54.02,55.92,5454
BVN,20101112,54.60,55.50,52.88,53.94,7110
BVN,20101115,53.99,54.09,52.80,52.90,5569
BVN,20101116,52.14,52.97,50.93,52.06,9319
BVN,20101117,52.07,53.14,51.81,52.54,9003
BVN,20101118,54.20,54.25,53.00,53.32,7455
BVN,20101119,52.77,54.00,52.47,53.55,5397
BVN,20101122,53.95,55.95,53.25,55.84,9888
BVN,20101123,55.47,56.13,54.53,54.65,8170
BVN,20101124,55.12,55.33,53.80,54.62,6798
BVN,20101126,53.33,54.07,53.11,53.74,4937
BVN,20101129,53.71,54.08,52.24,53.86,6786
BVN,20101130,52.32,53.08,50.26,50.64,39480
BVN,20101201,51.45,51.65,49.14,50.66,15241
BVN,20101202,51.00,52.08,50.85,51.30,6021
BVN,20101203,51.50,53.45,51.49,53.17,6760
BVN,20101206,53.57,54.20,52.81,53.32,6096
BVN,20101207,53.82,54.00,51.79,52.00,7411
BVN,20101208,51.81,53.17,51.41,51.63,7017
BVN,20101209,52.23,52.47,50.43,50.45,16479
BVN,20101210,50.43,50.51,49.05,49.98,11525
BVN,20101213,50.56,50.85,49.72,49.88,6955
BVN,20101214,49.89,50.19,49.34,49.53,9155
BVN,20101215,49.60,50.05,48.26,48.42,9360
BVN,20101216,48.12,48.30,46.64,47.70,19148
BVN,20101217,47.96,48.25,47.23,47.36,11906
BVN,20101220,47.69,48.53,47.00,48.27,8489
BVN,20101221,48.68,48.76,47.73,48.54,6201
BVN,20101222,48.06,48.63,47.51,47.96,6401
BVN,20101223,47.90,48.78,47.53,48.24,3798
BVN,20101227,48.03,48.10,47.15,47.52,2814
BVN,20101228,48.55,48.74,47.65,48.10,4372
BVN,20101229,48.06,49.19,48.02,48.91,6003
BVN,20101230,48.92,49.15,47.66,48.37,4848
BVN,20101231,48.51,49.00,48.13,48.96,4773
BVN,20110103,49.22,49.53,47.74,48.12,5506
BVN,20110104,47.70,47.70,45.76,46.22,7649
BVN,20110105,45.68,46.54,44.64,46.33,8601
BVN,20110106,46.13,46.98,44.81,45.06,7635
BVN,20110107,44.76,45.92,44.28,45.32,9289
BVN,20110110,45.55,45.60,44.05,44.29,846000
BVN,20110111,44.96,45.01,44.00,44.49,1488300
BVN,20110112,44.90,44.90,43.53,43.83,759600
BVN,20110113,44.28,44.28,42.61,43.06,761600
BVN,20110114,42.86,43.00,42.13,42.22,1232700
BVN,20110118,42.94,44.12,42.87,44.11,1734000
BVN,20110119,44.59,44.77,42.81,43.29,1420000
BVN,20110120,42.63,42.63,41.00,41.60,1914700
BVN,20110121,41.89,41.89,40.72,40.83,1760400
BVN,20110124,40.88,41.69,40.48,41.41,1551800
BVN,20110125,40.98,41.67,39.92,40.51,1951800
BVN,20110126,40.84,43.18,40.75,43.01,1855800
BVN,20110127,43.01,43.15,41.35,41.70,1593000
BVN,20110128,41.60,43.11,41.51,41.53,1200300
BVN,20110131,41.78,42.09,40.57,41.00,1627800
BVN,20110201,41.58,44.14,41.50,43.97,2721200
BVN,20110202,43.86,44.63,43.50,43.75,1492900
BVN,20110203,43.97,45.74,43.85,44.98,929600
BVN,20110204,44.81,45.70,43.69,43.91,713600
BVN,20110207,44.42,45.35,43.44,45.05,969100
BVN,20110208,45.19,45.95,43.95,44.38,897400
BVN,20110209,44.51,44.51,41.73,42.08,1273200
BVN,20110210,41.82,41.96,40.36,40.39,2502800
BVN,20110211,40.61,40.77,39.30,40.04,2476400
BVN,20110214,40.49,41.44,40.34,41.01,750600
BVN,20110215,41.25,42.87,41.21,42.66,1224500
BVN,20110216,42.80,43.10,42.01,42.33,766100
BVN,20110217,42.79,43.20,42.28,43.14,618200
BVN,20110218,43.26,46.12,43.26,44.84,2302000
BVN,20110222,45.50,46.58,45.12,45.40,2098000
BVN,20110223,45.75,46.19,45.15,46.17,1466200
BVN,20110224,46.20,48.45,45.28,45.64,2137700
BVN,20110225,46.56,46.95,45.26,45.63,663600
BVN,20110228,46.45,47.44,45.71,46.67,1084000
BVN,20110301,46.89,47.49,46.54,46.73,931700
BVN,20110302,47.14,47.48,46.67,47.35,1048800
BVN,20110303,46.98,47.30,45.16,45.88,1012300
BVN,20110304,46.52,46.92,45.64,46.06,566900
BVN,20110307,46.83,46.87,44.51,45.77,1065800
BVN,20110308,45.96,45.96,43.94,44.44,1048200
BVN,20110309,44.81,44.81,43.63,44.23,763300
BVN,20110310,43.69,43.69,41.93,41.95,1132700
BVN,20110311,41.96,43.99,41.30,43.53,825500
BVN,20110314,43.55,43.65,42.52,43.64,527100
BVN,20110315,41.70,43.42,41.03,43.24,951700
BVN,20110316,43.28,43.39,41.50,42.49,970100
BVN,20110317,42.61,43.11,41.69,41.94,912800
BVN,20110318,42.35,42.92,41.92,42.59,1480200
BVN,20110321,43.40,43.63,42.90,43.62,800800
BVN,20110322,43.43,43.51,42.40,43.36,617700
BVN,20110323,43.43,44.65,43.34,44.53,949100
BVN,20110324,44.76,46.08,44.65,46.01,2057300
BVN,20110325,45.52,45.87,43.57,43.63,1355600
BVN,20110328,44.02,44.02,41.60,41.89,1524300
BVN,20110329,42.03,42.49,41.60,41.91,776500
BVN,20110330,42.39,42.58,41.15,42.08,1069100
BVN,20110331,42.31,43.34,42.29,42.97,703300
BVN,20110401,42.90,43.05,41.50,42.63,1507600
BVN,20110404,43.05,43.10,42.00,42.05,851100
BVN,20110405,41.96,44.19,41.90,44.16,1614800
BVN,20110406,44.60,44.78,43.64,44.09,967500
BVN,20110407,44.21,44.45,42.55,42.77,1801400
BVN,20110408,43.37,44.71,43.00,43.45,1442400
BVN,20110411,43.07,43.50,41.50,41.77,1640100
BVN,20110412,41.51,41.60,39.32,39.50,1671300
BVN,20110413,40.11,40.35,38.28,38.82,1672000
BVN,20110414,38.49,39.27,37.67,38.96,3294800
BVN,20110415,38.81,39.65,38.30,39.21,998200
BVN,20110418,39.09,39.29,37.65,38.29,1404900
BVN,20110419,38.24,39.51,38.20,39.47,825600
BVN,20110420,40.10,40.84,39.41,39.67,2095400
BVN,20110421,40.05,40.41,39.74,40.15,629500
BVN,20110425,40.56,40.56,37.69,38.70,1146600
BVN,20110426,38.69,38.96,37.65,37.81,923500
