BXP,20090115,46.25,46.81,42.76,46.31,58530
BXP,20090116,47.49,48.33,44.76,48.05,39047
BXP,20090120,46.13,47.01,40.69,40.96,55643
BXP,20090121,41.75,43.81,40.49,43.15,70909
BXP,20090122,41.84,43.86,40.69,41.34,47898
BXP,20090123,39.95,44.05,39.50,43.38,40938
BXP,20090126,43.86,45.32,42.32,43.70,32165
BXP,20090127,44.48,45.30,43.00,43.85,25940
BXP,20090128,46.24,47.73,44.91,47.29,45932
BXP,20090129,46.99,48.67,43.85,44.26,52284
BXP,20090130,44.88,46.30,42.24,43.30,46824
BXP,20090202,42.19,44.03,41.40,43.80,37360
BXP,20090203,43.90,44.22,42.07,42.71,29727
BXP,20090204,42.97,44.13,41.97,42.40,27373
BXP,20090205,42.02,44.32,40.01,42.84,40863
BXP,20090206,43.49,47.24,43.34,46.93,46253
BXP,20090209,45.25,47.90,45.14,47.71,34217
BXP,20090210,46.75,46.75,42.58,43.13,47220
BXP,20090211,43.78,44.43,41.41,44.23,45519
BXP,20090212,42.95,44.31,40.49,43.88,47641
BXP,20090213,42.99,43.72,41.15,41.22,41890
BXP,20090217,39.71,40.07,36.73,37.45,59770
BXP,20090218,38.23,39.24,36.42,38.52,40392
BXP,20090219,39.76,40.12,36.50,36.88,36535
BXP,20090220,35.80,39.34,35.75,38.88,55340
BXP,20090223,39.61,39.61,35.44,35.73,43522
BXP,20090224,35.83,40.40,35.51,40.03,75924
BXP,20090225,39.50,42.24,37.56,40.00,60077
BXP,20090226,41.15,41.33,37.12,37.27,41618
BXP,20090227,35.91,38.95,35.91,37.09,63195
BXP,20090302,35.45,36.50,33.45,33.85,64074
BXP,20090303,34.54,35.02,32.17,33.59,52806
BXP,20090304,34.59,35.32,32.76,34.04,42833
BXP,20090305,32.66,33.42,31.12,31.49,52082
BXP,20090306,31.94,32.87,29.30,31.73,62873
BXP,20090309,31.23,32.71,30.80,32.50,48178
BXP,20090310,33.05,37.66,32.74,37.66,76439
BXP,20090311,37.90,37.91,35.72,36.65,54842
BXP,20090312,37.12,39.54,36.11,39.10,64598
BXP,20090313,39.31,39.56,36.03,37.64,44691
BXP,20090316,39.20,39.30,34.86,35.00,51391
BXP,20090317,34.83,38.50,34.40,38.36,57611
BXP,20090318,37.52,41.58,36.71,41.25,62625
BXP,20090319,42.26,42.80,39.00,39.42,48296
BXP,20090320,39.36,39.36,34.83,34.90,62789
BXP,20090323,36.70,40.63,35.92,40.28,76668
BXP,20090324,38.96,40.38,36.34,37.02,53781
BXP,20090325,37.17,38.33,33.74,36.78,60319
BXP,20090326,38.23,38.48,34.80,37.56,56874
BXP,20090327,35.02,35.71,34.37,34.54,43362
BXP,20090330,33.39,33.67,31.69,31.92,51324
BXP,20090331,32.60,35.20,32.15,35.03,67850
BXP,20090401,34.68,35.62,33.79,34.74,42365
BXP,20090402,36.00,37.68,35.50,37.10,64994
BXP,20090403,36.82,41.79,36.15,41.69,70150
BXP,20090406,40.92,41.47,38.78,40.18,56453
BXP,20090407,38.97,39.41,36.53,36.57,50499
BXP,20090408,37.23,37.64,36.26,37.33,45244
BXP,20090409,39.49,44.44,38.28,44.08,77154
BXP,20090413,43.01,44.90,42.13,43.77,56217
BXP,20090414,42.81,43.49,39.02,39.30,61888
BXP,20090415,39.37,43.21,38.81,42.87,62743
BXP,20090416,42.69,47.03,41.04,44.88,57032
BXP,20090417,45.04,48.53,44.26,47.17,70901
BXP,20090420,45.20,46.57,41.38,41.54,54291
BXP,20090421,40.47,46.36,40.21,45.87,70121
BXP,20090422,44.20,46.76,43.32,43.96,65545
BXP,20090423,44.39,46.32,42.84,46.06,45767
BXP,20090424,45.88,51.14,45.24,49.84,63470
BXP,20090427,48.57,49.21,44.21,45.80,50531
BXP,20090428,44.69,48.32,44.45,46.71,35230
BXP,20090429,47.26,49.37,46.79,48.49,41092
BXP,20090430,49.15,51.31,48.65,49.42,54938
BXP,20090501,48.66,49.06,46.03,46.53,38606
BXP,20090504,47.71,50.32,46.67,50.29,56394
BXP,20090505,50.04,50.22,48.13,48.56,38619
BXP,20090506,49.14,51.75,48.98,51.27,38827
BXP,20090507,51.27,51.92,47.59,48.77,51548
BXP,20090508,48.97,52.73,48.05,52.42,45451
BXP,20090511,51.07,51.50,49.76,50.05,36984
BXP,20090512,50.42,50.82,47.52,49.70,26968
BXP,20090513,48.69,49.04,45.14,45.54,44682
BXP,20090514,45.40,47.70,44.61,47.05,42190
BXP,20090515,46.07,46.77,44.32,44.97,38226
BXP,20090518,45.53,48.77,45.07,48.67,53535
BXP,20090519,48.27,49.08,46.88,47.23,29590
BXP,20090520,48.84,49.44,46.51,46.74,36824
BXP,20090521,45.65,47.69,45.31,46.59,35147
BXP,20090522,46.74,47.70,45.30,45.38,25094
BXP,20090526,45.19,48.46,44.36,48.15,39931
BXP,20090527,47.11,47.94,45.50,45.78,41260
BXP,20090528,46.29,47.37,45.03,47.19,33747
BXP,20090529,47.40,48.38,46.28,48.32,33061
BXP,20090601,49.36,51.40,48.44,49.88,40368
BXP,20090602,49.18,50.24,48.44,49.26,35468
BXP,20090603,48.82,50.53,48.82,50.31,31917
BXP,20090604,50.39,53.19,50.30,53.01,47841
BXP,20090605,50.64,51.22,49.80,50.32,155194
BXP,20090608,49.83,51.00,49.37,50.43,38583
BXP,20090609,51.52,52.10,50.01,50.88,34096
BXP,20090610,51.62,51.65,48.68,49.73,31781
BXP,20090611,49.76,50.24,48.72,48.89,29877
BXP,20090612,48.87,50.93,48.72,50.93,34975
BXP,20090615,50.38,50.38,48.30,48.54,38570
BXP,20090616,49.11,49.37,46.59,47.37,28370
BXP,20090617,47.19,48.14,46.08,46.30,27298
BXP,20090618,46.04,47.19,46.04,46.51,25241
BXP,20090619,47.71,47.71,46.20,47.32,37554
BXP,20090622,46.67,46.87,44.04,44.27,36798
BXP,20090623,44.39,45.99,44.02,45.20,32684
BXP,20090624,45.55,47.26,45.54,46.75,26745
BXP,20090625,46.25,47.29,46.16,47.25,25969
BXP,20090626,46.77,47.26,46.03,46.91,19462
BXP,20090629,47.03,47.29,46.12,46.55,22274
BXP,20090630,46.63,48.13,46.50,47.70,30084
BXP,20090701,48.02,48.67,47.70,48.07,15280
BXP,20090702,47.37,47.55,44.91,44.91,27642
BXP,20090706,44.80,46.82,44.50,46.77,27884
BXP,20090707,46.67,46.77,44.14,44.26,29197
BXP,20090708,44.39,45.05,42.74,43.94,32718
BXP,20090709,44.86,45.26,43.57,43.70,21266
BXP,20090710,43.55,44.02,42.62,43.62,14835
BXP,20090713,44.09,46.14,43.41,46.14,27690
BXP,20090714,46.02,46.52,44.73,46.13,20031
BXP,20090715,46.25,48.32,46.25,47.79,32741
BXP,20090716,47.55,48.65,46.80,48.21,19484
BXP,20090717,47.86,48.05,46.82,47.71,32080
BXP,20090720,48.01,50.00,48.01,49.91,28990
BXP,20090721,49.97,50.00,48.52,49.80,25224
BXP,20090722,49.03,51.07,47.97,50.84,31639
BXP,20090723,50.65,53.50,50.29,53.10,32309
BXP,20090724,52.67,53.37,51.67,53.23,20666
BXP,20090727,53.15,53.48,52.41,53.36,27269
BXP,20090728,52.81,53.47,52.71,53.20,25691
BXP,20090729,52.80,53.09,51.77,52.39,21831
BXP,20090730,53.09,54.39,52.63,53.53,34704
BXP,20090731,52.94,53.55,51.73,52.90,32930
BXP,20090803,53.42,54.23,53.02,53.95,24413
BXP,20090804,53.73,57.84,53.32,57.10,36088
BXP,20090805,56.65,60.43,56.17,60.29,36964
BXP,20090806,60.61,61.79,58.66,58.76,35297
BXP,20090807,59.51,62.98,58.71,62.22,32605
BXP,20090810,62.00,62.59,60.74,61.51,25321
BXP,20090811,61.08,61.19,59.00,59.80,24084
BXP,20090812,59.85,61.50,59.13,59.65,27440
BXP,20090813,60.04,60.39,58.59,59.27,18421
BXP,20090814,58.17,58.53,56.87,58.53,19573
BXP,20090817,56.91,56.91,54.61,54.96,27591
BXP,20090818,55.20,56.40,54.75,55.69,17596
BXP,20090819,54.98,55.82,54.46,55.37,16093
BXP,20090820,55.62,58.29,55.11,58.17,20352
BXP,20090821,58.39,60.82,58.24,59.40,20949
BXP,20090824,59.29,60.70,58.94,59.33,18537
BXP,20090825,59.63,60.96,59.33,59.56,20188
BXP,20090826,59.73,60.18,59.03,59.77,16306
BXP,20090827,59.66,60.83,58.44,60.81,17466
BXP,20090828,61.10,61.45,59.89,61.12,13056
BXP,20090831,60.44,61.00,59.78,60.58,23153
BXP,20090901,60.42,61.08,57.12,57.17,32373
BXP,20090902,56.90,57.27,56.05,56.17,18661
BXP,20090903,56.78,57.53,55.85,57.45,23973
BXP,20090904,57.50,58.31,56.55,58.15,13867
BXP,20090908,58.90,60.93,58.66,60.90,24047
BXP,20090909,60.88,62.31,60.27,62.21,20179
BXP,20090910,62.00,63.71,61.36,63.51,19462
BXP,20090911,63.65,64.67,63.00,63.34,23625
BXP,20090914,62.90,65.81,62.45,65.66,17733
BXP,20090915,65.77,67.76,64.23,66.35,31188
BXP,20090916,66.50,70.03,66.50,69.88,32406
BXP,20090917,69.95,72.23,68.87,69.89,25721
BXP,20090918,70.58,71.44,68.83,70.55,22966
BXP,20090921,68.38,69.79,67.42,68.16,17851
BXP,20090922,68.69,70.72,68.69,70.51,22072
BXP,20090923,70.39,70.67,67.25,67.25,23965
BXP,20090924,67.77,68.05,64.32,64.44,29246
BXP,20090925,63.94,66.18,63.34,65.60,23823
BXP,20090928,64.74,67.50,64.18,67.29,24911
BXP,20090929,67.55,68.26,65.48,65.67,21444
BXP,20090930,66.07,67.22,64.39,65.55,23582
BXP,20091001,65.24,65.52,61.81,61.88,30608
BXP,20091002,61.15,63.96,60.51,61.60,25465
BXP,20091005,62.15,64.20,61.89,63.77,18640
BXP,20091006,64.61,65.15,62.35,63.40,13439
BXP,20091007,63.27,63.85,62.05,63.01,11453
BXP,20091008,63.40,65.19,63.40,64.58,15822
BXP,20091009,64.60,65.71,63.88,65.67,13125
BXP,20091012,66.00,66.46,65.07,65.48,10834
BXP,20091013,64.89,65.40,64.00,64.36,11889
BXP,20091014,65.43,67.25,65.26,66.86,17986
BXP,20091015,66.37,66.67,65.54,66.32,12324
BXP,20091016,64.83,65.64,63.05,63.14,20864
BXP,20091019,63.51,64.03,63.06,63.89,18314
BXP,20091020,63.29,63.91,62.30,62.51,22460
BXP,20091021,62.40,63.55,61.35,61.45,19072
BXP,20091022,61.74,63.48,60.50,63.23,16270
BXP,20091023,63.36,63.38,62.32,62.66,22894
BXP,20091026,63.94,64.83,62.22,62.34,19172
BXP,20091027,62.44,62.69,60.67,60.91,21054
BXP,20091028,59.83,61.28,57.19,57.25,33514
BXP,20091029,58.24,61.31,58.24,61.09,26977
BXP,20091030,60.53,61.20,58.91,60.77,40826
BXP,20091102,60.94,62.44,59.08,60.99,23127
BXP,20091103,60.18,61.85,60.11,61.70,17248
BXP,20091104,62.43,63.24,60.14,60.29,21329
BXP,20091105,60.79,62.40,60.53,62.15,14282
BXP,20091106,61.42,62.09,59.94,60.06,16658
BXP,20091109,60.61,63.51,60.37,63.42,23957
BXP,20091110,63.00,64.10,62.62,63.60,15302
BXP,20091111,64.19,65.48,64.00,64.98,16060
BXP,20091112,64.89,65.30,64.30,64.49,17299
BXP,20091113,64.69,65.85,64.58,65.71,12716
BXP,20091116,66.18,67.71,65.98,67.48,21470
BXP,20091117,67.07,67.38,65.92,65.93,23334
BXP,20091118,66.13,67.48,65.66,67.31,13002
BXP,20091119,66.82,66.82,65.44,66.08,21191
BXP,20091120,65.56,65.80,65.19,65.50,19021
BXP,20091123,65.90,67.23,65.90,66.70,18717
BXP,20091124,66.87,66.87,65.67,65.88,23074
BXP,20091125,65.96,66.76,65.75,65.98,16190
BXP,20091127,63.99,65.13,63.30,63.79,9133
BXP,20091130,64.06,67.20,63.76,66.98,27548
BXP,20091201,67.45,68.70,67.01,67.97,20659
BXP,20091202,67.81,69.30,67.47,68.89,21714
BXP,20091203,69.34,70.51,68.53,68.74,21609
BXP,20091204,69.73,71.44,68.71,69.98,24521
BXP,20091207,69.52,69.91,67.13,67.63,19986
BXP,20091208,67.32,69.14,67.02,67.37,19444
BXP,20091209,67.63,68.39,67.12,67.45,13302
BXP,20091210,67.71,68.40,66.61,66.95,12273
BXP,20091211,67.57,67.89,66.85,67.80,13473
BXP,20091214,68.29,69.50,67.38,69.33,12163
BXP,20091215,68.98,69.40,68.36,68.64,11047
BXP,20091216,69.28,69.79,68.64,69.24,13854
BXP,20091217,68.80,69.52,68.33,69.15,14086
BXP,20091218,68.38,68.86,67.26,68.02,42360
BXP,20091221,68.23,69.31,68.13,68.95,11288
BXP,20091222,68.78,69.99,68.78,69.63,13036
BXP,20091223,69.74,71.29,69.62,69.91,12939
BXP,20091224,70.34,70.98,70.09,70.80,5353
BXP,20091228,71.01,71.73,70.04,70.33,18991
BXP,20091229,69.91,70.53,69.10,69.22,10097
BXP,20091230,68.87,69.40,68.48,69.31,9637
BXP,20091231,69.35,69.88,67.07,67.07,16598
BXP,20100104,67.59,68.33,66.53,67.10,15114
BXP,20100105,67.24,68.20,66.45,68.12,21737
BXP,20100106,68.23,68.94,68.03,68.44,18149
BXP,20100107,68.26,69.39,67.71,68.74,13290
BXP,20100108,68.26,68.64,67.09,67.85,10218
BXP,20100111,68.14,68.72,67.69,68.17,9744
BXP,20100112,67.71,68.09,66.71,67.49,13917
BXP,20100113,67.61,68.74,67.30,68.60,13841
BXP,20100114,68.43,68.78,67.80,68.31,9671
BXP,20100115,68.19,68.45,67.61,68.09,14219
BXP,20100119,68.26,69.62,67.84,69.53,17216
BXP,20100120,69.02,69.19,68.33,69.07,15913
BXP,20100121,68.88,69.30,65.58,65.84,25985
BXP,20100122,65.52,66.52,63.94,64.28,22893
BXP,20100125,65.25,65.57,63.59,65.10,15606
BXP,20100126,64.78,65.94,64.23,64.72,14369
BXP,20100127,64.26,65.44,63.35,65.07,23756
BXP,20100128,65.75,65.93,64.69,65.39,14404
BXP,20100129,65.81,66.25,64.23,64.87,17836
BXP,20100201,65.71,66.88,65.04,66.87,16395
BXP,20100202,67.71,68.01,66.56,67.80,20921
BXP,20100203,67.59,67.60,66.20,66.50,18693
BXP,20100204,65.97,66.12,63.38,63.44,23845
BXP,20100205,63.64,64.96,62.39,64.53,19974
BXP,20100208,64.65,65.14,62.74,62.90,14556
BXP,20100209,63.65,63.81,62.22,62.81,17137
BXP,20100210,62.72,63.28,61.50,62.49,15676
BXP,20100211,62.40,63.03,61.82,62.72,11970
BXP,20100212,62.08,63.47,61.78,63.40,13556
BXP,20100216,64.00,65.15,63.61,65.03,16981
BXP,20100217,65.23,65.68,64.92,65.39,10834
BXP,20100218,65.11,66.62,64.70,66.35,11843
BXP,20100219,65.91,66.77,65.38,66.57,12944
BXP,20100222,66.54,67.49,66.54,67.03,13111
BXP,20100223,66.70,67.00,65.68,65.95,15258
BXP,20100224,65.92,66.73,65.72,66.71,15979
BXP,20100225,65.93,67.49,65.62,67.42,13801
BXP,20100226,67.42,68.75,67.25,67.93,18421
BXP,20100301,68.24,68.74,67.84,68.28,12614
BXP,20100302,68.72,68.94,68.41,68.62,11734
BXP,20100303,68.78,69.00,68.32,68.67,9050
BXP,20100304,68.72,69.31,68.50,69.17,10568
BXP,20100305,69.66,71.26,69.34,71.14,13226
BXP,20100308,71.07,72.76,71.07,72.58,13414
BXP,20100309,72.23,73.76,71.92,72.49,15901
BXP,20100310,72.76,73.70,72.26,73.46,12096
BXP,20100311,73.03,73.76,72.75,73.72,11394
BXP,20100312,73.91,74.57,73.55,74.00,12594
BXP,20100315,73.86,74.33,72.94,74.06,11576
BXP,20100316,74.15,75.93,74.04,75.69,11946
BXP,20100317,76.07,77.35,75.86,77.14,13532
BXP,20100318,77.01,77.73,76.64,76.74,14338
BXP,20100319,76.89,77.60,75.88,75.89,18960
BXP,20100322,75.04,76.52,75.04,76.26,13480
BXP,20100323,76.26,76.47,75.33,76.03,10533
BXP,20100324,75.91,76.96,75.81,76.15,10460
BXP,20100325,76.76,78.22,76.62,76.73,13536
BXP,20100326,77.20,77.20,75.69,76.19,11923
BXP,20100329,75.63,76.25,75.43,76.25,9015
BXP,20100330,76.13,76.78,75.93,76.24,7911
BXP,20100331,75.69,76.18,75.18,75.44,9988
BXP,20100401,75.85,75.95,74.87,75.47,8672
BXP,20100405,75.76,77.79,75.52,77.79,9715
BXP,20100406,77.47,79.61,76.98,79.41,13089
BXP,20100407,79.37,79.52,77.00,77.24,12420
BXP,20100408,76.86,77.14,76.56,76.95,11223
BXP,20100409,77.13,78.43,76.95,78.35,10222
BXP,20100412,78.34,78.46,77.26,77.45,12316
BXP,20100413,77.38,80.28,77.22,79.97,11521
BXP,20100414,80.68,80.71,79.59,80.13,9524
BXP,20100415,79.84,80.24,77.95,78.04,12301
BXP,20100416,77.96,78.49,75.52,75.59,17538
BXP,20100419,75.16,76.61,74.87,76.09,9221
BXP,20100420,76.63,77.01,75.20,77.00,11101
BXP,20100421,76.93,78.41,76.59,77.94,11144
BXP,20100422,77.17,79.77,76.65,79.37,12645
BXP,20100423,79.53,81.00,79.04,80.11,15677
BXP,20100426,80.12,81.49,79.74,80.69,13149
BXP,20100427,79.96,80.41,78.10,78.12,26527
BXP,20100428,78.95,79.45,77.67,78.80,16294
BXP,20100429,79.48,83.42,79.41,83.39,21987
BXP,20100430,83.01,83.30,78.75,78.86,18116
BXP,20100503,79.87,82.34,79.42,81.51,19423
BXP,20100504,80.52,81.58,79.97,81.13,27264
BXP,20100505,79.67,81.87,78.95,80.72,21382
BXP,20100506,80.01,80.77,73.81,78.03,35357
BXP,20100507,78.31,79.56,75.38,76.09,29840
BXP,20100510,80.19,80.77,78.67,80.73,26475
BXP,20100511,79.64,82.48,79.27,81.16,18048
BXP,20100512,81.17,81.86,80.40,81.73,17995
BXP,20100513,81.37,82.33,80.65,80.76,12737
BXP,20100514,79.79,80.27,77.37,78.20,20424
BXP,20100517,78.71,79.84,76.04,78.45,16288
BXP,20100518,79.45,79.97,76.21,76.57,17377
BXP,20100519,76.18,77.86,74.18,76.05,18694
BXP,20100520,74.36,75.11,72.67,72.72,25791
BXP,20100521,71.31,75.60,71.31,75.50,26799
BXP,20100524,75.62,75.95,73.61,73.63,13322
BXP,20100525,71.69,74.89,70.94,74.83,24910
BXP,20100526,75.67,76.72,73.52,73.84,17691
BXP,20100527,75.55,78.23,74.90,78.12,18334
BXP,20100528,77.90,78.24,76.19,76.68,17527
BXP,20100601,76.63,77.75,75.67,75.91,18078
BXP,20100602,76.32,76.46,74.44,76.18,27395
BXP,20100603,76.03,76.55,75.05,75.66,19137
BXP,20100604,73.83,74.76,71.52,71.81,28153
BXP,20100607,72.20,73.95,71.84,72.12,19985
BXP,20100608,72.23,74.05,70.91,73.80,19867
BXP,20100609,74.40,76.45,74.18,74.62,20393
BXP,20100610,75.83,78.47,75.35,78.19,21816
BXP,20100611,77.20,79.10,77.14,79.02,15409
BXP,20100614,79.68,80.52,78.45,79.26,18525
BXP,20100615,79.52,81.23,79.04,81.08,16558
BXP,20100616,80.62,81.12,79.87,80.45,13847
BXP,20100617,80.61,80.79,79.54,79.97,16349
BXP,20100618,80.30,80.42,79.66,80.09,16139
BXP,20100621,81.37,81.80,79.22,79.39,12866
BXP,20100622,79.70,79.77,76.27,76.36,17582
BXP,20100623,76.67,77.51,75.42,76.53,13488
BXP,20100624,76.05,76.36,74.12,74.24,16561
BXP,20100625,74.63,76.99,74.37,76.74,16711
BXP,20100628,76.27,76.44,74.49,74.65,12421
BXP,20100629,73.67,73.93,71.82,72.34,22588
BXP,20100630,72.09,73.49,71.07,71.34,16302
BXP,20100701,71.52,71.93,69.84,71.25,15926
BXP,20100702,71.30,71.85,69.50,69.70,12420
BXP,20100706,71.26,72.08,68.47,69.08,24048
BXP,20100707,69.46,72.84,69.08,72.77,21300
BXP,20100708,73.78,74.37,72.33,73.85,15534
BXP,20100709,73.85,75.29,73.68,75.23,12616
BXP,20100712,74.84,75.75,74.15,75.51,8670
BXP,20100713,76.62,77.66,76.07,77.38,13556
BXP,20100714,76.80,77.62,75.93,77.01,9639
BXP,20100715,77.08,77.50,75.35,77.31,9537
BXP,20100716,76.56,76.95,74.03,74.71,17893
BXP,20100719,74.80,76.68,73.93,76.25,14976
BXP,20100720,75.05,78.04,74.68,77.97,18282
BXP,20100721,78.36,78.50,75.74,76.08,13517
BXP,20100722,77.16,79.78,76.53,79.14,17098
BXP,20100723,78.58,80.10,77.62,79.97,13992
BXP,20100726,80.14,81.86,79.46,81.75,11619
BXP,20100727,82.20,82.50,80.37,81.63,13711
BXP,20100728,81.27,82.56,80.86,81.54,12277
BXP,20100729,81.89,82.18,80.27,81.10,15570
BXP,20100730,80.14,82.36,79.94,81.90,16314
BXP,20100802,83.63,85.66,82.99,85.08,25297
BXP,20100803,84.60,84.72,83.18,84.11,17328
BXP,20100804,84.33,85.92,84.00,85.65,16506
BXP,20100805,85.02,85.70,84.48,84.89,12019
BXP,20100806,84.10,84.89,83.26,84.73,8900
BXP,20100809,85.45,86.08,84.45,85.87,9597
BXP,20100810,84.88,85.61,83.79,84.59,11151
BXP,20100811,83.20,84.16,82.34,82.86,13876
BXP,20100812,81.75,82.86,81.28,81.32,13005
BXP,20100813,81.34,82.00,80.99,81.02,12807
BXP,20100816,80.46,81.61,80.00,81.04,9767
BXP,20100817,81.86,84.38,81.37,83.65,14269
BXP,20100818,83.71,84.00,82.72,83.17,11490
BXP,20100819,82.83,82.83,80.53,81.24,15228
BXP,20100820,80.82,81.45,80.28,81.23,8152
BXP,20100823,81.73,82.36,81.42,81.53,10243
BXP,20100824,80.59,80.98,79.64,79.94,15244
BXP,20100825,79.48,81.73,79.21,81.39,9518
BXP,20100826,81.61,82.06,80.48,80.65,12886
BXP,20100827,81.09,82.21,79.38,81.72,13436
BXP,20100830,81.12,82.17,81.03,81.06,8798
BXP,20100831,80.87,81.93,80.42,81.40,11894
BXP,20100901,82.89,84.79,82.19,84.47,16228
BXP,20100902,84.73,86.54,84.61,86.42,19222
BXP,20100903,87.47,88.37,86.67,87.85,15089
BXP,20100907,87.35,87.57,86.45,86.52,9922
BXP,20100908,86.00,87.04,85.86,86.80,10942
BXP,20100909,87.96,88.16,84.97,85.10,14473
BXP,20100910,85.50,86.10,84.71,85.20,12514
BXP,20100913,85.86,86.32,85.49,86.26,11671
BXP,20100914,85.99,86.89,85.31,86.40,8594
BXP,20100915,85.69,87.55,85.51,87.50,8715
BXP,20100916,87.35,87.42,86.33,86.77,6159
BXP,20100917,87.25,87.37,86.41,87.10,8738
BXP,20100920,87.68,89.25,87.25,88.88,11411
BXP,20100921,88.60,89.26,87.90,88.01,15614
BXP,20100922,87.83,88.24,86.07,86.54,13689
BXP,20100923,85.49,85.92,83.70,83.98,16905
BXP,20100924,85.12,86.03,84.83,85.78,13896
BXP,20100927,85.82,85.84,84.46,85.03,8925
BXP,20100928,84.87,85.21,83.23,84.96,12281
BXP,20100929,84.78,84.81,83.12,83.48,10784
BXP,20100930,84.20,84.95,82.63,83.12,18294
BXP,20101001,83.97,83.99,82.71,83.64,12135
BXP,20101004,83.50,84.03,82.90,83.57,10065
BXP,20101005,84.32,85.21,83.62,85.08,12980
BXP,20101006,84.64,85.00,84.05,84.81,9741
BXP,20101007,85.35,85.68,84.61,84.99,7047
BXP,20101008,84.62,85.18,84.20,84.86,10185
BXP,20101011,85.10,85.41,84.63,85.07,6356
BXP,20101012,84.83,85.99,84.36,85.85,7978
BXP,20101013,86.39,87.54,86.02,86.83,12581
BXP,20101014,86.71,87.34,86.27,87.17,10195
BXP,20101015,87.95,87.99,86.62,86.96,9399
BXP,20101018,86.64,88.46,86.20,88.45,14361
BXP,20101019,87.36,88.99,87.11,87.81,15831
BXP,20101020,88.56,90.88,87.96,89.89,16744
BXP,20101021,90.00,91.23,89.47,90.14,8732
BXP,20101022,90.20,91.04,89.56,90.50,8815
BXP,20101025,91.05,91.45,90.48,90.73,8537
BXP,20101026,90.04,90.23,89.18,89.87,10229
BXP,20101027,88.82,89.23,86.69,87.34,18907
BXP,20101028,87.95,88.06,86.05,86.25,11214
BXP,20101029,85.87,86.36,85.73,86.19,11531
BXP,20101101,86.76,86.93,85.85,86.32,10141
BXP,20101102,86.96,87.50,86.53,87.40,8107
BXP,20101103,87.43,87.88,86.80,87.35,8694
BXP,20101104,88.39,88.78,87.74,88.64,12283
BXP,20101105,88.56,90.51,88.40,90.15,11187
BXP,20101108,89.71,90.20,88.98,89.33,7508
BXP,20101109,88.97,89.03,84.76,85.37,21468
BXP,20101110,85.47,86.50,85.37,86.32,9587
BXP,20101111,85.76,86.62,85.05,85.07,8508
BXP,20101112,84.83,85.31,83.94,84.70,8873
BXP,20101115,85.52,85.81,83.69,83.77,9192
BXP,20101116,83.16,83.71,81.02,81.56,15058
BXP,20101117,81.72,82.48,81.39,82.26,10078
BXP,20101118,83.87,84.19,83.25,83.53,14796
BXP,20101119,83.53,84.30,82.82,84.12,9378
BXP,20101122,83.68,84.59,83.42,84.06,7689
BXP,20101123,83.10,83.84,82.81,83.47,9128
BXP,20101124,84.09,85.12,83.85,84.96,8471
BXP,20101126,84.37,84.72,83.99,84.33,3750
BXP,20101129,83.68,84.45,82.60,84.19,7278
BXP,20101130,83.30,84.50,83.01,83.80,12654
BXP,20101201,85.12,85.22,84.03,84.91,9089
BXP,20101202,84.92,86.32,84.68,86.12,9054
BXP,20101203,85.78,86.37,85.30,86.19,5805
BXP,20101206,85.62,86.81,85.08,86.41,7396
BXP,20101207,87.27,87.33,86.10,86.41,7170
BXP,20101208,86.25,86.48,84.03,84.51,11808
BXP,20101209,85.25,85.39,82.65,82.70,13912
BXP,20101210,82.97,83.43,82.51,83.37,7991
BXP,20101213,83.64,84.45,83.26,84.05,7371
BXP,20101214,83.90,84.10,82.15,82.66,11069
BXP,20101215,82.28,83.14,81.90,81.95,11391
BXP,20101216,81.91,82.52,81.11,82.06,7926
BXP,20101217,82.29,83.25,81.78,83.12,17484
BXP,20101220,83.33,84.38,83.32,84.19,7987
BXP,20101221,84.43,84.86,83.83,84.74,9955
BXP,20101222,84.75,86.18,84.74,85.56,6751
BXP,20101223,85.69,86.12,85.37,85.41,5135
BXP,20101227,85.31,86.60,84.94,86.59,3311
BXP,20101228,86.55,87.00,86.02,86.89,5097
BXP,20101229,86.69,86.80,85.83,86.51,6986
BXP,20101230,86.65,86.85,86.40,86.53,5483
BXP,20101231,86.53,86.98,86.03,86.10,7458
BXP,20110103,86.86,89.32,86.84,89.18,15055
BXP,20110104,89.47,89.58,86.20,86.50,19072
BXP,20110105,86.18,87.42,85.94,87.08,10747
BXP,20110106,87.10,87.36,85.64,85.87,15624
BXP,20110107,86.11,86.73,84.21,84.93,17024
BXP,20110110,84.57,85.09,83.90,84.68,1387300
BXP,20110111,84.82,85.54,84.12,84.66,941800
BXP,20110112,85.02,86.63,85.01,86.46,1344200
BXP,20110113,86.60,87.43,86.21,87.21,991100
BXP,20110114,87.43,89.50,87.21,89.47,1646500
BXP,20110118,89.23,90.97,89.16,90.58,1386400
BXP,20110119,90.41,90.70,89.39,89.63,1517600
BXP,20110120,89.55,90.77,89.47,89.95,1464500
BXP,20110121,89.99,90.29,89.28,90.29,1188800
BXP,20110124,90.33,91.29,89.95,90.52,1068500
BXP,20110125,90.11,91.29,89.83,91.26,1150500
BXP,20110126,93.62,93.80,91.75,92.33,1157300
BXP,20110127,92.99,93.76,92.66,93.72,1216600
BXP,20110128,93.61,94.26,92.44,92.71,1117600
BXP,20110131,93.03,94.94,93.03,94.37,987200
BXP,20110201,94.92,95.12,93.12,93.77,1105300
BXP,20110202,93.48,94.26,93.18,93.41,957200
BXP,20110203,93.40,94.21,92.88,93.98,816700
BXP,20110204,93.87,94.13,92.93,93.34,1047500
BXP,20110207,93.76,94.92,93.32,94.69,1201400
BXP,20110208,94.76,95.53,94.57,94.87,1196100
BXP,20110209,94.32,95.00,94.18,94.75,1073900
BXP,20110210,94.35,95.78,94.35,95.37,1146600
BXP,20110211,95.10,96.34,95.06,95.90,1040700
BXP,20110214,95.90,96.22,94.56,95.37,653200
BXP,20110215,94.83,96.27,94.52,95.47,938100
BXP,20110216,95.91,96.59,94.85,95.21,792400
BXP,20110217,95.02,95.05,94.39,94.51,804100
BXP,20110218,94.25,95.27,94.14,94.99,933500
BXP,20110222,94.27,95.77,93.88,94.00,1392500
BXP,20110223,94.13,94.53,92.52,93.00,1385500
BXP,20110224,92.73,93.78,92.06,92.45,1108700
BXP,20110225,93.12,94.01,93.04,93.73,1468900
BXP,20110228,93.99,96.36,93.96,95.92,1542000
BXP,20110301,96.10,96.15,93.40,93.65,1375300
BXP,20110302,93.73,93.80,92.08,92.69,1127300
BXP,20110303,93.62,94.05,93.24,94.02,1072000
BXP,20110304,93.74,94.04,92.23,92.73,770900
BXP,20110307,93.06,93.56,91.80,92.34,588500
BXP,20110308,92.55,93.82,92.55,93.37,983400
BXP,20110309,93.32,94.00,92.68,93.45,1004300
BXP,20110310,92.27,93.02,91.44,91.57,1222400
BXP,20110311,91.21,93.48,91.07,93.23,951200
BXP,20110314,92.59,92.86,91.97,92.04,1035600
BXP,20110315,89.89,93.03,89.82,91.96,1577100
BXP,20110316,91.84,92.01,89.93,90.41,1227800
BXP,20110317,91.78,91.94,90.73,91.66,827200
BXP,20110318,92.91,93.13,91.48,91.52,1535500
BXP,20110321,92.56,93.06,91.93,92.38,847100
BXP,20110322,92.52,92.96,91.87,92.20,884400
BXP,20110323,92.01,92.26,90.01,91.00,863600
BXP,20110324,91.35,91.66,90.24,91.43,1097500
BXP,20110325,91.83,92.98,91.52,92.89,959000
BXP,20110328,93.00,93.72,92.88,93.20,1222600
BXP,20110329,92.78,93.80,92.40,93.52,1759800
BXP,20110330,93.82,94.12,93.30,93.94,1244100
BXP,20110331,93.80,94.95,93.57,94.85,776600
BXP,20110401,95.53,96.64,95.17,96.54,1567300
BXP,20110404,96.52,97.04,96.31,96.63,776400
BXP,20110405,96.35,96.98,96.24,96.61,475600
BXP,20110406,96.73,97.05,95.80,95.87,797300
BXP,20110407,95.84,96.05,94.49,94.85,1078800
BXP,20110408,95.41,95.48,93.70,93.91,760100
BXP,20110411,94.25,94.92,94.22,94.77,607000
BXP,20110412,94.35,95.11,94.19,94.44,950800
BXP,20110413,94.73,95.10,93.75,94.06,729200
BXP,20110414,93.38,96.23,93.29,95.77,1119700
BXP,20110415,95.88,97.16,95.88,97.14,860100
BXP,20110418,96.07,96.54,95.61,96.31,877500
BXP,20110419,96.33,97.16,95.82,97.16,918100
BXP,20110420,98.37,98.37,97.08,98.12,836400
BXP,20110421,98.39,98.95,97.51,98.91,777100
BXP,20110425,99.00,100.45,98.63,100.22,844500
BXP,20110426,100.66,101.70,99.96,100.95,996700
