BYI,20090115,20.94,22.78,20.31,21.94,10607
BYI,20090116,22.23,22.28,21.25,21.70,8716
BYI,20090120,21.49,21.49,19.19,19.65,12700
BYI,20090121,20.00,20.63,19.52,20.34,12015
BYI,20090122,19.92,22.23,19.92,21.63,17235
BYI,20090123,20.96,22.38,20.53,21.83,6310
BYI,20090126,21.94,23.47,21.77,22.38,10363
BYI,20090127,22.59,23.48,22.30,22.63,6823
BYI,20090128,23.09,24.10,23.04,23.66,7347
BYI,20090129,23.37,23.37,21.69,21.85,7542
BYI,20090130,22.06,22.30,19.97,20.19,16219
BYI,20090202,20.03,20.77,19.56,19.87,8950
BYI,20090203,20.17,20.17,18.25,18.25,18886
BYI,20090204,20.45,21.17,19.50,20.26,35992
BYI,20090205,20.10,21.02,19.61,20.78,12954
BYI,20090206,20.69,22.57,20.52,22.09,12413
BYI,20090209,22.35,23.16,21.65,22.56,10020
BYI,20090210,22.26,23.04,21.35,21.99,14357
BYI,20090211,22.07,22.30,20.97,21.66,14828
BYI,20090212,21.37,22.31,20.99,22.15,10216
BYI,20090213,21.96,22.57,21.42,21.63,5772
BYI,20090217,20.71,21.55,20.23,21.00,10947
BYI,20090218,21.27,21.38,20.04,20.37,13163
BYI,20090219,20.63,20.70,19.75,19.79,9042
BYI,20090220,19.37,20.64,18.91,20.10,16691
BYI,20090223,20.26,20.65,19.45,19.68,11148
BYI,20090224,20.08,20.35,18.93,19.33,43110
BYI,20090225,19.08,19.83,18.81,19.14,15908
BYI,20090226,19.80,20.16,18.99,19.22,11115
BYI,20090227,18.88,19.31,18.55,18.60,8768
BYI,20090302,18.15,18.15,16.90,17.15,12653
BYI,20090303,17.24,17.88,16.64,17.13,12066
BYI,20090304,17.44,17.59,15.41,15.51,26644
BYI,20090305,15.19,15.30,14.00,14.41,34600
BYI,20090306,14.67,14.88,12.91,13.47,25218
BYI,20090309,13.51,14.28,13.11,13.53,16232
BYI,20090310,13.80,16.19,13.80,16.12,20545
BYI,20090311,16.22,16.48,15.71,16.06,9821
BYI,20090312,15.91,17.64,15.88,17.33,13469
BYI,20090313,17.50,17.72,16.75,17.27,9063
BYI,20090316,17.43,17.91,16.27,16.33,6960
BYI,20090317,16.35,17.37,15.90,17.37,6956
BYI,20090318,17.20,18.01,16.77,17.86,11297
BYI,20090319,18.12,18.22,17.40,17.77,8124
BYI,20090320,18.00,18.08,15.80,16.22,15322
BYI,20090323,16.74,18.28,16.41,18.28,12226
BYI,20090324,17.97,18.55,17.83,17.94,10891
BYI,20090325,18.19,19.24,18.09,18.91,15123
BYI,20090326,19.21,19.52,18.78,19.26,10029
BYI,20090327,18.76,18.87,18.24,18.40,13088
BYI,20090330,17.72,18.26,17.49,18.00,9320
BYI,20090331,18.26,18.79,17.87,18.42,11390
BYI,20090401,17.64,19.15,17.64,18.93,6684
BYI,20090402,19.55,21.28,19.46,20.08,13684
BYI,20090403,20.06,22.17,19.67,22.10,18553
BYI,20090406,21.70,22.60,21.42,21.82,10893
BYI,20090407,21.40,21.65,20.28,20.31,7630
BYI,20090408,20.45,21.22,20.45,20.99,6542
BYI,20090409,21.65,23.15,21.20,23.08,10891
BYI,20090413,22.73,23.12,22.45,22.83,9853
BYI,20090414,22.43,23.15,22.43,22.85,10129
BYI,20090415,22.71,23.29,22.50,22.95,5432
BYI,20090416,23.00,24.28,22.64,24.04,8726
BYI,20090417,24.00,24.94,24.00,24.84,7841
BYI,20090420,24.20,24.72,22.62,22.85,9554
BYI,20090421,22.69,24.29,22.52,23.94,10232
BYI,20090422,23.52,26.12,23.52,23.71,23585
BYI,20090423,23.65,24.98,22.92,24.87,12792
BYI,20090424,25.09,26.06,24.67,25.62,15174
BYI,20090427,24.95,25.88,24.00,24.24,9648
BYI,20090428,24.11,25.38,24.10,25.00,11403
BYI,20090429,25.35,26.79,25.34,26.48,12002
BYI,20090430,26.86,27.58,26.15,26.18,10556
BYI,20090501,26.16,26.64,25.90,26.38,11549
BYI,20090504,26.56,27.64,26.47,27.63,8477
BYI,20090505,27.71,28.76,27.70,28.45,13234
BYI,20090506,28.77,29.26,28.04,29.23,13370
BYI,20090507,29.47,29.70,28.16,28.52,10813
BYI,20090508,28.00,28.27,25.78,27.24,21951
BYI,20090511,26.59,28.12,26.42,27.40,9169
BYI,20090512,27.54,27.80,25.54,26.22,11850
BYI,20090513,25.12,25.64,23.85,23.88,15280
BYI,20090514,23.76,25.21,23.51,25.04,12426
BYI,20090515,24.94,25.67,24.51,24.81,6325
BYI,20090518,25.12,27.17,24.71,27.11,10361
BYI,20090519,27.04,27.95,26.87,27.16,10888
BYI,20090520,27.37,27.88,26.96,27.03,11557
BYI,20090521,26.53,26.82,25.80,26.47,9011
BYI,20090522,26.59,26.66,25.70,25.74,5027
BYI,20090526,25.68,26.97,25.53,26.84,11365
BYI,20090527,26.71,28.00,26.30,27.27,11365
BYI,20090528,26.40,26.99,25.44,26.87,16626
BYI,20090529,26.98,28.00,26.58,28.00,7210
BYI,20090601,27.87,29.77,27.87,29.12,11060
BYI,20090602,28.94,29.23,27.93,29.10,11532
BYI,20090603,28.82,29.37,28.34,28.67,7397
BYI,20090604,28.95,29.16,28.15,28.99,6530
BYI,20090605,29.25,29.51,28.43,28.61,5318
BYI,20090608,28.43,28.67,27.36,28.03,6264
BYI,20090609,28.30,28.56,27.73,28.28,3884
BYI,20090610,28.43,28.96,27.20,27.97,5889
BYI,20090611,28.15,28.96,27.79,28.61,7335
BYI,20090612,28.41,28.45,26.79,27.79,10708
BYI,20090615,28.04,28.78,26.49,27.66,9588
BYI,20090616,27.75,27.98,26.42,26.68,7843
BYI,20090617,26.77,28.03,26.07,27.29,10341
BYI,20090618,27.38,28.03,26.81,27.56,5994
BYI,20090619,28.13,29.40,27.82,28.68,9228
BYI,20090622,28.34,28.66,27.60,28.20,9161
BYI,20090623,28.45,28.76,27.60,28.00,6138
BYI,20090624,28.45,29.06,28.18,28.63,7611
BYI,20090625,28.45,30.00,28.17,30.00,9601
BYI,20090626,29.87,30.55,29.41,30.48,10461
BYI,20090629,30.52,30.58,29.85,30.17,7107
BYI,20090630,30.29,30.48,29.33,29.92,5209
BYI,20090701,30.28,30.97,29.95,30.64,15166
BYI,20090702,29.94,30.32,29.67,29.67,9443
BYI,20090706,29.43,29.65,28.17,29.05,6409
BYI,20090707,28.94,29.05,28.39,28.44,4885
BYI,20090708,28.52,28.75,27.38,27.79,8431
BYI,20090709,28.00,28.86,27.57,28.32,5263
BYI,20090710,28.06,29.36,27.69,29.32,6250
BYI,20090713,29.56,30.15,29.06,30.03,6803
BYI,20090714,30.10,31.89,30.00,31.55,11836
BYI,20090715,31.81,33.34,31.81,32.41,12392
BYI,20090716,32.30,33.73,31.76,33.59,9237
BYI,20090717,33.75,34.26,33.59,33.68,8362
BYI,20090720,33.81,35.37,33.81,34.92,7621
BYI,20090721,34.94,35.25,33.87,34.61,8889
BYI,20090722,34.60,35.75,34.18,35.29,7290
BYI,20090723,35.16,37.78,35.00,37.73,17545
BYI,20090724,36.96,37.79,35.72,36.28,11844
BYI,20090727,36.27,36.93,35.97,36.93,7130
BYI,20090728,36.73,36.91,35.97,36.67,5328
BYI,20090729,36.25,36.25,35.12,35.37,6870
BYI,20090730,34.52,36.98,34.52,36.28,6387
BYI,20090731,35.98,36.72,35.64,36.21,6184
BYI,20090803,36.78,38.45,36.69,38.00,7769
BYI,20090804,37.60,39.05,37.60,38.85,8440
BYI,20090805,38.85,39.38,38.05,38.50,4482
BYI,20090806,38.81,38.89,37.83,38.42,5060
BYI,20090807,39.01,40.06,38.74,39.14,15826
BYI,20090810,38.94,39.87,38.59,38.98,9718
BYI,20090811,38.69,38.96,37.95,38.12,12679
BYI,20090812,38.05,39.78,37.59,37.61,16692
BYI,20090813,38.00,39.57,37.31,39.21,15550
BYI,20090814,38.95,39.19,37.92,38.23,5385
BYI,20090817,37.40,37.63,36.71,36.84,4719
BYI,20090818,37.00,38.55,37.00,37.28,5303
BYI,20090819,36.92,37.15,36.41,37.07,6539
BYI,20090820,37.07,37.82,36.75,37.72,5829
BYI,20090821,38.12,39.85,37.79,39.80,9883
BYI,20090824,40.00,40.64,39.19,39.31,7790
BYI,20090825,39.78,40.33,39.60,39.94,5793
BYI,20090826,39.77,40.75,39.52,40.22,7284
BYI,20090827,40.19,41.05,39.38,40.99,9636
BYI,20090828,41.12,41.66,40.49,40.56,6222
BYI,20090831,40.07,40.61,39.02,40.43,7175
BYI,20090901,40.11,41.44,38.65,39.21,6110
BYI,20090902,38.98,39.68,38.76,38.87,6116
BYI,20090903,39.21,39.75,39.03,39.60,4198
BYI,20090904,39.61,40.35,39.23,40.18,3540
BYI,20090908,40.47,41.10,40.35,40.91,7903
BYI,20090909,40.84,42.58,40.75,41.56,10788
BYI,20090910,41.58,42.09,40.86,42.06,6130
BYI,20090911,42.10,42.31,40.47,40.58,9495
BYI,20090914,40.31,40.94,39.63,40.87,5483
BYI,20090915,40.77,41.22,39.46,40.31,7012
BYI,20090916,40.51,40.79,39.65,40.09,5997
BYI,20090917,40.13,40.38,38.59,39.02,8094
BYI,20090918,39.00,39.48,37.44,38.05,15056
BYI,20090921,37.73,38.31,37.01,37.25,9103
BYI,20090922,37.68,38.51,37.55,37.94,6625
BYI,20090923,38.14,38.25,37.34,37.42,7474
BYI,20090924,37.50,37.72,36.51,36.70,6308
BYI,20090925,36.46,37.14,36.35,36.87,5655
BYI,20090928,37.18,38.08,36.68,37.92,5647
BYI,20090929,37.95,39.07,37.74,38.53,6890
BYI,20090930,38.68,38.81,37.42,38.37,7597
BYI,20091001,38.25,38.25,36.08,36.11,8623
BYI,20091002,35.51,36.21,35.12,35.45,10874
BYI,20091005,35.75,37.13,35.55,37.06,9071
BYI,20091006,37.44,37.95,37.32,37.88,5293
BYI,20091007,37.59,38.61,37.52,38.57,5903
BYI,20091008,38.85,41.00,38.75,40.10,23079
BYI,20091009,40.00,41.22,39.83,41.03,6643
BYI,20091012,41.32,42.18,40.78,41.24,5412
BYI,20091013,41.23,41.53,40.48,41.14,3843
BYI,20091014,41.89,42.97,41.83,42.80,8758
BYI,20091015,42.51,43.12,42.23,43.01,7995
BYI,20091016,42.74,43.07,42.27,42.54,5825
BYI,20091019,42.84,43.17,41.68,42.75,3889
BYI,20091020,42.61,42.72,41.24,41.47,5885
BYI,20091021,41.21,42.93,41.04,42.01,10973
BYI,20091022,42.05,44.57,41.27,43.96,14945
BYI,20091023,44.26,45.26,44.14,44.33,15235
BYI,20091026,44.23,45.32,42.81,43.08,8766
BYI,20091027,42.79,42.79,39.75,40.43,19121
BYI,20091028,40.23,40.45,37.95,38.05,11336
BYI,20091029,38.48,40.01,38.48,38.76,12639
BYI,20091030,38.48,42.44,38.48,39.39,21545
BYI,20091102,39.62,41.64,38.59,41.09,14750
BYI,20091103,40.61,41.79,39.79,41.69,11314
BYI,20091104,42.36,43.87,42.14,42.41,17653
BYI,20091105,43.01,43.69,41.88,42.34,9106
BYI,20091106,41.90,43.70,41.46,43.39,7743
BYI,20091109,44.02,44.95,44.02,44.52,8547
BYI,20091110,44.18,44.61,43.10,43.80,9093
BYI,20091111,44.29,44.58,43.09,43.85,7357
BYI,20091112,43.87,44.04,42.13,42.48,9191
BYI,20091113,42.45,43.49,41.75,43.48,9587
BYI,20091116,44.05,44.25,42.59,44.14,13420
BYI,20091117,43.82,44.66,43.22,44.61,8049
BYI,20091118,44.67,44.88,43.24,43.72,9014
BYI,20091119,43.22,43.22,41.47,42.41,8140
BYI,20091120,42.08,42.74,41.84,42.41,7660
BYI,20091123,43.20,43.61,42.40,42.58,6682
BYI,20091124,42.50,42.72,41.79,42.27,5685
BYI,20091125,42.50,43.54,42.00,43.30,4672
BYI,20091127,41.91,43.08,41.05,41.99,3391
BYI,20091130,41.87,42.08,40.94,41.53,10229
BYI,20091201,42.09,42.96,41.95,42.35,6213
BYI,20091202,42.38,43.33,41.73,42.16,6836
BYI,20091203,42.50,43.15,41.75,41.82,5324
BYI,20091204,42.54,43.41,41.72,42.51,7588
BYI,20091207,42.50,42.88,42.30,42.52,3168
BYI,20091208,42.18,42.74,41.65,42.47,3142
BYI,20091209,42.38,42.52,41.75,42.23,3969
BYI,20091210,42.57,42.75,41.96,42.00,4101
BYI,20091211,42.39,42.58,41.26,41.40,6671
BYI,20091214,41.75,41.92,40.90,41.30,7484
BYI,20091215,41.29,41.68,40.61,41.24,5663
BYI,20091216,41.51,42.21,41.19,41.22,4783
BYI,20091217,41.05,41.80,40.44,41.36,5119
BYI,20091218,41.48,42.31,41.26,41.49,8601
BYI,20091221,41.70,41.96,41.30,41.34,3570
BYI,20091222,41.54,41.67,40.50,40.68,4598
BYI,20091223,40.81,41.36,40.50,41.16,4371
BYI,20091224,41.12,41.45,40.65,40.80,1095
BYI,20091228,41.06,41.46,40.83,41.00,2431
BYI,20091229,41.08,41.29,40.46,40.89,5828
BYI,20091230,40.83,41.33,40.65,40.98,3652
BYI,20091231,41.08,41.75,40.96,41.29,4707
BYI,20100104,41.93,43.57,41.72,43.47,9931
BYI,20100105,43.54,45.00,43.29,44.00,10946
BYI,20100106,43.87,44.37,43.67,43.81,3857
BYI,20100107,43.85,44.19,43.32,43.66,4958
BYI,20100108,43.38,44.27,43.19,44.27,5216
BYI,20100111,44.39,44.84,43.17,44.66,7467
BYI,20100112,44.27,44.31,42.80,43.02,7252
BYI,20100113,43.08,44.03,42.40,43.89,4883
BYI,20100114,43.66,44.60,43.58,44.47,5378
BYI,20100115,44.60,46.17,44.51,45.00,12549
BYI,20100119,44.82,46.74,44.36,46.56,9170
BYI,20100120,46.30,46.71,44.77,45.59,7159
BYI,20100121,45.53,46.29,44.77,45.57,9670
BYI,20100122,45.68,45.70,43.69,44.06,9046
BYI,20100125,44.55,44.55,43.18,44.26,6527
BYI,20100126,43.89,44.33,43.17,43.23,5206
BYI,20100127,42.88,42.88,41.71,42.60,14799
BYI,20100128,42.60,43.48,40.82,41.10,20811
BYI,20100129,41.39,41.78,39.51,39.67,14935
BYI,20100201,39.95,40.18,39.60,40.00,11475
BYI,20100202,39.99,40.57,39.82,40.25,12675
BYI,20100203,40.34,40.48,38.59,39.15,18430
BYI,20100204,38.83,39.30,37.84,37.87,11066
BYI,20100205,37.88,38.22,36.58,37.64,10368
BYI,20100208,37.72,38.68,37.49,37.96,11020
BYI,20100209,38.50,39.10,38.29,38.68,12789
BYI,20100210,38.49,39.23,38.17,38.23,7340
BYI,20100211,38.05,39.42,37.98,39.18,6896
BYI,20100212,38.67,39.60,38.54,39.59,5376
BYI,20100216,39.95,40.22,39.73,40.21,6623
BYI,20100217,41.54,41.83,40.97,41.22,30152
BYI,20100218,40.89,41.31,40.86,41.24,11686
BYI,20100219,41.01,41.75,41.01,41.60,8765
BYI,20100222,41.72,41.78,41.35,41.54,6617
BYI,20100223,41.37,41.88,40.95,41.75,11096
BYI,20100224,41.74,42.35,41.65,42.21,12590
BYI,20100225,41.72,41.95,41.11,41.84,14613
BYI,20100226,41.84,41.93,40.96,41.41,104157
BYI,20100301,41.20,41.42,40.92,41.12,14686
BYI,20100302,41.26,41.36,40.66,40.93,12271
BYI,20100303,41.09,41.96,41.04,41.22,8733
BYI,20100304,40.65,40.76,38.35,38.66,48264
BYI,20100305,39.03,39.42,38.63,39.05,20119
BYI,20100308,39.10,39.22,38.75,39.03,11920
BYI,20100309,38.80,39.43,38.55,38.64,10089
BYI,20100310,38.74,38.74,37.90,38.44,16659
BYI,20100311,38.35,39.16,38.14,38.90,13596
BYI,20100312,39.15,39.44,38.50,38.73,6394
BYI,20100315,38.75,38.75,37.51,37.83,13522
BYI,20100316,37.63,38.77,37.59,38.74,13594
BYI,20100317,38.86,39.25,38.63,39.08,9389
BYI,20100318,39.08,39.19,38.39,38.48,5649
BYI,20100319,38.68,38.91,37.58,37.72,10087
BYI,20100322,37.31,38.43,36.94,38.32,11716
BYI,20100323,38.21,38.73,37.91,38.56,9393
BYI,20100324,38.24,39.11,38.23,38.62,6600
BYI,20100325,38.88,39.95,38.58,38.66,12441
BYI,20100326,38.72,39.45,38.67,39.38,11624
BYI,20100329,39.52,40.67,39.41,40.66,15885
BYI,20100330,40.66,41.14,40.46,40.83,13185
BYI,20100331,40.57,41.20,40.50,40.54,10689
BYI,20100401,40.85,41.17,40.46,40.90,7592
BYI,20100405,41.09,42.69,40.73,42.33,15537
BYI,20100406,39.70,41.78,39.65,40.51,44541
BYI,20100407,40.34,40.92,40.06,40.53,16819
BYI,20100408,40.51,41.81,40.33,41.58,15109
BYI,20100409,41.62,42.58,41.33,42.50,11633
BYI,20100412,42.31,42.91,42.05,42.77,14243
BYI,20100413,42.59,43.21,42.11,42.42,5560
BYI,20100414,42.74,43.78,42.09,42.83,8277
BYI,20100415,42.64,43.36,42.55,42.87,8523
BYI,20100416,42.78,43.16,41.73,42.33,6698
BYI,20100419,42.08,42.64,41.01,41.20,8360
BYI,20100420,41.40,41.87,40.90,41.40,9345
BYI,20100421,41.37,41.58,40.66,41.00,7459
BYI,20100422,40.68,43.03,40.68,42.81,13715
BYI,20100423,43.06,45.89,43.00,45.09,21721
BYI,20100426,44.87,45.65,44.70,45.27,9357
BYI,20100427,44.70,45.49,44.09,44.19,16163
BYI,20100428,44.57,44.73,43.61,44.30,6296
BYI,20100429,44.60,46.61,44.60,46.03,17068
BYI,20100430,44.45,46.87,42.23,46.12,17415
BYI,20100503,46.47,47.47,46.10,46.85,8895
BYI,20100504,46.01,46.09,44.92,45.57,10058
BYI,20100505,45.33,47.10,44.98,45.20,15765
BYI,20100506,44.74,45.51,40.01,43.87,17234
BYI,20100507,43.67,43.88,41.26,41.90,16720
BYI,20100510,44.63,44.73,43.21,44.11,10265
BYI,20100511,43.60,45.18,43.43,44.51,5144
BYI,20100512,44.95,46.57,44.74,46.43,7919
BYI,20100513,46.44,46.65,45.02,45.15,8380
BYI,20100514,44.63,45.98,44.63,45.39,13146
BYI,20100517,45.54,46.00,44.05,45.37,11994
BYI,20100518,45.84,46.12,44.92,45.20,11135
BYI,20100519,44.98,45.12,42.82,43.09,17759
BYI,20100520,42.33,42.57,40.96,41.00,13323
BYI,20100521,40.15,41.46,39.64,40.68,17471
BYI,20100524,40.51,42.39,40.16,41.22,12754
BYI,20100525,40.04,40.76,39.13,40.60,18923
BYI,20100526,41.01,41.68,40.00,40.36,11766
BYI,20100527,41.38,42.78,41.23,42.74,10109
BYI,20100528,42.76,43.48,42.02,42.50,7592
BYI,20100601,41.71,43.01,40.51,40.51,15242
BYI,20100602,40.74,41.41,40.32,41.37,8319
BYI,20100603,41.68,42.22,41.35,42.16,7433
BYI,20100604,41.07,41.89,39.91,40.06,12844
BYI,20100607,40.26,40.53,37.87,37.93,18435
BYI,20100608,37.93,38.40,36.79,38.01,27667
BYI,20100609,38.14,39.10,37.53,37.82,22292
BYI,20100610,38.50,39.43,38.18,39.38,11757
BYI,20100611,38.85,39.88,38.50,39.71,10253
BYI,20100614,40.34,40.90,39.54,39.66,10401
BYI,20100615,40.11,40.94,39.82,40.82,10750
BYI,20100616,39.38,39.85,38.08,38.48,27311
BYI,20100617,38.76,39.38,38.35,38.55,13558
BYI,20100618,38.84,39.01,37.60,37.86,13185
BYI,20100621,38.26,38.51,36.32,36.73,14052
BYI,20100622,36.70,37.20,36.11,36.16,15861
BYI,20100623,36.23,37.08,35.92,36.87,15090
BYI,20100624,36.44,36.64,34.73,34.82,14505
BYI,20100625,34.86,36.33,34.19,35.88,71715
BYI,20100628,35.85,35.93,34.38,34.47,13549
BYI,20100629,33.84,34.05,32.90,33.70,16178
BYI,20100630,33.83,34.40,32.28,32.39,12621
BYI,20100701,32.55,33.64,32.28,32.87,25269
BYI,20100702,32.98,33.06,32.03,32.47,20210
BYI,20100706,33.31,33.51,32.21,32.40,13323
BYI,20100707,32.58,33.17,32.44,33.13,8740
BYI,20100708,33.41,34.14,32.55,33.02,8708
BYI,20100709,33.06,33.56,32.86,33.17,8266
BYI,20100712,32.99,33.30,32.45,32.81,6458
BYI,20100713,33.34,34.05,32.88,33.65,7035
BYI,20100714,33.45,34.13,33.40,33.71,6125
BYI,20100715,33.64,33.65,32.63,32.97,7468
BYI,20100716,32.86,32.86,31.49,31.60,8303
BYI,20100719,31.88,32.27,31.29,31.73,9906
BYI,20100720,31.37,32.89,31.24,32.77,7679
BYI,20100721,33.06,33.10,31.93,32.12,5493
BYI,20100722,32.62,33.71,32.44,33.39,7676
BYI,20100723,33.28,34.03,33.19,33.99,4803
BYI,20100726,33.99,35.77,33.99,35.37,9441
BYI,20100727,35.67,35.74,34.70,34.96,6422
BYI,20100728,34.66,34.80,32.95,33.33,10321
BYI,20100729,33.43,33.53,32.22,32.35,10595
BYI,20100730,31.88,32.58,31.77,32.30,8290
BYI,20100802,32.67,33.43,32.45,33.37,6730
BYI,20100803,32.82,33.10,32.26,32.35,6591
BYI,20100804,31.99,32.61,31.77,32.50,8327
BYI,20100805,32.29,33.04,32.21,32.78,7967
BYI,20100806,32.31,32.75,31.96,32.18,10940
BYI,20100809,32.43,32.84,32.17,32.24,6437
BYI,20100810,31.73,32.00,31.51,31.58,6434
BYI,20100811,30.82,31.07,30.43,30.75,12340
BYI,20100812,30.25,31.45,30.00,31.18,10865
BYI,20100813,30.98,33.26,30.81,32.84,24398
BYI,20100816,32.58,33.11,30.72,32.62,8207
BYI,20100817,32.77,34.09,32.66,33.58,8664
BYI,20100818,33.46,34.94,33.29,34.14,9840
BYI,20100819,33.83,34.10,33.09,33.50,5012
BYI,20100820,33.24,33.33,32.59,33.04,4708
BYI,20100823,33.22,33.49,32.88,33.08,3812
BYI,20100824,32.50,32.65,31.76,31.87,9947
BYI,20100825,31.66,32.55,31.45,32.39,4693
BYI,20100826,32.54,33.14,31.96,32.01,5193
BYI,20100827,32.42,33.07,31.68,32.98,6093
BYI,20100830,32.76,33.00,32.47,32.47,3432
BYI,20100831,32.34,32.63,31.29,31.45,8053
BYI,20100901,32.16,32.71,31.85,32.64,5825
BYI,20100902,32.74,34.00,32.67,33.87,5731
BYI,20100903,34.40,34.77,33.91,34.31,4289
BYI,20100907,34.04,34.18,33.27,33.32,3644
BYI,20100908,33.12,34.42,33.07,34.04,5153
BYI,20100909,34.42,34.61,33.09,33.79,5864
BYI,20100910,33.95,33.96,33.04,33.08,5771
BYI,20100913,33.54,33.84,33.43,33.68,4253
BYI,20100914,33.53,33.98,33.24,33.66,4317
BYI,20100915,33.43,33.99,33.31,33.90,4987
BYI,20100916,34.14,34.67,33.86,34.17,3973
BYI,20100917,34.09,34.30,33.71,33.92,7217
BYI,20100920,34.03,34.42,33.68,33.92,9305
BYI,20100921,33.77,34.20,33.58,33.70,6026
BYI,20100922,33.74,33.94,32.19,32.65,7361
BYI,20100923,32.25,32.88,31.94,31.98,4431
BYI,20100924,32.50,32.69,31.64,32.56,14780
BYI,20100927,32.57,32.84,32.39,32.52,5733
BYI,20100928,32.68,33.54,32.11,33.44,5096
BYI,20100929,33.52,34.89,33.34,34.66,7703
BYI,20100930,34.85,35.13,34.50,34.95,9604
BYI,20101001,35.09,35.30,34.48,34.71,4795
BYI,20101004,34.56,35.39,34.21,34.46,6939
BYI,20101005,34.89,35.61,34.63,35.23,4743
BYI,20101006,34.99,35.23,34.45,34.82,3838
BYI,20101007,34.96,34.98,34.18,34.21,7515
BYI,20101008,34.22,34.85,34.06,34.72,6742
BYI,20101011,34.60,35.32,34.50,34.81,6234
BYI,20101012,34.68,35.13,34.49,34.93,4092
BYI,20101013,35.14,35.63,34.74,35.53,7129
BYI,20101014,35.48,35.82,35.20,35.33,7091
BYI,20101015,35.54,35.72,34.90,34.97,5546
BYI,20101018,34.90,35.24,34.68,34.75,4851
BYI,20101019,34.38,35.11,34.00,34.31,4083
BYI,20101020,34.22,34.74,33.83,34.39,3381
BYI,20101021,34.53,34.77,33.63,34.03,4681
BYI,20101022,34.31,34.64,34.21,34.57,4078
BYI,20101025,34.90,35.38,34.64,35.28,4815
BYI,20101026,35.06,35.61,34.67,35.50,6263
BYI,20101027,34.88,35.89,34.86,35.80,9933
BYI,20101028,34.00,36.06,33.85,35.42,18427
BYI,20101029,35.39,36.14,35.26,36.08,6142
BYI,20101101,36.13,36.56,35.84,36.15,8660
BYI,20101102,37.58,37.88,36.98,37.61,14052
BYI,20101103,37.37,37.92,36.73,37.28,6918
BYI,20101104,38.00,38.30,37.77,38.03,4933
BYI,20101105,38.05,38.40,37.67,37.76,6316
BYI,20101108,37.67,37.77,36.92,37.10,8339
BYI,20101109,37.05,37.23,36.59,36.82,4092
BYI,20101110,36.77,36.85,35.81,36.49,8186
BYI,20101111,35.91,36.96,35.87,36.60,3954
BYI,20101112,36.47,36.75,35.76,35.86,6030
BYI,20101115,39.10,40.06,36.27,38.28,15469
BYI,20101116,37.96,38.23,37.84,38.07,9718
BYI,20101117,38.20,38.57,37.89,38.28,7818
BYI,20101118,38.71,39.26,38.68,38.79,4751
BYI,20101119,38.73,38.94,38.42,38.70,2941
BYI,20101122,38.38,39.51,38.38,39.24,6747
BYI,20101123,38.62,39.10,38.32,38.95,5388
BYI,20101124,39.41,39.47,38.88,39.05,3097
BYI,20101126,38.80,39.06,38.52,38.89,1741
BYI,20101129,38.37,39.13,38.30,38.94,8754
BYI,20101130,38.52,39.26,38.46,39.17,5961
BYI,20101201,39.69,41.10,39.65,41.08,11731
BYI,20101202,41.23,42.39,41.08,41.70,12518
BYI,20101203,41.51,42.05,41.21,42.01,8760
BYI,20101206,42.11,42.55,42.00,42.46,7043
BYI,20101207,42.85,42.97,42.29,42.65,7157
BYI,20101208,42.88,43.32,42.51,43.01,9249
BYI,20101209,43.06,43.39,42.84,43.32,6784
BYI,20101210,43.22,43.67,42.50,43.59,6097
BYI,20101213,44.00,44.46,43.22,43.33,9011
BYI,20101214,43.17,43.44,42.20,42.29,5987
BYI,20101215,42.12,42.27,40.66,40.78,12025
BYI,20101216,40.89,41.62,40.79,41.32,6057
BYI,20101217,41.48,41.66,41.12,41.42,5455
BYI,20101220,41.67,42.24,41.56,42.07,3778
BYI,20101221,42.36,42.37,42.00,42.11,2077
BYI,20101222,42.23,42.43,41.94,42.01,2370
BYI,20101223,42.25,42.88,42.03,42.15,1805
BYI,20101227,42.14,42.72,41.95,42.41,1674
BYI,20101228,42.38,42.54,41.76,42.08,2007
BYI,20101229,42.25,42.41,42.01,42.26,3919
BYI,20101230,42.29,42.55,42.08,42.25,2166
BYI,20101231,42.41,42.62,42.08,42.19,4498
BYI,20110103,42.64,43.64,42.34,43.02,4879
BYI,20110104,43.15,43.23,42.28,42.59,4125
BYI,20110105,42.40,43.30,42.23,42.90,5919
BYI,20110106,43.03,43.42,42.72,43.07,5235
BYI,20110107,43.23,43.46,42.59,43.41,5840
BYI,20110110,43.12,43.60,42.73,42.81,440600
BYI,20110111,42.99,43.09,42.25,42.32,300600
BYI,20110112,42.54,42.66,41.71,41.94,328900
BYI,20110113,41.81,42.63,41.79,42.20,347700
BYI,20110114,42.05,43.03,41.98,42.97,307600
BYI,20110118,42.97,43.51,42.55,42.82,648500
BYI,20110119,42.72,42.82,42.10,42.28,343200
BYI,20110120,41.96,42.46,41.81,42.21,421800
BYI,20110121,42.34,42.73,41.72,41.95,514400
BYI,20110124,42.00,42.42,41.80,42.17,235000
BYI,20110125,42.02,42.21,41.77,42.11,321600
BYI,20110126,41.72,41.81,40.67,40.70,1226100
BYI,20110127,40.74,41.54,40.32,40.85,866200
BYI,20110128,40.80,41.32,40.06,40.53,605100
BYI,20110131,40.67,41.08,40.46,40.93,819200
BYI,20110201,41.05,41.53,40.95,41.20,871700
BYI,20110202,40.99,40.99,40.10,40.30,1069700
BYI,20110203,40.04,40.14,39.00,39.42,1858700
BYI,20110204,39.26,39.51,38.86,39.05,569300
BYI,20110207,39.10,39.66,38.98,39.25,321600
BYI,20110208,39.25,39.66,39.25,39.62,408000
BYI,20110209,39.45,39.72,38.98,39.18,1153000
BYI,20110210,39.02,39.44,38.93,39.21,618200
BYI,20110211,39.14,40.33,39.14,40.19,576300
BYI,20110214,40.10,40.36,39.87,40.08,380200
BYI,20110215,40.01,40.18,39.62,40.11,543900
BYI,20110216,40.18,40.46,39.95,40.21,294400
BYI,20110217,40.06,40.11,39.69,40.00,501400
BYI,20110218,40.10,40.38,39.85,40.01,413500
BYI,20110222,39.49,39.66,38.52,38.54,540900
BYI,20110223,38.59,38.59,37.65,38.03,611500
BYI,20110224,38.00,38.22,37.42,37.80,601500
BYI,20110225,38.28,38.57,38.11,38.42,864100
BYI,20110228,38.49,38.93,38.37,38.63,460200
BYI,20110301,38.60,39.06,37.65,37.92,642600
BYI,20110302,37.78,38.55,37.78,38.33,562300
BYI,20110303,38.51,39.61,38.51,39.23,607000
BYI,20110304,39.11,39.11,37.91,38.28,639500
BYI,20110307,37.77,37.91,35.73,35.74,3120000
BYI,20110308,35.80,36.77,35.59,36.39,867400
BYI,20110309,36.45,36.45,35.71,36.18,914700
BYI,20110310,35.60,35.89,34.98,35.11,1191900
BYI,20110311,35.08,35.58,34.92,35.45,1011200
BYI,20110314,35.14,35.37,34.84,35.07,705700
BYI,20110315,34.20,34.94,34.01,34.78,793500
BYI,20110316,34.61,35.07,34.50,34.58,607400
BYI,20110317,35.27,35.27,34.53,34.74,446800
BYI,20110318,35.22,35.70,34.75,34.95,692500
BYI,20110321,35.40,35.87,35.35,35.71,628300
BYI,20110322,35.77,35.77,35.32,35.35,375800
BYI,20110323,35.22,35.24,34.55,35.03,361600
BYI,20110324,35.20,36.08,35.12,35.72,457700
BYI,20110325,35.84,35.91,35.48,35.79,359200
BYI,20110328,35.84,36.12,34.62,35.07,482300
BYI,20110329,35.11,36.66,34.68,36.51,965100
BYI,20110330,36.65,37.38,36.44,37.33,489100
BYI,20110331,37.13,37.86,36.98,37.85,927700
BYI,20110401,38.11,38.50,37.92,38.20,774700
BYI,20110404,38.22,38.33,37.40,37.74,462200
BYI,20110405,37.66,38.13,37.43,38.01,455200
BYI,20110406,38.13,38.65,38.09,38.19,375700
BYI,20110407,38.22,38.42,37.60,37.68,651400
BYI,20110408,37.02,38.67,37.00,38.58,6142300
BYI,20110411,38.56,38.94,38.37,38.57,1753300
BYI,20110412,37.43,38.46,37.22,37.58,1962900
BYI,20110413,37.83,37.89,37.22,37.42,828300
BYI,20110414,37.25,37.55,36.85,37.00,1048200
BYI,20110415,37.24,37.49,37.08,37.15,557600
BYI,20110418,36.71,37.41,36.56,37.36,552800
BYI,20110419,37.51,37.65,37.02,37.29,375300
BYI,20110420,37.82,38.02,37.46,37.79,1230000
BYI,20110421,38.08,38.09,37.78,37.99,288600
BYI,20110425,38.35,38.35,37.97,37.98,529400
BYI,20110426,38.08,38.32,37.80,38.30,840600
