CB,20090115,42.77,44.38,41.75,43.29,42274
CB,20090116,44.28,45.47,42.50,43.80,42115
CB,20090120,42.08,44.60,41.89,41.93,69233
CB,20090121,43.37,43.83,41.57,43.72,57974
CB,20090122,42.75,43.25,41.36,41.60,45781
CB,20090123,40.47,41.32,39.80,40.88,52873
CB,20090126,40.80,41.64,40.20,40.93,34290
CB,20090127,41.14,42.87,40.95,42.75,49551
CB,20090128,44.61,45.24,43.20,44.82,51488
CB,20090129,43.99,45.34,42.47,42.82,65041
CB,20090130,44.67,44.75,41.00,42.58,51029
CB,20090202,42.20,42.91,41.08,42.26,35301
CB,20090203,42.65,43.39,41.55,42.94,32199
CB,20090204,43.19,43.58,42.19,43.00,38401
CB,20090205,42.67,43.62,42.43,42.59,42657
CB,20090206,42.59,43.74,42.05,43.09,39082
CB,20090209,43.10,43.41,42.36,43.08,31837
CB,20090210,42.56,43.08,40.45,40.66,51346
CB,20090211,40.85,42.24,40.66,42.12,33675
CB,20090212,41.10,43.34,41.08,43.16,46173
CB,20090213,42.90,43.21,41.49,41.52,33743
CB,20090217,40.12,40.80,36.11,39.40,55899
CB,20090218,39.65,40.43,38.71,39.13,42998
CB,20090219,39.69,39.94,38.97,39.15,42642
CB,20090220,38.36,39.32,37.89,38.89,75719
CB,20090223,38.85,39.30,37.94,38.00,59915
CB,20090224,37.98,40.54,37.71,40.48,79649
CB,20090225,41.43,41.43,39.30,40.27,54213
CB,20090226,40.61,40.97,39.16,39.43,58150
CB,20090227,38.35,39.77,38.35,39.04,61265
CB,20090302,38.60,40.79,38.13,38.24,51588
CB,20090303,38.76,38.93,35.82,36.23,66790
CB,20090304,36.49,37.89,35.59,37.05,40932
CB,20090305,36.09,36.64,34.70,35.24,54960
CB,20090306,35.46,35.93,34.59,35.73,54736
CB,20090309,35.02,36.18,34.44,35.00,46978
CB,20090310,35.80,36.80,34.54,36.73,61167
CB,20090311,37.37,37.37,34.95,35.66,59282
CB,20090312,35.56,37.53,34.70,37.13,60948
CB,20090313,37.40,37.78,36.46,37.66,55378
CB,20090316,38.31,39.41,37.47,37.54,62266
CB,20090317,37.48,40.17,37.05,40.16,53877
CB,20090318,39.42,42.52,38.72,42.48,89724
CB,20090319,43.04,43.39,41.03,41.60,75761
CB,20090320,41.66,42.43,40.56,40.70,57138
CB,20090323,41.67,43.11,40.83,43.11,64640
CB,20090324,41.70,42.79,40.32,40.80,49671
CB,20090325,40.66,42.10,39.69,41.69,53661
CB,20090326,42.03,42.15,40.60,41.79,42880
CB,20090327,41.25,42.33,40.75,41.63,47042
CB,20090330,40.65,41.94,40.27,40.86,63442
CB,20090331,41.35,42.57,40.80,42.32,53540
CB,20090401,41.75,42.80,41.24,42.65,49413
CB,20090402,43.56,44.19,42.30,42.59,59227
CB,20090403,42.58,43.05,41.62,43.03,50702
CB,20090406,42.47,42.84,41.66,41.79,41638
CB,20090407,41.12,41.84,40.90,40.98,45151
CB,20090408,41.34,42.11,41.02,42.04,36740
CB,20090409,43.22,43.90,40.72,42.86,63008
CB,20090413,42.29,44.22,42.00,44.04,40699
CB,20090414,42.93,43.35,41.60,41.77,48055
CB,20090415,41.49,43.87,41.05,43.78,34031
CB,20090416,44.15,44.35,42.50,43.28,36166
CB,20090417,43.45,43.45,41.77,42.19,60287
CB,20090420,41.25,42.56,40.28,40.32,51983
CB,20090421,40.09,42.54,40.06,42.51,51204
CB,20090422,41.37,41.91,40.41,40.58,60126
CB,20090423,40.63,41.10,39.70,40.46,56439
CB,20090424,41.89,41.91,40.31,40.36,88171
CB,20090427,39.65,41.02,39.65,40.22,53121
CB,20090428,39.79,40.89,39.72,39.91,44931
CB,20090429,40.19,40.72,40.07,40.38,66431
CB,20090430,41.09,41.09,38.54,38.95,91049
CB,20090501,38.82,39.60,38.29,38.55,58122
CB,20090504,39.17,39.55,38.18,39.39,77156
CB,20090505,39.03,39.94,38.78,39.56,46605
CB,20090506,40.22,40.57,39.51,40.13,63361
CB,20090507,40.25,41.00,39.32,39.52,72474
CB,20090508,40.07,41.01,39.48,40.88,55312
CB,20090511,39.90,40.77,39.35,39.51,52533
CB,20090512,40.15,40.16,39.02,39.21,48159
CB,20090513,38.71,40.09,38.52,38.90,45327
CB,20090514,38.94,40.34,38.82,40.18,46011
CB,20090515,40.10,40.10,38.81,38.94,38819
CB,20090518,39.66,40.50,38.50,40.37,54496
CB,20090519,40.19,40.20,38.70,38.71,47961
CB,20090520,39.27,39.51,38.00,38.11,52045
CB,20090521,38.25,38.83,38.03,38.56,43995
CB,20090522,38.79,39.55,38.37,38.95,42752
CB,20090526,38.81,40.26,38.62,40.26,46897
CB,20090527,40.23,40.41,38.53,38.55,50210
CB,20090528,39.10,39.18,38.40,39.14,45034
CB,20090529,39.12,39.73,38.56,39.65,31611
CB,20090601,39.80,40.59,39.64,40.08,40726
CB,20090602,40.30,41.43,40.03,41.03,40121
CB,20090603,40.79,41.25,40.49,40.76,27553
CB,20090604,41.09,41.55,40.67,41.55,34612
CB,20090605,42.15,42.15,40.81,41.20,40614
CB,20090608,40.80,41.34,40.63,41.17,23889
CB,20090609,41.22,41.39,40.81,41.07,24453
CB,20090610,41.20,41.50,41.07,41.34,34105
CB,20090611,41.36,41.75,41.18,41.24,21397
CB,20090612,41.20,41.24,40.56,40.82,15711
CB,20090615,40.42,40.73,39.75,39.78,28363
CB,20090616,40.04,40.26,39.74,39.81,30260
CB,20090617,39.68,40.58,39.51,40.00,33891
CB,20090618,39.99,40.50,39.86,40.33,25380
CB,20090619,40.61,40.75,39.81,40.18,35465
CB,20090622,39.68,40.60,39.64,39.66,42738
CB,20090623,40.01,40.06,39.14,39.38,28849
CB,20090624,39.23,39.79,39.05,39.39,34667
CB,20090625,39.27,39.97,38.58,39.88,27322
CB,20090626,39.87,39.87,39.26,39.51,24138
CB,20090629,39.65,40.28,39.38,40.14,22422
CB,20090630,40.14,40.14,39.39,39.88,24243
CB,20090701,40.17,40.68,39.89,40.41,18825
CB,20090702,39.86,40.18,38.77,38.82,32031
CB,20090706,38.70,39.54,38.70,39.54,28925
CB,20090707,39.19,39.69,38.84,38.84,27931
CB,20090708,39.07,39.66,38.85,39.26,49603
CB,20090709,39.67,39.77,39.11,39.46,21451
CB,20090710,39.34,39.39,38.87,39.18,24862
CB,20090713,39.58,41.05,39.28,41.05,39953
CB,20090714,41.05,41.26,40.11,40.34,28409
CB,20090715,40.73,41.94,40.26,41.57,49919
CB,20090716,41.64,41.75,40.58,41.20,38843
CB,20090717,41.17,41.61,40.49,40.64,36872
CB,20090720,40.74,40.92,40.33,40.67,27347
CB,20090721,40.93,41.02,40.61,40.93,25103
CB,20090722,40.69,41.77,40.40,41.54,27917
CB,20090723,41.67,42.69,41.49,42.61,35220
CB,20090724,44.31,45.50,43.69,45.37,65686
CB,20090727,45.30,45.68,44.97,45.35,34659
CB,20090728,45.11,45.75,44.92,45.16,36203
CB,20090729,45.01,45.60,44.85,45.17,25752
CB,20090730,45.51,46.20,45.19,45.40,37433
CB,20090731,45.46,46.47,45.40,46.18,30419
CB,20090803,46.65,47.54,46.40,47.54,34909
CB,20090804,48.19,48.66,47.88,48.56,36224
CB,20090805,48.61,48.69,47.45,48.21,33318
CB,20090806,48.63,48.64,47.40,47.71,35870
CB,20090807,48.07,48.40,47.60,48.15,25369
CB,20090810,48.01,48.36,47.54,47.93,24095
CB,20090811,47.67,47.85,47.17,47.17,27292
CB,20090812,47.06,48.70,47.06,48.43,23297
CB,20090813,48.80,49.38,48.16,49.38,25656
CB,20090814,49.28,49.49,48.50,48.76,22133
CB,20090817,48.26,48.48,47.80,47.82,32546
CB,20090818,47.96,48.13,47.33,47.78,29311
CB,20090819,46.89,48.05,46.82,47.96,24781
CB,20090820,47.73,48.49,47.73,48.29,17214
CB,20090821,48.76,49.27,48.44,49.04,24633
CB,20090824,49.39,49.50,48.62,48.73,17491
CB,20090825,48.85,49.27,48.58,48.61,27624
CB,20090826,47.99,48.90,47.91,48.84,28320
CB,20090827,49.02,49.16,48.52,48.85,23323
CB,20090828,49.09,49.38,48.60,49.07,19227
CB,20090831,48.74,49.43,48.45,49.39,22771
CB,20090901,49.25,49.68,48.37,48.38,36209
CB,20090902,48.21,48.81,48.07,48.37,25768
CB,20090903,48.64,48.85,48.22,48.80,23085
CB,20090904,48.84,48.99,48.32,48.84,12431
CB,20090908,48.97,49.05,48.10,48.27,20080
CB,20090909,48.20,48.48,47.69,48.12,28872
CB,20090910,48.00,48.49,47.71,48.49,21324
CB,20090911,48.59,49.17,48.34,48.77,21939
CB,20090914,48.41,49.40,48.21,49.32,19422
CB,20090915,49.48,49.52,49.11,49.29,21504
CB,20090916,48.99,49.75,48.80,49.66,25297
CB,20090917,49.50,49.65,48.90,48.94,25210
CB,20090918,49.08,49.54,49.03,49.16,30531
CB,20090921,48.95,49.40,48.69,48.99,20060
CB,20090922,49.32,49.32,48.49,48.58,23019
CB,20090923,48.69,49.42,48.35,48.37,27389
CB,20090924,48.53,49.30,48.41,48.85,25723
CB,20090925,48.78,49.43,48.68,48.82,25038
CB,20090928,49.13,51.07,48.95,51.00,27610
CB,20090929,51.11,51.27,50.48,50.85,25652
CB,20090930,50.95,51.17,50.26,50.41,27078
CB,20091001,50.24,50.57,49.56,49.62,31146
CB,20091002,48.98,50.03,48.98,49.47,24557
CB,20091005,49.77,49.77,48.99,49.48,26446
CB,20091006,49.95,50.62,49.71,50.61,23119
CB,20091007,50.60,50.97,50.32,50.97,15665
CB,20091008,51.04,51.27,50.69,50.76,18848
CB,20091009,50.68,50.98,50.33,50.62,19693
CB,20091012,50.98,51.34,50.60,51.21,16112
CB,20091013,50.87,51.06,50.38,50.55,17004
CB,20091014,51.15,51.81,50.82,51.73,21966
CB,20091015,51.45,51.80,51.17,51.76,20670
CB,20091016,51.62,51.70,50.97,51.31,21878
CB,20091019,51.54,52.26,51.23,52.10,17475
CB,20091020,51.91,52.17,51.27,51.44,20763
CB,20091021,51.12,51.95,51.04,51.15,22995
CB,20091022,51.69,53.79,51.66,53.79,50039
CB,20091023,52.11,52.44,50.30,50.64,75098
CB,20091026,50.80,51.23,49.58,49.87,51393
CB,20091027,49.94,50.65,49.87,50.15,32989
CB,20091028,49.98,50.33,49.42,49.45,34248
CB,20091029,50.00,50.43,49.25,50.43,36046
CB,20091030,50.03,50.18,48.52,48.52,45517
CB,20091102,48.71,49.49,48.55,49.30,27314
CB,20091103,48.86,49.17,48.51,48.91,23420
CB,20091104,49.23,49.81,48.55,48.65,31009
CB,20091105,48.83,49.45,48.53,49.41,25248
CB,20091106,49.13,49.82,48.89,49.76,22982
CB,20091109,50.12,50.95,49.89,50.90,24447
CB,20091110,50.88,51.15,50.36,50.42,21038
CB,20091111,50.53,51.22,50.50,50.92,20436
CB,20091112,50.46,50.96,50.21,50.31,21703
CB,20091113,50.45,51.05,50.38,50.62,16808
CB,20091116,51.12,51.33,50.75,50.97,19142
CB,20091117,50.93,51.16,50.74,50.99,13301
CB,20091118,50.99,51.15,50.56,50.75,12525
CB,20091119,50.51,50.72,49.70,50.09,21345
CB,20091120,49.85,50.23,49.73,50.04,15829
CB,20091123,50.48,50.71,50.27,50.54,13974
CB,20091124,50.37,50.67,50.23,50.54,15597
CB,20091125,50.33,50.66,50.20,50.59,10666
CB,20091127,49.21,50.20,49.21,49.54,14461
CB,20091130,49.56,50.21,49.35,50.14,25854
CB,20091201,50.35,50.73,49.98,50.16,17233
CB,20091202,50.06,50.06,48.97,49.06,35514
CB,20091203,49.36,49.53,48.73,48.84,37187
CB,20091204,49.19,49.37,47.87,48.69,45176
CB,20091207,48.60,49.23,48.60,48.92,24276
CB,20091208,48.79,49.10,48.50,48.62,18736
CB,20091209,48.78,48.78,48.13,48.49,26928
CB,20091210,48.51,48.72,47.92,48.35,33704
CB,20091211,48.20,48.81,48.19,48.68,20279
CB,20091214,48.99,49.13,48.47,48.71,20201
CB,20091215,48.66,48.89,48.00,48.25,28168
CB,20091216,48.35,49.04,48.30,48.85,35319
CB,20091217,48.68,48.76,48.08,48.12,27703
CB,20091218,48.42,48.42,47.69,48.06,46579
CB,20091221,48.12,48.55,48.06,48.53,23926
CB,20091222,48.72,49.10,48.54,48.83,15226
CB,20091223,48.90,48.95,48.53,48.55,13443
CB,20091224,48.75,49.21,48.70,49.11,5005
CB,20091228,49.24,49.24,48.95,49.14,9504
CB,20091229,49.24,49.72,49.19,49.40,15715
CB,20091230,49.32,49.88,49.10,49.69,11254
CB,20091231,49.81,50.00,49.17,49.18,13220
CB,20100104,49.49,49.80,49.26,49.66,19736
CB,20100105,49.52,49.59,48.61,48.83,27080
CB,20100106,48.44,48.55,47.10,48.12,48371
CB,20100107,48.84,49.69,48.75,49.48,43294
CB,20100108,49.41,49.51,48.59,48.84,23364
CB,20100111,49.03,49.33,48.68,49.19,24073
CB,20100112,49.44,49.91,49.15,49.60,29064
CB,20100113,49.64,50.34,49.55,49.97,22540
CB,20100114,49.79,50.19,49.57,50.08,13564
CB,20100115,49.93,49.94,49.07,49.57,29016
CB,20100119,50.65,50.65,49.88,50.18,27947
CB,20100120,50.09,50.09,49.08,49.76,20864
CB,20100121,49.63,50.00,48.43,48.75,37324
CB,20100122,48.68,49.15,47.97,48.02,37662
CB,20100125,48.79,49.22,48.39,48.90,21315
CB,20100126,50.26,50.64,49.85,49.88,34309
CB,20100127,49.69,50.33,49.16,50.28,32193
CB,20100128,50.50,50.50,49.32,49.63,31815
CB,20100129,49.91,50.75,48.70,50.00,49064
CB,20100201,50.17,50.17,49.24,49.43,35096
CB,20100202,49.44,49.88,49.02,49.84,28134
CB,20100203,49.50,49.69,48.90,49.18,29318
CB,20100204,49.02,49.36,48.19,48.23,38791
CB,20100205,48.25,48.72,47.69,48.53,30422
CB,20100208,48.44,48.56,47.62,47.66,29468
CB,20100209,48.11,48.84,47.87,48.54,28802
CB,20100210,48.62,48.63,48.11,48.50,22351
CB,20100211,48.48,48.60,47.90,48.56,33326
CB,20100212,48.20,49.08,47.82,49.07,36083
CB,20100216,49.32,49.93,48.99,49.88,31275
CB,20100217,49.99,50.05,49.77,50.02,22681
CB,20100218,50.00,51.11,49.81,50.97,28006
CB,20100219,50.71,51.64,50.51,51.49,34035
CB,20100222,51.54,51.54,50.86,51.01,29579
CB,20100223,50.81,51.27,50.73,50.76,25118
CB,20100224,51.00,51.25,50.73,51.17,21159
CB,20100225,50.53,50.95,50.40,50.90,30075
CB,20100226,50.82,51.00,50.26,50.46,40556
CB,20100301,50.50,51.32,50.41,51.05,28985
CB,20100302,51.25,51.53,51.06,51.28,20492
CB,20100303,51.21,51.50,51.01,51.13,18405
CB,20100304,51.27,51.42,51.03,51.25,15805
CB,20100305,51.55,51.70,50.97,51.62,20473
CB,20100308,51.56,51.81,51.36,51.74,15689
CB,20100309,51.58,51.75,51.34,51.53,19231
CB,20100310,51.63,51.63,50.70,50.90,34605
CB,20100311,50.90,51.42,50.80,51.42,17714
CB,20100312,51.64,51.77,50.63,50.73,28715
CB,20100315,50.51,50.67,50.00,50.34,40776
CB,20100316,50.36,50.54,50.12,50.42,32007
CB,20100317,50.33,51.17,50.25,50.74,27306
CB,20100318,50.66,51.12,50.54,51.03,27162
CB,20100319,51.33,51.71,50.99,51.71,57892
CB,20100322,51.34,51.83,51.18,51.70,27066
CB,20100323,51.69,51.95,51.36,51.93,16489
CB,20100324,51.73,52.07,51.49,51.84,15904
CB,20100325,52.24,52.48,51.92,51.99,18947
CB,20100326,51.98,52.47,51.94,52.23,17782
CB,20100329,52.39,52.59,52.29,52.47,15993
CB,20100330,52.53,52.56,52.07,52.10,18271
CB,20100331,51.85,52.10,51.62,51.85,20434
CB,20100401,52.21,52.33,51.71,52.05,15926
CB,20100405,52.10,52.12,51.59,51.69,23111
CB,20100406,51.67,51.67,51.12,51.31,28479
CB,20100407,51.22,51.79,51.03,51.48,35525
CB,20100408,51.29,51.78,51.13,51.67,19604
CB,20100409,51.69,51.87,51.41,51.61,15953
CB,20100412,51.85,51.85,51.24,51.57,19172
CB,20100413,51.43,51.92,51.40,51.79,16421
CB,20100414,51.92,52.70,51.79,52.70,22118
CB,20100415,52.65,52.82,52.29,52.67,22052
CB,20100416,52.48,52.85,51.89,51.90,33537
CB,20100419,51.53,52.27,51.04,52.21,28528
CB,20100420,52.47,52.83,52.23,52.83,13763
CB,20100421,52.77,52.95,51.97,52.34,19621
CB,20100422,52.02,52.39,51.56,52.31,23027
CB,20100423,52.99,53.79,51.89,53.75,43846
CB,20100426,53.78,53.98,53.13,53.15,28025
CB,20100427,52.81,52.83,51.53,51.65,35474
CB,20100428,51.97,53.10,51.75,52.81,29913
CB,20100429,53.26,53.42,52.74,53.19,27307
CB,20100430,53.29,53.48,52.77,52.87,23304
CB,20100503,53.17,53.17,52.58,52.76,26342
CB,20100504,52.30,52.30,51.43,51.72,33065
CB,20100505,51.27,52.24,51.23,51.98,31591
CB,20100506,51.77,52.31,49.34,50.67,49104
CB,20100507,50.48,51.36,50.00,50.22,52402
CB,20100510,51.61,52.08,51.16,51.74,37612
CB,20100511,51.19,51.73,51.03,51.40,29689
CB,20100512,51.65,52.24,51.31,52.21,24566
CB,20100513,51.98,52.39,51.85,51.88,17958
CB,20100514,51.48,51.87,51.10,51.35,22824
CB,20100517,51.43,52.01,51.24,51.95,26647
CB,20100518,52.42,52.46,51.18,51.31,23965
CB,20100519,51.06,51.62,50.52,51.14,29215
CB,20100520,50.38,50.88,49.35,49.38,42495
CB,20100521,48.64,50.43,48.62,50.39,62090
CB,20100524,50.46,50.59,49.51,49.52,31802
CB,20100525,48.95,49.75,48.41,49.74,37966
CB,20100526,50.08,50.08,49.05,49.14,34908
CB,20100527,49.72,50.91,49.71,50.84,27253
CB,20100528,50.69,50.83,50.05,50.24,24460
CB,20100601,49.79,50.43,49.23,49.25,33909
CB,20100602,49.51,50.50,49.31,50.50,31012
CB,20100603,50.56,50.74,50.29,50.60,16073
CB,20100604,49.82,50.15,49.12,49.30,36101
CB,20100607,49.36,49.79,49.07,49.10,33788
CB,20100608,49.11,50.32,48.87,50.24,29169
CB,20100609,50.33,50.44,49.58,49.70,29670
CB,20100610,50.28,51.44,49.97,51.39,27534
CB,20100611,50.98,51.90,50.91,51.88,20776
CB,20100614,52.00,52.23,51.51,51.56,22924
CB,20100615,51.79,52.65,51.46,52.61,19183
CB,20100616,52.21,52.75,52.03,52.62,19798
CB,20100617,52.64,52.90,52.32,52.90,20671
CB,20100618,53.03,53.07,52.72,52.97,25668
CB,20100621,53.49,53.60,52.51,52.75,16676
CB,20100622,52.86,53.40,52.31,52.38,21769
CB,20100623,51.71,52.50,51.59,51.90,20192
CB,20100624,51.55,52.28,51.38,51.48,19899
CB,20100625,51.70,52.44,51.45,52.40,32923
CB,20100628,52.40,52.56,51.71,51.83,26311
CB,20100629,51.21,51.30,50.17,50.45,39698
CB,20100630,50.40,50.74,49.97,50.01,27234
CB,20100701,49.97,50.21,49.28,49.74,44242
CB,20100702,50.03,50.14,49.17,49.37,31364
CB,20100706,49.87,50.05,48.86,49.20,31572
CB,20100707,49.40,50.69,49.29,50.63,31338
CB,20100708,50.88,51.08,50.53,51.08,17274
CB,20100709,51.24,52.18,51.22,52.13,31622
CB,20100712,51.91,52.19,51.57,51.92,16085
CB,20100713,52.33,52.65,52.27,52.48,26818
CB,20100714,52.22,52.93,51.92,52.86,32130
CB,20100715,52.90,52.91,52.16,52.79,23590
CB,20100716,52.52,52.60,51.44,51.55,26595
CB,20100719,51.62,52.16,51.36,51.85,19108
CB,20100720,51.28,52.27,51.24,52.22,28321
CB,20100721,52.52,52.75,51.58,51.69,26751
CB,20100722,52.08,52.20,51.53,52.20,35479
CB,20100723,52.20,53.19,51.85,52.88,34264
CB,20100726,52.99,53.35,52.56,53.21,25179
CB,20100727,53.49,53.49,52.80,53.19,25084
CB,20100728,53.15,53.19,52.36,52.66,21311
CB,20100729,53.11,53.23,52.43,52.85,25630
CB,20100730,52.39,52.88,52.17,52.63,26149
CB,20100802,53.39,53.43,52.89,53.20,28191
CB,20100803,52.98,53.17,52.83,52.93,25405
CB,20100804,53.16,53.72,53.00,53.59,22761
CB,20100805,53.30,54.00,53.17,53.58,19731
CB,20100806,53.13,53.81,52.91,53.76,24387
CB,20100809,53.85,54.35,53.74,54.29,24335
CB,20100810,53.81,54.36,53.64,54.03,21237
CB,20100811,53.30,53.58,52.83,52.85,29375
CB,20100812,52.33,53.33,52.21,53.11,22630
CB,20100813,52.90,53.68,52.76,53.10,25331
CB,20100816,52.81,53.17,52.63,53.15,21493
CB,20100817,53.57,54.00,53.46,53.62,21980
CB,20100818,53.53,54.05,53.39,53.65,23463
CB,20100819,53.22,53.37,52.83,53.03,30221
CB,20100820,53.18,53.56,52.90,53.39,29354
CB,20100823,53.29,53.71,53.18,53.27,26465
CB,20100824,52.98,53.90,52.61,53.61,37127
CB,20100825,53.43,54.00,53.09,53.83,38277
CB,20100826,54.12,54.25,53.35,53.44,30643
CB,20100827,53.95,54.49,53.45,54.48,26942
CB,20100830,54.31,54.70,54.16,54.40,33592
CB,20100831,54.35,55.24,54.19,55.13,49713
CB,20100901,55.45,55.96,55.13,55.85,36859
CB,20100902,55.89,55.94,54.96,55.63,33634
CB,20100903,55.89,56.45,55.71,56.45,26877
CB,20100907,55.96,56.10,55.39,55.41,24954
CB,20100908,55.60,56.10,55.48,55.77,28018
CB,20100909,56.22,56.28,55.66,56.06,24942
CB,20100910,56.07,56.19,55.59,56.05,18995
CB,20100913,56.51,56.85,56.02,56.82,30318
CB,20100914,56.69,57.48,56.47,57.10,34339
CB,20100915,56.58,57.49,56.42,57.35,22838
CB,20100916,56.97,57.60,56.97,57.56,19805
CB,20100917,57.88,57.96,57.50,57.66,37533
CB,20100920,57.71,58.20,57.59,58.14,25637
CB,20100921,58.23,58.28,57.24,57.32,29326
CB,20100922,57.45,57.82,56.91,56.94,29174
CB,20100923,56.48,57.04,56.26,56.28,19507
CB,20100924,56.89,57.36,56.73,57.16,24282
CB,20100927,57.06,57.41,56.83,56.91,21026
CB,20100928,57.17,57.67,56.68,57.52,18900
CB,20100929,57.29,57.30,56.57,56.76,24740
CB,20100930,57.08,57.60,56.98,56.99,26760
CB,20101001,56.99,56.99,55.86,56.37,33072
CB,20101004,56.18,56.69,55.79,56.09,21456
CB,20101005,56.58,56.75,55.83,56.57,38835
CB,20101006,56.54,56.74,55.98,56.12,27753
CB,20101007,56.19,56.32,55.83,56.05,21451
CB,20101008,56.06,56.46,55.79,56.33,14354
CB,20101011,56.36,56.64,56.23,56.49,12967
CB,20101012,56.47,56.98,56.30,56.87,16211
CB,20101013,57.12,57.56,57.00,57.13,24434
CB,20101014,57.16,57.98,57.03,57.45,27184
CB,20101015,57.86,57.87,57.32,57.59,25766
CB,20101018,57.68,58.03,57.60,58.02,18035
CB,20101019,57.64,58.15,57.33,57.71,23752
CB,20101020,57.80,58.87,57.61,58.71,30430
CB,20101021,58.99,59.18,58.02,58.36,25252
CB,20101022,58.75,58.95,57.80,57.92,22237
CB,20101025,58.35,58.75,58.22,58.23,19409
CB,20101026,58.07,58.68,58.05,58.58,20223
CB,20101027,58.33,58.44,57.60,58.17,20217
CB,20101028,58.58,58.69,57.41,57.57,24341
CB,20101029,57.68,58.14,57.48,58.02,25619
CB,20101101,58.28,58.84,57.86,58.26,22140
CB,20101102,58.67,58.94,58.49,58.75,15282
CB,20101103,58.80,58.98,58.42,58.98,17982
CB,20101104,59.26,60.03,59.03,60.01,24923
CB,20101105,59.83,59.94,59.09,59.47,27813
CB,20101108,59.43,59.49,58.49,58.92,33521
CB,20101109,58.99,59.25,58.34,58.70,39257
CB,20101110,58.60,59.15,58.55,59.07,34443
CB,20101111,58.84,58.98,58.38,58.39,29201
CB,20101112,58.15,58.41,57.82,57.85,27286
CB,20101115,58.12,58.73,58.05,58.33,19745
CB,20101116,58.10,58.27,56.97,57.08,50053
CB,20101117,57.14,57.52,56.70,57.40,26747
CB,20101118,57.87,58.07,57.51,57.85,21961
CB,20101119,57.70,57.81,57.16,57.79,25804
CB,20101122,57.36,57.47,56.95,57.42,20076
CB,20101123,56.98,57.07,56.58,56.97,34088
CB,20101124,57.24,57.37,57.05,57.31,18689
CB,20101126,56.98,57.39,56.81,56.81,6304
CB,20101129,56.57,57.19,56.29,57.08,20948
CB,20101130,56.73,57.35,56.71,57.01,37979
CB,20101201,57.86,58.00,57.52,57.98,27058
CB,20101202,58.13,58.48,57.89,58.43,27803
CB,20101203,58.40,58.78,58.28,58.63,16097
CB,20101206,58.49,58.95,58.37,58.75,16194
CB,20101207,59.02,59.20,58.77,58.84,19440
CB,20101208,58.82,59.08,58.56,58.70,20407
CB,20101209,58.85,59.15,58.36,59.08,26481
CB,20101210,59.24,59.35,58.88,59.11,27772
CB,20101213,59.20,59.89,59.10,59.65,19801
CB,20101214,59.79,60.00,59.41,59.49,22715
CB,20101215,59.32,59.67,58.74,59.37,21728
CB,20101216,59.28,59.87,59.05,59.66,21625
CB,20101217,59.47,59.50,59.04,59.20,35526
CB,20101220,59.28,59.70,59.19,59.31,17311
CB,20101221,59.12,59.38,58.95,59.24,23337
CB,20101222,59.32,60.23,59.28,60.23,22131
CB,20101223,60.14,60.19,59.88,59.98,10626
CB,20101227,59.95,60.18,59.66,60.01,14585
CB,20101228,60.00,60.23,59.69,59.95,11284
CB,20101229,60.05,60.20,59.72,59.84,9577
CB,20101230,59.64,59.96,59.52,59.73,10036
CB,20101231,59.68,60.05,59.57,59.64,9713
CB,20110103,60.05,60.50,59.85,60.23,20608
CB,20110104,60.18,60.49,59.84,60.08,20192
CB,20110105,59.78,60.07,59.40,59.81,31518
CB,20110106,59.77,59.90,58.68,58.74,31323
CB,20110107,58.98,59.11,57.77,58.30,29900
CB,20110110,58.02,58.26,57.63,57.84,2433200
CB,20110111,58.02,58.10,57.77,57.77,2178200
CB,20110112,58.18,58.29,57.90,58.18,2063200
CB,20110113,57.31,57.83,57.31,57.46,3044800
CB,20110114,57.35,57.51,56.99,57.32,2575900
CB,20110118,57.38,58.00,57.21,57.87,2305200
CB,20110119,57.75,58.16,57.52,57.78,2048600
CB,20110120,58.09,58.49,57.86,58.05,2349500
CB,20110121,57.81,57.82,57.24,57.42,2449500
CB,20110124,57.50,58.27,57.35,58.23,2073300
CB,20110125,58.19,59.31,58.19,59.04,2909100
CB,20110126,59.00,59.18,58.74,59.02,2593600
CB,20110127,58.90,59.50,58.75,59.33,1946500
CB,20110128,59.04,59.26,57.95,57.97,2706500
CB,20110131,58.13,58.43,57.83,57.93,1927400
CB,20110201,58.18,58.77,57.98,58.73,2888600
CB,20110202,58.50,58.59,57.98,58.14,2453200
CB,20110203,58.15,58.36,57.91,58.21,3232800
CB,20110204,58.34,58.80,58.16,58.70,1730400
CB,20110207,58.70,59.06,58.48,58.86,1574400
CB,20110208,58.58,59.28,58.35,59.21,1968100
CB,20110209,59.00,59.49,58.91,59.42,1487900
CB,20110210,59.32,59.44,58.85,59.19,1247200
CB,20110211,59.03,59.31,58.90,59.17,1752500
CB,20110214,59.46,59.47,59.07,59.07,1468400
CB,20110215,58.87,59.49,58.75,59.20,1374400
CB,20110216,59.28,60.00,59.23,59.76,1923200
CB,20110217,59.47,60.37,59.47,60.26,1726800
CB,20110218,60.26,61.31,60.15,61.31,2936900
CB,20110222,60.74,61.17,60.23,60.48,2410300
CB,20110223,60.36,60.80,60.34,60.39,2390100
CB,20110224,60.26,60.51,59.04,59.59,2384300
CB,20110225,59.71,60.15,59.51,60.11,1295200
CB,20110228,60.23,60.83,60.02,60.68,2369400
CB,20110301,60.81,60.81,59.67,59.67,1922200
CB,20110302,59.65,59.82,58.93,59.15,1916500
CB,20110303,59.52,60.05,59.44,59.52,2119200
CB,20110304,59.49,59.94,59.02,59.40,2101000
CB,20110307,59.57,59.84,59.00,59.17,1185300
CB,20110308,59.13,59.89,59.10,59.72,1874200
CB,20110309,59.59,59.89,59.22,59.72,1132000
CB,20110310,59.19,59.60,58.44,58.96,1927200
CB,20110311,58.73,59.27,57.99,59.06,1855100
CB,20110314,58.87,59.36,58.76,59.08,1992000
CB,20110315,57.62,58.59,57.62,58.34,2417500
CB,20110316,58.05,58.62,57.70,58.35,4367200
CB,20110317,58.91,59.05,57.89,58.19,4677200
CB,20110318,58.74,59.00,57.95,58.07,4164000
CB,20110321,58.76,59.37,58.53,59.37,1778000
CB,20110322,59.38,59.75,59.21,59.34,1586100
CB,20110323,59.24,59.72,58.89,59.51,1826000
CB,20110324,59.65,60.06,59.23,59.98,2684700
CB,20110325,60.26,60.46,59.79,60.28,1159900
CB,20110328,60.21,60.35,59.94,60.05,1460000
CB,20110329,60.15,60.50,59.81,60.37,1751900
CB,20110330,60.53,61.06,60.45,60.96,1901100
CB,20110331,60.75,61.72,60.62,61.31,2052700
CB,20110401,61.85,61.85,60.83,61.43,1556200
CB,20110404,61.43,62.03,61.43,61.86,1915000
CB,20110405,61.64,62.24,61.61,61.80,2036000
CB,20110406,62.00,62.33,61.81,62.30,1769400
CB,20110407,62.11,62.29,61.93,62.12,1340900
CB,20110408,62.05,62.37,61.89,62.12,1160300
CB,20110411,62.10,62.57,61.91,62.23,1860700
CB,20110412,61.68,62.16,61.63,61.73,982900
CB,20110413,61.93,62.12,61.59,61.87,1484700
CB,20110414,61.65,61.86,61.45,61.69,1756900
CB,20110415,61.82,61.94,61.41,61.87,1608700
CB,20110418,61.30,61.56,60.57,61.07,1598000
CB,20110419,61.12,61.18,60.44,60.50,1600300
CB,20110420,61.07,61.36,60.67,60.86,2431800
CB,20110421,61.22,61.97,61.07,61.56,1917300
CB,20110425,61.31,62.78,61.31,62.60,2097300
CB,20110426,62.75,63.12,62.61,63.06,2891800
