CBL,20090115,5.93,6.01,5.08,5.46,31376
CBL,20090116,5.75,6.17,5.40,5.67,25986
CBL,20090120,5.63,5.63,4.63,4.77,37877
CBL,20090121,4.99,5.65,4.69,5.64,29896
CBL,20090122,5.29,5.53,4.83,4.93,30333
CBL,20090123,4.80,5.04,4.66,4.95,15587
CBL,20090126,5.00,5.05,4.12,4.33,29690
CBL,20090127,4.38,4.98,4.24,4.32,19248
CBL,20090128,4.36,5.13,4.30,5.12,28034
CBL,20090129,4.85,4.97,4.46,4.46,19305
CBL,20090130,4.41,4.68,4.07,4.07,21170
CBL,20090202,4.19,4.48,3.87,4.45,16780
CBL,20090203,4.45,4.66,3.94,4.05,17569
CBL,20090204,4.05,4.38,3.85,3.88,17528
CBL,20090205,4.65,4.76,4.15,4.49,25005
CBL,20090206,4.53,4.88,4.29,4.80,21985
CBL,20090209,4.86,5.30,4.68,5.17,19973
CBL,20090210,4.99,5.32,4.86,4.96,27554
CBL,20090211,4.92,5.18,4.26,4.56,16922
CBL,20090212,4.41,4.46,4.05,4.28,15802
CBL,20090213,3.99,4.49,3.97,3.97,18992
CBL,20090217,3.86,4.09,3.36,3.38,21503
CBL,20090218,3.49,3.59,3.20,3.38,18124
CBL,20090219,3.58,3.65,3.19,3.19,19915
CBL,20090220,3.13,3.65,3.01,3.65,33718
CBL,20090223,3.75,3.83,3.09,3.11,19087
CBL,20090224,3.21,3.73,3.01,3.73,33145
CBL,20090225,3.72,3.74,3.27,3.46,21185
CBL,20090226,3.58,3.67,3.21,3.22,16538
CBL,20090227,3.21,3.32,3.04,3.10,17074
CBL,20090302,3.10,3.37,2.62,2.71,29652
CBL,20090303,2.75,2.86,2.45,2.46,29636
CBL,20090304,2.60,3.00,2.57,2.68,23756
CBL,20090305,2.79,2.94,2.36,2.38,37479
CBL,20090306,2.45,2.53,1.99,2.09,31663
CBL,20090309,2.14,2.50,2.08,2.15,36457
CBL,20090310,2.25,3.15,2.20,3.15,42794
CBL,20090311,2.99,3.02,2.31,2.33,30342
CBL,20090312,2.38,2.67,1.92,2.60,29901
CBL,20090313,2.64,2.86,2.48,2.66,16777
CBL,20090316,2.69,2.81,2.49,2.49,26125
CBL,20090317,2.49,2.64,2.36,2.64,26438
CBL,20090318,2.55,2.99,2.43,2.99,24279
CBL,20090319,3.05,3.13,2.62,2.64,23172
CBL,20090320,2.64,2.64,2.07,2.07,34124
CBL,20090323,2.20,2.60,2.20,2.60,43068
CBL,20090324,2.51,2.68,2.28,2.29,28831
CBL,20090325,2.66,2.80,2.30,2.66,32923
CBL,20090326,2.69,2.80,2.50,2.57,23899
CBL,20090327,2.50,2.57,2.25,2.28,22345
CBL,20090330,2.10,2.23,2.05,2.06,26668
CBL,20090331,2.10,2.38,2.07,2.36,30071
CBL,20090401,2.29,2.41,2.16,2.41,23788
CBL,20090402,2.58,2.66,2.45,2.60,35010
CBL,20090403,2.69,3.00,2.51,3.00,29142
CBL,20090406,2.99,3.40,2.84,3.37,27817
CBL,20090407,3.21,3.36,2.94,2.95,30068
CBL,20090408,2.98,3.15,2.95,3.08,16592
CBL,20090409,3.16,3.80,3.16,3.73,47958
CBL,20090413,3.70,4.29,3.50,4.16,25721
CBL,20090414,4.17,4.20,3.58,3.61,42691
CBL,20090415,3.89,4.50,3.72,4.44,37622
CBL,20090416,4.41,5.20,3.99,4.97,40284
CBL,20090417,5.00,6.75,4.86,5.88,52982
CBL,20090420,5.52,5.77,4.29,4.29,56599
CBL,20090421,4.44,5.50,4.00,5.32,57527
CBL,20090422,5.11,6.15,5.01,5.95,48527
CBL,20090423,6.10,6.81,5.81,6.81,39321
CBL,20090424,7.26,8.17,7.01,7.88,94764
CBL,20090427,7.86,7.86,6.72,6.87,51053
CBL,20090428,6.45,7.73,6.16,6.88,35721
CBL,20090429,7.08,7.76,7.00,7.76,31821
CBL,20090430,7.80,8.06,7.32,7.94,36500
CBL,20090501,7.87,8.07,6.93,7.06,34126
CBL,20090504,7.18,7.24,6.54,7.12,56633
CBL,20090505,6.90,7.23,6.71,6.91,31377
CBL,20090506,6.79,7.42,6.51,7.30,47778
CBL,20090507,7.47,7.67,6.66,6.74,50311
CBL,20090508,6.94,8.04,6.92,7.99,46261
CBL,20090511,7.49,8.27,7.49,7.91,35291
CBL,20090512,7.92,7.92,6.50,6.87,32313
CBL,20090513,7.02,7.02,5.92,5.98,29558
CBL,20090514,5.76,6.58,5.52,6.41,28041
CBL,20090515,6.44,6.58,5.55,5.80,30046
CBL,20090518,5.99,6.60,5.85,6.47,36384
CBL,20090519,6.60,6.72,6.18,6.41,25408
CBL,20090520,6.50,6.65,6.20,6.30,26767
CBL,20090521,6.14,6.59,6.01,6.49,36753
CBL,20090522,6.45,6.50,5.98,6.08,13395
CBL,20090526,6.09,6.63,5.85,6.52,30564
CBL,20090527,6.57,6.58,5.95,6.01,24859
CBL,20090528,6.10,6.40,5.90,6.12,17847
CBL,20090529,6.17,6.23,6.00,6.23,17871
CBL,20090601,6.36,6.95,6.23,6.68,24999
CBL,20090602,6.13,6.51,6.09,6.32,26409
CBL,20090603,6.13,6.35,6.00,6.13,13807
CBL,20090604,6.15,7.39,6.10,7.25,40274
CBL,20090605,7.36,7.50,6.87,7.36,22637
CBL,20090608,7.18,7.74,7.02,7.56,18481
CBL,20090609,6.85,6.90,6.43,6.57,73752
CBL,20090610,6.49,6.60,6.01,6.10,196298
CBL,20090611,6.07,6.26,6.00,6.01,72260
CBL,20090612,6.05,6.29,6.01,6.26,26367
CBL,20090615,6.14,6.25,5.92,5.94,36384
CBL,20090616,6.02,6.14,5.50,5.69,49275
CBL,20090617,5.66,5.74,5.21,5.29,42834
CBL,20090618,5.28,5.33,4.93,5.10,52890
CBL,20090619,5.16,5.54,5.14,5.50,74515
CBL,20090622,5.36,5.48,4.88,4.94,49938
CBL,20090623,5.02,5.14,4.88,5.04,30365
CBL,20090624,5.15,5.48,5.10,5.26,33575
CBL,20090625,5.08,5.32,5.05,5.19,26747
CBL,20090626,5.06,5.85,5.05,5.58,119434
CBL,20090629,5.60,5.60,5.31,5.37,29370
CBL,20090630,5.40,5.52,5.24,5.39,21717
CBL,20090701,5.77,5.85,5.47,5.61,29064
CBL,20090702,5.47,5.56,5.06,5.06,30499
CBL,20090706,5.24,5.29,4.95,5.09,30304
CBL,20090707,5.29,5.32,4.63,4.64,31839
CBL,20090708,4.70,4.74,4.10,4.43,51962
CBL,20090709,4.59,4.59,4.33,4.45,22553
CBL,20090710,4.38,4.44,4.21,4.40,14521
CBL,20090713,4.43,4.91,4.30,4.87,28607
CBL,20090714,4.88,5.02,4.61,5.02,16827
CBL,20090715,5.13,5.43,5.07,5.31,32258
CBL,20090716,5.25,5.31,4.94,5.20,22886
CBL,20090717,5.17,5.23,4.87,4.99,23969
CBL,20090720,5.00,5.24,4.95,5.10,24589
CBL,20090721,5.18,5.21,4.80,4.96,18224
CBL,20090722,4.89,5.09,4.81,5.01,24257
CBL,20090723,5.02,5.35,4.90,5.20,28440
CBL,20090724,5.13,5.32,5.01,5.23,22894
CBL,20090727,5.21,5.55,5.16,5.46,30004
CBL,20090728,5.39,5.49,5.34,5.41,27137
CBL,20090729,5.38,5.63,5.30,5.59,36425
CBL,20090730,5.62,5.80,5.51,5.78,37837
CBL,20090731,5.66,6.00,5.66,5.94,23445
CBL,20090803,6.04,6.17,5.95,6.02,18076
CBL,20090804,5.95,6.40,5.83,6.26,35891
CBL,20090805,6.50,7.85,6.50,7.50,118302
CBL,20090806,7.54,7.98,7.35,7.50,58664
CBL,20090807,7.68,8.80,7.68,8.18,81839
CBL,20090810,8.20,8.59,7.86,7.96,37562
CBL,20090811,7.85,7.85,7.36,7.64,25000
CBL,20090812,7.61,8.11,7.61,8.00,31347
CBL,20090813,8.21,8.47,8.02,8.15,27659
CBL,20090814,8.10,8.12,7.61,8.08,21453
CBL,20090817,7.75,7.75,7.22,7.32,26172
CBL,20090818,7.37,7.70,7.30,7.40,17065
CBL,20090819,7.14,7.48,7.13,7.36,16008
CBL,20090820,7.35,7.95,7.33,7.86,24282
CBL,20090821,7.93,8.46,7.87,8.10,26844
CBL,20090824,8.18,8.38,8.07,8.17,17969
CBL,20090825,8.14,8.57,8.06,8.44,30062
CBL,20090826,8.46,8.55,8.17,8.53,15812
CBL,20090827,8.48,8.87,8.30,8.73,39890
CBL,20090828,8.85,9.18,8.77,9.12,45219
CBL,20090831,8.88,9.44,8.76,9.37,141648
CBL,20090901,9.35,9.42,8.49,8.55,47041
CBL,20090902,8.30,8.47,8.02,8.11,48253
CBL,20090903,8.22,8.45,7.90,8.18,42542
CBL,20090904,8.18,8.24,7.84,8.09,24381
CBL,20090908,8.10,8.42,8.08,8.35,24863
CBL,20090909,8.35,8.66,8.25,8.64,35271
CBL,20090910,8.65,8.85,8.55,8.83,33586
CBL,20090911,8.88,8.97,8.78,8.85,27281
CBL,20090914,8.71,9.54,8.66,9.41,31735
CBL,20090915,9.38,10.08,9.38,9.83,44414
CBL,20090916,9.92,10.84,9.85,10.62,48642
CBL,20090917,10.57,11.17,9.81,10.12,38470
CBL,20090918,10.17,10.54,9.85,10.46,31377
CBL,20090921,10.21,10.31,9.70,10.22,36160
CBL,20090922,10.33,10.83,10.17,10.69,32053
CBL,20090923,10.56,10.73,9.86,9.88,25202
CBL,20090924,10.00,10.23,9.00,9.32,30800
CBL,20090925,9.03,9.32,8.83,9.20,31396
CBL,20090928,9.18,9.42,9.01,9.41,37510
CBL,20090929,9.44,9.98,9.30,9.66,35614
CBL,20090930,9.71,9.97,9.16,9.70,45509
CBL,20091001,9.70,9.77,8.90,8.92,33903
CBL,20091002,8.76,8.90,8.23,8.49,26343
CBL,20091005,8.46,9.35,8.43,9.13,40404
CBL,20091006,9.27,9.82,8.97,9.23,26186
CBL,20091007,9.18,9.43,9.06,9.18,15035
CBL,20091008,9.39,9.67,9.31,9.54,19322
CBL,20091009,9.52,9.74,9.40,9.70,14824
CBL,20091012,9.68,9.82,9.47,9.60,12507
CBL,20091013,9.57,9.73,9.18,9.33,17278
CBL,20091014,9.53,9.84,9.45,9.84,23171
CBL,20091015,9.72,9.83,9.59,9.75,16979
CBL,20091016,9.55,9.69,9.24,9.34,24428
CBL,20091019,9.38,9.66,9.28,9.66,17340
CBL,20091020,9.66,9.68,9.10,9.28,22560
CBL,20091021,9.20,9.68,9.20,9.22,29524
CBL,20091022,9.22,9.50,8.90,9.48,22273
CBL,20091023,9.52,9.52,9.01,9.09,16588
CBL,20091026,9.14,9.50,9.00,9.31,38633
CBL,20091027,9.39,9.39,8.70,8.72,27067
CBL,20091028,8.70,8.84,8.07,8.08,31820
CBL,20091029,8.22,8.98,8.08,8.78,26177
CBL,20091030,8.67,8.69,7.88,8.16,37939
CBL,20091102,8.24,8.46,7.60,7.96,31010
CBL,20091103,7.73,8.25,7.73,8.22,35039
CBL,20091104,8.30,9.40,7.94,7.97,57521
CBL,20091105,8.11,8.45,8.03,8.40,27107
CBL,20091106,8.21,8.48,8.05,8.32,15376
CBL,20091109,8.50,8.90,8.35,8.90,31606
CBL,20091110,8.79,8.94,8.60,8.76,15359
CBL,20091111,8.86,9.21,8.86,9.20,27584
CBL,20091112,9.21,9.28,9.08,9.10,22346
CBL,20091113,9.21,9.48,9.10,9.41,20126
CBL,20091116,9.41,9.80,9.33,9.64,20649
CBL,20091117,9.52,9.86,9.41,9.76,28188
CBL,20091118,9.75,10.00,9.70,9.94,15348
CBL,20091119,9.80,9.85,9.61,9.75,25837
CBL,20091120,9.61,9.84,9.56,9.56,19889
CBL,20091123,9.86,9.99,9.43,9.57,17544
CBL,20091124,9.60,9.63,9.10,9.17,14550
CBL,20091125,9.26,9.42,9.19,9.19,8636
CBL,20091127,8.82,9.13,8.77,8.83,8763
CBL,20091130,8.90,9.33,8.72,9.26,29556
CBL,20091201,9.39,9.80,9.24,9.67,28113
CBL,20091202,9.31,9.90,9.31,9.86,27706
CBL,20091203,9.84,10.12,9.75,9.94,34327
CBL,20091204,10.09,10.69,10.09,10.46,27946
CBL,20091207,10.47,10.53,10.15,10.25,14879
CBL,20091208,10.08,10.47,9.93,9.96,18556
CBL,20091209,10.01,10.11,9.80,9.90,16620
CBL,20091210,10.02,10.08,9.33,9.48,15502
CBL,20091211,9.54,9.80,9.51,9.78,11921
CBL,20091214,9.86,9.95,9.60,9.87,14281
CBL,20091215,9.85,9.90,9.66,9.71,14904
CBL,20091216,9.80,9.90,9.66,9.81,13290
CBL,20091217,9.66,9.75,9.50,9.63,11511
CBL,20091218,9.44,9.79,9.40,9.68,24131
CBL,20091221,9.69,9.89,9.61,9.87,8755
CBL,20091222,9.83,9.99,9.73,9.97,9879
CBL,20091223,9.95,10.67,9.95,10.24,16976
CBL,20091224,10.34,10.52,10.30,10.50,4870
CBL,20091228,10.52,10.67,10.30,10.38,12319
CBL,20091229,10.46,10.50,9.71,9.76,22921
CBL,20091230,9.72,9.90,9.63,9.90,8414
CBL,20091231,9.93,10.22,9.63,9.67,16515
CBL,20100104,9.78,10.19,9.70,10.06,16767
CBL,20100105,10.07,10.72,9.92,10.49,30318
CBL,20100106,10.41,10.62,10.28,10.29,17884
CBL,20100107,10.14,10.73,9.99,10.66,19195
CBL,20100108,10.55,10.66,10.20,10.30,13481
CBL,20100111,10.51,10.85,10.33,10.44,15036
CBL,20100112,10.31,10.31,10.00,10.15,16853
CBL,20100113,10.25,10.53,10.17,10.51,12355
CBL,20100114,10.44,10.66,10.36,10.60,11509
CBL,20100115,10.60,10.64,10.26,10.38,16896
CBL,20100119,10.39,10.80,10.35,10.77,14868
CBL,20100120,10.64,10.97,10.39,10.92,18838
CBL,20100121,10.99,11.09,10.38,10.42,29598
CBL,20100122,10.46,10.66,10.11,10.16,22294
CBL,20100125,10.22,10.35,9.95,10.33,19212
CBL,20100126,10.15,10.27,10.00,10.01,12225
CBL,20100127,9.97,10.40,9.81,10.35,17209
CBL,20100128,10.42,10.45,9.90,10.10,13236
CBL,20100129,10.16,10.32,9.90,10.00,16497
CBL,20100201,10.11,10.39,10.04,10.29,12304
CBL,20100202,10.27,10.53,10.10,10.50,24969
CBL,20100203,10.40,10.51,10.09,10.19,20945
CBL,20100204,10.10,10.30,9.76,9.78,33635
CBL,20100205,9.85,10.25,9.52,10.14,29042
CBL,20100208,10.11,10.36,9.60,9.61,18281
CBL,20100209,9.84,10.08,9.62,9.69,21437
CBL,20100210,9.65,9.82,9.42,9.58,9918
CBL,20100211,9.55,9.75,9.21,9.73,18487
CBL,20100212,9.56,9.86,9.45,9.82,12768
CBL,20100216,9.91,10.19,9.90,10.18,15285
CBL,20100217,10.26,10.82,10.19,10.78,19882
CBL,20100218,10.79,11.43,10.69,11.23,29785
CBL,20100219,11.17,11.28,11.06,11.19,14960
CBL,20100222,11.24,11.36,11.09,11.23,21620
CBL,20100223,11.41,11.50,11.21,11.21,22963
CBL,20100224,11.24,11.77,11.24,11.66,24272
CBL,20100225,11.40,11.88,11.34,11.81,15707
CBL,20100226,11.80,12.02,11.56,11.89,19016
CBL,20100301,12.04,12.25,11.99,12.14,17238
CBL,20100302,12.17,12.45,12.14,12.30,13793
CBL,20100303,12.24,12.53,12.15,12.35,10280
CBL,20100304,12.44,12.60,12.32,12.57,14078
CBL,20100305,12.71,13.39,12.59,13.29,19597
CBL,20100308,13.25,13.98,13.10,13.77,26782
CBL,20100309,13.71,14.66,13.65,14.13,40362
CBL,20100310,14.20,14.84,14.08,14.33,33794
CBL,20100311,14.22,14.34,14.11,14.26,14328
CBL,20100312,14.38,14.66,14.16,14.36,15687
CBL,20100315,14.34,14.41,13.84,14.35,20474
CBL,20100316,14.40,15.34,14.39,14.80,33592
CBL,20100317,14.95,15.56,14.95,15.27,26556
CBL,20100318,15.30,15.50,15.06,15.35,15297
CBL,20100319,15.38,15.49,14.91,14.97,21844
CBL,20100322,14.80,15.28,14.60,14.98,23703
CBL,20100323,14.61,14.75,13.88,13.99,49173
CBL,20100324,13.88,14.63,13.84,14.25,22980
CBL,20100325,14.39,14.90,14.26,14.32,19271
CBL,20100326,14.25,14.59,13.85,13.89,14167
CBL,20100329,13.93,14.00,13.72,13.94,10540
CBL,20100330,13.93,14.20,13.87,14.12,10904
CBL,20100331,14.00,14.21,13.69,13.70,13230
CBL,20100401,13.82,14.25,13.74,14.20,15961
CBL,20100405,14.31,15.02,14.24,14.99,16894
CBL,20100406,14.92,15.63,14.87,15.23,20282
CBL,20100407,15.15,15.30,14.64,14.89,20765
CBL,20100408,14.83,14.95,14.51,14.79,13182
CBL,20100409,14.83,15.21,14.65,15.08,11877
CBL,20100412,15.07,15.21,14.64,14.64,13699
CBL,20100413,14.61,15.07,14.55,14.98,16377
CBL,20100414,15.15,15.61,15.07,15.40,24693
CBL,20100415,15.23,15.29,14.52,14.58,20057
CBL,20100416,14.69,14.80,14.04,14.10,20132
CBL,20100419,13.86,14.45,13.74,14.17,14415
CBL,20100420,14.30,14.49,13.93,14.42,9909
CBL,20100421,14.35,14.87,14.35,14.51,21601
CBL,20100422,14.29,14.79,14.23,14.72,14216
CBL,20100423,14.72,15.04,14.55,15.02,14132
CBL,20100426,15.03,15.38,14.95,15.20,13256
CBL,20100427,15.02,15.17,14.17,14.21,33012
CBL,20100428,14.37,14.57,13.94,14.03,21300
CBL,20100429,14.24,15.20,14.17,15.07,35232
CBL,20100430,15.32,15.64,14.54,14.60,28007
CBL,20100503,14.79,15.74,14.79,15.62,20611
CBL,20100504,15.26,15.34,14.71,14.97,21527
CBL,20100505,14.58,15.30,14.31,14.80,23681
CBL,20100506,14.65,14.88,12.71,14.09,44728
CBL,20100507,14.12,14.60,13.35,13.70,49161
CBL,20100510,14.56,14.95,14.42,14.94,25746
CBL,20100511,14.65,15.45,14.57,15.31,24737
CBL,20100512,15.38,16.20,15.30,16.06,34900
CBL,20100513,16.01,16.59,15.94,16.17,29342
CBL,20100514,15.99,16.15,15.40,15.68,27771
CBL,20100517,15.81,16.18,15.00,15.72,19741
CBL,20100518,16.11,16.20,15.00,15.11,21911
CBL,20100519,14.98,15.45,14.19,14.88,20726
CBL,20100520,14.25,14.46,13.53,13.62,30924
CBL,20100521,13.34,14.18,12.87,13.97,34531
CBL,20100524,13.98,14.22,13.43,13.45,14436
CBL,20100525,12.87,13.64,12.61,13.55,21994
CBL,20100526,13.78,14.32,13.42,13.48,23841
CBL,20100527,14.05,14.82,13.94,14.67,36453
CBL,20100528,14.64,14.80,14.21,14.29,19523
CBL,20100601,14.12,14.37,13.73,13.76,22763
CBL,20100602,14.03,14.39,13.51,14.34,32704
CBL,20100603,14.41,14.75,14.25,14.55,26387
CBL,20100604,14.03,14.25,13.18,13.22,43494
CBL,20100607,13.35,13.45,12.60,12.64,43191
CBL,20100608,12.69,12.92,12.19,12.83,38509
CBL,20100609,13.00,13.54,12.86,13.00,30229
CBL,20100610,13.35,13.96,13.18,13.88,26051
CBL,20100611,13.67,14.14,13.58,14.05,24482
CBL,20100614,14.19,14.50,14.00,14.23,20028
CBL,20100615,14.30,14.73,14.11,14.63,23180
CBL,20100616,14.45,14.70,14.32,14.49,16009
CBL,20100617,14.56,14.68,14.05,14.31,16605
CBL,20100618,14.42,14.47,14.18,14.24,23478
CBL,20100621,14.63,14.75,14.15,14.27,16852
CBL,20100622,14.39,14.43,13.56,13.59,20833
CBL,20100623,13.52,13.94,13.26,13.63,15908
CBL,20100624,13.53,13.75,13.27,13.41,21226
CBL,20100625,13.46,13.83,13.30,13.66,19400
CBL,20100628,13.46,13.60,13.14,13.17,18922
CBL,20100629,12.80,12.89,12.20,12.40,29638
CBL,20100630,12.40,12.97,12.30,12.44,26519
CBL,20100701,12.35,12.58,11.77,12.44,27301
CBL,20100702,12.47,12.63,11.67,11.77,42707
CBL,20100706,12.06,12.15,11.03,11.20,36624
CBL,20100707,11.22,11.86,11.10,11.83,35616
CBL,20100708,12.13,12.38,11.73,12.04,26827
CBL,20100709,12.07,12.31,11.98,12.25,16159
CBL,20100712,12.16,12.21,11.77,12.03,15594
CBL,20100713,12.34,12.72,12.18,12.60,21833
CBL,20100714,12.49,12.83,12.23,12.60,16636
CBL,20100715,12.62,12.69,12.24,12.47,18463
CBL,20100716,12.33,12.35,11.97,12.07,31529
CBL,20100719,12.11,12.33,11.81,12.29,23340
CBL,20100720,12.04,13.00,11.90,12.87,31574
CBL,20100721,13.00,13.05,12.68,12.69,42444
CBL,20100722,12.95,13.60,12.87,13.43,41355
CBL,20100723,13.24,13.75,13.15,13.75,23172
CBL,20100726,13.80,14.20,13.60,14.00,22507
CBL,20100727,14.19,14.37,13.71,13.96,24730
CBL,20100728,13.88,14.28,13.88,14.04,19951
CBL,20100729,14.29,14.33,13.76,14.02,30865
CBL,20100730,13.73,14.28,13.70,14.07,29239
CBL,20100802,14.44,14.77,14.17,14.66,30224
CBL,20100803,14.56,14.62,14.19,14.38,24732
CBL,20100804,14.31,14.48,13.78,13.94,38060
CBL,20100805,13.61,13.80,13.27,13.40,34213
CBL,20100806,13.25,13.52,13.04,13.42,23558
CBL,20100809,13.63,13.81,13.36,13.77,15964
CBL,20100810,13.54,13.70,13.17,13.41,19400
CBL,20100811,13.00,13.16,12.76,13.06,35330
CBL,20100812,12.70,13.05,12.50,12.55,26890
CBL,20100813,12.53,12.61,12.28,12.28,24340
CBL,20100816,12.23,12.67,12.08,12.38,18269
CBL,20100817,12.63,12.94,12.43,12.74,20810
CBL,20100818,12.68,12.75,12.55,12.62,21520
CBL,20100819,12.50,12.57,12.00,12.11,30546
CBL,20100820,12.00,12.09,11.79,12.06,14743
CBL,20100823,12.18,12.24,12.01,12.03,15402
CBL,20100824,11.83,12.12,11.66,11.90,18863
CBL,20100825,11.73,12.45,11.67,12.39,21065
CBL,20100826,12.47,12.58,12.03,12.07,22676
CBL,20100827,12.26,12.45,11.86,12.32,24475
CBL,20100830,12.24,12.39,12.17,12.18,16484
CBL,20100831,12.18,12.40,11.98,12.20,20878
CBL,20100901,12.49,12.67,12.38,12.65,38960
CBL,20100902,12.60,13.08,12.52,13.07,20320
CBL,20100903,13.22,13.35,13.03,13.10,21889
CBL,20100907,12.93,13.02,12.78,12.84,15518
CBL,20100908,12.97,13.09,12.82,12.91,10507
CBL,20100909,13.10,13.18,12.72,12.84,13298
CBL,20100910,12.80,13.02,12.76,13.01,11223
CBL,20100913,13.11,13.40,13.11,13.38,19531
CBL,20100914,13.24,13.46,13.14,13.39,20665
CBL,20100915,13.24,13.65,13.17,13.57,16204
CBL,20100916,13.52,13.58,13.35,13.48,13057
CBL,20100917,13.62,13.66,13.36,13.59,12699
CBL,20100920,13.69,14.11,13.51,14.04,20287
CBL,20100921,14.10,14.13,13.61,13.62,23837
CBL,20100922,13.59,13.66,13.16,13.31,30309
CBL,20100923,13.07,13.30,12.73,12.79,34791
CBL,20100924,13.07,13.48,13.02,13.44,21452
CBL,20100927,13.50,13.51,13.10,13.18,19239
CBL,20100928,13.05,13.09,12.73,12.91,23842
CBL,20100929,12.81,12.89,12.63,12.79,23578
CBL,20100930,12.85,13.16,12.76,13.06,34548
CBL,20101001,13.20,13.25,12.98,13.15,24565
CBL,20101004,13.15,13.43,13.09,13.39,20149
CBL,20101005,13.57,13.67,13.28,13.55,34100
CBL,20101006,13.50,13.57,13.34,13.45,17936
CBL,20101007,13.60,13.69,13.41,13.60,15881
CBL,20101008,13.64,13.70,13.50,13.57,20118
CBL,20101011,13.59,13.75,13.48,13.66,22683
CBL,20101012,13.66,14.23,13.56,13.99,22876
CBL,20101013,14.16,14.55,13.91,14.39,26789
CBL,20101014,14.28,14.52,14.24,14.44,23148
CBL,20101015,14.61,14.75,14.43,14.68,31159
CBL,20101018,14.71,15.06,14.64,15.06,20540
CBL,20101019,14.73,15.20,14.70,14.97,34695
CBL,20101020,15.13,15.98,15.05,15.60,36242
CBL,20101021,15.73,15.76,15.41,15.60,24263
CBL,20101022,15.60,15.90,15.60,15.79,16320
CBL,20101025,15.98,16.29,15.92,16.10,27716
CBL,20101026,15.95,16.30,15.79,16.18,21574
CBL,20101027,16.04,16.26,15.86,15.92,18430
CBL,20101028,16.12,16.34,15.50,15.68,15534
CBL,20101029,15.58,15.85,15.58,15.68,19079
CBL,20101101,15.82,16.25,15.74,16.09,18605
CBL,20101102,16.27,16.57,15.96,16.48,20895
CBL,20101103,16.50,17.46,16.34,17.28,54427
CBL,20101104,17.49,18.20,16.37,18.12,47240
CBL,20101105,17.61,19.00,17.40,18.47,53044
CBL,20101108,18.45,18.68,18.23,18.37,18421
CBL,20101109,18.56,18.56,16.90,17.17,45722
CBL,20101110,17.28,17.53,16.87,17.50,22466
CBL,20101111,17.33,17.57,17.19,17.33,12040
CBL,20101112,17.17,17.39,16.87,16.95,12816
CBL,20101115,17.14,17.32,16.69,16.76,21025
CBL,20101116,16.64,16.75,15.67,15.86,26111
CBL,20101117,15.96,16.27,15.87,16.08,15894
CBL,20101118,16.40,16.52,16.23,16.42,16506
CBL,20101119,16.43,16.75,16.21,16.53,13557
CBL,20101122,16.53,16.79,16.29,16.53,8397
CBL,20101123,16.22,16.38,16.14,16.29,8760
CBL,20101124,16.70,17.01,16.49,16.87,11155
CBL,20101126,16.62,16.98,16.59,16.89,2899
CBL,20101129,16.87,17.02,16.50,16.74,14959
CBL,20101130,16.50,16.66,16.37,16.50,16396
CBL,20101201,16.89,16.98,16.61,16.92,15895
CBL,20101202,16.94,17.39,16.91,17.32,20215
CBL,20101203,17.20,17.59,17.14,17.49,12201
CBL,20101206,17.43,17.76,17.29,17.51,16792
CBL,20101207,17.79,18.03,17.65,17.72,14308
CBL,20101208,17.73,17.87,17.19,17.31,10314
CBL,20101209,17.32,17.56,17.29,17.46,19433
CBL,20101210,17.44,18.06,17.25,17.77,17478
CBL,20101213,17.78,18.05,17.65,17.71,6889
CBL,20101214,17.80,17.99,17.00,17.18,20043
CBL,20101215,17.23,17.33,16.77,16.80,16594
CBL,20101216,16.93,17.06,16.75,16.88,9224
CBL,20101217,16.90,17.22,16.78,17.07,19283
CBL,20101220,17.20,17.49,17.11,17.41,9444
CBL,20101221,17.42,17.69,17.41,17.66,7687
CBL,20101222,17.76,18.02,17.53,17.83,11347
CBL,20101223,17.85,17.99,17.64,17.64,7893
CBL,20101227,17.59,17.77,17.42,17.73,8347
CBL,20101228,17.57,17.80,17.37,17.60,10065
CBL,20101229,17.63,17.72,17.36,17.66,17939
CBL,20101230,17.65,17.82,17.59,17.72,5972
CBL,20101231,17.77,17.85,17.44,17.50,15968
CBL,20110103,17.69,18.00,17.69,17.96,12094
CBL,20110104,18.05,18.15,17.13,17.46,36342
CBL,20110105,17.39,18.06,17.31,18.05,20894
CBL,20110106,18.05,18.05,17.41,17.56,18533
CBL,20110107,17.60,17.85,17.04,17.30,20306
CBL,20110110,17.35,17.48,17.10,17.32,2344300
CBL,20110111,17.38,17.55,16.94,17.04,1779000
CBL,20110112,16.72,17.22,16.65,17.11,1194300
CBL,20110113,17.09,17.35,16.97,17.12,1041200
CBL,20110114,17.05,17.44,17.03,17.37,1002400
CBL,20110118,17.42,17.53,17.01,17.48,1384000
CBL,20110119,17.51,17.74,16.85,17.10,1377500
CBL,20110120,16.94,17.19,16.72,16.83,1916200
CBL,20110121,16.92,16.96,16.69,16.87,976100
CBL,20110124,16.79,17.04,16.77,16.90,1040800
CBL,20110125,16.81,16.95,16.59,16.95,1122800
CBL,20110126,16.97,17.13,16.72,17.09,1404000
CBL,20110127,17.18,17.86,17.07,17.48,1864000
CBL,20110128,17.50,17.53,16.69,16.80,1182000
CBL,20110131,16.88,17.39,16.81,17.06,1171800
CBL,20110201,17.16,17.29,16.94,17.25,1347700
CBL,20110202,17.25,17.45,17.09,17.28,1229200
CBL,20110203,17.30,17.42,17.10,17.12,1589900
CBL,20110204,17.16,17.21,16.88,17.08,1286000
CBL,20110207,17.18,17.80,17.13,17.74,1265900
CBL,20110208,17.77,18.05,17.69,17.94,1089300
CBL,20110209,17.93,18.72,17.74,18.10,2405200
CBL,20110210,17.88,18.19,17.86,17.99,1350500
CBL,20110211,18.00,18.48,17.77,18.41,1424100
CBL,20110214,18.42,18.46,18.01,18.26,776300
CBL,20110215,18.05,18.27,17.98,18.08,754900
CBL,20110216,18.18,18.50,18.08,18.24,936000
CBL,20110217,18.22,18.49,18.12,18.42,2271000
CBL,20110218,18.44,18.62,18.30,18.50,1766400
CBL,20110222,18.23,18.56,18.13,18.36,1790000
CBL,20110223,18.37,18.40,17.70,17.75,3325600
CBL,20110224,17.78,17.78,17.17,17.44,2122000
CBL,20110225,17.49,17.68,17.32,17.57,1462800
CBL,20110228,17.70,18.11,17.58,17.85,1599100
CBL,20110301,17.98,18.01,17.24,17.33,1342100
CBL,20110302,17.39,17.49,16.90,17.11,1615600
CBL,20110303,17.42,17.52,17.13,17.39,2044700
CBL,20110304,17.45,17.48,17.14,17.38,1287700
CBL,20110307,17.46,17.70,17.21,17.54,1435100
CBL,20110308,17.50,17.98,17.49,17.84,2004700
CBL,20110309,17.84,18.20,17.79,18.14,962300
CBL,20110310,17.90,17.92,17.47,17.54,1374900
CBL,20110311,17.35,17.75,17.25,17.64,913300
CBL,20110314,17.37,17.54,17.19,17.45,1109700
CBL,20110315,16.88,17.48,16.66,17.28,1256300
CBL,20110316,17.17,17.34,16.75,16.84,1598000
CBL,20110317,17.16,17.50,17.04,17.34,1180500
CBL,20110318,17.51,17.69,17.30,17.43,1428300
CBL,20110321,17.73,17.77,17.30,17.64,1757300
CBL,20110322,17.71,17.74,17.05,17.27,1864000
CBL,20110323,17.24,17.36,16.95,17.19,1900800
CBL,20110324,17.26,17.44,17.04,17.32,1441000
CBL,20110325,17.41,17.70,17.32,17.38,1721700
CBL,20110328,17.23,17.43,17.04,17.06,1327300
CBL,20110329,17.10,17.27,16.94,17.22,2109600
CBL,20110330,17.29,17.44,17.10,17.30,2086000
CBL,20110331,17.33,17.50,17.20,17.42,1937800
CBL,20110401,17.48,17.60,17.00,17.13,1342200
CBL,20110404,17.25,17.56,17.22,17.40,1290200
CBL,20110405,17.32,17.51,17.05,17.36,963700
CBL,20110406,17.46,17.54,17.36,17.51,1127600
CBL,20110407,17.46,17.77,17.36,17.72,2261000
CBL,20110408,17.83,17.85,17.39,17.45,1897000
CBL,20110411,17.44,17.68,17.05,17.16,1402300
CBL,20110412,17.03,17.41,16.87,16.94,1963900
CBL,20110413,17.08,17.22,16.98,17.12,1135000
CBL,20110414,16.96,17.49,16.96,17.48,1270900
CBL,20110415,17.47,17.79,17.46,17.74,1337400
CBL,20110418,17.68,17.68,17.41,17.53,882300
CBL,20110419,17.62,17.73,17.52,17.65,840700
CBL,20110420,17.80,17.80,17.48,17.70,1794000
CBL,20110421,17.80,17.87,17.50,17.79,1975700
CBL,20110425,17.71,18.01,17.58,17.95,2054500
CBL,20110426,17.99,18.63,17.86,18.38,1350800
