CCI,20090115,18.41,18.46,17.00,18.10,25647
CCI,20090116,18.43,18.99,17.89,18.70,18507
CCI,20090120,18.66,18.66,16.96,17.02,16293
CCI,20090121,17.50,18.72,16.97,18.72,23837
CCI,20090122,18.29,20.35,18.29,20.00,47737
CCI,20090123,19.09,19.86,18.39,19.65,49609
CCI,20090126,19.58,20.23,19.42,19.71,29931
CCI,20090127,19.99,20.20,18.69,19.59,25215
CCI,20090128,19.67,20.79,19.67,20.68,22830
CCI,20090129,20.39,20.44,19.85,19.95,15378
CCI,20090130,19.84,20.33,19.23,19.52,26276
CCI,20090202,19.45,19.54,18.78,19.31,15045
CCI,20090203,19.52,20.60,19.23,20.52,25902
CCI,20090204,20.38,21.15,19.72,19.96,31142
CCI,20090205,19.69,20.26,19.40,20.02,19369
CCI,20090206,20.31,20.64,19.85,20.51,17473
CCI,20090209,20.32,20.47,19.69,20.21,15086
CCI,20090210,20.00,20.51,18.82,18.98,19319
CCI,20090211,19.13,19.51,18.90,19.33,11800
CCI,20090212,18.70,19.44,18.57,19.39,17715
CCI,20090213,19.17,19.78,19.10,19.17,18789
CCI,20090217,18.49,18.67,17.31,17.51,28201
CCI,20090218,17.84,17.84,16.22,16.80,46562
CCI,20090219,17.22,17.22,15.74,15.99,31989
CCI,20090220,15.45,17.03,15.45,16.83,32571
CCI,20090223,16.84,16.99,15.83,15.90,21766
CCI,20090224,15.94,16.91,15.50,16.80,31894
CCI,20090225,16.50,18.25,15.88,17.76,42238
CCI,20090226,18.28,18.75,17.53,17.70,32694
CCI,20090227,17.05,17.89,16.81,17.54,37272
CCI,20090302,16.98,17.32,16.24,16.39,24092
CCI,20090303,16.54,16.70,15.40,15.84,39690
CCI,20090304,16.33,17.47,16.21,17.14,36455
CCI,20090305,16.68,16.99,16.39,16.51,32312
CCI,20090306,17.03,17.03,16.44,16.74,31558
CCI,20090309,16.39,17.08,16.39,16.71,20501
CCI,20090310,16.86,18.54,16.79,18.48,24849
CCI,20090311,18.60,19.67,18.56,19.40,31524
CCI,20090312,18.62,20.30,18.40,20.19,39171
CCI,20090313,20.47,20.47,19.32,20.23,18621
CCI,20090316,20.34,20.61,19.19,19.26,18058
CCI,20090317,18.97,19.81,18.84,19.57,32807
CCI,20090318,19.69,20.32,19.06,20.09,31311
CCI,20090319,20.23,20.42,19.71,20.05,16928
CCI,20090320,20.12,20.32,19.30,19.45,13790
CCI,20090323,19.96,21.10,19.65,21.10,18492
CCI,20090324,20.85,21.70,20.85,20.87,18899
CCI,20090325,21.26,21.78,20.50,21.37,14561
CCI,20090326,21.31,21.99,21.15,21.61,27568
CCI,20090327,21.08,21.75,20.82,21.57,15613
CCI,20090330,21.00,21.28,20.31,20.53,22054
CCI,20090331,20.75,20.87,20.41,20.41,18580
CCI,20090401,20.21,21.28,19.96,21.09,21424
CCI,20090402,21.83,23.56,21.64,23.13,50053
CCI,20090403,23.00,24.90,22.91,24.01,50633
CCI,20090406,23.46,23.92,22.82,23.85,27134
CCI,20090407,23.24,23.95,23.01,23.50,25789
CCI,20090408,23.70,24.10,23.45,24.04,17998
CCI,20090409,24.49,25.22,24.43,25.11,31084
CCI,20090413,24.53,25.06,24.35,24.89,19581
CCI,20090414,24.80,24.80,23.34,23.50,34853
CCI,20090415,23.23,24.55,23.04,24.48,48763
CCI,20090416,24.69,24.82,23.74,24.24,38635
CCI,20090417,24.24,24.30,23.73,23.77,25302
CCI,20090420,23.21,23.71,22.34,22.47,19365
CCI,20090421,22.28,22.81,22.25,22.77,17177
CCI,20090422,22.39,23.30,22.26,22.71,23468
CCI,20090423,22.54,22.95,22.05,22.66,36875
CCI,20090424,22.74,23.62,22.60,23.34,17346
CCI,20090427,23.03,23.59,22.70,23.18,15982
CCI,20090428,22.77,23.00,22.24,22.34,19831
CCI,20090429,22.76,24.00,22.55,23.61,21083
CCI,20090430,24.97,27.23,22.88,24.52,84460
CCI,20090501,24.74,24.92,23.90,24.14,25811
CCI,20090504,24.08,24.66,23.35,24.07,28490
CCI,20090505,24.07,24.53,23.14,24.21,23257
CCI,20090506,24.54,24.72,23.81,24.43,17898
CCI,20090507,24.45,24.53,22.99,23.24,24955
CCI,20090508,23.53,23.79,22.84,23.17,21818
CCI,20090511,22.58,23.75,22.58,23.41,15348
CCI,20090512,23.52,23.81,22.48,22.95,17688
CCI,20090513,22.28,22.89,21.79,21.97,15190
CCI,20090514,22.10,22.68,21.69,22.38,14699
CCI,20090515,22.19,22.50,21.79,21.90,19630
CCI,20090518,22.21,23.50,22.16,23.42,16221
CCI,20090519,23.36,23.59,23.01,23.11,10386
CCI,20090520,23.42,23.79,23.12,23.26,14106
CCI,20090521,22.76,22.99,22.38,22.66,12724
CCI,20090522,22.71,22.89,22.19,22.63,9486
CCI,20090526,22.49,23.47,22.26,23.34,14013
CCI,20090527,23.31,24.12,23.16,23.70,20190
CCI,20090528,24.17,24.57,23.60,24.49,24539
CCI,20090529,24.61,24.83,24.15,24.26,57863
CCI,20090601,24.52,24.94,24.33,24.70,18128
CCI,20090602,24.41,24.88,23.88,24.33,17006
CCI,20090603,24.00,24.00,22.72,22.99,20859
CCI,20090604,23.27,23.27,22.50,22.88,17110
CCI,20090605,23.25,23.43,22.60,23.06,18031
CCI,20090608,22.90,22.90,22.12,22.42,13453
CCI,20090609,22.52,23.21,22.34,23.16,17184
CCI,20090610,23.50,23.50,22.04,22.23,23144
CCI,20090611,22.15,22.59,22.00,22.42,22307
CCI,20090612,22.15,23.34,22.15,23.21,21084
CCI,20090615,22.98,22.98,22.43,22.57,12823
CCI,20090616,22.64,23.04,22.24,22.33,15268
CCI,20090617,22.31,22.62,21.88,22.25,18782
CCI,20090618,22.19,22.57,22.01,22.33,11307
CCI,20090619,22.49,22.81,22.28,22.50,9772
CCI,20090622,22.28,22.30,21.71,21.84,13086
CCI,20090623,21.81,22.21,21.49,22.07,18589
CCI,20090624,22.42,23.60,22.39,23.37,26383
CCI,20090625,23.17,23.99,23.04,23.96,15255
CCI,20090626,23.89,24.99,23.65,24.55,31897
CCI,20090629,23.64,24.59,23.64,24.14,15508
CCI,20090630,24.15,24.25,23.67,24.02,11692
CCI,20090701,23.94,24.53,23.94,24.31,17918
CCI,20090702,23.78,24.59,23.67,24.40,32781
CCI,20090706,24.35,24.39,23.18,23.41,24515
CCI,20090707,23.53,23.59,22.78,23.12,21675
CCI,20090708,23.09,23.36,22.73,23.29,19722
CCI,20090709,23.47,24.13,23.19,23.80,18320
CCI,20090710,23.84,24.12,23.36,23.77,14517
CCI,20090713,23.80,24.17,23.55,24.17,18019
CCI,20090714,24.25,24.49,23.91,24.26,12828
CCI,20090715,24.42,25.42,24.35,25.33,15085
CCI,20090716,25.42,25.69,25.02,25.60,6718
CCI,20090717,25.55,25.56,25.09,25.42,10024
CCI,20090720,25.44,26.25,25.38,26.18,15758
CCI,20090721,26.47,27.05,26.39,26.96,22416
CCI,20090722,26.77,27.43,26.60,26.99,17612
CCI,20090723,27.27,27.87,27.05,27.70,12936
CCI,20090724,27.52,27.60,27.07,27.38,10675
CCI,20090727,27.65,27.65,26.75,27.16,20073
CCI,20090728,26.85,27.53,26.63,27.47,14523
CCI,20090729,27.12,27.27,26.53,27.06,11324
CCI,20090730,27.43,29.43,27.43,29.09,33235
CCI,20090731,29.09,29.57,28.71,28.74,27232
CCI,20090803,29.17,29.23,28.66,28.94,21343
CCI,20090804,28.87,29.65,28.71,29.28,18665
CCI,20090805,29.84,29.99,28.55,28.87,16780
CCI,20090806,29.12,29.24,27.98,28.18,14387
CCI,20090807,28.40,28.95,27.99,28.11,12414
CCI,20090810,28.00,28.24,27.43,27.49,12792
CCI,20090811,27.38,27.69,26.99,27.01,19343
CCI,20090812,27.19,27.65,26.92,27.08,24456
CCI,20090813,27.35,28.18,27.20,28.08,11730
CCI,20090814,28.01,28.01,27.35,27.60,10954
CCI,20090817,26.97,27.09,26.58,26.60,8855
CCI,20090818,26.67,27.75,26.51,27.63,13886
CCI,20090819,27.16,27.97,27.01,27.94,15410
CCI,20090820,27.87,28.54,27.73,28.51,13916
CCI,20090821,28.71,29.08,28.45,28.92,15609
CCI,20090824,29.09,29.12,28.36,28.50,10177
CCI,20090825,28.50,29.16,28.38,28.47,9078
CCI,20090826,28.42,28.79,28.12,28.21,9819
CCI,20090827,28.49,28.49,27.69,27.94,14081
CCI,20090828,28.15,28.50,27.51,27.63,14532
CCI,20090831,27.32,27.34,26.69,26.86,16073
CCI,20090901,26.62,27.03,25.97,26.07,29398
CCI,20090902,25.80,26.52,25.79,26.13,18668
CCI,20090903,26.22,27.04,26.10,26.94,25389
CCI,20090904,27.06,28.05,26.71,27.83,19928
CCI,20090908,27.97,28.39,27.83,28.33,21223
CCI,20090909,28.12,28.73,28.05,28.71,10960
CCI,20090910,28.80,29.08,28.46,29.08,12401
CCI,20090911,29.33,29.90,29.18,29.75,18512
CCI,20090914,29.68,29.68,28.82,29.24,23161
CCI,20090915,29.35,29.91,29.13,29.80,14276
CCI,20090916,30.17,30.83,29.95,30.52,18090
CCI,20090917,30.51,30.87,30.20,30.42,14778
CCI,20090918,30.74,30.98,30.05,30.95,15946
CCI,20090921,30.81,31.62,30.50,31.44,13652
CCI,20090922,31.64,32.24,31.51,31.88,16488
CCI,20090923,32.04,32.32,31.45,31.66,14434
CCI,20090924,31.74,31.82,30.63,31.12,20445
CCI,20090925,30.79,31.26,30.64,31.11,8984
CCI,20090928,31.18,31.65,31.01,31.64,9314
CCI,20090929,31.46,31.76,31.16,31.29,9156
CCI,20090930,31.34,31.75,30.63,31.36,16737
CCI,20091001,31.17,31.17,30.21,30.30,16522
CCI,20091002,30.02,30.94,29.64,30.49,15145
CCI,20091005,30.77,31.17,30.55,31.02,10477
CCI,20091006,30.50,31.97,30.50,31.43,10098
CCI,20091007,31.25,31.39,30.92,31.35,7090
CCI,20091008,31.64,31.71,31.06,31.06,9010
CCI,20091009,30.88,31.47,30.88,31.46,12874
CCI,20091012,31.77,32.25,31.68,31.95,11471
CCI,20091013,32.10,32.20,31.74,31.90,10924
CCI,20091014,32.41,32.83,32.24,32.50,14134
CCI,20091015,32.15,34.44,32.11,34.40,41065
CCI,20091016,34.22,34.23,33.64,33.66,13000
CCI,20091019,33.91,34.50,33.71,34.44,14495
CCI,20091020,34.41,35.00,33.45,33.84,23250
CCI,20091021,33.78,34.35,33.02,33.11,16522
CCI,20091022,33.07,33.70,32.77,32.96,12551
CCI,20091023,33.21,33.28,32.10,32.27,11382
CCI,20091026,32.40,33.01,31.63,31.91,12954
CCI,20091027,31.96,32.27,31.16,31.20,14686
CCI,20091028,31.00,31.41,30.51,30.55,17675
CCI,20091029,30.76,31.44,30.76,31.04,17959
CCI,20091030,30.82,31.02,30.06,30.22,17467
CCI,20091102,30.48,30.65,29.47,30.03,20093
CCI,20091103,29.66,31.62,29.50,31.59,20220
CCI,20091104,32.38,34.27,31.92,31.96,36910
CCI,20091105,33.41,33.41,32.43,32.88,14277
CCI,20091106,32.65,33.72,32.58,33.53,15004
CCI,20091109,33.95,35.00,33.86,34.98,17722
CCI,20091110,34.82,35.11,34.51,34.96,11905
CCI,20091111,35.44,36.66,35.44,36.54,31011
CCI,20091112,36.56,36.67,35.85,36.15,18566
CCI,20091113,36.33,36.98,35.39,36.63,11692
CCI,20091116,37.00,37.59,36.85,37.11,15625
CCI,20091117,37.04,37.94,36.73,37.80,11875
CCI,20091118,37.69,37.70,36.80,37.35,17904
CCI,20091119,36.86,37.12,36.41,36.99,20000
CCI,20091120,36.74,37.63,36.43,37.45,12157
CCI,20091123,37.90,38.89,37.31,37.66,22191
CCI,20091124,37.25,37.49,36.51,37.01,20112
CCI,20091125,37.03,37.32,36.73,37.00,21456
CCI,20091127,35.74,36.77,35.54,36.46,8428
CCI,20091130,36.39,36.70,36.18,36.69,11307
CCI,20091201,36.83,37.25,36.66,37.00,20831
CCI,20091202,36.99,37.66,36.99,37.11,19656
CCI,20091203,36.63,37.73,36.63,36.67,20358
CCI,20091204,37.43,37.77,36.39,36.89,13158
CCI,20091207,36.71,37.01,35.97,36.43,15356
CCI,20091208,36.37,36.37,35.47,35.54,22115
CCI,20091209,35.73,35.83,34.66,35.20,19009
CCI,20091210,35.47,36.32,35.47,35.98,13005
CCI,20091211,36.25,36.25,35.32,35.98,8218
CCI,20091214,36.31,36.83,36.24,36.74,19019
CCI,20091215,36.77,37.10,36.57,36.80,13578
CCI,20091216,36.92,37.27,36.54,36.67,25621
CCI,20091217,36.67,37.86,36.36,37.51,19222
CCI,20091218,37.89,38.35,37.66,38.29,26642
CCI,20091221,38.51,38.91,38.29,38.85,19541
CCI,20091222,38.87,39.10,38.64,39.08,15182
CCI,20091223,39.30,39.45,38.90,39.25,13116
CCI,20091224,39.08,39.90,39.08,39.79,4420
CCI,20091228,39.84,39.99,39.60,39.71,11231
CCI,20091229,39.88,40.00,39.63,39.75,12668
CCI,20091230,39.45,39.80,39.25,39.47,10050
CCI,20091231,39.46,39.54,38.99,39.04,9320
CCI,20100104,39.41,40.15,39.33,39.61,19641
CCI,20100105,39.76,40.49,39.63,39.99,21160
CCI,20100106,39.53,39.85,39.12,39.42,16120
CCI,20100107,39.45,39.45,38.61,38.77,16717
CCI,20100108,38.78,39.14,38.30,38.96,20045
CCI,20100111,39.28,39.50,38.93,38.97,16582
CCI,20100112,38.82,38.88,38.05,38.25,23457
CCI,20100113,38.26,38.80,38.26,38.67,16337
CCI,20100114,38.57,38.71,38.40,38.61,15699
CCI,20100115,39.61,39.61,38.58,38.69,17978
CCI,20100119,38.64,38.95,38.61,38.83,18419
CCI,20100120,38.58,39.04,38.43,38.96,17967
CCI,20100121,39.19,39.19,38.14,38.43,14024
CCI,20100122,38.41,39.37,37.20,37.35,15505
CCI,20100125,37.69,38.55,37.48,38.05,16149
CCI,20100126,37.91,37.98,37.41,37.44,13098
CCI,20100127,37.28,38.26,37.01,38.25,17618
CCI,20100128,37.20,37.42,36.01,37.17,51902
CCI,20100129,37.21,37.50,36.70,36.94,27039
CCI,20100201,37.13,37.44,36.81,37.27,19965
CCI,20100202,37.53,37.53,36.86,37.30,19547
CCI,20100203,36.96,37.39,36.59,36.79,11871
CCI,20100204,36.51,36.51,35.29,35.59,29577
CCI,20100205,35.46,35.69,34.12,35.28,39876
CCI,20100208,35.36,36.21,34.98,35.66,18755
CCI,20100209,36.13,36.49,35.54,35.87,21948
CCI,20100210,35.85,36.03,35.26,35.97,14579
CCI,20100211,35.79,37.08,35.50,36.98,15824
CCI,20100212,36.47,37.35,36.38,37.33,15822
CCI,20100216,37.50,38.00,37.45,37.98,10727
CCI,20100217,37.97,38.70,37.86,38.40,14411
CCI,20100218,38.45,38.60,38.21,38.49,10982
CCI,20100219,38.53,39.03,38.39,38.62,12384
CCI,20100222,38.56,38.57,38.00,38.29,8869
CCI,20100223,38.21,38.21,36.80,37.16,13660
CCI,20100224,37.14,37.91,36.93,37.85,24766
CCI,20100225,37.43,38.00,37.08,37.85,13414
CCI,20100226,37.85,37.98,37.46,37.80,11287
CCI,20100301,37.81,38.43,37.81,38.17,9553
CCI,20100302,38.20,38.66,38.20,38.32,11004
CCI,20100303,38.45,39.06,38.14,38.56,12348
CCI,20100304,38.68,38.99,38.51,38.92,10600
CCI,20100305,39.07,39.47,38.94,39.40,13587
CCI,20100308,38.32,39.11,38.22,38.47,22231
CCI,20100309,38.22,39.68,38.22,39.29,22148
CCI,20100310,39.40,39.63,39.16,39.46,15763
CCI,20100311,39.40,39.53,39.18,39.44,8676
CCI,20100312,39.81,39.81,39.18,39.28,12734
CCI,20100315,39.33,39.52,38.42,38.80,17665
CCI,20100316,38.81,39.96,38.81,39.80,27240
CCI,20100317,39.65,39.85,39.05,39.10,30494
CCI,20100318,39.03,39.10,38.36,38.56,24462
CCI,20100319,38.54,39.00,38.39,38.39,18833
CCI,20100322,38.18,38.79,37.89,38.62,17954
CCI,20100323,38.70,39.00,38.55,38.71,18920
CCI,20100324,38.62,39.05,38.32,38.37,17345
CCI,20100325,38.49,38.73,36.78,36.88,40504
CCI,20100326,37.08,37.39,36.46,37.04,27821
CCI,20100329,37.27,38.27,37.14,37.68,23794
CCI,20100330,37.62,38.51,37.59,38.31,20789
CCI,20100331,38.31,38.73,38.09,38.23,12263
CCI,20100401,38.41,38.99,38.04,38.37,14215
CCI,20100405,38.44,38.76,38.36,38.63,14848
CCI,20100406,38.41,38.48,37.46,37.58,27615
CCI,20100407,37.47,37.56,36.96,37.22,36053
CCI,20100408,37.17,37.69,36.97,37.62,25927
CCI,20100409,37.75,37.90,37.25,37.57,14383
CCI,20100412,37.60,37.99,37.33,37.59,12073
CCI,20100413,37.50,37.97,36.69,37.62,39172
CCI,20100414,37.71,37.71,36.97,37.32,25450
CCI,20100415,37.14,37.63,36.97,37.52,16771
CCI,20100416,37.29,37.57,36.87,37.46,28733
CCI,20100419,37.34,37.80,36.90,37.50,31845
CCI,20100420,37.84,38.56,37.64,38.39,23419
CCI,20100421,38.39,38.58,38.06,38.27,15165
CCI,20100422,38.12,38.31,37.75,38.21,15938
CCI,20100423,38.11,38.60,37.93,38.41,26727
CCI,20100426,38.28,38.79,38.12,38.18,11213
CCI,20100427,38.11,38.38,37.69,37.72,20057
CCI,20100428,38.10,38.31,37.27,37.52,32442
CCI,20100429,38.72,39.00,37.85,38.34,23610
CCI,20100430,38.26,38.58,37.81,37.85,16197
CCI,20100503,37.90,38.43,37.82,38.41,17306
CCI,20100504,37.94,38.07,37.37,37.52,13501
CCI,20100505,37.18,37.64,36.70,37.26,13752
CCI,20100506,37.12,38.00,35.34,36.57,35396
CCI,20100507,36.22,36.84,35.14,35.80,33121
CCI,20100510,36.82,37.36,36.45,37.34,26319
CCI,20100511,37.34,37.46,36.65,36.81,14366
CCI,20100512,36.92,37.76,36.83,37.76,11505
CCI,20100513,37.66,37.83,37.08,37.14,12440
CCI,20100514,36.96,37.13,36.27,36.52,10792
CCI,20100517,36.66,36.98,35.91,36.67,12248
CCI,20100518,37.09,37.12,35.92,36.11,20854
CCI,20100519,35.86,36.11,35.20,36.00,25791
CCI,20100520,35.05,35.54,34.43,34.82,37956
CCI,20100521,34.28,36.05,34.25,36.03,26453
CCI,20100524,35.90,36.29,35.71,35.71,18630
CCI,20100525,34.71,36.39,34.71,36.33,36866
CCI,20100526,36.50,37.00,36.10,36.22,17082
CCI,20100527,36.80,37.57,36.45,37.57,13375
CCI,20100528,37.45,37.95,36.80,37.03,9073
CCI,20100601,36.78,37.47,35.94,35.94,16404
CCI,20100602,36.30,36.92,35.98,36.91,21794
CCI,20100603,37.06,37.80,36.84,37.73,27448
CCI,20100604,36.93,37.54,36.09,36.11,16157
CCI,20100607,36.24,36.72,35.79,35.84,15137
CCI,20100608,35.81,36.10,35.13,35.57,33003
CCI,20100609,35.94,36.61,35.61,36.05,34212
CCI,20100610,36.65,37.93,36.61,37.72,27542
CCI,20100611,37.38,39.14,37.34,39.14,20050
CCI,20100614,39.31,39.99,38.98,39.16,25667
CCI,20100615,39.24,39.64,38.92,39.60,16214
CCI,20100616,39.42,39.73,39.24,39.64,9385
CCI,20100617,39.54,39.65,39.09,39.31,11569
CCI,20100618,39.32,39.42,38.95,39.25,38365
CCI,20100621,39.85,40.00,38.92,38.98,37061
CCI,20100622,39.17,39.45,38.57,38.67,24490
CCI,20100623,38.64,39.47,38.56,39.09,20263
CCI,20100624,38.86,39.07,38.20,38.27,15200
CCI,20100625,38.35,38.75,38.09,38.65,40097
CCI,20100628,38.80,39.44,38.59,38.92,27815
CCI,20100629,38.15,38.50,37.65,37.86,21810
CCI,20100630,37.86,38.05,37.14,37.26,22939
CCI,20100701,37.16,37.60,36.20,36.96,20031
CCI,20100702,37.17,37.36,36.57,36.80,10241
CCI,20100706,37.39,37.81,36.65,36.89,17522
CCI,20100707,37.01,37.90,36.93,37.80,23399
CCI,20100708,38.11,38.66,37.89,38.55,36820
CCI,20100709,38.57,38.85,37.94,38.02,30270
CCI,20100712,37.86,37.92,37.22,37.46,10294
CCI,20100713,37.86,38.37,37.77,38.31,18029
CCI,20100714,38.19,38.49,37.76,38.25,15878
CCI,20100715,38.21,38.29,37.60,37.95,10819
CCI,20100716,37.70,37.82,36.35,36.47,15179
CCI,20100719,36.59,36.73,36.01,36.45,14716
CCI,20100720,36.80,38.65,36.72,38.65,41496
CCI,20100721,38.90,38.96,37.91,38.43,16096
CCI,20100722,38.75,39.13,38.45,38.84,10124
CCI,20100723,38.57,39.56,38.18,39.56,15537
CCI,20100726,39.53,39.68,39.08,39.15,18341
CCI,20100727,39.30,39.43,38.47,38.97,22483
CCI,20100728,39.03,39.46,38.75,38.99,17270
CCI,20100729,38.30,39.26,38.04,39.19,29881
CCI,20100730,38.75,39.73,38.56,39.51,33908
CCI,20100802,39.97,40.93,39.75,40.87,24211
CCI,20100803,40.85,41.03,40.52,40.76,16877
CCI,20100804,40.97,41.12,40.62,40.99,27607
CCI,20100805,40.91,41.23,40.79,41.10,20727
CCI,20100806,40.89,41.44,40.24,40.54,17177
CCI,20100809,40.77,40.91,40.38,40.50,21473
CCI,20100810,40.12,40.49,39.60,40.37,19705
CCI,20100811,39.62,39.62,38.83,38.95,11666
CCI,20100812,38.35,39.09,38.21,38.78,14933
CCI,20100813,38.75,39.16,38.59,38.76,9510
CCI,20100816,38.65,39.41,38.59,39.38,9891
CCI,20100817,39.81,40.07,39.65,39.91,27888
CCI,20100818,39.82,41.04,39.56,40.88,44970
CCI,20100819,40.63,40.86,40.28,40.61,17496
CCI,20100820,40.44,40.63,40.02,40.60,15926
CCI,20100823,40.89,41.08,40.67,40.77,32756
CCI,20100824,40.30,40.59,40.05,40.34,21751
CCI,20100825,40.18,41.01,40.13,41.01,43320
CCI,20100826,41.18,41.54,40.32,40.43,17146
CCI,20100827,40.89,41.27,40.18,41.09,13356
CCI,20100830,40.85,41.35,40.48,40.50,11152
CCI,20100831,40.39,41.19,40.23,41.12,19777
CCI,20100901,41.61,41.71,40.80,41.03,22266
CCI,20100902,41.18,41.30,40.69,40.93,17545
CCI,20100903,41.36,42.16,41.20,42.04,16609
CCI,20100907,41.96,42.51,41.66,42.44,14635
CCI,20100908,42.45,42.92,41.12,42.55,22923
CCI,20100909,42.96,43.02,41.97,42.10,13592
CCI,20100910,42.28,42.49,41.98,42.40,6443
CCI,20100913,42.81,42.93,42.20,42.53,6994
CCI,20100914,42.39,42.56,42.05,42.24,5819
CCI,20100915,42.16,42.84,41.94,42.70,9959
CCI,20100916,42.52,42.70,41.57,41.64,12071
CCI,20100917,41.81,42.07,41.52,41.81,17169
CCI,20100920,42.02,42.50,41.98,42.38,12463
CCI,20100921,42.45,43.18,42.09,43.03,24834
CCI,20100922,43.02,43.23,42.58,42.71,11431
CCI,20100923,42.34,42.91,42.19,42.56,13589
CCI,20100924,43.07,43.64,42.28,43.40,21969
CCI,20100927,43.26,43.48,43.05,43.13,12613
CCI,20100928,43.22,43.87,42.87,43.84,11921
CCI,20100929,43.70,44.20,43.49,44.08,21792
CCI,20100930,44.43,44.46,44.04,44.15,25526
CCI,20101001,44.20,44.45,42.98,44.11,26708
CCI,20101004,44.18,44.34,43.53,43.61,20690
CCI,20101005,43.97,44.29,43.80,44.06,14930
CCI,20101006,44.10,44.27,43.10,43.31,17915
CCI,20101007,43.57,43.81,42.91,43.08,18414
CCI,20101008,42.78,42.93,42.27,42.54,33559
CCI,20101011,42.67,42.75,42.10,42.15,33633
CCI,20101012,42.01,42.19,41.34,41.83,42062
CCI,20101013,42.06,42.53,41.94,42.45,32546
CCI,20101014,42.42,42.98,42.16,42.88,14703
CCI,20101015,43.14,43.14,42.25,42.42,20613
CCI,20101018,42.49,42.56,42.00,42.11,8062
CCI,20101019,41.72,42.02,41.10,41.67,9645
CCI,20101020,41.78,42.47,41.68,42.35,14270
CCI,20101021,42.32,42.61,41.74,42.23,16238
CCI,20101022,42.43,42.61,42.21,42.56,7785
CCI,20101025,42.71,42.99,42.56,42.58,16803
CCI,20101026,42.40,43.05,41.99,42.74,17300
CCI,20101027,42.57,42.74,41.95,42.13,19694
CCI,20101028,42.76,43.30,42.26,42.64,33222
CCI,20101029,42.54,43.32,42.37,43.12,13459
CCI,20101101,43.09,43.27,42.94,43.27,10674
CCI,20101102,43.51,43.63,42.97,43.29,11546
CCI,20101103,43.45,43.55,42.87,43.30,14290
CCI,20101104,43.49,43.65,43.21,43.36,13047
CCI,20101105,42.51,43.13,41.94,42.95,29158
CCI,20101108,42.86,43.06,42.57,42.58,18847
CCI,20101109,42.77,43.00,41.53,41.68,27080
CCI,20101110,41.56,42.67,41.54,42.06,19731
CCI,20101111,41.78,42.69,41.76,42.69,12645
CCI,20101112,42.60,42.75,42.08,42.42,12029
CCI,20101115,42.37,42.56,42.05,42.11,10161
CCI,20101116,41.87,42.13,41.50,41.63,40831
CCI,20101117,41.62,41.95,41.31,41.50,19878
CCI,20101118,41.81,42.41,41.73,42.33,15149
CCI,20101119,42.30,43.00,42.07,42.70,22246
CCI,20101122,42.46,42.55,42.11,42.35,14698
CCI,20101123,42.05,42.07,41.45,41.66,11822
CCI,20101124,41.82,42.47,41.59,42.37,10205
CCI,20101126,41.97,42.40,41.85,42.19,2605
CCI,20101129,41.97,42.10,41.32,41.62,13261
CCI,20101130,41.32,41.68,41.26,41.54,16344
CCI,20101201,42.02,42.30,41.80,41.98,14643
CCI,20101202,42.75,43.00,42.20,42.68,16423
CCI,20101203,42.55,42.64,41.99,42.28,16066
CCI,20101206,42.35,42.83,42.30,42.75,17487
CCI,20101207,43.17,43.38,42.94,43.00,19133
CCI,20101208,43.11,43.15,42.18,42.39,12064
CCI,20101209,42.61,42.74,41.90,42.18,10144
CCI,20101210,42.43,42.44,41.99,42.29,12751
CCI,20101213,42.43,42.59,41.88,41.95,24317
CCI,20101214,42.00,42.39,41.92,42.39,17789
CCI,20101215,42.21,42.41,41.93,42.11,15665
CCI,20101216,42.08,42.21,41.26,41.96,17551
CCI,20101217,41.84,41.99,41.49,41.69,17211
CCI,20101220,41.93,42.99,41.85,42.72,16143
CCI,20101221,42.90,43.02,42.49,42.88,10041
CCI,20101222,42.90,43.02,42.46,42.61,9855
CCI,20101223,42.61,42.75,42.14,42.49,5604
CCI,20101227,42.38,43.10,42.28,42.99,7833
CCI,20101228,42.99,43.30,42.78,42.85,10062
CCI,20101229,42.94,43.06,42.78,42.98,3904
CCI,20101230,43.07,43.84,43.02,43.45,13137
CCI,20101231,43.48,43.83,43.19,43.83,11712
CCI,20110103,43.98,43.98,43.23,43.42,18274
CCI,20110104,43.53,44.04,43.31,43.35,51590
CCI,20110105,42.94,43.30,42.90,42.90,17535
CCI,20110106,43.12,43.18,42.05,42.14,28383
CCI,20110107,42.22,42.79,42.12,42.60,15367
CCI,20110110,42.47,42.80,42.24,42.57,1503700
CCI,20110111,42.68,43.00,41.95,42.36,1624900
CCI,20110112,42.57,42.63,42.00,42.09,1346200
CCI,20110113,42.34,42.45,41.70,41.92,2903800
CCI,20110114,42.03,42.16,40.61,40.73,3616900
CCI,20110118,40.83,42.13,40.74,42.04,4066600
CCI,20110119,41.88,41.90,41.27,41.57,2307200
CCI,20110120,41.36,42.50,41.07,42.18,2510700
CCI,20110121,42.37,42.50,41.72,41.82,1459100
CCI,20110124,41.81,42.54,41.59,42.49,2136100
CCI,20110125,42.20,42.97,41.85,42.93,2321800
CCI,20110126,42.93,44.03,42.93,43.64,4723200
CCI,20110127,43.95,44.02,43.04,43.86,2489900
CCI,20110128,43.90,44.08,42.93,43.05,1219600
CCI,20110131,42.87,43.00,41.96,42.17,2722200
CCI,20110201,42.52,43.33,42.40,43.21,2978200
CCI,20110202,43.13,43.66,42.88,43.50,1438100
CCI,20110203,43.37,44.04,43.25,44.00,1201800
CCI,20110204,43.83,45.01,43.83,44.90,2266200
CCI,20110207,44.94,45.08,44.33,44.40,1759400
CCI,20110208,44.56,45.18,44.44,45.11,868400
CCI,20110209,44.92,45.08,44.64,44.94,686400
CCI,20110210,44.81,45.52,44.64,45.36,1615700
CCI,20110211,45.05,45.98,45.05,45.97,1788700
CCI,20110214,45.86,46.27,45.77,46.17,1476500
CCI,20110215,46.20,46.20,45.39,45.50,1346400
CCI,20110216,45.72,45.94,45.01,45.19,2059100
CCI,20110217,45.08,45.11,44.04,44.22,2831300
CCI,20110218,44.13,44.23,43.63,43.78,1896500
CCI,20110222,43.46,43.86,42.68,42.87,2521300
CCI,20110223,43.01,43.13,41.51,41.85,3049700
CCI,20110224,41.71,41.97,41.50,41.86,5212900
CCI,20110225,41.99,42.87,41.87,42.67,3474500
CCI,20110228,42.68,42.90,41.89,42.15,1882400
CCI,20110301,42.40,42.40,40.75,40.87,3313200
CCI,20110302,40.93,41.46,40.51,40.68,2336600
CCI,20110303,41.05,41.34,40.79,41.14,1995000
CCI,20110304,41.19,41.20,40.62,40.93,1228200
CCI,20110307,41.08,41.41,40.58,40.76,1947200
CCI,20110308,40.50,40.50,38.77,40.04,6950000
CCI,20110309,39.95,40.30,39.86,40.11,1715500
CCI,20110310,39.64,39.81,38.69,38.74,4391500
CCI,20110311,39.19,39.60,38.73,39.39,3143500
CCI,20110314,39.10,39.34,39.01,39.23,1640500
CCI,20110315,38.62,39.26,38.61,39.00,2497200
CCI,20110316,39.00,39.74,38.71,38.89,2808300
CCI,20110317,39.42,39.92,38.98,39.88,3030400
CCI,20110318,40.13,40.14,39.04,39.16,2440100
CCI,20110321,37.37,37.73,36.38,37.37,13812900
CCI,20110322,37.53,38.41,37.47,37.98,3843200
CCI,20110323,37.80,39.07,37.80,38.98,3915900
CCI,20110324,39.73,40.11,38.98,40.04,5469700
CCI,20110325,40.05,40.36,40.03,40.28,3289400
CCI,20110328,40.48,40.72,40.18,40.44,1709800
CCI,20110329,40.30,41.29,40.20,41.14,2933700
CCI,20110330,41.41,42.34,41.41,42.19,3555000
CCI,20110331,42.22,42.60,42.18,42.55,2315200
CCI,20110401,42.70,43.30,42.69,43.10,3394600
CCI,20110404,43.12,43.33,42.99,43.16,1715200
CCI,20110405,42.97,43.10,42.57,42.61,1918600
CCI,20110406,42.82,43.09,42.64,42.80,1621300
CCI,20110407,42.80,43.04,42.55,42.85,2870400
CCI,20110408,43.03,43.19,42.56,42.67,1971300
CCI,20110411,42.68,43.08,42.68,42.85,2453900
CCI,20110412,42.56,42.82,42.30,42.48,1788700
CCI,20110413,42.70,42.95,42.67,42.86,2649800
CCI,20110414,42.73,42.79,42.35,42.73,1655800
CCI,20110415,42.73,42.99,42.52,42.73,2304400
CCI,20110418,42.35,42.49,42.01,42.44,2500800
CCI,20110419,42.51,42.78,42.02,42.18,3037300
CCI,20110420,42.64,42.99,42.61,42.93,1915700
CCI,20110421,43.09,43.46,42.91,43.34,1189600
CCI,20110425,43.24,43.39,43.13,43.28,835500
CCI,20110426,43.44,43.83,43.22,43.78,1555000
