CHL,20090115,45.26,46.21,43.70,45.49,25802
CHL,20090116,45.15,45.41,43.75,45.02,21467
CHL,20090120,44.72,44.99,43.14,43.34,23783
CHL,20090121,44.91,45.92,43.82,45.79,25644
CHL,20090122,43.15,44.44,42.70,43.76,22396
CHL,20090123,43.81,45.26,42.92,44.98,21941
CHL,20090126,44.98,45.91,44.46,45.04,16883
CHL,20090127,45.97,46.11,45.13,45.81,12973
CHL,20090128,46.99,47.78,46.75,47.32,18942
CHL,20090129,45.17,45.89,44.48,44.78,24285
CHL,20090130,45.52,46.02,44.67,44.97,19271
CHL,20090202,44.09,45.00,43.68,44.64,12362
CHL,20090203,44.71,45.51,44.28,45.32,20373
CHL,20090204,46.09,47.03,45.70,46.33,18417
CHL,20090205,46.30,47.87,46.09,47.48,24248
CHL,20090206,48.75,50.46,48.71,50.09,34835
CHL,20090209,49.26,49.75,48.84,49.54,10644
CHL,20090210,49.20,49.72,47.22,47.77,23006
CHL,20090211,47.86,48.27,46.93,47.46,17878
CHL,20090212,46.78,47.13,45.70,47.13,20205
CHL,20090213,47.60,48.20,47.37,47.87,11778
CHL,20090217,45.19,45.56,44.25,44.62,24744
CHL,20090218,45.74,46.11,44.91,45.48,16762
CHL,20090219,45.58,45.66,44.35,44.62,16895
CHL,20090220,43.57,44.20,42.99,43.57,23060
CHL,20090223,45.75,45.94,44.00,44.22,29621
CHL,20090224,44.59,46.33,44.30,46.03,26540
CHL,20090225,45.05,45.85,44.57,45.27,20053
CHL,20090226,44.41,44.88,43.98,44.18,39374
CHL,20090227,43.08,43.89,43.03,43.35,18559
CHL,20090302,42.33,42.82,40.93,41.16,28252
CHL,20090303,41.90,42.18,41.13,41.49,24020
CHL,20090304,44.16,45.22,43.75,44.34,28586
CHL,20090305,42.59,43.25,42.26,42.53,34111
CHL,20090306,42.29,42.56,40.83,41.79,25317
CHL,20090309,40.47,41.58,40.36,40.75,24289
CHL,20090310,41.56,43.13,41.56,42.79,26827
CHL,20090311,42.79,43.08,42.02,42.47,18356
CHL,20090312,42.47,43.58,41.99,43.48,24283
CHL,20090313,43.96,44.71,43.78,44.45,22108
CHL,20090316,44.70,45.70,44.41,44.49,20209
CHL,20090317,43.56,44.38,42.97,44.38,24797
CHL,20090318,43.91,45.29,43.19,44.48,23984
CHL,20090319,43.49,43.56,42.63,42.87,34389
CHL,20090320,41.76,41.92,40.20,40.75,32687
CHL,20090323,42.48,43.93,41.94,43.93,32074
CHL,20090324,43.52,44.00,43.00,43.17,21356
CHL,20090325,43.23,44.01,42.27,43.35,27381
CHL,20090326,44.54,45.49,44.36,45.31,33679
CHL,20090327,44.60,45.75,44.60,45.04,22582
CHL,20090330,43.04,43.40,42.00,42.89,21829
CHL,20090331,43.82,44.06,43.20,43.52,14442
CHL,20090401,42.38,43.55,42.29,43.48,16950
CHL,20090402,44.45,45.60,44.31,44.73,24814
CHL,20090403,44.19,45.13,44.18,45.11,11651
CHL,20090406,45.00,45.34,44.13,44.83,19324
CHL,20090407,44.07,44.53,43.92,44.22,11614
CHL,20090408,43.79,44.20,43.54,43.89,14082
CHL,20090409,44.80,45.24,44.45,45.02,13631
CHL,20090413,45.39,45.95,44.69,45.61,15968
CHL,20090414,45.03,45.18,44.48,44.85,14944
CHL,20090415,46.75,47.70,46.39,47.68,29923
CHL,20090416,48.76,49.05,47.90,48.45,20768
CHL,20090417,48.22,48.30,47.78,48.00,14954
CHL,20090420,46.79,46.79,45.47,45.84,23450
CHL,20090421,44.83,45.78,44.57,45.76,18603
CHL,20090422,44.45,45.40,44.20,44.64,22251
CHL,20090423,44.77,45.20,44.28,44.95,15593
CHL,20090424,45.08,45.65,44.80,45.34,15528
CHL,20090427,43.66,44.30,43.41,43.65,24453
CHL,20090428,43.20,43.55,42.64,43.29,19154
CHL,20090429,43.74,44.52,43.74,43.99,31998
CHL,20090430,43.83,43.94,42.96,43.16,32627
CHL,20090501,43.49,43.82,43.00,43.82,15894
CHL,20090504,46.59,48.00,46.22,47.70,42208
CHL,20090505,47.50,47.69,47.03,47.55,28853
CHL,20090506,47.96,49.42,47.96,48.99,34233
CHL,20090507,48.52,48.87,47.12,47.52,26137
CHL,20090508,49.01,50.13,48.81,49.85,29335
CHL,20090511,48.18,48.45,47.50,47.91,22400
CHL,20090512,48.99,49.00,47.91,48.60,31121
CHL,20090513,48.50,48.50,46.37,46.73,24903
CHL,20090514,46.38,47.54,46.30,47.16,20741
CHL,20090515,46.27,46.55,45.61,46.06,21657
CHL,20090518,46.84,47.72,46.54,47.49,22134
CHL,20090519,47.64,47.95,47.29,47.41,18087
CHL,20090520,47.99,48.05,46.95,47.07,27363
CHL,20090521,46.68,46.91,46.21,46.81,27370
CHL,20090522,46.49,47.31,46.43,46.94,16143
CHL,20090526,46.25,47.10,46.01,46.90,16384
CHL,20090527,47.80,48.55,47.73,47.97,27250
CHL,20090528,48.70,49.05,47.98,48.94,26019
CHL,20090529,49.30,49.35,48.80,49.21,14566
CHL,20090601,51.54,52.81,51.15,52.13,32117
CHL,20090602,50.38,50.70,49.80,50.57,23907
CHL,20090603,50.74,50.78,49.45,50.05,18772
CHL,20090604,50.32,50.69,49.94,50.68,14764
CHL,20090605,51.86,51.86,50.65,51.16,15858
CHL,20090608,51.05,51.56,50.53,51.31,12975
CHL,20090609,51.85,51.85,51.04,51.65,13392
CHL,20090610,53.59,53.59,52.19,52.79,22088
CHL,20090611,53.52,54.83,53.40,54.04,20744
CHL,20090612,52.67,53.03,52.26,52.98,16146
CHL,20090615,51.73,51.80,50.67,51.29,19067
CHL,20090616,50.45,50.79,49.50,49.78,19648
CHL,20090617,49.64,50.03,48.94,49.70,15268
CHL,20090618,49.40,49.96,49.00,49.53,12137
CHL,20090619,49.50,49.61,49.00,49.27,19860
CHL,20090622,48.73,48.99,48.01,48.27,18303
CHL,20090623,48.17,48.63,47.72,48.44,17990
CHL,20090624,49.89,49.89,49.10,49.35,18007
CHL,20090625,49.25,50.29,49.03,50.15,15971
CHL,20090626,50.89,51.12,50.44,50.67,14895
CHL,20090629,51.17,51.40,50.78,51.25,12188
CHL,20090630,50.47,50.70,49.57,50.08,13376
CHL,20090701,50.94,51.06,50.50,50.74,20012
CHL,20090702,48.61,48.94,48.02,48.57,23051
CHL,20090706,48.59,48.77,47.85,48.60,26217
CHL,20090707,48.49,48.49,47.60,47.80,22310
CHL,20090708,47.86,48.18,46.65,47.41,21091
CHL,20090709,48.14,48.46,47.61,47.95,15140
CHL,20090710,47.49,47.92,46.94,47.60,14522
CHL,20090713,46.99,47.13,46.27,47.10,26843
CHL,20090714,47.82,47.95,47.32,47.72,18871
CHL,20090715,48.70,48.97,48.11,48.76,22744
CHL,20090716,48.69,49.59,48.39,49.31,23085
CHL,20090717,50.00,50.03,49.49,49.81,22573
CHL,20090720,50.81,51.21,50.70,50.94,17393
CHL,20090721,50.20,50.25,49.20,49.80,22376
CHL,20090722,48.93,49.43,48.83,49.18,15219
CHL,20090723,49.48,50.60,49.17,50.31,21479
CHL,20090724,50.02,50.48,49.68,50.30,16964
CHL,20090727,51.49,52.11,51.45,51.98,23912
CHL,20090728,53.64,53.82,52.60,53.35,21519
CHL,20090729,52.90,52.92,52.03,52.54,16137
CHL,20090730,53.18,53.48,52.56,52.65,18258
CHL,20090731,52.43,52.88,52.30,52.47,14702
CHL,20090803,53.18,53.61,53.01,53.49,22958
CHL,20090804,52.50,52.74,52.27,52.65,19798
CHL,20090805,52.51,52.81,52.00,52.29,23660
CHL,20090806,55.96,56.49,55.67,56.31,46623
CHL,20090807,57.80,58.03,56.84,57.40,35414
CHL,20090810,58.79,59.22,58.38,58.54,23862
CHL,20090811,58.24,58.24,57.10,57.56,21706
CHL,20090812,56.81,57.60,56.38,57.32,16714
CHL,20090813,58.13,58.13,56.70,57.02,20107
CHL,20090814,57.02,57.04,55.55,56.37,25745
CHL,20090817,53.86,54.50,52.88,53.37,28350
CHL,20090818,54.12,54.43,53.66,54.07,12544
CHL,20090819,53.14,54.14,53.13,54.03,12989
CHL,20090820,53.00,53.62,52.95,53.26,22824
CHL,20090821,52.17,52.47,51.36,51.87,35794
CHL,20090824,51.26,51.43,50.69,51.03,25573
CHL,20090825,51.30,51.55,50.84,51.20,17660
CHL,20090826,50.85,51.20,50.50,50.76,20994
CHL,20090827,50.51,51.10,50.18,50.90,24257
CHL,20090828,50.64,50.85,49.93,50.28,15034
CHL,20090831,48.73,49.33,48.32,49.22,23911
CHL,20090901,48.73,49.43,48.10,48.21,28999
CHL,20090902,48.01,48.63,47.93,48.20,27471
CHL,20090903,48.73,48.73,48.02,48.63,17713
CHL,20090904,49.72,50.54,49.45,50.22,27059
CHL,20090908,51.44,51.74,50.78,51.07,20661
CHL,20090909,51.05,51.05,50.53,50.78,17680
CHL,20090910,50.90,50.97,50.16,50.77,23917
CHL,20090911,51.47,51.48,50.56,50.75,27542
CHL,20090914,49.82,50.40,49.61,50.36,15843
CHL,20090915,49.52,49.86,49.16,49.73,19532
CHL,20090916,50.44,51.08,50.05,50.97,21600
CHL,20090917,50.92,51.00,50.13,50.17,20874
CHL,20090918,50.44,50.69,49.95,50.28,29730
CHL,20090921,50.41,50.83,50.13,50.64,21532
CHL,20090922,51.60,52.17,51.53,52.13,29722
CHL,20090923,52.34,52.73,51.75,51.82,25991
CHL,20090924,51.23,51.28,50.04,50.39,25378
CHL,20090925,50.17,50.49,49.64,50.10,17122
CHL,20090928,49.22,49.94,49.04,49.94,26466
CHL,20090929,49.67,49.75,48.93,49.54,27224
CHL,20090930,49.21,49.32,48.22,49.11,23937
CHL,20091001,48.91,49.09,47.80,48.07,26272
CHL,20091002,47.33,47.99,47.03,47.75,20984
CHL,20091005,48.35,49.10,48.05,48.65,19970
CHL,20091006,49.48,50.29,49.42,49.65,22171
CHL,20091007,49.94,50.41,49.71,50.13,24876
CHL,20091008,50.43,50.45,50.01,50.14,18154
CHL,20091009,49.93,50.06,49.69,50.06,11744
CHL,20091012,49.93,50.09,49.61,49.91,13194
CHL,20091013,49.86,50.21,49.50,49.95,15367
CHL,20091014,50.92,51.47,50.87,51.26,25749
CHL,20091015,50.51,50.73,50.42,50.72,17889
CHL,20091016,50.45,50.52,49.91,50.12,24794
CHL,20091019,50.96,51.59,50.79,51.37,17912
CHL,20091020,50.89,50.89,49.76,50.24,22636
CHL,20091021,49.92,50.29,49.52,49.63,21218
CHL,20091022,49.41,49.62,48.84,49.47,16067
CHL,20091023,49.50,49.50,48.51,48.81,20575
CHL,20091026,49.24,49.48,48.43,48.55,19721
CHL,20091027,48.65,48.80,48.05,48.43,15055
CHL,20091028,48.01,48.38,46.76,46.90,40353
CHL,20091029,47.75,48.59,47.68,48.19,29996
CHL,20091030,47.89,47.89,46.47,46.73,31233
CHL,20091102,47.31,47.80,46.73,47.29,24478
CHL,20091103,46.50,47.23,46.50,47.23,14152
CHL,20091104,47.92,48.19,47.43,47.50,15693
CHL,20091105,47.78,48.12,47.63,47.98,17395
CHL,20091106,47.53,48.09,47.39,47.63,18748
CHL,20091109,47.69,47.98,47.59,47.96,25498
CHL,20091110,47.63,47.94,47.50,47.88,14810
CHL,20091111,48.83,49.15,48.55,48.70,17191
CHL,20091112,48.29,48.53,47.93,48.09,15430
CHL,20091113,47.75,48.11,47.57,48.00,15240
CHL,20091116,48.00,48.60,47.95,48.31,13664
CHL,20091117,48.27,48.54,48.00,48.49,14858
CHL,20091118,49.07,49.35,48.82,49.11,19544
CHL,20091119,49.86,49.86,49.18,49.55,23310
CHL,20091120,49.38,49.55,49.15,49.47,11270
CHL,20091123,49.58,49.89,49.54,49.70,15914
CHL,20091124,48.82,49.00,48.24,48.93,20116
CHL,20091125,48.64,48.85,48.54,48.78,12074
CHL,20091127,47.00,47.95,46.65,47.67,12279
CHL,20091130,47.02,47.18,45.88,46.87,39172
CHL,20091201,47.55,47.92,47.37,47.47,20148
CHL,20091202,47.70,48.07,47.66,47.68,10617
CHL,20091203,47.88,48.02,47.32,47.40,14508
CHL,20091204,47.96,48.46,47.45,47.88,15356
CHL,20091207,47.18,47.69,47.00,47.22,15276
CHL,20091208,46.61,46.74,46.37,46.49,18714
CHL,20091209,46.37,46.64,46.16,46.51,15436
CHL,20091210,46.13,46.47,45.95,46.40,22625
CHL,20091211,45.74,45.90,45.66,45.90,21944
CHL,20091214,46.11,46.25,45.77,46.00,14608
CHL,20091215,46.09,46.50,46.03,46.12,13581
CHL,20091216,46.46,46.69,46.32,46.42,11847
CHL,20091217,45.75,45.84,45.42,45.55,21928
CHL,20091218,45.81,45.96,45.66,45.95,14079
CHL,20091221,45.45,45.77,45.45,45.70,13047
CHL,20091222,45.22,45.49,45.00,45.31,17733
CHL,20091223,45.11,45.20,44.71,45.05,19579
CHL,20091224,45.05,45.10,44.76,44.92,10064
CHL,20091228,44.92,45.24,44.92,45.24,10015
CHL,20091229,45.00,45.19,44.91,45.12,12101
CHL,20091230,45.21,45.95,45.05,45.84,21207
CHL,20091231,46.74,46.96,46.43,46.43,18091
CHL,20100104,47.02,47.30,47.01,47.10,20112
CHL,20100105,47.18,47.29,46.80,47.19,16979
CHL,20100106,47.40,47.61,47.28,47.42,16399
CHL,20100107,47.30,47.43,47.07,47.36,13421
CHL,20100108,47.76,48.09,47.63,48.01,14051
CHL,20100111,48.35,48.72,48.05,48.64,23293
CHL,20100112,49.04,49.18,48.35,49.01,30381
CHL,20100113,49.77,50.08,49.53,49.90,33168
CHL,20100114,50.81,50.91,50.51,50.54,36618
CHL,20100115,50.68,50.68,49.94,50.00,24412
CHL,20100119,49.97,50.59,49.95,50.49,17756
CHL,20100120,49.19,49.53,48.75,49.05,24744
CHL,20100121,48.33,48.57,47.58,47.84,30029
CHL,20100122,47.63,47.93,46.80,46.87,21802
CHL,20100125,48.32,48.47,47.77,47.87,19732
CHL,20100126,47.56,48.12,47.20,47.74,15498
CHL,20100127,47.38,47.68,47.00,47.57,19694
CHL,20100128,47.94,48.07,46.94,47.27,19977
CHL,20100129,47.73,47.75,46.76,46.95,23429
CHL,20100201,47.92,48.50,47.84,48.42,18572
CHL,20100202,48.49,49.40,48.48,49.23,17410
CHL,20100203,49.14,49.22,48.75,48.91,10747
CHL,20100204,47.83,47.83,46.97,46.97,19384
CHL,20100205,47.30,47.43,46.42,47.38,22830
CHL,20100208,48.42,48.61,47.92,47.96,18449
CHL,20100209,48.81,49.40,48.54,48.95,16217
CHL,20100210,48.42,48.49,47.60,48.20,13893
CHL,20100211,48.69,49.27,48.31,49.18,16196
CHL,20100212,48.25,48.68,47.83,48.59,12156
CHL,20100216,48.65,49.16,48.52,49.01,14035
CHL,20100217,49.34,49.44,49.14,49.36,11239
CHL,20100218,49.11,49.78,48.92,49.65,11511
CHL,20100219,48.62,49.02,48.48,48.79,15206
CHL,20100222,49.40,49.40,48.79,49.09,12322
CHL,20100223,49.11,49.22,48.48,48.65,15468
CHL,20100224,49.26,49.69,49.09,49.45,16362
CHL,20100225,48.92,49.26,48.50,49.17,15420
CHL,20100226,49.35,49.54,48.77,49.43,13932
CHL,20100301,49.58,49.75,49.38,49.55,13696
CHL,20100302,49.43,49.43,48.97,49.14,23303
CHL,20100303,48.15,48.47,47.49,47.78,34801
CHL,20100304,46.92,47.33,46.83,47.29,19545
CHL,20100305,47.41,47.70,47.06,47.40,24820
CHL,20100308,47.53,48.43,47.53,48.26,31076
CHL,20100309,47.65,48.19,47.57,47.90,17679
CHL,20100310,47.99,48.15,47.74,48.08,17165
CHL,20100311,48.22,48.96,48.22,48.89,16474
CHL,20100312,48.62,48.86,48.38,48.51,11968
CHL,20100315,48.35,48.64,48.29,48.55,13383
CHL,20100316,48.51,48.85,48.43,48.78,9943
CHL,20100317,48.85,48.90,48.24,48.48,22262
CHL,20100318,49.05,49.48,49.00,49.45,22115
CHL,20100319,49.30,49.31,48.81,48.96,14241
CHL,20100322,48.49,49.05,48.41,48.81,8530
CHL,20100323,48.70,48.96,48.50,48.93,12240
CHL,20100324,48.41,48.42,47.95,48.19,14669
CHL,20100325,48.11,48.23,47.76,47.79,16147
CHL,20100326,48.01,48.42,47.88,48.04,15047
CHL,20100329,48.30,48.62,48.20,48.56,9703
CHL,20100330,48.57,48.92,48.34,48.77,14724
CHL,20100331,48.13,48.41,47.95,48.12,13786
CHL,20100401,48.56,48.97,48.27,48.57,18217
CHL,20100405,48.88,49.19,48.61,49.19,16911
CHL,20100406,49.22,49.48,49.07,49.25,19474
CHL,20100407,49.25,49.25,48.65,48.89,13611
CHL,20100408,49.62,50.90,49.56,50.50,26661
CHL,20100409,50.92,51.44,50.92,51.26,18062
CHL,20100412,50.89,50.97,50.58,50.70,11982
CHL,20100413,50.92,51.19,50.67,50.99,11036
CHL,20100414,51.50,51.82,51.30,51.78,17510
CHL,20100415,51.81,52.12,51.76,52.07,13805
CHL,20100416,51.10,51.13,49.93,50.30,23556
CHL,20100419,50.26,50.40,49.64,50.21,14850
CHL,20100420,51.37,51.50,50.35,50.69,18811
CHL,20100421,50.66,50.82,50.25,50.64,13655
CHL,20100422,50.30,50.74,49.87,50.65,11532
CHL,20100423,50.59,50.99,50.52,50.93,9646
CHL,20100426,51.06,51.13,50.72,50.78,8170
CHL,20100427,50.35,50.53,49.44,49.62,18202
CHL,20100428,49.97,50.20,49.46,49.85,16137
CHL,20100429,49.45,49.85,49.15,49.29,42752
CHL,20100430,49.54,49.65,48.83,48.90,39415
CHL,20100503,49.10,49.49,48.87,49.38,12851
CHL,20100504,47.73,48.16,47.10,47.45,23570
CHL,20100505,47.15,47.82,46.98,47.36,18825
CHL,20100506,47.83,48.28,44.36,46.78,31376
CHL,20100507,46.90,47.84,46.13,47.22,28339
CHL,20100510,48.56,49.08,48.42,49.04,25222
CHL,20100511,48.25,49.20,48.25,48.64,15455
CHL,20100512,48.97,49.14,48.43,48.69,23793
CHL,20100513,48.53,48.69,48.20,48.22,9110
CHL,20100514,47.75,47.75,47.00,47.27,23019
CHL,20100517,47.25,47.98,46.99,47.80,16335
CHL,20100518,48.01,48.29,47.36,47.57,17236
CHL,20100519,47.26,47.77,47.08,47.53,16125
CHL,20100520,46.94,47.28,46.25,46.48,21823
CHL,20100521,45.92,46.89,45.60,46.83,51194
CHL,20100524,47.25,47.54,46.95,46.96,22337
CHL,20100525,45.97,47.01,45.70,46.95,24469
CHL,20100526,46.46,47.12,46.17,46.27,22747
CHL,20100527,46.66,47.42,46.51,47.39,17968
CHL,20100528,47.02,47.05,46.14,46.57,13803
CHL,20100601,46.72,47.70,46.61,46.61,15302
CHL,20100602,46.92,47.61,46.64,47.61,11786
CHL,20100603,47.31,47.78,47.10,47.63,19705
CHL,20100604,46.84,47.23,46.29,46.42,14840
CHL,20100607,47.49,47.85,47.07,47.11,17170
CHL,20100608,47.88,48.34,47.64,48.34,18628
CHL,20100609,48.85,49.64,48.81,48.95,24132
CHL,20100610,49.61,49.93,49.36,49.92,16916
CHL,20100611,49.27,50.01,49.21,50.01,8856
CHL,20100614,50.10,50.20,49.38,49.43,13117
CHL,20100615,49.46,50.08,49.42,50.08,14398
CHL,20100616,49.64,50.20,49.57,50.09,13145
CHL,20100617,49.94,50.04,49.52,49.94,12518
CHL,20100618,49.90,50.02,49.58,49.87,14365
CHL,20100621,50.51,50.91,50.27,50.60,15923
CHL,20100622,50.55,50.75,50.12,50.26,17169
CHL,20100623,51.00,51.55,50.85,51.18,18730
CHL,20100624,50.80,50.96,50.29,50.45,10441
CHL,20100625,50.59,50.98,50.32,50.67,8838
CHL,20100628,50.74,50.80,50.34,50.60,6999
CHL,20100629,49.55,49.82,49.11,49.27,20270
CHL,20100630,49.57,50.15,49.35,49.41,13764
CHL,20100701,49.41,49.74,48.84,49.66,15932
CHL,20100702,49.95,50.31,49.72,49.98,10387
CHL,20100706,50.28,50.87,50.00,50.19,13945
CHL,20100707,49.85,50.34,49.49,50.30,13308
CHL,20100708,50.57,50.63,50.08,50.49,9009
CHL,20100709,50.96,51.10,50.65,50.94,8475
CHL,20100712,51.06,51.24,50.77,50.93,9787
CHL,20100713,51.19,51.47,51.01,51.34,10251
CHL,20100714,50.85,50.98,50.63,50.95,10581
CHL,20100715,50.51,50.51,49.87,50.36,17443
CHL,20100716,49.64,49.67,48.91,49.21,18536
CHL,20100719,49.44,49.88,49.40,49.61,12650
CHL,20100720,49.34,50.34,49.26,50.20,12639
CHL,20100721,50.48,50.62,49.95,50.14,14013
CHL,20100722,50.56,51.03,50.45,50.95,18172
CHL,20100723,50.37,50.95,50.06,50.94,14788
CHL,20100726,50.27,50.73,50.12,50.67,13168
CHL,20100727,50.70,50.98,50.48,50.75,10736
CHL,20100728,50.74,50.91,50.52,50.67,6504
CHL,20100729,50.66,50.82,50.15,50.51,8634
CHL,20100730,50.25,51.13,50.10,50.94,14741
CHL,20100802,51.14,51.71,51.05,51.52,14820
CHL,20100803,51.24,51.37,50.87,51.35,11452
CHL,20100804,52.17,52.77,52.07,52.65,20552
CHL,20100805,52.52,52.82,52.37,52.78,8776
CHL,20100806,52.54,53.28,52.51,53.20,14408
CHL,20100809,53.68,53.88,53.29,53.46,12645
CHL,20100810,52.18,52.93,50.87,52.84,10282
CHL,20100811,52.38,52.51,52.01,52.11,21638
CHL,20100812,53.63,53.93,53.37,53.53,24481
CHL,20100813,52.98,53.11,52.49,52.69,12517
CHL,20100816,53.62,54.20,53.49,54.08,22261
CHL,20100817,54.28,54.70,54.19,54.40,15636
CHL,20100818,54.37,54.60,54.07,54.40,10061
CHL,20100819,52.62,53.12,52.21,52.61,23788
CHL,20100820,52.89,53.25,52.65,53.18,13286
CHL,20100823,52.62,53.05,52.39,52.69,11359
CHL,20100824,51.63,51.76,51.20,51.62,19647
CHL,20100825,51.20,51.67,50.86,51.52,12532
CHL,20100826,51.86,52.08,51.68,51.72,14073
CHL,20100827,52.58,53.05,52.16,52.78,20737
CHL,20100830,51.88,52.15,51.52,51.63,14932
CHL,20100831,51.00,51.72,50.86,51.32,23139
CHL,20100901,51.38,51.90,51.08,51.73,18438
CHL,20100902,51.59,51.79,51.22,51.68,13386
CHL,20100903,52.42,52.74,52.00,52.33,15445
CHL,20100907,51.72,51.87,50.13,50.25,50298
CHL,20100908,49.08,50.25,49.03,49.65,59613
CHL,20100909,50.09,50.10,49.78,49.88,22726
CHL,20100910,49.50,49.50,48.45,48.57,68226
CHL,20100913,50.05,50.32,49.90,50.09,45929
CHL,20100914,50.11,50.47,49.86,50.27,29783
CHL,20100915,50.00,50.09,49.72,49.90,21964
CHL,20100916,49.81,50.27,49.78,50.17,17945
CHL,20100917,50.57,50.78,50.25,50.43,17445
CHL,20100920,50.96,51.40,50.93,51.34,22122
CHL,20100921,51.30,51.61,51.24,51.49,17487
CHL,20100922,51.50,51.75,51.25,51.44,13336
CHL,20100923,51.04,51.44,50.82,51.28,16298
CHL,20100924,51.76,52.09,51.51,52.03,21690
CHL,20100927,52.03,52.13,51.51,51.62,12231
CHL,20100928,51.44,51.48,50.98,51.40,26378
CHL,20100929,51.44,51.46,51.07,51.26,11043
CHL,20100930,51.24,51.45,50.75,51.13,10981
CHL,20101001,51.48,51.75,51.26,51.54,9787
CHL,20101004,51.65,51.92,51.39,51.75,13679
CHL,20101005,52.09,53.36,52.05,52.99,38759
CHL,20101006,52.92,53.20,52.62,53.10,17196
CHL,20101007,53.46,53.46,52.95,53.17,13760
CHL,20101008,52.98,53.26,52.76,53.10,11645
CHL,20101011,53.06,53.26,53.00,53.18,7033
CHL,20101012,52.70,52.76,52.25,52.70,7020
CHL,20101013,53.11,53.57,53.00,53.28,16374
CHL,20101014,53.67,53.80,53.20,53.46,11674
CHL,20101015,53.76,53.87,53.03,53.67,10205
CHL,20101018,53.39,53.81,53.18,53.71,10441
CHL,20101019,53.22,53.68,52.96,53.35,15923
CHL,20101020,53.03,53.51,52.85,53.27,8193
CHL,20101021,52.50,52.55,52.00,52.45,14964
CHL,20101022,52.00,52.12,51.78,52.07,10742
CHL,20101025,51.99,52.19,51.83,52.03,9719
CHL,20101026,51.76,52.08,51.47,51.96,12996
CHL,20101027,51.14,51.29,50.51,51.26,18900
CHL,20101028,51.00,51.08,50.70,50.91,17821
CHL,20101029,50.98,51.37,50.85,51.37,17786
CHL,20101101,51.25,51.53,51.10,51.33,14785
CHL,20101102,51.38,51.57,51.16,51.29,11868
CHL,20101103,51.43,51.54,51.03,51.40,18970
CHL,20101104,52.43,53.32,52.12,53.02,25720
CHL,20101105,52.95,53.12,52.74,53.04,10658
CHL,20101108,53.27,53.28,52.90,53.13,9753
CHL,20101109,53.15,53.22,52.32,52.47,17060
CHL,20101110,52.29,52.82,52.01,52.72,11988
CHL,20101111,52.09,52.13,51.80,51.94,13071
CHL,20101112,51.41,51.55,51.03,51.28,11773
CHL,20101115,51.41,51.60,51.23,51.30,7785
CHL,20101116,50.76,50.85,50.22,50.38,20399
CHL,20101117,50.30,50.59,50.19,50.21,12842
CHL,20101118,50.45,50.61,50.34,50.39,12438
CHL,20101119,50.34,50.46,50.01,50.42,8469
CHL,20101122,50.57,50.84,50.27,50.61,11730
CHL,20101123,50.13,50.18,49.70,49.94,13430
CHL,20101124,50.12,50.57,50.01,50.51,12565
CHL,20101126,50.19,50.53,50.08,50.37,6673
CHL,20101129,50.12,50.39,49.71,50.25,15719
CHL,20101130,49.70,50.18,49.59,49.85,12577
CHL,20101201,50.43,50.63,50.30,50.49,12686
CHL,20101202,50.36,50.83,50.31,50.63,11959
CHL,20101203,50.15,50.42,50.15,50.40,9080
CHL,20101206,50.33,50.44,50.14,50.33,8364
CHL,20101207,50.90,51.22,50.67,50.68,13846
CHL,20101208,50.30,50.38,49.75,50.18,16254
CHL,20101209,50.23,50.31,50.00,50.05,13145
CHL,20101210,50.18,50.28,50.00,50.07,11559
CHL,20101213,50.39,50.52,50.08,50.08,18816
CHL,20101214,49.91,50.00,49.67,49.82,11900
CHL,20101215,49.52,49.63,49.23,49.26,19983
CHL,20101216,49.12,49.23,49.01,49.12,9353
CHL,20101217,48.92,49.29,48.72,49.20,14344
CHL,20101220,49.39,49.53,49.32,49.36,7289
CHL,20101221,49.60,50.13,49.50,50.05,15185
CHL,20101222,49.83,49.87,49.63,49.78,6211
CHL,20101223,49.48,49.52,49.36,49.48,5238
CHL,20101227,49.31,49.54,49.00,49.34,7618
CHL,20101228,49.10,49.11,48.92,49.06,9219
CHL,20101229,49.29,49.53,49.27,49.47,5215
CHL,20101230,49.42,49.56,49.25,49.40,6341
CHL,20101231,49.55,49.62,49.32,49.62,5063
CHL,20110103,50.05,50.07,49.89,49.97,10512
CHL,20110104,50.16,50.18,49.64,50.06,11964
CHL,20110105,49.83,50.25,49.75,50.09,8975
CHL,20110106,49.89,49.92,49.56,49.66,12782
CHL,20110107,49.61,49.73,49.21,49.40,20000
CHL,20110110,49.12,49.32,49.07,49.30,1511600
CHL,20110111,49.79,50.08,49.76,50.00,2739600
CHL,20110112,50.44,50.58,50.35,50.44,1779000
CHL,20110113,50.39,50.43,50.02,50.25,1066000
CHL,20110114,50.07,50.16,49.92,50.08,688500
CHL,20110118,49.63,49.81,49.30,49.67,1458800
CHL,20110119,50.40,50.48,50.20,50.28,1339500
CHL,20110120,49.85,49.98,49.50,49.93,1210800
CHL,20110121,50.03,50.05,49.65,49.79,1055100
CHL,20110124,49.50,49.86,49.45,49.86,1250000
CHL,20110125,49.35,49.49,48.94,49.38,1928200
CHL,20110126,49.26,49.42,48.90,49.30,1206600
CHL,20110127,49.39,49.60,49.37,49.44,923600
CHL,20110128,49.63,49.68,49.16,49.21,1888900
CHL,20110131,49.23,49.36,49.07,49.14,1374700
CHL,20110201,49.53,49.70,49.45,49.64,1027000
CHL,20110202,49.59,49.61,49.12,49.26,936600
CHL,20110203,49.20,49.47,49.16,49.45,614400
CHL,20110204,49.57,49.66,49.41,49.51,760400
CHL,20110207,49.25,49.28,49.06,49.22,1163700
CHL,20110208,49.05,49.44,49.00,49.36,1614200
CHL,20110209,48.33,48.42,47.73,48.14,3201200
CHL,20110210,47.29,47.97,47.23,47.83,1690500
CHL,20110211,47.18,47.56,47.00,47.48,2607200
CHL,20110214,47.77,47.83,47.49,47.67,1590900
CHL,20110215,47.32,47.51,47.24,47.48,1209500
CHL,20110216,47.69,47.80,47.53,47.69,1225400
CHL,20110217,47.28,47.49,47.20,47.49,1601100
CHL,20110218,47.48,47.68,47.35,47.66,1507600
CHL,20110222,46.77,46.78,46.20,46.40,3688000
CHL,20110223,46.48,46.65,46.10,46.38,1788700
CHL,20110224,46.44,46.66,46.33,46.57,1631200
CHL,20110225,46.85,47.20,46.70,46.97,1697000
CHL,20110228,47.15,47.40,47.06,47.27,1414800
CHL,20110301,47.89,47.94,47.27,47.31,1487400
CHL,20110302,47.14,47.64,47.14,47.42,1677800
CHL,20110303,47.68,47.83,47.54,47.77,1538900
CHL,20110304,47.89,48.07,47.56,47.96,1323000
CHL,20110307,47.84,48.18,47.52,47.60,1227500
CHL,20110308,48.09,48.61,48.00,48.43,1936800
CHL,20110309,48.34,48.63,48.20,48.54,1100100
CHL,20110310,48.00,48.12,47.62,47.77,2238900
CHL,20110311,47.82,48.13,47.79,47.93,1304300
CHL,20110314,47.58,47.86,47.45,47.85,1271600
CHL,20110315,46.19,47.14,45.91,46.95,2361100
CHL,20110316,45.82,45.99,44.92,44.98,5001400
CHL,20110317,44.67,44.99,44.62,44.83,2882400
CHL,20110318,45.09,45.28,44.92,45.02,2861900
CHL,20110321,45.63,45.63,45.36,45.44,1990500
CHL,20110322,45.50,45.69,45.25,45.43,1227600
CHL,20110323,45.19,45.49,45.06,45.36,1452400
CHL,20110324,45.21,45.44,45.05,45.41,1299500
CHL,20110325,45.30,45.46,45.13,45.41,1122100
CHL,20110328,45.39,45.50,45.24,45.30,1691400
CHL,20110329,45.80,45.94,45.65,45.85,1244900
CHL,20110330,46.13,46.33,46.06,46.32,1543700
CHL,20110331,46.06,46.31,45.96,46.25,1079500
CHL,20110401,46.81,46.99,46.67,46.93,1368700
CHL,20110404,47.34,47.57,47.20,47.55,1312300
CHL,20110405,47.44,47.67,47.29,47.49,877100
CHL,20110406,47.70,47.82,47.52,47.65,755400
CHL,20110407,47.60,47.77,47.36,47.47,834300
CHL,20110408,47.52,47.63,46.95,47.15,1218200
CHL,20110411,47.30,47.34,46.73,46.84,1208800
CHL,20110412,46.81,46.89,46.54,46.59,1758800
CHL,20110413,47.31,47.35,46.81,47.04,1262300
CHL,20110414,46.88,47.00,46.73,46.95,1143600
CHL,20110415,46.72,46.89,46.58,46.88,1135500
CHL,20110418,46.34,46.48,46.02,46.27,1772100
CHL,20110419,46.46,46.75,46.26,46.68,1254800
CHL,20110420,46.99,47.11,46.38,46.52,1782700
CHL,20110421,46.41,46.84,46.35,46.76,946600
CHL,20110425,46.86,46.86,46.36,46.47,720500
CHL,20110426,46.43,46.69,46.27,46.56,1327800
