CHRW,20090115,47.57,49.21,46.45,48.78,29313
CHRW,20090116,48.72,49.22,46.26,47.24,25471
CHRW,20090120,45.59,46.97,44.92,44.93,30970
CHRW,20090121,44.86,46.22,43.95,46.06,34898
CHRW,20090122,45.69,45.78,44.20,45.13,26679
CHRW,20090123,44.00,44.45,43.29,43.79,27642
CHRW,20090126,44.69,44.70,42.90,43.64,23215
CHRW,20090127,43.63,44.88,43.01,44.57,25080
CHRW,20090128,44.57,48.32,44.56,46.31,43646
CHRW,20090129,46.34,46.51,44.76,45.21,23102
CHRW,20090130,46.72,47.62,45.67,45.98,35506
CHRW,20090202,45.91,45.94,44.03,45.00,31988
CHRW,20090203,45.35,47.13,45.19,47.09,32031
CHRW,20090204,46.70,48.24,46.70,46.94,26012
CHRW,20090205,46.28,48.82,46.18,48.35,25008
CHRW,20090206,48.40,50.26,48.40,50.00,30317
CHRW,20090209,49.67,50.14,48.68,49.70,22702
CHRW,20090210,49.00,50.16,47.37,48.01,30784
CHRW,20090211,48.75,48.75,46.21,47.07,29476
CHRW,20090212,46.51,47.55,45.48,47.45,26623
CHRW,20090213,47.46,48.17,46.89,47.30,17721
CHRW,20090217,45.09,45.95,44.15,45.33,28959
CHRW,20090218,45.48,45.68,44.17,45.04,25176
CHRW,20090219,45.01,46.27,44.71,44.94,18522
CHRW,20090220,44.58,45.16,43.71,44.72,20771
CHRW,20090223,44.79,45.33,42.54,42.64,26058
CHRW,20090224,40.45,43.26,40.30,43.15,41019
CHRW,20090225,42.73,43.62,41.30,41.77,34211
CHRW,20090226,42.48,42.48,40.50,40.73,34908
CHRW,20090227,41.33,42.11,40.11,41.38,29840
CHRW,20090302,40.67,40.93,39.57,39.69,41777
CHRW,20090303,39.85,40.99,39.16,39.18,32927
CHRW,20090304,39.86,40.40,38.68,40.08,39360
CHRW,20090305,39.46,39.66,37.69,38.39,34107
CHRW,20090306,38.57,39.45,37.36,38.06,32369
CHRW,20090309,37.74,39.15,37.50,38.05,32374
CHRW,20090310,38.69,40.50,38.01,40.46,37150
CHRW,20090311,40.51,41.07,39.91,40.73,30635
CHRW,20090312,40.71,42.59,40.26,42.49,29771
CHRW,20090313,42.55,42.89,41.94,42.72,22701
CHRW,20090316,42.90,44.96,42.72,44.03,37230
CHRW,20090317,44.35,45.24,43.97,45.21,37097
CHRW,20090318,45.09,46.59,44.23,46.00,33390
CHRW,20090319,46.00,46.40,44.93,45.36,31354
CHRW,20090320,45.18,46.53,43.30,43.82,39750
CHRW,20090323,45.64,48.55,44.72,47.78,47573
CHRW,20090324,46.34,46.60,45.11,45.19,40612
CHRW,20090325,45.04,45.92,43.16,44.49,38921
CHRW,20090326,45.02,47.74,44.57,47.74,41257
CHRW,20090327,46.30,47.20,45.96,46.30,16927
CHRW,20090330,45.76,46.15,44.04,44.68,19757
CHRW,20090331,45.26,46.32,44.12,45.61,20270
CHRW,20090401,45.05,45.57,44.19,45.35,25192
CHRW,20090402,45.97,49.28,45.62,48.09,31998
CHRW,20090403,48.81,48.81,47.41,48.32,14749
CHRW,20090406,48.00,48.00,46.34,47.36,19909
CHRW,20090407,46.65,46.86,44.89,45.10,25557
CHRW,20090408,45.43,46.04,44.80,46.03,16552
CHRW,20090409,46.66,48.84,46.66,48.25,25444
CHRW,20090413,47.40,47.79,46.35,47.00,19439
CHRW,20090414,46.87,47.91,46.36,47.56,17834
CHRW,20090415,47.50,48.45,47.45,48.35,17779
CHRW,20090416,48.50,49.81,47.74,49.56,21485
CHRW,20090417,49.58,50.00,48.54,49.71,20501
CHRW,20090420,49.51,49.51,47.65,48.01,21106
CHRW,20090421,48.18,49.22,47.65,49.09,25862
CHRW,20090422,51.07,54.22,50.89,52.71,51460
CHRW,20090423,52.00,53.49,51.71,53.27,24156
CHRW,20090424,53.62,54.00,52.90,53.35,19516
CHRW,20090427,52.83,52.84,51.62,51.68,21331
CHRW,20090428,51.11,52.57,50.86,51.98,16177
CHRW,20090429,52.11,53.53,52.11,52.99,16577
CHRW,20090430,53.16,54.54,52.28,53.16,19578
CHRW,20090501,52.95,53.48,52.10,52.81,11133
CHRW,20090504,53.03,54.99,52.81,54.77,18267
CHRW,20090505,54.38,54.95,53.65,54.87,17778
CHRW,20090506,54.88,55.25,53.71,55.07,16000
CHRW,20090507,55.15,55.25,52.79,53.37,20411
CHRW,20090508,54.35,54.38,52.11,52.51,20850
CHRW,20090511,51.94,52.58,50.56,52.22,17568
CHRW,20090512,52.61,53.23,51.10,51.95,20922
CHRW,20090513,51.35,51.62,49.98,50.26,18240
CHRW,20090514,51.00,51.53,50.18,50.82,16271
CHRW,20090515,50.62,52.10,50.25,50.73,22887
CHRW,20090518,50.86,52.02,50.56,52.02,16391
CHRW,20090519,51.67,52.34,51.44,51.54,14397
CHRW,20090520,51.54,52.56,50.69,50.88,22170
CHRW,20090521,51.09,51.09,48.22,48.75,26777
CHRW,20090522,48.93,49.40,48.22,48.59,15912
CHRW,20090526,47.90,50.95,47.80,50.95,24768
CHRW,20090527,50.58,53.48,49.15,49.23,25451
CHRW,20090528,50.08,50.34,49.00,50.08,22947
CHRW,20090529,50.68,51.42,49.97,50.82,41092
CHRW,20090601,51.65,53.50,51.43,52.98,21068
CHRW,20090602,52.56,54.43,52.56,53.52,18628
CHRW,20090603,53.09,53.40,52.12,52.56,16390
CHRW,20090604,52.53,52.53,51.62,52.19,15694
CHRW,20090605,53.02,53.11,51.83,52.50,15301
CHRW,20090608,51.95,53.38,51.64,52.90,18151
CHRW,20090609,53.00,54.02,52.87,53.80,15754
CHRW,20090610,54.15,54.20,52.80,53.89,16061
CHRW,20090611,53.62,54.38,53.20,53.82,11594
CHRW,20090612,53.46,53.58,51.65,52.42,18652
CHRW,20090615,52.00,52.18,50.52,51.06,12704
CHRW,20090616,51.45,51.78,49.66,49.76,15450
CHRW,20090617,49.80,50.09,49.10,49.74,19237
CHRW,20090618,49.74,50.58,49.05,50.18,9881
CHRW,20090619,50.87,51.07,49.99,50.46,16092
CHRW,20090622,50.04,50.12,48.74,49.40,22909
CHRW,20090623,49.40,50.34,49.18,49.73,10892
CHRW,20090624,50.04,51.45,49.85,50.17,15763
CHRW,20090625,49.90,52.13,49.69,51.99,13587
CHRW,20090626,51.65,52.10,51.19,51.86,11949
CHRW,20090629,51.86,53.15,51.14,52.63,13683
CHRW,20090630,52.59,53.00,51.64,52.15,13997
CHRW,20090701,52.62,53.21,52.23,52.71,13921
CHRW,20090702,52.45,52.62,50.80,50.80,11916
CHRW,20090706,50.88,51.62,50.50,51.55,11670
CHRW,20090707,51.32,51.38,49.93,50.09,14954
CHRW,20090708,50.30,50.38,49.06,50.10,15856
CHRW,20090709,50.22,50.54,49.67,50.17,9476
CHRW,20090710,49.89,51.17,49.89,50.86,9207
CHRW,20090713,50.47,50.77,49.39,50.58,20440
CHRW,20090714,50.65,51.26,50.20,51.17,13135
CHRW,20090715,51.67,51.97,50.79,51.12,23611
CHRW,20090716,50.34,52.86,50.34,52.54,18349
CHRW,20090717,52.79,52.79,51.80,52.60,13032
CHRW,20090720,52.59,53.21,52.17,53.05,14695
CHRW,20090721,53.34,53.43,51.69,52.41,20566
CHRW,20090722,53.69,55.00,53.03,53.33,35506
CHRW,20090723,53.29,54.85,52.71,54.59,19335
CHRW,20090724,54.15,54.30,53.31,53.97,17583
CHRW,20090727,52.35,53.83,52.06,53.83,21320
CHRW,20090728,53.26,53.82,53.01,53.65,16601
CHRW,20090729,53.35,53.85,52.87,53.32,14073
CHRW,20090730,54.11,54.89,53.67,54.43,17984
CHRW,20090731,54.49,55.00,53.93,54.53,14090
CHRW,20090803,54.52,54.95,54.01,54.79,15125
CHRW,20090804,54.43,54.90,54.05,54.54,15691
CHRW,20090805,54.55,54.56,53.00,53.54,13952
CHRW,20090806,53.48,53.48,52.82,53.00,14714
CHRW,20090807,53.82,54.98,53.54,54.77,13696
CHRW,20090810,54.45,54.76,53.71,54.37,11066
CHRW,20090811,54.15,54.95,53.78,54.66,12650
CHRW,20090812,54.61,56.02,54.06,55.52,15060
CHRW,20090813,55.92,56.14,55.13,55.48,11841
CHRW,20090814,55.27,55.51,54.19,54.77,11387
CHRW,20090817,54.26,54.70,53.33,53.78,17159
CHRW,20090818,53.91,55.06,53.91,54.88,14996
CHRW,20090819,54.07,55.76,54.07,55.60,14837
CHRW,20090820,55.49,55.93,55.00,55.73,15581
CHRW,20090821,56.39,57.80,55.26,57.57,24113
CHRW,20090824,57.50,58.00,57.00,57.47,13632
CHRW,20090825,57.74,58.34,57.16,57.60,13025
CHRW,20090826,57.05,58.15,57.05,57.35,12939
CHRW,20090827,57.24,57.63,56.25,57.05,11909
CHRW,20090828,57.26,57.85,56.36,56.76,11299
CHRW,20090831,56.59,56.84,55.62,56.26,11305
CHRW,20090901,55.98,57.21,55.18,55.37,12842
CHRW,20090902,54.76,55.77,54.76,55.39,10696
CHRW,20090903,55.41,56.05,55.00,56.05,9244
CHRW,20090904,56.07,57.11,55.82,57.09,10658
CHRW,20090908,57.23,57.58,56.68,56.93,9178
CHRW,20090909,56.84,57.24,56.17,56.62,14387
CHRW,20090910,56.48,57.50,56.32,57.40,13224
CHRW,20090911,57.91,58.91,57.69,58.72,18566
CHRW,20090914,58.43,58.92,58.05,58.60,11317
CHRW,20090915,58.58,58.76,57.92,58.41,12390
CHRW,20090916,58.68,58.91,57.65,58.83,14786
CHRW,20090917,58.74,59.63,58.29,58.69,12735
CHRW,20090918,59.12,59.21,58.15,58.69,14531
CHRW,20090921,58.49,59.05,58.10,58.62,12365
CHRW,20090922,58.78,59.42,58.44,59.10,10385
CHRW,20090923,58.50,59.46,58.21,58.28,12712
CHRW,20090924,58.41,58.50,57.36,57.96,13069
CHRW,20090925,58.21,58.61,57.32,57.57,9652
CHRW,20090928,58.02,58.73,57.84,58.27,6564
CHRW,20090929,58.15,58.48,57.21,57.50,8988
CHRW,20090930,57.74,58.39,56.29,57.75,13749
CHRW,20091001,57.64,58.08,56.14,56.14,12655
CHRW,20091002,56.18,56.66,55.77,56.27,11438
CHRW,20091005,56.35,57.65,56.01,57.65,14080
CHRW,20091006,57.35,58.41,57.35,57.66,14702
CHRW,20091007,56.75,57.86,56.31,57.51,15259
CHRW,20091008,58.00,58.25,57.45,57.78,11715
CHRW,20091009,57.24,58.48,57.24,58.41,12519
CHRW,20091012,58.50,59.06,58.31,58.77,7700
CHRW,20091013,58.58,59.28,58.50,59.12,11668
CHRW,20091014,59.74,60.72,59.19,60.72,16194
CHRW,20091015,60.65,61.22,60.19,60.98,16134
CHRW,20091016,60.59,61.05,60.19,60.92,16220
CHRW,20091019,61.22,61.47,60.77,61.20,15106
CHRW,20091020,60.75,61.69,60.46,61.47,20792
CHRW,20091021,60.09,60.91,57.90,58.73,46671
CHRW,20091022,58.65,59.33,57.96,58.99,24350
CHRW,20091023,58.58,58.77,56.67,57.24,26242
CHRW,20091026,57.28,58.13,56.59,56.82,13259
CHRW,20091027,57.00,57.43,56.25,56.49,15477
CHRW,20091028,57.12,57.12,55.96,56.05,10944
CHRW,20091029,56.00,56.87,56.00,56.50,15947
CHRW,20091030,56.17,56.62,54.88,55.11,17035
CHRW,20091102,55.19,56.00,54.76,55.43,15471
CHRW,20091103,55.50,56.23,55.19,56.01,16310
CHRW,20091104,56.04,56.36,54.58,54.69,20905
CHRW,20091105,54.72,56.20,54.72,56.04,15685
CHRW,20091106,56.13,56.69,55.53,56.50,9938
CHRW,20091109,57.18,57.65,56.70,57.36,15683
CHRW,20091110,56.40,57.47,56.35,57.24,15791
CHRW,20091111,57.31,58.23,57.19,58.15,17136
CHRW,20091112,58.02,58.29,57.43,57.69,12003
CHRW,20091113,57.67,57.70,57.06,57.16,12175
CHRW,20091116,57.32,58.73,57.06,58.54,12094
CHRW,20091117,58.34,58.60,58.02,58.60,9281
CHRW,20091118,58.51,58.57,57.64,57.92,9243
CHRW,20091119,57.69,57.69,56.85,57.35,10864
CHRW,20091120,56.91,57.54,56.89,57.20,11649
CHRW,20091123,57.68,58.17,56.96,57.10,13522
CHRW,20091124,57.12,57.16,55.93,56.59,19829
CHRW,20091125,56.04,56.69,56.04,56.42,11314
CHRW,20091127,55.20,56.32,54.99,55.83,9754
CHRW,20091130,55.56,56.00,55.14,55.75,17190
CHRW,20091201,55.95,56.73,55.85,56.58,19904
CHRW,20091202,56.63,57.84,56.63,57.71,20209
CHRW,20091203,57.85,58.11,57.15,57.22,11834
CHRW,20091204,57.86,58.72,57.20,57.83,11536
CHRW,20091207,57.68,57.89,56.87,57.26,12227
CHRW,20091208,57.13,57.71,56.59,57.41,12447
CHRW,20091209,57.18,57.57,56.69,57.46,9233
CHRW,20091210,57.50,57.94,57.38,57.69,8643
CHRW,20091211,58.00,58.36,57.65,58.10,10652
CHRW,20091214,58.19,59.15,58.18,59.04,12401
CHRW,20091215,58.74,60.25,58.41,59.71,19405
CHRW,20091216,59.80,60.24,59.24,59.35,11867
CHRW,20091217,58.85,59.03,57.65,57.79,30594
CHRW,20091218,58.24,58.91,57.72,58.19,20161
CHRW,20091221,58.54,59.30,58.29,58.65,8243
CHRW,20091222,58.71,58.87,58.37,58.69,7029
CHRW,20091223,58.76,58.86,58.03,58.54,6440
CHRW,20091224,58.73,58.94,58.19,58.80,2417
CHRW,20091228,59.00,59.18,58.52,59.05,5562
CHRW,20091229,59.22,59.62,58.95,59.51,8575
CHRW,20091230,59.99,60.00,59.40,59.72,6563
CHRW,20091231,59.61,59.63,58.73,58.73,8118
CHRW,20100104,59.22,59.66,58.94,59.34,8229
CHRW,20100105,59.18,59.49,57.39,58.11,23526
CHRW,20100106,57.82,57.99,57.20,57.34,16854
CHRW,20100107,57.08,57.14,56.18,56.79,19395
CHRW,20100108,56.70,57.62,56.60,57.55,13324
CHRW,20100111,57.50,57.91,57.22,57.72,12273
CHRW,20100112,57.47,57.64,56.79,56.99,14257
CHRW,20100113,57.00,57.47,56.34,57.32,15132
CHRW,20100114,57.02,57.88,57.02,57.62,8181
CHRW,20100115,57.51,58.11,57.23,57.72,15923
CHRW,20100119,57.70,58.47,57.64,58.13,10611
CHRW,20100120,57.53,57.85,56.89,57.78,11577
CHRW,20100121,57.69,58.37,56.98,57.63,16591
CHRW,20100122,57.71,58.15,57.24,57.35,15581
CHRW,20100125,57.49,57.85,56.79,57.46,11672
CHRW,20100126,57.19,57.59,56.94,57.10,13471
CHRW,20100127,56.83,57.60,56.62,57.46,8812
CHRW,20100128,57.64,57.64,56.20,56.54,11731
CHRW,20100129,56.68,57.28,56.63,56.63,15278
CHRW,20100201,56.84,57.65,56.69,57.40,9816
CHRW,20100202,57.24,57.54,56.68,57.42,14712
CHRW,20100203,52.84,54.38,51.50,53.54,87273
CHRW,20100204,53.31,53.95,52.67,53.25,39593
CHRW,20100205,53.16,54.08,51.16,52.44,27541
CHRW,20100208,52.65,52.97,52.01,52.08,20462
CHRW,20100209,52.64,53.68,52.11,52.67,27098
CHRW,20100210,52.00,52.51,51.31,51.84,19042
CHRW,20100211,51.63,53.30,51.46,53.10,25333
CHRW,20100212,52.47,52.70,51.68,52.12,24148
CHRW,20100216,52.39,53.29,52.39,52.75,15110
CHRW,20100217,53.05,53.43,52.57,53.00,13453
CHRW,20100218,53.05,53.08,52.77,52.90,10319
CHRW,20100219,52.78,53.97,52.78,53.50,17562
CHRW,20100222,53.77,54.31,53.31,54.16,16255
CHRW,20100223,54.24,54.50,53.14,53.56,26500
CHRW,20100224,54.00,54.24,53.31,53.68,18225
CHRW,20100225,53.00,53.54,52.50,53.49,16122
CHRW,20100226,53.49,53.56,52.70,53.33,17013
CHRW,20100301,53.29,53.99,53.02,53.56,21636
CHRW,20100302,53.50,53.74,53.17,53.21,15977
CHRW,20100303,52.82,53.08,52.38,52.47,22054
CHRW,20100304,52.70,52.91,52.25,52.67,16100
CHRW,20100305,52.68,53.38,52.67,53.25,16209
CHRW,20100308,54.05,54.10,53.30,53.32,14884
CHRW,20100309,53.25,53.56,53.02,53.39,10602
CHRW,20100310,53.52,54.07,53.09,53.67,16956
CHRW,20100311,53.36,53.65,53.04,53.46,19755
CHRW,20100312,53.57,54.07,53.12,53.87,17108
CHRW,20100315,53.97,54.23,53.45,53.88,16510
CHRW,20100316,54.12,55.68,53.99,55.28,34795
CHRW,20100317,55.35,56.21,55.16,55.68,19923
CHRW,20100318,55.46,56.81,55.28,56.58,21145
CHRW,20100319,57.24,57.68,56.38,56.60,30595
CHRW,20100322,56.36,56.65,56.14,56.23,14512
CHRW,20100323,56.07,56.49,55.76,56.43,13038
CHRW,20100324,56.40,56.42,55.73,56.12,12938
CHRW,20100325,56.43,56.78,55.56,55.65,17799
CHRW,20100326,55.64,55.97,55.25,55.56,15456
CHRW,20100329,55.71,56.77,55.71,56.09,12795
CHRW,20100330,56.01,56.45,55.80,56.22,13728
CHRW,20100331,55.83,56.12,55.64,55.85,13764
CHRW,20100401,55.98,56.23,55.17,55.68,11788
CHRW,20100405,55.98,56.16,55.44,55.66,10948
CHRW,20100406,55.24,55.68,55.00,55.28,15744
CHRW,20100407,55.43,55.67,54.97,55.15,20513
CHRW,20100408,55.18,55.72,54.78,55.60,18377
CHRW,20100409,55.75,56.69,55.71,56.45,28852
CHRW,20100412,57.60,57.60,56.44,56.44,31516
CHRW,20100413,56.28,56.73,55.91,56.59,16479
CHRW,20100414,56.50,57.81,56.49,57.74,19803
CHRW,20100415,58.01,59.76,57.86,58.93,34664
CHRW,20100416,58.85,58.95,57.84,58.38,21572
CHRW,20100419,58.06,58.86,58.06,58.63,16013
CHRW,20100420,58.92,59.31,58.48,58.90,14801
CHRW,20100421,57.00,61.27,56.99,60.00,58138
CHRW,20100422,60.11,62.15,59.51,61.46,42897
CHRW,20100423,61.57,61.74,60.96,61.58,21710
CHRW,20100426,61.50,61.71,61.03,61.15,14546
CHRW,20100427,61.07,61.47,60.07,60.27,29871
CHRW,20100428,61.00,61.03,60.33,60.56,17781
CHRW,20100429,60.87,61.46,60.81,61.15,15542
CHRW,20100430,60.91,61.62,60.30,60.32,17208
CHRW,20100503,60.44,61.89,60.22,61.77,17884
CHRW,20100504,61.44,61.48,60.12,60.70,19782
CHRW,20100505,60.60,61.52,60.31,60.71,20888
CHRW,20100506,60.75,61.24,57.25,59.16,29880
CHRW,20100507,59.15,59.42,57.60,57.83,33903
CHRW,20100510,59.27,60.68,59.00,60.68,26306
CHRW,20100511,59.97,61.34,59.97,60.68,18174
CHRW,20100512,60.68,61.50,60.49,61.22,13500
CHRW,20100513,60.66,61.37,60.56,60.60,16622
CHRW,20100514,59.98,60.25,59.07,59.61,19558
CHRW,20100517,59.87,60.35,58.62,59.76,15478
CHRW,20100518,60.10,60.62,59.00,59.22,10879
CHRW,20100519,59.00,59.71,58.28,59.34,18901
CHRW,20100520,58.35,58.79,56.96,57.03,25731
CHRW,20100521,56.30,58.24,56.26,58.18,28853
CHRW,20100524,57.92,58.38,57.31,57.33,11267
CHRW,20100525,56.56,57.49,55.61,57.40,17499
CHRW,20100526,57.41,58.31,57.18,57.36,14526
CHRW,20100527,58.17,58.73,57.78,58.70,12709
CHRW,20100528,58.70,58.73,57.48,58.11,13635
CHRW,20100601,57.56,58.36,57.01,57.08,11617
CHRW,20100602,57.13,58.12,56.50,58.12,13252
CHRW,20100603,58.06,58.72,57.41,58.04,14457
CHRW,20100604,57.17,57.23,55.67,55.90,18507
CHRW,20100607,55.77,56.18,54.65,54.74,21868
CHRW,20100608,54.88,55.09,53.89,54.88,17771
CHRW,20100609,54.91,56.25,54.86,55.03,17089
CHRW,20100610,56.75,57.70,56.49,57.44,21527
CHRW,20100611,56.75,58.25,56.47,58.21,12752
CHRW,20100614,58.39,59.27,58.36,58.70,15175
CHRW,20100615,58.63,59.42,58.54,59.32,14961
CHRW,20100616,59.09,59.60,58.81,59.28,13505
CHRW,20100617,59.64,59.64,58.47,59.34,9012
CHRW,20100618,59.44,59.53,58.87,59.06,14702
CHRW,20100621,59.56,59.75,58.68,59.11,11721
CHRW,20100622,59.25,59.38,57.38,57.59,11504
CHRW,20100623,57.71,57.96,57.00,57.46,7916
CHRW,20100624,57.38,57.88,56.82,56.99,10357
CHRW,20100625,56.94,57.35,56.61,57.23,17357
CHRW,20100628,57.45,57.62,56.63,56.90,7072
CHRW,20100629,56.50,56.63,55.52,55.94,18220
CHRW,20100630,55.85,56.94,55.47,55.66,15308
CHRW,20100701,55.70,56.27,54.52,55.72,18494
CHRW,20100702,55.83,55.98,54.50,55.05,11788
CHRW,20100706,55.45,56.02,55.09,55.64,18114
CHRW,20100707,55.30,56.62,55.30,56.40,16669
CHRW,20100708,56.54,57.05,56.31,56.79,10155
CHRW,20100709,56.68,57.35,56.68,57.06,8702
CHRW,20100712,56.99,57.61,56.59,56.96,7585
CHRW,20100713,57.41,58.20,57.41,58.01,11740
CHRW,20100714,58.37,59.14,58.19,58.75,15198
CHRW,20100715,58.72,58.92,57.71,58.58,10620
CHRW,20100716,58.51,58.64,57.36,57.45,13134
CHRW,20100719,57.75,58.46,57.20,58.25,14203
CHRW,20100720,57.52,58.71,57.01,58.65,11784
CHRW,20100721,58.73,58.87,57.23,57.61,12734
CHRW,20100722,58.48,59.50,58.19,59.40,23512
CHRW,20100723,59.30,60.99,58.69,60.88,22955
CHRW,20100726,61.17,62.42,61.00,62.10,22369
CHRW,20100727,62.11,62.46,61.05,61.20,21459
CHRW,20100728,63.84,65.45,63.54,64.87,84496
CHRW,20100729,65.13,65.44,63.99,64.63,24415
CHRW,20100730,64.28,65.53,63.80,65.20,16684
CHRW,20100802,65.25,66.28,65.02,66.22,15425
CHRW,20100803,66.07,66.67,65.42,66.43,14010
CHRW,20100804,66.56,67.37,66.29,67.22,14379
CHRW,20100805,67.10,67.53,66.65,67.35,12907
CHRW,20100806,66.52,67.59,66.31,66.89,17572
CHRW,20100809,67.37,68.00,67.23,67.77,11479
CHRW,20100810,66.92,67.46,65.72,66.20,24055
CHRW,20100811,65.44,65.54,64.21,64.98,23758
CHRW,20100812,64.32,65.19,64.07,64.89,14924
CHRW,20100813,64.68,64.98,64.30,64.60,13907
CHRW,20100816,64.31,65.18,63.82,64.86,11296
CHRW,20100817,65.47,66.81,65.09,66.29,17712
CHRW,20100818,65.58,66.50,65.19,65.98,11969
CHRW,20100819,65.54,65.70,64.24,65.19,20010
CHRW,20100820,65.09,66.36,64.62,66.16,19173
CHRW,20100823,66.73,67.30,65.83,65.86,13987
CHRW,20100824,65.10,65.68,64.63,65.14,19322
CHRW,20100825,64.94,65.42,64.68,65.12,19147
CHRW,20100826,65.14,66.05,64.89,64.91,16157
CHRW,20100827,65.35,66.41,64.61,65.92,14151
CHRW,20100830,65.46,65.97,64.87,64.90,10827
CHRW,20100831,64.55,65.46,64.39,64.99,23672
CHRW,20100901,65.22,66.77,65.21,66.37,20648
CHRW,20100902,66.63,67.31,66.60,67.23,9739
CHRW,20100903,67.99,68.21,67.31,67.56,13236
CHRW,20100907,67.45,67.68,66.79,67.06,11326
CHRW,20100908,67.19,68.42,67.19,67.67,12767
CHRW,20100909,68.18,68.34,67.47,67.69,11216
CHRW,20100910,67.71,68.05,67.32,67.50,10651
CHRW,20100913,68.05,68.39,67.49,68.00,15500
CHRW,20100914,68.02,68.41,67.39,68.00,20796
CHRW,20100915,67.91,68.38,67.44,68.21,8641
CHRW,20100916,67.74,68.10,67.51,67.84,9406
CHRW,20100917,68.14,68.59,67.86,68.45,15368
CHRW,20100920,68.79,69.58,68.66,68.79,11531
CHRW,20100921,68.94,69.49,68.69,68.84,12980
CHRW,20100922,68.99,69.39,67.73,68.08,15563
CHRW,20100923,67.53,68.14,66.76,67.11,12628
CHRW,20100924,67.84,68.91,67.78,68.60,14991
CHRW,20100927,68.60,69.07,68.28,68.69,10225
CHRW,20100928,68.94,69.93,68.41,69.41,18460
CHRW,20100929,69.14,69.59,68.56,69.57,14678
CHRW,20100930,69.84,70.87,69.42,69.92,23521
CHRW,20101001,70.41,70.58,69.14,69.64,19641
CHRW,20101004,69.32,69.87,68.74,69.54,15308
CHRW,20101005,69.95,72.34,69.95,70.89,41056
CHRW,20101006,71.05,71.82,70.99,71.10,19192
CHRW,20101007,70.97,71.31,70.53,71.10,14753
CHRW,20101008,70.97,71.89,70.55,71.21,16967
CHRW,20101011,71.12,71.59,70.55,71.12,11598
CHRW,20101012,71.10,71.25,70.21,70.63,12329
CHRW,20101013,70.73,72.00,70.70,71.50,14271
CHRW,20101014,70.96,72.39,70.86,72.06,26839
CHRW,20101015,72.62,72.99,72.19,72.24,24950
CHRW,20101018,72.13,72.13,71.44,71.76,10893
CHRW,20101019,71.40,72.24,70.96,71.70,21003
CHRW,20101020,72.20,72.83,71.80,72.36,12260
CHRW,20101021,72.51,72.72,71.74,72.40,10480
CHRW,20101022,72.53,72.55,71.85,72.52,6858
CHRW,20101025,72.72,73.32,72.62,72.78,13258
CHRW,20101026,72.44,73.13,71.83,71.98,16992
CHRW,20101027,69.48,71.71,69.15,71.49,15705
CHRW,20101028,71.30,71.33,69.87,70.18,18994
CHRW,20101029,70.08,70.87,69.95,70.48,12058
CHRW,20101101,70.74,71.39,70.29,70.49,9731
CHRW,20101102,71.10,71.35,70.68,71.09,6934
CHRW,20101103,71.15,71.24,69.71,70.54,13693
CHRW,20101104,71.25,72.39,70.92,72.25,15093
CHRW,20101105,72.38,72.46,71.41,71.79,9444
CHRW,20101108,71.55,72.31,71.32,72.17,7516
CHRW,20101109,72.16,72.32,70.86,71.19,7815
CHRW,20101110,71.37,71.55,70.41,70.69,11530
CHRW,20101111,70.39,71.89,70.25,71.80,11376
CHRW,20101112,71.33,71.70,70.72,71.20,8345
CHRW,20101115,71.61,72.08,71.24,71.40,6980
CHRW,20101116,70.92,71.24,70.16,70.82,11101
CHRW,20101117,70.69,71.25,70.29,71.08,11304
CHRW,20101118,71.63,72.92,71.32,72.25,11853
CHRW,20101119,72.30,72.85,72.07,72.85,10950
CHRW,20101122,72.44,73.23,72.08,72.88,7181
CHRW,20101123,72.20,72.40,71.70,72.33,6560
CHRW,20101124,72.81,74.58,72.70,74.22,12405
CHRW,20101126,73.78,74.38,73.70,74.11,3232
CHRW,20101129,73.67,74.07,72.94,73.52,15448
CHRW,20101130,72.95,74.17,72.87,73.71,22242
CHRW,20101201,74.53,75.50,74.27,75.06,14145
CHRW,20101202,75.05,75.82,74.85,75.81,13853
CHRW,20101203,75.74,76.42,75.46,76.35,7518
CHRW,20101206,76.32,76.48,75.75,75.94,13986
CHRW,20101207,76.46,76.75,76.05,76.43,11921
CHRW,20101208,76.53,77.18,76.18,77.15,11103
CHRW,20101209,77.64,78.06,77.08,77.76,12884
CHRW,20101210,77.95,78.21,77.24,78.12,10584
CHRW,20101213,78.27,78.49,77.71,78.07,8970
CHRW,20101214,78.34,78.71,78.02,78.46,7362
CHRW,20101215,78.29,79.21,78.21,78.52,11691
CHRW,20101216,78.28,79.56,78.11,79.20,11952
CHRW,20101217,78.68,79.48,78.11,79.00,27651
CHRW,20101220,79.11,79.29,78.25,79.00,13016
CHRW,20101221,79.28,80.61,79.11,80.03,9599
CHRW,20101222,79.86,80.24,79.56,79.91,8420
CHRW,20101223,79.68,80.07,79.52,79.71,6377
CHRW,20101227,79.57,80.06,79.30,79.76,5368
CHRW,20101228,80.11,80.23,79.21,79.69,6751
CHRW,20101229,80.00,81.02,79.62,80.50,10353
CHRW,20101230,80.58,80.63,79.73,80.08,8396
CHRW,20101231,80.10,80.49,79.64,80.19,11820
CHRW,20110103,80.91,82.05,80.91,81.51,17183
CHRW,20110104,80.32,80.87,80.05,80.45,17589
CHRW,20110105,79.21,80.49,79.16,79.88,19841
CHRW,20110106,79.79,80.26,79.19,79.64,16186
CHRW,20110107,79.91,80.35,79.16,79.56,17823
CHRW,20110110,79.24,79.83,78.70,79.58,1533300
CHRW,20110111,79.71,80.09,78.94,79.51,764600
CHRW,20110112,79.91,79.95,79.54,79.75,616500
CHRW,20110113,79.62,79.96,79.12,79.38,596800
CHRW,20110114,79.32,79.66,78.82,78.88,1479100
CHRW,20110118,79.06,79.49,78.97,79.33,924700
CHRW,20110119,79.01,79.01,77.39,77.72,1618500
CHRW,20110120,77.82,78.50,77.42,77.80,1154200
CHRW,20110121,78.05,78.05,77.21,77.62,1008100
CHRW,20110124,77.74,78.12,77.29,77.75,731300
CHRW,20110125,77.36,77.88,76.82,77.83,1093800
CHRW,20110126,77.85,78.37,77.46,78.12,903600
CHRW,20110127,77.85,78.14,77.66,77.74,1391100
CHRW,20110128,77.98,78.08,75.90,76.03,1670600
CHRW,20110131,76.11,77.28,75.85,77.09,1224400
CHRW,20110201,77.43,78.64,77.27,78.20,1725300
CHRW,20110202,75.20,78.20,73.70,73.74,5322600
CHRW,20110203,73.60,75.07,73.57,74.44,2037200
CHRW,20110204,74.40,74.40,73.31,74.06,1373000
CHRW,20110207,74.05,74.37,73.39,74.11,1132300
CHRW,20110208,74.02,74.08,73.01,73.57,1389700
CHRW,20110209,73.31,74.08,73.08,73.92,816100
CHRW,20110210,73.35,74.75,73.35,74.60,1004800
CHRW,20110211,74.11,75.37,73.90,75.07,1527000
CHRW,20110214,75.08,75.47,73.87,73.91,1348800
CHRW,20110215,73.94,74.37,73.53,74.05,1098500
CHRW,20110216,74.10,75.51,73.88,74.92,929700
CHRW,20110217,74.64,75.45,74.52,75.01,758800
CHRW,20110218,75.01,75.44,74.79,74.99,1359900
CHRW,20110222,74.45,74.50,71.53,71.71,2409700
CHRW,20110223,71.73,72.13,70.33,70.70,1958800
CHRW,20110224,70.92,72.25,70.84,71.81,1758200
CHRW,20110225,71.98,72.60,71.45,72.55,1191300
CHRW,20110228,72.71,72.90,72.18,72.39,1197600
CHRW,20110301,72.66,72.66,70.32,70.87,1290900
CHRW,20110302,70.53,71.86,70.46,71.41,1212400
CHRW,20110303,71.95,73.92,71.93,73.86,1671800
CHRW,20110304,73.64,73.78,72.14,72.84,1087300
CHRW,20110307,73.28,73.28,70.92,72.22,1258400
CHRW,20110308,72.25,73.68,72.08,73.34,979200
CHRW,20110309,73.05,73.87,72.58,73.61,987600
CHRW,20110310,72.89,73.64,71.72,72.70,1185100
CHRW,20110311,72.56,73.25,71.84,72.75,606000
CHRW,20110314,72.27,72.51,71.48,72.32,815600
CHRW,20110315,70.56,72.13,70.54,71.75,1532000
CHRW,20110316,71.41,72.06,70.60,71.09,1455000
CHRW,20110317,72.49,72.97,71.34,71.79,829100
CHRW,20110318,72.62,73.03,72.27,72.66,1377600
CHRW,20110321,73.55,73.95,73.33,73.67,844600
CHRW,20110322,73.05,73.73,70.94,71.55,3206700
CHRW,20110323,71.44,71.61,70.84,71.42,1965300
CHRW,20110324,71.72,72.31,71.39,72.20,1183500
CHRW,20110325,72.51,72.89,71.89,72.52,1620700
CHRW,20110328,72.49,72.81,72.33,72.65,1568600
CHRW,20110329,72.60,73.29,72.12,73.10,942200
CHRW,20110330,73.42,73.79,73.02,73.11,920700
CHRW,20110331,73.07,74.20,72.82,74.13,1121200
CHRW,20110401,74.55,75.37,74.52,74.90,1280700
CHRW,20110404,75.28,75.81,74.88,75.64,880500
CHRW,20110405,75.45,75.92,74.81,75.43,1118400
CHRW,20110406,75.93,76.05,75.08,75.62,814100
CHRW,20110407,75.36,75.62,74.28,74.77,1120700
CHRW,20110408,75.00,75.07,73.74,74.28,950800
CHRW,20110411,74.43,74.59,73.30,73.91,942500
CHRW,20110412,73.54,74.51,73.45,74.24,940300
CHRW,20110413,74.65,74.75,73.90,74.37,738600
CHRW,20110414,73.94,75.60,73.80,75.39,1307200
CHRW,20110415,76.15,76.89,75.85,76.64,1588900
CHRW,20110418,76.02,76.06,74.92,75.88,889100
CHRW,20110419,76.04,76.18,75.53,76.12,751200
CHRW,20110420,76.80,77.91,76.47,77.11,1037900
CHRW,20110421,77.20,78.25,77.19,78.04,1089700
CHRW,20110425,78.00,78.70,77.59,78.51,802500
CHRW,20110426,78.82,79.71,78.64,79.24,1391100
