CIM,20090115,2.44,2.68,2.31,2.58,3250
CIM,20090116,2.56,2.68,2.48,2.65,4373
CIM,20090120,2.58,2.58,2.29,2.30,4370
CIM,20090121,2.36,2.74,2.30,2.62,6950
CIM,20090122,2.51,2.58,2.42,2.44,5470
CIM,20090123,2.36,2.71,2.36,2.61,10987
CIM,20090126,2.61,2.76,2.51,2.74,4559
CIM,20090127,2.74,2.76,2.51,2.58,5501
CIM,20090128,2.65,2.76,2.64,2.73,14256
CIM,20090129,2.70,2.83,2.70,2.71,18168
CIM,20090130,2.69,2.79,2.53,2.58,5367
CIM,20090202,2.54,2.74,2.49,2.58,14537
CIM,20090203,2.61,2.71,2.54,2.61,11050
CIM,20090204,2.61,2.66,2.51,2.54,7183
CIM,20090205,2.52,2.58,2.41,2.43,11710
CIM,20090206,2.43,2.57,2.39,2.51,7133
CIM,20090209,2.49,2.60,2.43,2.51,6561
CIM,20090210,2.49,2.51,2.31,2.35,11036
CIM,20090211,2.37,2.48,2.30,2.43,6814
CIM,20090212,2.38,2.47,2.22,2.44,9065
CIM,20090213,2.43,2.51,2.30,2.43,4783
CIM,20090217,2.32,2.43,2.25,2.34,4815
CIM,20090218,2.38,2.38,2.09,2.15,13362
CIM,20090219,2.26,2.38,2.18,2.33,6431
CIM,20090220,2.27,2.34,2.22,2.27,6571
CIM,20090223,2.31,2.36,2.20,2.22,13253
CIM,20090224,2.32,2.45,2.19,2.33,10226
CIM,20090225,2.32,2.42,2.24,2.33,4013
CIM,20090226,2.35,2.36,2.21,2.25,5334
CIM,20090227,2.20,2.40,2.15,2.34,12107
CIM,20090302,2.26,2.26,2.15,2.20,7953
CIM,20090303,2.25,2.28,2.15,2.15,7551
CIM,20090304,2.21,2.24,2.15,2.21,10751
CIM,20090305,2.33,2.33,1.93,1.95,8793
CIM,20090306,1.96,2.04,1.84,1.96,5799
CIM,20090309,1.92,2.08,1.88,1.97,10563
CIM,20090310,2.05,2.14,1.91,2.06,14264
CIM,20090311,2.06,2.31,2.04,2.25,6165
CIM,20090312,2.25,2.36,2.21,2.34,5312
CIM,20090313,2.35,2.38,2.27,2.36,4951
CIM,20090316,2.35,2.38,2.05,2.07,9361
CIM,20090317,2.08,2.15,2.00,2.05,33858
CIM,20090318,2.04,2.43,2.00,2.27,35522
CIM,20090319,2.33,2.45,2.25,2.27,10235
CIM,20090320,2.31,2.33,2.04,2.04,8685
CIM,20090323,2.22,2.47,2.18,2.47,40811
CIM,20090324,2.42,2.79,2.42,2.62,21755
CIM,20090325,2.67,2.73,2.43,2.64,13580
CIM,20090326,2.69,2.80,2.63,2.73,12616
CIM,20090327,2.75,2.78,2.52,2.57,4857
CIM,20090330,2.48,2.58,2.35,2.40,5037
CIM,20090331,2.43,2.67,2.40,2.63,3242
CIM,20090401,2.56,2.72,2.45,2.70,3979
CIM,20090402,2.79,2.90,2.79,2.88,12156
CIM,20090403,2.88,3.00,2.84,2.91,7497
CIM,20090406,2.87,2.87,2.56,2.62,11728
CIM,20090407,2.53,2.62,2.49,2.49,3360
CIM,20090408,2.53,2.63,2.42,2.53,4977
CIM,20090409,2.62,2.84,2.57,2.80,4906
CIM,20090413,2.76,2.76,2.49,2.65,9735
CIM,20090414,2.60,2.68,2.55,2.61,21833
CIM,20090415,2.54,2.79,2.39,2.59,62012
CIM,20090416,2.44,2.73,2.35,2.67,984927
CIM,20090417,2.61,2.79,2.52,2.71,181990
CIM,20090420,2.61,2.79,2.55,2.57,113451
CIM,20090421,2.51,2.65,2.51,2.59,67991
CIM,20090422,2.54,2.71,2.54,2.61,58868
CIM,20090423,2.60,2.76,2.58,2.76,79408
CIM,20090424,2.78,2.88,2.68,2.87,72852
CIM,20090427,2.84,2.92,2.71,2.74,40491
CIM,20090428,2.70,2.92,2.67,2.79,55093
CIM,20090429,2.81,2.91,2.76,2.86,37604
CIM,20090430,2.87,2.88,2.73,2.81,26929
CIM,20090501,2.81,2.91,2.72,2.74,27241
CIM,20090504,2.83,3.05,2.79,2.96,47784
CIM,20090505,2.99,3.04,2.56,3.01,46083
CIM,20090506,3.06,3.12,2.91,3.00,102627
CIM,20090507,3.05,3.07,2.68,2.75,49177
CIM,20090508,2.78,3.01,2.69,2.99,18082
CIM,20090511,2.92,2.95,2.83,2.84,17893
CIM,20090512,2.85,2.90,2.76,2.84,16636
CIM,20090513,2.78,2.78,2.70,2.76,38979
CIM,20090514,2.76,2.89,2.71,2.84,17925
CIM,20090515,2.86,2.97,2.79,2.84,39812
CIM,20090518,2.88,2.98,2.80,2.97,24660
CIM,20090519,3.01,3.01,2.88,2.96,18413
CIM,20090520,3.00,3.02,2.85,2.92,18312
CIM,20090521,2.86,2.98,2.82,2.96,11841
CIM,20090522,2.98,2.98,2.87,2.88,11022
CIM,20090526,2.67,2.75,2.42,2.72,124552
CIM,20090527,2.69,2.75,2.61,2.70,89083
CIM,20090528,2.67,2.75,2.65,2.71,1148118
CIM,20090529,2.72,2.90,2.65,2.85,584522
CIM,20090601,2.90,2.94,2.75,2.86,130633
CIM,20090602,2.85,2.86,2.62,2.85,125602
CIM,20090603,2.85,2.86,2.75,2.86,51953
CIM,20090604,2.88,2.90,2.80,2.86,85949
CIM,20090605,2.88,2.88,2.65,2.75,90177
CIM,20090608,2.73,2.82,2.69,2.74,64791
CIM,20090609,2.75,2.89,2.75,2.86,85987
CIM,20090610,2.85,2.90,2.70,2.77,85454
CIM,20090611,2.85,2.85,2.58,2.66,155886
CIM,20090612,2.73,2.73,2.62,2.68,80376
CIM,20090615,2.68,2.72,2.60,2.67,60465
CIM,20090616,2.68,2.71,2.64,2.67,82400
CIM,20090617,2.65,2.69,2.63,2.64,57820
CIM,20090618,2.64,2.69,2.54,2.56,71777
CIM,20090619,2.60,2.68,2.48,2.48,243798
CIM,20090622,2.51,2.64,2.45,2.53,175182
CIM,20090623,2.55,2.62,2.50,2.61,75749
CIM,20090624,2.61,2.69,2.59,2.68,85736
CIM,20090625,2.66,2.78,2.62,2.77,104645
CIM,20090626,2.77,2.82,2.59,2.69,360759
CIM,20090629,2.72,2.78,2.62,2.77,109356
CIM,20090630,2.77,2.85,2.66,2.85,62494
CIM,20090701,2.86,2.87,2.82,2.85,88508
CIM,20090702,2.84,2.85,2.63,2.63,129056
CIM,20090706,2.64,2.80,2.59,2.80,107536
CIM,20090707,2.73,2.79,2.60,2.61,105905
CIM,20090708,2.61,2.69,2.57,2.64,83331
CIM,20090709,2.70,2.71,2.60,2.67,57064
CIM,20090710,2.65,2.70,2.59,2.70,51884
CIM,20090713,2.73,2.77,2.63,2.77,105187
CIM,20090714,2.78,2.84,2.73,2.82,63291
CIM,20090715,2.85,2.93,2.77,2.93,162394
CIM,20090716,2.93,3.02,2.84,3.00,99591
CIM,20090717,3.00,3.04,2.89,3.01,120065
CIM,20090720,3.04,3.10,2.99,3.10,92691
CIM,20090721,3.11,3.11,2.94,3.00,55899
CIM,20090722,3.02,3.02,2.90,2.95,41045
CIM,20090723,2.94,3.03,2.90,3.02,128223
CIM,20090724,3.00,3.05,2.94,3.03,39529
CIM,20090727,2.99,3.12,2.99,3.12,59722
CIM,20090728,3.10,3.10,2.97,3.04,52779
CIM,20090729,3.00,3.01,2.84,2.85,63238
CIM,20090730,2.94,2.96,2.83,2.90,129383
CIM,20090731,2.92,2.95,2.82,2.92,69601
CIM,20090803,2.90,2.99,2.86,2.94,75602
CIM,20090804,2.95,3.05,2.89,2.99,105394
CIM,20090805,2.95,3.13,2.86,3.13,126779
CIM,20090806,3.13,3.22,3.05,3.16,129338
CIM,20090807,3.13,3.26,3.12,3.26,165783
CIM,20090810,3.23,3.30,3.16,3.21,121180
CIM,20090811,3.18,3.19,3.04,3.10,92549
CIM,20090812,3.07,3.17,2.94,2.96,99409
CIM,20090813,2.99,3.12,2.99,3.00,53717
CIM,20090814,3.05,3.08,2.90,2.92,54844
CIM,20090817,2.89,3.02,2.83,2.90,91829
CIM,20090818,2.93,3.05,2.88,3.05,60618
CIM,20090819,3.04,3.04,2.90,3.00,55044
CIM,20090820,3.01,3.17,2.94,3.16,88092
CIM,20090821,3.16,3.21,3.10,3.18,61313
CIM,20090824,3.14,3.22,3.04,3.06,55018
CIM,20090825,3.08,3.08,3.02,3.08,41032
CIM,20090826,3.04,3.13,2.97,3.12,69394
CIM,20090827,3.14,3.14,3.03,3.08,58003
CIM,20090828,3.07,3.11,2.96,3.09,60222
CIM,20090831,3.03,3.12,2.98,3.10,72142
CIM,20090901,3.07,3.22,3.00,3.04,205347
CIM,20090902,3.01,3.08,2.97,3.04,57879
CIM,20090903,3.08,3.10,3.01,3.10,62005
CIM,20090904,3.05,3.09,3.03,3.09,30676
CIM,20090908,3.10,3.13,3.06,3.13,39847
CIM,20090909,3.10,3.17,3.08,3.17,49593
CIM,20090910,3.15,3.21,3.11,3.21,48353
CIM,20090911,3.21,3.23,3.11,3.11,107755
CIM,20090914,3.13,3.21,3.08,3.21,79164
CIM,20090915,3.20,3.37,3.19,3.24,112467
CIM,20090916,3.25,3.31,3.23,3.26,129292
CIM,20090917,3.29,3.37,3.14,3.14,72531
CIM,20090918,3.15,3.24,3.15,3.22,89522
CIM,20090921,3.20,3.27,3.18,3.19,44252
CIM,20090922,3.36,3.51,3.30,3.51,250245
CIM,20090923,3.55,3.56,3.31,3.31,109838
CIM,20090924,3.38,3.42,3.08,3.25,100806
CIM,20090925,3.21,3.26,3.17,3.17,68023
CIM,20090928,3.21,3.24,3.15,3.21,102848
CIM,20090929,3.26,3.28,3.10,3.10,125613
CIM,20090930,3.13,3.24,3.08,3.22,71438
CIM,20091001,3.21,3.22,3.10,3.11,86831
CIM,20091002,3.06,3.29,3.04,3.24,123238
CIM,20091005,3.27,3.42,3.24,3.41,87481
CIM,20091006,3.43,3.44,3.28,3.37,118952
CIM,20091007,3.39,3.39,3.27,3.37,50144
CIM,20091008,3.40,3.41,3.32,3.38,113911
CIM,20091009,3.34,3.38,3.28,3.37,64589
CIM,20091012,3.37,3.38,3.27,3.32,63539
CIM,20091013,3.31,3.35,3.23,3.25,68706
CIM,20091014,3.32,3.37,3.23,3.32,92600
CIM,20091015,3.36,3.37,3.25,3.27,78120
CIM,20091016,3.27,3.32,3.22,3.28,75551
CIM,20091019,3.34,3.35,3.23,3.32,74688
CIM,20091020,3.32,3.32,3.21,3.21,70392
CIM,20091021,3.23,3.28,3.16,3.20,61074
CIM,20091022,3.19,3.28,3.17,3.28,45689
CIM,20091023,3.27,3.32,3.26,3.30,68964
CIM,20091026,3.33,3.33,3.23,3.23,117084
CIM,20091027,3.27,3.27,3.11,3.13,61047
CIM,20091028,3.15,3.16,2.94,2.94,87168
CIM,20091029,3.04,3.14,2.99,3.14,84751
CIM,20091030,3.12,3.16,2.94,2.94,94406
CIM,20091102,2.98,3.10,2.94,3.10,104427
CIM,20091103,3.13,3.15,3.06,3.14,76045
CIM,20091104,3.17,3.17,3.03,3.03,62439
CIM,20091105,3.04,3.15,3.03,3.11,68258
CIM,20091106,3.08,3.14,3.03,3.10,77092
CIM,20091109,3.14,3.25,3.12,3.25,105182
CIM,20091110,3.23,3.27,3.11,3.21,165358
CIM,20091111,3.22,3.24,3.11,3.19,154747
CIM,20091112,3.18,3.24,3.14,3.16,82198
CIM,20091113,3.18,3.26,3.17,3.26,66609
CIM,20091116,3.28,3.34,3.24,3.32,84086
CIM,20091117,3.29,3.32,3.27,3.31,105103
CIM,20091118,3.32,3.41,3.31,3.37,128113
CIM,20091119,3.35,3.39,3.32,3.35,102205
CIM,20091120,3.35,3.41,3.33,3.37,67909
CIM,20091123,3.39,3.44,3.33,3.36,57773
CIM,20091124,3.38,3.38,3.32,3.33,68701
CIM,20091125,3.37,3.38,3.32,3.32,39297
CIM,20091127,3.27,3.32,3.24,3.27,36896
CIM,20091130,3.32,3.41,3.26,3.39,82933
CIM,20091201,3.43,3.43,3.28,3.28,78960
CIM,20091202,3.32,3.40,3.28,3.39,51345
CIM,20091203,3.41,3.45,3.35,3.36,58700
CIM,20091204,3.41,3.45,3.27,3.35,96405
CIM,20091207,3.37,3.41,3.32,3.33,69344
CIM,20091208,3.33,3.41,3.31,3.41,49683
CIM,20091209,3.40,3.43,3.36,3.38,40545
CIM,20091210,3.38,3.42,3.36,3.42,20949
CIM,20091211,3.38,3.43,3.34,3.38,53896
CIM,20091214,3.40,3.44,3.37,3.44,58502
CIM,20091215,3.42,3.43,3.31,3.32,82185
CIM,20091216,3.33,3.37,3.18,3.22,112047
CIM,20091217,3.26,3.26,3.17,3.22,62497
CIM,20091218,3.32,3.36,3.20,3.36,86557
CIM,20091221,3.36,3.36,3.20,3.23,78101
CIM,20091222,3.24,3.28,3.22,3.28,59864
CIM,20091223,3.43,3.46,3.38,3.45,109733
CIM,20091224,3.48,3.50,3.43,3.48,43039
CIM,20091228,3.49,3.53,3.46,3.47,84855
CIM,20091229,3.49,3.52,3.43,3.46,48259
CIM,20091230,3.49,3.49,3.39,3.44,45240
CIM,20091231,3.47,3.47,3.41,3.41,33305
CIM,20100104,3.43,3.49,3.41,3.41,61597
CIM,20100105,3.44,3.49,3.42,3.49,58247
CIM,20100106,3.50,3.53,3.47,3.51,43262
CIM,20100107,3.51,3.60,3.49,3.59,93862
CIM,20100108,3.62,3.63,3.56,3.57,59112
CIM,20100111,3.63,3.63,3.56,3.60,61492
CIM,20100112,3.60,3.60,3.53,3.53,61108
CIM,20100113,3.56,3.64,3.54,3.63,81026
CIM,20100114,3.63,3.64,3.60,3.63,42938
CIM,20100115,3.63,3.63,3.56,3.56,59083
CIM,20100119,3.63,3.64,3.58,3.62,59227
CIM,20100120,3.61,3.63,3.56,3.57,37882
CIM,20100121,3.64,3.64,3.52,3.52,61898
CIM,20100122,3.52,3.61,3.50,3.50,63115
CIM,20100125,3.56,3.59,3.44,3.52,65908
CIM,20100126,3.51,3.52,3.44,3.44,32656
CIM,20100127,3.44,3.50,3.42,3.50,55145
CIM,20100128,3.51,3.54,3.44,3.48,34836
CIM,20100129,3.51,3.53,3.43,3.44,45720
CIM,20100201,3.44,3.51,3.44,3.50,37741
CIM,20100202,3.51,3.61,3.47,3.61,56741
CIM,20100203,3.59,3.61,3.52,3.52,42683
CIM,20100204,3.53,3.56,3.43,3.43,77161
CIM,20100205,3.44,3.63,3.44,3.63,77567
CIM,20100208,3.60,3.61,3.48,3.48,61546
CIM,20100209,3.40,3.42,3.30,3.35,162862
CIM,20100210,3.35,3.35,3.12,3.13,201785
CIM,20100211,3.17,3.18,3.10,3.16,133696
CIM,20100212,3.18,3.22,3.13,3.22,77387
CIM,20100216,3.29,3.31,3.22,3.28,61957
CIM,20100217,3.29,3.31,3.22,3.27,58207
CIM,20100218,3.29,3.29,3.23,3.27,65667
CIM,20100219,3.25,3.25,3.14,3.20,79062
CIM,20100222,3.25,3.25,3.12,3.13,99353
CIM,20100223,3.28,3.38,3.23,3.23,258429
CIM,20100224,3.34,3.37,3.27,3.37,145698
CIM,20100225,3.42,3.44,3.36,3.42,88343
CIM,20100226,3.46,3.59,3.45,3.51,120054
CIM,20100301,3.59,3.60,3.51,3.56,102900
CIM,20100302,3.58,3.60,3.52,3.57,77228
CIM,20100303,3.57,3.59,3.52,3.54,53862
CIM,20100304,3.55,3.56,3.48,3.53,65866
CIM,20100305,3.56,3.56,3.50,3.53,66608
CIM,20100308,3.56,3.56,3.50,3.55,55610
CIM,20100309,3.56,3.58,3.50,3.51,77784
CIM,20100310,3.56,3.56,3.50,3.52,65690
CIM,20100311,3.54,3.54,3.49,3.53,68069
CIM,20100312,3.55,3.55,3.50,3.50,56411
CIM,20100315,3.53,3.53,3.49,3.51,55345
CIM,20100316,3.51,3.53,3.49,3.51,102710
CIM,20100317,3.53,3.55,3.50,3.54,85292
CIM,20100318,3.55,3.59,3.51,3.56,86469
CIM,20100319,3.61,3.63,3.54,3.56,140877
CIM,20100322,3.58,3.61,3.55,3.60,83909
CIM,20100323,3.62,3.63,3.52,3.56,177060
CIM,20100324,3.59,3.61,3.53,3.56,144375
CIM,20100325,3.62,3.67,3.57,3.64,115025
CIM,20100326,3.64,3.66,3.56,3.60,85257
CIM,20100329,3.63,3.67,3.61,3.65,73034
CIM,20100330,3.65,3.67,3.58,3.59,61170
CIM,20100331,3.60,3.62,3.56,3.56,66692
CIM,20100401,3.47,3.62,3.43,3.58,613397
CIM,20100405,3.62,3.62,3.55,3.57,118160
CIM,20100406,3.56,3.61,3.56,3.59,153630
CIM,20100407,3.59,3.62,3.56,3.58,154270
CIM,20100408,3.59,3.65,3.58,3.60,171307
CIM,20100409,3.62,3.64,3.57,3.63,140906
CIM,20100412,3.63,3.63,3.57,3.57,118858
CIM,20100413,3.57,3.62,3.56,3.60,153112
CIM,20100414,3.61,3.62,3.57,3.62,98950
CIM,20100415,3.63,3.63,3.57,3.60,118748
CIM,20100416,3.61,3.62,3.55,3.57,116426
CIM,20100419,3.56,3.62,3.55,3.62,121340
CIM,20100420,3.63,3.66,3.60,3.65,196768
CIM,20100421,3.65,3.67,3.61,3.67,154697
CIM,20100422,3.66,3.67,3.62,3.67,114259
CIM,20100423,3.71,3.82,3.70,3.78,306692
CIM,20100426,3.82,3.87,3.76,3.79,196510
CIM,20100427,3.83,3.86,3.60,3.62,353645
CIM,20100428,3.67,3.76,3.66,3.74,184358
CIM,20100429,3.79,3.83,3.74,3.83,120524
CIM,20100430,3.85,3.88,3.73,3.73,162737
CIM,20100503,3.78,3.86,3.77,3.83,156200
CIM,20100504,3.80,3.81,3.61,3.65,291552
CIM,20100505,3.63,3.63,3.46,3.57,487693
CIM,20100506,3.56,3.58,3.21,3.38,303103
CIM,20100507,3.59,3.59,3.43,3.50,276619
CIM,20100510,3.67,3.69,3.58,3.67,155588
CIM,20100511,3.64,3.68,3.60,3.67,176963
CIM,20100512,3.69,3.76,3.68,3.75,143744
CIM,20100513,3.78,3.78,3.72,3.75,126963
CIM,20100514,3.72,3.73,3.62,3.65,162805
CIM,20100517,3.66,3.70,3.59,3.67,80757
CIM,20100518,3.68,3.71,3.53,3.55,143063
CIM,20100519,3.55,3.57,3.47,3.50,128941
CIM,20100520,3.48,3.48,3.34,3.35,227568
CIM,20100521,3.33,3.50,3.30,3.49,251855
CIM,20100524,3.56,3.56,3.46,3.46,195817
CIM,20100525,3.40,3.46,3.36,3.45,162253
CIM,20100526,3.52,3.53,3.44,3.45,107923
CIM,20100527,3.55,3.60,3.49,3.60,112236
CIM,20100528,3.63,3.65,3.58,3.61,92145
CIM,20100601,3.61,3.63,3.53,3.53,92263
CIM,20100602,3.57,3.66,3.54,3.65,110143
CIM,20100603,3.67,3.71,3.61,3.64,157191
CIM,20100604,3.61,3.64,3.52,3.53,120563
CIM,20100607,3.56,3.60,3.51,3.52,105435
CIM,20100608,3.56,3.61,3.48,3.60,99205
CIM,20100609,3.62,3.65,3.53,3.55,99056
CIM,20100610,3.57,3.64,3.56,3.64,103901
CIM,20100611,3.65,3.73,3.60,3.71,113911
CIM,20100614,3.75,3.80,3.73,3.77,193057
CIM,20100615,3.78,3.80,3.72,3.74,157922
CIM,20100616,3.75,3.75,3.67,3.69,155223
CIM,20100617,3.75,3.76,3.69,3.73,129993
CIM,20100618,3.74,3.77,3.70,3.72,97190
CIM,20100621,3.75,3.77,3.69,3.70,58390
CIM,20100622,3.69,3.73,3.64,3.65,120681
CIM,20100623,3.54,3.57,3.50,3.52,918394
CIM,20100624,3.52,3.59,3.51,3.56,319266
CIM,20100625,3.59,3.67,3.56,3.64,370221
CIM,20100628,3.64,3.64,3.59,3.59,98585
CIM,20100629,3.57,3.59,3.49,3.50,209704
CIM,20100630,3.53,3.56,3.44,3.45,149960
CIM,20100701,3.46,3.47,3.36,3.45,204774
CIM,20100702,3.48,3.49,3.42,3.43,92797
CIM,20100706,3.48,3.53,3.36,3.36,199735
CIM,20100707,3.42,3.57,3.40,3.57,203018
CIM,20100708,3.62,3.63,3.50,3.57,137902
CIM,20100709,3.59,3.64,3.55,3.62,98467
CIM,20100712,3.62,3.68,3.59,3.64,107324
CIM,20100713,3.66,3.68,3.64,3.67,120218
CIM,20100714,3.66,3.66,3.62,3.64,92575
CIM,20100715,3.63,3.64,3.58,3.63,82304
CIM,20100716,3.61,3.64,3.52,3.52,112152
CIM,20100719,3.56,3.59,3.50,3.51,123804
CIM,20100720,3.50,3.57,3.49,3.55,138995
CIM,20100721,3.57,3.60,3.52,3.52,125805
CIM,20100722,3.57,3.62,3.57,3.61,116077
CIM,20100723,3.60,3.68,3.58,3.68,76022
CIM,20100726,3.69,3.75,3.66,3.71,130820
CIM,20100727,3.73,3.76,3.64,3.66,170767
CIM,20100728,3.66,3.75,3.66,3.66,179313
CIM,20100729,3.69,3.71,3.63,3.66,143828
CIM,20100730,3.66,3.71,3.65,3.70,109247
CIM,20100802,3.73,3.73,3.69,3.71,128637
CIM,20100803,3.72,3.73,3.67,3.67,97491
CIM,20100804,3.69,3.74,3.69,3.73,93118
CIM,20100805,3.73,3.74,3.69,3.70,78642
CIM,20100806,3.71,3.72,3.68,3.72,69743
CIM,20100809,3.73,3.75,3.71,3.73,82673
CIM,20100810,3.72,3.75,3.71,3.74,75994
CIM,20100811,3.71,3.73,3.67,3.67,94531
CIM,20100812,3.67,3.71,3.66,3.69,60350
CIM,20100813,3.71,3.73,3.69,3.70,70970
CIM,20100816,3.71,3.72,3.67,3.67,69893
CIM,20100817,3.70,3.77,3.69,3.75,89829
CIM,20100818,3.76,3.77,3.71,3.75,81238
CIM,20100819,3.74,3.76,3.68,3.70,93866
CIM,20100820,3.70,3.72,3.67,3.71,72870
CIM,20100823,3.71,3.75,3.70,3.73,58932
CIM,20100824,3.71,3.73,3.68,3.72,78607
CIM,20100825,3.71,3.72,3.67,3.69,104957
CIM,20100826,3.71,3.74,3.69,3.71,91341
CIM,20100827,3.73,3.79,3.66,3.79,109196
CIM,20100830,3.79,3.80,3.75,3.75,71437
CIM,20100831,3.75,3.78,3.73,3.76,85854
CIM,20100901,3.79,3.81,3.77,3.81,91566
CIM,20100902,3.82,3.82,3.76,3.77,138126
CIM,20100903,3.79,3.82,3.77,3.82,136366
CIM,20100907,3.82,3.85,3.78,3.81,139005
CIM,20100908,3.84,3.85,3.81,3.81,107978
CIM,20100909,3.85,3.86,3.83,3.85,90439
CIM,20100910,3.86,3.87,3.85,3.87,132184
CIM,20100913,3.87,3.96,3.86,3.94,305696
CIM,20100914,3.95,3.96,3.85,3.90,208708
CIM,20100915,3.90,3.91,3.87,3.91,143864
CIM,20100916,3.91,3.92,3.87,3.88,188836
CIM,20100917,3.90,3.90,3.86,3.86,131873
CIM,20100920,3.87,3.90,3.85,3.88,119360
CIM,20100921,3.88,3.90,3.84,3.84,120791
CIM,20100922,3.86,3.87,3.85,3.85,86543
CIM,20100923,3.91,3.96,3.90,3.93,245217
CIM,20100924,3.96,3.99,3.95,3.99,184093
CIM,20100927,3.98,4.00,3.95,3.96,175983
CIM,20100928,3.97,3.98,3.91,3.95,174663
CIM,20100929,3.95,3.97,3.94,3.97,167423
CIM,20100930,3.98,4.00,3.92,3.95,176086
CIM,20101001,3.96,3.97,3.95,3.96,82443
CIM,20101004,3.96,4.06,3.95,4.06,178508
CIM,20101005,4.07,4.08,3.98,4.06,148255
CIM,20101006,4.04,4.09,4.03,4.09,78419
CIM,20101007,4.08,4.09,4.04,4.04,96706
CIM,20101008,4.05,4.07,4.02,4.07,69846
CIM,20101011,4.07,4.07,4.03,4.03,59035
CIM,20101012,4.02,4.08,4.02,4.08,47088
CIM,20101013,4.06,4.07,4.03,4.05,61194
CIM,20101014,4.05,4.09,4.03,4.09,104043
CIM,20101015,4.09,4.15,4.08,4.15,111636
CIM,20101018,4.14,4.23,4.12,4.21,139064
CIM,20101019,4.19,4.23,4.18,4.22,153275
CIM,20101020,4.23,4.27,4.20,4.26,129202
CIM,20101021,4.27,4.36,4.26,4.28,200664
CIM,20101022,4.31,4.32,4.21,4.21,103146
CIM,20101025,4.26,4.32,4.26,4.30,108880
CIM,20101026,4.19,4.19,3.98,4.06,489939
CIM,20101027,4.05,4.06,3.98,4.04,174014
CIM,20101028,4.10,4.10,4.02,4.03,108242
CIM,20101029,4.06,4.12,4.04,4.10,133192
CIM,20101101,4.14,4.14,4.06,4.07,66198
CIM,20101102,4.10,4.11,4.04,4.04,112745
CIM,20101103,3.85,3.91,3.82,3.85,1677119
CIM,20101104,3.90,4.04,3.88,4.04,441026
CIM,20101105,4.03,4.05,3.96,4.05,213023
CIM,20101108,4.05,4.05,4.00,4.01,113197
CIM,20101109,4.04,4.04,3.98,3.98,205446
CIM,20101110,4.00,4.05,3.98,4.05,150978
CIM,20101111,4.04,4.04,3.98,3.98,130335
CIM,20101112,4.00,4.05,3.98,4.05,171408
CIM,20101115,4.06,4.07,4.01,4.02,162307
CIM,20101116,4.02,4.04,3.98,3.99,172901
CIM,20101117,4.01,4.05,4.00,4.03,104455
CIM,20101118,4.05,4.06,4.00,4.03,148160
CIM,20101119,4.02,4.02,4.00,4.02,87008
CIM,20101122,4.03,4.04,4.01,4.02,116164
CIM,20101123,4.02,4.03,3.99,4.01,109909
CIM,20101124,4.02,4.06,4.02,4.06,96839
CIM,20101126,4.05,4.07,4.04,4.06,25806
CIM,20101129,4.07,4.08,4.05,4.08,64726
CIM,20101130,4.05,4.06,4.00,4.00,421154
CIM,20101201,4.05,4.08,4.02,4.06,134285
CIM,20101202,4.06,4.08,4.04,4.07,150072
CIM,20101203,4.08,4.10,4.06,4.10,94744
CIM,20101206,4.10,4.11,4.06,4.08,102990
CIM,20101207,4.11,4.12,4.09,4.10,95448
CIM,20101208,4.12,4.13,4.09,4.12,112556
CIM,20101209,4.14,4.15,4.10,4.13,106352
CIM,20101210,4.14,4.16,4.12,4.16,124389
CIM,20101213,4.18,4.22,4.16,4.22,106300
CIM,20101214,4.22,4.24,4.19,4.22,233734
CIM,20101215,4.20,4.22,4.10,4.10,214242
CIM,20101216,4.14,4.17,4.11,4.16,111563
CIM,20101217,4.18,4.21,4.16,4.21,148818
CIM,20101220,4.25,4.25,4.21,4.22,170244
CIM,20101221,4.24,4.25,4.23,4.25,121250
CIM,20101222,4.26,4.28,4.18,4.18,222217
CIM,20101223,4.23,4.28,4.22,4.27,124187
CIM,20101227,4.29,4.30,4.28,4.29,124215
CIM,20101228,4.30,4.30,4.24,4.25,231925
CIM,20101229,4.12,4.15,4.10,4.13,197748
CIM,20101230,4.14,4.15,4.12,4.12,93542
CIM,20101231,4.13,4.14,4.11,4.11,115820
CIM,20110103,4.13,4.14,4.10,4.14,140646
CIM,20110104,4.13,4.14,4.03,4.06,211443
CIM,20110105,4.07,4.10,4.04,4.06,322059
CIM,20110106,4.08,4.11,4.06,4.10,143092
CIM,20110107,4.12,4.15,4.11,4.15,163943
CIM,20110110,4.13,4.15,4.10,4.10,11937800
CIM,20110111,4.10,4.13,4.07,4.07,17387300
CIM,20110112,4.10,4.11,4.08,4.09,17968400
CIM,20110113,4.09,4.12,4.09,4.11,12840400
CIM,20110114,4.11,4.13,4.11,4.13,13652000
CIM,20110118,4.13,4.14,4.10,4.12,12339000
CIM,20110119,4.12,4.13,4.11,4.12,10334600
CIM,20110120,4.13,4.15,4.12,4.14,10898700
CIM,20110121,4.17,4.20,4.16,4.20,14579200
CIM,20110124,4.20,4.23,4.20,4.22,10282600
CIM,20110125,4.22,4.24,4.14,4.16,15953000
CIM,20110126,4.19,4.20,4.16,4.18,14198400
CIM,20110127,4.23,4.23,4.20,4.22,22965200
CIM,20110128,4.22,4.23,4.19,4.20,13147600
CIM,20110131,4.19,4.20,4.16,4.20,13800300
CIM,20110201,4.22,4.27,4.20,4.26,20827100
CIM,20110202,4.26,4.32,4.25,4.30,24996000
CIM,20110203,4.30,4.31,4.27,4.28,10748900
CIM,20110204,4.30,4.30,4.23,4.26,14179900
CIM,20110207,4.26,4.30,4.23,4.28,17748400
CIM,20110208,4.29,4.30,4.25,4.27,10381300
CIM,20110209,4.28,4.29,4.25,4.25,10407300
CIM,20110210,4.18,4.20,4.13,4.15,50017100
CIM,20110211,4.18,4.18,4.13,4.16,18600500
CIM,20110214,4.17,4.21,4.16,4.20,8952500
CIM,20110215,4.20,4.21,4.12,4.12,25792100
CIM,20110216,4.16,4.20,4.13,4.15,15346300
CIM,20110217,4.16,4.25,4.15,4.24,9119400
CIM,20110218,4.26,4.28,4.25,4.27,7655900
CIM,20110222,4.25,4.27,4.14,4.18,29063200
CIM,20110223,4.20,4.22,4.18,4.19,10149700
CIM,20110224,4.22,4.25,4.18,4.25,14072900
CIM,20110225,4.26,4.31,4.25,4.31,14249800
CIM,20110228,4.32,4.34,4.30,4.31,18686100
CIM,20110301,4.34,4.34,4.20,4.20,25810900
CIM,20110302,4.23,4.25,4.20,4.20,21623100
CIM,20110303,4.24,4.25,4.21,4.25,14135700
CIM,20110304,4.25,4.27,4.24,4.24,10489000
CIM,20110307,4.25,4.30,4.25,4.29,6619100
CIM,20110308,4.30,4.31,4.26,4.29,10820700
CIM,20110309,4.29,4.29,4.25,4.27,8970300
CIM,20110310,4.26,4.29,4.25,4.26,7952400
CIM,20110311,4.26,4.27,4.21,4.24,14987400
CIM,20110314,4.23,4.26,4.22,4.22,11073500
CIM,20110315,4.20,4.24,4.18,4.19,19218900
CIM,20110316,4.21,4.25,4.17,4.17,17303400
CIM,20110317,4.22,4.23,4.19,4.22,10202600
CIM,20110318,4.22,4.26,4.22,4.26,10246500
CIM,20110321,4.30,4.31,4.22,4.28,15682000
CIM,20110322,4.20,4.23,4.10,4.10,48252700
CIM,20110323,4.13,4.15,4.10,4.13,21878100
CIM,20110324,4.16,4.20,4.15,4.19,20904200
CIM,20110325,4.19,4.20,4.15,4.19,17007400
CIM,20110328,4.20,4.20,4.17,4.17,13911600
CIM,20110329,4.06,4.06,4.01,4.02,18337000
CIM,20110330,4.04,4.05,4.01,4.02,14639200
CIM,20110331,4.04,4.04,3.95,3.96,20356900
CIM,20110401,3.97,3.99,3.93,3.96,19764100
CIM,20110404,3.96,3.98,3.80,3.95,44379600
CIM,20110405,3.95,4.03,3.93,4.02,16639300
CIM,20110406,4.02,4.04,3.97,4.01,17662100
CIM,20110407,4.00,4.02,3.96,3.96,17800200
CIM,20110408,3.97,4.00,3.90,3.92,14460000
CIM,20110411,3.92,3.95,3.85,3.93,25908100
CIM,20110412,3.92,3.92,3.85,3.89,25782200
CIM,20110413,3.90,3.92,3.89,3.89,9051400
CIM,20110414,3.90,3.93,3.90,3.93,8408300
CIM,20110415,3.92,3.93,3.91,3.92,5536700
CIM,20110418,3.87,3.90,3.81,3.89,17162400
CIM,20110419,3.88,3.90,3.86,3.89,8132000
CIM,20110420,3.89,3.92,3.88,3.92,6863500
CIM,20110421,3.92,3.94,3.89,3.94,8922100
CIM,20110425,3.95,3.97,3.91,3.95,11073900
CIM,20110426,3.97,3.99,3.95,3.96,8360100
