CLF,20090115,21.56,22.93,21.08,22.45,90161
CLF,20090116,23.57,23.71,21.35,22.10,77243
CLF,20090120,21.80,22.12,20.26,20.82,47878
CLF,20090121,21.25,23.12,20.90,22.97,42315
CLF,20090122,22.26,23.43,21.27,22.37,29371
CLF,20090123,21.50,24.24,21.45,23.38,24431
CLF,20090126,23.52,25.34,22.92,23.49,32289
CLF,20090127,24.18,24.75,23.41,24.26,28662
CLF,20090128,24.67,26.32,24.62,25.98,30811
CLF,20090129,25.00,25.38,23.94,24.20,27563
CLF,20090130,24.26,24.50,22.86,23.17,26113
CLF,20090202,22.36,23.11,21.87,22.21,32364
CLF,20090203,22.36,23.15,22.16,22.85,35632
CLF,20090204,23.68,25.50,23.58,23.80,67304
CLF,20090205,23.66,26.40,22.75,26.08,58612
CLF,20090206,26.74,29.72,26.26,29.55,61533
CLF,20090209,29.55,31.44,28.76,29.87,34037
CLF,20090210,29.44,30.69,26.20,26.45,43777
CLF,20090211,27.03,27.70,25.43,26.13,32528
CLF,20090212,25.10,27.13,24.38,27.05,26749
CLF,20090213,27.17,28.25,26.40,27.76,24853
CLF,20090217,25.95,25.95,23.34,23.45,42529
CLF,20090218,24.58,24.75,22.06,22.65,37691
CLF,20090219,23.25,24.32,22.84,23.00,26533
CLF,20090220,22.01,22.86,20.81,21.82,45132
CLF,20090223,22.67,22.70,19.63,19.76,40360
CLF,20090224,19.79,21.70,19.08,21.46,38564
CLF,20090225,21.36,21.46,19.00,19.19,62260
CLF,20090226,19.60,20.00,15.81,16.14,95179
CLF,20090227,15.30,16.72,15.01,15.43,56724
CLF,20090302,14.89,14.94,11.84,12.01,119491
CLF,20090303,12.54,13.25,12.02,12.74,90510
CLF,20090304,13.88,15.00,13.55,14.57,98545
CLF,20090305,13.70,14.06,12.90,13.11,52176
CLF,20090306,13.60,14.20,12.47,13.00,49400
CLF,20090309,12.42,14.21,12.42,12.96,44135
CLF,20090310,13.61,14.29,13.61,14.13,63386
CLF,20090311,14.26,15.11,13.49,14.05,57817
CLF,20090312,13.88,14.51,12.89,14.24,60885
CLF,20090313,14.44,14.50,12.89,13.03,62973
CLF,20090316,13.18,14.18,13.02,13.35,44687
CLF,20090317,12.94,12.98,12.05,12.73,54770
CLF,20090318,12.68,13.39,11.80,12.93,66435
CLF,20090319,13.61,15.72,13.61,14.78,101605
CLF,20090320,15.03,15.23,13.66,14.07,45226
CLF,20090323,14.87,16.58,14.54,16.58,66816
CLF,20090324,16.79,17.68,16.30,16.84,94351
CLF,20090325,17.15,18.55,16.90,17.64,74962
CLF,20090326,18.19,19.25,18.15,18.89,57779
CLF,20090327,18.30,19.22,17.70,18.54,52302
CLF,20090330,17.58,17.58,15.87,16.51,52026
CLF,20090331,17.28,18.44,16.40,18.16,91091
CLF,20090401,17.50,19.20,17.18,19.04,57464
CLF,20090402,20.00,21.33,19.86,20.47,76042
CLF,20090403,20.14,21.09,19.90,20.69,61759
CLF,20090406,20.13,20.34,19.06,19.85,41696
CLF,20090407,19.20,19.46,18.84,18.86,53251
CLF,20090408,19.15,19.32,18.06,18.79,46830
CLF,20090409,19.73,20.61,19.48,20.59,59539
CLF,20090413,20.29,21.13,18.90,20.69,59395
CLF,20090414,20.35,20.58,18.71,18.77,60457
CLF,20090415,18.60,19.18,18.03,19.11,54631
CLF,20090416,19.31,19.75,18.48,19.49,53240
CLF,20090417,19.31,21.66,19.30,21.38,58974
CLF,20090420,20.78,20.78,18.50,18.51,46420
CLF,20090421,18.22,20.23,18.00,20.16,47954
CLF,20090422,19.34,21.43,19.34,20.54,38380
CLF,20090423,20.23,21.62,19.75,21.11,50977
CLF,20090424,21.62,22.43,21.11,21.82,41360
CLF,20090427,21.12,21.35,20.14,20.38,37604
CLF,20090428,19.66,20.77,19.10,20.21,39071
CLF,20090429,20.65,21.47,20.21,21.03,50825
CLF,20090430,21.72,23.40,21.15,23.06,73061
CLF,20090501,23.27,26.00,23.10,25.29,64776
CLF,20090504,26.24,29.12,26.13,28.29,61164
CLF,20090505,27.99,28.09,26.80,27.47,41550
CLF,20090506,30.09,31.40,29.25,30.29,80274
CLF,20090507,31.50,32.14,29.29,30.01,75061
CLF,20090508,30.81,31.74,29.57,31.02,54826
CLF,20090511,30.00,30.08,28.27,28.78,61447
CLF,20090512,29.86,30.00,27.81,28.89,45439
CLF,20090513,25.90,25.90,22.84,23.18,133746
CLF,20090514,21.68,22.29,20.62,22.01,356780
CLF,20090515,22.30,22.85,21.15,21.52,97770
CLF,20090518,21.99,23.37,21.18,23.22,112030
CLF,20090519,23.14,24.93,23.14,23.85,92039
CLF,20090520,24.61,25.90,24.46,24.78,79531
CLF,20090521,24.11,24.40,22.92,23.51,58079
CLF,20090522,24.10,24.27,23.03,23.14,47968
CLF,20090526,23.06,24.75,22.88,24.55,55280
CLF,20090527,24.67,26.66,24.65,25.16,68890
CLF,20090528,25.88,26.42,25.05,25.99,56704
CLF,20090529,26.89,27.25,26.30,27.25,69003
CLF,20090601,28.15,29.60,28.00,29.01,64177
CLF,20090602,28.72,30.05,28.08,29.05,63346
CLF,20090603,28.30,28.59,25.95,26.47,69287
CLF,20090604,26.99,28.38,26.41,28.00,60647
CLF,20090605,29.21,29.56,27.53,29.10,65604
CLF,20090608,28.37,28.70,27.17,28.37,54573
CLF,20090609,29.01,30.71,28.78,30.12,69900
CLF,20090610,30.97,31.37,28.15,29.03,86658
CLF,20090611,29.05,29.98,28.74,29.53,58327
CLF,20090612,28.65,29.16,28.03,28.61,59439
CLF,20090615,27.83,27.87,25.92,26.12,75529
CLF,20090616,26.75,27.44,25.57,25.91,66904
CLF,20090617,25.70,25.88,24.07,24.72,65114
CLF,20090618,24.87,26.43,24.35,26.07,73305
CLF,20090619,26.44,26.74,25.62,25.72,50239
CLF,20090622,24.91,24.95,22.87,22.87,56236
CLF,20090623,23.04,23.82,22.34,23.56,57928
CLF,20090624,24.06,24.75,23.50,23.81,46846
CLF,20090625,23.63,24.90,23.57,24.84,46772
CLF,20090626,24.72,25.44,24.34,24.75,54177
CLF,20090629,24.95,25.46,24.64,24.82,28128
CLF,20090630,24.93,25.17,23.81,24.47,35866
CLF,20090701,24.92,25.40,24.14,24.26,42887
CLF,20090702,23.50,24.44,23.29,23.85,41798
CLF,20090706,23.02,23.22,21.87,22.32,56096
CLF,20090707,22.35,22.48,21.02,21.10,63631
CLF,20090708,21.06,21.66,19.44,20.43,69924
CLF,20090709,21.26,21.51,20.60,20.79,39472
CLF,20090710,20.58,21.00,20.19,20.85,30687
CLF,20090713,20.92,21.38,19.91,21.34,35667
CLF,20090714,21.39,22.06,21.09,21.54,26659
CLF,20090715,22.45,23.30,22.34,23.20,41975
CLF,20090716,23.14,24.94,22.86,24.82,62805
CLF,20090717,24.78,25.24,24.18,24.76,45284
CLF,20090720,25.36,26.20,25.29,26.04,44683
CLF,20090721,26.50,26.59,24.74,25.58,40152
CLF,20090722,25.04,25.65,24.69,25.40,27437
CLF,20090723,25.38,27.29,25.14,27.14,54146
CLF,20090724,26.54,27.65,26.38,27.54,42060
CLF,20090727,27.73,28.39,27.25,27.55,35716
CLF,20090728,27.03,27.15,25.68,26.44,44378
CLF,20090729,25.76,25.76,24.69,24.85,59793
CLF,20090730,26.59,27.39,26.18,26.87,67506
CLF,20090731,26.67,27.84,26.58,27.39,40825
CLF,20090803,28.31,29.75,28.31,29.63,68693
CLF,20090804,29.19,29.65,28.66,28.95,43613
CLF,20090805,28.69,29.25,27.63,28.22,58532
CLF,20090806,28.60,28.71,26.88,27.17,42706
CLF,20090807,27.60,28.33,26.93,28.21,38523
CLF,20090810,27.96,28.11,27.13,27.42,34104
CLF,20090811,27.20,27.26,26.31,26.55,29269
CLF,20090812,26.22,27.76,26.21,27.34,36184
CLF,20090813,27.71,29.34,27.51,29.21,49457
CLF,20090814,29.25,29.50,27.80,28.16,37211
CLF,20090817,26.70,26.86,25.70,26.10,42510
CLF,20090818,26.34,27.04,26.31,26.56,32299
CLF,20090819,25.87,26.56,25.55,26.30,47621
CLF,20090820,26.18,26.95,26.10,26.40,25673
CLF,20090821,26.94,27.55,26.87,27.54,31170
CLF,20090824,28.07,28.67,27.47,27.55,38121
CLF,20090825,28.00,28.13,26.61,26.87,30728
CLF,20090826,26.80,27.10,25.92,27.07,43585
CLF,20090827,26.86,26.86,25.40,26.11,56345
CLF,20090828,26.58,26.74,25.66,26.42,38655
CLF,20090831,25.76,25.76,25.07,25.31,41750
CLF,20090901,25.20,25.97,24.12,24.31,46643
CLF,20090902,24.15,24.66,23.67,24.15,34751
CLF,20090903,24.79,25.58,24.28,25.58,41221
CLF,20090904,25.53,25.70,24.89,25.57,27128
CLF,20090908,26.19,27.08,26.13,27.04,41804
CLF,20090909,26.95,27.36,26.20,26.68,32998
CLF,20090910,26.71,28.30,26.18,28.10,48883
CLF,20090911,29.04,30.89,28.85,30.23,102936
CLF,20090914,29.41,30.52,29.01,30.40,50922
CLF,20090915,30.48,32.64,30.39,31.95,83765
CLF,20090916,32.93,34.36,32.83,33.90,70595
CLF,20090917,34.36,35.57,33.76,34.21,90843
CLF,20090918,34.53,34.69,33.36,33.75,44974
CLF,20090921,33.01,33.72,32.01,33.48,37654
CLF,20090922,34.46,34.97,34.05,34.45,38136
CLF,20090923,34.86,34.86,33.38,33.57,38656
CLF,20090924,33.84,33.91,32.30,32.60,39372
CLF,20090925,32.23,32.76,31.64,32.37,42761
CLF,20090928,32.69,33.21,32.00,32.93,29760
CLF,20090929,33.10,33.84,32.71,33.05,38911
CLF,20090930,33.63,33.80,32.08,32.36,41204
CLF,20091001,32.15,32.33,30.45,30.54,48678
CLF,20091002,29.43,30.99,29.05,30.18,56082
CLF,20091005,30.52,32.33,30.45,32.12,39381
CLF,20091006,32.89,33.60,32.00,32.62,38478
CLF,20091007,32.73,33.36,32.55,33.21,32422
CLF,20091008,34.26,35.92,33.95,35.68,90581
CLF,20091009,35.32,36.09,34.80,35.54,35430
CLF,20091012,36.19,36.87,35.35,35.89,30072
CLF,20091013,35.78,36.04,35.04,35.74,36173
CLF,20091014,36.71,39.10,36.49,38.85,72995
CLF,20091015,38.34,40.05,38.19,39.78,57126
CLF,20091016,38.93,39.75,38.52,38.78,43097
CLF,20091019,39.33,39.38,38.46,38.70,34604
CLF,20091020,39.85,39.85,37.05,38.14,41818
CLF,20091021,37.87,40.21,37.50,38.63,50573
CLF,20091022,38.45,38.68,36.86,38.63,40036
CLF,20091023,38.76,39.36,37.45,37.83,36688
CLF,20091026,37.96,39.43,36.93,37.20,39624
CLF,20091027,37.08,37.26,34.86,35.52,52595
CLF,20091028,34.99,35.37,32.87,33.17,59780
CLF,20091029,34.00,35.97,34.00,34.87,54521
CLF,20091030,35.99,37.40,34.92,35.57,99153
CLF,20091102,36.40,37.55,34.19,35.46,61340
CLF,20091103,34.40,36.63,34.12,36.06,40683
CLF,20091104,36.96,37.39,35.95,36.07,53756
CLF,20091105,36.40,36.95,36.10,36.67,34256
CLF,20091106,35.86,37.37,35.56,36.18,31063
CLF,20091109,37.28,37.90,37.03,37.80,27808
CLF,20091110,37.55,38.18,37.00,37.86,23953
CLF,20091111,38.94,39.65,38.70,38.96,40373
CLF,20091112,39.05,39.74,38.53,38.95,43045
CLF,20091113,39.14,41.37,38.75,41.30,56201
CLF,20091116,42.01,44.55,42.01,43.37,65768
CLF,20091117,42.98,44.15,42.61,44.03,35124
CLF,20091118,44.38,44.55,42.55,43.04,36887
CLF,20091119,42.36,42.58,41.26,42.28,28404
CLF,20091120,41.48,43.24,41.27,43.02,31149
CLF,20091123,44.37,44.83,42.26,42.54,36705
CLF,20091124,43.49,43.61,42.25,43.45,33651
CLF,20091125,43.77,45.47,43.20,45.26,37356
CLF,20091127,43.14,44.65,42.77,44.07,30245
CLF,20091130,44.38,45.13,43.68,44.06,40503
CLF,20091201,45.04,45.75,44.55,45.07,30043
CLF,20091202,45.22,46.49,45.10,45.95,30064
CLF,20091203,46.48,46.48,44.00,44.15,52149
CLF,20091204,44.85,45.12,41.37,42.20,79686
CLF,20091207,41.84,42.67,41.48,41.88,44552
CLF,20091208,41.17,41.69,40.35,40.80,30743
CLF,20091209,41.00,43.25,40.89,43.14,50877
CLF,20091210,42.90,43.69,42.24,42.85,52010
CLF,20091211,43.27,44.00,42.93,43.10,27581
CLF,20091214,44.26,45.32,43.97,45.06,38071
CLF,20091215,44.60,45.76,44.44,45.28,37018
CLF,20091216,45.60,46.00,44.77,45.48,41581
CLF,20091217,44.92,45.58,44.06,44.77,31476
CLF,20091218,45.27,45.45,43.44,43.98,190820
CLF,20091221,44.50,46.00,44.33,45.72,41025
CLF,20091222,45.74,46.14,44.81,45.49,29345
CLF,20091223,45.72,47.25,45.54,47.16,26252
CLF,20091224,47.33,48.00,46.94,47.41,10784
CLF,20091228,47.59,48.41,46.51,46.79,16979
CLF,20091229,46.95,47.43,46.62,47.11,17788
CLF,20091230,46.83,47.38,46.24,47.21,15303
CLF,20091231,47.42,47.74,46.01,46.09,13437
CLF,20100104,47.12,48.88,46.94,48.21,27495
CLF,20100105,48.40,49.20,48.05,48.95,20864
CLF,20100106,49.22,50.71,49.11,50.64,38544
CLF,20100107,50.26,50.71,49.12,49.88,27070
CLF,20100108,49.69,53.20,49.56,53.12,42797
CLF,20100111,54.70,55.40,52.38,52.88,41142
CLF,20100112,51.80,52.18,49.50,50.24,46467
CLF,20100113,50.72,51.75,48.70,51.55,36706
CLF,20100114,51.34,52.98,51.34,51.75,30806
CLF,20100115,51.39,51.55,49.65,49.75,35934
CLF,20100119,49.73,51.60,49.40,51.56,46861
CLF,20100120,50.19,50.19,48.68,49.18,43749
CLF,20100121,49.39,49.41,44.66,44.74,89302
CLF,20100122,44.11,45.49,42.18,42.37,73798
CLF,20100125,43.37,43.88,42.40,42.89,42603
CLF,20100126,41.97,43.12,41.06,41.60,56673
CLF,20100127,42.00,42.66,39.19,41.01,58050
CLF,20100128,41.65,41.89,39.59,40.04,43335
CLF,20100129,40.66,41.88,39.52,39.95,68487
CLF,20100201,40.86,43.16,40.85,43.07,54079
CLF,20100202,43.77,44.74,42.22,44.54,50880
CLF,20100203,43.95,46.18,43.75,44.55,80615
CLF,20100204,43.49,43.67,40.18,40.23,59715
CLF,20100205,40.52,41.74,39.13,41.69,64154
CLF,20100208,41.90,42.86,40.51,40.53,35048
CLF,20100209,41.97,42.77,40.90,42.75,57285
CLF,20100210,42.64,43.91,42.00,43.12,55516
CLF,20100211,43.33,45.95,43.03,45.81,53828
CLF,20100212,44.63,46.28,44.10,45.87,54558
CLF,20100216,47.30,48.95,47.16,48.17,57267
CLF,20100217,48.64,48.78,46.55,47.40,51869
CLF,20100218,47.39,51.44,47.31,50.90,105152
CLF,20100219,50.74,54.45,50.69,53.60,104635
CLF,20100222,54.35,55.34,53.20,54.49,66700
CLF,20100223,53.76,54.20,52.18,52.72,70231
CLF,20100224,53.31,54.50,53.14,53.95,68609
CLF,20100225,52.36,55.69,51.80,55.53,69522
CLF,20100226,55.78,56.46,54.63,56.40,44896
CLF,20100301,57.04,59.32,56.22,59.08,62188
CLF,20100302,59.54,59.89,58.16,58.65,69258
CLF,20100303,59.24,60.30,57.01,57.41,74715
CLF,20100304,57.49,58.94,56.46,58.65,74494
CLF,20100305,59.42,60.69,59.32,60.65,58995
CLF,20100308,61.17,61.50,59.64,60.17,37218
CLF,20100309,59.31,60.33,58.60,59.18,48332
CLF,20100310,59.66,60.49,58.66,59.71,49337
CLF,20100311,59.07,60.46,58.41,60.31,39427
CLF,20100312,61.50,64.74,61.28,64.34,102568
CLF,20100315,63.71,63.93,62.12,63.15,41504
CLF,20100316,64.97,66.97,64.79,66.27,88353
CLF,20100317,67.22,67.53,65.09,65.43,59229
CLF,20100318,65.71,65.97,64.21,64.56,46628
CLF,20100319,64.93,65.30,62.40,64.01,57661
CLF,20100322,62.85,65.45,61.87,65.24,50101
CLF,20100323,66.23,69.84,65.72,69.72,74554
CLF,20100324,70.09,72.77,69.68,71.76,101870
CLF,20100325,72.92,73.38,68.74,69.03,94016
CLF,20100326,70.28,72.00,69.69,71.26,84763
CLF,20100329,72.79,73.95,72.23,72.85,59277
CLF,20100330,73.27,73.75,70.77,71.25,65396
CLF,20100331,70.34,72.09,70.27,70.95,45025
CLF,20100401,72.47,73.50,71.39,72.35,57524
CLF,20100405,73.42,75.00,72.76,74.85,46487
CLF,20100406,74.26,76.17,73.97,74.02,56213
CLF,20100407,73.92,74.39,71.80,72.41,58826
CLF,20100408,71.76,73.50,71.01,73.26,51876
CLF,20100409,74.98,75.58,73.99,74.83,58402
CLF,20100412,75.29,75.48,73.53,73.98,38132
CLF,20100413,73.42,74.45,72.51,73.47,38813
CLF,20100414,74.61,75.55,73.15,75.43,46014
CLF,20100415,75.00,75.94,73.31,73.79,44670
CLF,20100416,72.99,74.30,69.77,70.24,76417
CLF,20100419,69.69,70.55,67.25,68.71,64292
CLF,20100420,69.91,71.26,69.80,70.10,44834
CLF,20100421,70.52,70.59,67.50,68.87,61173
CLF,20100422,67.41,70.04,66.56,69.61,56146
CLF,20100423,71.78,73.94,71.15,72.85,64332
CLF,20100426,73.80,74.75,72.43,73.00,38177
CLF,20100427,72.01,72.24,68.06,68.54,66305
CLF,20100428,69.86,70.70,68.34,70.21,62883
CLF,20100429,70.60,71.15,63.25,64.33,175101
CLF,20100430,65.13,65.86,62.25,62.53,74343
CLF,20100503,61.89,62.41,58.66,58.95,121179
CLF,20100504,56.93,57.03,53.29,54.55,176084
CLF,20100505,52.90,60.12,52.20,58.73,216606
CLF,20100506,59.31,60.46,50.80,56.00,148626
CLF,20100507,56.30,58.12,52.75,56.12,135128
CLF,20100510,60.09,61.40,59.50,61.18,83311
CLF,20100511,59.81,59.81,56.64,56.79,147020
CLF,20100512,57.21,58.24,55.61,57.34,130241
CLF,20100513,57.94,59.25,55.93,56.30,85871
CLF,20100514,55.01,55.47,52.12,53.98,89008
CLF,20100517,53.64,53.87,50.56,52.92,93924
CLF,20100518,54.60,55.00,50.90,51.04,85508
CLF,20100519,50.10,52.15,48.79,50.91,134217
CLF,20100520,48.89,49.90,46.65,47.35,117657
CLF,20100521,46.40,51.10,46.40,50.47,115407
CLF,20100524,51.94,52.16,50.04,50.26,78512
CLF,20100525,48.13,51.97,46.64,51.69,147262
CLF,20100526,53.23,54.79,52.33,53.26,153509
CLF,20100527,55.81,57.70,54.75,57.69,97805
CLF,20100528,57.34,57.93,54.75,55.86,70685
CLF,20100601,54.01,54.84,51.26,51.30,67225
CLF,20100602,52.01,54.36,51.63,54.35,55908
CLF,20100603,55.32,55.48,51.60,53.22,61582
CLF,20100604,50.75,51.87,48.77,49.22,96994
CLF,20100607,49.56,50.30,47.85,47.99,68413
CLF,20100608,48.42,50.19,47.70,50.11,81412
CLF,20100609,51.00,53.30,50.33,50.80,89697
CLF,20100610,53.02,54.87,52.41,54.87,83865
CLF,20100611,53.92,56.18,53.77,55.97,58154
CLF,20100614,57.56,58.43,55.90,56.12,66941
CLF,20100615,57.40,58.07,56.10,57.93,50616
CLF,20100616,57.01,58.20,56.50,57.51,42799
CLF,20100617,58.46,58.50,55.42,56.36,58780
CLF,20100618,56.73,56.86,55.73,56.22,43821
CLF,20100621,59.00,60.27,57.16,57.89,81874
CLF,20100622,58.19,59.02,55.80,55.88,47501
CLF,20100623,55.85,57.08,54.19,56.30,58801
CLF,20100624,55.56,55.99,53.78,53.94,48875
CLF,20100625,54.63,56.50,53.72,56.37,81846
CLF,20100628,56.37,56.38,54.30,54.44,35259
CLF,20100629,51.96,52.25,47.93,48.49,114314
CLF,20100630,48.56,49.80,47.00,47.16,69606
CLF,20100701,46.90,48.51,44.91,46.85,89175
CLF,20100702,47.44,47.99,46.31,46.89,57184
CLF,20100706,48.70,49.53,44.46,44.49,109039
CLF,20100707,44.40,48.43,44.20,48.43,91163
CLF,20100708,49.20,49.50,47.63,49.42,74234
CLF,20100709,49.21,51.30,49.01,51.07,57508
CLF,20100712,50.51,50.62,47.37,47.95,74000
CLF,20100713,49.97,49.98,47.84,48.90,67195
CLF,20100714,48.19,49.23,47.56,48.64,55140
CLF,20100715,48.46,49.15,47.53,48.46,45750
CLF,20100716,48.00,48.13,46.35,46.55,51693
CLF,20100719,47.43,47.43,45.18,46.52,51229
CLF,20100720,45.70,50.50,45.51,50.33,85576
CLF,20100721,52.18,53.51,50.61,51.28,92306
CLF,20100722,52.56,54.85,51.99,54.52,79212
CLF,20100723,54.57,56.37,53.74,55.90,63283
CLF,20100726,56.18,57.53,55.00,57.14,55379
CLF,20100727,57.31,57.75,54.05,55.30,69221
CLF,20100728,54.33,56.30,53.92,54.14,50811
CLF,20100729,55.35,57.17,54.74,56.19,68702
CLF,20100730,54.67,57.08,54.51,56.57,45420
CLF,20100802,58.60,60.82,58.25,60.60,64842
CLF,20100803,59.76,60.94,59.05,59.69,47717
CLF,20100804,60.17,62.48,59.46,62.44,58531
CLF,20100805,61.90,62.22,61.05,61.63,34435
CLF,20100806,60.00,62.47,59.36,60.03,61745
CLF,20100809,60.95,63.06,60.30,62.46,53676
CLF,20100810,60.91,61.44,59.90,61.23,53434
CLF,20100811,58.60,59.24,57.67,58.02,51603
CLF,20100812,56.28,59.63,56.23,58.69,46341
CLF,20100813,58.91,59.51,57.95,58.49,38125
CLF,20100816,58.47,61.00,58.30,60.47,49786
CLF,20100817,62.37,64.49,62.08,62.87,63820
CLF,20100818,63.05,64.35,62.01,63.61,47529
CLF,20100819,63.45,65.00,60.99,61.50,57699
CLF,20100820,61.00,61.51,59.94,61.28,41180
CLF,20100823,62.08,62.14,59.72,59.81,32839
CLF,20100824,58.10,58.99,57.55,57.81,48449
CLF,20100825,57.22,58.39,55.72,58.00,52429
CLF,20100826,59.00,59.57,57.09,57.42,37154
CLF,20100827,58.37,60.33,57.00,60.22,41944
CLF,20100830,59.93,61.65,59.00,59.03,44434
CLF,20100831,58.38,61.69,58.15,61.19,55539
CLF,20100901,64.00,65.30,63.80,64.95,56113
CLF,20100902,65.00,65.86,63.87,65.86,38715
CLF,20100903,66.99,68.24,66.57,67.08,42338
CLF,20100907,66.26,67.49,65.22,66.78,39849
CLF,20100908,67.46,68.72,67.04,67.31,46135
CLF,20100909,68.80,68.83,65.14,65.50,43209
CLF,20100910,65.55,66.31,64.55,65.53,23672
CLF,20100913,67.01,68.00,66.90,67.55,28111
CLF,20100914,64.85,65.14,63.08,63.18,93228
CLF,20100915,62.50,64.17,62.18,63.28,45481
CLF,20100916,63.09,64.48,63.02,63.48,30564
CLF,20100917,64.10,64.15,60.37,60.96,64269
CLF,20100920,61.00,62.00,59.86,61.81,64115
CLF,20100921,62.34,62.39,60.21,60.63,64493
CLF,20100922,61.12,63.20,61.01,62.25,67693
CLF,20100923,61.25,62.50,60.58,61.11,35626
CLF,20100924,62.41,62.85,61.77,62.58,38925
CLF,20100927,62.61,63.56,61.93,62.42,33115
CLF,20100928,62.94,63.05,61.35,62.77,32675
CLF,20100929,62.55,64.72,62.32,64.11,39590
CLF,20100930,65.00,65.48,62.86,63.92,40048
CLF,20101001,65.16,66.97,64.65,66.58,58018
CLF,20101004,65.80,66.12,63.47,64.12,43593
CLF,20101005,65.31,66.97,64.70,66.11,45283
CLF,20101006,66.42,67.84,66.10,66.89,35566
CLF,20101007,67.90,67.94,65.03,66.35,29242
CLF,20101008,66.62,69.98,66.50,69.18,61289
CLF,20101011,69.93,70.95,68.73,69.04,34113
CLF,20101012,68.79,68.86,66.97,68.31,44467
CLF,20101013,69.26,70.07,68.61,68.75,39516
CLF,20101014,68.83,69.47,67.39,68.20,31168
CLF,20101015,68.68,68.84,66.67,67.54,34478
CLF,20101018,66.91,67.04,65.78,66.17,39363
CLF,20101019,64.26,64.90,61.93,62.70,65254
CLF,20101020,63.06,65.47,63.00,64.97,43973
CLF,20101021,65.40,65.94,62.79,63.78,45519
CLF,20101022,64.34,64.73,63.00,64.60,30969
CLF,20101025,66.00,66.78,64.94,65.36,32730
CLF,20101026,64.24,65.05,63.52,64.48,41810
CLF,20101027,63.75,63.79,62.09,63.71,41566
CLF,20101028,64.70,65.00,62.75,63.37,36607
CLF,20101029,62.12,65.30,62.01,65.20,52577
CLF,20101101,65.59,67.47,65.30,66.36,37015
CLF,20101102,67.34,67.39,66.32,67.31,22393
CLF,20101103,67.46,67.75,65.60,66.87,33401
CLF,20101104,68.87,70.50,68.53,70.00,49895
CLF,20101105,70.00,71.66,69.66,71.10,37849
CLF,20101108,70.20,71.26,70.05,70.89,28346
CLF,20101109,71.50,71.88,68.11,68.83,36651
CLF,20101110,69.22,70.36,67.37,70.06,37358
CLF,20101111,68.94,70.47,68.78,70.05,27894
CLF,20101112,68.53,69.38,67.00,67.52,42658
CLF,20101115,68.50,68.65,67.16,67.52,26538
CLF,20101116,66.00,66.38,64.76,66.03,47438
CLF,20101117,65.89,66.92,65.13,66.41,30974
CLF,20101118,68.00,68.30,67.42,67.80,27334
CLF,20101119,67.21,70.00,66.86,69.92,38388
CLF,20101122,69.56,70.50,68.71,70.45,27990
CLF,20101123,69.00,69.20,67.21,67.89,25916
CLF,20101124,68.80,69.88,68.13,69.66,25776
CLF,20101126,68.82,69.40,68.30,69.01,11206
CLF,20101129,68.41,69.25,67.14,68.98,25946
CLF,20101130,68.12,70.00,67.75,68.34,33732
CLF,20101201,70.05,70.54,69.34,70.46,34061
CLF,20101202,70.75,72.22,70.68,72.21,48661
CLF,20101203,71.89,73.64,71.73,73.58,42702
CLF,20101206,73.58,74.09,73.01,73.63,28733
CLF,20101207,74.85,74.98,72.43,72.60,30530
CLF,20101208,72.50,73.19,70.68,71.18,25498
CLF,20101209,71.91,72.79,71.36,71.98,21288
CLF,20101210,72.23,74.47,71.49,74.33,32172
CLF,20101213,75.51,77.57,75.17,75.61,46916
CLF,20101214,75.73,77.20,74.70,75.63,29953
CLF,20101215,75.30,76.85,74.59,74.67,24214
CLF,20101216,74.92,75.72,73.65,75.69,24972
CLF,20101217,75.65,76.73,75.40,76.10,30328
CLF,20101220,77.90,79.69,77.44,78.47,34570
CLF,20101221,79.54,80.29,78.72,79.98,22936
CLF,20101222,80.09,80.40,78.50,78.63,17052
CLF,20101223,78.64,79.20,77.65,78.00,13312
CLF,20101227,77.89,78.21,76.57,78.15,13133
CLF,20101228,78.86,79.35,77.64,78.09,15259
CLF,20101229,78.34,78.75,77.66,77.69,13540
CLF,20101230,77.69,78.85,77.63,78.38,17689
CLF,20101231,78.30,78.74,77.84,78.01,13534
CLF,20110103,79.55,82.80,79.15,81.85,41818
CLF,20110104,82.46,85.34,81.62,85.23,73698
CLF,20110105,84.59,85.86,83.23,84.93,40165
CLF,20110106,85.20,85.80,82.93,83.32,29453
CLF,20110107,83.59,83.72,80.08,81.33,36859
CLF,20110110,81.27,82.69,80.51,82.50,2399400
CLF,20110111,83.08,85.86,82.92,84.96,3704500
CLF,20110112,88.10,89.92,86.65,88.43,8347700
CLF,20110113,88.52,88.90,86.70,87.40,3332700
CLF,20110114,87.10,88.86,86.26,88.84,4318100
CLF,20110118,89.03,91.11,88.92,91.05,3449000
CLF,20110119,90.96,91.42,87.26,87.37,3809900
CLF,20110120,85.58,86.25,82.83,84.25,5202400
CLF,20110121,86.02,86.22,81.39,81.66,4214100
CLF,20110124,81.89,84.59,81.11,82.96,3198300
CLF,20110125,82.24,83.43,79.66,81.74,4456800
CLF,20110126,82.92,87.81,82.30,87.71,5146800
CLF,20110127,87.60,87.78,84.44,85.24,3365900
CLF,20110128,85.19,86.13,82.35,83.09,2877900
CLF,20110131,84.44,85.60,83.27,85.46,2698400
CLF,20110201,86.52,89.71,86.31,89.64,3451300
CLF,20110202,90.67,91.69,89.31,90.45,2978000
CLF,20110203,90.56,90.85,87.50,90.40,2963400
CLF,20110204,90.08,90.31,88.14,90.27,3339600
CLF,20110207,90.59,92.25,89.75,90.78,2259600
CLF,20110208,90.88,91.18,88.86,90.12,2160700
CLF,20110209,89.22,89.97,85.81,86.75,3785600
CLF,20110210,85.88,89.50,85.80,88.48,2499600
CLF,20110211,87.93,88.86,86.85,87.51,2396000
CLF,20110214,88.21,92.74,88.01,92.67,4144100
CLF,20110215,92.69,93.80,90.91,92.34,2837100
CLF,20110216,93.34,93.95,91.78,92.88,3842800
CLF,20110217,101.62,101.62,98.03,99.52,9737900
CLF,20110218,99.69,99.69,95.10,96.54,4636300
CLF,20110222,95.67,97.33,92.35,92.73,5444800
CLF,20110223,93.22,94.96,89.69,92.00,5253300
CLF,20110224,92.68,94.93,90.52,93.32,4613400
CLF,20110225,95.07,96.01,94.02,95.23,3504400
CLF,20110228,96.70,97.90,94.60,97.07,3926900
CLF,20110301,97.49,97.95,94.42,94.56,4379600
CLF,20110302,94.84,97.39,94.24,96.88,3434700
CLF,20110303,98.37,100.90,97.56,100.46,4174400
CLF,20110304,100.87,101.60,97.91,99.12,2780900
CLF,20110307,99.64,99.68,93.80,95.77,4538200
CLF,20110308,95.99,97.18,93.55,96.70,3047200
CLF,20110309,96.31,96.69,91.17,91.56,6338100
CLF,20110310,89.37,90.37,84.72,85.12,7927200
CLF,20110311,84.38,88.15,84.12,87.69,5363000
CLF,20110314,87.73,88.83,85.75,88.62,3550900
CLF,20110315,84.99,86.50,83.16,85.82,7934400
CLF,20110316,86.68,87.44,82.33,83.73,5992100
CLF,20110317,86.62,89.08,85.63,88.60,6385700
CLF,20110318,90.40,90.94,87.65,87.95,5569400
CLF,20110321,89.90,91.76,88.75,91.74,3994500
CLF,20110322,92.20,92.34,90.36,92.00,3629200
CLF,20110323,91.91,94.90,90.89,94.12,3501700
CLF,20110324,95.05,95.75,92.70,94.88,3731900
CLF,20110325,95.13,95.87,94.01,94.41,3283600
CLF,20110328,94.50,96.71,93.93,94.64,2684800
CLF,20110329,94.40,97.42,93.69,97.16,2958800
CLF,20110330,98.52,98.95,96.51,98.18,2874500
CLF,20110331,98.05,98.71,97.10,98.28,2874400
CLF,20110401,99.13,99.89,97.61,98.02,2904000
CLF,20110404,99.75,100.43,98.50,100.00,2569900
CLF,20110405,99.23,101.99,98.71,101.04,2984500
CLF,20110406,102.13,102.48,98.94,99.96,2797900
CLF,20110407,99.95,100.88,97.56,98.36,3875400
CLF,20110408,99.64,100.97,97.86,98.70,3272500
CLF,20110411,100.00,100.65,96.18,97.00,3541100
CLF,20110412,95.48,95.49,92.34,93.36,4773500
CLF,20110413,95.82,96.50,94.00,95.27,3556800
CLF,20110414,94.80,95.64,94.16,95.43,3059900
CLF,20110415,95.54,95.61,94.23,94.35,2978500
CLF,20110418,92.30,92.52,90.10,92.37,4243700
CLF,20110419,92.78,94.92,92.68,94.90,2341500
CLF,20110420,96.88,97.20,95.30,95.91,2232400
CLF,20110421,96.56,97.32,95.89,97.22,1456400
CLF,20110425,97.55,98.50,96.91,98.19,2022300
CLF,20110426,98.84,98.84,96.92,97.98,2607000
