DRV,20090716,310.45,313.15,288.40,294.40,6
DRV,20090717,312.25,320.15,310.85,314.50,16
DRV,20090720,295.90,301.30,279.25,281.25,26
DRV,20090721,276.65,301.60,276.40,285.05,38
DRV,20090722,296.55,296.55,272.50,282.20,68
DRV,20090723,281.25,285.20,240.20,249.98,171
DRV,20090724,255.05,263.00,242.35,244.30,66
DRV,20090727,243.95,249.90,232.35,233.35,109
DRV,20090728,238.60,243.60,232.05,235.10,91
DRV,20090729,240.00,248.15,235.50,242.75,65
DRV,20090730,229.80,231.65,205.30,216.80,132
DRV,20090731,217.80,223.20,211.60,215.90,65
DRV,20090803,203.05,215.50,202.45,204.85,71
DRV,20090804,209.30,212.45,167.40,172.40,355
DRV,20090805,172.15,174.65,149.65,151.50,335
DRV,20090806,145.60,154.70,134.20,154.60,640
DRV,20090807,143.60,151.10,120.15,129.40,1642
DRV,20090810,130.85,142.05,130.45,138.45,520
DRV,20090811,142.50,154.74,141.05,150.35,731
DRV,20090812,149.50,149.50,137.40,145.80,886
DRV,20090813,141.85,149.67,140.00,144.30,732
DRV,20090814,146.05,158.25,146.05,148.45,375
DRV,20090817,165.50,174.55,164.20,172.75,607
DRV,20090818,168.40,173.05,160.35,166.45,452
DRV,20090819,174.80,177.83,167.65,170.65,502
DRV,20090820,169.70,170.40,149.00,149.10,558
DRV,20090821,143.50,145.30,128.35,137.97,1091
DRV,20090824,132.45,141.00,131.85,139.80,472
DRV,20090825,135.80,139.25,131.20,134.70,523
DRV,20090826,135.10,138.90,132.75,132.90,430
DRV,20090827,133.35,141.25,128.40,129.25,648
DRV,20090828,126.10,132.50,124.45,126.00,540
DRV,20090831,132.55,135.50,129.00,131.80,523
DRV,20090901,134.65,153.20,131.40,152.65,857
DRV,20090902,157.20,161.90,153.20,161.85,954
DRV,20090903,155.85,165.10,151.95,152.05,771
DRV,20090904,152.30,160.50,147.30,147.30,529
DRV,20090908,140.00,143.40,131.45,132.05,954
DRV,20090909,131.65,134.85,122.57,123.45,1159
DRV,20090910,124.20,129.45,117.74,117.80,883
DRV,20090911,116.00,123.40,114.50,119.50,716
DRV,20090914,123.00,124.30,108.05,108.30,983
DRV,20090915,106.10,112.50,98.40,102.95,1842
DRV,20090916,100.30,101.45,90.05,90.60,1548
DRV,20090917,90.85,95.75,81.15,91.50,2917
DRV,20090918,90.20,96.25,87.65,90.90,1514
DRV,20090921,95.10,97.34,92.30,95.30,1835
DRV,20090922,92.30,93.30,86.00,86.25,1794
DRV,20090923,85.35,96.05,85.20,95.75,2593
DRV,20090924,93.65,107.67,92.50,105.90,4422
DRV,20090925,108.25,110.99,101.25,105.15,3841
DRV,20090928,102.70,103.75,91.45,91.70,3038
DRV,20090929,91.40,97.00,88.85,95.95,2344
DRV,20090930,94.30,102.94,93.35,98.65,4064
DRV,20091001,99.75,111.95,99.25,111.45,3491
DRV,20091002,120.25,120.30,104.80,114.60,3960
DRV,20091005,110.70,113.60,104.00,105.25,2610
DRV,20091006,101.90,110.00,98.00,105.05,3898
DRV,20091007,106.85,110.45,103.35,106.05,2254
DRV,20091008,102.05,103.70,97.40,100.15,3392
DRV,20091009,101.50,104.00,97.20,97.58,2390
DRV,20091012,95.50,99.25,94.25,97.70,1831
DRV,20091013,99.70,104.30,98.40,102.25,2230
DRV,20091014,96.00,98.05,89.50,90.25,3647
DRV,20091015,93.30,94.50,91.90,92.80,2496
DRV,20091016,96.80,100.86,95.80,99.79,2744
DRV,20091019,98.40,99.90,93.10,93.85,3802
DRV,20091020,94.05,100.35,94.00,99.45,3060
DRV,20091021,100.95,103.40,94.30,102.90,4107
DRV,20091022,102.65,107.40,94.35,94.55,5691
DRV,20091023,93.85,99.35,93.30,97.80,4323
DRV,20091026,98.05,99.25,90.75,98.65,6346
DRV,20091027,98.50,104.20,97.05,103.10,4527
DRV,20091028,105.45,116.45,100.30,115.90,4631
DRV,20091029,110.00,111.70,98.65,100.00,5379
DRV,20091030,102.05,112.55,100.10,105.40,7375
DRV,20091102,103.60,114.20,97.85,104.55,7005
DRV,20091103,109.60,109.80,99.80,99.93,4786
DRV,20091104,96.40,106.80,95.50,106.75,4793
DRV,20091105,103.80,106.00,98.95,99.90,4626
DRV,20091106,104.70,106.90,99.75,104.00,4680
DRV,20091109,99.90,101.25,88.95,89.10,7471
DRV,20091110,90.70,95.00,89.15,90.95,6555
DRV,20091111,88.35,89.49,84.00,85.70,5194
DRV,20091112,86.05,88.90,83.85,88.40,5857
DRV,20091113,88.35,88.50,84.15,84.65,5688
DRV,20091116,82.90,83.00,76.25,78.90,7907
DRV,20091117,80.15,83.15,77.40,82.55,5116
DRV,20091118,82.85,83.25,77.55,78.15,4991
DRV,20091119,80.55,84.50,80.40,83.45,6109
DRV,20091120,84.90,86.05,83.90,84.96,3699
DRV,20091123,80.90,84.05,78.20,82.00,3859
DRV,20091124,82.35,86.60,82.35,85.75,3942
DRV,20091125,84.75,85.50,82.85,84.70,3029
DRV,20091127,92.25,93.35,87.55,91.90,3551
DRV,20091130,90.90,93.25,80.50,81.25,8339
DRV,20091201,79.00,81.60,76.75,77.90,6194
DRV,20091202,78.90,78.90,73.00,74.50,5681
DRV,20091203,73.05,77.30,70.30,76.40,8401
DRV,20091204,70.65,74.25,68.20,69.55,8997
DRV,20091207,70.20,75.70,69.80,73.90,8427
DRV,20091208,76.00,76.45,71.75,75.05,5356
DRV,20091209,74.75,76.20,73.60,75.60,3985
DRV,20091210,74.90,78.00,73.80,76.80,3416
DRV,20091211,76.30,76.55,72.95,73.05,4844
DRV,20091214,72.30,74.70,68.75,69.00,4842
DRV,20091215,70.50,71.75,69.55,71.05,6143
DRV,20091216,69.90,70.80,68.65,69.60,4178
DRV,20091217,71.25,72.60,69.70,70.65,4146
DRV,20091218,70.25,73.00,69.15,69.30,3934
DRV,20091221,68.90,68.90,66.40,66.60,3871
DRV,20091222,66.45,66.50,64.45,64.50,3552
DRV,20091223,64.00,64.30,60.15,62.05,4782
DRV,20091224,61.10,61.40,59.50,59.80,3034
DRV,20091228,59.10,59.50,56.85,58.70,6114
DRV,20091229,58.10,61.35,57.60,61.10,4295
DRV,20091230,61.90,62.95,60.85,60.90,4005
DRV,20091231,60.15,64.40,59.15,64.00,4078
DRV,20100104,62.00,66.40,61.25,65.35,6352
DRV,20100105,65.30,67.60,64.85,65.00,4586
DRV,20100106,64.80,66.00,63.55,65.40,3184
DRV,20100107,65.40,67.47,62.47,63.15,5364
DRV,20100108,63.65,66.35,63.50,64.65,3443
DRV,20100111,63.35,64.65,62.60,63.45,2169
DRV,20100112,65.35,67.67,63.88,66.55,4577
DRV,20100113,66.45,66.50,62.30,62.75,4774
DRV,20100114,62.80,64.25,62.35,62.95,2476
DRV,20100115,63.45,65.15,63.10,64.50,4712
DRV,20100119,64.85,65.15,59.80,60.10,4671
DRV,20100120,61.95,64.00,61.70,62.30,4298
DRV,20100121,62.60,67.95,61.10,67.60,8042
DRV,20100122,68.50,73.30,66.15,72.35,7190
DRV,20100125,70.20,75.30,69.90,71.25,4136
DRV,20100126,73.25,73.60,69.90,73.10,5066
DRV,20100127,72.00,76.40,70.75,70.90,7626
DRV,20100128,69.85,75.05,69.40,73.20,5400
DRV,20100129,71.60,75.70,69.65,74.25,5461
DRV,20100201,72.45,72.95,69.85,70.15,3779
DRV,20100202,69.50,71.95,66.30,67.10,5345
DRV,20100203,68.25,71.60,68.05,70.35,3628
DRV,20100204,72.60,78.30,72.05,78.00,7443
DRV,20100205,77.45,80.95,72.85,73.60,7962
DRV,20100208,72.95,79.25,72.35,79.05,3286
DRV,20100209,75.75,81.25,75.00,79.40,6636
DRV,20100210,79.15,83.60,76.05,78.95,5940
DRV,20100211,79.70,82.00,76.70,76.75,4175
DRV,20100212,79.70,80.35,74.30,74.40,4952
DRV,20100216,71.70,72.20,67.50,68.05,5747
DRV,20100217,67.50,67.50,65.10,65.85,4194
DRV,20100218,66.90,67.25,62.50,63.35,5498
DRV,20100219,63.75,64.55,61.80,62.90,4238
DRV,20100222,62.50,63.25,61.10,62.05,2931
DRV,20100223,62.95,64.10,61.75,63.60,3915
DRV,20100224,63.50,63.70,61.70,61.75,3201
DRV,20100225,63.90,64.85,60.65,61.00,4025
DRV,20100226,60.70,61.90,59.10,60.95,4177
DRV,20100301,60.05,60.65,58.80,59.60,2324
DRV,20100302,58.90,59.95,58.50,59.35,2600
DRV,20100303,59.30,60.15,58.65,60.00,2862
DRV,20100304,60.00,60.00,58.60,59.00,3383
DRV,20100305,58.15,58.50,53.65,54.15,6569
DRV,20100308,54.25,54.25,51.75,52.15,5250
DRV,20100309,52.75,53.30,49.55,51.60,6280
DRV,20100310,51.40,52.10,49.85,50.55,4832
DRV,20100311,51.45,51.75,49.50,49.60,4584
DRV,20100312,48.65,49.70,47.60,48.30,6357
DRV,20100315,48.95,50.25,47.75,48.60,7727
DRV,20100316,48.40,48.56,44.75,45.25,10124
DRV,20100317,44.60,45.10,42.95,43.30,8379
DRV,20100318,43.50,44.10,42.75,43.85,7681
DRV,20100319,43.85,45.45,43.30,45.20,7246
DRV,20100322,46.40,46.55,43.30,43.60,9017
DRV,20100323,43.45,45.05,43.30,43.75,6989
DRV,20100324,44.45,44.45,42.20,42.90,10205
DRV,20100325,42.00,42.60,40.25,42.55,9640
DRV,20100326,42.15,43.75,41.50,43.05,9503
DRV,20100329,42.40,43.95,42.40,43.20,5426
DRV,20100330,43.05,43.75,42.50,43.10,4986
DRV,20100331,43.90,44.65,43.15,44.55,7447
DRV,20100401,43.55,45.20,43.35,44.10,5386
DRV,20100405,43.25,43.80,40.80,40.84,9646
DRV,20100406,41.35,41.65,38.00,38.00,13436
DRV,20100407,38.45,41.15,38.10,40.55,10884
DRV,20100408,41.35,41.50,40.36,40.85,6420
DRV,20100409,40.15,40.85,38.50,38.60,5596
DRV,20100412,38.50,39.65,38.30,39.45,3662
DRV,20100413,39.45,39.70,36.25,36.55,10056
DRV,20100414,35.80,37.10,35.65,36.45,5377
DRV,20100415,37.15,39.50,36.75,39.40,7804
DRV,20100416,39.60,42.40,38.70,42.15,11717
DRV,20100419,43.05,43.45,40.50,41.55,7261
DRV,20100420,40.65,42.20,39.50,39.60,4446
DRV,20100421,39.65,39.65,36.65,37.40,12446
DRV,20100422,38.25,38.80,35.15,35.50,9888
DRV,20100423,35.25,36.30,34.10,34.20,9315
DRV,20100426,33.95,34.30,32.60,33.40,7845
DRV,20100427,34.00,36.55,33.30,36.35,13565
DRV,20100428,35.30,36.70,35.10,36.25,10144
DRV,20100429,34.85,34.90,31.15,31.35,14497
DRV,20100430,31.60,34.40,30.65,34.20,22137
DRV,20100503,33.35,33.35,30.15,30.80,15009
DRV,20100504,32.10,33.65,31.60,32.70,20524
DRV,20100505,34.50,35.60,32.35,34.20,14016
DRV,20100506,34.95,44.45,34.10,38.30,21523
DRV,20100507,37.45,42.15,35.65,40.25,24937
DRV,20100510,33.55,34.90,31.95,31.99,15776
DRV,20100511,33.55,33.75,30.70,31.75,14269
DRV,20100512,31.25,31.80,29.79,30.15,11741
DRV,20100513,29.95,31.70,29.75,31.30,9687
DRV,20100514,32.50,35.45,32.25,34.35,17205
DRV,20100517,34.10,37.45,32.45,34.35,13985
DRV,20100518,32.65,37.50,32.55,37.00,16373
DRV,20100519,38.15,40.90,35.50,38.05,20427
DRV,20100520,41.25,44.00,39.96,43.95,18478
DRV,20100521,46.05,46.80,39.15,39.50,21311
DRV,20100524,39.25,42.15,38.65,41.95,10871
DRV,20100525,45.55,47.05,40.70,41.00,15753
DRV,20100526,38.90,42.05,37.40,41.30,13129
DRV,20100527,38.30,39.55,34.30,34.35,13765
DRV,20100528,34.55,36.35,33.75,35.80,11624
DRV,20100601,37.20,38.10,35.31,37.95,10068
DRV,20100602,37.15,39.15,35.50,35.55,9138
DRV,20100603,35.15,36.95,35.00,35.95,6660
DRV,20100604,38.20,42.60,37.30,42.25,13331
DRV,20100607,41.50,42.95,39.30,42.75,14991
DRV,20100608,42.15,45.55,40.20,40.50,16267
DRV,20100609,39.40,40.30,36.25,39.58,13309
DRV,20100610,37.25,38.25,34.15,34.60,18196
DRV,20100611,35.70,35.85,33.05,33.15,11287
DRV,20100614,32.15,33.10,31.05,32.00,16869
DRV,20100615,31.55,32.10,29.75,29.90,13796
DRV,20100616,30.70,31.20,30.00,30.65,10721
DRV,20100617,30.30,31.50,30.05,30.52,10291
DRV,20100618,30.30,31.25,30.15,30.80,6832
DRV,20100621,29.60,31.75,29.15,31.30,11183
DRV,20100622,31.15,34.50,30.88,34.35,14749
DRV,20100623,34.55,35.85,32.80,33.95,17176
DRV,20100624,34.60,36.45,34.25,36.10,17885
DRV,20100625,35.55,36.30,32.80,33.15,14309
DRV,20100628,33.00,34.85,32.75,34.45,7385
DRV,20100629,36.05,38.65,36.00,37.75,19120
DRV,20100630,37.65,39.40,36.05,39.05,12986
DRV,20100701,39.00,42.35,38.40,39.30,20425
DRV,20100702,38.85,42.20,38.45,41.65,13901
DRV,20100706,39.25,45.70,38.60,44.45,16629
DRV,20100707,44.35,44.35,37.80,37.90,19714
DRV,20100708,36.34,38.52,35.49,36.52,38690
DRV,20100709,36.80,36.95,34.88,35.00,16249
DRV,20100712,35.40,36.35,34.39,34.75,11904
DRV,20100713,33.19,33.70,31.78,32.25,20376
DRV,20100714,32.68,33.99,31.85,32.70,19669
DRV,20100715,32.61,34.98,32.56,33.04,19650
DRV,20100716,33.66,36.99,33.51,36.31,25152
DRV,20100719,36.13,37.87,34.31,34.82,20334
DRV,20100720,36.72,36.89,32.58,32.91,20844
DRV,20100721,32.31,35.38,32.15,34.79,20618
DRV,20100722,33.63,33.65,30.12,30.82,21993
DRV,20100723,31.00,32.52,29.72,29.79,19400
DRV,20100726,29.98,30.28,27.35,27.45,18938
DRV,20100727,26.71,28.47,26.51,27.41,15075
DRV,20100728,27.88,28.17,26.71,27.68,18323
DRV,20100729,27.08,29.17,26.80,28.22,20853
DRV,20100730,29.30,29.51,27.42,27.85,17896
DRV,20100802,26.55,26.82,24.84,25.12,16820
DRV,20100803,25.30,26.30,25.18,25.67,16129
DRV,20100804,25.44,26.13,25.18,25.19,16467
DRV,20100805,25.82,26.33,25.25,26.14,16011
DRV,20100806,27.17,27.81,26.29,26.51,20980
DRV,20100809,25.94,26.61,25.38,25.50,13110
DRV,20100810,26.38,27.12,25.57,26.39,16478
DRV,20100811,27.75,28.93,27.30,28.33,29110
DRV,20100812,29.30,29.83,28.48,29.37,18495
DRV,20100813,29.52,29.67,28.70,29.53,11046
DRV,20100816,29.66,30.27,28.62,29.39,11758
DRV,20100817,28.51,29.05,26.80,27.36,16500
DRV,20100818,27.28,27.99,26.75,27.37,15537
DRV,20100819,27.57,29.82,27.53,29.33,19646
DRV,20100820,29.89,30.54,29.52,29.65,13141
DRV,20100823,29.30,30.17,28.94,30.17,9538
DRV,20100824,31.48,32.11,29.88,30.61,19852
DRV,20100825,31.30,31.30,28.56,28.94,14172
DRV,20100826,28.32,29.60,27.86,29.40,13073
DRV,20100827,29.00,30.77,27.88,27.93,17217
DRV,20100830,28.08,28.78,27.44,28.73,10636
DRV,20100831,28.95,29.45,27.74,28.02,12668
DRV,20100901,26.98,27.07,25.11,25.27,14044
DRV,20100902,25.15,25.40,24.23,24.32,13131
DRV,20100903,23.35,24.02,23.17,23.21,16671
DRV,20100907,23.85,24.40,23.60,24.28,10279
DRV,20100908,24.15,24.50,23.68,24.25,7488
DRV,20100909,23.38,25.21,23.28,24.94,10118
DRV,20100910,24.87,25.12,24.22,24.52,4843
DRV,20100913,23.84,24.13,23.30,23.42,11572
DRV,20100914,23.67,24.00,23.12,23.60,7906
DRV,20100915,23.99,24.05,22.75,22.93,11650
DRV,20100916,23.23,23.63,22.92,23.36,10044
DRV,20100917,23.05,23.79,22.85,23.13,7115
DRV,20100920,22.95,23.03,21.18,21.43,19915
DRV,20100921,21.28,22.53,21.28,22.35,20881
DRV,20100922,22.75,23.40,22.25,23.17,14477
DRV,20100923,23.85,25.24,23.67,25.05,13850
DRV,20100924,23.89,24.12,22.80,22.84,13712
DRV,20100927,22.62,23.99,22.62,23.63,12362
DRV,20100928,23.46,24.73,23.22,23.33,16250
DRV,20100929,23.45,24.18,23.45,23.81,10939
DRV,20100930,23.36,24.28,22.69,23.73,17185
DRV,20101001,23.27,24.25,23.01,23.34,14159
DRV,20101004,23.46,23.62,22.74,22.76,14258
DRV,20101005,22.23,22.71,21.43,21.63,16047
DRV,20101006,21.83,22.32,21.68,21.88,11612
DRV,20101007,21.65,22.10,21.35,21.78,11431
DRV,20101008,21.82,22.14,21.45,21.61,10928
DRV,20101011,21.54,21.77,21.37,21.61,4149
DRV,20101012,21.80,22.07,21.00,21.17,9420
DRV,20101013,20.74,21.07,19.93,20.52,13008
DRV,20101014,20.72,21.04,20.26,20.63,12478
DRV,20101015,20.14,20.85,20.11,20.69,9550
DRV,20101018,20.83,20.83,19.88,19.90,8166
DRV,20101019,20.66,20.84,19.74,20.64,19711
DRV,20101020,20.53,20.55,18.76,19.26,22755
DRV,20101021,18.94,19.70,18.67,19.36,13705
DRV,20101022,19.21,19.73,18.95,19.30,6712
DRV,20101025,18.89,19.30,18.88,19.19,6711
DRV,20101026,19.68,19.90,19.42,19.66,9266
DRV,20101027,19.89,20.45,19.62,20.00,8885
DRV,20101028,19.73,20.97,19.49,20.41,6644
DRV,20101029,20.63,20.63,20.15,20.35,3886
DRV,20101101,20.08,20.24,19.29,19.88,7023
DRV,20101102,19.36,19.79,19.26,19.43,5007
DRV,20101103,19.31,19.94,19.25,19.48,5789
DRV,20101104,18.96,19.04,17.97,18.03,11265
DRV,20101105,17.94,18.26,17.14,17.52,10013
DRV,20101108,17.63,18.21,17.49,17.75,6255
DRV,20101109,17.62,20.29,17.56,19.88,13893
DRV,20101110,19.79,19.89,19.13,19.15,7489
DRV,20101111,19.49,19.81,19.09,19.63,5601
DRV,20101112,19.97,20.48,19.51,20.22,7261
DRV,20101115,20.04,20.86,19.71,20.84,5586
DRV,20101116,21.13,23.35,21.13,22.94,16770
DRV,20101117,22.80,22.99,21.96,22.36,6262
DRV,20101118,21.26,21.90,21.14,21.76,6580
DRV,20101119,21.97,22.48,21.26,21.41,5240
DRV,20101122,21.55,21.62,21.02,21.26,7191
DRV,20101123,22.08,22.16,21.65,21.75,5113
DRV,20101124,21.17,21.24,20.38,20.44,5373
DRV,20101126,20.81,20.88,20.33,20.61,2174
DRV,20101129,21.00,21.45,20.44,20.55,5339
DRV,20101130,21.28,21.29,20.53,20.93,5226
DRV,20101201,20.12,21.04,20.11,20.48,5879
DRV,20101202,20.33,20.48,19.54,19.64,5980
DRV,20101203,19.83,20.13,19.46,19.58,4608
DRV,20101206,19.69,20.20,19.33,19.50,6015
DRV,20101207,18.90,19.34,18.79,19.32,5738
DRV,20101208,19.26,20.52,19.13,20.18,8032
DRV,20101209,19.90,20.85,19.76,20.83,5288
DRV,20101210,20.64,20.68,19.91,20.22,5623
DRV,20101213,19.96,20.27,19.77,20.13,3477
DRV,20101214,20.08,21.05,19.55,20.80,6971
DRV,20101215,20.82,21.49,20.38,21.44,5478
DRV,20101216,21.21,21.70,20.95,21.26,5302
DRV,20101217,21.16,21.30,20.68,20.73,4361
DRV,20101220,20.52,20.57,19.78,19.95,5102
DRV,20101221,19.75,19.90,19.27,19.31,4374
DRV,20101222,19.42,19.42,18.55,18.92,6171
DRV,20101223,18.91,19.19,18.74,19.15,3485
DRV,20101227,19.32,19.41,18.45,18.47,3865
DRV,20101228,18.34,18.72,18.18,18.24,5626
DRV,20101229,18.13,18.43,18.00,18.09,4507
DRV,20101230,18.13,18.17,17.75,17.95,3960
DRV,20101231,17.95,18.10,17.69,18.01,5134
DRV,20110103,17.70,17.70,17.01,17.08,5238
DRV,20110104,16.98,18.30,16.86,18.06,6500
DRV,20110105,18.24,18.24,17.72,17.74,6428
DRV,20110106,17.67,18.36,17.64,18.27,7012
DRV,20110107,18.09,18.79,17.86,18.34,8299
DRV,20110110,18.51,18.90,18.19,18.32,680800
DRV,20110111,18.10,18.80,17.91,18.43,652300
DRV,20110112,18.01,18.44,17.97,18.14,659100
DRV,20110113,18.25,18.29,17.84,18.01,509400
DRV,20110114,18.04,18.16,17.63,17.64,446900
DRV,20110118,17.65,17.89,17.20,17.21,425400
DRV,20110119,17.28,18.10,17.23,17.89,661600
DRV,20110120,17.94,18.09,17.43,17.90,714700
DRV,20110121,17.72,17.94,17.58,17.77,469200
DRV,20110124,17.80,17.89,17.25,17.50,572900
DRV,20110125,17.66,17.82,16.89,16.92,963400
DRV,20110126,16.77,17.12,16.57,16.78,602300
DRV,20110127,16.42,16.59,15.92,16.02,802100
DRV,20110128,16.04,16.97,15.86,16.85,1123500
DRV,20110131,16.62,16.70,16.00,16.12,768100
DRV,20110201,15.85,16.50,15.81,15.95,769400
DRV,20110202,16.03,16.12,15.72,16.02,422700
DRV,20110203,16.12,16.29,15.79,15.85,371000
DRV,20110204,15.86,16.42,15.82,16.29,730200
DRV,20110207,16.15,16.25,15.67,15.73,565000
DRV,20110208,15.75,15.76,15.45,15.54,676600
DRV,20110209,15.64,15.75,15.45,15.50,557900
DRV,20110210,15.68,15.68,15.20,15.33,630600
DRV,20110211,15.36,15.56,14.98,15.03,540300
DRV,20110214,14.90,15.30,14.88,15.01,421400
DRV,20110215,15.20,15.41,15.01,15.22,454600
DRV,20110216,15.06,15.26,14.71,15.04,714000
DRV,20110217,15.05,15.14,14.85,15.00,412400
DRV,20110218,14.93,15.01,14.72,14.83,456400
DRV,20110222,15.17,15.32,14.73,15.23,802600
DRV,20110223,15.23,15.87,15.07,15.63,924100
DRV,20110224,15.64,16.33,15.49,15.89,624200
DRV,20110225,15.66,15.72,14.95,14.95,578800
DRV,20110228,14.67,14.72,13.87,13.87,1107900
DRV,20110301,13.87,15.14,13.84,15.12,1281000
DRV,20110302,15.21,15.73,15.07,15.58,960400
DRV,20110303,15.07,15.22,14.85,14.90,409200
DRV,20110304,14.90,15.52,14.82,15.32,575000
DRV,20110307,15.08,15.90,15.00,15.66,838900
DRV,20110308,15.61,15.61,14.73,14.95,877400
DRV,20110309,14.96,15.32,14.77,15.00,681500
DRV,20110310,15.35,15.74,15.33,15.72,528200
DRV,20110311,15.85,15.92,15.12,15.21,458500
DRV,20110314,15.47,15.84,15.41,15.66,462900
DRV,20110315,16.60,16.76,15.60,15.93,875000
DRV,20110316,15.92,16.93,15.86,16.63,1162900
DRV,20110317,16.05,16.62,15.85,16.23,450500
DRV,20110318,15.83,15.94,15.52,15.74,437800
DRV,20110321,15.32,15.45,15.02,15.20,545400
DRV,20110322,15.15,15.65,15.13,15.50,280600
DRV,20110323,15.60,16.33,15.60,16.03,554300
DRV,20110324,15.72,16.33,15.67,15.82,389200
DRV,20110325,15.62,15.80,15.22,15.44,352400
DRV,20110328,15.32,15.59,15.22,15.50,273800
DRV,20110329,15.50,15.93,15.20,15.28,599200
DRV,20110330,15.05,15.24,14.59,14.64,473300
DRV,20110331,14.63,14.70,14.23,14.25,468600
DRV,20110401,14.00,14.42,13.93,14.25,444500
DRV,20110404,14.07,14.33,14.06,14.24,191000
DRV,20110405,14.27,14.32,14.02,14.20,209600
DRV,20110406,14.01,14.29,14.01,14.19,242300
DRV,20110407,14.26,14.83,14.17,14.65,446600
DRV,20110408,14.51,15.09,14.32,14.93,408000
DRV,20110411,14.86,15.06,14.55,14.94,232800
DRV,20110412,15.11,15.12,14.79,14.99,348700
DRV,20110413,14.85,15.14,14.73,15.05,256500
DRV,20110414,15.27,15.27,14.31,14.36,349400
DRV,20110415,14.37,14.37,13.83,13.83,651100
DRV,20110418,14.16,14.48,14.16,14.22,491200
DRV,20110419,14.13,14.16,13.80,13.85,272500
DRV,20110420,13.52,13.79,13.34,13.40,435900
DRV,20110421,13.28,13.56,13.09,13.13,292700
DRV,20110425,13.12,13.22,12.72,12.86,289400
DRV,20110426,12.81,12.93,12.38,12.52,500000
