DRYS,20090115,14.50,15.09,13.15,14.60,172585
DRYS,20090116,15.50,15.50,13.83,14.00,133890
DRYS,20090120,13.56,14.05,12.86,12.93,83830
DRYS,20090121,14.06,14.50,13.16,14.50,108366
DRYS,20090122,12.42,12.88,10.25,10.49,278934
DRYS,20090123,9.26,11.43,9.00,10.70,177869
DRYS,20090126,11.55,11.90,11.00,11.40,113865
DRYS,20090127,11.88,12.08,11.08,11.30,79374
DRYS,20090128,12.22,12.49,11.63,12.22,123359
DRYS,20090129,8.98,9.76,8.22,8.56,285047
DRYS,20090130,8.65,8.79,6.50,6.63,307099
DRYS,20090202,5.68,5.69,4.70,4.89,304787
DRYS,20090203,6.45,6.45,5.85,6.09,415582
DRYS,20090204,7.22,7.29,6.83,7.16,341310
DRYS,20090205,7.37,7.38,6.15,6.43,277289
DRYS,20090206,6.61,6.83,5.95,6.18,225761
DRYS,20090209,7.01,7.09,6.25,6.50,303461
DRYS,20090210,6.46,6.49,5.14,5.78,371447
DRYS,20090211,5.64,5.66,4.75,5.29,354136
DRYS,20090212,5.00,5.09,4.80,5.00,191210
DRYS,20090213,4.96,4.98,4.75,4.76,124349
DRYS,20090217,4.46,4.50,3.87,4.02,212790
DRYS,20090218,4.28,4.31,3.57,3.77,257043
DRYS,20090219,3.99,4.09,3.51,3.59,205766
DRYS,20090220,3.34,3.80,3.26,3.79,158659
DRYS,20090223,4.42,4.48,3.79,3.92,238582
DRYS,20090224,3.90,4.09,3.61,4.03,173442
DRYS,20090225,4.01,4.05,3.70,3.83,134169
DRYS,20090226,4.24,4.24,3.47,3.59,324619
DRYS,20090227,3.29,3.65,3.25,3.47,113995
DRYS,20090302,3.25,3.37,2.97,2.99,140183
DRYS,20090303,3.17,3.20,2.72,2.79,128210
DRYS,20090304,3.24,3.90,3.10,3.90,316600
DRYS,20090305,3.65,3.93,3.38,3.54,207173
DRYS,20090306,3.70,3.98,3.53,3.67,172233
DRYS,20090309,3.65,4.15,3.53,4.06,194599
DRYS,20090310,4.40,4.63,4.31,4.57,216334
DRYS,20090311,4.40,4.50,3.94,4.18,173541
DRYS,20090312,4.11,4.39,3.84,4.31,146403
DRYS,20090313,4.42,4.44,3.95,4.11,108043
DRYS,20090316,4.25,4.33,3.62,3.80,145588
DRYS,20090317,3.91,4.16,3.70,4.15,105843
DRYS,20090318,4.03,4.25,3.95,4.17,106883
DRYS,20090319,5.35,5.50,4.92,5.32,432777
DRYS,20090320,5.12,5.18,4.35,4.49,229802
DRYS,20090323,4.84,4.95,4.58,4.90,162290
DRYS,20090324,5.02,5.85,5.00,5.52,456436
DRYS,20090325,4.85,5.30,4.53,4.75,450445
DRYS,20090326,5.07,5.24,4.94,5.11,236273
DRYS,20090327,4.95,6.17,4.78,5.86,561675
DRYS,20090330,4.97,5.04,4.77,4.95,264581
DRYS,20090331,5.10,5.24,5.01,5.09,151153
DRYS,20090401,4.87,5.31,4.85,5.05,146880
DRYS,20090402,5.42,5.79,5.26,5.34,251088
DRYS,20090403,5.33,5.52,5.05,5.25,195314
DRYS,20090406,5.15,5.16,4.94,5.11,144301
DRYS,20090407,4.91,5.00,4.50,4.54,233830
DRYS,20090408,4.71,4.78,4.35,4.52,174324
DRYS,20090409,4.91,4.91,4.67,4.75,169056
DRYS,20090413,4.81,5.12,4.60,5.07,289893
DRYS,20090414,5.27,5.87,5.10,5.59,439985
DRYS,20090415,5.65,5.72,5.05,5.27,255310
DRYS,20090416,5.44,5.68,5.27,5.55,289822
DRYS,20090417,6.16,7.30,5.95,7.17,867112
DRYS,20090420,6.88,6.98,6.08,6.27,419735
DRYS,20090421,6.08,7.07,5.99,6.94,391591
DRYS,20090422,6.75,7.27,6.61,6.65,436631
DRYS,20090423,6.90,7.10,6.53,6.78,266507
DRYS,20090424,6.84,7.03,6.60,6.80,239390
DRYS,20090427,6.52,6.76,6.29,6.38,211122
DRYS,20090428,6.18,6.58,6.05,6.19,188890
DRYS,20090429,6.41,6.76,6.32,6.55,213407
DRYS,20090430,7.06,7.49,6.72,7.42,574317
DRYS,20090501,8.11,8.79,7.49,8.28,880577
DRYS,20090504,8.78,9.49,8.69,9.48,567337
DRYS,20090505,10.15,10.36,9.17,9.73,691281
DRYS,20090506,10.26,10.92,9.86,10.70,535712
DRYS,20090507,11.35,11.48,9.80,10.04,514150
DRYS,20090508,9.33,9.80,7.62,8.00,916364
DRYS,20090511,7.32,7.39,6.66,6.79,704230
DRYS,20090512,7.22,7.28,6.83,6.99,497800
DRYS,20090513,6.78,6.82,6.11,6.15,457761
DRYS,20090514,6.05,6.34,5.82,6.09,570140
DRYS,20090515,6.44,7.53,6.31,6.84,1154647
DRYS,20090518,7.31,7.38,6.82,7.04,544818
DRYS,20090519,7.48,7.77,7.11,7.16,814556
DRYS,20090520,7.48,7.49,6.72,6.79,629214
DRYS,20090521,6.45,7.08,6.21,7.04,607276
DRYS,20090522,7.28,7.32,6.60,6.63,536405
DRYS,20090526,6.57,7.05,6.45,6.88,370892
DRYS,20090527,7.02,7.14,6.70,6.80,340680
DRYS,20090528,7.10,7.37,6.74,7.30,582537
DRYS,20090529,7.42,8.24,7.38,8.19,782660
DRYS,20090601,8.60,8.64,7.76,7.79,828496
DRYS,20090602,7.98,8.32,7.79,7.87,548793
DRYS,20090603,7.74,7.75,7.20,7.42,453970
DRYS,20090604,7.26,7.28,6.93,7.20,357806
DRYS,20090605,7.37,7.38,6.96,7.08,259181
DRYS,20090608,6.90,7.17,6.68,7.10,303413
DRYS,20090609,7.29,7.39,7.16,7.31,337577
DRYS,20090610,7.40,7.45,7.03,7.24,272801
DRYS,20090611,7.23,7.25,7.06,7.13,189630
DRYS,20090612,7.01,7.09,6.90,7.04,150267
DRYS,20090615,6.91,6.93,6.66,6.72,200266
DRYS,20090616,6.90,6.97,6.47,6.53,239000
DRYS,20090617,6.51,6.53,6.03,6.28,319285
DRYS,20090618,6.39,6.52,6.12,6.28,206254
DRYS,20090619,6.30,6.36,6.13,6.19,156581
DRYS,20090622,6.03,6.03,5.50,5.53,284647
DRYS,20090623,5.57,5.68,5.22,5.45,246914
DRYS,20090624,5.62,5.96,5.56,5.70,222125
DRYS,20090625,5.65,5.83,5.50,5.81,162520
DRYS,20090626,5.77,6.11,5.60,6.06,178925
DRYS,20090629,6.14,6.19,5.90,5.94,153759
DRYS,20090630,5.94,6.00,5.66,5.78,124882
DRYS,20090701,5.84,5.90,5.66,5.68,106516
DRYS,20090702,5.52,5.53,5.40,5.44,107760
DRYS,20090706,5.20,5.26,4.92,5.02,234590
DRYS,20090707,5.08,5.14,4.90,4.90,112146
DRYS,20090708,5.23,5.38,5.10,5.20,339403
DRYS,20090709,5.34,5.42,5.23,5.26,196077
DRYS,20090710,5.15,5.29,5.00,5.27,171355
DRYS,20090713,5.13,5.26,4.93,5.26,218959
DRYS,20090714,5.33,5.77,5.25,5.76,317023
DRYS,20090715,5.96,6.09,5.86,6.04,271090
DRYS,20090716,5.92,5.99,5.76,5.93,166199
DRYS,20090717,5.90,5.92,5.78,5.82,97813
DRYS,20090720,5.92,6.08,5.89,6.05,194738
DRYS,20090721,6.20,6.29,5.99,6.15,225030
DRYS,20090722,6.00,6.19,5.91,6.11,142624
DRYS,20090723,6.09,6.29,6.03,6.18,201714
DRYS,20090724,6.07,6.24,6.01,6.23,137726
DRYS,20090727,6.39,7.10,6.38,7.08,523482
DRYS,20090728,6.95,7.04,6.57,6.79,361754
DRYS,20090729,6.61,6.69,6.45,6.53,201687
DRYS,20090730,6.75,6.94,6.67,6.72,264165
DRYS,20090731,7.00,7.07,6.53,6.56,418945
DRYS,20090803,6.76,6.80,6.61,6.68,164007
DRYS,20090804,6.55,6.72,6.50,6.60,171227
DRYS,20090805,6.65,6.80,6.57,6.71,213650
DRYS,20090806,6.64,6.65,6.27,6.36,234521
DRYS,20090807,6.54,6.59,6.35,6.39,155820
DRYS,20090810,6.53,6.56,6.41,6.45,127109
DRYS,20090811,6.37,6.40,6.10,6.14,152574
DRYS,20090812,6.19,6.50,6.15,6.29,163022
DRYS,20090813,6.38,6.54,6.27,6.51,181823
DRYS,20090814,6.51,6.53,6.25,6.30,127505
DRYS,20090817,6.01,6.05,5.80,5.84,184999
DRYS,20090818,5.92,5.99,5.89,5.94,85897
DRYS,20090819,5.78,5.87,5.66,5.83,118495
DRYS,20090820,5.86,6.00,5.86,5.90,93620
DRYS,20090821,5.95,6.11,5.93,6.02,150313
DRYS,20090824,6.10,6.15,5.90,5.94,164186
DRYS,20090825,5.97,6.00,5.76,5.81,153535
DRYS,20090826,5.76,5.83,5.66,5.69,129400
DRYS,20090827,5.67,6.35,5.57,6.24,471549
DRYS,20090828,6.34,6.43,5.96,6.12,259373
DRYS,20090831,5.90,5.91,5.71,5.84,142046
DRYS,20090901,5.82,6.07,5.62,5.65,196108
DRYS,20090902,5.59,5.89,5.50,5.74,147010
DRYS,20090903,5.91,5.93,5.75,5.82,75617
DRYS,20090904,5.80,5.90,5.75,5.87,96872
DRYS,20090908,6.05,6.10,5.90,5.94,128972
DRYS,20090909,5.95,6.49,5.87,6.37,439240
DRYS,20090910,6.46,6.54,6.26,6.43,230255
DRYS,20090911,6.68,6.98,6.57,6.76,445542
DRYS,20090914,6.60,7.21,6.51,7.15,418622
DRYS,20090915,7.23,7.33,6.92,7.01,373506
DRYS,20090916,7.15,7.68,7.10,7.48,584697
DRYS,20090917,7.73,7.99,7.21,7.39,545909
DRYS,20090918,7.45,7.52,7.08,7.27,220787
DRYS,20090921,6.96,7.07,6.71,6.92,253718
DRYS,20090922,7.15,7.38,7.01,7.24,287846
DRYS,20090923,7.27,7.30,6.92,6.95,242603
DRYS,20090924,7.00,7.08,6.50,6.51,305622
DRYS,20090925,6.42,6.48,6.25,6.36,173851
DRYS,20090928,6.36,6.56,6.32,6.38,139507
DRYS,20090929,6.49,6.98,6.43,6.81,330029
DRYS,20090930,6.94,6.96,6.55,6.63,257069
DRYS,20091001,6.77,6.88,6.20,6.23,298131
DRYS,20091002,5.97,6.38,5.97,6.16,198596
DRYS,20091005,6.24,6.40,6.15,6.23,141131
DRYS,20091006,6.40,6.65,6.39,6.59,247265
DRYS,20091007,6.55,6.87,6.52,6.73,211946
DRYS,20091008,7.03,7.14,6.88,7.07,349931
DRYS,20091009,7.01,7.04,6.71,6.81,185518
DRYS,20091012,6.92,6.98,6.73,6.77,116854
DRYS,20091013,7.16,7.44,7.12,7.22,572404
DRYS,20091014,7.50,7.50,7.14,7.20,234786
DRYS,20091015,7.09,7.32,7.02,7.23,145610
DRYS,20091016,7.11,7.22,7.00,7.04,149270
DRYS,20091019,7.12,7.16,6.98,7.07,126388
DRYS,20091020,7.12,7.50,7.06,7.37,344969
DRYS,20091021,7.28,7.62,7.10,7.16,352839
DRYS,20091022,7.15,7.29,7.00,7.22,189602
DRYS,20091023,7.28,7.33,6.96,7.03,207783
DRYS,20091026,7.05,7.38,6.78,6.89,285975
DRYS,20091027,7.00,7.05,6.33,6.37,378622
DRYS,20091028,6.27,6.34,6.00,6.01,215661
DRYS,20091029,6.35,6.45,6.22,6.33,201810
DRYS,20091030,6.33,6.35,5.95,6.04,200159
DRYS,20091102,6.13,6.14,5.66,5.86,224693
DRYS,20091103,5.74,6.08,5.66,6.08,164928
DRYS,20091104,6.20,6.27,5.91,5.94,151292
DRYS,20091105,6.00,6.15,5.96,6.14,117468
DRYS,20091106,6.00,6.21,5.99,6.17,97908
DRYS,20091109,6.27,6.40,6.22,6.40,138871
DRYS,20091110,6.25,6.38,6.12,6.24,112757
DRYS,20091111,6.40,6.78,6.29,6.77,311862
DRYS,20091112,6.94,7.09,6.62,6.71,350430
DRYS,20091113,6.84,6.94,6.73,6.85,157083
DRYS,20091116,7.06,7.15,6.97,7.01,259491
DRYS,20091117,6.95,7.18,6.88,7.05,225525
DRYS,20091118,6.94,7.30,6.78,7.14,608641
DRYS,20091119,7.00,7.02,6.39,6.53,575632
DRYS,20091120,6.17,6.49,6.15,6.29,729561
DRYS,20091123,6.44,6.44,6.15,6.19,257344
DRYS,20091124,6.19,6.35,6.05,6.35,241774
DRYS,20091125,6.34,6.36,6.24,6.35,121153
DRYS,20091127,6.04,6.25,6.00,6.19,122282
DRYS,20091130,6.19,6.25,6.05,6.12,183686
DRYS,20091201,6.20,6.38,6.17,6.32,209756
DRYS,20091202,6.35,6.52,6.25,6.30,198521
DRYS,20091203,6.54,6.55,6.35,6.36,214027
DRYS,20091204,6.52,6.53,6.21,6.34,182765
DRYS,20091207,6.27,6.30,6.22,6.26,105261
DRYS,20091208,6.16,6.18,6.08,6.11,131989
DRYS,20091209,6.15,6.18,6.06,6.11,97987
DRYS,20091210,6.13,6.16,6.04,6.06,129622
DRYS,20091211,6.10,6.18,6.07,6.09,94451
DRYS,20091214,6.10,6.16,6.06,6.15,91397
DRYS,20091215,6.08,6.29,6.06,6.11,101257
DRYS,20091216,6.14,6.23,6.12,6.13,91593
DRYS,20091217,6.07,6.17,6.03,6.06,116335
DRYS,20091218,6.10,6.11,6.00,6.02,97879
DRYS,20091221,6.08,6.08,5.97,6.00,127163
DRYS,20091222,6.00,6.02,5.90,5.92,118941
DRYS,20091223,5.92,6.13,5.92,6.11,129306
DRYS,20091224,6.12,6.16,6.02,6.05,48679
DRYS,20091228,6.07,6.11,5.95,5.99,82964
DRYS,20091229,6.01,6.01,5.92,5.93,67058
DRYS,20091230,5.88,5.91,5.85,5.89,71574
DRYS,20091231,5.89,5.92,5.81,5.82,88962
DRYS,20100104,5.93,6.15,5.92,6.14,176593
DRYS,20100105,6.14,6.46,6.11,6.43,296561
DRYS,20100106,6.40,6.50,6.33,6.36,164248
DRYS,20100107,6.33,6.60,6.31,6.47,277026
DRYS,20100108,6.45,6.85,6.40,6.77,362666
DRYS,20100111,6.92,6.95,6.52,6.62,308674
DRYS,20100112,6.50,6.55,6.31,6.35,212997
DRYS,20100113,6.40,6.48,6.27,6.41,297157
DRYS,20100114,6.53,6.59,6.37,6.43,199628
DRYS,20100115,6.37,6.46,6.22,6.28,143976
DRYS,20100119,6.23,6.32,6.18,6.25,115574
DRYS,20100120,6.18,6.20,6.06,6.12,161707
DRYS,20100121,6.16,6.18,5.94,5.95,240018
DRYS,20100122,6.03,6.09,5.81,5.83,263664
DRYS,20100125,6.13,6.14,5.98,6.05,176389
DRYS,20100126,6.00,6.04,5.90,5.96,136527
DRYS,20100127,5.95,5.97,5.80,5.92,175202
DRYS,20100128,5.97,5.98,5.75,5.81,191386
DRYS,20100129,5.84,5.91,5.47,5.50,246621
DRYS,20100201,5.56,5.75,5.56,5.75,148827
DRYS,20100202,5.79,5.83,5.67,5.82,137124
DRYS,20100203,5.75,5.80,5.71,5.72,86060
DRYS,20100204,5.65,5.65,5.35,5.36,200451
DRYS,20100205,5.38,5.50,5.06,5.36,257416
DRYS,20100208,5.36,5.44,5.20,5.27,106302
DRYS,20100209,5.35,5.44,5.29,5.36,128168
DRYS,20100210,5.32,5.35,5.19,5.34,137915
DRYS,20100211,5.35,5.52,5.28,5.52,95706
DRYS,20100212,5.35,5.44,5.31,5.44,114579
DRYS,20100216,5.54,5.67,5.46,5.64,123773
DRYS,20100217,5.66,5.72,5.49,5.62,102136
DRYS,20100218,5.55,5.60,5.46,5.57,81615
DRYS,20100219,5.50,5.69,5.50,5.62,85254
DRYS,20100222,5.65,5.73,5.63,5.65,86263
DRYS,20100223,5.60,5.63,5.40,5.45,139804
DRYS,20100224,5.43,5.49,5.35,5.40,97335
DRYS,20100225,5.34,5.75,5.33,5.72,215934
DRYS,20100226,5.53,5.66,5.44,5.47,165577
DRYS,20100301,5.50,5.53,5.31,5.41,140752
DRYS,20100302,5.44,5.45,5.35,5.38,98859
DRYS,20100303,5.50,5.60,5.45,5.52,160307
DRYS,20100304,5.58,5.64,5.48,5.57,92922
DRYS,20100305,5.64,5.67,5.58,5.66,95744
DRYS,20100308,5.66,6.17,5.58,6.09,613946
DRYS,20100309,6.02,6.13,5.92,5.95,267539
DRYS,20100310,6.07,6.22,6.06,6.14,223832
DRYS,20100311,6.13,6.30,6.06,6.18,176954
DRYS,20100312,6.30,6.34,6.12,6.17,152323
DRYS,20100315,6.05,6.10,5.81,5.92,176678
DRYS,20100316,5.98,5.99,5.90,5.95,106171
DRYS,20100317,5.99,6.04,5.90,5.92,100926
DRYS,20100318,5.92,5.96,5.85,5.87,62790
DRYS,20100319,5.86,5.87,5.65,5.69,102502
DRYS,20100322,5.64,5.79,5.54,5.75,98233
DRYS,20100323,5.78,5.92,5.78,5.90,109135
DRYS,20100324,5.82,5.89,5.77,5.83,65659
DRYS,20100325,5.90,5.94,5.65,5.67,130790
DRYS,20100326,5.70,5.83,5.69,5.75,109632
DRYS,20100329,5.80,5.93,5.78,5.88,87453
DRYS,20100330,5.94,5.98,5.80,5.91,102437
DRYS,20100331,5.84,5.92,5.80,5.84,48413
DRYS,20100401,5.93,6.08,5.88,6.00,147449
DRYS,20100405,6.10,6.21,6.02,6.15,115722
DRYS,20100406,6.15,6.48,6.11,6.39,294249
DRYS,20100407,6.41,6.45,6.18,6.26,232265
DRYS,20100408,6.18,6.34,6.10,6.29,121337
DRYS,20100409,6.34,6.59,6.32,6.56,330977
DRYS,20100412,6.65,6.76,6.47,6.52,209081
DRYS,20100413,6.48,6.49,6.35,6.44,116075
DRYS,20100414,6.63,6.70,6.51,6.58,188767
DRYS,20100415,6.57,6.82,6.56,6.67,185525
DRYS,20100416,6.60,6.64,6.30,6.41,211403
DRYS,20100419,6.30,6.33,6.04,6.20,237991
DRYS,20100420,6.29,6.49,6.25,6.49,184414
DRYS,20100421,6.24,6.38,6.08,6.19,295897
DRYS,20100422,6.03,6.09,5.91,6.05,468303
DRYS,20100423,6.08,6.22,6.06,6.15,200921
DRYS,20100426,6.20,6.27,6.16,6.17,140950
DRYS,20100427,6.26,6.30,5.90,5.95,260486
DRYS,20100428,6.03,6.06,5.84,5.93,212541
DRYS,20100429,6.04,6.05,5.87,5.94,135542
DRYS,20100430,5.96,5.98,5.74,5.78,198703
DRYS,20100503,5.85,6.12,5.78,6.08,195868
DRYS,20100504,5.96,5.96,5.71,5.75,273394
DRYS,20100505,5.60,5.82,5.48,5.63,159348
DRYS,20100506,5.60,5.62,4.76,5.21,400400
DRYS,20100507,5.26,5.35,5.01,5.09,302055
DRYS,20100510,5.45,5.47,5.28,5.42,170578
DRYS,20100511,5.31,5.48,5.28,5.39,125529
DRYS,20100512,5.51,5.60,5.45,5.60,142819
DRYS,20100513,5.46,5.62,5.35,5.41,174945
DRYS,20100514,5.31,5.32,5.07,5.20,167981
DRYS,20100517,5.15,5.20,4.98,5.12,122762
DRYS,20100518,5.23,5.28,4.98,5.01,110597
DRYS,20100519,4.95,5.00,4.81,4.97,142447
DRYS,20100520,4.75,4.79,4.51,4.55,189408
DRYS,20100521,4.45,4.76,4.39,4.70,156246
DRYS,20100524,4.70,4.82,4.62,4.66,72271
DRYS,20100525,4.43,4.62,4.37,4.61,139952
DRYS,20100526,4.76,4.83,4.59,4.63,82059
DRYS,20100527,4.79,4.85,4.72,4.84,112943
DRYS,20100528,4.87,4.89,4.74,4.81,79545
DRYS,20100601,4.70,4.74,4.38,4.39,166615
DRYS,20100602,4.48,4.55,4.38,4.55,102625
DRYS,20100603,4.57,4.60,4.46,4.54,75802
DRYS,20100604,4.44,4.48,4.35,4.37,89950
DRYS,20100607,4.41,4.45,4.16,4.18,83985
DRYS,20100608,4.19,4.28,3.89,4.02,202133
DRYS,20100609,4.07,4.13,3.86,3.87,105441
DRYS,20100610,3.99,4.08,3.95,4.06,82657
DRYS,20100611,4.02,4.18,4.01,4.18,57132
DRYS,20100614,4.26,4.29,4.08,4.10,78211
DRYS,20100615,4.15,4.28,4.13,4.27,89352
DRYS,20100616,4.25,4.39,4.23,4.31,73866
DRYS,20100617,4.16,4.21,4.02,4.09,149261
DRYS,20100618,4.08,4.10,3.92,4.00,154782
DRYS,20100621,4.07,4.07,3.92,3.96,85739
DRYS,20100622,3.96,4.00,3.92,3.93,59052
DRYS,20100623,3.95,3.99,3.83,3.95,67224
DRYS,20100624,3.92,3.96,3.82,3.86,73023
DRYS,20100625,3.90,3.94,3.83,3.93,55487
DRYS,20100628,3.91,3.99,3.85,3.87,61973
DRYS,20100629,3.80,3.81,3.58,3.64,115533
DRYS,20100630,3.63,3.70,3.57,3.57,76306
DRYS,20100701,3.51,3.55,3.28,3.42,137184
DRYS,20100702,3.41,3.47,3.37,3.42,68268
DRYS,20100706,3.53,3.63,3.38,3.44,99378
DRYS,20100707,3.45,3.60,3.43,3.59,70126
DRYS,20100708,3.68,3.72,3.60,3.72,68370
DRYS,20100709,3.73,3.91,3.70,3.91,66589
DRYS,20100712,3.94,3.96,3.76,3.78,60071
DRYS,20100713,3.91,3.94,3.83,3.91,75300
DRYS,20100714,3.92,4.12,3.84,4.06,137804
DRYS,20100715,4.09,4.10,3.90,4.05,96430
DRYS,20100716,3.97,4.13,3.89,3.99,97851
DRYS,20100719,3.93,4.10,3.91,4.10,77597
DRYS,20100720,4.00,4.16,3.96,4.16,92523
DRYS,20100721,4.21,4.24,4.07,4.12,122872
DRYS,20100722,4.18,4.28,4.17,4.28,134621
DRYS,20100723,4.30,4.57,4.29,4.57,146423
DRYS,20100726,4.66,4.74,4.56,4.68,140188
DRYS,20100727,4.75,4.79,4.47,4.53,128311
DRYS,20100728,4.51,4.65,4.38,4.50,111973
DRYS,20100729,4.65,4.73,4.38,4.57,110812
DRYS,20100730,4.46,4.57,4.42,4.51,54656
DRYS,20100802,4.63,4.65,4.55,4.60,73412
DRYS,20100803,4.55,4.70,4.51,4.70,75169
DRYS,20100804,4.69,4.78,4.61,4.73,99316
DRYS,20100805,4.66,4.86,4.66,4.83,105646
DRYS,20100806,4.79,4.95,4.73,4.89,111072
DRYS,20100809,4.92,4.99,4.88,4.97,71518
DRYS,20100810,4.89,4.98,4.84,4.86,100804
DRYS,20100811,4.73,4.74,4.38,4.42,183959
DRYS,20100812,4.20,4.52,4.18,4.48,108972
DRYS,20100813,4.48,4.61,4.43,4.45,67361
DRYS,20100816,4.42,4.50,4.38,4.46,52046
DRYS,20100817,4.52,4.62,4.51,4.60,75309
DRYS,20100818,4.63,4.64,4.51,4.52,73242
DRYS,20100819,4.52,4.61,4.36,4.41,80328
DRYS,20100820,4.41,4.41,4.30,4.31,64840
DRYS,20100823,4.36,4.41,4.26,4.26,38999
DRYS,20100824,4.12,4.20,4.00,4.08,92225
DRYS,20100825,4.01,4.05,3.92,4.03,84689
DRYS,20100826,4.08,4.11,3.95,3.96,70541
DRYS,20100827,4.00,4.10,3.92,4.09,56031
DRYS,20100830,4.09,4.18,4.03,4.03,36322
DRYS,20100831,4.03,4.09,3.93,4.03,44044
DRYS,20100901,4.11,4.43,4.11,4.42,124249
DRYS,20100902,4.34,4.45,4.28,4.40,83428
DRYS,20100903,4.51,4.55,4.38,4.42,83783
DRYS,20100907,4.29,4.32,4.10,4.16,178358
DRYS,20100908,4.18,4.29,4.15,4.17,100776
DRYS,20100909,4.24,4.27,4.10,4.18,172975
DRYS,20100910,4.13,4.15,4.03,4.13,112076
DRYS,20100913,4.16,4.22,4.14,4.21,107492
DRYS,20100914,4.17,4.17,4.04,4.04,180280
DRYS,20100915,4.03,4.13,4.02,4.12,76278
DRYS,20100916,4.08,4.16,4.07,4.14,43739
DRYS,20100917,4.15,4.18,4.07,4.07,44153
DRYS,20100920,4.12,4.15,4.08,4.12,55666
DRYS,20100921,4.13,4.24,4.08,4.12,125339
DRYS,20100922,4.13,4.19,4.11,4.17,92541
DRYS,20100923,4.14,4.18,4.06,4.08,71258
DRYS,20100924,4.12,4.15,4.09,4.13,61994
DRYS,20100927,4.25,4.53,4.24,4.47,272973
DRYS,20100928,4.79,4.99,4.60,4.85,499922
DRYS,20100929,4.77,4.89,4.66,4.83,163584
DRYS,20100930,4.88,4.92,4.71,4.81,104063
DRYS,20101001,4.88,4.89,4.73,4.78,70313
DRYS,20101004,4.77,4.82,4.56,4.61,107497
DRYS,20101005,4.68,4.74,4.61,4.66,104147
DRYS,20101006,4.71,4.72,4.57,4.63,80545
DRYS,20101007,4.64,4.65,4.55,4.59,64071
DRYS,20101008,4.57,4.69,4.55,4.67,126726
DRYS,20101011,4.71,4.72,4.57,4.57,89135
DRYS,20101012,4.58,4.60,4.47,4.57,94898
DRYS,20101013,4.68,4.79,4.66,4.73,170769
DRYS,20101014,4.72,4.72,4.56,4.60,93945
DRYS,20101015,4.79,4.81,4.53,4.60,131098
DRYS,20101018,4.59,4.60,4.50,4.50,87815
DRYS,20101019,4.43,4.44,4.17,4.24,202654
DRYS,20101020,4.27,4.29,4.16,4.23,96675
DRYS,20101021,4.26,4.36,4.22,4.22,108566
DRYS,20101022,4.24,4.29,4.19,4.24,58849
DRYS,20101025,4.30,4.35,4.23,4.26,124526
DRYS,20101026,4.22,4.27,4.19,4.25,60614
DRYS,20101027,4.22,4.23,4.18,4.21,73446
DRYS,20101028,4.23,4.23,4.14,4.18,93550
DRYS,20101029,4.15,4.18,4.08,4.11,73070
DRYS,20101101,4.14,4.16,4.06,4.07,60107
DRYS,20101102,4.12,4.17,4.08,4.15,78178
DRYS,20101103,4.16,4.20,4.10,4.20,43121
DRYS,20101104,4.26,4.38,4.23,4.37,122155
DRYS,20101105,4.38,4.76,4.37,4.69,277817
DRYS,20101108,4.66,4.93,4.65,4.85,249143
DRYS,20101109,4.96,5.25,4.91,5.05,421664
DRYS,20101110,5.14,5.20,5.00,5.15,200240
DRYS,20101111,5.25,5.64,5.10,5.63,455554
DRYS,20101112,5.56,5.60,5.25,5.39,362227
DRYS,20101115,5.48,5.57,5.35,5.49,177769
DRYS,20101116,5.45,5.49,5.15,5.25,227093
DRYS,20101117,5.27,5.41,5.19,5.19,142828
DRYS,20101118,5.60,5.79,5.58,5.59,456378
DRYS,20101119,5.52,5.56,5.36,5.49,208148
DRYS,20101122,5.50,5.54,5.43,5.45,153321
DRYS,20101123,5.28,5.33,5.11,5.17,260989
DRYS,20101124,5.29,5.31,5.18,5.20,137649
DRYS,20101126,5.16,5.21,5.10,5.20,42356
DRYS,20101129,5.32,5.35,5.22,5.30,181654
DRYS,20101130,5.26,5.29,5.15,5.17,149855
DRYS,20101201,5.31,5.33,5.18,5.25,171065
DRYS,20101202,5.27,5.33,5.19,5.23,275183
DRYS,20101203,5.54,5.93,5.45,5.88,636631
DRYS,20101206,5.96,6.37,5.96,6.21,513928
DRYS,20101207,6.35,6.36,6.01,6.02,283590
DRYS,20101208,6.02,6.18,5.90,5.91,173801
DRYS,20101209,6.00,6.08,5.92,6.01,139516
DRYS,20101210,6.29,6.39,6.21,6.33,323664
DRYS,20101213,6.42,6.44,6.23,6.30,199681
DRYS,20101214,6.30,6.34,6.20,6.20,136804
DRYS,20101215,6.20,6.26,5.85,5.97,262616
DRYS,20101216,6.03,6.08,5.89,5.99,154829
DRYS,20101217,6.00,6.01,5.93,5.96,150177
DRYS,20101220,5.99,6.01,5.83,5.85,124167
DRYS,20101221,5.91,5.98,5.85,5.98,91205
DRYS,20101222,5.99,6.01,5.90,5.93,74129
DRYS,20101223,5.94,5.99,5.90,5.97,48330
DRYS,20101227,5.93,5.94,5.55,5.55,277704
DRYS,20101228,5.60,5.62,5.46,5.53,139215
DRYS,20101229,5.51,5.54,5.44,5.46,101759
DRYS,20101230,5.48,5.48,5.35,5.37,130588
DRYS,20101231,5.36,5.58,5.35,5.49,128572
DRYS,20110103,5.37,5.38,5.18,5.19,341670
DRYS,20110104,5.37,5.45,5.22,5.33,357345
DRYS,20110105,5.31,5.42,5.27,5.38,188731
DRYS,20110106,5.42,5.61,5.41,5.45,282351
DRYS,20110107,5.49,5.51,5.30,5.40,112073
DRYS,20110110,5.38,5.40,5.23,5.33,10236300
DRYS,20110111,5.36,5.47,5.35,5.39,13389400
DRYS,20110112,5.50,5.61,5.43,5.50,21347500
DRYS,20110113,5.50,5.55,5.41,5.45,10619200
DRYS,20110114,5.42,5.50,5.36,5.41,8319800
DRYS,20110118,5.39,5.44,5.25,5.25,12902400
DRYS,20110119,5.25,5.29,5.06,5.12,18201400
DRYS,20110120,5.09,5.11,4.97,5.05,22862300
DRYS,20110121,5.10,5.12,4.96,5.00,10869300
DRYS,20110124,4.98,4.99,4.86,4.91,12138800
DRYS,20110125,4.67,4.76,4.61,4.76,25350700
DRYS,20110126,4.78,4.93,4.76,4.91,12586300
DRYS,20110127,4.90,4.92,4.73,4.81,11518300
DRYS,20110128,4.88,5.02,4.77,4.85,19523400
DRYS,20110131,4.87,4.93,4.79,4.82,6893300
DRYS,20110201,4.86,4.90,4.83,4.87,10757300
DRYS,20110202,4.90,5.05,4.82,4.95,10885800
DRYS,20110203,5.00,5.08,4.96,5.04,10632200
DRYS,20110204,5.08,5.10,4.93,5.01,7527400
DRYS,20110207,5.05,5.09,4.98,5.05,12073700
DRYS,20110208,5.05,5.19,5.04,5.16,13592800
DRYS,20110209,5.14,5.17,5.04,5.13,10854400
DRYS,20110210,5.02,5.07,4.92,5.03,8965300
DRYS,20110211,5.02,5.08,5.00,5.04,6565300
DRYS,20110214,5.03,5.18,5.03,5.17,10548500
DRYS,20110215,5.15,5.18,5.09,5.13,12106100
DRYS,20110216,5.14,5.18,5.08,5.08,8473200
DRYS,20110217,5.09,5.11,5.02,5.09,7349000
DRYS,20110218,5.06,5.09,4.98,5.03,9098900
DRYS,20110222,4.95,4.97,4.77,4.80,13564200
DRYS,20110223,4.79,4.85,4.67,4.85,10018400
DRYS,20110224,4.81,4.90,4.78,4.87,6209100
DRYS,20110225,4.90,4.93,4.86,4.90,8408800
DRYS,20110228,4.94,4.95,4.87,4.91,5262100
DRYS,20110301,5.02,5.06,4.91,4.93,10875100
DRYS,20110302,4.92,5.04,4.91,5.01,6439000
DRYS,20110303,5.06,5.10,4.99,5.05,8612200
DRYS,20110304,5.06,5.07,4.95,5.05,6405900
DRYS,20110307,4.99,5.03,4.83,4.90,12785400
DRYS,20110308,4.83,4.93,4.82,4.86,5294500
DRYS,20110309,4.88,4.91,4.80,4.83,4830800
DRYS,20110310,4.78,4.80,4.68,4.72,7878300
DRYS,20110311,4.64,4.74,4.62,4.74,5219200
DRYS,20110314,4.69,4.90,4.65,4.78,7419500
DRYS,20110315,4.62,4.68,4.58,4.66,8361600
DRYS,20110316,4.64,4.70,4.48,4.50,9812100
DRYS,20110317,4.54,4.60,4.50,4.52,8541100
DRYS,20110318,4.55,4.59,4.50,4.52,8718200
DRYS,20110321,4.59,4.68,4.54,4.64,7111500
DRYS,20110322,4.67,4.73,4.61,4.66,4619900
DRYS,20110323,4.62,4.64,4.57,4.63,3500600
DRYS,20110324,4.64,4.88,4.64,4.78,10845500
DRYS,20110325,4.80,4.93,4.79,4.90,9674500
DRYS,20110328,4.86,5.02,4.85,4.96,8318100
DRYS,20110329,4.95,5.01,4.91,4.96,6010200
DRYS,20110330,4.98,5.00,4.92,4.93,11394100
DRYS,20110331,5.09,5.12,4.88,4.95,23475600
DRYS,20110401,4.99,5.00,4.76,4.78,13993500
DRYS,20110404,4.81,4.81,4.68,4.70,6989900
DRYS,20110405,4.65,4.78,4.61,4.72,6208700
DRYS,20110406,4.79,5.02,4.76,4.96,13431300
DRYS,20110407,4.95,5.02,4.95,5.01,7595900
DRYS,20110408,5.03,5.10,4.93,5.03,19307500
DRYS,20110411,5.06,5.08,4.81,4.85,7135300
DRYS,20110412,4.80,4.85,4.75,4.79,6350200
DRYS,20110413,4.78,4.85,4.75,4.76,3901000
DRYS,20110414,4.72,4.74,4.68,4.71,3571800
DRYS,20110415,4.69,4.75,4.68,4.73,2907400
DRYS,20110418,4.67,4.70,4.60,4.64,5803800
DRYS,20110419,4.63,4.68,4.53,4.58,5682600
DRYS,20110420,4.64,4.68,4.59,4.66,5188000
DRYS,20110421,4.65,4.69,4.64,4.68,2398700
DRYS,20110425,4.67,4.69,4.60,4.64,3277800
DRYS,20110426,4.63,4.82,4.61,4.82,5426200
