FCH,20090115,1.64,1.79,1.45,1.78,12749
FCH,20090116,1.84,1.90,1.69,1.86,9156
FCH,20090120,1.81,1.82,1.43,1.43,16675
FCH,20090121,1.52,1.68,1.45,1.68,14470
FCH,20090122,1.60,1.66,1.44,1.48,11138
FCH,20090123,1.44,1.63,1.44,1.63,5901
FCH,20090126,1.63,1.76,1.53,1.62,3503
FCH,20090127,1.57,1.69,1.52,1.57,4752
FCH,20090128,1.65,1.81,1.61,1.79,12631
FCH,20090129,1.74,1.74,1.48,1.48,14246
FCH,20090130,1.52,1.59,1.45,1.45,13346
FCH,20090202,1.54,1.55,1.31,1.40,10518
FCH,20090203,1.43,1.44,1.31,1.31,8820
FCH,20090204,1.31,1.44,1.31,1.33,7730
FCH,20090205,1.37,1.42,1.22,1.27,10197
FCH,20090206,1.22,1.47,1.21,1.45,10666
FCH,20090209,1.48,1.48,1.37,1.44,5024
FCH,20090210,1.42,1.48,1.22,1.22,10249
FCH,20090211,1.26,1.36,1.22,1.28,7940
FCH,20090212,1.27,1.43,1.20,1.40,10376
FCH,20090213,1.37,1.52,1.31,1.35,12959
FCH,20090217,1.31,1.35,1.15,1.15,11866
FCH,20090218,1.17,1.18,1.02,1.11,9149
FCH,20090219,1.11,1.18,1.01,1.01,8378
FCH,20090220,0.99,1.10,0.94,1.09,11909
FCH,20090223,1.11,1.12,0.86,0.88,12049
FCH,20090224,0.90,1.08,0.77,1.08,17836
FCH,20090225,1.10,1.12,0.98,0.98,8446
FCH,20090226,0.96,1.06,0.83,0.83,9538
FCH,20090227,1.02,1.18,0.80,0.81,17949
FCH,20090302,0.80,0.84,0.72,0.72,14785
FCH,20090303,0.76,0.92,0.74,0.78,10006
FCH,20090304,0.82,1.05,0.78,0.99,14193
FCH,20090305,0.99,1.04,0.79,0.79,14086
FCH,20090306,0.82,0.95,0.81,0.94,22932
FCH,20090309,0.91,0.92,0.82,0.88,11960
FCH,20090310,0.88,1.19,0.84,1.19,39194
FCH,20090311,1.17,1.24,0.91,0.93,24939
FCH,20090312,0.98,1.12,0.92,1.06,21504
FCH,20090313,1.07,1.21,0.99,1.05,13671
FCH,20090316,1.08,1.13,0.85,0.89,32448
FCH,20090317,0.90,1.12,0.89,1.12,19306
FCH,20090318,0.99,1.30,0.99,1.26,22890
FCH,20090319,1.10,1.39,1.05,1.05,24667
FCH,20090320,1.07,1.59,0.96,1.59,36474
FCH,20090323,1.56,1.63,1.30,1.55,13012
FCH,20090324,1.59,1.59,1.28,1.34,6877
FCH,20090325,1.37,1.60,1.28,1.48,7515
FCH,20090326,1.56,1.68,1.47,1.66,6943
FCH,20090327,1.58,1.59,1.46,1.47,5825
FCH,20090330,1.39,1.43,1.31,1.42,3249
FCH,20090331,1.46,1.52,1.36,1.36,6137
FCH,20090401,1.30,1.50,1.22,1.30,6069
FCH,20090402,1.38,1.45,1.30,1.42,6750
FCH,20090403,1.42,1.69,1.30,1.50,9439
FCH,20090406,1.57,1.57,1.33,1.42,7226
FCH,20090407,1.37,1.38,1.25,1.28,4558
FCH,20090408,1.30,1.38,1.26,1.28,4455
FCH,20090409,1.35,1.51,1.30,1.50,7644
FCH,20090413,1.46,1.49,1.36,1.39,4949
FCH,20090414,1.40,1.44,1.33,1.35,4574
FCH,20090415,1.33,1.50,1.33,1.45,3340
FCH,20090416,1.49,1.74,1.47,1.59,7888
FCH,20090417,1.59,1.80,1.59,1.63,9541
FCH,20090420,1.54,1.54,1.40,1.45,6374
FCH,20090421,1.39,1.65,1.35,1.64,3507
FCH,20090422,1.59,1.69,1.50,1.62,4763
FCH,20090423,1.63,1.70,1.44,1.64,5703
FCH,20090424,1.64,1.86,1.60,1.83,10637
FCH,20090427,1.75,1.87,1.59,1.81,11899
FCH,20090428,1.58,1.85,1.58,1.74,5538
FCH,20090429,1.75,1.89,1.68,1.89,8669
FCH,20090430,1.88,2.16,1.87,1.98,11417
FCH,20090501,2.00,2.21,1.86,1.92,9056
FCH,20090504,1.98,2.40,1.94,2.33,13812
FCH,20090505,2.43,2.95,2.20,2.95,11750
FCH,20090506,3.12,3.50,3.00,3.49,27579
FCH,20090507,3.59,3.60,2.59,2.85,24735
FCH,20090508,2.85,3.35,2.85,3.09,15089
FCH,20090511,2.80,3.26,2.80,3.21,11372
FCH,20090512,3.07,3.16,2.72,3.01,11125
FCH,20090513,2.87,2.95,2.27,2.51,17975
FCH,20090514,2.50,2.59,2.12,2.57,16203
FCH,20090515,2.54,2.84,2.41,2.47,7667
FCH,20090518,2.51,2.90,2.43,2.89,12706
FCH,20090519,2.81,3.09,2.77,2.97,6680
FCH,20090520,3.04,3.12,2.89,2.98,12847
FCH,20090521,2.90,2.93,2.65,2.79,8000
FCH,20090522,2.82,2.89,2.63,2.67,4326
FCH,20090526,2.63,3.10,2.63,3.06,7797
FCH,20090527,3.03,3.05,2.88,3.00,6440
FCH,20090528,3.00,3.05,2.74,3.04,5667
FCH,20090529,3.01,3.12,2.96,3.12,5368
FCH,20090601,3.19,3.29,2.92,3.06,12220
FCH,20090602,3.02,3.20,2.89,3.13,6599
FCH,20090603,3.03,3.12,2.93,3.08,2883
FCH,20090604,3.05,3.13,3.02,3.08,3380
FCH,20090605,3.13,3.13,3.02,3.09,3126
FCH,20090608,3.14,3.14,3.02,3.03,2869
FCH,20090609,3.07,3.14,2.98,3.10,11262
FCH,20090610,3.15,3.23,2.71,2.94,15694
FCH,20090611,2.89,3.01,2.79,2.80,5453
FCH,20090612,2.88,3.04,2.83,3.02,3048
FCH,20090615,2.88,2.96,2.73,2.94,6257
FCH,20090616,3.06,3.06,2.80,2.96,3964
FCH,20090617,2.95,2.98,2.56,2.84,6287
FCH,20090618,2.82,2.83,2.61,2.69,2730
FCH,20090619,2.74,2.74,2.32,2.40,12294
FCH,20090622,2.36,2.44,1.99,2.18,13123
FCH,20090623,2.10,2.17,1.89,1.91,12822
FCH,20090624,2.04,2.25,1.93,2.03,6602
FCH,20090625,2.03,2.33,1.98,2.29,4707
FCH,20090626,2.18,2.63,2.18,2.63,11928
FCH,20090629,2.59,2.59,2.36,2.45,3530
FCH,20090630,2.46,2.51,2.32,2.46,3751
FCH,20090701,2.51,2.66,2.46,2.55,3659
FCH,20090702,2.49,2.51,2.25,2.25,4638
FCH,20090706,2.29,2.35,2.14,2.21,3927
FCH,20090707,2.16,2.29,2.08,2.10,3532
FCH,20090708,2.13,2.13,1.98,1.99,5505
FCH,20090709,2.04,2.07,1.98,2.01,4651
FCH,20090710,1.99,2.09,1.86,1.87,5483
FCH,20090713,1.89,2.14,1.88,2.07,5217
FCH,20090714,2.06,2.07,1.89,2.00,6144
FCH,20090715,2.05,2.38,2.02,2.38,7458
FCH,20090716,2.31,2.37,2.12,2.20,4456
FCH,20090717,2.20,2.20,1.97,2.09,2659
FCH,20090720,2.12,2.22,2.11,2.19,2864
FCH,20090721,2.22,2.24,2.03,2.08,2871
FCH,20090722,2.04,2.06,1.96,1.99,6163
FCH,20090723,1.98,2.15,1.98,2.10,6309
FCH,20090724,2.11,2.15,2.02,2.15,4328
FCH,20090727,2.14,2.31,2.10,2.30,4795
FCH,20090728,2.26,2.40,2.25,2.40,4672
FCH,20090729,2.35,2.38,2.27,2.30,2408
FCH,20090730,2.37,2.44,2.35,2.39,4207
FCH,20090731,2.36,2.42,2.24,2.35,5345
FCH,20090803,2.35,2.44,2.35,2.40,5304
FCH,20090804,2.36,2.77,2.35,2.77,11200
FCH,20090805,2.79,2.85,2.55,2.81,6044
FCH,20090806,2.53,2.93,2.53,2.57,8541
FCH,20090807,2.67,2.95,2.67,2.87,15324
FCH,20090810,2.90,3.35,2.82,3.31,21833
FCH,20090811,3.29,3.31,3.01,3.07,7620
FCH,20090812,3.09,3.25,3.08,3.14,6502
FCH,20090813,3.15,3.30,3.10,3.18,8021
FCH,20090814,3.20,3.62,3.20,3.61,18633
FCH,20090817,3.49,3.49,3.17,3.23,6812
FCH,20090818,3.28,3.45,3.28,3.39,3674
FCH,20090819,3.26,3.42,3.13,3.16,3693
FCH,20090820,3.16,3.47,3.09,3.42,5010
FCH,20090821,3.47,3.86,3.44,3.84,11229
FCH,20090824,3.96,3.98,3.82,3.92,6017
FCH,20090825,3.91,3.99,3.76,3.83,4173
FCH,20090826,3.81,3.91,3.71,3.85,3545
FCH,20090827,3.80,3.99,3.70,3.99,4452
FCH,20090828,4.06,4.17,3.99,4.13,6911
FCH,20090831,4.03,4.17,3.97,4.11,5434
FCH,20090901,4.01,4.32,3.71,3.83,7097
FCH,20090902,3.82,3.82,3.60,3.72,8810
FCH,20090903,3.78,3.78,3.34,3.43,5374
FCH,20090904,3.43,3.94,3.37,3.94,7242
FCH,20090908,4.00,4.39,3.97,3.99,8090
FCH,20090909,4.01,4.32,3.92,4.21,6883
FCH,20090910,4.21,4.92,4.21,4.78,11859
FCH,20090911,4.85,4.93,4.62,4.73,10584
FCH,20090914,4.65,4.86,4.49,4.84,4570
FCH,20090915,4.80,4.86,4.64,4.74,3609
FCH,20090916,4.73,4.76,4.53,4.70,5998
FCH,20090917,4.67,4.84,4.40,4.51,16570
FCH,20090918,4.47,5.31,4.47,4.72,22349
FCH,20090921,4.61,5.08,4.55,4.93,7450
FCH,20090922,5.00,5.27,4.87,5.10,10780
FCH,20090923,5.13,5.14,4.77,4.77,6087
FCH,20090924,4.83,4.87,4.50,4.60,7282
FCH,20090925,4.59,4.84,4.48,4.56,3500
FCH,20090928,4.62,4.97,4.51,4.92,5255
FCH,20090929,4.92,4.96,4.62,4.62,4577
FCH,20090930,4.65,4.69,4.28,4.53,9487
FCH,20091001,4.47,4.85,4.37,4.49,8266
FCH,20091002,4.31,4.49,4.21,4.31,4328
FCH,20091005,4.34,4.59,4.23,4.47,3366
FCH,20091006,4.51,4.79,4.50,4.62,3599
FCH,20091007,4.57,4.73,4.51,4.59,2238
FCH,20091008,4.72,4.90,4.35,4.35,7523
FCH,20091009,4.32,4.52,4.28,4.45,5181
FCH,20091012,4.45,4.59,4.38,4.41,2370
FCH,20091013,4.39,4.48,4.30,4.30,4516
FCH,20091014,4.28,4.62,4.28,4.57,6375
FCH,20091015,4.49,4.59,4.39,4.41,2644
FCH,20091016,4.34,4.66,4.34,4.60,8458
FCH,20091019,4.61,4.74,4.58,4.68,3095
FCH,20091020,4.67,4.68,4.38,4.40,3396
FCH,20091021,4.30,4.34,4.13,4.14,8685
FCH,20091022,4.14,4.19,3.84,3.85,7851
FCH,20091023,3.95,3.98,3.40,3.54,23817
FCH,20091026,3.56,3.73,3.40,3.43,7725
FCH,20091027,3.44,3.50,2.95,3.03,23612
FCH,20091028,3.00,3.16,2.93,2.99,9383
FCH,20091029,3.07,3.36,3.07,3.35,9356
FCH,20091030,3.28,3.35,3.01,3.15,9360
FCH,20091102,3.18,3.19,2.93,3.15,7837
FCH,20091103,3.08,3.24,3.02,3.24,3232
FCH,20091104,3.26,3.27,2.93,2.98,13358
FCH,20091105,2.95,3.34,2.85,3.30,7814
FCH,20091106,3.21,3.38,3.10,3.37,6067
FCH,20091109,3.42,3.61,3.38,3.53,7438
FCH,20091110,3.50,3.55,3.40,3.49,4357
FCH,20091111,3.54,3.58,3.42,3.48,2566
FCH,20091112,3.48,3.59,3.43,3.48,3654
FCH,20091113,3.52,3.53,3.38,3.47,3752
FCH,20091116,3.54,3.86,3.54,3.84,7081
FCH,20091117,3.78,3.82,3.66,3.75,6604
FCH,20091118,3.74,3.80,3.71,3.80,3286
FCH,20091119,3.75,3.78,3.47,3.50,5280
FCH,20091120,3.48,3.59,3.40,3.45,4480
FCH,20091123,3.56,3.68,3.49,3.56,6172
FCH,20091124,3.58,3.66,3.43,3.55,3731
FCH,20091125,3.60,3.65,3.37,3.39,3392
FCH,20091127,3.30,3.37,3.23,3.23,1830
FCH,20091130,3.28,3.43,3.15,3.37,6859
FCH,20091201,3.44,3.60,3.33,3.57,4512
FCH,20091202,3.56,3.64,3.45,3.56,2228
FCH,20091203,3.54,3.65,3.40,3.46,5142
FCH,20091204,3.55,3.74,3.51,3.60,7444
FCH,20091207,3.55,3.70,3.52,3.68,3643
FCH,20091208,3.63,3.71,3.56,3.60,3061
FCH,20091209,3.60,3.65,3.51,3.53,3752
FCH,20091210,3.56,3.65,3.41,3.44,3526
FCH,20091211,3.46,3.60,3.45,3.60,2227
FCH,20091214,3.63,3.70,3.55,3.62,2818
FCH,20091215,3.61,3.70,3.53,3.66,3899
FCH,20091216,3.71,3.71,3.53,3.69,3492
FCH,20091217,3.59,3.62,3.36,3.56,5129
FCH,20091218,3.59,3.62,3.38,3.62,10127
FCH,20091221,3.61,3.70,3.58,3.69,2998
FCH,20091222,3.70,3.76,3.61,3.75,3820
FCH,20091223,3.78,3.81,3.70,3.76,4381
FCH,20091224,3.78,3.86,3.67,3.76,2724
FCH,20091228,3.75,3.84,3.63,3.69,2446
FCH,20091229,3.70,3.72,3.49,3.50,5422
FCH,20091230,3.46,3.77,3.46,3.75,5968
FCH,20091231,3.73,3.83,3.55,3.60,4231
FCH,20100104,3.70,3.73,3.60,3.63,2406
FCH,20100105,3.61,3.64,3.49,3.49,5749
FCH,20100106,3.52,3.66,3.49,3.51,3727
FCH,20100107,3.50,3.79,3.49,3.76,4692
FCH,20100108,3.79,3.92,3.70,3.81,7834
FCH,20100111,3.86,4.05,3.81,4.00,8262
FCH,20100112,3.94,4.13,3.88,4.12,5631
FCH,20100113,4.14,4.24,4.06,4.21,5070
FCH,20100114,4.19,4.22,4.08,4.10,3045
FCH,20100115,4.09,4.15,3.89,3.92,6574
FCH,20100119,3.95,4.12,3.92,4.05,7704
FCH,20100120,4.00,4.05,3.93,3.97,2739
FCH,20100121,3.98,4.05,3.89,3.96,4929
FCH,20100122,3.97,4.05,3.90,3.92,3137
FCH,20100125,3.97,4.01,3.79,3.94,3780
FCH,20100126,3.90,3.91,3.69,3.70,2813
FCH,20100127,3.65,3.73,3.50,3.69,4394
FCH,20100128,3.69,3.74,3.50,3.53,2960
FCH,20100129,3.56,3.78,3.54,3.78,4617
FCH,20100201,3.80,3.90,3.73,3.83,2361
FCH,20100202,3.82,4.00,3.76,3.95,3073
FCH,20100203,3.92,3.92,3.78,3.80,2398
FCH,20100204,3.76,3.78,3.56,3.65,4510
FCH,20100205,3.68,3.74,3.53,3.69,2237
FCH,20100208,3.70,3.85,3.67,3.70,3025
FCH,20100209,3.77,3.85,3.66,3.84,2130
FCH,20100210,3.80,3.83,3.60,3.72,4300
FCH,20100211,3.70,3.95,3.62,3.93,2262
FCH,20100212,3.86,4.03,3.77,3.98,2659
FCH,20100216,3.96,4.20,3.89,4.20,3284
FCH,20100217,4.21,4.35,4.17,4.22,2138
FCH,20100218,4.20,4.22,4.15,4.21,1249
FCH,20100219,4.20,4.30,4.20,4.28,3084
FCH,20100222,4.29,4.35,4.14,4.24,2859
FCH,20100223,4.24,4.28,4.03,4.03,2372
FCH,20100224,4.03,4.14,3.94,4.03,2502
FCH,20100225,3.93,3.95,3.82,3.90,4165
FCH,20100226,3.89,3.94,3.74,3.77,6079
FCH,20100301,3.82,3.98,3.79,3.97,6268
FCH,20100302,3.99,4.24,3.93,4.24,5739
FCH,20100303,4.28,4.39,4.14,4.17,4078
FCH,20100304,4.24,4.35,4.18,4.22,12610
FCH,20100305,4.29,4.53,4.18,4.50,17681
FCH,20100308,4.50,4.73,4.45,4.61,11156
FCH,20100309,4.61,4.67,4.47,4.49,14565
FCH,20100310,4.48,4.66,4.48,4.55,7285
FCH,20100311,4.49,4.59,4.39,4.53,5267
FCH,20100312,4.57,4.63,4.49,4.58,5782
FCH,20100315,4.62,4.70,4.51,4.63,9053
FCH,20100316,4.69,4.83,4.55,4.82,6925
FCH,20100317,4.87,5.11,4.87,5.00,11961
FCH,20100318,5.01,5.10,4.95,4.98,5270
FCH,20100319,4.99,5.07,4.64,4.66,14804
FCH,20100322,4.64,5.04,4.40,5.01,9059
FCH,20100323,5.03,5.31,5.00,5.22,7637
FCH,20100324,5.70,6.38,5.47,6.25,37244
FCH,20100325,6.30,6.42,5.89,6.00,20626
FCH,20100326,6.07,6.10,5.85,5.89,10302
FCH,20100329,5.91,6.05,5.82,6.01,6128
FCH,20100330,6.04,6.16,5.75,5.79,8018
FCH,20100331,5.76,5.96,5.63,5.70,6743
FCH,20100401,5.80,5.88,5.63,5.74,5469
FCH,20100405,5.78,6.36,5.78,6.35,6541
FCH,20100406,6.30,7.72,6.24,7.42,42294
FCH,20100407,7.34,7.45,7.13,7.34,12638
FCH,20100408,7.27,7.58,7.11,7.52,9807
FCH,20100409,7.60,7.95,7.46,7.83,11237
FCH,20100412,7.87,8.23,7.70,8.09,11358
FCH,20100413,8.15,8.26,7.98,8.26,10236
FCH,20100414,8.31,8.99,8.30,8.95,16881
FCH,20100415,8.79,8.92,8.32,8.38,13114
FCH,20100416,8.38,8.40,7.91,8.04,9685
FCH,20100419,7.96,8.17,7.56,7.91,10710
FCH,20100420,7.98,8.39,7.80,8.18,7708
FCH,20100421,8.22,8.53,8.22,8.41,6115
FCH,20100422,8.46,8.65,8.20,8.64,6059
FCH,20100423,8.66,8.82,8.50,8.71,4973
FCH,20100426,8.66,8.83,8.45,8.72,4855
FCH,20100427,8.59,8.75,8.07,8.10,9769
FCH,20100428,8.25,8.34,7.77,7.96,8095
FCH,20100429,8.06,8.60,7.89,8.55,17706
FCH,20100430,8.53,8.62,8.05,8.11,6610
FCH,20100503,8.24,8.41,8.17,8.25,8900
FCH,20100504,8.48,8.71,8.14,8.32,11543
FCH,20100505,8.15,8.71,7.96,8.66,10592
FCH,20100506,8.51,8.74,6.75,7.66,27504
FCH,20100507,7.61,7.87,7.05,7.44,20090
FCH,20100510,7.64,8.20,7.59,8.02,12865
FCH,20100511,7.86,8.18,7.77,8.09,7083
FCH,20100512,8.18,8.43,8.13,8.31,5409
FCH,20100513,7.87,8.16,7.72,7.75,13753
FCH,20100514,7.55,7.57,7.14,7.22,9210
FCH,20100517,7.29,7.65,7.00,7.62,10410
FCH,20100518,7.79,7.83,7.03,7.08,9828
FCH,20100519,7.00,7.25,6.59,6.79,9045
FCH,20100520,6.48,6.61,5.90,6.16,14695
FCH,20100521,6.08,6.40,5.93,6.27,9993
FCH,20100524,6.24,6.39,6.12,6.22,6529
FCH,20100525,5.91,6.13,5.80,6.11,8370
FCH,20100526,6.23,6.33,6.03,6.05,9317
FCH,20100527,6.30,6.71,6.18,6.69,6906
FCH,20100528,6.63,6.84,6.55,6.76,7302
FCH,20100601,6.59,6.84,6.50,6.52,14106
FCH,20100602,6.53,6.79,6.37,6.78,5650
FCH,20100603,6.81,6.88,6.54,6.69,6522
FCH,20100604,6.41,6.47,5.88,5.95,9925
FCH,20100607,5.97,6.00,5.41,5.45,12290
FCH,20100608,5.51,5.59,5.12,5.57,12233
FCH,20100609,5.72,6.59,5.66,6.17,22963
FCH,20100610,6.27,6.32,5.87,6.16,11112
FCH,20100611,6.06,6.37,5.95,6.19,10777
FCH,20100614,6.40,6.61,6.30,6.43,7266
FCH,20100615,6.15,6.26,5.97,6.25,17138
FCH,20100616,6.05,6.15,5.55,5.59,32218
FCH,20100617,5.66,5.70,5.41,5.50,231302
FCH,20100618,5.47,5.56,5.40,5.47,34565
FCH,20100621,5.54,5.64,5.50,5.52,25741
FCH,20100622,5.53,5.67,5.36,5.39,28328
FCH,20100623,5.37,5.53,5.21,5.38,17389
FCH,20100624,5.34,5.45,5.18,5.25,23148
FCH,20100625,5.30,5.54,5.20,5.44,40481
FCH,20100628,5.42,5.56,5.32,5.46,13534
FCH,20100629,5.26,5.33,5.07,5.19,24754
FCH,20100630,5.17,5.30,4.95,4.99,14668
FCH,20100701,4.94,5.00,4.75,4.86,22723
FCH,20100702,4.93,4.94,4.60,4.61,12803
FCH,20100706,4.80,4.86,4.49,4.60,24212
FCH,20100707,4.63,4.93,4.43,4.91,16330
FCH,20100708,4.99,5.04,4.85,4.90,10789
FCH,20100709,4.81,5.04,4.79,5.04,15485
FCH,20100712,5.00,5.19,4.95,5.17,12673
FCH,20100713,5.30,5.33,5.16,5.31,14627
FCH,20100714,5.26,5.40,5.16,5.22,10510
FCH,20100715,5.29,5.33,5.05,5.19,11126
FCH,20100716,5.13,5.16,4.89,4.95,12215
FCH,20100719,4.97,5.00,4.65,4.79,9088
FCH,20100720,4.65,5.11,4.60,5.10,9097
FCH,20100721,5.18,5.23,4.90,4.93,7808
FCH,20100722,5.06,5.27,5.04,5.25,14008
FCH,20100723,5.19,5.45,5.15,5.45,12521
FCH,20100726,5.46,5.54,5.38,5.54,10876
FCH,20100727,5.66,5.68,5.54,5.64,8694
FCH,20100728,5.60,5.70,5.52,5.62,8940
FCH,20100729,5.68,6.09,5.65,5.98,32246
FCH,20100730,5.82,6.15,5.81,5.93,51611
FCH,20100802,6.09,6.11,5.84,5.99,24506
FCH,20100803,5.91,6.16,5.71,5.95,10610
FCH,20100804,5.76,6.04,5.70,5.93,16503
FCH,20100805,5.77,5.88,5.28,5.33,18448
FCH,20100806,5.20,5.48,5.19,5.38,12356
FCH,20100809,5.48,5.60,5.39,5.53,15845
FCH,20100810,5.40,5.43,5.22,5.31,12486
FCH,20100811,5.27,5.27,4.92,4.93,13628
FCH,20100812,4.82,5.00,4.74,4.79,9518
FCH,20100813,4.77,4.88,4.56,4.69,10942
FCH,20100816,4.63,4.75,4.54,4.63,10010
FCH,20100817,4.79,5.05,4.74,4.96,15537
FCH,20100818,4.96,5.01,4.78,4.83,9283
FCH,20100819,4.74,4.80,4.53,4.59,18155
FCH,20100820,4.60,4.61,4.46,4.49,13424
FCH,20100823,4.57,4.63,4.24,4.25,12246
FCH,20100824,4.14,4.18,4.00,4.07,13540
FCH,20100825,4.02,4.29,3.98,4.24,13869
FCH,20100826,4.28,4.36,4.11,4.11,9754
FCH,20100827,4.11,4.19,3.98,4.11,16117
FCH,20100830,4.06,4.13,3.98,3.98,8790
FCH,20100831,3.92,4.06,3.91,3.98,11578
FCH,20100901,4.09,4.14,4.01,4.11,19283
FCH,20100902,4.13,4.36,4.08,4.33,11344
FCH,20100903,4.46,4.48,4.34,4.41,9691
FCH,20100907,4.28,4.41,4.19,4.20,6391
FCH,20100908,4.21,4.40,4.20,4.28,11346
FCH,20100909,4.34,4.40,4.22,4.26,11449
FCH,20100910,4.25,4.32,4.25,4.28,5767
FCH,20100913,4.38,4.50,4.33,4.47,12671
FCH,20100914,4.42,4.44,4.37,4.38,6813
FCH,20100915,4.35,4.45,4.30,4.43,8171
FCH,20100916,4.43,4.50,4.36,4.47,8522
FCH,20100917,4.52,4.64,4.42,4.47,15023
FCH,20100920,4.50,4.77,4.47,4.74,19636
FCH,20100921,4.75,4.79,4.57,4.61,10693
FCH,20100922,4.59,4.69,4.47,4.47,5796
FCH,20100923,4.43,4.52,4.23,4.26,12410
FCH,20100924,4.36,4.51,4.35,4.48,11285
FCH,20100927,4.44,4.50,4.40,4.48,4376
FCH,20100928,4.42,4.61,4.36,4.59,9128
FCH,20100929,4.58,4.63,4.50,4.54,7287
FCH,20100930,4.57,4.69,4.45,4.60,13325
FCH,20101001,4.58,4.66,4.57,4.58,7363
FCH,20101004,4.60,4.67,4.53,4.58,8156
FCH,20101005,4.64,4.76,4.57,4.76,15944
FCH,20101006,4.75,5.02,4.72,4.95,12091
FCH,20101007,5.03,5.05,4.92,5.04,7030
FCH,20101008,5.04,5.33,5.00,5.29,12513
FCH,20101011,5.29,5.49,5.25,5.40,10194
FCH,20101012,5.36,5.38,5.25,5.31,7109
FCH,20101013,5.35,5.54,5.33,5.49,9563
FCH,20101014,5.53,5.62,5.38,5.47,11498
FCH,20101015,5.54,5.60,5.34,5.45,10970
FCH,20101018,5.47,5.81,5.45,5.79,11227
FCH,20101019,5.67,5.86,5.61,5.80,14427
FCH,20101020,5.82,6.11,5.73,6.03,13767
FCH,20101021,6.08,6.14,5.91,5.97,10855
FCH,20101022,6.01,6.03,5.87,6.01,5439
FCH,20101025,6.08,6.09,5.89,5.94,6535
FCH,20101026,5.89,6.00,5.87,5.89,8794
FCH,20101027,5.90,5.97,5.86,5.93,9403
FCH,20101028,6.02,6.20,5.94,6.14,10397
FCH,20101029,6.09,6.15,5.99,6.15,11116
FCH,20101101,6.14,6.34,6.09,6.17,7542
FCH,20101102,6.25,6.36,6.19,6.29,9592
FCH,20101103,6.25,6.27,5.95,6.09,21680
FCH,20101104,6.27,6.48,6.10,6.46,9960
FCH,20101105,6.40,6.75,6.38,6.60,14374
FCH,20101108,6.59,6.61,6.40,6.56,6131
FCH,20101109,6.54,6.60,6.05,6.15,13321
FCH,20101110,6.12,6.29,6.06,6.21,6780
FCH,20101111,6.23,6.29,6.10,6.21,4422
FCH,20101112,6.14,6.25,6.04,6.07,7309
FCH,20101115,6.18,6.22,5.96,5.98,5962
FCH,20101116,5.93,5.94,5.56,5.59,13958
FCH,20101117,5.64,5.83,5.60,5.65,6449
FCH,20101118,5.77,6.06,5.77,5.95,5730
FCH,20101119,5.93,6.11,5.84,6.11,6577
FCH,20101122,6.09,6.26,6.03,6.19,5994
FCH,20101123,6.03,6.10,5.93,6.01,5683
FCH,20101124,6.20,6.30,6.08,6.22,7416
FCH,20101126,6.23,6.43,6.12,6.20,3337
FCH,20101129,6.16,6.24,6.01,6.22,4767
FCH,20101130,6.11,6.14,5.89,5.93,9354
FCH,20101201,6.07,6.23,6.02,6.14,8278
FCH,20101202,6.16,6.46,6.08,6.43,7346
FCH,20101203,6.40,6.52,6.34,6.52,4812
FCH,20101206,6.53,6.60,6.43,6.56,8013
FCH,20101207,6.62,6.79,6.50,6.71,10117
FCH,20101208,6.78,6.84,6.52,6.68,7984
FCH,20101209,6.76,6.88,6.72,6.76,4660
FCH,20101210,6.76,6.86,6.63,6.86,6480
FCH,20101213,6.88,6.94,6.80,6.80,6159
FCH,20101214,6.79,6.85,6.70,6.74,4238
FCH,20101215,6.70,6.90,6.63,6.67,6997
FCH,20101216,6.71,6.89,6.64,6.86,3790
FCH,20101217,6.86,6.88,6.72,6.85,8848
FCH,20101220,6.83,7.05,6.82,7.04,5013
FCH,20101221,7.07,7.26,7.03,7.26,5694
FCH,20101222,7.32,7.48,7.22,7.40,4152
FCH,20101223,7.43,7.45,7.28,7.30,3271
FCH,20101227,6.95,7.21,6.81,7.19,7578
FCH,20101228,7.19,7.24,7.10,7.24,2169
FCH,20101229,7.25,7.34,7.08,7.13,3451
FCH,20101230,7.16,7.20,7.04,7.13,3371
FCH,20101231,7.11,7.20,7.04,7.04,4208
FCH,20110103,7.12,7.45,7.12,7.41,7007
FCH,20110104,7.41,7.53,7.07,7.08,7641
FCH,20110105,7.09,7.80,7.05,7.71,18170
FCH,20110106,7.67,7.72,7.48,7.50,8741
FCH,20110107,7.55,7.60,7.25,7.55,5831
FCH,20110110,7.50,7.86,7.37,7.84,1350200
FCH,20110111,7.87,8.15,7.84,7.94,709500
FCH,20110112,8.04,8.31,8.03,8.08,656400
FCH,20110113,8.04,8.22,8.04,8.12,531100
FCH,20110114,8.11,8.15,8.00,8.08,633500
FCH,20110118,8.04,8.08,7.66,8.02,767100
FCH,20110119,7.99,7.99,7.39,7.47,961500
FCH,20110120,7.34,7.54,7.20,7.20,648000
FCH,20110121,7.29,7.46,7.15,7.25,553300
FCH,20110124,7.26,7.38,7.02,7.12,809300
FCH,20110125,7.06,7.07,6.87,7.00,879700
FCH,20110126,7.04,7.28,6.93,7.27,839400
FCH,20110127,7.28,7.43,7.18,7.36,451200
FCH,20110128,7.37,7.37,6.91,7.01,866000
FCH,20110131,7.00,7.13,6.87,7.03,854600
FCH,20110201,7.13,7.47,7.12,7.40,687700
FCH,20110202,7.36,7.54,7.28,7.50,585300
FCH,20110203,7.47,7.72,7.41,7.69,733300
FCH,20110204,7.70,7.78,7.47,7.72,444900
FCH,20110207,7.72,8.06,7.67,7.85,921700
FCH,20110208,7.81,7.90,7.69,7.90,385200
FCH,20110209,7.83,7.89,7.71,7.81,497100
FCH,20110210,7.70,7.84,7.70,7.73,387000
FCH,20110211,7.69,7.90,7.69,7.90,288300
FCH,20110214,7.92,7.92,7.67,7.69,370300
FCH,20110215,7.65,7.71,7.54,7.59,436600
FCH,20110216,7.65,7.92,7.60,7.92,472100
FCH,20110217,7.87,8.05,7.84,7.98,487400
FCH,20110218,8.00,8.01,7.63,7.74,578900
FCH,20110222,7.59,7.82,7.43,7.51,597500
FCH,20110223,7.49,7.52,7.13,7.24,802700
FCH,20110224,7.35,7.40,6.93,7.15,1051000
FCH,20110225,7.25,7.59,7.25,7.58,721900
FCH,20110228,7.64,7.68,7.42,7.57,626700
FCH,20110301,7.59,7.61,7.20,7.26,672200
FCH,20110302,7.23,7.36,7.13,7.23,484900
FCH,20110303,7.36,7.45,7.25,7.44,470200
FCH,20110304,7.46,7.47,7.19,7.24,454500
FCH,20110307,7.29,7.31,6.81,7.03,776300
FCH,20110308,7.04,7.20,6.97,7.01,672500
FCH,20110309,7.02,7.11,6.98,7.10,360400
FCH,20110310,6.95,7.01,6.73,6.77,859600
FCH,20110311,6.72,6.77,6.56,6.75,1111600
FCH,20110314,6.64,6.68,6.44,6.55,518900
FCH,20110315,6.27,6.55,6.27,6.46,534900
FCH,20110316,6.46,6.46,6.14,6.30,916400
FCH,20110317,6.44,6.50,6.18,6.27,616000
FCH,20110318,6.38,6.62,6.28,6.55,1424000
FCH,20110321,6.67,6.72,6.60,6.64,444900
FCH,20110322,6.68,6.75,6.47,6.58,360800
FCH,20110323,6.54,6.54,6.45,6.48,525600
FCH,20110324,6.56,6.63,6.46,6.60,336400
FCH,20110325,6.68,6.84,6.63,6.65,404500
FCH,20110328,6.70,6.74,6.46,6.46,435200
FCH,20110329,5.84,5.93,5.76,5.82,17844100
FCH,20110330,5.91,6.06,5.86,6.04,5583500
FCH,20110331,6.05,6.23,5.95,6.13,4662300
FCH,20110401,6.19,6.19,6.02,6.08,1484400
FCH,20110404,6.10,6.13,6.02,6.11,1651100
FCH,20110405,6.11,6.28,6.04,6.26,2574200
FCH,20110406,6.29,6.37,6.24,6.33,2035600
FCH,20110407,6.37,6.39,6.18,6.33,1354600
FCH,20110408,6.35,6.40,6.27,6.39,2054600
FCH,20110411,6.36,6.40,6.17,6.30,1360600
FCH,20110412,6.19,6.25,6.06,6.20,1658600
FCH,20110413,6.20,6.24,6.01,6.01,1139100
FCH,20110414,5.98,6.05,5.93,6.00,1289500
FCH,20110415,6.01,6.16,5.93,6.15,996600
FCH,20110418,6.03,6.11,5.89,6.03,1368200
FCH,20110419,6.08,6.24,6.03,6.23,1100200
FCH,20110420,6.27,6.42,6.26,6.38,1721100
FCH,20110421,6.45,6.49,6.30,6.46,1013700
FCH,20110425,6.43,6.60,6.43,6.49,864800
FCH,20110426,6.51,6.55,6.28,6.46,1043800
