FFIV,20090115,22.22,23.47,22.09,23.20,23626
FFIV,20090116,22.58,23.39,22.03,22.55,31582
FFIV,20090120,22.29,22.58,21.47,21.51,25764
FFIV,20090121,21.65,22.41,21.10,22.00,42919
FFIV,20090122,22.57,23.44,22.10,22.85,46628
FFIV,20090123,22.36,23.59,22.06,23.25,31072
FFIV,20090126,23.41,24.51,23.33,23.80,32652
FFIV,20090127,23.76,24.20,23.05,23.37,23457
FFIV,20090128,23.58,24.00,23.42,23.80,12498
FFIV,20090129,23.25,23.49,22.76,22.89,15300
FFIV,20090130,23.07,23.22,22.11,22.17,15498
FFIV,20090202,21.39,22.46,21.36,22.12,22409
FFIV,20090203,22.17,22.17,21.35,22.00,16661
FFIV,20090204,22.08,22.85,21.81,22.27,19148
FFIV,20090205,21.87,23.18,21.66,23.00,17683
FFIV,20090206,22.92,23.85,22.77,23.66,18412
FFIV,20090209,23.39,23.92,23.21,23.87,11624
FFIV,20090210,23.60,23.92,22.66,22.78,14731
FFIV,20090211,22.79,23.29,22.08,22.35,14879
FFIV,20090212,22.35,22.50,21.84,22.36,20006
FFIV,20090213,22.44,22.85,22.01,22.18,13035
FFIV,20090217,21.77,21.90,21.22,21.29,12704
FFIV,20090218,21.36,21.61,20.77,20.95,11305
FFIV,20090219,21.16,21.35,20.34,20.37,12118
FFIV,20090220,20.19,20.34,19.52,19.95,17690
FFIV,20090223,19.85,20.20,19.14,19.19,16624
FFIV,20090224,19.28,20.45,19.25,20.31,22431
FFIV,20090225,20.17,21.23,19.88,20.86,19349
FFIV,20090226,21.17,21.74,20.36,20.41,21421
FFIV,20090227,19.93,20.55,19.77,20.00,18987
FFIV,20090302,19.80,20.03,19.26,19.56,19069
FFIV,20090303,19.65,20.26,19.32,19.95,25597
FFIV,20090304,20.09,20.36,19.91,19.98,20751
FFIV,20090305,19.69,19.99,19.18,19.25,17345
FFIV,20090306,19.50,19.55,18.50,18.75,22609
FFIV,20090309,18.61,19.10,18.41,18.57,20059
FFIV,20090310,18.96,19.93,18.92,19.93,15953
FFIV,20090311,19.89,20.39,19.67,20.01,13915
FFIV,20090312,19.93,20.73,19.88,20.60,21077
FFIV,20090313,20.68,20.84,19.86,20.02,20625
FFIV,20090316,20.26,20.32,19.22,19.24,16667
FFIV,20090317,19.33,20.04,19.16,20.02,14537
FFIV,20090318,19.96,21.29,19.76,20.76,28814
FFIV,20090319,20.81,21.05,20.39,20.92,19522
FFIV,20090320,20.96,21.05,20.46,20.61,23736
FFIV,20090323,21.09,21.65,20.42,21.62,26341
FFIV,20090324,21.23,21.50,20.93,21.08,11484
FFIV,20090325,21.16,21.49,20.39,20.98,13193
FFIV,20090326,21.05,22.12,20.75,21.87,26572
FFIV,20090327,21.49,22.59,21.47,22.24,24055
FFIV,20090330,21.60,21.65,20.73,21.25,27001
FFIV,20090331,21.77,21.77,20.80,20.95,29111
FFIV,20090401,20.86,21.58,20.51,21.49,16549
FFIV,20090402,21.75,22.76,21.29,22.02,20979
FFIV,20090403,22.12,23.25,22.12,23.10,23013
FFIV,20090406,22.98,23.22,22.63,23.09,11688
FFIV,20090407,22.66,22.88,22.36,22.54,20081
FFIV,20090408,24.15,24.99,23.75,24.53,45063
FFIV,20090409,24.78,27.01,24.67,26.90,37000
FFIV,20090413,26.33,26.80,25.83,26.64,26724
FFIV,20090414,26.52,26.80,26.21,26.26,26395
FFIV,20090415,25.86,26.30,25.77,26.18,15658
FFIV,20090416,26.31,26.70,25.77,26.61,16832
FFIV,20090417,26.56,26.95,26.28,26.70,9713
FFIV,20090420,26.89,26.89,25.77,25.85,12108
FFIV,20090421,25.85,27.18,25.85,27.16,20463
FFIV,20090422,26.83,28.20,26.83,26.94,25718
FFIV,20090423,25.01,25.95,24.58,25.76,47590
FFIV,20090424,25.40,26.97,25.25,26.70,26919
FFIV,20090427,26.03,27.07,26.01,26.67,20942
FFIV,20090428,26.50,27.35,26.13,26.98,12406
FFIV,20090429,27.02,28.14,26.83,27.67,16488
FFIV,20090430,27.70,28.49,27.20,27.27,16295
FFIV,20090501,26.90,27.89,26.90,27.83,15952
FFIV,20090504,26.04,28.54,26.04,28.53,18238
FFIV,20090505,28.12,28.67,27.98,28.43,16674
FFIV,20090506,28.41,29.15,28.00,29.07,16780
FFIV,20090507,29.10,29.53,27.99,28.25,14997
FFIV,20090508,28.79,28.88,27.79,27.98,17063
FFIV,20090511,27.97,28.59,27.48,28.22,13063
FFIV,20090512,28.35,28.59,26.79,27.09,17104
FFIV,20090513,26.80,26.88,26.07,26.14,16415
FFIV,20090514,26.44,26.58,25.98,26.30,12525
FFIV,20090515,26.43,26.86,26.28,26.35,11161
FFIV,20090518,25.68,26.90,25.62,26.90,13218
FFIV,20090519,26.32,28.48,26.32,28.13,19132
FFIV,20090520,28.47,30.00,28.24,29.83,36747
FFIV,20090521,28.62,30.16,28.59,30.10,45024
FFIV,20090522,30.19,31.45,30.00,30.05,39598
FFIV,20090526,30.10,30.80,29.66,30.25,30023
FFIV,20090527,30.24,30.98,29.96,30.03,24289
FFIV,20090528,30.42,31.23,30.16,31.15,18760
FFIV,20090529,31.44,31.80,30.80,31.76,20524
FFIV,20090601,31.81,33.40,31.47,33.04,31771
FFIV,20090602,33.00,33.85,32.81,33.36,29006
FFIV,20090603,33.18,33.64,32.42,33.03,20344
FFIV,20090604,33.24,33.67,32.92,33.26,17483
FFIV,20090605,33.28,34.30,33.28,33.94,21740
FFIV,20090608,33.60,33.65,32.51,33.34,32606
FFIV,20090609,33.62,34.02,32.82,33.87,25833
FFIV,20090610,33.82,34.57,32.90,33.28,17367
FFIV,20090611,33.30,36.28,33.22,35.46,41132
FFIV,20090612,35.07,35.50,34.48,35.12,18794
FFIV,20090615,34.62,34.98,34.10,34.47,18582
FFIV,20090616,34.79,35.26,34.03,34.03,20182
FFIV,20090617,34.24,35.21,34.00,34.73,16970
FFIV,20090618,34.74,34.90,33.90,34.10,17570
FFIV,20090619,34.50,34.77,34.00,34.17,15969
FFIV,20090622,34.12,34.41,32.76,32.81,18647
FFIV,20090623,32.96,33.50,32.54,33.28,17185
FFIV,20090624,33.08,33.75,33.08,33.29,13238
FFIV,20090625,33.25,34.51,33.07,34.15,15292
FFIV,20090626,34.15,35.92,34.01,35.71,27206
FFIV,20090629,35.65,35.75,34.91,34.95,15664
FFIV,20090630,35.02,35.60,34.30,34.61,16105
FFIV,20090701,34.84,35.39,34.61,34.71,12876
FFIV,20090702,34.31,34.31,33.52,33.90,12291
FFIV,20090706,33.71,34.23,33.41,34.02,16426
FFIV,20090707,33.78,34.26,32.47,32.54,17216
FFIV,20090708,32.84,33.64,32.55,33.37,24538
FFIV,20090709,33.41,33.74,32.82,33.03,15843
FFIV,20090710,33.02,33.94,32.94,33.52,20301
FFIV,20090713,33.59,34.19,32.67,34.17,19164
FFIV,20090714,34.05,34.40,33.61,34.29,16177
FFIV,20090715,34.49,35.49,34.40,35.07,21013
FFIV,20090716,34.86,35.94,34.62,35.80,17396
FFIV,20090717,35.77,35.80,34.97,35.72,16476
FFIV,20090720,35.75,37.13,35.75,37.04,33231
FFIV,20090721,37.07,37.25,36.02,37.07,30076
FFIV,20090722,36.60,37.01,35.74,35.83,35937
FFIV,20090723,37.92,38.80,36.38,37.52,53920
FFIV,20090724,37.44,37.83,36.59,37.49,20212
FFIV,20090727,37.37,37.66,36.50,37.11,10577
FFIV,20090728,36.94,37.40,36.02,36.56,19011
FFIV,20090729,36.24,37.91,36.24,37.74,19898
FFIV,20090730,37.99,38.28,36.99,37.38,26693
FFIV,20090731,37.18,37.40,36.48,37.12,19599
FFIV,20090803,36.31,38.01,36.24,37.92,17327
FFIV,20090804,37.75,38.59,37.69,38.02,17618
FFIV,20090805,37.84,37.92,36.72,37.49,14516
FFIV,20090806,37.50,37.66,36.36,36.57,10412
FFIV,20090807,36.94,37.14,36.59,36.79,10151
FFIV,20090810,36.75,36.90,35.79,35.93,13354
FFIV,20090811,35.96,36.58,35.85,36.28,13642
FFIV,20090812,36.06,37.03,35.70,36.78,17750
FFIV,20090813,37.01,37.04,35.94,36.25,13741
FFIV,20090814,36.06,36.43,35.43,35.86,13057
FFIV,20090817,35.41,35.49,34.16,34.40,15209
FFIV,20090818,34.51,35.00,34.09,34.94,10911
FFIV,20090819,34.55,35.26,34.32,35.09,9322
FFIV,20090820,35.15,35.64,34.89,35.56,6565
FFIV,20090821,35.83,36.09,34.42,35.02,29345
FFIV,20090824,34.98,35.08,33.70,34.21,32752
FFIV,20090825,34.17,34.66,33.72,34.24,19467
FFIV,20090826,34.29,34.97,33.97,34.05,12578
FFIV,20090827,34.03,34.55,33.43,34.46,12919
FFIV,20090828,34.56,35.35,34.56,35.13,17252
FFIV,20090831,35.00,35.00,34.27,34.50,13630
FFIV,20090901,34.46,35.20,33.82,33.95,13197
FFIV,20090902,33.88,35.48,33.61,35.43,30890
FFIV,20090903,35.82,37.13,35.68,37.08,26636
FFIV,20090904,36.93,37.74,36.85,37.30,11792
FFIV,20090908,37.51,37.93,37.04,37.48,10709
FFIV,20090909,38.20,39.29,38.08,38.84,22151
FFIV,20090910,38.92,39.76,38.58,39.43,12175
FFIV,20090911,39.31,39.45,38.90,38.97,8869
FFIV,20090914,38.70,39.22,38.52,39.03,5953
FFIV,20090915,38.88,39.27,38.58,39.06,10869
FFIV,20090916,39.07,39.27,38.60,38.79,9337
FFIV,20090917,38.62,38.97,38.39,38.65,8764
FFIV,20090918,38.84,39.35,38.59,38.89,15830
FFIV,20090921,38.81,39.33,38.57,39.22,8614
FFIV,20090922,39.41,39.78,38.96,39.32,7662
FFIV,20090923,39.50,39.93,38.97,38.99,10493
FFIV,20090924,39.16,39.45,37.89,38.39,15473
FFIV,20090925,38.35,38.78,38.07,38.50,8054
FFIV,20090928,38.73,39.67,38.34,39.23,8293
FFIV,20090929,39.20,39.47,38.35,38.49,10761
FFIV,20090930,38.71,40.17,37.62,39.63,28090
FFIV,20091001,39.62,39.65,38.54,38.55,15314
FFIV,20091002,38.49,39.52,37.93,38.58,17670
FFIV,20091005,38.76,39.55,38.68,39.25,11690
FFIV,20091006,39.41,40.04,39.26,40.00,12735
FFIV,20091007,39.74,40.66,39.63,40.63,14553
FFIV,20091008,40.70,40.94,40.47,40.66,13036
FFIV,20091009,40.49,41.41,40.40,41.29,10678
FFIV,20091012,41.20,42.07,41.09,41.68,12570
FFIV,20091013,42.40,42.98,41.83,42.65,21831
FFIV,20091014,43.46,44.19,42.75,43.94,26646
FFIV,20091015,43.70,43.74,42.97,43.58,11927
FFIV,20091016,42.41,42.85,41.82,42.63,21818
FFIV,20091019,42.54,43.27,42.29,42.95,13196
FFIV,20091020,42.86,43.13,41.95,42.13,10995
FFIV,20091021,42.01,42.30,41.48,41.53,27231
FFIV,20091022,46.28,48.50,44.31,48.00,85586
FFIV,20091023,48.20,48.73,47.57,48.22,21619
FFIV,20091026,48.00,49.00,47.55,47.67,19599
FFIV,20091027,47.66,47.76,45.73,45.98,16024
FFIV,20091028,45.62,46.54,45.33,45.34,14571
FFIV,20091029,45.71,46.64,45.28,46.49,13885
FFIV,20091030,46.48,46.79,44.76,44.89,15189
FFIV,20091102,43.50,45.20,43.50,44.79,22709
FFIV,20091103,44.06,45.87,44.06,45.76,13970
FFIV,20091104,45.96,46.00,45.12,45.34,14897
FFIV,20091105,45.73,47.20,45.73,47.19,16695
FFIV,20091106,46.74,48.00,46.63,47.12,11504
FFIV,20091109,47.28,48.15,47.19,47.88,7510
FFIV,20091110,47.50,48.21,47.22,47.31,7955
FFIV,20091111,47.80,48.42,47.28,47.83,7507
FFIV,20091112,46.11,47.93,46.11,47.28,9170
FFIV,20091113,47.58,49.48,47.00,49.26,19248
FFIV,20091116,49.76,50.45,49.50,49.88,15440
FFIV,20091117,49.88,50.61,49.02,49.76,12280
FFIV,20091118,49.51,49.64,48.68,49.30,10398
FFIV,20091119,49.15,49.20,47.91,48.37,8026
FFIV,20091120,47.13,47.30,46.10,46.91,13872
FFIV,20091123,47.29,48.29,47.29,48.27,8641
FFIV,20091124,48.20,48.25,47.41,48.03,9261
FFIV,20091125,48.12,48.69,48.12,48.46,5286
FFIV,20091127,47.23,48.23,46.69,47.73,4481
FFIV,20091130,47.65,48.05,46.83,47.03,24302
FFIV,20091201,47.41,49.28,47.39,49.14,13676
FFIV,20091202,49.08,50.00,48.82,49.17,13912
FFIV,20091203,49.20,49.99,48.91,49.18,9053
FFIV,20091204,49.74,50.85,49.19,50.64,14706
FFIV,20091207,50.61,52.30,50.27,51.72,17332
FFIV,20091208,51.49,52.17,51.09,51.30,11465
FFIV,20091209,51.10,52.20,50.34,52.08,13892
FFIV,20091210,52.20,53.07,52.09,52.56,12766
FFIV,20091211,51.34,51.55,49.87,50.05,25966
FFIV,20091214,50.49,51.60,50.25,51.51,13068
FFIV,20091215,51.40,51.50,50.78,51.02,7296
FFIV,20091216,51.45,51.96,50.19,50.31,12085
FFIV,20091217,49.98,50.36,49.50,50.02,5828
FFIV,20091218,50.34,50.48,49.22,49.95,12161
FFIV,20091221,50.15,52.40,50.15,51.84,12763
FFIV,20091222,51.84,52.58,51.49,52.36,7810
FFIV,20091223,52.15,52.79,52.11,52.59,7061
FFIV,20091224,52.59,52.87,52.40,52.45,2207
FFIV,20091228,52.74,52.84,52.19,52.34,5272
FFIV,20091229,52.37,52.37,51.93,52.06,5512
FFIV,20091230,51.87,53.05,51.84,52.97,4872
FFIV,20091231,53.10,53.59,52.60,52.97,6725
FFIV,20100104,53.35,54.47,53.35,53.98,6748
FFIV,20100105,53.28,53.49,51.57,52.52,21433
FFIV,20100106,52.20,53.32,52.20,52.76,14050
FFIV,20100107,52.75,53.05,51.60,52.23,9546
FFIV,20100108,52.17,52.96,51.88,52.96,4576
FFIV,20100111,53.57,53.60,52.19,52.45,5145
FFIV,20100112,52.14,52.49,50.40,51.02,9562
FFIV,20100113,51.02,52.71,51.02,52.39,8039
FFIV,20100114,52.30,53.00,51.66,52.14,5860
FFIV,20100115,51.93,52.80,51.13,51.39,6848
FFIV,20100119,51.48,52.73,51.25,52.33,9438
FFIV,20100120,52.21,53.11,51.50,53.01,15813
FFIV,20100121,55.38,56.19,53.07,54.61,37925
FFIV,20100122,54.72,54.94,51.90,52.28,17346
FFIV,20100125,52.63,53.70,51.86,53.48,13690
FFIV,20100126,53.26,53.59,52.27,52.39,14622
FFIV,20100127,52.26,52.65,51.10,51.63,14067
FFIV,20100128,51.52,51.73,49.64,50.72,21517
FFIV,20100129,51.00,51.49,49.27,49.43,15325
FFIV,20100201,49.53,50.41,49.33,50.39,10639
FFIV,20100202,48.41,50.82,47.84,50.48,17521
FFIV,20100203,50.25,51.47,49.77,50.46,14196
FFIV,20100204,49.93,50.22,48.31,48.36,12358
FFIV,20100205,48.94,48.94,47.11,48.43,16615
FFIV,20100208,48.51,49.69,48.49,48.52,10219
FFIV,20100209,49.11,50.46,49.11,50.25,14919
FFIV,20100210,49.98,50.43,49.64,49.96,9410
FFIV,20100211,49.85,53.80,49.76,53.71,24963
FFIV,20100212,53.25,53.97,52.20,53.35,15358
FFIV,20100216,53.68,53.92,52.87,53.57,7070
FFIV,20100217,53.43,53.94,52.95,53.77,10458
FFIV,20100218,53.60,54.79,53.09,54.68,9649
FFIV,20100219,54.54,55.57,54.37,54.94,10793
FFIV,20100222,55.34,55.50,54.62,54.90,7424
FFIV,20100223,54.44,54.89,53.51,54.33,6273
FFIV,20100224,54.38,56.16,53.98,55.57,10870
FFIV,20100225,54.81,55.38,54.12,55.37,8743
FFIV,20100226,55.37,55.84,55.00,55.80,9957
FFIV,20100301,56.11,58.48,56.00,58.25,21443
FFIV,20100302,58.41,60.23,58.29,59.69,25863
FFIV,20100303,59.75,61.93,59.70,61.32,29576
FFIV,20100304,61.27,61.80,60.16,60.70,12436
FFIV,20100305,61.17,61.66,60.99,61.22,11631
FFIV,20100308,61.44,62.06,60.77,60.88,13518
FFIV,20100309,60.96,62.45,60.62,61.66,14113
FFIV,20100310,61.89,63.48,61.56,62.67,15030
FFIV,20100311,62.95,63.74,62.00,63.74,14328
FFIV,20100312,63.99,64.00,62.37,63.10,10787
FFIV,20100315,62.99,63.27,62.25,63.07,6473
FFIV,20100316,63.04,63.17,62.15,62.51,8651
FFIV,20100317,62.82,64.89,62.55,64.60,14544
FFIV,20100318,64.86,65.10,63.80,64.31,8272
FFIV,20100319,63.28,63.29,60.86,61.75,22314
FFIV,20100322,61.66,63.03,61.03,62.78,8256
FFIV,20100323,62.88,63.68,62.14,63.60,8654
FFIV,20100324,63.50,64.26,63.00,63.99,11131
FFIV,20100325,64.51,65.10,62.65,62.65,12376
FFIV,20100326,62.91,63.72,61.98,62.56,7234
FFIV,20100329,62.70,63.05,62.20,62.62,5581
FFIV,20100330,62.76,63.29,61.89,62.47,6669
FFIV,20100331,62.19,62.89,61.51,61.63,7403
FFIV,20100401,61.69,63.45,61.44,62.14,10213
FFIV,20100405,62.70,65.69,62.70,65.29,12416
FFIV,20100406,65.26,65.40,63.95,65.12,11450
FFIV,20100407,65.29,65.53,63.96,64.56,8345
FFIV,20100408,64.11,64.36,62.25,63.92,12766
FFIV,20100409,63.86,64.92,63.48,64.76,7645
FFIV,20100412,64.93,65.17,63.68,63.99,9771
FFIV,20100413,64.07,65.45,63.87,65.21,15930
FFIV,20100414,65.31,67.69,65.31,67.34,13786
FFIV,20100415,67.40,67.77,66.31,67.13,9276
FFIV,20100416,66.90,67.25,65.38,66.25,9166
FFIV,20100419,66.37,66.67,64.00,65.76,12497
FFIV,20100420,66.01,66.65,65.51,65.96,10467
FFIV,20100421,65.84,67.28,65.60,66.96,17369
FFIV,20100422,65.17,71.80,65.02,71.79,42944
FFIV,20100423,71.67,72.60,70.60,71.28,17195
FFIV,20100426,71.30,71.92,70.26,70.41,8866
FFIV,20100427,70.00,70.84,68.47,69.61,15066
FFIV,20100428,70.10,70.38,68.48,69.57,7409
FFIV,20100429,70.36,71.52,69.29,70.39,12977
FFIV,20100430,70.63,71.30,68.40,68.43,15003
FFIV,20100503,67.33,71.21,67.33,71.08,15998
FFIV,20100504,69.54,70.25,68.95,69.33,12244
FFIV,20100505,68.36,69.96,67.59,69.23,14613
FFIV,20100506,68.93,69.69,60.50,65.74,22807
FFIV,20100507,64.98,65.73,60.72,63.33,23835
FFIV,20100510,66.50,68.57,66.00,68.57,16942
FFIV,20100511,67.76,70.99,67.53,69.79,17380
FFIV,20100512,70.23,73.15,70.09,72.85,16765
FFIV,20100513,72.39,74.00,70.34,70.69,15079
FFIV,20100514,69.59,70.33,68.59,70.00,12225
FFIV,20100517,70.03,71.40,67.83,69.61,14180
FFIV,20100518,70.57,71.14,68.40,68.87,9015
FFIV,20100519,68.50,69.61,67.05,68.65,8867
FFIV,20100520,66.36,66.81,64.10,64.73,19413
FFIV,20100521,64.08,67.54,62.99,66.90,22294
FFIV,20100524,66.91,68.46,66.53,67.32,13543
FFIV,20100525,65.38,68.62,63.31,68.59,22419
FFIV,20100526,69.72,71.62,68.54,68.69,50281
FFIV,20100527,70.39,73.24,70.39,73.22,20771
FFIV,20100528,72.59,72.59,69.87,70.33,22481
FFIV,20100601,69.57,70.55,67.65,67.76,16662
FFIV,20100602,68.31,69.41,67.60,69.28,14376
FFIV,20100603,70.03,72.12,69.90,71.96,19665
FFIV,20100604,70.74,71.39,68.64,69.01,18073
FFIV,20100607,69.45,70.38,66.82,67.05,15529
FFIV,20100608,67.31,68.00,65.00,66.83,18510
FFIV,20100609,66.80,68.42,64.39,66.81,27035
FFIV,20100610,68.21,68.99,66.79,68.10,8992
FFIV,20100611,66.96,69.95,66.92,69.95,13486
FFIV,20100614,71.06,71.83,70.01,70.47,12375
FFIV,20100615,71.20,73.29,70.88,72.97,10416
FFIV,20100616,72.01,75.24,72.01,74.69,25059
FFIV,20100617,75.35,75.93,72.77,73.42,16148
FFIV,20100618,73.22,74.62,72.94,73.81,15912
FFIV,20100621,74.99,77.10,73.80,74.22,18712
FFIV,20100622,74.44,76.00,73.03,73.17,14787
FFIV,20100623,72.66,75.24,72.32,74.36,13808
FFIV,20100624,73.85,74.09,71.53,71.98,14801
FFIV,20100625,72.10,72.30,70.10,71.89,14121
FFIV,20100628,72.56,74.48,72.21,73.51,12003
FFIV,20100629,71.94,71.97,68.83,69.09,18525
FFIV,20100630,69.10,70.52,67.72,68.57,20862
FFIV,20100701,68.56,69.91,66.79,69.60,15253
FFIV,20100702,69.68,69.98,67.97,68.65,12218
FFIV,20100706,70.03,72.46,69.26,70.14,15811
FFIV,20100707,70.96,75.19,70.50,75.12,21385
FFIV,20100708,75.60,76.16,74.16,75.53,17687
FFIV,20100709,75.48,75.90,74.40,75.23,7998
FFIV,20100712,75.13,77.96,74.96,76.67,13733
FFIV,20100713,77.59,77.70,74.93,76.86,17381
FFIV,20100714,77.07,79.21,77.04,77.87,12600
FFIV,20100715,78.24,79.00,76.91,78.70,8674
FFIV,20100716,77.94,78.52,76.29,76.37,13844
FFIV,20100719,75.09,77.03,75.02,76.25,18258
FFIV,20100720,75.00,77.00,73.76,76.79,12348
FFIV,20100721,77.15,77.74,72.48,73.11,32021
FFIV,20100722,80.02,83.85,79.40,83.40,55332
FFIV,20100723,83.06,87.35,82.74,87.21,29536
FFIV,20100726,87.02,87.69,85.81,87.48,17859
FFIV,20100727,87.84,87.97,85.16,86.09,14895
FFIV,20100728,85.48,87.21,84.60,85.78,9783
FFIV,20100729,86.60,87.70,84.35,86.53,13130
FFIV,20100730,85.27,88.34,84.51,87.83,22131
FFIV,20100802,87.70,90.25,87.01,88.60,21909
FFIV,20100803,88.44,89.27,87.51,88.59,10973
FFIV,20100804,88.51,90.00,87.87,89.82,12117
FFIV,20100805,89.64,90.83,88.37,88.95,11254
FFIV,20100806,87.49,89.50,86.72,88.48,12624
FFIV,20100809,89.37,91.97,88.75,91.41,17423
FFIV,20100810,90.84,92.70,89.99,92.23,12060
FFIV,20100811,89.61,89.94,86.01,86.82,22727
FFIV,20100812,82.59,84.68,80.00,82.77,38587
FFIV,20100813,82.83,84.96,82.27,83.88,14513
FFIV,20100816,82.85,85.19,82.34,83.89,8068
FFIV,20100817,84.91,89.77,84.70,87.91,20038
FFIV,20100818,88.23,89.52,87.89,88.86,17814
FFIV,20100819,88.46,89.60,88.12,88.73,11658
FFIV,20100820,88.24,91.63,88.08,91.04,14202
FFIV,20100823,90.73,91.60,88.76,89.27,12715
FFIV,20100824,87.51,87.64,85.57,86.27,14595
FFIV,20100825,85.39,87.08,84.01,86.89,16930
FFIV,20100826,87.67,89.60,87.35,87.66,12170
FFIV,20100827,88.21,89.89,86.00,89.02,12036
FFIV,20100830,89.00,90.97,89.00,89.24,12033
FFIV,20100831,88.49,89.21,86.46,87.43,13850
FFIV,20100901,89.85,91.17,89.21,90.74,11749
FFIV,20100902,91.18,91.69,89.83,91.11,16125
FFIV,20100903,92.50,94.48,92.00,93.80,12110
FFIV,20100907,93.40,94.43,92.25,93.52,10290
FFIV,20100908,94.00,97.05,93.56,96.36,21805
FFIV,20100909,97.01,98.01,94.70,95.73,20769
FFIV,20100910,95.63,95.63,92.75,94.15,14697
FFIV,20100913,96.31,99.72,95.91,98.87,19920
FFIV,20100914,98.35,100.17,97.57,98.66,18011
FFIV,20100915,98.99,99.73,97.20,99.14,13241
FFIV,20100916,99.31,100.92,98.00,100.52,14535
FFIV,20100917,100.97,101.45,99.33,100.98,13445
FFIV,20100920,101.80,105.20,100.99,104.64,17810
FFIV,20100921,104.90,104.91,102.03,103.38,14536
FFIV,20100922,102.90,103.82,99.61,100.49,16785
FFIV,20100923,99.07,104.10,99.04,102.49,16729
FFIV,20100924,104.24,105.72,102.81,103.07,14734
FFIV,20100927,103.29,104.10,101.19,103.23,13290
FFIV,20100928,103.80,105.50,100.80,104.06,18881
FFIV,20100929,104.12,105.50,102.96,104.41,13180
FFIV,20100930,105.09,107.30,102.56,103.81,25830
FFIV,20101001,104.66,105.27,101.65,103.29,17929
FFIV,20101004,103.60,109.00,103.16,105.89,30645
FFIV,20101005,107.85,112.05,107.51,111.50,26882
FFIV,20101006,108.50,109.80,96.87,97.54,76166
FFIV,20101007,98.20,100.88,94.10,98.98,58009
FFIV,20101008,94.18,95.25,90.12,94.69,79413
FFIV,20101011,95.63,96.14,90.63,91.18,40876
FFIV,20101012,91.74,96.68,90.59,95.61,36437
FFIV,20101013,96.62,97.69,95.00,96.74,28965
FFIV,20101014,97.40,97.43,95.00,95.66,15855
FFIV,20101015,96.39,97.75,94.83,97.20,16371
FFIV,20101018,97.02,97.45,91.57,93.17,33548
FFIV,20101019,90.92,92.47,89.05,90.99,33800
FFIV,20101020,90.80,93.26,89.05,91.93,23566
FFIV,20101021,92.42,94.10,91.52,92.82,16431
FFIV,20101022,93.23,98.54,93.01,98.45,36726
FFIV,20101025,100.00,101.95,99.95,100.83,30325
FFIV,20101026,100.32,103.75,99.27,102.54,53835
FFIV,20101027,111.68,118.99,111.53,117.58,99553
FFIV,20101028,118.01,118.47,114.60,116.78,30245
FFIV,20101029,116.77,119.88,116.53,117.70,22087
FFIV,20101101,117.99,118.24,115.30,116.37,16551
FFIV,20101102,115.99,118.37,115.19,117.35,15457
FFIV,20101103,116.75,122.96,116.51,122.92,27658
FFIV,20101104,124.68,125.39,120.38,120.89,30338
FFIV,20101105,121.80,124.22,119.32,123.00,20959
FFIV,20101108,122.59,124.31,120.85,122.82,12823
FFIV,20101109,122.94,124.00,119.84,120.42,11835
FFIV,20101110,120.38,124.85,119.77,122.89,22062
FFIV,20101111,119.35,123.99,117.43,123.70,27019
FFIV,20101112,123.21,127.95,121.11,123.86,29804
FFIV,20101115,124.00,124.68,118.91,119.55,22657
FFIV,20101116,118.43,120.30,115.37,115.95,26400
FFIV,20101117,116.52,118.90,112.10,115.01,37710
FFIV,20101118,118.20,121.90,117.73,120.51,24792
FFIV,20101119,121.18,123.63,119.70,122.69,20766
FFIV,20101122,122.83,132.20,122.13,131.94,36679
FFIV,20101123,129.36,131.50,127.21,129.14,23057
FFIV,20101124,132.25,133.70,131.09,132.55,21062
FFIV,20101126,130.73,135.23,130.56,135.04,12255
FFIV,20101129,134.62,136.00,131.93,134.18,18584
FFIV,20101130,132.43,133.00,131.26,131.88,19687
FFIV,20101201,134.23,139.88,134.11,138.96,37975
FFIV,20101202,138.66,139.59,135.84,137.15,26364
FFIV,20101203,135.96,141.62,135.52,139.28,23204
FFIV,20101206,139.28,140.58,137.61,139.80,15527
FFIV,20101207,142.11,143.00,137.32,137.61,16386
FFIV,20101208,138.36,139.17,135.72,137.17,19123
FFIV,20101209,138.30,139.33,136.00,138.92,14472
FFIV,20101210,142.69,143.55,138.68,143.09,42630
FFIV,20101213,143.60,143.75,138.71,139.06,23323
FFIV,20101214,140.20,140.22,132.82,133.65,34742
FFIV,20101215,133.05,135.99,130.13,130.38,37670
FFIV,20101216,131.24,134.38,129.59,134.07,31058
FFIV,20101217,135.01,138.24,132.63,136.01,177484
FFIV,20101220,136.77,136.99,133.34,135.60,20894
FFIV,20101221,136.25,136.99,133.93,136.64,17266
FFIV,20101222,136.92,137.00,134.83,136.17,13740
FFIV,20101223,136.08,136.25,134.60,135.60,8117
FFIV,20101227,135.10,135.70,133.02,134.90,8012
FFIV,20101228,135.08,135.63,133.05,133.38,11941
FFIV,20101229,133.80,134.65,132.02,133.68,8227
FFIV,20101230,133.47,133.80,132.25,132.41,8569
FFIV,20101231,132.35,132.44,129.14,130.16,10172
FFIV,20110103,132.89,137.69,132.77,134.33,23073
FFIV,20110104,135.19,135.96,131.59,132.07,14423
FFIV,20110105,131.80,137.30,131.80,137.29,22963
FFIV,20110106,137.89,139.20,135.76,138.07,19955
FFIV,20110107,138.15,139.00,135.50,138.35,13032
FFIV,20110110,138.17,143.55,138.07,142.69,2103500
FFIV,20110111,144.00,144.10,141.10,142.65,1765900
FFIV,20110112,143.85,143.85,141.62,142.61,1226900
FFIV,20110113,142.08,145.76,141.37,143.95,1776100
FFIV,20110114,144.47,145.00,141.45,144.17,1771700
FFIV,20110118,144.42,145.73,139.77,141.78,2875600
FFIV,20110119,141.89,143.60,135.60,138.78,7365100
FFIV,20110120,111.19,114.75,106.10,109.15,23329500
FFIV,20110121,111.73,113.82,109.66,109.97,9433700
FFIV,20110124,108.86,110.46,104.80,106.56,7223700
FFIV,20110125,104.75,107.95,102.66,107.53,5672800
FFIV,20110126,108.78,110.00,107.06,108.81,3997600
FFIV,20110127,109.59,112.50,109.49,110.94,3290000
FFIV,20110128,112.82,113.18,107.80,109.58,4302900
FFIV,20110131,110.24,110.75,107.91,108.38,2481400
FFIV,20110201,109.56,111.00,108.75,109.96,2220300
FFIV,20110202,107.81,113.74,107.81,113.51,3729700
FFIV,20110203,113.85,118.65,113.85,118.21,5873500
FFIV,20110204,120.15,123.90,119.50,123.64,7081300
FFIV,20110207,124.43,127.96,123.41,124.23,7396200
FFIV,20110208,124.00,125.35,122.25,123.52,3717400
FFIV,20110209,123.14,124.45,121.07,123.66,3082000
FFIV,20110210,121.44,127.95,121.00,127.00,4684500
FFIV,20110211,127.10,128.90,126.11,126.62,2632100
FFIV,20110214,126.74,129.00,126.70,128.42,2597200
FFIV,20110215,129.48,129.92,125.72,126.37,3113400
FFIV,20110216,127.21,127.36,124.76,125.68,2900300
FFIV,20110217,124.93,125.00,122.75,122.93,2624500
FFIV,20110218,123.66,123.69,120.28,120.85,2612800
FFIV,20110222,118.59,118.74,115.00,115.11,2588800
FFIV,20110223,114.52,116.47,110.69,111.99,3293200
FFIV,20110224,112.06,117.30,110.74,117.06,3312700
FFIV,20110225,121.00,122.65,118.64,120.18,2688500
FFIV,20110228,120.66,120.96,116.58,118.01,2072100
FFIV,20110301,118.58,118.60,112.46,113.38,3649600
FFIV,20110302,112.68,116.50,112.63,113.20,3002500
FFIV,20110303,115.35,116.48,113.75,114.35,3044300
FFIV,20110304,114.61,115.50,112.55,113.82,2132300
FFIV,20110307,114.16,114.53,108.00,108.70,4258000
FFIV,20110308,108.44,112.43,108.27,110.61,2598800
FFIV,20110309,109.44,109.62,106.86,108.17,2649800
FFIV,20110310,106.39,111.33,105.13,110.06,3873300
FFIV,20110311,109.30,111.41,108.12,111.00,2201200
FFIV,20110314,110.09,112.20,108.00,108.97,2347200
FFIV,20110315,105.21,111.02,104.90,110.67,3377500
FFIV,20110316,111.22,112.88,106.56,106.65,3754700
FFIV,20110317,108.63,108.87,103.00,103.36,3956100
FFIV,20110318,104.85,105.22,96.91,96.92,8601600
FFIV,20110321,98.66,98.66,95.21,95.60,7304600
FFIV,20110322,95.17,96.60,91.10,91.67,10290500
FFIV,20110323,91.86,96.42,91.86,95.67,5887000
FFIV,20110324,96.12,96.71,93.45,94.88,4328400
FFIV,20110325,95.00,96.96,95.00,95.67,3509200
FFIV,20110328,96.60,96.85,93.69,93.76,2573700
FFIV,20110329,93.79,98.13,93.41,97.40,3785100
FFIV,20110330,98.51,101.85,98.51,100.70,6157100
FFIV,20110331,101.00,103.00,100.02,102.57,5067600
FFIV,20110401,100.58,100.72,93.41,93.56,12305300
FFIV,20110404,94.24,95.54,93.60,94.15,4060200
FFIV,20110405,94.33,94.67,93.23,93.35,2844100
FFIV,20110406,93.95,95.37,93.04,94.39,3332200
FFIV,20110407,94.20,95.20,93.00,94.61,3550300
FFIV,20110408,96.08,96.45,94.48,95.18,2758000
FFIV,20110411,94.92,95.98,93.76,94.50,2102200
FFIV,20110412,93.59,94.29,92.03,93.77,2590500
FFIV,20110413,96.73,97.73,95.38,96.70,4228600
FFIV,20110414,95.80,96.45,94.30,96.17,2401800
FFIV,20110415,96.23,96.23,94.57,94.69,2313500
FFIV,20110418,94.03,94.03,92.20,93.53,2121900
FFIV,20110419,93.30,94.37,92.33,92.92,2503000
FFIV,20110420,95.73,99.80,94.41,99.74,6343600
FFIV,20110421,110.89,111.63,105.29,106.87,9923800
FFIV,20110425,106.39,109.15,105.52,105.71,3251500
FFIV,20110426,105.99,106.00,102.64,103.97,3386500
