FII,20090115,18.52,18.76,17.38,18.26,18164
FII,20090116,18.93,18.93,17.90,18.62,15280
FII,20090120,17.95,18.40,16.76,16.86,25845
FII,20090121,17.15,18.05,16.24,18.01,28877
FII,20090122,18.47,18.62,17.50,17.80,25762
FII,20090123,17.15,19.81,16.10,19.48,29224
FII,20090126,19.48,20.11,18.67,19.13,24449
FII,20090127,19.20,19.52,18.82,19.43,13476
FII,20090128,20.57,21.52,20.17,21.51,23210
FII,20090129,20.96,21.35,20.02,20.07,16984
FII,20090130,19.91,20.53,19.22,19.52,16147
FII,20090202,19.29,20.18,18.92,19.98,18757
FII,20090203,20.11,20.31,19.75,19.99,15369
FII,20090204,19.95,21.15,19.84,20.70,17782
FII,20090205,20.55,21.86,20.42,21.39,20255
FII,20090206,21.39,22.93,21.33,22.61,21507
FII,20090209,22.81,22.92,22.11,22.57,14685
FII,20090210,21.57,22.57,20.10,20.42,35518
FII,20090211,20.49,21.37,20.49,21.20,21427
FII,20090212,21.09,21.48,19.77,21.31,35791
FII,20090213,21.08,21.97,20.73,21.52,19757
FII,20090217,20.25,21.08,20.20,20.60,27197
FII,20090218,20.78,21.28,20.30,20.77,28563
FII,20090219,21.02,21.39,20.00,20.04,31304
FII,20090220,19.77,20.62,19.50,20.22,44320
FII,20090223,20.56,20.76,19.40,19.42,31654
FII,20090224,19.50,21.09,19.25,21.02,22009
FII,20090225,20.84,21.57,20.20,20.88,18958
FII,20090226,21.21,21.39,19.93,20.15,13143
FII,20090227,18.99,19.84,18.25,18.86,31137
FII,20090302,18.29,18.73,17.50,17.58,22290
FII,20090303,17.85,18.17,17.35,17.56,26191
FII,20090304,17.82,18.73,17.28,18.24,23492
FII,20090305,18.46,18.49,16.90,17.14,22473
FII,20090306,17.30,17.56,16.18,16.80,28228
FII,20090309,16.60,17.50,16.54,17.04,19453
FII,20090310,17.39,18.39,17.03,18.35,26403
FII,20090311,18.45,19.51,18.12,19.24,27098
FII,20090312,19.50,20.81,18.65,20.65,24046
FII,20090313,20.55,20.79,19.61,20.31,20703
FII,20090316,20.61,21.21,20.09,20.25,25455
FII,20090317,20.35,20.90,19.90,20.88,22660
FII,20090318,20.61,22.10,20.03,21.87,26358
FII,20090319,22.17,22.27,20.57,20.62,18655
FII,20090320,20.67,20.85,19.66,19.89,24476
FII,20090323,20.60,22.28,20.37,22.25,20511
FII,20090324,21.43,22.50,21.08,21.84,24290
FII,20090325,21.79,22.89,21.61,22.76,20230
FII,20090326,23.06,23.21,22.16,22.60,19555
FII,20090327,22.18,22.69,21.93,22.01,11778
FII,20090330,21.17,21.62,20.83,20.94,17345
FII,20090331,21.30,22.58,21.06,22.26,18216
FII,20090401,21.91,22.65,21.83,22.51,11783
FII,20090402,23.35,23.46,22.80,23.20,17481
FII,20090403,23.12,24.42,22.84,24.40,14694
FII,20090406,23.61,24.02,22.85,23.32,12851
FII,20090407,22.61,22.86,21.70,21.71,12450
FII,20090408,21.51,22.22,21.08,22.08,12625
FII,20090409,22.89,23.53,22.40,23.50,17773
FII,20090413,23.18,24.28,22.61,24.05,24302
FII,20090414,23.44,24.00,22.97,23.13,17874
FII,20090415,22.98,24.18,22.56,24.13,16339
FII,20090416,24.24,24.25,23.50,24.09,11978
FII,20090417,24.07,24.34,23.60,24.01,16595
FII,20090420,23.64,23.64,22.40,22.45,15605
FII,20090421,22.22,22.62,21.70,22.61,23544
FII,20090422,22.06,23.52,21.79,22.65,20655
FII,20090423,22.75,23.77,22.07,23.56,14038
FII,20090424,23.72,23.80,22.81,23.51,19369
FII,20090427,23.30,23.70,22.83,22.97,12120
FII,20090428,22.71,23.30,22.52,22.91,8755
FII,20090429,23.10,23.31,22.44,23.08,16825
FII,20090430,23.50,23.79,22.69,22.88,11209
FII,20090501,22.92,23.18,22.58,23.01,10204
FII,20090504,23.02,23.48,22.39,23.44,17374
FII,20090505,22.97,23.73,22.94,23.22,9944
FII,20090506,23.12,23.99,22.75,23.33,20215
FII,20090507,23.35,24.25,23.03,23.13,16033
FII,20090508,23.62,24.31,23.02,24.31,19013
FII,20090511,23.41,24.00,23.28,23.39,17617
FII,20090512,23.52,23.98,23.17,23.59,18660
FII,20090513,23.24,23.75,22.47,22.53,20252
FII,20090514,22.21,23.13,22.21,22.86,13789
FII,20090515,22.78,22.79,22.16,22.48,12890
FII,20090518,22.87,23.85,22.70,23.74,14253
FII,20090519,23.49,23.93,23.13,23.17,11349
FII,20090520,23.54,23.81,22.10,22.19,16873
FII,20090521,21.91,22.55,21.60,22.38,10777
FII,20090522,22.55,22.69,22.21,22.28,11251
FII,20090526,22.12,23.21,22.06,23.21,12842
FII,20090527,23.24,23.75,22.75,22.79,12738
FII,20090528,23.11,24.02,23.11,24.01,10669
FII,20090529,24.04,25.03,23.77,25.03,14643
FII,20090601,25.20,26.19,25.09,25.76,17441
FII,20090602,25.57,26.60,25.55,26.16,13032
FII,20090603,25.87,26.31,25.60,25.79,11631
FII,20090604,25.87,26.10,25.59,25.83,12746
FII,20090605,26.09,26.29,25.28,25.54,12851
FII,20090608,25.18,25.58,25.05,25.40,6488
FII,20090609,25.47,26.23,25.32,26.12,8339
FII,20090610,26.49,26.56,25.64,26.00,9128
FII,20090611,26.00,26.62,25.97,26.43,7160
FII,20090612,26.43,26.43,25.94,26.25,4475
FII,20090615,26.03,26.30,25.86,26.18,10348
FII,20090616,26.35,26.51,26.06,26.06,8691
FII,20090617,25.97,26.14,25.60,25.64,9773
FII,20090618,25.64,26.03,25.30,25.42,13572
FII,20090619,25.79,26.85,24.36,24.47,24973
FII,20090622,24.35,24.43,23.14,23.15,16004
FII,20090623,23.12,23.30,22.63,23.07,19039
FII,20090624,23.35,23.89,23.26,23.78,11953
FII,20090625,23.71,24.20,23.42,24.15,12347
FII,20090626,24.07,24.43,24.02,24.30,11295
FII,20090629,24.33,24.37,24.10,24.30,7610
FII,20090630,24.36,24.36,23.86,24.09,11219
FII,20090701,24.20,24.50,24.01,24.07,9947
FII,20090702,23.70,24.07,23.15,23.15,7107
FII,20090706,22.44,22.92,22.35,22.91,12513
FII,20090707,22.80,23.34,22.80,23.01,12020
FII,20090708,23.05,23.34,22.51,22.73,12443
FII,20090709,23.03,23.07,22.61,22.76,8033
FII,20090710,22.67,22.88,22.49,22.62,11623
FII,20090713,22.73,23.32,22.55,23.31,11479
FII,20090714,23.38,23.57,23.06,23.42,9719
FII,20090715,23.70,24.37,23.45,24.29,10472
FII,20090716,24.13,24.66,23.94,24.54,8855
FII,20090717,24.54,24.80,24.24,24.60,8967
FII,20090720,24.61,25.06,24.54,25.06,12223
FII,20090721,25.09,25.45,25.00,25.24,12780
FII,20090722,24.97,25.57,24.77,25.55,7175
FII,20090723,25.59,26.49,25.35,26.17,14551
FII,20090724,26.07,26.17,24.22,24.73,23117
FII,20090727,24.59,25.20,24.50,25.20,10644
FII,20090728,25.12,25.47,24.95,25.36,9038
FII,20090729,25.28,25.85,25.05,25.78,8966
FII,20090730,25.97,26.51,25.85,26.20,10012
FII,20090731,26.25,26.44,25.70,25.93,6206
FII,20090803,26.06,26.15,24.48,25.16,22025
FII,20090804,24.91,25.47,24.68,25.45,10748
FII,20090805,25.50,26.12,25.27,26.07,13182
FII,20090806,26.10,26.68,25.88,26.51,16482
FII,20090807,26.71,26.75,26.42,26.47,14563
FII,20090810,26.38,26.69,26.09,26.41,8506
FII,20090811,26.30,26.71,26.19,26.38,10576
FII,20090812,26.51,26.78,26.30,26.51,6512
FII,20090813,26.65,26.84,26.21,26.65,5454
FII,20090814,26.52,26.58,26.20,26.43,5964
FII,20090817,25.91,26.15,25.27,25.43,9020
FII,20090818,25.54,25.99,25.42,25.75,5638
FII,20090819,25.51,25.72,25.40,25.61,7722
FII,20090820,25.63,26.58,25.63,26.57,7174
FII,20090821,26.60,26.98,26.36,26.95,10643
FII,20090824,27.11,27.22,26.50,26.58,5574
FII,20090825,26.71,26.89,26.38,26.66,6929
FII,20090826,26.46,26.69,26.39,26.52,5968
FII,20090827,26.59,26.71,26.09,26.49,6151
FII,20090828,26.57,26.74,26.12,26.43,3582
FII,20090831,26.12,26.28,25.73,26.25,5212
FII,20090901,26.15,26.29,25.34,25.46,10756
FII,20090902,25.30,25.60,25.08,25.43,8253
FII,20090903,25.63,25.70,25.05,25.34,19483
FII,20090904,25.44,25.48,24.88,25.37,9647
FII,20090908,25.47,26.15,25.40,26.13,8095
FII,20090909,26.09,26.68,25.93,26.65,7111
FII,20090910,26.54,26.63,25.95,26.31,9685
FII,20090911,26.29,26.32,25.60,25.66,9478
FII,20090914,25.47,26.33,25.41,26.31,8687
FII,20090915,26.24,26.25,25.89,26.08,6815
FII,20090916,26.06,27.02,25.99,26.89,12070
FII,20090917,26.88,27.31,26.83,26.94,7658
FII,20090918,27.20,27.22,26.78,26.98,9746
FII,20090921,26.82,26.90,26.61,26.62,5705
FII,20090922,26.89,27.27,26.60,27.19,8415
FII,20090923,27.22,27.50,26.66,26.66,8415
FII,20090924,26.52,26.55,25.48,25.65,14083
FII,20090925,25.69,25.69,24.97,25.29,10249
FII,20090928,25.27,25.98,25.27,25.97,6149
FII,20090929,26.00,26.41,25.95,26.24,7256
FII,20090930,26.42,26.62,26.09,26.37,7537
FII,20091001,26.21,26.42,25.13,25.15,14929
FII,20091002,24.92,25.06,24.76,24.99,12059
FII,20091005,25.16,26.05,24.93,26.04,12625
FII,20091006,26.30,26.30,25.50,25.88,12591
FII,20091007,25.66,25.95,25.61,25.87,11118
FII,20091008,26.09,26.28,25.87,25.97,6501
FII,20091009,25.88,26.14,25.81,26.03,5097
FII,20091012,26.16,26.32,25.70,25.94,4732
FII,20091013,25.92,25.96,25.63,25.74,4680
FII,20091014,26.22,26.75,26.03,26.62,10679
FII,20091015,26.55,26.69,26.44,26.62,7733
FII,20091016,26.14,26.25,25.82,25.97,8338
FII,20091019,26.01,26.34,25.81,26.19,5762
FII,20091020,26.17,26.42,25.92,26.22,9314
FII,20091021,26.10,26.64,25.75,25.83,10824
FII,20091022,25.83,26.99,25.66,26.86,15083
FII,20091023,27.29,27.91,26.95,27.39,20091
FII,20091026,27.37,27.99,27.37,27.52,18304
FII,20091027,27.50,28.10,27.40,27.53,15939
FII,20091028,27.57,27.75,26.70,26.73,15378
FII,20091029,27.25,27.29,26.87,27.18,16648
FII,20091030,27.11,27.17,26.22,26.25,13684
FII,20091102,26.43,26.97,26.17,26.81,14461
FII,20091103,26.51,27.00,26.40,26.79,14101
FII,20091104,27.01,27.19,26.36,26.42,10176
FII,20091105,26.49,26.61,26.19,26.58,8904
FII,20091106,26.39,26.70,26.20,26.62,7582
FII,20091109,26.80,27.29,26.66,27.27,6561
FII,20091110,27.15,27.38,26.97,27.22,6515
FII,20091111,27.45,27.70,27.37,27.55,6355
FII,20091112,27.53,27.72,27.25,27.26,7942
FII,20091113,27.26,27.55,27.06,27.54,6741
FII,20091116,27.79,28.05,27.73,27.91,11054
FII,20091117,27.91,27.96,27.60,27.69,12037
FII,20091118,27.60,27.67,27.13,27.35,12884
FII,20091119,27.18,27.28,26.72,26.94,9064
FII,20091120,26.83,26.85,26.59,26.64,10393
FII,20091123,26.98,26.98,25.97,26.10,20431
FII,20091124,26.25,26.81,25.86,26.05,17889
FII,20091125,26.23,26.29,26.02,26.10,9169
FII,20091127,25.50,25.83,25.41,25.60,7487
FII,20091130,25.66,25.87,25.51,25.78,12220
FII,20091201,25.99,26.18,25.80,26.00,9614
FII,20091202,26.00,26.13,25.68,25.78,12214
FII,20091203,25.92,26.11,25.67,25.73,11237
FII,20091204,26.11,26.15,25.36,25.78,11952
FII,20091207,25.67,25.80,24.98,25.01,19251
FII,20091208,24.92,25.11,24.81,24.96,9300
FII,20091209,24.94,25.40,24.86,25.28,8200
FII,20091210,25.43,25.56,25.31,25.33,5960
FII,20091211,25.40,25.45,25.15,25.36,7734
FII,20091214,25.42,25.44,25.05,25.22,8886
FII,20091215,25.14,25.14,24.87,25.00,13821
FII,20091216,25.14,25.73,25.04,25.70,11485
FII,20091217,25.58,25.88,25.49,25.76,15671
FII,20091218,25.98,26.47,25.98,26.47,20840
FII,20091221,26.57,27.11,26.41,27.05,12566
FII,20091222,26.97,27.69,26.96,27.69,14920
FII,20091223,27.69,28.30,27.68,27.96,13820
FII,20091224,27.99,28.31,27.81,28.02,2816
FII,20091228,28.02,28.19,27.87,27.94,4327
FII,20091229,27.99,28.06,27.72,27.79,7550
FII,20091230,27.68,27.87,27.56,27.87,5014
FII,20091231,27.84,28.00,27.50,27.50,7738
FII,20100104,27.71,28.03,27.44,28.00,13888
FII,20100105,27.97,28.14,27.67,28.01,10958
FII,20100106,27.94,28.03,27.70,27.81,6638
FII,20100107,27.72,27.93,27.49,27.58,10383
FII,20100108,27.67,27.67,27.32,27.57,8780
FII,20100111,27.76,27.90,27.60,27.88,8162
FII,20100112,27.70,27.98,27.59,27.68,6494
FII,20100113,27.80,27.83,27.59,27.73,4771
FII,20100114,27.71,27.71,27.30,27.50,5041
FII,20100115,27.43,27.55,27.22,27.30,7269
FII,20100119,27.40,27.76,27.25,27.75,6077
FII,20100120,27.44,27.62,27.21,27.48,6555
FII,20100121,27.56,27.66,26.88,26.88,10241
FII,20100122,26.91,26.91,25.73,25.74,14460
FII,20100125,25.97,26.49,25.83,25.98,11494
FII,20100126,25.89,26.09,25.56,25.59,11168
FII,20100127,25.59,26.67,25.52,26.50,17662
FII,20100128,26.60,26.78,25.78,26.02,14989
FII,20100129,25.62,26.06,24.87,25.38,49418
FII,20100201,25.44,26.17,25.15,26.13,24739
FII,20100202,26.05,26.73,26.00,26.70,24312
FII,20100203,25.28,25.29,24.59,24.63,26713
FII,20100204,24.51,24.82,23.92,24.30,29017
FII,20100205,24.35,24.75,24.05,24.65,17863
FII,20100208,24.71,24.71,23.94,23.98,14975
FII,20100209,24.14,24.32,23.85,24.16,15198
FII,20100210,24.07,25.00,24.03,24.62,13832
FII,20100211,24.58,24.66,24.20,24.57,9726
FII,20100212,24.44,24.56,24.29,24.53,9575
FII,20100216,24.66,25.44,24.57,25.41,17467
FII,20100217,25.67,25.67,25.20,25.32,10075
FII,20100218,25.36,25.71,25.26,25.55,13537
FII,20100219,25.45,26.01,25.40,25.81,18719
FII,20100222,25.96,25.96,25.59,25.74,10300
FII,20100223,25.74,25.81,25.16,25.21,15194
FII,20100224,25.34,25.49,25.22,25.40,8967
FII,20100225,25.15,25.24,24.87,25.19,11435
FII,20100226,25.33,25.33,24.79,25.01,14398
FII,20100301,25.02,25.19,24.94,25.10,14522
FII,20100302,25.24,25.40,25.07,25.34,9326
FII,20100303,25.40,25.79,25.37,25.48,12871
FII,20100304,25.41,25.79,25.36,25.74,9765
FII,20100305,25.87,26.13,25.75,25.98,9363
FII,20100308,26.02,26.10,25.83,25.88,9739
FII,20100309,25.70,26.16,25.60,25.98,14676
FII,20100310,25.97,26.11,25.89,26.03,11836
FII,20100311,25.88,26.29,25.75,26.26,11157
FII,20100312,26.35,26.42,25.94,26.19,7736
FII,20100315,26.15,26.17,25.78,25.94,6719
FII,20100316,26.06,26.14,25.76,25.85,8678
FII,20100317,25.97,26.47,25.96,26.32,14321
FII,20100318,26.40,26.52,26.25,26.38,10376
FII,20100319,26.43,26.58,25.77,25.81,12241
FII,20100322,25.69,26.06,25.61,26.05,5718
FII,20100323,26.06,26.23,25.97,26.22,6383
FII,20100324,26.10,26.25,25.91,26.17,9000
FII,20100325,26.33,26.50,26.16,26.25,15618
FII,20100326,26.31,26.37,26.11,26.32,8730
FII,20100329,26.38,26.44,26.11,26.23,5731
FII,20100330,26.21,26.37,26.11,26.29,5215
FII,20100331,26.23,26.83,26.12,26.38,13526
FII,20100401,26.58,26.78,26.26,26.47,9574
FII,20100405,26.54,26.69,26.26,26.66,9840
FII,20100406,26.52,26.94,26.25,26.78,10235
FII,20100407,26.78,26.78,26.37,26.52,13322
FII,20100408,26.45,26.49,26.25,26.46,8706
FII,20100409,26.47,26.57,26.31,26.48,7885
FII,20100412,26.49,26.54,26.27,26.36,9899
FII,20100413,26.31,26.83,26.31,26.82,11081
FII,20100414,27.10,27.32,26.82,26.95,10044
FII,20100415,26.96,27.30,26.85,27.26,8610
FII,20100416,27.16,27.22,26.34,26.76,14921
FII,20100419,26.57,26.92,26.44,26.76,8830
FII,20100420,26.93,26.94,26.25,26.66,10130
FII,20100421,26.71,26.76,26.46,26.62,11703
FII,20100422,26.32,26.50,26.13,26.39,23899
FII,20100423,26.25,26.25,25.46,25.90,29990
FII,20100426,25.79,25.91,25.22,25.22,20986
FII,20100427,25.02,25.03,24.18,24.18,30407
FII,20100428,24.40,24.60,23.95,24.25,29625
FII,20100429,24.51,24.77,24.39,24.66,22236
FII,20100430,24.63,24.83,24.11,24.12,22598
FII,20100503,24.40,24.56,24.22,24.44,20771
FII,20100504,24.15,24.18,23.81,24.00,23218
FII,20100505,23.49,24.17,23.33,23.87,21623
FII,20100506,23.67,23.98,22.56,23.55,39433
FII,20100507,23.48,24.18,23.28,23.53,40715
FII,20100510,24.44,24.74,23.45,23.81,33052
FII,20100511,23.60,23.74,23.35,23.50,20202
FII,20100512,23.56,23.86,23.53,23.82,14186
FII,20100513,23.72,23.86,23.44,23.44,11647
FII,20100514,23.31,23.58,23.00,23.16,21848
FII,20100517,23.19,23.50,22.91,23.29,13005
FII,20100518,23.52,23.53,22.71,22.81,18478
FII,20100519,22.68,23.21,22.40,23.11,21894
FII,20100520,22.77,23.01,22.28,22.28,21302
FII,20100521,22.00,22.81,21.83,22.65,21337
FII,20100524,22.76,23.04,22.40,22.40,17875
FII,20100525,21.82,22.55,21.80,22.51,20576
FII,20100526,22.68,22.83,22.27,22.38,16336
FII,20100527,22.72,22.77,22.27,22.73,19764
FII,20100528,22.67,22.69,22.10,22.21,15113
FII,20100601,21.97,22.18,21.60,21.60,11962
FII,20100602,21.74,21.76,21.38,21.58,30593
FII,20100603,21.72,22.29,21.57,22.26,22184
FII,20100604,21.93,22.28,21.70,21.80,23094
FII,20100607,21.84,21.99,21.17,21.17,17788
FII,20100608,21.15,21.29,20.86,21.26,14702
FII,20100609,21.32,21.41,20.82,20.90,21190
FII,20100610,21.19,21.81,21.06,21.81,16538
FII,20100611,21.59,22.30,21.55,22.25,16035
FII,20100614,22.86,22.95,22.23,22.26,25142
FII,20100615,22.43,22.75,22.22,22.72,17778
FII,20100616,22.62,22.78,22.47,22.69,9105
FII,20100617,22.61,22.72,22.19,22.45,8318
FII,20100618,22.46,22.52,22.06,22.15,19236
FII,20100621,22.31,22.39,21.93,22.01,14594
FII,20100622,22.08,22.13,21.68,21.69,11654
FII,20100623,21.75,21.96,21.66,21.80,10701
FII,20100624,21.64,21.68,21.08,21.13,8822
FII,20100625,21.25,21.44,21.06,21.32,15395
FII,20100628,21.44,21.87,21.32,21.61,12458
FII,20100629,21.40,21.49,20.82,21.05,20192
FII,20100630,20.95,21.16,20.67,20.71,15193
FII,20100701,20.71,20.93,20.28,20.59,12677
FII,20100702,20.61,20.83,20.34,20.49,5784
FII,20100706,20.65,20.88,20.26,20.39,8067
FII,20100707,20.46,21.07,20.45,21.04,10087
FII,20100708,21.29,21.37,20.89,21.10,12989
FII,20100709,21.22,21.33,21.07,21.24,12801
FII,20100712,21.14,21.28,21.01,21.12,8106
FII,20100713,21.37,21.42,21.12,21.23,21004
FII,20100714,21.08,21.41,21.08,21.38,18183
FII,20100715,21.38,21.38,20.79,21.04,14446
FII,20100716,20.88,21.32,20.76,20.84,20987
FII,20100719,20.94,21.08,20.74,20.96,9615
FII,20100720,20.64,21.35,20.62,21.33,8606
FII,20100721,21.57,21.86,21.36,21.38,20447
FII,20100722,21.59,22.15,21.54,22.05,20596
FII,20100723,21.72,21.93,20.67,20.98,25876
FII,20100726,20.95,21.10,20.71,21.10,13591
FII,20100727,21.32,21.40,21.11,21.29,10621
FII,20100728,21.30,21.46,21.12,21.13,7657
FII,20100729,21.31,21.61,21.23,21.53,15506
FII,20100730,21.24,21.59,21.09,21.22,14680
FII,20100802,21.50,21.68,21.20,21.67,31351
FII,20100803,21.69,21.70,21.23,21.24,19219
FII,20100804,21.01,21.55,20.98,21.53,17016
FII,20100805,21.39,21.85,21.36,21.73,16173
FII,20100806,21.42,21.59,21.04,21.35,10262
FII,20100809,21.46,21.73,21.35,21.60,11308
FII,20100810,21.39,21.63,21.30,21.45,8552
FII,20100811,21.00,21.07,20.67,20.75,10545
FII,20100812,20.69,20.82,20.43,20.61,9406
FII,20100813,20.52,20.61,20.38,20.43,5784
FII,20100816,20.32,20.53,20.15,20.17,14648
FII,20100817,20.45,20.82,20.37,20.74,10599
FII,20100818,20.64,20.85,20.55,20.72,6128
FII,20100819,20.59,20.70,20.20,20.27,6051
FII,20100820,20.25,20.50,20.04,20.49,9937
FII,20100823,20.53,21.14,20.48,20.89,19853
FII,20100824,20.64,20.66,20.15,20.34,15645
FII,20100825,20.21,20.48,20.01,20.43,23823
FII,20100826,20.58,20.83,20.50,20.73,19884
FII,20100827,20.80,21.14,20.51,21.13,10566
FII,20100830,21.06,21.14,20.91,20.92,13881
FII,20100831,20.91,21.03,20.76,20.85,10413
FII,20100901,21.08,21.51,20.99,21.48,12122
FII,20100902,21.60,21.73,21.43,21.53,10845
FII,20100903,21.80,22.19,21.68,22.19,10806
FII,20100907,22.07,22.09,21.82,21.87,8505
FII,20100908,21.88,22.44,21.83,21.89,19991
FII,20100909,22.15,22.17,21.85,22.15,12013
FII,20100910,22.22,22.29,22.13,22.23,6452
FII,20100913,22.50,22.79,22.43,22.78,9792
FII,20100914,22.61,23.08,22.49,22.81,8599
FII,20100915,22.68,23.05,22.66,23.00,6747
FII,20100916,22.89,23.00,22.81,22.90,5652
FII,20100917,23.02,23.06,22.83,22.96,10729
FII,20100920,22.98,23.35,22.92,23.32,9879
FII,20100921,23.30,23.54,23.12,23.23,11579
FII,20100922,23.15,23.28,22.87,22.90,5862
FII,20100923,22.73,22.90,22.48,22.50,7912
FII,20100924,22.74,23.02,22.60,23.02,10555
FII,20100927,23.16,23.21,22.85,22.90,5455
FII,20100928,22.96,23.06,22.78,22.96,8216
FII,20100929,22.96,23.10,22.71,22.81,9434
FII,20100930,22.96,23.18,22.61,22.76,9473
FII,20101001,22.97,23.12,22.76,23.06,6597
FII,20101004,22.98,23.09,22.79,23.05,11209
FII,20101005,23.11,23.56,22.84,23.26,12806
FII,20101006,23.29,23.32,22.94,23.04,14289
FII,20101007,23.16,23.32,23.06,23.13,10504
FII,20101008,23.20,23.26,22.98,23.13,8787
FII,20101011,23.17,23.29,23.12,23.25,4136
FII,20101012,23.28,23.45,23.12,23.40,7456
FII,20101013,23.59,23.86,23.34,23.80,10299
FII,20101014,23.56,23.86,23.48,23.64,8027
FII,20101015,23.84,23.85,23.43,23.74,9107
FII,20101018,23.79,23.92,23.70,23.92,9599
FII,20101019,23.71,24.18,23.60,23.71,10275
FII,20101020,23.76,24.26,23.72,24.19,11664
FII,20101021,24.18,24.43,24.00,24.31,9038
FII,20101022,24.24,24.41,24.09,24.11,10712
FII,20101025,24.33,24.33,23.98,24.14,8796
FII,20101026,24.11,24.23,24.02,24.07,8567
FII,20101027,23.94,24.04,23.68,24.01,9389
FII,20101028,24.08,24.69,24.04,24.48,15661
FII,20101029,24.78,25.16,24.60,24.91,19630
FII,20101101,25.12,25.12,24.69,24.78,12912
FII,20101102,24.97,24.99,24.66,24.76,10534
FII,20101103,24.80,24.86,24.52,24.83,11658
FII,20101104,24.86,24.96,24.67,24.94,10154
FII,20101105,24.96,25.56,24.94,25.46,9728
FII,20101108,25.34,25.50,25.07,25.39,11386
FII,20101109,25.38,25.52,24.38,24.56,19970
FII,20101110,24.53,24.75,24.36,24.58,20206
FII,20101111,24.43,24.64,24.26,24.27,12215
FII,20101112,24.21,24.40,24.09,24.16,10391
FII,20101115,24.35,24.56,24.27,24.34,6233
FII,20101116,24.18,24.24,23.55,23.59,14440
FII,20101117,23.65,24.02,23.57,23.92,19993
FII,20101118,24.09,24.19,23.99,24.02,8803
FII,20101119,23.97,24.11,23.74,24.00,7434
FII,20101122,23.94,23.96,23.78,23.81,7637
FII,20101123,23.73,23.85,23.52,23.65,12404
FII,20101124,23.83,24.12,23.79,24.08,6575
FII,20101126,23.96,24.06,23.89,23.97,2436
FII,20101129,23.88,23.98,23.65,23.93,14335
FII,20101130,23.67,23.84,23.53,23.71,13552
FII,20101201,24.11,24.28,24.01,24.09,8652
FII,20101202,24.24,24.86,24.20,24.84,12742
FII,20101203,24.86,24.90,24.23,24.74,12471
FII,20101206,24.71,24.92,24.59,24.81,8626
FII,20101207,24.99,25.00,24.66,24.76,11542
FII,20101208,24.89,25.32,24.77,25.31,9972
FII,20101209,25.49,25.78,25.33,25.76,12807
FII,20101210,25.85,26.08,25.66,25.94,12654
FII,20101213,26.06,26.17,25.97,26.04,8303
FII,20101214,26.04,26.67,26.00,26.39,14497
FII,20101215,26.39,27.02,26.39,26.39,16844
FII,20101216,26.38,26.71,26.25,26.49,11229
FII,20101217,26.63,26.89,26.51,26.56,11459
FII,20101220,26.64,26.68,26.31,26.47,6969
FII,20101221,26.67,26.86,26.58,26.83,6658
FII,20101222,26.90,26.92,26.73,26.81,12057
FII,20101223,26.82,26.85,26.03,26.23,16416
FII,20101227,26.18,26.36,26.04,26.30,7465
FII,20101228,26.31,26.42,26.02,26.10,5349
FII,20101229,26.16,26.36,26.13,26.22,4735
FII,20101230,26.23,26.28,26.13,26.16,4063
FII,20101231,26.15,26.27,26.09,26.17,4273
FII,20110103,26.42,26.66,26.05,26.10,11187
FII,20110104,26.19,26.26,25.88,26.03,10313
FII,20110105,26.01,26.73,26.01,26.70,12989
FII,20110106,26.65,26.83,26.40,26.79,13617
FII,20110107,26.83,26.83,26.41,26.48,22616
FII,20110110,26.34,26.58,26.27,26.53,1436000
FII,20110111,26.66,26.90,26.42,26.60,1171900
FII,20110112,26.79,26.85,26.62,26.85,539100
FII,20110113,26.89,27.02,26.76,26.85,661900
FII,20110114,26.90,26.90,26.55,26.75,1245100
FII,20110118,26.82,26.82,26.42,26.75,989600
FII,20110119,26.69,26.69,26.39,26.44,761500
FII,20110120,26.43,26.51,26.29,26.40,1375900
FII,20110121,26.57,27.02,26.48,26.55,601800
FII,20110124,26.49,26.72,26.43,26.60,863300
FII,20110125,26.64,27.14,26.55,27.13,1217500
FII,20110126,27.18,27.28,26.95,27.22,907100
FII,20110127,27.14,28.06,27.14,28.00,1533500
FII,20110128,28.57,28.57,26.90,27.42,2104800
FII,20110131,27.45,27.76,26.99,27.08,1694600
FII,20110201,27.14,27.22,26.82,26.88,1473000
FII,20110202,26.83,26.90,26.52,26.64,1036500
FII,20110203,26.89,26.91,26.50,26.81,929200
FII,20110204,26.77,26.80,26.50,26.71,507900
FII,20110207,26.75,26.94,26.63,26.68,810600
FII,20110208,26.75,27.18,26.64,27.06,1283800
FII,20110209,26.95,27.01,26.64,26.75,687100
FII,20110210,26.67,27.27,26.66,27.22,947600
FII,20110211,27.18,27.48,26.98,27.32,904700
FII,20110214,27.28,27.52,27.04,27.52,649000
FII,20110215,27.41,27.75,27.39,27.58,763600
FII,20110216,27.66,27.90,27.62,27.80,667100
FII,20110217,27.79,27.94,27.70,27.79,459000
FII,20110218,27.83,27.95,27.63,27.95,792700
FII,20110222,27.62,27.92,27.30,27.34,705500
FII,20110223,27.32,27.44,26.69,26.83,609000
FII,20110224,26.96,27.50,26.87,27.29,1234400
FII,20110225,27.36,27.62,27.35,27.36,707200
FII,20110228,27.42,27.56,27.22,27.56,541100
FII,20110301,27.61,27.89,27.53,27.56,882000
FII,20110302,27.47,27.57,26.83,27.01,699500
FII,20110303,27.16,27.81,27.16,27.75,843000
FII,20110304,27.80,27.80,27.34,27.75,664900
FII,20110307,27.83,28.23,26.98,27.00,1016300
FII,20110308,27.09,27.48,26.74,27.40,1212800
FII,20110309,27.40,27.80,27.26,27.62,1020200
FII,20110310,27.42,27.42,26.24,26.45,1693000
FII,20110311,26.06,26.58,25.96,26.54,765200
FII,20110314,26.25,26.70,26.13,26.16,654200
FII,20110315,25.88,26.04,25.45,25.71,1102700
FII,20110316,25.66,25.74,24.93,25.41,1797900
FII,20110317,25.68,25.76,25.28,25.40,998200
FII,20110318,25.69,25.92,25.52,25.72,1500100
FII,20110321,25.84,26.25,25.75,26.23,737200
FII,20110322,26.22,26.44,26.08,26.10,540300
FII,20110323,26.04,26.46,26.00,26.19,833900
FII,20110324,26.52,26.57,26.17,26.45,830600
FII,20110325,26.54,26.68,26.34,26.46,463200
FII,20110328,26.55,26.79,26.23,26.23,531000
FII,20110329,26.24,26.54,26.11,26.47,617300
FII,20110330,26.55,26.91,26.55,26.77,957300
FII,20110331,26.68,27.04,26.62,26.75,1006000
FII,20110401,26.99,27.05,26.78,26.97,940200
FII,20110404,26.94,26.96,26.37,26.66,985400
FII,20110405,26.64,26.70,26.41,26.66,767900
FII,20110406,26.73,26.75,26.24,26.56,970100
FII,20110407,26.58,26.70,26.28,26.39,636700
FII,20110408,26.44,26.83,26.42,26.45,641500
FII,20110411,26.53,27.11,26.53,26.74,621600
FII,20110412,26.62,26.85,26.16,26.21,714900
FII,20110413,26.34,26.53,26.16,26.17,733000
FII,20110414,26.18,26.27,26.03,26.15,550900
FII,20110415,26.24,26.31,25.96,26.19,724700
FII,20110418,25.89,26.02,25.76,25.86,671900
FII,20110419,25.95,26.18,25.66,25.76,704200
FII,20110420,26.09,26.39,26.08,26.15,636300
FII,20110421,26.23,26.27,26.06,26.16,451200
FII,20110425,26.16,26.19,25.94,26.00,464100
FII,20110426,26.05,26.62,26.02,26.47,640900
