FINL,20090115,5.22,5.53,4.96,5.36,5411
FINL,20090116,5.39,5.39,5.03,5.16,7554
FINL,20090120,5.16,5.29,4.80,4.82,4800
FINL,20090121,4.88,5.28,4.77,5.23,7823
FINL,20090122,5.12,5.38,4.69,4.95,5390
FINL,20090123,4.82,5.24,4.80,5.20,8690
FINL,20090126,5.00,5.24,4.83,4.91,5882
FINL,20090127,4.87,5.13,4.68,4.69,5343
FINL,20090128,4.76,5.17,4.76,5.17,5090
FINL,20090129,5.08,5.21,4.91,4.92,4150
FINL,20090130,4.99,4.99,4.65,4.75,5835
FINL,20090202,4.61,4.91,4.45,4.49,6396
FINL,20090203,4.47,4.61,4.39,4.53,6652
FINL,20090204,4.51,4.64,4.38,4.45,4545
FINL,20090205,4.41,4.68,4.38,4.65,6882
FINL,20090206,4.65,5.00,4.48,4.94,7010
FINL,20090209,4.87,5.07,4.80,4.85,3355
FINL,20090210,4.80,5.03,4.51,4.52,4997
FINL,20090211,4.53,4.61,4.40,4.50,3293
FINL,20090212,4.43,4.59,4.27,4.54,8454
FINL,20090213,4.53,4.55,4.33,4.40,3599
FINL,20090217,4.31,4.42,4.05,4.10,6363
FINL,20090218,4.14,4.29,3.93,4.08,7558
FINL,20090219,4.13,4.31,4.09,4.09,5825
FINL,20090220,4.06,4.42,4.01,4.34,7198
FINL,20090223,4.32,4.38,4.03,4.10,4866
FINL,20090224,4.15,4.34,4.06,4.31,4121
FINL,20090225,4.26,4.31,4.08,4.10,7442
FINL,20090226,3.97,4.28,3.97,4.00,4877
FINL,20090227,3.83,4.27,3.77,4.15,3705
FINL,20090302,4.06,4.63,4.06,4.56,7463
FINL,20090303,4.57,4.83,4.42,4.75,12814
FINL,20090304,4.80,4.89,4.40,4.59,7953
FINL,20090305,4.51,4.65,4.09,4.09,5384
FINL,20090306,4.15,4.63,4.06,4.51,4273
FINL,20090309,4.44,4.60,4.27,4.52,3524
FINL,20090310,4.62,4.97,4.42,4.93,6800
FINL,20090311,4.95,5.27,4.89,5.04,3154
FINL,20090312,5.00,5.78,4.97,5.70,5236
FINL,20090313,5.72,5.72,5.33,5.40,6305
FINL,20090316,5.44,5.65,5.10,5.29,5343
FINL,20090317,5.26,5.59,5.16,5.58,4254
FINL,20090318,5.57,5.88,5.34,5.85,5088
FINL,20090319,5.91,6.02,5.64,5.78,5235
FINL,20090320,5.86,6.05,5.54,5.54,7233
FINL,20090323,5.69,6.33,5.56,6.30,5140
FINL,20090324,6.33,6.33,5.91,6.00,5165
FINL,20090325,6.04,6.22,5.75,6.20,7340
FINL,20090326,6.31,6.54,6.05,6.36,7213
FINL,20090327,6.36,7.25,6.36,6.69,13458
FINL,20090330,6.51,6.58,6.09,6.48,6453
FINL,20090331,6.59,6.92,6.18,6.62,9518
FINL,20090401,6.51,6.64,6.32,6.47,10501
FINL,20090402,6.63,7.20,6.51,6.96,9674
FINL,20090403,6.93,7.43,6.93,7.43,9852
FINL,20090406,7.38,7.57,7.00,7.16,12288
FINL,20090407,7.06,7.16,6.67,6.68,12986
FINL,20090408,6.87,7.16,6.76,7.00,10178
FINL,20090409,7.18,7.54,7.07,7.52,15707
FINL,20090413,7.37,7.53,7.25,7.38,7078
FINL,20090414,7.28,7.43,7.14,7.22,12014
FINL,20090415,7.09,7.28,6.74,6.89,8293
FINL,20090416,6.95,7.31,6.89,7.24,8796
FINL,20090417,7.27,7.27,7.00,7.12,3085
FINL,20090420,6.89,6.89,6.61,6.74,4824
FINL,20090421,6.72,7.51,6.72,7.39,18417
FINL,20090422,7.29,8.02,7.25,7.87,18124
FINL,20090423,7.98,8.09,7.56,7.83,9342
FINL,20090424,7.84,8.00,7.69,7.81,8952
FINL,20090427,7.60,7.73,7.46,7.61,7744
FINL,20090428,7.56,8.03,7.32,7.88,7772
FINL,20090429,7.89,8.14,7.72,8.14,10161
FINL,20090430,8.15,8.54,7.90,8.50,16157
FINL,20090501,8.50,8.50,8.09,8.30,11455
FINL,20090504,8.28,8.65,8.12,8.36,7465
FINL,20090505,8.28,8.46,8.03,8.25,10565
FINL,20090506,8.33,8.50,8.02,8.28,8714
FINL,20090507,8.44,8.44,8.11,8.30,8396
FINL,20090508,8.39,8.53,7.81,8.29,8285
FINL,20090511,8.13,8.20,7.76,8.09,8995
FINL,20090512,8.17,8.24,7.43,7.56,14450
FINL,20090513,7.40,7.72,7.11,7.28,6245
FINL,20090514,7.29,7.59,7.08,7.41,4174
FINL,20090515,7.44,7.57,7.15,7.26,4601
FINL,20090518,7.34,7.76,7.25,7.71,3705
FINL,20090519,7.71,7.76,7.21,7.38,12019
FINL,20090520,7.46,7.76,6.99,7.03,11806
FINL,20090521,6.97,7.09,6.75,6.89,6122
FINL,20090522,6.76,7.21,6.53,6.71,9378
FINL,20090526,6.70,7.18,6.66,6.91,23827
FINL,20090527,6.81,7.03,6.78,6.85,11719
FINL,20090528,6.90,6.94,6.70,6.84,7179
FINL,20090529,6.86,6.91,6.73,6.91,7793
FINL,20090601,7.12,7.72,7.12,7.52,7939
FINL,20090602,7.52,7.85,7.43,7.76,9728
FINL,20090603,7.38,7.83,7.38,7.57,5059
FINL,20090604,7.69,7.94,7.43,7.92,8926
FINL,20090605,7.89,7.94,7.65,7.82,5744
FINL,20090608,7.77,7.79,7.44,7.59,5302
FINL,20090609,7.59,7.59,7.16,7.32,6806
FINL,20090610,7.36,7.46,7.05,7.19,4185
FINL,20090611,7.16,7.25,6.80,7.01,7030
FINL,20090612,6.95,7.17,6.85,7.16,2772
FINL,20090615,7.02,7.16,6.84,7.02,4596
FINL,20090616,7.10,7.12,6.70,6.77,3020
FINL,20090617,6.75,7.13,6.71,7.00,5802
FINL,20090618,6.97,7.06,6.90,6.96,2090
FINL,20090619,6.86,7.14,6.83,6.90,4554
FINL,20090622,6.94,7.77,6.94,7.45,17813
FINL,20090623,7.50,7.90,7.36,7.70,9733
FINL,20090624,7.75,7.90,7.29,7.36,7988
FINL,20090625,7.31,7.73,7.12,7.68,9821
FINL,20090626,7.54,7.98,7.06,7.68,16129
FINL,20090629,7.63,7.90,7.50,7.77,6773
FINL,20090630,7.70,7.77,7.32,7.42,7244
FINL,20090701,7.41,7.71,7.34,7.44,4456
FINL,20090702,7.29,7.29,7.02,7.16,5855
FINL,20090706,7.15,7.25,6.80,7.14,5820
FINL,20090707,7.16,7.22,7.00,7.09,5110
FINL,20090708,7.07,7.27,6.90,7.17,5094
FINL,20090709,7.18,7.30,6.96,7.12,5516
FINL,20090710,7.03,7.62,7.03,7.38,7884
FINL,20090713,7.38,7.51,7.14,7.47,5058
FINL,20090714,7.48,7.65,7.35,7.60,2840
FINL,20090715,8.00,8.37,7.92,8.30,22112
FINL,20090716,8.29,8.47,8.19,8.22,11266
FINL,20090717,8.24,8.26,7.99,8.01,6644
FINL,20090720,8.03,8.27,7.98,8.01,8750
FINL,20090721,8.08,8.24,7.98,8.07,11688
FINL,20090722,8.07,8.38,8.06,8.25,9150
FINL,20090723,8.22,8.51,8.16,8.27,11420
FINL,20090724,8.25,8.50,8.20,8.48,9049
FINL,20090727,8.70,8.85,8.52,8.67,11335
FINL,20090728,8.70,8.82,8.62,8.75,5900
FINL,20090729,8.70,8.90,8.70,8.82,5391
FINL,20090730,8.85,9.00,8.74,8.78,7071
FINL,20090731,8.69,8.85,8.56,8.70,6968
FINL,20090803,8.61,8.69,8.34,8.62,6839
FINL,20090804,8.58,8.74,8.45,8.56,3823
FINL,20090805,8.54,8.85,8.42,8.85,17664
FINL,20090806,8.85,9.05,8.68,8.88,9168
FINL,20090807,9.00,9.15,8.75,9.08,7635
FINL,20090810,8.99,9.06,8.48,8.60,6994
FINL,20090811,8.53,8.57,8.14,8.28,6417
FINL,20090812,8.29,8.56,8.29,8.42,5412
FINL,20090813,8.50,8.56,8.08,8.36,4575
FINL,20090814,8.37,8.52,8.17,8.42,9757
FINL,20090817,8.29,8.45,8.13,8.27,9468
FINL,20090818,8.34,8.40,8.21,8.25,5166
FINL,20090819,8.17,8.42,8.09,8.41,5900
FINL,20090820,8.40,8.56,8.25,8.50,8341
FINL,20090821,8.61,8.61,7.75,8.05,17434
FINL,20090824,8.09,8.26,7.93,8.21,10654
FINL,20090825,8.21,8.52,8.20,8.43,6692
FINL,20090826,8.40,8.54,8.26,8.38,4014
FINL,20090827,8.41,8.66,8.29,8.65,5899
FINL,20090828,8.70,8.75,8.44,8.69,5541
FINL,20090831,8.58,8.60,8.16,8.25,5179
FINL,20090901,8.16,8.47,8.01,8.41,22110
FINL,20090902,8.38,8.38,8.06,8.12,11984
FINL,20090903,8.15,8.40,8.06,8.37,7127
FINL,20090904,8.39,8.69,8.21,8.63,5768
FINL,20090908,8.70,8.84,8.55,8.73,7077
FINL,20090909,8.75,9.18,8.65,9.13,5428
FINL,20090910,9.09,9.25,9.02,9.25,6163
FINL,20090911,9.22,9.28,9.00,9.00,4422
FINL,20090914,8.97,9.12,8.79,9.08,3016
FINL,20090915,9.03,9.24,9.03,9.23,2443
FINL,20090916,9.23,9.51,9.17,9.47,4435
FINL,20090917,9.45,9.52,9.39,9.50,2636
FINL,20090918,9.45,9.52,9.31,9.34,5410
FINL,20090921,9.28,9.48,9.21,9.42,3655
FINL,20090922,9.47,9.50,9.22,9.34,6243
FINL,20090923,9.36,9.65,9.25,9.42,6680
FINL,20090924,9.46,9.53,9.17,9.30,4359
FINL,20090925,9.80,10.66,9.36,10.43,17025
FINL,20090928,10.39,10.40,10.11,10.28,7378
FINL,20090929,10.28,10.49,10.19,10.32,4589
FINL,20090930,10.38,10.43,9.99,10.16,4765
FINL,20091001,10.08,10.23,9.92,9.92,6843
FINL,20091002,9.82,9.92,9.59,9.77,4242
FINL,20091005,9.81,10.08,9.80,10.03,2529
FINL,20091006,10.06,10.28,10.01,10.15,3297
FINL,20091007,10.08,10.36,9.99,10.17,3405
FINL,20091008,10.21,10.58,10.01,10.52,11218
FINL,20091009,10.53,10.82,10.44,10.80,4618
FINL,20091012,10.85,10.85,10.60,10.70,2614
FINL,20091013,10.65,10.74,10.42,10.67,5376
FINL,20091014,10.78,11.12,10.62,11.11,5120
FINL,20091015,11.03,11.28,10.91,11.27,5820
FINL,20091016,11.22,11.41,11.06,11.27,5325
FINL,20091019,11.34,11.72,11.27,11.67,6315
FINL,20091020,11.64,11.67,11.00,11.25,5778
FINL,20091021,11.23,11.66,11.07,11.34,6403
FINL,20091022,11.35,11.64,11.15,11.42,5929
FINL,20091023,11.45,11.62,11.24,11.29,5554
FINL,20091026,11.33,11.46,11.11,11.18,5660
FINL,20091027,11.15,11.15,10.48,10.53,9337
FINL,20091028,10.46,10.56,10.05,10.09,6198
FINL,20091029,10.23,10.78,10.15,10.59,6675
FINL,20091030,10.58,10.59,10.07,10.14,4684
FINL,20091102,10.17,10.35,9.88,10.07,3655
FINL,20091103,9.97,10.30,9.92,10.24,2939
FINL,20091104,10.31,10.39,9.84,9.87,5019
FINL,20091105,9.96,10.21,9.64,10.13,3569
FINL,20091106,10.05,10.33,9.79,10.13,2830
FINL,20091109,10.25,10.42,10.08,10.16,3035
FINL,20091110,10.14,10.29,9.96,10.13,2553
FINL,20091111,10.29,10.57,10.08,10.18,3859
FINL,20091112,10.19,10.20,9.60,9.67,3474
FINL,20091113,9.73,9.95,9.53,9.76,3176
FINL,20091116,9.81,10.00,9.63,9.93,4561
FINL,20091117,9.86,9.89,9.45,9.51,6246
FINL,20091118,9.54,9.79,9.33,9.61,3592
FINL,20091119,9.51,9.57,9.24,9.43,4364
FINL,20091120,9.35,9.75,9.32,9.49,3699
FINL,20091123,9.54,9.64,9.15,9.25,10319
FINL,20091124,9.21,9.27,8.90,9.21,5322
FINL,20091125,9.22,9.67,9.12,9.57,4801
FINL,20091127,9.17,9.49,9.04,9.09,2400
FINL,20091130,9.10,9.21,8.74,8.85,5394
FINL,20091201,8.90,9.04,8.74,8.74,5994
FINL,20091202,8.77,9.04,8.74,8.97,4584
FINL,20091203,8.99,9.00,8.70,8.73,3734
FINL,20091204,8.91,9.19,8.80,9.09,3843
FINL,20091207,9.15,9.21,8.93,8.99,2266
FINL,20091208,8.96,9.22,8.93,9.03,2885
FINL,20091209,9.06,9.10,8.82,8.90,2311
FINL,20091210,8.92,9.02,8.74,8.83,2753
FINL,20091211,8.86,9.14,8.83,9.04,2531
FINL,20091214,9.07,9.38,8.92,9.26,2687
FINL,20091215,9.19,9.23,9.00,9.01,3115
FINL,20091216,9.05,9.34,9.02,9.32,5398
FINL,20091217,9.25,9.64,9.25,9.57,5293
FINL,20091218,9.67,9.93,9.67,9.92,10125
FINL,20091221,9.95,9.98,9.63,9.83,4332
FINL,20091222,9.84,10.04,9.75,10.00,5070
FINL,20091223,10.94,11.19,10.64,10.89,15939
FINL,20091224,10.89,11.12,10.80,11.10,1485
FINL,20091228,11.39,11.75,11.37,11.64,8332
FINL,20091229,11.70,12.29,11.69,12.22,7827
FINL,20091230,12.22,12.60,12.10,12.42,9186
FINL,20091231,12.42,12.77,12.29,12.55,8111
FINL,20100104,12.63,13.07,12.63,12.70,12078
FINL,20100105,12.62,12.70,12.18,12.30,9931
FINL,20100106,12.24,12.46,12.12,12.16,7847
FINL,20100107,12.11,12.27,12.00,12.05,7525
FINL,20100108,12.03,12.30,11.85,11.94,5382
FINL,20100111,12.00,12.13,11.80,11.95,3465
FINL,20100112,11.91,11.97,11.65,11.77,3339
FINL,20100113,11.81,12.02,11.65,11.81,3155
FINL,20100114,11.81,11.81,11.54,11.76,3704
FINL,20100115,11.81,12.06,11.60,11.81,8727
FINL,20100119,11.78,11.80,11.67,11.77,6773
FINL,20100120,11.62,11.95,11.19,11.28,8907
FINL,20100121,11.23,11.44,11.15,11.32,7032
FINL,20100122,11.28,11.69,11.25,11.47,6413
FINL,20100125,11.49,11.51,11.17,11.36,7691
FINL,20100126,11.37,11.49,11.24,11.28,6158
FINL,20100127,11.25,11.60,11.23,11.51,6744
FINL,20100128,11.50,11.50,11.08,11.14,4998
FINL,20100129,11.21,11.36,11.08,11.09,5194
FINL,20100201,11.09,11.24,10.96,11.11,3401
FINL,20100202,11.12,11.40,11.10,11.37,4448
FINL,20100203,11.35,11.50,11.10,11.48,5346
FINL,20100204,11.44,11.51,11.04,11.04,2817
FINL,20100205,11.04,11.21,10.79,11.09,3369
FINL,20100208,11.11,11.16,10.83,10.86,2403
FINL,20100209,10.93,11.06,10.76,11.01,4021
FINL,20100210,10.94,11.06,10.76,10.84,2830
FINL,20100211,10.80,11.06,10.57,10.90,4499
FINL,20100212,10.77,10.88,10.61,10.82,3494
FINL,20100216,10.87,11.26,10.84,11.25,3100
FINL,20100217,11.24,11.29,11.12,11.20,2584
FINL,20100218,11.15,11.24,11.11,11.16,3219
FINL,20100219,11.17,11.89,10.88,11.84,10152
FINL,20100222,11.93,12.09,11.77,11.79,4938
FINL,20100223,11.75,11.84,11.57,11.79,4423
FINL,20100224,11.76,11.78,11.57,11.68,4437
FINL,20100225,11.57,11.92,11.46,11.91,1995
FINL,20100226,11.88,12.16,11.62,12.09,3640
FINL,20100301,12.17,12.39,12.02,12.38,3720
FINL,20100302,12.39,12.53,12.18,12.41,3612
FINL,20100303,12.37,12.49,12.03,12.28,2121
FINL,20100304,12.28,13.05,11.37,12.92,5899
FINL,20100305,13.00,13.50,12.98,13.49,8313
FINL,20100308,13.53,13.88,13.23,13.29,6232
FINL,20100309,13.21,13.55,13.05,13.21,4071
FINL,20100310,13.33,13.33,12.95,13.23,3619
FINL,20100311,13.07,13.46,12.75,13.33,4719
FINL,20100312,13.38,13.92,13.26,13.82,5634
FINL,20100315,13.76,14.22,13.44,13.66,5388
FINL,20100316,13.75,14.05,13.53,13.78,5276
FINL,20100317,13.84,14.00,13.75,13.88,3991
FINL,20100318,13.99,14.21,13.91,13.99,6012
FINL,20100319,14.08,14.16,13.70,13.89,7174
FINL,20100322,13.73,14.11,13.61,13.98,4653
FINL,20100323,14.14,14.40,14.03,14.17,8179
FINL,20100324,14.16,14.54,14.05,14.40,11384
FINL,20100325,14.49,14.73,14.49,14.66,13489
FINL,20100326,15.55,17.00,15.35,16.98,44250
FINL,20100329,17.10,17.30,16.11,16.12,20161
FINL,20100330,16.26,16.90,16.09,16.11,15545
FINL,20100331,16.11,16.77,16.11,16.35,11369
FINL,20100401,16.95,17.25,16.58,16.74,12052
FINL,20100405,17.00,17.80,16.93,17.79,11766
FINL,20100406,17.79,17.99,17.13,17.27,11986
FINL,20100407,17.57,17.61,16.93,17.13,9761
FINL,20100408,17.04,17.23,16.78,17.09,5130
FINL,20100409,17.17,17.20,16.65,16.94,5408
FINL,20100412,17.01,17.30,16.63,16.93,4319
FINL,20100413,16.86,17.28,16.64,17.24,5730
FINL,20100414,17.27,17.84,17.24,17.82,6488
FINL,20100415,17.70,17.85,17.39,17.75,4918
FINL,20100416,17.72,17.86,17.32,17.55,4639
FINL,20100419,17.40,17.50,16.80,17.01,6652
FINL,20100420,17.05,17.62,17.02,17.42,5151
FINL,20100421,17.44,17.47,16.87,17.33,4153
FINL,20100422,17.13,17.52,16.97,17.51,3184
FINL,20100423,17.50,17.88,17.40,17.81,4131
FINL,20100426,17.80,18.11,17.65,17.68,4181
FINL,20100427,17.65,17.87,17.05,17.07,5293
FINL,20100428,17.15,17.49,16.75,16.88,4893
FINL,20100429,17.02,17.12,16.65,17.12,4255
FINL,20100430,17.07,17.15,16.10,16.11,5876
FINL,20100503,16.22,17.15,16.22,17.04,4520
FINL,20100504,16.75,16.75,15.54,15.91,9509
FINL,20100505,15.70,16.41,15.42,15.88,7742
FINL,20100506,15.70,15.93,13.42,15.04,10774
FINL,20100507,15.00,15.44,14.25,14.56,10588
FINL,20100510,15.46,15.70,15.15,15.67,6080
FINL,20100511,15.48,16.17,15.35,15.96,6971
FINL,20100512,16.05,16.66,15.71,16.64,8901
FINL,20100513,16.64,16.64,15.95,16.06,4440
FINL,20100514,15.91,16.14,15.51,15.85,5700
FINL,20100517,15.98,16.46,15.56,16.14,9169
FINL,20100518,16.26,16.49,15.46,15.58,4635
FINL,20100519,15.47,15.84,15.14,15.66,6084
FINL,20100520,15.26,15.65,14.69,14.83,6440
FINL,20100521,14.54,15.64,14.46,15.47,4497
FINL,20100524,15.38,15.88,15.23,15.46,3097
FINL,20100525,15.01,15.65,14.72,15.55,5397
FINL,20100526,15.59,16.30,15.43,15.51,6970
FINL,20100527,15.86,16.74,15.57,16.70,6904
FINL,20100528,16.77,17.29,16.61,16.65,5506
FINL,20100601,16.63,17.14,16.32,16.33,8349
FINL,20100602,16.27,16.62,15.47,16.05,13461
FINL,20100603,15.50,16.65,15.48,16.09,6339
FINL,20100604,15.58,15.88,15.01,15.10,6878
FINL,20100607,15.13,15.33,14.25,14.40,7493
FINL,20100608,14.37,14.44,13.62,14.27,11347
FINL,20100609,14.34,14.74,13.90,14.06,8086
FINL,20100610,14.40,14.65,14.11,14.58,7693
FINL,20100611,14.44,15.56,14.44,15.33,11660
FINL,20100614,15.46,16.22,15.43,15.92,8786
FINL,20100615,16.65,16.85,16.45,16.65,13989
FINL,20100616,16.59,17.35,16.50,17.05,12797
FINL,20100617,17.19,17.30,15.93,16.45,14778
FINL,20100618,16.60,16.65,15.72,15.72,54899
FINL,20100621,16.08,16.17,14.95,15.16,17937
FINL,20100622,15.26,15.79,14.85,15.07,14872
FINL,20100623,15.02,15.73,14.55,14.80,23743
FINL,20100624,14.69,15.04,14.00,14.34,25691
FINL,20100625,13.95,14.90,13.70,14.76,46461
FINL,20100628,15.10,15.46,14.35,14.48,20071
FINL,20100629,14.16,14.32,13.47,14.01,18337
FINL,20100630,13.97,14.71,13.61,13.93,17576
FINL,20100701,13.86,14.24,12.88,14.16,16618
FINL,20100702,14.15,14.41,13.81,13.99,8600
FINL,20100706,14.11,14.71,13.68,13.75,13178
FINL,20100707,13.81,14.65,13.78,14.49,12655
FINL,20100708,14.64,14.83,14.05,14.39,8457
FINL,20100709,14.40,14.85,14.17,14.70,6074
FINL,20100712,14.73,15.00,14.21,14.63,6689
FINL,20100713,14.88,14.97,14.54,14.82,8848
FINL,20100714,14.71,14.99,14.40,14.65,8965
FINL,20100715,14.62,14.71,14.05,14.41,6176
FINL,20100716,14.31,14.32,13.63,13.77,9774
FINL,20100719,13.84,14.13,13.55,14.11,7083
FINL,20100720,13.83,14.67,13.70,14.62,7847
FINL,20100721,14.73,14.73,13.89,14.05,8214
FINL,20100722,14.42,14.98,14.30,14.73,11360
FINL,20100723,14.71,15.27,14.45,15.12,7935
FINL,20100726,15.06,15.22,14.50,15.20,9095
FINL,20100727,15.35,15.49,14.75,14.80,10058
FINL,20100728,14.92,14.96,14.30,14.49,6944
FINL,20100729,14.73,14.99,13.98,14.49,8199
FINL,20100730,14.10,14.44,13.86,14.31,5842
FINL,20100802,14.60,14.79,14.09,14.69,8572
FINL,20100803,14.68,14.71,13.80,14.21,7130
FINL,20100804,14.28,14.51,14.03,14.28,6419
FINL,20100805,14.20,14.33,13.54,13.61,11080
FINL,20100806,13.49,13.67,13.04,13.39,9464
FINL,20100809,13.48,13.80,13.42,13.64,7455
FINL,20100810,13.42,13.51,13.08,13.23,9886
FINL,20100811,13.02,13.02,12.48,12.66,11748
FINL,20100812,12.31,13.14,11.78,12.99,15273
FINL,20100813,12.98,13.31,12.73,12.76,7695
FINL,20100816,12.61,13.14,12.43,12.98,8220
FINL,20100817,13.08,13.49,12.99,13.27,6828
FINL,20100818,13.15,13.69,13.05,13.57,7482
FINL,20100819,13.47,13.81,13.06,13.21,7665
FINL,20100820,13.04,13.52,12.94,13.51,9209
FINL,20100823,13.63,13.85,13.23,13.23,9359
FINL,20100824,13.00,13.35,12.68,12.99,8245
FINL,20100825,12.94,13.40,12.65,13.35,8962
FINL,20100826,13.40,13.70,13.09,13.32,8514
FINL,20100827,13.52,13.74,13.08,13.58,6445
FINL,20100830,13.46,13.63,12.92,12.92,5966
FINL,20100831,12.94,13.40,12.85,13.20,9133
FINL,20100901,13.37,13.63,13.22,13.50,8351
FINL,20100902,13.47,14.35,13.29,14.26,8668
FINL,20100903,14.45,14.98,14.19,14.41,7381
FINL,20100907,14.25,14.40,13.93,13.96,3435
FINL,20100908,13.85,14.49,13.79,14.37,5677
FINL,20100909,14.56,14.70,14.16,14.23,6800
FINL,20100910,14.31,14.55,13.99,14.05,4226
FINL,20100913,14.16,14.96,14.11,14.80,8608
FINL,20100914,14.82,15.72,14.70,15.04,15908
FINL,20100915,15.15,15.29,14.80,15.10,8612
FINL,20100916,15.03,15.50,14.93,15.31,12160
FINL,20100917,15.39,15.60,15.03,15.18,12925
FINL,20100920,15.18,15.81,14.74,15.79,7197
FINL,20100921,15.78,15.95,15.51,15.65,8661
FINL,20100922,15.58,15.88,15.16,15.23,10455
FINL,20100923,15.27,15.80,15.11,15.69,17439
FINL,20100924,14.35,14.49,13.72,14.25,63627
FINL,20100927,14.25,14.40,14.03,14.11,13351
FINL,20100928,14.06,14.25,13.69,14.20,10916
FINL,20100929,14.15,14.30,14.08,14.26,7279
FINL,20100930,14.12,14.36,13.69,13.91,14293
FINL,20101001,14.03,14.20,13.90,14.15,7733
FINL,20101004,14.12,14.56,13.95,14.28,11025
FINL,20101005,14.37,14.72,14.32,14.62,13581
FINL,20101006,14.62,14.80,14.43,14.78,7964
FINL,20101007,14.64,14.96,14.31,14.57,9442
FINL,20101008,14.60,15.28,14.51,15.09,10149
FINL,20101011,15.14,15.70,15.14,15.37,12558
FINL,20101012,15.27,15.59,15.15,15.56,9387
FINL,20101013,15.70,16.00,15.22,15.31,8828
FINL,20101014,15.42,15.45,14.75,15.09,11969
FINL,20101015,15.27,16.27,14.83,16.24,25955
FINL,20101018,16.23,16.62,16.08,16.56,14516
FINL,20101019,16.26,16.44,15.73,15.98,11574
FINL,20101020,16.10,16.24,15.86,16.06,6979
FINL,20101021,16.21,16.25,15.46,15.75,11869
FINL,20101022,15.76,15.87,15.53,15.75,5266
FINL,20101025,15.86,16.24,15.78,16.18,6292
FINL,20101026,16.05,16.48,15.85,16.34,6489
FINL,20101027,16.08,16.41,15.56,16.07,9174
FINL,20101028,16.00,16.07,15.25,15.56,8864
FINL,20101029,15.48,15.64,15.14,15.33,9816
FINL,20101101,15.41,15.61,15.00,15.25,7106
FINL,20101102,15.41,15.42,14.89,15.17,9844
FINL,20101103,15.23,15.79,15.17,15.61,8589
FINL,20101104,15.85,16.16,15.68,15.97,6387
FINL,20101105,15.98,16.45,15.98,16.17,5350
FINL,20101108,16.03,16.25,15.73,15.99,5382
FINL,20101109,15.93,16.15,15.48,15.68,6524
FINL,20101110,15.79,15.79,15.25,15.73,7335
FINL,20101111,15.41,16.25,15.35,15.87,8438
FINL,20101112,15.53,16.33,15.44,16.11,11520
FINL,20101115,16.15,16.52,15.90,15.98,9690
FINL,20101116,15.98,16.77,15.78,16.57,14244
FINL,20101117,16.42,17.20,16.42,16.94,11357
FINL,20101118,17.12,17.37,17.01,17.07,12087
FINL,20101119,17.34,18.27,17.33,17.99,20421
FINL,20101122,17.88,18.47,17.84,18.04,12608
FINL,20101123,17.68,18.25,17.48,17.82,11223
FINL,20101124,17.91,18.11,17.60,17.68,8427
FINL,20101126,17.42,18.05,17.35,17.75,2960
FINL,20101129,17.79,17.97,17.15,17.57,9386
FINL,20101130,17.38,18.29,17.34,17.85,15951
FINL,20101201,18.21,18.65,17.98,18.64,11265
FINL,20101202,18.64,18.64,18.11,18.33,9771
FINL,20101203,17.97,18.85,17.93,18.81,7131
FINL,20101206,18.66,18.89,18.40,18.67,5331
FINL,20101207,18.96,19.20,18.38,18.44,7083
FINL,20101208,18.42,18.54,17.93,18.14,6228
FINL,20101209,18.42,19.03,18.00,19.02,13495
FINL,20101210,19.02,19.40,18.98,19.16,9119
FINL,20101213,19.27,19.48,18.46,18.47,8784
FINL,20101214,18.51,18.75,18.32,18.57,5231
FINL,20101215,18.60,18.87,18.27,18.32,5869
FINL,20101216,18.32,18.76,18.21,18.58,6642
FINL,20101217,18.57,18.84,18.45,18.67,16768
FINL,20101220,18.75,18.88,18.20,18.28,9536
FINL,20101221,18.49,18.80,18.01,18.79,15633
FINL,20101222,18.48,18.51,17.21,17.45,26685
FINL,20101223,17.48,17.94,17.21,17.36,11357
FINL,20101227,17.13,17.42,16.78,17.23,5836
FINL,20101228,17.17,17.31,16.94,17.02,5399
FINL,20101229,16.99,17.23,16.90,17.13,18300
FINL,20101230,17.29,17.55,17.17,17.35,4413
FINL,20101231,17.37,17.48,17.10,17.19,6520
FINL,20110103,17.30,17.77,17.26,17.36,5755
FINL,20110104,16.86,16.99,16.51,16.66,8804
FINL,20110105,16.58,16.71,16.30,16.69,9844
FINL,20110106,16.59,16.63,15.97,16.03,12160
FINL,20110107,16.08,16.51,15.91,16.50,9073
FINL,20110110,16.45,17.00,16.20,16.97,853200
FINL,20110111,16.97,17.23,16.34,16.59,888200
FINL,20110112,16.76,16.97,16.41,16.78,506200
FINL,20110113,16.70,16.95,16.60,16.83,513100
FINL,20110114,16.85,16.96,16.45,16.65,564200
FINL,20110118,16.69,16.92,16.17,16.33,590800
FINL,20110119,16.40,16.62,15.83,16.06,983500
FINL,20110120,16.07,16.70,16.04,16.07,934700
FINL,20110121,16.15,16.25,15.79,15.97,640700
FINL,20110124,15.94,16.14,15.88,15.92,418000
FINL,20110125,15.46,16.06,15.46,15.95,588800
FINL,20110126,15.95,16.09,15.60,15.74,1164100
FINL,20110127,15.76,16.09,15.74,16.05,673800
FINL,20110128,16.06,16.10,15.36,15.39,1199800
FINL,20110131,14.96,15.63,14.96,15.39,868100
FINL,20110201,15.42,16.02,15.33,15.96,732300
FINL,20110202,15.90,15.97,15.12,15.21,1836800
FINL,20110203,15.20,16.04,15.20,15.95,1301500
FINL,20110204,15.89,16.56,15.84,16.35,985900
FINL,20110207,16.43,16.80,16.33,16.52,520500
FINL,20110208,16.55,16.84,15.75,16.83,511200
FINL,20110209,16.76,16.92,16.36,16.76,538400
FINL,20110210,16.66,16.92,16.45,16.66,479100
FINL,20110211,16.63,16.89,16.49,16.88,781100
FINL,20110214,16.83,17.09,16.56,16.72,416200
FINL,20110215,16.63,16.82,16.47,16.47,564700
FINL,20110216,16.61,17.26,16.61,16.99,627000
FINL,20110217,16.96,17.64,16.82,17.58,701400
FINL,20110218,17.70,17.72,17.45,17.56,804300
FINL,20110222,17.42,17.61,16.75,17.25,737200
FINL,20110223,17.18,17.37,16.53,16.82,841600
FINL,20110224,16.80,17.33,16.50,17.17,798600
FINL,20110225,17.19,17.59,16.98,17.34,831200
FINL,20110228,17.38,17.49,17.14,17.46,569100
FINL,20110301,17.44,17.50,16.97,17.22,1082900
FINL,20110302,17.20,17.85,17.00,17.55,1082700
FINL,20110303,17.77,18.20,17.51,17.88,797200
FINL,20110304,17.88,17.96,17.55,17.79,719200
FINL,20110307,17.79,17.97,17.26,17.27,878100
FINL,20110308,17.22,17.72,17.02,17.58,706600
FINL,20110309,17.61,18.09,17.33,17.95,903500
FINL,20110310,17.79,17.86,17.50,17.67,700500
FINL,20110311,17.68,18.24,17.49,18.15,776300
FINL,20110314,17.97,18.25,17.59,17.90,736300
FINL,20110315,17.45,18.01,17.30,17.64,816400
FINL,20110316,17.64,17.94,17.32,17.48,914700
FINL,20110317,17.69,17.83,17.17,17.17,631200
FINL,20110318,17.30,17.46,17.08,17.23,2474100
FINL,20110321,17.39,17.71,17.12,17.58,1010800
FINL,20110322,17.66,17.84,17.50,17.59,755200
FINL,20110323,17.59,17.88,17.25,17.86,979500
FINL,20110324,17.87,18.55,17.87,18.40,1173100
FINL,20110325,18.52,19.70,18.52,19.13,2246200
FINL,20110328,19.13,19.19,18.60,18.81,1249700
FINL,20110329,18.88,19.23,18.82,19.12,966900
FINL,20110330,19.25,19.89,19.17,19.74,877700
FINL,20110331,19.72,19.91,19.46,19.85,721400
FINL,20110401,19.95,20.20,19.76,19.93,1026500
FINL,20110404,19.95,20.10,19.64,19.78,531200
FINL,20110405,19.79,20.68,19.63,20.44,770200
FINL,20110406,20.56,20.74,20.04,20.16,777900
FINL,20110407,20.25,20.85,20.09,20.50,723700
FINL,20110408,20.60,20.76,20.23,20.39,517300
FINL,20110411,20.43,20.70,20.40,20.55,501200
FINL,20110412,20.35,20.76,20.20,20.24,457600
FINL,20110413,20.33,20.55,19.92,20.22,385600
FINL,20110414,20.06,20.34,20.01,20.26,280300
FINL,20110415,20.97,21.38,20.61,21.06,1184800
FINL,20110418,20.79,20.98,20.43,20.89,472500
FINL,20110419,20.88,21.09,20.52,20.79,396200
FINL,20110420,21.03,21.29,20.96,21.17,390600
FINL,20110421,21.33,21.41,21.02,21.20,426400
FINL,20110425,21.21,21.25,20.86,21.18,429100
FINL,20110426,21.20,21.47,20.99,21.22,843200
