GSIC,20090115,8.32,8.60,7.75,8.46,5994
GSIC,20090116,8.53,8.91,8.23,8.84,4020
GSIC,20090120,8.65,8.65,7.65,7.73,3980
GSIC,20090121,7.84,8.33,7.72,8.27,3090
GSIC,20090122,8.02,8.13,7.35,7.85,4690
GSIC,20090123,7.62,8.85,7.62,8.29,5359
GSIC,20090126,8.28,8.53,8.15,8.39,2197
GSIC,20090127,8.40,8.82,8.28,8.76,2486
GSIC,20090128,8.90,9.49,8.90,9.35,2316
GSIC,20090129,9.31,9.38,8.39,8.43,5021
GSIC,20090130,8.61,9.23,8.15,8.57,7237
GSIC,20090202,8.45,9.01,8.31,9.01,6497
GSIC,20090203,9.01,9.02,8.72,8.86,7304
GSIC,20090204,8.84,9.34,8.84,9.21,7636
GSIC,20090205,9.16,9.85,9.06,9.73,3933
GSIC,20090206,9.75,10.27,9.60,10.10,5430
GSIC,20090209,9.97,10.15,9.76,9.99,6246
GSIC,20090210,9.90,10.23,9.86,10.00,13045
GSIC,20090211,10.09,10.09,9.55,9.73,6370
GSIC,20090212,9.24,10.00,9.18,9.88,12967
GSIC,20090213,9.95,11.25,9.95,10.77,11795
GSIC,20090217,10.59,10.63,10.07,10.21,9314
GSIC,20090218,10.37,10.65,10.18,10.52,4685
GSIC,20090219,10.77,11.11,10.45,10.60,3656
GSIC,20090220,10.42,10.70,10.17,10.39,3643
GSIC,20090223,10.56,10.80,10.13,10.26,5887
GSIC,20090224,10.39,11.10,10.23,11.01,6293
GSIC,20090225,11.05,11.33,10.71,11.02,6030
GSIC,20090226,11.17,11.94,10.87,10.99,10042
GSIC,20090227,10.91,11.36,10.91,11.09,6551
GSIC,20090302,10.79,11.17,10.59,10.84,5036
GSIC,20090303,10.99,11.07,10.71,10.77,4282
GSIC,20090304,10.93,11.01,10.66,10.88,4739
GSIC,20090305,10.66,10.80,10.11,10.13,4545
GSIC,20090306,10.90,10.90,9.98,10.29,5207
GSIC,20090309,10.05,10.19,9.55,9.61,5711
GSIC,20090310,9.89,10.65,9.38,10.59,6886
GSIC,20090311,10.66,11.15,10.52,10.87,4034
GSIC,20090312,10.78,11.68,10.54,11.64,3167
GSIC,20090313,11.69,11.69,11.23,11.45,4697
GSIC,20090316,11.51,11.59,10.96,11.01,2809
GSIC,20090317,10.97,11.77,10.97,11.77,3191
GSIC,20090318,11.67,12.02,11.51,11.95,2794
GSIC,20090319,12.00,12.01,11.82,11.99,3029
GSIC,20090320,12.00,12.00,11.57,11.80,4059
GSIC,20090323,12.08,12.86,11.71,12.79,4938
GSIC,20090324,12.52,13.16,12.50,12.55,4124
GSIC,20090325,12.58,13.10,12.16,12.74,7065
GSIC,20090326,12.98,13.71,12.91,13.61,4564
GSIC,20090327,13.18,13.66,13.00,13.12,2526
GSIC,20090330,12.92,12.99,12.31,12.72,1624
GSIC,20090331,12.88,13.46,12.72,13.10,3626
GSIC,20090401,12.83,13.29,12.69,13.27,4837
GSIC,20090402,13.60,13.77,13.29,13.42,5140
GSIC,20090403,13.42,13.60,13.00,13.60,3176
GSIC,20090406,13.25,13.54,12.78,13.15,2044
GSIC,20090407,12.88,13.27,12.86,12.93,2613
GSIC,20090408,13.01,13.52,12.95,13.51,3532
GSIC,20090409,13.76,14.06,13.52,13.91,5312
GSIC,20090413,13.66,14.68,13.49,14.56,5342
GSIC,20090414,14.32,15.03,14.08,14.94,8067
GSIC,20090415,14.92,14.98,14.44,14.93,3167
GSIC,20090416,15.00,15.20,14.80,15.13,2692
GSIC,20090417,15.16,15.59,14.85,15.44,3086
GSIC,20090420,15.04,15.04,14.57,14.68,2772
GSIC,20090421,14.50,15.15,14.30,15.04,3772
GSIC,20090422,14.83,15.54,14.80,14.97,2802
GSIC,20090423,14.94,15.02,14.13,14.40,4875
GSIC,20090424,14.53,14.73,14.14,14.56,3575
GSIC,20090427,14.46,14.46,14.08,14.11,4529
GSIC,20090428,14.06,14.53,13.92,14.29,7055
GSIC,20090429,14.47,15.11,14.29,15.05,6039
GSIC,20090430,14.01,14.53,13.94,14.21,11922
GSIC,20090501,14.14,14.33,13.13,13.23,12007
GSIC,20090504,13.35,13.83,13.18,13.62,4867
GSIC,20090505,13.48,13.75,13.31,13.46,4757
GSIC,20090506,13.54,13.84,13.39,13.49,5742
GSIC,20090507,13.35,13.64,13.25,13.42,5653
GSIC,20090508,13.52,13.75,13.29,13.65,3755
GSIC,20090511,13.32,13.86,13.16,13.57,3069
GSIC,20090512,13.54,13.58,13.19,13.36,2596
GSIC,20090513,13.04,13.38,12.92,13.01,5476
GSIC,20090514,13.14,13.49,12.95,13.23,2757
GSIC,20090515,13.32,13.60,13.12,13.33,2745
GSIC,20090518,13.48,13.81,13.38,13.78,2356
GSIC,20090519,13.54,13.78,13.02,13.07,4845
GSIC,20090520,13.22,13.46,12.88,12.90,2220
GSIC,20090521,12.79,12.95,12.35,12.59,4044
GSIC,20090522,12.64,12.64,12.35,12.46,1830
GSIC,20090526,12.29,12.71,12.29,12.62,6355
GSIC,20090527,12.46,12.70,12.46,12.55,5910
GSIC,20090528,12.52,12.67,12.40,12.57,4804
GSIC,20090529,12.65,12.88,12.51,12.86,4586
GSIC,20090601,13.00,13.83,12.85,13.72,6184
GSIC,20090602,13.68,14.33,13.29,14.16,4652
GSIC,20090603,14.07,14.34,13.96,14.22,1886
GSIC,20090604,14.14,14.30,13.99,14.29,1353
GSIC,20090605,14.30,14.57,14.21,14.25,1473
GSIC,20090608,14.10,14.35,13.81,14.24,1553
GSIC,20090609,14.25,14.45,14.01,14.16,1532
GSIC,20090610,14.25,14.56,14.14,14.36,3020
GSIC,20090611,14.36,14.70,14.25,14.41,2135
GSIC,20090612,14.25,14.40,14.00,14.21,1572
GSIC,20090615,13.90,14.12,13.63,13.78,3744
GSIC,20090616,13.90,13.90,13.42,13.43,4509
GSIC,20090617,13.48,13.75,13.27,13.55,1244
GSIC,20090618,13.49,13.81,13.30,13.61,977
GSIC,20090619,13.78,13.91,13.54,13.75,2355
GSIC,20090622,13.71,13.85,13.45,13.56,3223
GSIC,20090623,13.63,13.88,13.47,13.77,3169
GSIC,20090624,13.79,14.18,13.57,13.84,1190
GSIC,20090625,13.73,14.27,13.62,14.27,1150
GSIC,20090626,14.14,14.57,13.95,14.49,4842
GSIC,20090629,14.43,14.49,13.60,13.89,8097
GSIC,20090630,14.08,14.58,14.05,14.25,3384
GSIC,20090701,14.32,14.66,14.20,14.24,1481
GSIC,20090702,14.13,14.47,13.95,14.39,1903
GSIC,20090706,14.39,14.85,14.09,14.83,4954
GSIC,20090707,14.75,14.78,14.50,14.64,2198
GSIC,20090708,14.70,14.97,14.55,14.88,2445
GSIC,20090709,14.91,15.00,14.63,14.83,2050
GSIC,20090710,14.78,15.00,14.70,14.94,1376
GSIC,20090713,14.96,15.09,14.39,15.02,2700
GSIC,20090714,15.05,15.11,14.85,14.95,2328
GSIC,20090715,15.13,15.72,15.01,15.48,2981
GSIC,20090716,15.35,15.66,15.27,15.56,1569
GSIC,20090717,15.60,15.65,15.35,15.38,1710
GSIC,20090720,15.50,16.00,15.20,15.84,7803
GSIC,20090721,15.96,16.13,15.15,15.61,3409
GSIC,20090722,15.60,15.94,15.54,15.77,3083
GSIC,20090723,15.68,16.65,15.68,16.31,5123
GSIC,20090724,16.09,16.30,15.99,16.17,1996
GSIC,20090727,16.00,16.43,15.81,16.04,3495
GSIC,20090728,15.87,16.21,15.85,16.12,1995
GSIC,20090729,15.93,16.33,15.80,16.24,2381
GSIC,20090730,17.12,18.36,17.04,18.31,14735
GSIC,20090731,18.18,18.63,18.10,18.24,4147
GSIC,20090803,18.68,18.69,18.00,18.35,3463
GSIC,20090804,17.06,18.29,17.06,17.57,9935
GSIC,20090805,17.67,18.15,17.36,18.14,5838
GSIC,20090806,18.04,18.35,18.00,18.30,3548
GSIC,20090807,18.20,18.75,18.02,18.44,2254
GSIC,20090810,17.97,18.39,17.76,18.19,3841
GSIC,20090811,18.12,18.30,17.95,18.00,3399
GSIC,20090812,17.73,18.33,17.73,18.02,6233
GSIC,20090813,17.37,17.50,16.60,17.18,58238
GSIC,20090814,17.10,17.24,16.97,17.18,10311
GSIC,20090817,16.68,16.88,16.55,16.73,7263
GSIC,20090818,16.85,17.18,16.47,17.11,7433
GSIC,20090819,16.92,17.20,16.84,17.09,2535
GSIC,20090820,17.01,17.28,16.71,16.98,6913
GSIC,20090821,17.20,17.40,16.61,17.38,4612
GSIC,20090824,17.34,17.70,17.10,17.55,3997
GSIC,20090825,17.70,18.02,17.40,17.94,4754
GSIC,20090826,17.98,18.11,17.61,18.03,8477
GSIC,20090827,18.12,18.15,17.57,17.98,3074
GSIC,20090828,18.02,18.25,17.62,17.66,2242
GSIC,20090831,17.57,17.78,17.27,17.36,7861
GSIC,20090901,17.40,17.80,16.64,16.76,4567
GSIC,20090902,16.62,16.86,16.51,16.65,4413
GSIC,20090903,16.70,16.99,16.68,16.93,2739
GSIC,20090904,16.80,17.34,16.75,16.98,2073
GSIC,20090908,17.16,17.23,16.80,17.01,1569
GSIC,20090909,16.95,17.55,16.82,17.48,2753
GSIC,20090910,17.40,17.90,17.09,17.90,3300
GSIC,20090911,17.87,18.06,17.63,18.02,2562
GSIC,20090914,17.80,18.30,17.77,18.25,4186
GSIC,20090915,18.82,19.25,18.61,18.84,10694
GSIC,20090916,18.85,19.59,18.85,19.35,10559
GSIC,20090917,19.38,19.60,19.18,19.53,3417
GSIC,20090918,19.60,19.75,19.16,19.57,4108
GSIC,20090921,19.50,19.59,19.10,19.18,2216
GSIC,20090922,19.39,19.75,19.35,19.65,1854
GSIC,20090923,19.71,19.75,19.42,19.52,2796
GSIC,20090924,19.69,19.69,19.02,19.20,2920
GSIC,20090925,19.20,19.20,18.79,18.80,1747
GSIC,20090928,18.96,19.43,18.96,19.22,2235
GSIC,20090929,19.22,19.39,18.90,19.11,1403
GSIC,20090930,19.17,19.50,18.61,19.31,3512
GSIC,20091001,19.17,19.19,18.74,18.80,3337
GSIC,20091002,18.67,19.01,18.44,18.96,2846
GSIC,20091005,19.11,19.47,18.94,19.33,2540
GSIC,20091006,19.47,19.82,19.30,19.75,4094
GSIC,20091007,19.73,19.90,19.54,19.89,2471
GSIC,20091008,19.94,20.44,19.86,20.06,9022
GSIC,20091009,20.04,20.27,19.77,20.23,2149
GSIC,20091012,20.23,20.36,19.75,19.81,5388
GSIC,20091013,19.84,20.04,19.75,19.87,3493
GSIC,20091014,20.11,20.29,19.99,20.19,4159
GSIC,20091015,19.99,20.29,19.99,20.10,1812
GSIC,20091016,20.04,20.17,19.74,19.96,5548
GSIC,20091019,20.09,20.35,19.67,20.22,3211
GSIC,20091020,20.27,20.42,19.75,19.99,3580
GSIC,20091021,20.00,20.33,19.93,19.93,3127
GSIC,20091022,19.89,20.01,19.39,19.92,3433
GSIC,20091023,20.20,20.95,20.12,20.92,9793
GSIC,20091026,20.76,21.10,20.61,20.97,9191
GSIC,20091027,21.10,21.25,20.86,20.96,8787
GSIC,20091028,21.13,21.24,19.64,19.90,17585
GSIC,20091029,20.05,20.31,19.54,20.04,7664
GSIC,20091030,19.92,19.93,18.83,18.97,9613
GSIC,20091102,18.98,18.98,18.15,18.39,8135
GSIC,20091103,18.34,18.76,18.09,18.75,5840
GSIC,20091104,18.74,19.08,18.37,18.37,4210
GSIC,20091105,18.41,18.76,18.35,18.67,3738
GSIC,20091106,18.48,18.85,18.32,18.66,2745
GSIC,20091109,18.67,19.29,18.67,19.25,4749
GSIC,20091110,19.11,19.20,18.58,18.83,3558
GSIC,20091111,18.93,19.43,18.93,19.19,2929
GSIC,20091112,19.22,19.55,19.05,19.21,5576
GSIC,20091113,19.25,19.44,19.00,19.21,5978
GSIC,20091116,19.41,19.92,19.32,19.86,7395
GSIC,20091117,19.83,20.52,19.72,20.38,4567
GSIC,20091118,20.28,21.20,20.17,21.04,9203
GSIC,20091119,21.80,22.05,21.26,21.97,19971
GSIC,20091120,21.79,22.26,21.66,22.12,14450
GSIC,20091123,22.25,22.60,22.20,22.38,8303
GSIC,20091124,22.48,22.50,21.89,22.26,5215
GSIC,20091125,22.41,22.49,21.94,22.25,3429
GSIC,20091127,21.60,22.23,21.49,22.07,1562
GSIC,20091130,21.98,22.50,21.78,22.34,5971
GSIC,20091201,22.50,23.13,22.37,23.00,15629
GSIC,20091202,23.08,23.60,22.90,23.41,7890
GSIC,20091203,23.50,24.25,23.42,24.04,19731
GSIC,20091204,24.20,24.50,23.53,24.03,9347
GSIC,20091207,24.00,24.70,23.62,24.54,16267
GSIC,20091208,23.49,24.64,23.45,24.13,21530
GSIC,20091209,24.03,24.25,23.65,24.17,8593
GSIC,20091210,24.25,24.96,24.11,24.28,14176
GSIC,20091211,24.27,24.60,24.20,24.45,5082
GSIC,20091214,24.51,24.76,24.36,24.76,5455
GSIC,20091215,24.67,25.07,24.49,24.83,7085
GSIC,20091216,24.97,25.04,24.49,24.59,5147
GSIC,20091217,24.47,24.67,24.14,24.37,6004
GSIC,20091218,24.37,25.36,24.37,25.34,14161
GSIC,20091221,25.42,25.70,25.39,25.60,5118
GSIC,20091222,25.52,25.75,25.24,25.64,5512
GSIC,20091223,25.71,25.74,25.25,25.58,4015
GSIC,20091224,25.67,25.84,25.45,25.81,1865
GSIC,20091228,25.80,25.91,25.35,25.47,2763
GSIC,20091229,25.53,25.69,25.32,25.50,2314
GSIC,20091230,25.53,26.00,25.21,25.62,4571
GSIC,20091231,25.69,25.72,25.35,25.39,1664
GSIC,20100104,25.55,26.00,25.22,26.00,4968
GSIC,20100105,25.89,26.05,25.73,25.94,12779
GSIC,20100106,26.02,26.10,25.80,25.94,3533
GSIC,20100107,26.03,26.09,25.64,25.85,3397
GSIC,20100108,25.72,26.00,25.55,25.85,2920
GSIC,20100111,26.05,26.05,25.17,25.84,4131
GSIC,20100112,25.60,25.81,24.82,24.97,5500
GSIC,20100113,25.06,25.20,24.74,24.85,4486
GSIC,20100114,24.89,25.00,24.64,24.84,4549
GSIC,20100115,24.93,25.00,24.50,24.68,4231
GSIC,20100119,23.57,24.39,23.38,24.29,9744
GSIC,20100120,24.13,24.31,23.79,24.02,5983
GSIC,20100121,24.20,24.53,23.74,24.35,8666
GSIC,20100122,24.36,24.54,23.42,23.56,8734
GSIC,20100125,23.66,23.69,23.30,23.41,5410
GSIC,20100126,23.41,23.94,23.30,23.62,3345
GSIC,20100127,23.63,24.17,23.27,23.53,7981
GSIC,20100128,23.56,23.61,22.74,22.75,6802
GSIC,20100129,22.77,23.36,22.55,22.76,9417
GSIC,20100201,22.77,23.13,22.53,22.92,6602
GSIC,20100202,23.01,23.83,22.97,23.71,7742
GSIC,20100203,23.69,24.26,23.57,24.07,4773
GSIC,20100204,23.85,23.87,23.26,23.41,4728
GSIC,20100205,23.33,23.56,22.93,23.28,6193
GSIC,20100208,23.12,23.39,22.70,22.77,4046
GSIC,20100209,22.96,23.31,22.84,23.30,3583
GSIC,20100210,23.16,23.98,23.09,23.91,5848
GSIC,20100211,23.81,25.56,23.45,25.34,20051
GSIC,20100212,25.15,26.63,25.15,26.39,24393
GSIC,20100216,26.50,26.60,25.32,25.37,11433
GSIC,20100217,24.53,24.60,23.72,24.03,61092
GSIC,20100218,23.91,25.01,23.66,24.93,20534
GSIC,20100219,24.79,25.04,24.61,24.77,11360
GSIC,20100222,24.75,24.85,24.30,24.37,7541
GSIC,20100223,24.08,24.28,23.87,24.23,9484
GSIC,20100224,24.36,24.82,24.23,24.65,7896
GSIC,20100225,24.53,25.00,24.15,24.92,10248
GSIC,20100226,24.97,25.00,24.65,24.97,8201
GSIC,20100301,24.84,25.81,24.72,25.70,13039
GSIC,20100302,25.68,26.10,25.56,26.06,9295
GSIC,20100303,25.97,26.39,25.82,26.24,6302
GSIC,20100304,26.40,26.40,26.14,26.26,6488
GSIC,20100305,26.14,26.84,26.08,26.79,11088
GSIC,20100308,26.40,27.09,26.36,27.07,10497
GSIC,20100309,26.83,27.18,26.81,26.90,9758
GSIC,20100310,27.01,27.23,26.74,26.84,8198
GSIC,20100311,26.85,26.92,26.58,26.91,6123
GSIC,20100312,27.22,27.63,27.08,27.49,8215
GSIC,20100315,27.38,27.64,27.19,27.57,5333
GSIC,20100316,27.70,27.88,27.40,27.53,9561
GSIC,20100317,27.69,28.27,27.43,28.09,13737
GSIC,20100318,28.19,28.34,27.95,28.18,2593
GSIC,20100319,28.33,28.49,27.26,27.46,6441
GSIC,20100322,27.23,27.87,27.04,27.80,5390
GSIC,20100323,27.88,28.01,27.46,27.78,7317
GSIC,20100324,27.79,28.21,27.61,28.00,5093
GSIC,20100325,28.24,28.32,27.93,27.94,4684
GSIC,20100326,27.99,28.25,27.69,27.88,3723
GSIC,20100329,27.86,27.93,27.57,27.66,4520
GSIC,20100330,27.79,28.08,27.67,27.80,2799
GSIC,20100331,27.80,28.10,27.60,27.72,4257
GSIC,20100401,27.87,28.04,27.63,27.88,3637
GSIC,20100405,27.95,28.41,27.95,28.37,3113
GSIC,20100406,28.35,28.84,28.35,28.70,6872
GSIC,20100407,28.59,28.68,28.24,28.45,4792
GSIC,20100408,28.40,28.66,28.13,28.20,7191
GSIC,20100409,28.17,28.37,27.94,28.30,2736
GSIC,20100412,28.22,29.06,28.22,28.77,7779
GSIC,20100413,28.80,29.16,28.67,28.92,6950
GSIC,20100414,29.12,29.26,28.90,29.24,4408
GSIC,20100415,29.25,29.50,29.00,29.40,5468
GSIC,20100416,29.40,29.45,28.38,28.48,7499
GSIC,20100419,28.48,28.84,27.85,28.17,5731
GSIC,20100420,28.23,28.76,28.05,28.60,6348
GSIC,20100421,28.73,28.83,28.41,28.48,6688
GSIC,20100422,28.41,29.19,28.06,29.15,6223
GSIC,20100423,29.25,30.06,29.25,30.06,14637
GSIC,20100426,30.00,30.28,29.59,29.61,7291
GSIC,20100427,29.35,29.60,28.40,28.53,4201
GSIC,20100428,28.38,28.52,27.32,28.08,10704
GSIC,20100429,28.79,29.27,27.55,28.34,14470
GSIC,20100430,28.25,28.42,27.12,27.25,10701
GSIC,20100503,27.40,28.16,27.30,28.05,7066
GSIC,20100504,27.68,27.69,26.57,26.81,9235
GSIC,20100505,26.52,27.46,25.88,27.04,12349
GSIC,20100506,26.89,27.06,24.26,25.73,9960
GSIC,20100507,25.51,25.87,24.76,24.95,11126
GSIC,20100510,25.96,27.11,25.62,27.09,10993
GSIC,20100511,26.70,27.45,26.56,27.21,6209
GSIC,20100512,27.29,28.50,26.66,28.47,6796
GSIC,20100513,28.26,28.78,27.85,28.01,4126
GSIC,20100514,27.77,28.00,27.06,27.47,6563
GSIC,20100517,27.69,28.04,26.88,27.41,4146
GSIC,20100518,27.74,28.03,26.94,27.07,2489
GSIC,20100519,27.02,27.49,26.45,27.14,7608
GSIC,20100520,26.42,26.89,25.95,26.06,10294
GSIC,20100521,25.68,26.21,25.28,25.92,12720
GSIC,20100524,25.74,26.49,25.74,25.81,5779
GSIC,20100525,25.29,25.75,25.00,25.60,8041
GSIC,20100526,25.84,26.95,25.74,26.69,9071
GSIC,20100527,27.14,28.43,27.14,28.39,13743
GSIC,20100528,28.53,29.06,28.06,28.16,11860
GSIC,20100601,28.21,28.73,27.50,27.95,7925
GSIC,20100602,28.43,28.71,28.07,28.71,6988
GSIC,20100603,28.62,30.00,28.58,29.78,9963
GSIC,20100604,28.94,29.67,28.61,28.71,14179
GSIC,20100607,28.87,29.49,28.52,28.77,9670
GSIC,20100608,28.88,29.26,27.49,27.87,14279
GSIC,20100609,28.36,29.93,27.94,28.73,13222
GSIC,20100610,29.11,29.85,29.11,29.84,11555
GSIC,20100611,29.61,30.36,29.61,30.36,7513
GSIC,20100614,30.24,30.95,29.78,30.54,10437
GSIC,20100615,30.70,31.20,30.52,31.10,4777
GSIC,20100616,30.87,31.10,30.62,30.71,6366
GSIC,20100617,30.79,31.13,30.05,31.10,8110
GSIC,20100618,30.57,31.17,30.57,30.98,6735
GSIC,20100621,31.16,31.30,30.58,30.80,6261
GSIC,20100622,30.71,31.35,30.34,30.36,5524
GSIC,20100623,30.05,30.26,29.50,29.83,5678
GSIC,20100624,29.78,29.88,28.81,29.06,9596
GSIC,20100625,29.09,30.50,28.83,30.43,49077
GSIC,20100628,30.37,30.56,29.79,30.32,6586
GSIC,20100629,29.90,29.97,28.41,28.61,8786
GSIC,20100630,28.67,29.54,28.47,28.80,7389
GSIC,20100701,29.40,30.24,27.87,28.49,12560
GSIC,20100702,28.67,28.78,27.45,27.67,8010
GSIC,20100706,28.15,28.62,26.80,26.94,11162
GSIC,20100707,27.08,28.09,26.55,28.02,16463
GSIC,20100708,28.35,29.60,28.12,29.12,14229
GSIC,20100709,29.18,29.49,28.96,29.40,3824
GSIC,20100712,29.30,29.77,28.69,28.91,4388
GSIC,20100713,29.36,29.99,26.47,29.54,7385
GSIC,20100714,29.40,29.87,29.09,29.32,8513
GSIC,20100715,28.85,29.00,27.06,27.43,26368
GSIC,20100716,27.49,27.52,25.90,25.93,14585
GSIC,20100719,26.13,26.36,25.44,25.94,10354
GSIC,20100720,25.58,26.38,25.24,26.33,9540
GSIC,20100721,26.40,26.79,25.17,25.24,6956
GSIC,20100722,25.77,26.38,25.36,26.25,8556
GSIC,20100723,26.06,26.56,25.54,26.48,8259
GSIC,20100726,26.61,27.73,26.48,27.69,7822
GSIC,20100727,27.80,28.00,27.23,27.42,7713
GSIC,20100728,27.12,27.38,26.29,26.55,10155
GSIC,20100729,23.48,24.00,21.65,22.78,74951
GSIC,20100730,22.51,23.73,22.00,22.52,14535
GSIC,20100802,22.92,23.61,22.82,23.51,11872
GSIC,20100803,23.31,23.83,23.04,23.58,11038
GSIC,20100804,23.82,24.01,23.46,23.96,12207
GSIC,20100805,23.90,24.11,23.50,23.59,7834
GSIC,20100806,23.49,23.76,22.92,23.14,8040
GSIC,20100809,23.24,23.64,23.18,23.21,7206
GSIC,20100810,22.98,23.14,22.65,23.01,5439
GSIC,20100811,22.48,22.58,21.96,22.07,7373
GSIC,20100812,21.72,22.35,21.53,22.26,6519
GSIC,20100813,22.17,22.32,22.09,22.14,4491
GSIC,20100816,22.14,22.59,21.97,22.43,3517
GSIC,20100817,22.72,23.09,22.33,22.49,5717
GSIC,20100818,22.47,22.47,21.96,22.28,9634
GSIC,20100819,22.25,22.62,21.67,21.70,8282
GSIC,20100820,21.60,21.87,21.39,21.83,6217
GSIC,20100823,21.91,22.23,21.61,22.17,7953
GSIC,20100824,21.66,21.96,21.15,21.20,13790
GSIC,20100825,21.12,21.86,20.87,21.76,9466
GSIC,20100826,21.90,22.29,21.72,21.89,6203
GSIC,20100827,22.24,23.16,21.86,23.00,10772
GSIC,20100830,22.65,23.06,22.24,22.28,6130
GSIC,20100831,22.30,22.88,22.20,22.70,14721
GSIC,20100901,23.29,24.08,22.90,23.43,15456
GSIC,20100902,23.47,23.98,23.25,23.61,11539
GSIC,20100903,23.98,24.33,23.39,23.74,5682
GSIC,20100907,23.61,24.00,22.97,23.06,7097
GSIC,20100908,23.13,23.55,22.95,23.46,6568
GSIC,20100909,23.63,23.95,22.92,23.41,6906
GSIC,20100910,23.34,23.46,22.76,22.85,6106
GSIC,20100913,23.13,23.56,23.04,23.34,14720
GSIC,20100914,23.37,23.86,23.20,23.68,12877
GSIC,20100915,23.49,23.64,23.24,23.34,9143
GSIC,20100916,23.23,23.37,22.79,23.02,5995
GSIC,20100917,23.06,23.34,22.62,23.22,10700
GSIC,20100920,23.24,24.28,23.24,24.05,20830
GSIC,20100921,23.97,24.72,23.97,24.65,8375
GSIC,20100922,24.50,24.75,24.05,24.56,9647
GSIC,20100923,24.35,25.16,24.21,24.78,7724
GSIC,20100924,25.05,25.93,25.05,25.82,9683
GSIC,20100927,25.85,25.89,24.97,25.04,5963
GSIC,20100928,25.13,25.49,24.65,25.31,7468
GSIC,20100929,25.25,25.44,24.80,25.19,8154
GSIC,20100930,25.33,25.71,24.33,24.70,11845
GSIC,20101001,24.95,25.11,24.21,24.39,11415
GSIC,20101004,24.24,24.65,24.06,24.32,8317
GSIC,20101005,24.63,25.25,24.37,25.07,9325
GSIC,20101006,25.08,25.31,24.32,24.53,13081
GSIC,20101007,24.73,25.04,23.96,24.19,10278
GSIC,20101008,24.22,24.37,23.81,24.13,8825
GSIC,20101011,24.25,24.50,24.02,24.17,5573
GSIC,20101012,24.17,24.35,23.87,23.98,8635
GSIC,20101013,24.17,24.50,24.01,24.45,13054
GSIC,20101014,24.46,24.90,24.09,24.30,9634
GSIC,20101015,24.59,25.09,24.34,25.00,30927
GSIC,20101018,24.81,25.08,24.58,25.02,10059
GSIC,20101019,24.58,24.96,24.39,24.67,23889
GSIC,20101020,24.32,24.95,24.28,24.51,7253
GSIC,20101021,24.81,25.13,24.22,24.58,10114
GSIC,20101022,24.61,25.26,24.61,25.01,12010
GSIC,20101025,25.03,25.82,24.82,25.62,12002
GSIC,20101026,25.53,26.35,25.44,26.08,15096
GSIC,20101027,26.00,26.00,25.09,25.35,15215
GSIC,20101028,23.88,23.90,22.45,23.36,46417
GSIC,20101029,23.32,24.80,23.11,24.42,27036
GSIC,20101101,24.41,24.79,24.15,24.31,14509
GSIC,20101102,24.84,25.08,24.40,24.71,10864
GSIC,20101103,24.77,24.92,24.26,24.90,8026
GSIC,20101104,25.25,26.45,24.82,25.45,12044
GSIC,20101105,25.74,25.74,25.36,25.73,6933
GSIC,20101108,25.65,26.44,25.48,26.02,7648
GSIC,20101109,26.30,26.38,25.38,25.66,11111
GSIC,20101110,25.66,26.13,25.40,26.11,6661
GSIC,20101111,25.53,25.98,25.50,25.86,5682
GSIC,20101112,25.65,26.20,25.45,25.65,8901
GSIC,20101115,25.45,25.73,25.03,25.09,5239
GSIC,20101116,24.02,24.02,23.04,23.31,33686
GSIC,20101117,23.14,23.37,23.00,23.21,14334
GSIC,20101118,23.36,23.45,22.99,23.12,12979
GSIC,20101119,23.00,23.08,21.74,21.87,36415
GSIC,20101122,22.19,22.87,22.01,22.72,18403
GSIC,20101123,22.41,22.56,22.06,22.33,11105
GSIC,20101124,22.71,23.62,22.58,23.47,13973
GSIC,20101126,23.37,23.95,23.33,23.85,5555
GSIC,20101129,23.97,24.23,23.30,23.68,12808
GSIC,20101130,23.40,24.02,23.00,23.80,13026
GSIC,20101201,24.17,24.84,23.83,23.98,12987
GSIC,20101202,24.33,24.90,24.05,24.46,11826
GSIC,20101203,24.04,24.67,24.00,24.15,9067
GSIC,20101206,24.28,24.40,23.93,24.05,6362
GSIC,20101207,24.37,24.60,24.01,24.28,7534
GSIC,20101208,24.41,25.37,24.17,25.20,14560
GSIC,20101209,25.23,25.44,23.68,23.72,28712
GSIC,20101210,23.73,24.14,23.64,24.13,10848
GSIC,20101213,24.09,24.14,23.10,23.13,11202
GSIC,20101214,23.24,23.25,22.86,22.99,13064
GSIC,20101215,22.96,23.04,22.29,22.41,11284
GSIC,20101216,23.00,23.29,22.52,22.67,15317
GSIC,20101217,22.49,22.81,22.40,22.55,10802
GSIC,20101220,22.62,22.92,22.34,22.78,11730
GSIC,20101221,22.85,23.27,22.78,23.12,7710
GSIC,20101222,23.10,23.25,22.68,23.06,4428
GSIC,20101223,23.08,23.38,22.92,23.22,6357
GSIC,20101227,23.26,23.42,23.01,23.37,3655
GSIC,20101228,23.41,23.61,23.06,23.11,4593
GSIC,20101229,23.13,23.63,23.12,23.45,4894
GSIC,20101230,23.33,23.39,22.99,23.21,3615
GSIC,20101231,23.11,23.30,22.95,23.23,3655
GSIC,20110103,23.50,23.71,23.20,23.21,11646
GSIC,20110104,23.07,23.60,22.72,22.90,7477
GSIC,20110105,22.78,23.15,22.65,23.10,14867
GSIC,20110106,23.20,24.21,23.13,23.98,15713
GSIC,20110107,24.13,24.42,23.58,23.83,12392
GSIC,20110110,23.62,23.87,23.29,23.59,809100
GSIC,20110111,23.75,23.75,23.26,23.44,520100
GSIC,20110112,23.55,24.41,23.51,24.41,1549800
GSIC,20110113,24.48,24.48,23.61,23.87,824900
GSIC,20110114,23.95,24.10,23.66,24.07,828200
GSIC,20110118,24.14,24.22,23.24,23.46,855200
GSIC,20110119,23.73,23.73,22.88,22.91,975300
GSIC,20110120,22.74,23.31,22.50,23.00,1475600
GSIC,20110121,23.16,23.21,22.78,22.81,1024200
GSIC,20110124,23.81,23.90,23.06,23.29,1924700
GSIC,20110125,23.15,23.45,23.06,23.34,1092700
GSIC,20110126,23.49,23.63,23.17,23.35,973800
GSIC,20110127,23.55,23.86,23.39,23.56,1134600
GSIC,20110128,22.99,23.51,22.10,22.57,1968900
GSIC,20110131,22.63,23.15,22.04,23.04,1162100
GSIC,20110201,23.12,23.32,22.57,22.61,1036300
GSIC,20110202,22.64,22.89,22.22,22.24,1246300
GSIC,20110203,22.19,22.51,21.90,22.35,1299900
GSIC,20110204,22.38,22.54,22.13,22.40,902900
GSIC,20110207,22.47,22.77,22.32,22.50,1445300
GSIC,20110208,22.57,22.63,22.01,22.25,1594800
GSIC,20110209,22.22,22.35,21.82,22.24,1493500
GSIC,20110210,22.31,22.50,20.03,20.78,8590700
GSIC,20110211,20.59,21.89,20.51,21.28,3212900
GSIC,20110214,21.15,21.82,21.01,21.71,1736600
GSIC,20110215,21.58,21.93,21.51,21.85,1397000
GSIC,20110216,21.86,21.98,21.59,21.78,1154000
GSIC,20110217,21.75,22.14,21.59,22.02,836900
GSIC,20110218,22.17,22.40,21.94,22.05,1863400
GSIC,20110222,21.63,21.84,21.00,21.05,2218400
GSIC,20110223,21.10,21.35,20.11,20.49,1805800
GSIC,20110224,20.61,20.90,20.51,20.84,822400
GSIC,20110225,20.86,21.07,20.53,20.61,1118900
GSIC,20110228,20.69,20.98,20.48,20.79,752600
GSIC,20110301,20.77,20.89,19.80,19.82,1257200
GSIC,20110302,19.75,20.00,19.55,19.88,1000200
GSIC,20110303,20.08,20.28,19.90,20.08,828600
GSIC,20110304,20.02,20.12,19.31,19.52,1714400
GSIC,20110307,19.52,19.52,18.38,18.62,2932000
GSIC,20110308,18.60,18.83,18.29,18.55,1953200
GSIC,20110309,18.48,18.76,18.31,18.62,1491200
GSIC,20110310,18.40,18.99,18.24,18.90,1163900
GSIC,20110311,18.84,18.94,18.48,18.80,624400
GSIC,20110314,18.55,18.69,18.20,18.40,582700
GSIC,20110315,17.87,18.94,17.77,18.67,1450400
GSIC,20110316,18.55,18.76,18.26,18.65,2526700
GSIC,20110317,19.00,19.20,18.68,18.79,2133100
GSIC,20110318,19.04,19.36,19.00,19.29,1690500
GSIC,20110321,19.55,19.76,19.40,19.59,2015000
GSIC,20110322,19.53,19.54,18.77,18.95,1915400
GSIC,20110323,18.95,19.11,18.80,18.98,668000
GSIC,20110324,19.14,19.45,18.88,19.20,1086200
GSIC,20110325,19.30,19.55,19.14,19.38,1102700
GSIC,20110328,29.41,29.82,21.97,29.20,42675000
GSIC,20110329,29.25,29.36,29.12,29.16,10131300
GSIC,20110330,29.15,29.30,29.14,29.30,3770700
GSIC,20110331,29.25,29.41,29.25,29.27,4169400
GSIC,20110401,29.29,29.35,29.21,29.34,2296400
GSIC,20110404,29.20,29.32,29.16,29.18,3361900
GSIC,20110405,29.17,29.24,29.14,29.22,2395500
GSIC,20110406,29.17,29.28,29.16,29.20,2699800
GSIC,20110407,29.18,29.77,29.18,29.53,4056500
GSIC,20110408,29.57,29.57,29.31,29.39,700000
GSIC,20110411,29.29,29.45,29.29,29.29,1401700
GSIC,20110412,29.29,29.37,29.14,29.17,7598300
GSIC,20110413,29.20,29.22,29.01,29.16,4159600
GSIC,20110414,29.11,29.28,29.11,29.27,1497000
GSIC,20110415,29.20,29.46,29.18,29.45,998600
GSIC,20110418,29.27,29.71,29.26,29.61,3851500
GSIC,20110419,29.49,29.93,29.49,29.86,2558300
GSIC,20110420,30.03,30.03,29.62,29.79,1299200
GSIC,20110421,29.98,29.98,29.55,29.81,758300
GSIC,20110425,29.57,29.81,29.57,29.70,559000
GSIC,20110426,29.72,29.83,29.36,29.76,1210500
