HSY,20090115,34.07,34.45,33.50,34.45,9150
HSY,20090116,34.78,35.50,34.66,35.03,10546
HSY,20090120,34.92,35.38,33.82,33.88,12047
HSY,20090121,34.35,34.35,33.30,33.88,13532
HSY,20090122,34.77,35.26,34.35,35.05,22320
HSY,20090123,34.72,35.15,34.60,34.94,16752
HSY,20090126,34.99,35.35,34.90,35.10,21813
HSY,20090127,36.00,37.65,35.98,37.48,32828
HSY,20090128,37.67,37.99,37.17,37.35,24750
HSY,20090129,37.25,38.15,37.22,37.84,18301
HSY,20090130,37.67,38.23,36.93,37.28,27459
HSY,20090202,37.00,37.00,36.04,36.49,16740
HSY,20090203,36.47,37.32,36.18,37.00,37607
HSY,20090204,37.01,37.20,36.12,36.46,17610
HSY,20090205,36.32,36.65,36.09,36.47,17933
HSY,20090206,36.42,37.58,36.27,37.48,29184
HSY,20090209,37.43,37.60,36.39,36.70,20584
HSY,20090210,36.52,36.70,35.65,35.80,13952
HSY,20090211,35.88,36.11,35.00,35.96,11160
HSY,20090212,35.58,36.54,35.06,36.54,18012
HSY,20090213,36.64,37.16,36.32,36.87,30590
HSY,20090217,35.90,35.90,34.75,34.89,23430
HSY,20090218,35.21,35.21,34.48,34.79,15828
HSY,20090219,35.09,35.69,34.21,35.03,11829
HSY,20090220,34.50,35.35,34.30,34.64,16109
HSY,20090223,34.85,34.85,33.61,33.72,15609
HSY,20090224,33.88,34.24,33.59,34.13,17987
HSY,20090225,33.96,34.62,33.77,34.14,35051
HSY,20090226,34.44,34.56,33.38,33.40,24501
HSY,20090227,33.00,34.15,33.00,33.69,21811
HSY,20090302,33.25,34.05,33.00,33.52,20216
HSY,20090303,33.67,34.00,32.92,33.09,17617
HSY,20090304,33.43,33.77,32.80,33.42,14250
HSY,20090305,33.29,33.29,31.18,31.49,29279
HSY,20090306,31.66,32.09,31.38,31.99,23066
HSY,20090309,31.50,32.30,30.86,30.90,35256
HSY,20090310,31.37,31.55,30.27,30.75,36533
HSY,20090311,31.45,31.55,30.90,30.94,23344
HSY,20090312,30.94,32.26,30.94,32.20,16906
HSY,20090313,32.38,33.29,32.16,33.21,19660
HSY,20090316,33.46,33.71,33.04,33.29,17856
HSY,20090317,33.24,35.12,32.95,35.04,34353
HSY,20090318,34.94,35.69,34.41,35.20,22071
HSY,20090319,35.16,35.44,34.50,34.94,15156
HSY,20090320,34.95,35.55,34.91,34.93,19488
HSY,20090323,35.08,36.22,35.00,36.22,17935
HSY,20090324,36.22,36.27,35.25,35.41,14676
HSY,20090325,34.75,35.03,34.09,34.97,27340
HSY,20090326,35.02,35.18,34.25,35.10,17762
HSY,20090327,34.68,35.30,34.50,34.95,14616
HSY,20090330,34.36,34.86,34.31,34.74,12694
HSY,20090331,35.04,35.13,34.10,34.75,14362
HSY,20090401,34.46,35.42,34.20,35.33,11556
HSY,20090402,35.81,36.00,35.43,35.62,11064
HSY,20090403,35.57,36.16,35.28,36.14,13709
HSY,20090406,35.95,36.24,35.65,35.95,11014
HSY,20090407,35.51,35.76,35.08,35.26,10153
HSY,20090408,35.50,36.27,34.79,36.17,13128
HSY,20090409,36.40,36.64,36.13,36.58,12264
HSY,20090413,36.42,36.56,35.88,36.09,8965
HSY,20090414,35.67,35.72,35.14,35.56,7421
HSY,20090415,35.36,36.00,35.20,35.89,7731
HSY,20090416,36.00,36.16,35.29,35.99,11866
HSY,20090417,36.14,36.28,35.68,35.84,21698
HSY,20090420,35.38,36.14,35.38,35.84,24581
HSY,20090421,35.72,36.14,35.41,35.60,23318
HSY,20090422,35.55,36.61,35.45,36.06,23272
HSY,20090423,37.50,37.83,36.68,37.45,30756
HSY,20090424,37.63,37.63,36.06,36.18,14900
HSY,20090427,35.91,36.65,35.75,35.86,15714
HSY,20090428,35.48,36.71,35.48,35.96,24391
HSY,20090429,36.11,36.57,35.97,36.22,11971
HSY,20090430,36.23,36.60,35.89,36.14,22079
HSY,20090501,36.23,36.27,35.62,35.71,13494
HSY,20090504,35.98,36.23,35.51,36.23,13130
HSY,20090505,36.10,36.49,35.78,35.83,11876
HSY,20090506,36.05,36.05,35.20,35.36,12969
HSY,20090507,35.52,35.54,34.96,35.13,12544
HSY,20090508,35.36,35.50,34.96,35.22,10705
HSY,20090511,34.81,35.52,34.81,35.38,14190
HSY,20090512,35.39,35.82,35.33,35.71,11139
HSY,20090513,35.50,35.64,35.15,35.22,9195
HSY,20090514,35.48,35.59,34.94,35.20,10578
HSY,20090515,35.07,35.31,34.85,35.28,11704
HSY,20090518,35.37,35.50,35.13,35.49,11026
HSY,20090519,35.38,35.85,35.18,35.74,13913
HSY,20090520,35.61,35.76,35.09,35.11,23194
HSY,20090521,35.03,35.12,34.52,34.87,11046
HSY,20090522,34.86,35.16,34.74,34.88,13098
HSY,20090526,34.84,35.38,34.40,35.29,13851
HSY,20090527,35.23,35.32,34.65,34.75,11195
HSY,20090528,34.98,35.02,34.48,34.95,9192
HSY,20090529,34.98,35.22,34.64,35.22,12117
HSY,20090601,35.50,35.63,35.24,35.44,11721
HSY,20090602,35.31,35.92,35.21,35.75,16550
HSY,20090603,35.50,35.76,35.29,35.64,12720
HSY,20090604,35.53,35.73,34.98,35.14,11878
HSY,20090605,35.40,35.40,34.77,34.87,10139
HSY,20090608,34.88,35.45,34.85,35.23,13824
HSY,20090609,35.25,35.54,35.16,35.33,10681
HSY,20090610,35.41,35.63,34.77,35.03,11047
HSY,20090611,35.11,35.54,34.90,35.21,8876
HSY,20090612,35.01,35.45,34.90,35.39,5810
HSY,20090615,35.25,35.25,34.42,34.48,11720
HSY,20090616,34.68,34.68,33.82,33.86,12620
HSY,20090617,33.88,34.25,33.70,34.11,7353
HSY,20090618,34.09,34.70,34.07,34.60,9405
HSY,20090619,35.18,35.26,34.76,34.77,18935
HSY,20090622,34.47,34.97,34.47,34.70,12590
HSY,20090623,34.85,34.98,34.60,34.84,13177
HSY,20090624,35.06,35.44,34.87,35.42,12529
HSY,20090625,35.38,36.25,35.02,36.25,14561
HSY,20090626,36.10,36.26,35.77,35.99,13960
HSY,20090629,35.98,36.13,35.85,36.03,7382
HSY,20090630,36.06,36.09,35.57,36.00,9185
HSY,20090701,36.21,36.86,35.78,36.84,14535
HSY,20090702,36.45,36.73,36.17,36.48,10265
HSY,20090706,36.34,37.19,36.25,37.16,9458
HSY,20090707,36.96,37.16,36.49,36.62,12641
HSY,20090708,36.66,37.08,36.37,37.01,12730
HSY,20090709,36.90,37.15,36.64,36.88,10245
HSY,20090710,36.82,36.95,36.49,36.68,8408
HSY,20090713,36.70,37.00,36.60,36.87,12042
HSY,20090714,37.09,37.57,36.87,37.55,11359
HSY,20090715,37.91,37.95,37.51,37.93,7730
HSY,20090716,37.87,38.29,37.77,38.23,9320
HSY,20090717,38.22,38.52,38.02,38.17,9968
HSY,20090720,38.32,38.39,37.71,38.31,9351
HSY,20090721,38.61,38.80,38.16,38.60,7388
HSY,20090722,38.61,39.12,38.57,38.95,11462
HSY,20090723,40.57,42.25,40.08,41.80,34738
HSY,20090724,40.85,41.48,40.15,40.97,27124
HSY,20090727,40.53,40.95,40.21,40.89,11541
HSY,20090728,40.74,41.44,40.53,41.13,11769
HSY,20090729,40.97,41.00,40.35,40.50,13306
HSY,20090730,40.63,40.82,40.19,40.19,10543
HSY,20090731,40.23,40.43,39.88,39.95,14484
HSY,20090803,40.11,40.17,39.48,39.85,11258
HSY,20090804,39.97,40.25,39.40,39.53,14956
HSY,20090805,39.47,39.58,38.90,38.98,12614
HSY,20090806,39.08,39.38,38.75,38.89,11821
HSY,20090807,39.07,39.27,38.90,39.14,10546
HSY,20090810,39.14,39.15,38.75,38.90,6521
HSY,20090811,38.67,38.91,38.55,38.84,9551
HSY,20090812,38.84,39.06,38.38,38.38,10364
HSY,20090813,38.40,38.80,38.28,38.79,11055
HSY,20090814,38.69,39.10,38.59,38.94,10816
HSY,20090817,38.59,38.69,38.18,38.48,11590
HSY,20090818,38.46,39.28,38.40,39.01,12519
HSY,20090819,38.76,39.31,38.76,39.27,7105
HSY,20090820,39.30,39.40,39.06,39.37,6271
HSY,20090821,39.49,39.76,39.08,39.66,8300
HSY,20090824,39.57,39.64,39.08,39.37,7891
HSY,20090825,39.30,39.47,39.03,39.21,6156
HSY,20090826,39.19,39.37,39.03,39.21,7083
HSY,20090827,39.18,39.28,38.71,38.96,6358
HSY,20090828,39.09,39.09,38.65,38.95,7864
HSY,20090831,38.88,39.27,38.69,39.23,7256
HSY,20090901,39.08,39.23,38.35,38.41,13382
HSY,20090902,38.40,38.60,38.24,38.47,7400
HSY,20090903,38.52,38.65,38.12,38.60,7159
HSY,20090904,38.54,38.67,38.24,38.63,16901
HSY,20090908,38.99,39.36,38.28,39.13,23768
HSY,20090909,39.32,41.68,39.28,40.49,54948
HSY,20090910,40.63,40.76,40.08,40.48,12833
HSY,20090911,40.45,40.45,40.00,40.24,11374
HSY,20090914,39.76,40.14,39.44,39.76,16362
HSY,20090915,39.81,39.84,39.12,39.55,44717
HSY,20090916,39.56,39.67,39.05,39.39,16076
HSY,20090917,39.26,39.37,38.83,38.90,29163
HSY,20090918,39.02,39.65,38.75,39.61,23017
HSY,20090921,39.43,39.56,39.11,39.38,9828
HSY,20090922,39.45,39.49,39.00,39.25,13758
HSY,20090923,39.39,39.68,39.20,39.21,10970
HSY,20090924,39.24,39.43,39.00,39.05,8893
HSY,20090925,39.06,39.27,38.81,39.00,11802
HSY,20090928,39.03,39.50,39.02,39.22,10232
HSY,20090929,39.26,39.39,38.93,39.05,12954
HSY,20090930,39.01,39.13,38.44,38.86,13948
HSY,20091001,38.65,40.03,38.50,39.84,33268
HSY,20091002,39.45,39.77,39.28,39.54,19082
HSY,20091005,39.64,39.64,38.82,39.31,14131
HSY,20091006,39.30,39.68,39.10,39.48,9647
HSY,20091007,39.56,39.56,39.06,39.38,9121
HSY,20091008,39.50,39.72,39.10,39.67,15411
HSY,20091009,39.57,39.94,39.25,39.90,9444
HSY,20091012,39.89,40.03,39.52,39.72,8452
HSY,20091013,39.56,39.70,39.27,39.40,9942
HSY,20091014,39.69,39.69,39.37,39.57,8148
HSY,20091015,39.42,39.78,39.41,39.74,10065
HSY,20091016,39.57,39.88,39.27,39.63,12886
HSY,20091019,39.66,39.87,39.49,39.61,16489
HSY,20091020,39.72,40.95,39.41,40.88,21466
HSY,20091021,40.86,41.62,40.61,40.67,25814
HSY,20091022,40.92,40.92,37.41,39.33,61546
HSY,20091023,39.15,39.26,37.65,38.06,28398
HSY,20091026,38.21,38.45,37.58,37.98,18940
HSY,20091027,38.17,38.57,37.86,38.26,18742
HSY,20091028,38.16,38.62,38.05,38.06,15174
HSY,20091029,38.21,38.46,37.84,38.45,11056
HSY,20091030,38.47,38.54,37.76,37.79,16847
HSY,20091102,37.84,38.27,37.71,37.91,10391
HSY,20091103,37.98,37.98,37.02,37.37,21614
HSY,20091104,37.43,37.77,37.23,37.28,14981
HSY,20091105,37.39,37.73,36.95,37.28,32691
HSY,20091106,37.20,37.75,37.17,37.62,15684
HSY,20091109,37.76,37.88,37.43,37.85,14839
HSY,20091110,37.82,38.23,37.82,38.07,11095
HSY,20091111,38.20,38.24,37.86,38.10,10848
HSY,20091112,38.04,38.13,37.72,37.78,12570
HSY,20091113,37.83,38.26,37.67,38.22,16142
HSY,20091116,38.30,38.81,38.17,38.71,20843
HSY,20091117,38.67,38.67,37.99,38.41,24828
HSY,20091118,38.25,38.25,37.51,37.63,24052
HSY,20091119,37.62,37.62,36.97,37.14,18544
HSY,20091120,37.21,37.58,37.03,37.18,16112
HSY,20091123,37.33,37.33,36.26,36.39,22802
HSY,20091124,36.19,36.79,36.17,36.66,14895
HSY,20091125,36.76,36.76,35.89,35.94,18460
HSY,20091127,35.60,35.82,35.22,35.60,7322
HSY,20091130,35.62,35.62,35.30,35.37,22860
HSY,20091201,35.56,35.99,35.56,35.88,14612
HSY,20091202,36.05,36.25,35.82,36.05,13215
HSY,20091203,35.95,36.20,35.70,35.90,10770
HSY,20091204,35.95,36.31,35.80,35.99,15451
HSY,20091207,35.95,36.07,35.78,35.92,11590
HSY,20091208,35.81,35.86,35.29,35.58,8727
HSY,20091209,35.65,35.65,35.19,35.33,9550
HSY,20091210,35.52,35.91,35.46,35.58,10341
HSY,20091211,35.74,36.50,35.74,36.02,13254
HSY,20091214,36.75,36.75,36.09,36.13,10145
HSY,20091215,36.26,36.30,36.00,36.08,9296
HSY,20091216,36.15,36.40,36.03,36.09,9596
HSY,20091217,36.07,36.07,35.51,35.67,9501
HSY,20091218,35.68,35.93,35.05,35.29,16997
HSY,20091221,35.25,35.70,35.25,35.55,7453
HSY,20091222,35.54,36.19,35.50,36.19,10976
HSY,20091223,36.25,36.45,36.05,36.36,4760
HSY,20091224,36.36,36.50,36.20,36.48,1906
HSY,20091228,36.39,36.58,36.31,36.57,4488
HSY,20091229,36.61,36.70,36.38,36.38,5722
HSY,20091230,36.27,36.49,36.11,36.49,4554
HSY,20091231,36.56,36.56,35.77,35.79,6075
HSY,20100104,36.01,36.26,35.76,36.22,10479
HSY,20100105,36.24,37.91,36.00,37.17,38289
HSY,20100106,37.32,37.53,36.75,36.85,14924
HSY,20100107,37.02,37.02,36.36,36.49,11483
HSY,20100108,36.55,36.63,36.20,36.38,8366
HSY,20100111,36.42,36.42,35.83,36.18,12574
HSY,20100112,36.20,37.80,36.15,37.75,23687
HSY,20100113,37.37,38.05,36.46,36.61,48809
HSY,20100114,36.73,37.08,36.51,36.96,17653
HSY,20100115,36.64,36.86,35.97,36.25,19592
HSY,20100119,37.26,38.01,37.26,37.35,35437
HSY,20100120,37.32,37.32,36.72,37.08,18276
HSY,20100121,37.34,37.34,36.18,36.19,26422
HSY,20100122,36.53,36.89,36.10,36.28,16488
HSY,20100125,36.40,36.82,36.15,36.45,18761
HSY,20100126,35.95,36.55,35.95,36.50,27548
HSY,20100127,36.43,37.35,36.40,37.29,29567
HSY,20100128,37.29,37.38,36.83,37.13,19508
HSY,20100129,37.20,37.23,36.43,36.43,24098
HSY,20100201,36.59,36.81,36.06,36.81,22358
HSY,20100202,37.85,37.96,36.95,37.20,27044
HSY,20100203,37.23,37.57,36.95,37.15,14162
HSY,20100204,37.01,37.16,36.75,36.90,24319
HSY,20100205,36.83,37.50,36.77,37.35,23256
HSY,20100208,37.46,37.46,36.90,36.95,14723
HSY,20100209,37.24,37.37,37.05,37.20,16939
HSY,20100210,37.07,37.28,36.75,37.22,12313
HSY,20100211,37.23,37.45,36.84,37.40,13415
HSY,20100212,37.25,37.73,37.03,37.60,18583
HSY,20100216,37.61,38.38,37.53,38.38,17228
HSY,20100217,38.31,38.48,38.22,38.39,13307
HSY,20100218,37.92,38.84,37.81,38.83,14420
HSY,20100219,38.90,40.01,38.50,39.97,35650
HSY,20100222,39.98,40.10,39.55,39.74,46388
HSY,20100223,39.39,39.67,39.09,39.26,11191
HSY,20100224,39.34,39.69,39.25,39.64,14677
HSY,20100225,39.41,39.75,39.25,39.73,23338
HSY,20100226,39.71,39.99,39.66,39.76,14338
HSY,20100301,39.91,40.21,39.79,39.91,15390
HSY,20100302,40.01,40.33,39.91,40.17,11857
HSY,20100303,40.27,40.81,40.05,40.76,23767
HSY,20100304,40.78,41.23,40.76,41.10,18790
HSY,20100305,41.29,41.46,40.97,41.45,15966
HSY,20100308,41.30,41.50,40.85,41.20,17241
HSY,20100309,41.01,41.72,40.95,41.57,16798
HSY,20100310,41.61,41.65,41.26,41.50,15129
HSY,20100311,41.35,41.68,41.27,41.68,13992
HSY,20100312,41.75,42.66,41.65,42.65,33672
HSY,20100315,42.55,42.98,42.38,42.98,25235
HSY,20100316,42.93,43.56,42.68,43.52,24546
HSY,20100317,43.58,43.58,43.04,43.15,19063
HSY,20100318,43.24,43.30,42.78,42.98,17895
HSY,20100319,43.05,43.14,42.35,42.44,21419
HSY,20100322,42.22,42.92,42.17,42.88,13980
HSY,20100323,42.98,43.19,42.68,43.15,12667
HSY,20100324,43.03,43.03,42.53,42.69,13435
HSY,20100325,42.90,42.90,42.47,42.64,16248
HSY,20100326,42.68,42.92,42.36,42.49,9706
HSY,20100329,42.61,42.96,42.37,42.87,10042
HSY,20100330,42.84,43.17,42.79,43.05,7638
HSY,20100331,42.93,43.07,42.79,42.81,8365
HSY,20100401,43.00,43.29,42.79,43.06,7718
HSY,20100405,43.17,43.43,43.04,43.24,8312
HSY,20100406,43.07,43.35,42.94,43.35,7982
HSY,20100407,43.34,43.40,43.01,43.33,10574
HSY,20100408,43.28,43.58,43.06,43.48,10601
HSY,20100409,43.42,44.12,43.27,44.12,12272
HSY,20100412,44.04,44.47,44.04,44.27,14283
HSY,20100413,44.19,44.22,43.80,43.93,11196
HSY,20100414,43.89,44.15,43.52,44.14,10415
HSY,20100415,44.01,44.38,43.57,44.26,11195
HSY,20100416,44.08,44.28,43.58,43.87,15976
HSY,20100419,43.88,44.33,43.68,44.31,13551
HSY,20100420,44.47,44.91,44.26,44.91,14949
HSY,20100421,44.94,45.23,44.57,44.84,18747
HSY,20100422,45.82,48.23,45.62,48.08,68094
HSY,20100423,48.22,48.75,47.46,48.72,26854
HSY,20100426,46.86,48.22,46.81,47.84,32707
HSY,20100427,47.78,47.78,46.99,47.08,21821
HSY,20100428,47.13,47.27,46.76,46.88,16123
HSY,20100429,47.03,47.29,46.58,47.22,14847
HSY,20100430,47.25,47.50,46.90,47.01,13326
HSY,20100503,47.29,47.67,46.94,47.56,12168
HSY,20100504,47.26,47.35,46.78,47.02,12181
HSY,20100505,46.90,47.38,46.75,47.02,19109
HSY,20100506,46.97,47.33,44.75,46.33,29285
HSY,20100507,46.00,46.93,45.88,46.42,31525
HSY,20100510,47.89,47.92,47.05,47.92,17336
HSY,20100511,47.41,48.20,47.27,47.88,17841
HSY,20100512,47.83,48.16,47.72,47.96,16829
HSY,20100513,47.90,48.08,47.52,47.56,11799
HSY,20100514,47.60,47.62,46.92,47.22,17697
HSY,20100517,47.34,48.06,47.08,48.05,15744
HSY,20100518,48.34,48.34,47.80,47.85,17787
HSY,20100519,47.75,47.98,47.44,47.79,14706
HSY,20100520,47.30,47.53,46.62,46.63,26966
HSY,20100521,46.44,46.63,45.59,46.56,32364
HSY,20100524,46.29,46.93,46.10,46.67,21413
HSY,20100525,45.76,46.13,45.37,46.07,13782
HSY,20100526,46.29,46.54,45.86,45.90,12454
HSY,20100527,46.40,47.31,46.35,47.29,16387
HSY,20100528,47.18,47.28,46.80,46.80,20666
HSY,20100601,46.48,48.61,46.24,48.00,31962
HSY,20100602,48.25,48.70,47.86,48.70,18773
HSY,20100603,48.75,49.61,48.70,49.41,19395
HSY,20100604,48.75,49.02,48.18,48.29,18414
HSY,20100607,48.40,49.21,48.04,48.64,17945
HSY,20100608,48.83,50.48,48.73,50.47,37548
HSY,20100609,50.38,51.54,50.10,51.15,29272
HSY,20100610,51.53,52.10,51.45,51.76,17095
HSY,20100611,51.26,51.44,50.40,50.77,21721
HSY,20100614,51.14,51.33,50.75,50.88,25547
HSY,20100615,50.90,51.06,49.92,50.05,42601
HSY,20100616,49.62,50.00,48.94,49.89,34731
HSY,20100617,49.97,50.54,49.58,50.44,31152
HSY,20100618,50.99,51.10,50.17,50.22,24972
HSY,20100621,50.50,50.86,49.12,49.32,23182
HSY,20100622,49.12,49.91,49.12,49.16,13093
HSY,20100623,49.00,49.72,48.73,49.34,10499
HSY,20100624,49.38,49.82,49.20,49.40,13463
HSY,20100625,49.31,49.44,48.23,48.38,26135
HSY,20100628,48.43,49.22,48.35,49.01,8955
HSY,20100629,48.35,48.77,47.99,48.23,12983
HSY,20100630,48.00,48.45,47.78,47.93,19594
HSY,20100701,47.92,48.09,47.02,47.68,20956
HSY,20100702,47.92,48.49,47.75,48.21,25982
HSY,20100706,48.67,49.46,48.45,49.40,29153
HSY,20100707,49.22,50.03,49.03,49.98,19239
HSY,20100708,50.09,50.44,49.67,50.44,12342
HSY,20100709,50.29,50.82,50.29,50.72,11275
HSY,20100712,50.54,50.86,50.40,50.69,14271
HSY,20100713,50.84,51.42,50.77,51.23,18250
HSY,20100714,51.18,51.47,51.00,51.38,14404
HSY,20100715,51.28,51.67,50.93,51.61,12451
HSY,20100716,51.46,51.60,50.69,50.81,13094
HSY,20100719,51.00,51.16,50.49,50.55,11513
HSY,20100720,50.02,50.34,49.74,49.95,29650
HSY,20100721,49.96,50.33,49.50,49.82,29213
HSY,20100722,50.85,51.39,47.33,47.75,39724
HSY,20100723,47.78,47.97,46.76,47.21,29428
HSY,20100726,47.19,47.95,47.14,47.58,19934
HSY,20100727,47.72,47.82,46.84,47.03,19306
HSY,20100728,46.98,47.11,46.30,46.41,17041
HSY,20100729,46.72,46.84,45.77,46.32,28872
HSY,20100730,46.07,47.39,45.53,47.00,24510
HSY,20100802,47.26,47.35,46.47,46.53,15927
HSY,20100803,46.46,46.54,46.14,46.24,12520
HSY,20100804,46.16,46.45,46.01,46.17,14590
HSY,20100805,46.06,46.23,45.60,46.14,14063
HSY,20100806,45.91,46.24,45.65,46.18,9739
HSY,20100809,46.12,46.56,45.99,46.27,14594
HSY,20100810,46.06,46.57,45.89,46.34,13437
HSY,20100811,45.98,46.20,45.63,46.10,15072
HSY,20100812,45.66,46.37,45.54,46.04,17372
HSY,20100813,45.94,46.57,45.83,46.35,12089
HSY,20100816,46.07,46.39,45.77,46.35,10807
HSY,20100817,46.57,47.13,46.29,46.85,16625
HSY,20100818,46.85,47.83,46.83,47.65,16437
HSY,20100819,47.52,47.65,47.03,47.15,16254
HSY,20100820,47.18,47.96,46.97,47.74,20051
HSY,20100823,47.48,47.80,47.40,47.51,11491
HSY,20100824,47.15,47.35,46.63,46.80,15055
HSY,20100825,46.78,46.79,46.16,46.41,24698
HSY,20100826,46.42,46.71,46.25,46.49,11733
HSY,20100827,46.55,47.09,46.26,47.09,12053
HSY,20100830,46.63,46.81,45.78,45.78,15738
HSY,20100831,45.73,46.85,45.73,46.47,14960
HSY,20100901,46.84,47.33,46.75,47.17,11195
HSY,20100902,47.25,47.38,46.44,46.99,12743
HSY,20100903,46.95,47.18,46.71,47.14,7646
HSY,20100907,46.95,47.05,46.18,46.43,15009
HSY,20100908,46.48,46.57,46.19,46.43,11997
HSY,20100909,46.69,46.85,46.24,46.33,11140
HSY,20100910,46.38,46.42,45.53,45.94,20480
HSY,20100913,46.23,46.24,45.60,45.75,15970
HSY,20100914,45.69,45.84,45.44,45.49,16912
HSY,20100915,45.49,45.72,45.31,45.69,18670
HSY,20100916,45.98,47.29,45.57,47.26,36330
HSY,20100917,47.35,47.55,46.93,47.37,31185
HSY,20100920,47.21,48.19,46.94,48.13,14656
HSY,20100921,47.96,48.22,47.61,47.96,16449
HSY,20100922,47.96,48.25,47.56,47.81,15441
HSY,20100923,47.73,47.78,47.38,47.56,11276
HSY,20100924,48.04,48.21,47.79,48.12,15066
HSY,20100927,47.85,48.02,47.39,47.41,10142
HSY,20100928,47.29,47.71,47.05,47.64,9759
HSY,20100929,47.56,48.04,47.41,47.79,8150
HSY,20100930,47.98,48.22,47.55,47.59,11803
HSY,20101001,47.79,47.98,47.39,47.79,8354
HSY,20101004,47.52,47.79,47.35,47.63,9115
HSY,20101005,47.76,48.25,47.71,48.10,12048
HSY,20101006,48.25,48.46,48.03,48.17,13024
HSY,20101007,48.47,48.47,47.77,47.88,10010
HSY,20101008,48.00,48.82,47.94,48.75,16252
HSY,20101011,48.67,49.30,48.45,49.26,15991
HSY,20101012,49.00,49.97,48.92,49.91,17547
HSY,20101013,49.94,50.82,49.87,50.76,19741
HSY,20101014,50.64,51.00,50.48,50.86,16148
HSY,20101015,51.17,51.75,50.93,51.62,21530
HSY,20101018,51.29,51.44,51.12,51.33,11214
HSY,20101019,50.84,51.27,50.77,50.98,14943
HSY,20101020,51.01,51.74,50.93,51.10,12552
HSY,20101021,49.77,50.22,48.74,49.32,28459
HSY,20101022,49.34,49.98,49.27,49.91,9706
HSY,20101025,49.87,50.33,49.55,49.60,12342
HSY,20101026,49.65,49.76,49.12,49.41,10103
HSY,20101027,49.05,49.12,48.48,48.91,11164
HSY,20101028,48.98,49.66,48.91,49.36,12100
HSY,20101029,49.35,49.65,49.23,49.49,7440
HSY,20101101,49.60,49.70,48.93,49.13,6852
HSY,20101102,49.44,49.64,48.82,48.92,8698
HSY,20101103,49.28,49.32,48.72,49.19,9324
HSY,20101104,49.27,49.42,48.77,48.86,13114
HSY,20101105,48.78,48.84,48.00,48.49,13272
HSY,20101108,48.31,48.72,48.11,48.46,8421
HSY,20101109,48.28,48.48,47.81,48.16,11074
HSY,20101110,48.01,48.26,47.76,47.92,9947
HSY,20101111,47.85,48.19,47.59,47.98,9860
HSY,20101112,47.67,47.89,47.37,47.55,7870
HSY,20101115,47.59,47.65,46.96,47.00,13889
HSY,20101116,46.78,46.98,45.94,46.40,21719
HSY,20101117,46.47,46.61,46.19,46.24,15918
HSY,20101118,46.55,46.65,46.14,46.55,13132
HSY,20101119,46.49,46.60,46.16,46.52,13479
HSY,20101122,46.14,46.65,46.02,46.62,10418
HSY,20101123,46.27,46.85,46.06,46.70,16302
HSY,20101124,46.91,47.15,46.71,47.13,9484
HSY,20101126,47.18,47.69,46.93,47.22,6878
HSY,20101129,46.89,46.90,46.24,46.69,10459
HSY,20101130,46.32,46.85,46.15,46.80,10565
HSY,20101201,47.17,47.40,46.91,47.23,9354
HSY,20101202,47.36,47.73,47.08,47.31,13682
HSY,20101203,47.20,47.45,46.45,46.75,10060
HSY,20101206,46.57,46.67,46.17,46.43,12248
HSY,20101207,46.61,46.70,45.86,45.97,17023
HSY,20101208,46.16,46.22,45.67,45.89,14482
HSY,20101209,46.10,47.11,45.92,47.08,15722
HSY,20101210,47.13,47.44,46.78,47.40,9058
HSY,20101213,47.58,47.79,46.98,47.10,13593
HSY,20101214,47.10,47.71,47.07,47.65,15240
HSY,20101215,47.68,47.88,47.51,47.69,11856
HSY,20101216,47.79,48.09,47.51,48.06,10241
HSY,20101217,48.23,48.56,47.95,48.30,16990
HSY,20101220,48.20,48.30,47.39,47.56,9306
HSY,20101221,47.48,47.89,47.29,47.57,6062
HSY,20101222,47.56,48.09,47.49,47.99,7397
HSY,20101223,47.86,48.15,47.85,47.97,4984
HSY,20101227,47.91,47.99,47.52,47.72,5146
HSY,20101228,47.77,47.81,47.26,47.38,4848
HSY,20101229,47.35,47.55,47.13,47.38,7016
HSY,20101230,47.30,47.59,47.05,47.27,5883
HSY,20101231,47.36,47.36,46.98,47.15,5682
HSY,20110103,47.32,47.35,46.73,46.81,8751
HSY,20110104,46.88,46.89,46.24,46.37,14287
HSY,20110105,46.38,46.92,46.27,46.62,9665
HSY,20110106,47.39,48.70,47.34,47.93,23105
HSY,20110107,48.39,48.40,47.81,48.14,10612
HSY,20110110,47.97,48.32,47.91,48.31,939400
HSY,20110111,48.30,48.43,48.07,48.36,789700
HSY,20110112,48.40,48.96,48.22,48.79,996100
HSY,20110113,49.55,50.01,49.10,49.81,2028500
HSY,20110114,49.77,49.80,49.18,49.55,945900
HSY,20110118,49.66,49.80,49.55,49.70,1173000
HSY,20110119,49.60,49.75,49.08,49.20,1087500
HSY,20110120,49.22,49.67,49.14,49.19,1152900
HSY,20110121,49.19,49.89,49.19,49.39,740600
HSY,20110124,49.29,49.42,48.75,48.79,910700
HSY,20110125,48.86,49.75,48.77,49.60,1103700
HSY,20110126,49.55,49.60,48.52,48.52,1004100
HSY,20110127,48.58,48.61,47.75,47.83,1560700
HSY,20110128,47.94,47.98,46.96,47.04,1149100
HSY,20110131,47.02,47.28,46.54,46.69,1031700
HSY,20110201,46.79,47.33,46.79,47.14,2314400
HSY,20110202,47.53,49.22,47.47,48.61,2657200
HSY,20110203,49.26,50.85,49.26,50.49,2339000
HSY,20110204,49.96,50.70,49.47,50.49,1788000
HSY,20110207,50.09,50.09,49.61,49.80,1595500
HSY,20110208,49.75,50.38,49.70,50.25,1221800
HSY,20110209,50.06,50.53,50.06,50.44,663600
HSY,20110210,50.24,50.26,49.53,49.71,961600
HSY,20110211,49.50,50.14,49.50,50.01,601200
HSY,20110214,49.91,50.03,49.53,49.77,1161500
HSY,20110215,49.72,49.83,49.57,49.71,800100
HSY,20110216,49.72,49.95,49.46,49.65,570500
HSY,20110217,49.46,50.23,49.46,50.08,964500
HSY,20110218,50.03,50.34,49.84,50.33,963700
HSY,20110222,49.99,51.64,49.88,51.42,2341600
HSY,20110223,50.92,51.49,50.45,50.48,2392600
HSY,20110224,50.55,52.50,50.53,52.28,3812000
HSY,20110225,52.11,52.24,51.62,51.95,2149300
HSY,20110228,51.65,52.53,51.41,52.32,1944000
HSY,20110301,52.44,52.52,52.20,52.20,1552900
HSY,20110302,52.20,52.77,52.12,52.66,1902700
HSY,20110303,52.77,53.12,52.70,53.03,1403200
HSY,20110304,53.05,53.33,52.86,52.94,1243700
HSY,20110307,53.13,53.47,52.96,53.39,1153800
HSY,20110308,53.47,53.81,53.25,53.69,974000
HSY,20110309,53.53,53.99,53.50,53.91,662000
HSY,20110310,53.63,53.92,53.55,53.63,1070800
HSY,20110311,53.68,53.97,53.59,53.73,515400
HSY,20110314,53.60,53.74,53.00,53.11,1132000
HSY,20110315,52.63,53.64,52.22,53.54,1877500
HSY,20110316,53.35,53.70,52.88,52.90,2837800
HSY,20110317,53.22,53.69,52.98,53.02,1449200
HSY,20110318,53.49,54.07,53.20,53.87,1578400
HSY,20110321,54.09,54.58,54.01,54.56,1483100
HSY,20110322,54.51,54.70,54.12,54.22,971500
HSY,20110323,54.21,54.21,53.62,54.06,1104500
HSY,20110324,54.11,54.48,54.07,54.36,830800
HSY,20110325,54.48,54.69,54.25,54.36,901600
HSY,20110328,54.44,54.73,54.09,54.21,1302500
HSY,20110329,54.12,54.81,54.10,54.79,1010100
HSY,20110330,54.81,55.05,54.57,54.69,1289000
HSY,20110331,54.73,54.91,54.28,54.35,1524200
HSY,20110401,54.46,54.71,54.14,54.30,1445100
HSY,20110404,54.36,54.79,54.35,54.70,1039000
HSY,20110405,54.69,55.40,54.63,55.32,1048000
HSY,20110406,55.45,55.97,55.32,55.67,1006000
HSY,20110407,55.52,55.69,55.33,55.63,954700
HSY,20110408,55.60,56.15,55.47,55.71,1019700
HSY,20110411,55.99,56.48,55.76,56.10,1381700
HSY,20110412,55.96,56.61,55.95,56.30,1046000
HSY,20110413,56.32,56.74,56.31,56.52,997800
HSY,20110414,56.49,57.10,56.37,56.75,1138200
HSY,20110415,56.92,57.30,56.63,57.30,862000
HSY,20110418,56.92,57.03,56.50,56.54,841500
HSY,20110419,56.68,56.69,56.17,56.51,804400
HSY,20110420,56.75,56.99,56.46,56.58,1053900
HSY,20110421,56.79,57.02,56.58,56.75,642400
HSY,20110425,56.93,56.93,56.05,56.63,1065200
HSY,20110426,55.42,58.20,55.25,57.27,3583500
