IBM,20090115,83.61,84.83,82.26,84.12,117352
IBM,20090116,84.61,85.74,83.08,84.92,112452
IBM,20090120,84.76,84.92,81.76,81.98,138219
IBM,20090121,86.29,91.60,86.00,91.42,249060
IBM,20090122,89.83,90.74,88.11,90.07,123509
IBM,20090123,88.40,90.70,87.81,89.49,102563
IBM,20090126,89.77,92.67,89.52,91.60,98419
IBM,20090127,91.77,91.97,90.50,91.66,87213
IBM,20090128,92.70,94.94,91.91,94.82,134124
IBM,20090129,93.58,94.58,92.02,92.51,92340
IBM,20090130,92.23,93.48,91.25,91.65,96170
IBM,20090202,90.60,91.86,89.69,90.93,99267
IBM,20090203,91.07,93.73,90.16,93.48,88660
IBM,20090204,93.74,94.91,91.82,92.83,101917
IBM,20090205,92.13,93.20,91.22,92.41,116229
IBM,20090206,92.51,97.10,91.65,96.14,130637
IBM,20090209,95.93,96.98,94.72,96.82,81658
IBM,20090210,95.58,96.82,92.96,93.27,135416
IBM,20090211,93.48,95.77,93.00,95.16,107657
IBM,20090212,94.41,95.20,92.20,95.07,99176
IBM,20090213,94.79,95.18,93.57,93.84,67423
IBM,20090217,91.73,92.49,90.50,90.67,89067
IBM,20090218,91.17,92.25,90.44,91.51,84910
IBM,20090219,91.06,92.16,88.45,88.93,126236
IBM,20090220,88.05,89.90,87.34,88.79,124006
IBM,20090223,89.30,89.33,84.19,84.37,135073
IBM,20090224,84.63,87.08,84.10,86.40,129156
IBM,20090225,86.00,87.12,82.85,85.90,126466
IBM,20090226,86.85,90.20,86.33,88.97,174240
IBM,20090227,88.12,93.28,88.01,92.03,213124
IBM,20090302,91.17,91.90,88.75,89.05,152319
IBM,20090303,90.16,90.18,87.19,87.77,137445
IBM,20090304,88.97,91.24,87.60,89.49,153919
IBM,20090305,88.13,90.16,87.02,87.48,149334
IBM,20090306,87.47,88.25,83.81,85.81,151878
IBM,20090309,84.70,86.80,83.02,83.48,131521
IBM,20090310,85.11,87.25,83.64,87.25,159148
IBM,20090311,87.51,89.54,86.72,88.62,118238
IBM,20090312,88.59,90.60,87.49,90.40,118293
IBM,20090313,90.40,90.65,89.29,90.36,91119
IBM,20090316,91.65,93.00,90.54,91.22,117962
IBM,20090317,91.11,92.91,90.45,92.91,114901
IBM,20090318,89.46,92.90,89.43,91.95,179522
IBM,20090319,92.84,93.35,91.51,92.66,98997
IBM,20090320,93.16,95.00,92.18,92.51,121944
IBM,20090323,93.70,98.71,93.70,98.71,124078
IBM,20090324,97.69,99.55,97.55,98.30,93437
IBM,20090325,98.47,99.86,96.09,97.95,120169
IBM,20090326,98.47,99.20,97.75,98.78,114388
IBM,20090327,95.99,96.00,92.75,94.15,157451
IBM,20090330,92.00,94.74,91.80,94.52,109639
IBM,20090331,94.96,98.66,94.85,96.89,145540
IBM,20090401,96.39,98.00,95.70,97.61,121300
IBM,20090402,99.15,101.99,98.38,100.82,162268
IBM,20090403,99.77,102.66,99.77,102.22,109571
IBM,20090406,100.90,101.85,100.00,101.56,88198
IBM,20090407,100.17,100.50,98.52,98.75,87684
IBM,20090408,99.45,101.55,99.00,101.19,73018
IBM,20090409,102.01,102.45,100.25,101.70,80140
IBM,20090413,100.28,101.65,99.04,99.95,77973
IBM,20090414,99.08,99.95,98.27,99.27,62772
IBM,20090415,98.23,99.05,96.44,98.85,81642
IBM,20090416,99.74,101.92,99.18,101.43,92601
IBM,20090417,101.18,102.04,99.69,101.27,102152
IBM,20090420,100.29,101.19,99.21,100.43,125532
IBM,20090421,98.41,102.48,98.20,102.31,152295
IBM,20090422,101.17,103.86,101.06,102.55,121203
IBM,20090423,102.65,102.78,99.80,101.42,94404
IBM,20090424,101.17,101.58,99.50,100.08,101575
IBM,20090427,99.61,101.69,99.29,99.95,86113
IBM,20090428,99.36,102.73,99.25,101.94,111111
IBM,20090429,101.98,105.00,101.67,104.04,97841
IBM,20090430,104.55,106.05,102.85,103.21,106645
IBM,20090501,103.78,104.86,102.94,104.61,62341
IBM,20090504,105.26,106.75,104.61,106.19,83139
IBM,20090505,106.00,106.82,105.51,105.85,67505
IBM,20090506,105.23,105.50,103.71,104.62,75355
IBM,20090507,104.65,104.80,101.83,102.59,85221
IBM,20090508,103.58,103.75,99.83,101.49,115758
IBM,20090511,101.09,103.88,100.95,102.90,82529
IBM,20090512,102.98,104.38,102.37,103.94,79634
IBM,20090513,102.88,103.10,101.35,102.26,82021
IBM,20090514,101.72,102.71,100.77,101.05,94451
IBM,20090515,100.90,103.07,100.62,101.37,83674
IBM,20090518,102.00,104.71,101.94,104.58,74290
IBM,20090519,104.33,106.12,104.00,105.51,70793
IBM,20090520,105.51,105.98,103.81,104.05,70831
IBM,20090521,103.07,103.25,101.74,102.82,74108
IBM,20090522,102.67,103.31,101.75,101.89,55962
IBM,20090526,101.32,105.62,101.02,105.02,72077
IBM,20090527,104.34,105.17,102.91,102.93,71209
IBM,20090528,103.34,105.14,102.68,104.69,61276
IBM,20090529,104.47,106.48,103.95,106.28,68657
IBM,20090601,106.94,108.67,106.67,108.37,77251
IBM,20090602,107.51,108.80,106.66,106.83,70457
IBM,20090603,106.53,106.60,105.11,106.49,76879
IBM,20090604,106.17,106.87,105.60,106.33,54685
IBM,20090605,107.33,108.40,106.75,107.24,76650
IBM,20090608,106.64,107.98,105.50,107.49,63643
IBM,20090609,108.15,109.14,107.99,108.14,85919
IBM,20090610,109.20,109.28,107.05,108.35,75782
IBM,20090611,108.75,110.63,108.56,109.40,91343
IBM,20090612,108.40,108.96,107.75,108.21,72480
IBM,20090615,107.63,108.83,107.24,107.62,85676
IBM,20090616,108.47,109.14,107.27,107.32,72312
IBM,20090617,107.46,107.88,106.88,107.00,73662
IBM,20090618,106.93,107.53,106.12,106.33,62069
IBM,20090619,106.31,106.65,105.50,105.89,135591
IBM,20090622,105.18,105.88,104.23,104.52,72954
IBM,20090623,104.75,104.87,103.79,104.44,51525
IBM,20090624,105.39,106.48,103.72,104.15,63952
IBM,20090625,103.70,106.79,103.51,106.06,69005
IBM,20090626,106.50,106.50,105.05,105.68,51282
IBM,20090629,105.99,106.18,105.16,105.83,46817
IBM,20090630,105.69,106.03,103.81,104.42,75126
IBM,20090701,105.00,106.27,104.73,104.84,55373
IBM,20090702,103.80,103.91,101.73,101.73,70278
IBM,20090706,101.57,102.23,100.47,101.65,65225
IBM,20090707,101.34,101.96,100.03,100.19,66856
IBM,20090708,100.29,101.17,99.50,100.68,73807
IBM,20090709,101.12,102.78,100.85,102.08,61531
IBM,20090710,100.97,101.72,99.80,100.83,74705
IBM,20090713,101.28,103.65,100.19,103.62,94942
IBM,20090714,103.42,103.62,102.52,103.25,54135
IBM,20090715,104.75,107.22,104.60,107.22,87038
IBM,20090716,106.84,110.97,106.79,110.64,150150
IBM,20090717,113.41,115.53,113.16,115.42,201890
IBM,20090720,114.53,116.88,114.39,116.44,106835
IBM,20090721,115.87,117.04,115.38,117.04,83019
IBM,20090722,116.18,117.20,115.09,115.57,88133
IBM,20090723,115.06,118.00,115.06,117.06,84621
IBM,20090724,116.68,118.15,116.63,117.64,62610
IBM,20090727,116.95,117.92,116.57,117.63,50702
IBM,20090728,116.63,117.52,116.34,117.28,57829
IBM,20090729,116.36,117.28,116.05,117.26,51009
IBM,20090730,118.00,119.37,117.67,117.86,68031
IBM,20090731,117.56,118.99,117.56,117.93,53296
IBM,20090803,118.88,119.96,118.69,119.92,61082
IBM,20090804,119.17,119.80,119.02,119.60,49945
IBM,20090805,118.52,119.00,117.86,118.47,50261
IBM,20090806,118.31,118.40,116.70,117.38,60032
IBM,20090807,118.22,119.91,118.20,119.39,57632
IBM,20090810,118.17,119.19,117.97,118.70,39812
IBM,20090811,118.03,118.50,117.33,117.79,48444
IBM,20090812,117.60,119.96,117.42,119.29,62900
IBM,20090813,119.28,119.78,118.63,119.58,54891
IBM,20090814,119.29,119.74,117.62,118.57,47971
IBM,20090817,116.69,117.44,116.21,116.86,53502
IBM,20090818,116.81,118.00,116.73,117.63,42863
IBM,20090819,116.36,118.76,116.12,118.57,48378
IBM,20090820,118.44,119.41,118.10,118.95,48420
IBM,20090821,119.65,120.01,118.55,119.90,83067
IBM,20090824,119.92,120.88,119.10,119.32,63640
IBM,20090825,119.25,120.15,118.71,118.83,46529
IBM,20090826,118.64,119.85,117.51,119.47,45163
IBM,20090827,118.73,119.59,117.85,119.43,43568
IBM,20090828,120.10,120.23,117.77,118.22,62356
IBM,20090831,117.10,118.06,116.92,118.05,54401
IBM,20090901,117.67,118.93,116.50,116.69,63044
IBM,20090902,116.34,117.24,116.00,116.09,49918
IBM,20090903,116.55,116.73,115.15,116.33,49361
IBM,20090904,116.58,117.50,116.21,117.46,34517
IBM,20090908,117.94,118.17,116.63,117.16,57975
IBM,20090909,117.03,117.67,116.16,116.76,52480
IBM,20090910,116.99,117.83,116.75,117.67,48893
IBM,20090911,117.80,119.25,117.47,118.05,58937
IBM,20090914,117.00,118.99,116.94,118.88,47593
IBM,20090915,118.78,119.45,118.16,119.35,65359
IBM,20090916,119.50,122.00,119.30,121.82,112390
IBM,20090917,121.14,122.78,121.05,121.88,83936
IBM,20090918,122.45,122.88,121.62,122.11,99359
IBM,20090921,121.03,122.08,120.88,121.57,45155
IBM,20090922,122.09,122.11,120.98,121.61,55646
IBM,20090923,121.26,122.74,120.71,120.82,55394
IBM,20090924,120.69,121.65,120.40,120.94,54268
IBM,20090925,120.27,121.65,120.10,121.08,51879
IBM,20090928,120.52,122.00,118.94,119.33,82491
IBM,20090929,119.36,119.94,118.60,118.81,67489
IBM,20090930,119.18,120.00,117.55,119.61,77332
IBM,20091001,119.39,119.61,117.56,117.90,70675
IBM,20091002,117.40,119.66,117.26,119.02,75819
IBM,20091005,118.90,120.18,118.13,119.75,56733
IBM,20091006,120.39,121.59,120.22,121.35,66592
IBM,20091007,121.12,122.85,120.94,122.78,59673
IBM,20091008,122.52,122.98,121.85,122.29,65012
IBM,20091009,122.43,126.00,122.30,125.93,131232
IBM,20091012,125.44,127.10,125.20,127.04,77304
IBM,20091013,126.22,127.39,126.20,127.02,75815
IBM,20091014,127.71,128.61,126.60,128.35,95503
IBM,20091015,127.56,128.00,126.32,127.98,119262
IBM,20091016,123.15,123.70,121.25,121.64,192184
IBM,20091019,121.76,123.36,121.61,123.06,75099
IBM,20091020,123.36,123.50,121.50,122.82,87807
IBM,20091021,122.18,124.11,120.86,120.87,71736
IBM,20091022,120.75,123.00,120.34,122.69,60270
IBM,20091023,122.95,123.06,120.00,120.36,67991
IBM,20091026,120.61,122.44,119.55,120.11,65391
IBM,20091027,120.18,122.14,119.15,120.65,94459
IBM,20091028,120.47,121.68,119.87,121.50,87814
IBM,20091029,122.15,123.03,121.60,122.87,63094
IBM,20091030,122.63,124.30,120.48,120.61,77162
IBM,20091102,120.77,121.93,119.50,120.56,70494
IBM,20091103,119.53,121.19,119.53,121.16,57067
IBM,20091104,121.46,122.50,121.16,121.29,63532
IBM,20091105,122.12,123.50,122.00,123.10,67035
IBM,20091106,122.51,123.49,122.23,123.49,49795
IBM,20091109,123.92,126.00,123.49,126.00,77649
IBM,20091110,125.30,127.05,125.17,126.91,64444
IBM,20091111,126.55,127.30,125.94,127.19,65309
IBM,20091112,126.61,127.65,126.11,126.26,53454
IBM,20091113,126.41,127.80,126.27,127.03,49868
IBM,20091116,127.17,128.24,127.03,128.21,79751
IBM,20091117,127.43,128.66,127.40,128.63,79087
IBM,20091118,128.05,128.35,127.55,128.15,39702
IBM,20091119,127.28,127.84,126.51,127.54,53088
IBM,20091120,127.17,127.69,126.46,126.96,53545
IBM,20091123,127.70,128.94,127.65,128.20,70034
IBM,20091124,127.90,128.32,127.14,127.93,48221
IBM,20091125,127.88,128.22,127.08,127.28,39710
IBM,20091127,124.59,126.62,124.26,125.70,33094
IBM,20091130,125.12,126.60,124.92,126.35,63026
IBM,20091201,127.29,128.39,126.85,127.94,65785
IBM,20091202,127.32,128.39,127.16,127.21,45996
IBM,20091203,127.60,128.47,127.25,127.55,57599
IBM,20091204,128.40,128.90,126.00,127.25,70685
IBM,20091207,126.88,127.53,126.59,127.04,41445
IBM,20091208,126.97,127.35,126.16,126.80,53515
IBM,20091209,126.70,128.39,126.11,128.39,60719
IBM,20091210,128.13,129.47,128.09,129.34,70777
IBM,20091211,129.01,129.77,128.71,129.68,65992
IBM,20091214,129.65,129.98,129.60,129.93,52016
IBM,20091215,129.46,129.86,127.94,128.49,80321
IBM,20091216,128.74,129.60,128.35,128.71,63725
IBM,20091217,128.00,128.56,127.12,127.40,59100
IBM,20091218,127.97,128.39,127.00,127.91,91066
IBM,20091221,127.80,128.94,127.68,128.65,47728
IBM,20091222,129.30,129.98,129.19,129.93,55355
IBM,20091223,129.70,130.00,129.30,130.00,41284
IBM,20091224,129.89,130.57,129.48,130.57,42647
IBM,20091228,130.99,132.31,130.72,132.31,58010
IBM,20091229,132.28,132.37,131.80,131.85,41842
IBM,20091230,131.23,132.68,130.68,132.57,38672
IBM,20091231,132.41,132.85,130.75,130.90,42233
IBM,20100104,131.18,132.97,130.85,132.45,61554
IBM,20100105,131.68,131.85,130.10,130.85,68416
IBM,20100106,130.68,131.49,129.81,130.00,56053
IBM,20100107,129.87,130.25,128.91,129.55,58406
IBM,20100108,129.07,130.92,129.05,130.85,41971
IBM,20100111,131.06,131.06,128.67,129.48,57304
IBM,20100112,129.03,131.33,129.00,130.51,80814
IBM,20100113,130.39,131.12,129.16,130.23,64555
IBM,20100114,130.55,132.71,129.91,132.31,71131
IBM,20100115,132.03,132.89,131.09,131.78,84997
IBM,20100119,131.63,134.25,131.56,134.14,138580
IBM,20100120,130.46,131.15,128.95,130.25,151975
IBM,20100121,130.47,130.69,128.06,129.00,96086
IBM,20100122,128.67,128.89,125.37,125.50,100890
IBM,20100125,126.33,126.90,125.71,126.12,57386
IBM,20100126,125.92,127.75,125.41,125.75,71353
IBM,20100127,125.82,126.96,125.04,126.33,87194
IBM,20100128,127.03,127.04,123.05,123.75,96222
IBM,20100129,124.32,125.00,121.90,122.39,115721
IBM,20100201,123.23,124.95,122.78,124.67,72443
IBM,20100202,124.79,125.81,123.95,125.53,58999
IBM,20100203,125.16,126.07,125.07,125.66,41779
IBM,20100204,125.19,125.44,122.90,123.00,91283
IBM,20100205,123.04,123.72,121.83,123.52,86179
IBM,20100208,123.15,123.22,121.74,121.88,57184
IBM,20100209,122.65,124.20,122.46,123.21,60445
IBM,20100210,122.94,123.65,122.21,122.81,52193
IBM,20100211,122.58,124.20,122.06,123.73,50893
IBM,20100212,123.01,124.05,121.61,124.00,80177
IBM,20100216,124.91,125.23,124.11,125.23,67773
IBM,20100217,125.50,126.53,125.21,126.33,58274
IBM,20100218,126.13,128.00,126.00,127.81,55260
IBM,20100219,127.35,128.06,126.87,127.19,63031
IBM,20100222,127.30,127.43,126.31,126.85,38081
IBM,20100223,126.48,127.66,126.00,126.46,45944
IBM,20100224,127.02,128.27,126.81,127.59,47820
IBM,20100225,126.05,127.24,125.57,127.07,56588
IBM,20100226,127.01,128.00,126.74,127.16,47841
IBM,20100301,127.50,128.83,127.47,128.57,45776
IBM,20100302,128.70,129.09,127.13,127.42,60134
IBM,20100303,127.73,128.02,126.68,126.88,63900
IBM,20100304,127.07,127.07,125.47,126.72,60322
IBM,20100305,127.17,127.55,127.04,127.25,61402
IBM,20100308,127.06,127.50,126.36,126.41,61995
IBM,20100309,126.27,126.29,125.20,125.55,75293
IBM,20100310,125.99,126.36,125.21,125.62,69162
IBM,20100311,125.71,127.81,125.71,127.60,79286
IBM,20100312,127.91,128.37,127.51,127.94,51695
IBM,20100315,127.40,128.34,127.28,127.83,44976
IBM,20100316,128.00,128.88,127.45,128.67,61350
IBM,20100317,128.90,128.93,127.36,127.76,63489
IBM,20100318,127.46,128.75,127.45,128.38,49543
IBM,20100319,128.84,128.93,126.78,127.71,107442
IBM,20100322,127.11,128.39,126.57,127.98,56519
IBM,20100323,127.94,129.43,127.64,129.37,59786
IBM,20100324,128.63,129.95,128.47,128.53,66692
IBM,20100325,129.36,130.73,129.13,129.24,76054
IBM,20100326,128.93,129.78,128.72,129.26,55507
IBM,20100329,129.30,129.95,128.26,128.59,46432
IBM,20100330,128.90,129.13,128.25,128.77,34265
IBM,20100331,128.23,128.75,127.65,128.25,49047
IBM,20100401,128.95,129.31,127.55,128.25,49804
IBM,20100405,128.38,129.80,128.14,129.35,41188
IBM,20100406,128.68,129.30,128.05,128.93,39262
IBM,20100407,128.53,129.27,128.01,128.48,51570
IBM,20100408,128.04,128.23,127.20,127.61,60068
IBM,20100409,127.88,128.87,127.12,128.76,51865
IBM,20100412,128.57,128.96,128.24,128.36,39923
IBM,20100413,128.26,129.44,127.84,129.03,68191
IBM,20100414,129.73,131.42,129.46,131.25,85459
IBM,20100415,130.53,131.14,130.19,130.89,64253
IBM,20100416,130.68,132.17,130.25,130.63,95485
IBM,20100419,130.38,132.28,130.38,132.23,113164
IBM,20100420,129.20,130.33,128.26,129.69,152165
IBM,20100421,129.87,130.27,128.50,128.99,75593
IBM,20100422,128.64,129.36,127.77,129.13,60184
IBM,20100423,129.08,130.10,128.71,129.99,61973
IBM,20100426,129.76,131.04,129.54,130.73,52855
IBM,20100427,129.90,132.00,128.71,128.82,109167
IBM,20100428,129.40,130.47,129.03,130.10,71230
IBM,20100429,130.55,131.21,130.15,130.46,57869
IBM,20100430,130.43,130.64,128.84,129.00,62667
IBM,20100503,129.39,130.14,128.80,129.60,49920
IBM,20100504,128.89,128.93,126.58,128.12,82852
IBM,20100505,127.12,128.23,126.87,127.46,60727
IBM,20100506,126.29,127.93,116.00,123.92,131689
IBM,20100507,123.36,124.39,120.00,122.10,105847
IBM,20100510,126.27,126.67,125.06,126.27,84638
IBM,20100511,125.21,128.42,125.15,126.89,64998
IBM,20100512,127.16,132.85,127.01,132.68,166290
IBM,20100513,130.93,133.10,130.85,131.48,104981
IBM,20100514,131.06,131.67,129.41,131.19,99204
IBM,20100517,130.68,131.76,128.70,130.44,89242
IBM,20100518,131.26,131.99,129.90,129.95,93318
IBM,20100519,129.37,130.50,127.82,128.86,86697
IBM,20100520,127.22,127.96,123.68,123.80,131775
IBM,20100521,122.16,125.61,121.40,125.42,126396
IBM,20100524,125.26,126.02,124.04,124.45,68761
IBM,20100525,121.47,124.95,121.47,124.52,94987
IBM,20100526,124.89,125.94,123.00,123.23,90838
IBM,20100527,125.05,126.39,124.77,126.39,77260
IBM,20100528,125.96,126.28,124.29,125.26,74219
IBM,20100601,125.00,126.88,124.20,124.34,71361
IBM,20100602,124.81,127.50,124.35,127.41,77053
IBM,20100603,127.46,128.22,126.46,127.96,66452
IBM,20100604,126.43,127.10,124.67,125.28,96686
IBM,20100607,125.50,125.86,124.13,124.13,69513
IBM,20100608,124.11,124.46,122.82,123.72,83987
IBM,20100609,124.56,125.84,123.58,123.90,77954
IBM,20100610,126.45,128.22,125.80,127.68,74795
IBM,20100611,127.17,128.80,126.44,128.45,58264
IBM,20100614,128.50,129.97,128.49,128.50,67529
IBM,20100615,128.73,129.95,128.37,129.79,66524
IBM,20100616,128.45,130.68,128.34,130.35,64010
IBM,20100617,130.11,131.03,129.86,130.98,55750
IBM,20100618,130.96,131.25,130.13,130.15,95814
IBM,20100621,131.36,131.94,130.22,130.65,68578
IBM,20100622,130.35,131.47,129.07,129.30,60301
IBM,20100623,129.30,131.47,129.09,130.11,68554
IBM,20100624,129.71,129.73,127.70,128.19,55655
IBM,20100625,128.43,129.10,127.12,127.12,104205
IBM,20100628,127.32,129.47,127.22,128.98,63350
IBM,20100629,127.55,128.40,124.12,125.09,93781
IBM,20100630,124.75,125.22,123.00,123.48,80179
IBM,20100701,123.85,124.21,121.61,122.57,97420
IBM,20100702,122.68,123.29,120.61,121.86,64544
IBM,20100706,123.67,124.63,122.17,123.46,63345
IBM,20100707,123.77,127.12,123.47,127.00,70903
IBM,20100708,127.37,128.15,126.74,127.97,54393
IBM,20100709,127.75,128.20,127.29,127.96,38980
IBM,20100712,127.43,128.83,127.16,128.67,42069
IBM,20100713,128.92,130.98,128.69,130.48,66867
IBM,20100714,129.47,131.60,129.14,130.72,66071
IBM,20100715,129.87,130.92,129.55,130.72,61867
IBM,20100716,130.10,130.15,127.85,128.03,70025
IBM,20100719,128.73,130.38,128.37,129.79,83645
IBM,20100720,123.01,126.56,122.93,126.55,163382
IBM,20100721,126.37,126.50,124.62,125.27,86153
IBM,20100722,126.33,127.78,126.05,127.47,69089
IBM,20100723,127.35,128.80,127.00,128.38,50819
IBM,20100726,127.90,128.43,127.14,128.41,51720
IBM,20100727,128.70,129.17,127.89,128.63,46482
IBM,20100728,128.63,129.35,127.88,128.43,42522
IBM,20100729,128.96,129.50,127.14,128.02,89971
IBM,20100730,127.30,128.98,127.04,128.40,60209
IBM,20100802,129.32,131.20,129.25,130.76,64126
IBM,20100803,130.11,131.04,129.33,130.37,50919
IBM,20100804,130.37,131.50,129.85,131.27,45726
IBM,20100805,130.69,131.98,130.53,131.83,45205
IBM,20100806,130.14,130.48,128.76,130.14,61370
IBM,20100809,130.69,132.34,130.40,132.00,61318
IBM,20100810,131.30,132.49,130.77,131.84,54717
IBM,20100811,130.31,130.69,129.46,129.83,63164
IBM,20100812,128.00,128.78,127.52,128.30,51324
IBM,20100813,127.83,128.46,127.33,127.87,46704
IBM,20100816,127.20,128.23,126.96,127.77,40091
IBM,20100817,128.38,129.85,127.91,128.45,42985
IBM,20100818,128.62,130.20,127.80,129.39,48832
IBM,20100819,128.67,129.59,128.02,128.90,54023
IBM,20100820,128.64,128.98,126.96,127.50,62463
IBM,20100823,127.61,128.03,126.44,126.47,40344
IBM,20100824,125.16,126.02,124.57,124.90,56236
IBM,20100825,124.42,125.60,124.00,125.27,52396
IBM,20100826,125.60,125.78,122.78,122.78,77471
IBM,20100827,123.88,124.80,122.42,124.73,62142
IBM,20100830,125.05,125.27,123.40,123.40,36040
IBM,20100831,123.07,123.99,122.28,123.13,56241
IBM,20100901,125.22,126.31,124.52,125.77,56230
IBM,20100902,126.03,126.23,124.65,125.04,51036
IBM,20100903,126.02,127.60,125.90,127.58,51443
IBM,20100907,127.19,127.36,125.88,125.95,43539
IBM,20100908,126.38,126.52,125.39,126.08,44860
IBM,20100909,127.25,127.57,126.15,126.36,34367
IBM,20100910,127.02,128.29,126.26,127.99,44192
IBM,20100913,128.68,130.00,128.52,129.61,52712
IBM,20100914,128.43,129.92,128.43,128.85,48508
IBM,20100915,128.70,129.96,128.54,129.43,47625
IBM,20100916,129.19,129.95,128.80,129.67,46853
IBM,20100917,130.00,130.60,129.70,130.19,103976
IBM,20100920,130.11,132.09,130.11,131.79,72147
IBM,20100921,131.11,132.80,130.78,131.98,52683
IBM,20100922,131.67,132.58,131.40,132.57,49222
IBM,20100923,131.36,132.78,131.22,131.67,38988
IBM,20100924,132.38,134.15,132.34,134.11,70781
IBM,20100927,133.99,135.00,133.51,134.65,61553
IBM,20100928,134.37,135.14,133.71,134.89,74837
IBM,20100929,134.44,135.80,134.34,135.48,51516
IBM,20100930,135.48,136.11,133.67,134.14,64320
IBM,20101001,135.14,136.28,135.09,135.64,56212
IBM,20101004,135.02,135.92,134.39,135.25,40638
IBM,20101005,136.12,137.90,136.12,137.66,62022
IBM,20101006,136.98,137.96,136.83,137.84,47829
IBM,20101007,137.92,138.88,137.52,138.72,64295
IBM,20101008,138.43,139.09,138.06,138.85,45407
IBM,20101011,138.65,139.94,138.64,139.66,40096
IBM,20101012,138.55,139.99,138.27,139.85,56390
IBM,20101013,139.85,141.48,139.78,140.37,87883
IBM,20101014,140.27,141.50,139.69,141.50,56575
IBM,20101015,141.99,142.10,140.54,141.06,72212
IBM,20101018,140.87,143.03,140.84,142.83,103287
IBM,20101019,137.56,139.34,136.70,138.03,141596
IBM,20101020,138.15,139.87,138.13,139.07,69544
IBM,20101021,139.90,140.49,138.40,139.83,62241
IBM,20101022,140.15,140.75,139.46,139.67,41053
IBM,20101025,140.42,141.40,139.81,139.84,48699
IBM,20101026,139.31,142.00,138.53,140.67,73277
IBM,20101027,139.51,141.57,139.00,141.43,64661
IBM,20101028,141.80,141.95,140.42,140.90,54817
IBM,20101029,141.14,144.00,140.75,143.60,84440
IBM,20101101,143.65,144.26,142.32,143.32,56755
IBM,20101102,143.71,144.71,143.71,143.84,46264
IBM,20101103,143.90,144.46,142.63,144.17,51824
IBM,20101104,144.78,146.84,144.71,146.79,66263
IBM,20101105,146.00,146.93,145.67,146.92,49958
IBM,20101108,145.28,146.58,145.25,146.46,44599
IBM,20101109,146.55,147.53,145.63,146.14,57013
IBM,20101110,146.09,146.79,145.63,146.55,51728
IBM,20101111,144.90,145.50,143.35,145.43,47523
IBM,20101112,144.51,145.77,143.55,143.74,47328
IBM,20101115,143.85,144.75,143.27,143.64,38278
IBM,20101116,142.73,143.38,141.18,142.24,63504
IBM,20101117,142.35,142.49,141.39,141.95,47870
IBM,20101118,142.81,144.99,142.75,144.36,42389
IBM,20101119,144.26,145.35,143.99,145.05,50159
IBM,20101122,144.05,145.43,143.56,145.39,36930
IBM,20101123,144.05,144.53,142.33,143.18,45724
IBM,20101124,144.00,146.44,143.82,145.81,48772
IBM,20101126,144.04,145.30,143.57,143.90,20810
IBM,20101129,143.36,143.67,141.50,142.89,50402
IBM,20101130,142.15,142.76,141.28,141.46,76760
IBM,20101201,143.85,145.13,143.51,144.41,68228
IBM,20101202,144.36,145.85,144.30,145.18,53755
IBM,20101203,144.30,145.68,144.25,145.38,37109
IBM,20101206,144.60,145.87,144.52,144.99,33217
IBM,20101207,145.93,146.30,143.87,144.02,48303
IBM,20101208,144.26,145.65,143.84,144.98,49620
IBM,20101209,145.78,145.94,143.52,144.30,44053
IBM,20101210,144.76,144.95,143.73,144.82,35038
IBM,20101213,145.21,145.40,144.21,144.28,47419
IBM,20101214,144.43,146.01,144.26,145.82,48029
IBM,20101215,145.28,145.72,144.31,144.72,44336
IBM,20101216,145.12,145.32,144.15,144.55,41786
IBM,20101217,144.55,145.50,144.40,145.00,100269
IBM,20101220,145.25,145.54,144.39,144.51,39818
IBM,20101221,145.00,145.99,144.33,145.74,37792
IBM,20101222,145.61,146.40,145.58,145.95,33888
IBM,20101223,145.75,146.33,145.33,145.89,24246
IBM,20101227,145.00,145.70,145.00,145.34,23147
IBM,20101228,145.49,146.15,145.06,145.71,27009
IBM,20101229,146.01,147.50,145.71,146.52,36625
IBM,20101230,146.37,147.11,146.25,146.67,30390
IBM,20101231,146.69,147.07,145.96,146.76,29698
IBM,20110103,147.21,148.20,147.14,147.48,46039
IBM,20110104,147.56,148.22,146.64,147.64,50601
IBM,20110105,147.34,147.48,146.73,147.05,46592
IBM,20110106,147.13,148.79,146.82,148.66,50323
IBM,20110107,148.79,148.86,146.94,147.93,41354
IBM,20110110,147.58,148.06,147.23,147.64,3633400
IBM,20110111,148.20,148.35,146.75,147.28,4163600
IBM,20110112,147.99,149.29,147.67,149.10,4091500
IBM,20110113,149.24,149.29,148.25,148.82,3445800
IBM,20110114,148.89,150.00,148.47,150.00,4544200
IBM,20110118,149.82,151.46,149.38,150.65,9176900
IBM,20110119,153.26,156.13,152.83,155.69,12141000
IBM,20110120,154.53,155.96,154.45,155.80,7439900
IBM,20110121,156.40,156.78,154.96,155.50,7009000
IBM,20110124,155.42,159.79,155.33,159.63,7285100
IBM,20110125,159.21,164.35,159.00,161.44,8260800
IBM,20110126,161.67,161.90,160.42,161.04,5353100
IBM,20110127,161.43,162.18,160.86,161.07,4878300
IBM,20110128,161.05,161.92,158.67,159.21,6725600
IBM,20110131,159.18,162.00,158.68,162.00,7197200
IBM,20110201,162.11,163.94,162.00,163.56,5831300
IBM,20110202,163.40,163.60,162.61,163.30,3904000
IBM,20110203,163.16,164.20,162.81,163.53,4683400
IBM,20110204,163.48,164.14,163.22,164.00,3755200
IBM,20110207,164.08,164.99,164.02,164.82,4928100
IBM,20110208,164.82,166.25,164.32,166.05,5612600
IBM,20110209,165.62,165.97,164.10,164.65,4633600
IBM,20110210,163.90,165.00,163.18,164.09,5737800
IBM,20110211,163.98,165.01,163.31,163.85,5185200
IBM,20110214,164.18,164.38,162.85,163.22,4129800
IBM,20110215,162.89,163.57,162.52,162.84,3768700
IBM,20110216,163.33,163.60,162.75,163.40,3216000
IBM,20110217,163.30,164.67,162.85,164.24,3230500
IBM,20110218,164.46,164.84,164.10,164.84,4245000
IBM,20110222,163.57,164.26,161.78,161.95,5209300
IBM,20110223,161.81,162.68,160.14,160.18,5998100
IBM,20110224,159.63,161.27,159.03,160.77,5707500
IBM,20110225,161.06,162.34,160.86,162.28,4518400
IBM,20110228,162.36,162.99,161.24,161.88,4773000
IBM,20110301,163.15,163.15,159.88,159.97,4382800
IBM,20110302,159.43,161.11,159.41,160.16,3413000
IBM,20110303,161.42,164.00,161.27,163.48,4057800
IBM,20110304,163.40,164.31,160.65,161.83,4910700
IBM,20110307,161.60,162.98,158.85,159.93,5312000
IBM,20110308,159.70,163.43,159.21,162.28,5384800
IBM,20110309,163.47,167.72,163.28,165.86,9086600
IBM,20110310,164.64,164.67,161.38,162.02,7041400
IBM,20110311,162.40,163.24,160.84,162.43,4271000
IBM,20110314,161.16,161.98,160.09,161.39,4300500
IBM,20110315,157.35,159.64,156.88,159.02,6475800
IBM,20110316,156.52,156.98,151.71,153.00,12195300
IBM,20110317,154.00,154.50,152.70,154.18,7376400
IBM,20110318,156.50,156.95,154.32,155.89,11450000
IBM,20110321,157.64,159.63,157.07,157.68,5784000
IBM,20110322,158.56,158.61,157.52,158.00,4311400
IBM,20110323,158.00,160.08,157.53,159.53,4782500
IBM,20110324,160.23,160.71,158.84,160.04,5145800
IBM,20110325,160.98,162.74,160.76,162.18,5348100
IBM,20110328,161.54,162.58,161.12,161.37,3972800
IBM,20110329,161.34,163.09,161.15,162.88,3456700
IBM,20110330,163.55,163.99,163.02,163.60,3394100
IBM,20110331,163.40,164.06,163.07,163.07,3860800
IBM,20110401,163.70,164.42,163.04,164.27,4381900
IBM,20110404,164.42,164.73,163.58,164.25,3225100
IBM,20110405,163.81,164.70,163.62,163.99,3612000
IBM,20110406,164.34,164.75,163.81,164.04,3774800
IBM,20110407,164.10,164.55,163.28,164.38,3666700
IBM,20110408,164.35,164.38,163.16,164.05,3324100
IBM,20110411,163.44,164.00,163.11,163.95,4139000
IBM,20110412,163.36,163.77,162.30,163.25,3860600
IBM,20110413,163.97,164.93,163.66,163.95,4181900
IBM,20110414,163.84,165.36,163.16,164.97,4699100
IBM,20110415,165.00,166.34,164.87,166.21,5287400
IBM,20110418,164.64,166.16,162.86,165.94,6160700
IBM,20110419,165.71,166.38,164.44,165.40,6547100
IBM,20110420,163.10,165.89,162.19,164.75,10891800
IBM,20110421,165.63,168.45,164.86,168.28,6158400
IBM,20110425,167.65,168.77,167.23,167.67,3583800
IBM,20110426,167.99,169.20,167.40,168.49,7265600
