ING,20090115,9.19,9.21,8.57,9.09,17163
ING,20090116,9.33,9.40,8.76,9.33,20225
ING,20090120,7.46,7.62,6.80,6.85,26838
ING,20090121,6.90,7.34,6.71,7.23,20359
ING,20090122,7.04,7.47,6.77,7.25,16038
ING,20090123,6.49,7.10,6.42,7.04,22404
ING,20090126,8.97,9.25,8.41,8.48,22682
ING,20090127,8.46,8.53,8.02,8.27,11033
ING,20090128,9.01,9.27,8.92,9.04,15012
ING,20090129,8.53,8.62,8.15,8.23,28415
ING,20090130,8.50,8.52,7.79,8.33,26000
ING,20090202,7.73,8.10,7.69,7.92,14190
ING,20090203,8.23,8.55,8.01,8.45,9214
ING,20090204,8.55,8.85,8.21,8.29,12375
ING,20090205,8.02,8.39,7.81,8.22,15329
ING,20090206,8.62,8.81,8.53,8.59,11468
ING,20090209,8.91,8.95,8.62,8.81,9281
ING,20090210,8.52,8.58,7.91,8.01,18521
ING,20090211,8.03,8.13,7.80,8.03,15898
ING,20090212,7.63,7.75,7.42,7.75,13883
ING,20090213,7.52,7.69,7.39,7.59,10224
ING,20090217,6.65,6.79,6.41,6.73,19319
ING,20090218,6.29,6.34,6.00,6.14,16281
ING,20090219,6.16,6.16,5.68,5.89,22613
ING,20090220,4.92,5.26,4.92,5.20,34639
ING,20090223,5.19,5.19,4.44,4.48,31667
ING,20090224,4.11,4.95,3.94,4.86,46996
ING,20090225,4.74,4.74,4.17,4.44,27830
ING,20090226,5.24,5.35,4.99,5.03,25979
ING,20090227,4.48,4.77,4.42,4.51,17230
ING,20090302,4.26,4.36,4.13,4.15,21476
ING,20090303,4.00,4.01,3.63,3.83,24744
ING,20090304,3.93,4.12,3.83,3.98,23168
ING,20090305,3.44,3.53,3.02,3.03,34891
ING,20090306,3.15,3.25,3.03,3.16,20074
ING,20090309,3.08,3.34,3.07,3.10,15998
ING,20090310,3.61,3.85,3.56,3.81,17020
ING,20090311,3.92,4.00,3.49,3.54,27297
ING,20090312,3.73,4.18,3.64,4.13,20495
ING,20090313,4.32,4.42,4.04,4.23,52135
ING,20090316,4.47,4.55,4.22,4.25,47874
ING,20090317,4.46,4.61,4.36,4.55,31530
ING,20090318,4.67,5.25,4.51,5.03,25153
ING,20090319,5.66,5.71,5.28,5.28,28823
ING,20090320,5.65,5.87,5.55,5.73,21818
ING,20090323,6.88,7.23,6.66,7.13,25930
ING,20090324,6.46,6.57,6.00,6.00,36813
ING,20090325,6.55,6.74,6.19,6.57,26112
ING,20090326,6.61,6.68,6.41,6.63,16743
ING,20090327,6.02,6.19,5.82,6.18,22166
ING,20090330,5.40,5.41,5.16,5.40,16247
ING,20090331,5.42,5.71,5.37,5.44,24005
ING,20090401,5.52,6.02,5.46,5.94,17878
ING,20090402,6.64,7.00,6.60,6.70,28925
ING,20090403,7.27,7.50,7.07,7.37,25324
ING,20090406,7.02,7.35,6.91,7.10,16594
ING,20090407,6.53,6.76,6.45,6.60,14601
ING,20090408,6.85,7.13,6.68,6.92,18742
ING,20090409,7.99,8.38,7.91,8.19,32119
ING,20090413,8.41,9.11,8.19,8.82,20949
ING,20090414,8.72,8.94,8.31,8.40,30339
ING,20090415,8.59,9.11,8.50,9.08,35007
ING,20090416,8.95,8.95,8.44,8.70,25608
ING,20090417,8.60,8.88,8.55,8.72,15466
ING,20090420,7.80,7.83,7.41,7.79,23952
ING,20090421,7.29,8.09,7.29,7.95,25246
ING,20090422,7.89,8.25,7.80,7.84,27557
ING,20090423,8.22,8.29,7.88,8.22,20852
ING,20090424,8.21,8.24,8.05,8.22,19333
ING,20090427,7.84,7.97,7.73,7.87,14337
ING,20090428,7.56,7.80,7.46,7.74,15826
ING,20090429,8.42,8.71,8.34,8.62,24240
ING,20090430,9.47,9.74,9.06,9.06,27024
ING,20090501,9.10,9.45,9.08,9.14,12742
ING,20090504,9.62,10.20,9.59,10.14,17609
ING,20090505,10.29,10.43,9.90,10.34,15411
ING,20090506,10.36,10.75,10.09,10.75,20344
ING,20090507,11.04,11.19,10.16,10.26,25369
ING,20090508,11.12,11.56,11.07,11.47,20238
ING,20090511,11.12,11.47,11.07,11.17,15236
ING,20090512,11.11,11.18,10.32,10.62,25098
ING,20090513,9.36,9.65,9.24,9.65,26577
ING,20090514,9.35,9.83,9.28,9.73,21962
ING,20090515,9.71,10.02,9.58,9.75,12404
ING,20090518,10.47,10.75,10.33,10.68,14570
ING,20090519,10.81,11.22,10.67,10.67,18533
ING,20090520,11.13,11.36,10.85,10.89,20695
ING,20090521,10.93,11.18,10.82,10.96,17612
ING,20090522,11.52,11.60,11.34,11.34,12820
ING,20090526,10.85,11.59,10.85,11.50,14522
ING,20090527,11.16,11.27,10.75,10.85,12888
ING,20090528,10.70,10.76,10.24,10.74,15260
ING,20090529,10.58,10.65,10.32,10.62,13410
ING,20090601,10.68,11.06,10.67,10.74,16667
ING,20090602,10.73,11.07,10.70,10.95,16408
ING,20090603,10.83,10.86,10.56,10.73,12767
ING,20090604,10.71,10.84,10.56,10.77,9959
ING,20090605,11.34,11.38,10.86,10.96,19231
ING,20090608,10.86,11.00,10.65,10.89,8785
ING,20090609,11.00,11.11,10.84,11.00,9797
ING,20090610,11.25,11.26,10.90,11.05,8110
ING,20090611,10.99,11.27,10.99,11.03,10427
ING,20090612,10.95,11.11,10.88,11.05,13659
ING,20090615,10.62,10.62,10.19,10.37,20728
ING,20090616,10.00,10.00,9.69,9.76,15306
ING,20090617,9.30,9.45,9.00,9.39,16255
ING,20090618,10.04,10.18,9.91,10.03,16292
ING,20090619,10.28,10.40,10.13,10.25,13100
ING,20090622,9.89,9.91,9.58,9.63,13069
ING,20090623,9.61,9.84,9.52,9.71,11728
ING,20090624,10.05,10.28,9.91,9.99,11307
ING,20090625,9.82,10.25,9.79,10.18,9752
ING,20090626,10.10,10.19,10.00,10.16,6843
ING,20090629,10.17,10.29,10.06,10.17,8104
ING,20090630,10.25,10.31,9.91,10.14,7940
ING,20090701,10.39,10.48,10.23,10.24,8058
ING,20090702,9.79,9.85,9.53,9.85,11877
ING,20090706,9.31,9.46,9.19,9.46,8968
ING,20090707,9.56,9.61,9.23,9.29,8758
ING,20090708,9.20,9.26,8.81,9.08,16194
ING,20090709,9.45,9.46,9.23,9.33,8014
ING,20090710,9.05,9.16,8.88,9.05,9579
ING,20090713,9.16,9.45,9.01,9.40,8735
ING,20090714,9.70,9.78,9.54,9.69,9722
ING,20090715,10.34,10.56,10.30,10.43,21930
ING,20090716,10.82,11.15,10.81,11.04,16611
ING,20090717,11.06,11.16,10.97,11.04,9990
ING,20090720,11.44,11.51,11.39,11.49,11082
ING,20090721,11.90,11.90,11.19,11.31,14291
ING,20090722,11.01,11.43,10.96,11.29,17551
ING,20090723,11.24,11.88,11.24,11.82,14530
ING,20090724,11.84,12.15,11.68,12.07,15153
ING,20090727,12.31,12.44,12.11,12.44,10802
ING,20090728,11.87,12.06,11.65,11.90,18677
ING,20090729,12.02,12.17,11.94,12.10,9470
ING,20090730,12.36,12.65,12.27,12.45,9524
ING,20090731,12.83,12.99,12.71,12.94,11220
ING,20090803,13.28,13.47,13.22,13.43,11083
ING,20090804,13.06,13.25,12.96,13.20,12126
ING,20090805,13.26,13.37,12.87,13.37,8761
ING,20090806,13.27,13.31,12.94,13.06,14574
ING,20090807,13.20,13.23,13.00,13.06,11945
ING,20090810,13.04,13.29,12.99,13.07,9514
ING,20090811,12.88,12.97,12.60,12.76,12909
ING,20090812,12.60,13.36,12.57,13.30,18662
ING,20090813,14.14,14.33,13.68,14.30,18774
ING,20090814,14.04,14.08,13.51,13.78,15423
ING,20090817,13.11,13.16,12.61,12.68,27860
ING,20090818,12.86,13.32,12.83,13.20,29577
ING,20090819,12.75,13.17,12.71,12.99,12924
ING,20090820,12.82,13.04,12.77,12.86,22918
ING,20090821,13.44,13.80,13.42,13.79,21806
ING,20090824,14.34,14.49,14.10,14.14,15022
ING,20090825,14.54,14.87,14.40,14.69,15928
ING,20090826,15.00,15.10,14.76,14.95,15267
ING,20090827,15.19,15.22,14.64,15.08,17571
ING,20090828,15.60,15.64,15.11,15.36,18723
ING,20090831,15.08,15.22,14.93,15.07,25003
ING,20090901,14.96,15.35,14.06,14.12,40348
ING,20090902,13.76,13.97,13.70,13.75,24198
ING,20090903,14.67,14.70,14.24,14.46,20836
ING,20090904,14.70,15.29,14.63,15.29,19675
ING,20090908,15.95,16.04,15.63,16.02,22215
ING,20090909,16.03,16.28,15.89,16.15,27220
ING,20090910,16.47,16.80,16.30,16.74,21996
ING,20090911,16.51,16.60,16.29,16.42,20417
ING,20090914,15.76,16.12,15.72,16.03,21218
ING,20090915,15.47,15.80,15.39,15.71,22942
ING,20090916,16.27,16.70,16.07,16.66,19883
ING,20090917,16.47,16.82,16.45,16.63,17170
ING,20090918,16.94,16.98,16.68,16.85,12646
ING,20090921,16.45,16.70,16.32,16.62,13127
ING,20090922,16.76,17.03,16.64,17.00,14885
ING,20090923,17.08,17.28,16.75,16.75,11447
ING,20090924,17.04,17.13,16.16,16.31,16308
ING,20090925,16.63,16.74,16.38,16.50,13347
ING,20090928,16.63,17.07,16.60,17.05,7449
ING,20090929,17.12,17.29,17.02,17.13,12428
ING,20090930,17.95,18.04,17.43,17.83,31320
ING,20091001,17.64,17.65,16.52,16.58,19800
ING,20091002,15.75,16.22,15.65,15.88,29977
ING,20091005,15.97,16.38,15.87,16.38,19882
ING,20091006,16.80,17.23,16.80,17.00,20265
ING,20091007,17.33,17.47,17.16,17.27,15456
ING,20091008,18.17,18.48,18.02,18.26,18882
ING,20091009,18.33,18.46,18.14,18.32,10276
ING,20091012,18.25,18.49,18.19,18.36,10159
ING,20091013,18.11,18.23,17.90,18.18,14018
ING,20091014,18.59,18.73,18.40,18.73,10737
ING,20091015,18.63,18.89,18.58,18.89,14717
ING,20091016,18.00,18.20,17.78,17.98,16456
ING,20091019,18.19,18.53,18.05,18.36,10210
ING,20091020,18.28,18.33,17.84,18.03,10903
ING,20091021,17.69,18.14,17.49,17.51,16986
ING,20091022,17.15,17.52,17.03,17.48,21799
ING,20091023,17.63,17.71,17.28,17.37,16877
ING,20091026,15.56,15.60,14.02,14.10,104689
ING,20091027,13.84,14.16,12.89,12.96,99895
ING,20091028,12.86,12.99,12.34,12.45,70127
ING,20091029,13.49,13.75,13.24,13.71,50789
ING,20091030,13.34,13.43,12.82,12.90,56639
ING,20091102,12.70,13.46,12.60,12.91,43451
ING,20091103,12.73,13.20,12.64,13.10,30722
ING,20091104,13.67,13.73,13.30,13.35,101243
ING,20091105,14.02,14.46,13.89,14.42,39686
ING,20091106,13.95,14.17,13.87,14.07,25587
ING,20091109,14.45,15.05,14.45,14.98,57282
ING,20091110,14.28,14.58,14.17,14.50,24876
ING,20091111,15.32,15.45,15.05,15.29,35774
ING,20091112,14.99,15.11,14.68,14.73,30708
ING,20091113,14.63,14.98,14.55,14.88,31451
ING,20091116,14.90,15.12,14.70,14.81,23330
ING,20091117,14.79,14.84,14.38,14.57,20381
ING,20091118,14.43,14.47,14.26,14.42,20933
ING,20091119,14.54,14.54,14.12,14.35,22578
ING,20091120,13.77,13.91,13.70,13.78,29465
ING,20091123,14.38,14.50,14.20,14.26,26053
ING,20091124,13.36,13.50,12.10,12.52,149839
ING,20091125,12.61,12.69,12.11,12.28,69286
ING,20091127,10.01,10.20,9.80,9.84,129269
ING,20091130,9.52,9.66,9.29,9.50,78247
ING,20091201,9.65,10.03,9.61,9.90,76238
ING,20091202,9.49,9.64,9.43,9.56,58599
ING,20091203,9.56,9.64,9.38,9.42,33541
ING,20091204,9.63,9.72,9.32,9.49,52561
ING,20091207,9.25,9.32,9.16,9.20,50212
ING,20091208,8.91,8.98,8.69,8.75,77162
ING,20091209,8.49,8.52,8.26,8.35,64115
ING,20091210,8.76,8.95,8.73,8.90,69456
ING,20091211,9.18,9.34,8.92,9.08,96513
ING,20091214,9.19,9.56,9.07,9.48,102868
ING,20091215,9.29,9.59,9.23,9.44,63250
ING,20091216,9.96,10.24,9.92,10.05,98317
ING,20091217,9.94,10.12,9.80,9.86,69272
ING,20091218,9.68,9.78,9.54,9.72,37410
ING,20091221,9.72,9.96,9.67,9.95,44367
ING,20091222,9.69,9.85,9.63,9.84,52231
ING,20091223,9.88,9.93,9.72,9.87,23588
ING,20091224,9.83,9.92,9.62,9.87,17533
ING,20091228,10.23,10.24,10.11,10.12,30903
ING,20091229,10.23,10.23,10.10,10.15,20487
ING,20091230,10.00,10.01,9.91,9.99,18175
ING,20091231,10.10,10.10,9.81,9.81,17950
ING,20100104,10.38,10.52,10.32,10.45,39531
ING,20100105,10.76,10.89,10.61,10.72,34826
ING,20100106,10.64,10.77,10.61,10.65,37369
ING,20100107,10.83,10.98,10.71,10.96,33551
ING,20100108,11.01,11.25,10.97,11.24,31444
ING,20100111,11.24,11.27,10.96,11.07,20824
ING,20100112,10.75,10.93,10.70,10.75,26192
ING,20100113,10.96,11.03,10.80,10.97,21450
ING,20100114,11.02,11.07,10.95,11.01,23503
ING,20100115,10.75,10.77,10.56,10.64,22983
ING,20100119,10.44,10.74,10.42,10.73,22568
ING,20100120,10.33,10.35,9.91,10.07,45316
ING,20100121,10.07,10.17,9.56,9.59,53266
ING,20100122,9.48,9.78,9.38,9.39,43477
ING,20100125,9.78,9.83,9.62,9.74,26140
ING,20100126,9.43,9.68,9.39,9.47,21212
ING,20100127,9.48,9.61,9.31,9.60,30855
ING,20100128,9.60,9.60,9.27,9.36,30468
ING,20100129,9.55,9.62,9.35,9.40,28042
ING,20100201,9.75,9.87,9.70,9.80,25040
ING,20100202,10.09,10.22,10.01,10.18,23766
ING,20100203,10.18,10.25,10.05,10.12,25577
ING,20100204,9.68,9.69,9.09,9.11,55913
ING,20100205,8.92,8.98,8.38,8.72,58525
ING,20100208,8.42,8.52,8.20,8.24,76376
ING,20100209,8.83,8.96,8.57,8.80,92189
ING,20100210,8.95,9.03,8.77,9.00,35904
ING,20100211,8.73,8.87,8.49,8.84,36207
ING,20100212,8.49,8.74,8.43,8.74,31394
ING,20100216,8.79,9.03,8.68,8.96,27491
ING,20100217,9.32,9.39,9.22,9.30,32800
ING,20100218,9.31,9.46,9.29,9.43,18329
ING,20100219,9.19,9.34,9.11,9.34,22580
ING,20100222,9.52,9.54,9.37,9.39,22923
ING,20100223,9.25,9.26,8.85,8.92,32540
ING,20100224,9.07,9.25,8.99,9.16,19266
ING,20100225,8.71,8.82,8.60,8.82,43506
ING,20100226,8.84,9.00,8.67,8.93,25954
ING,20100301,9.23,9.41,9.17,9.36,53488
ING,20100302,9.39,9.44,9.30,9.37,23962
ING,20100303,9.57,9.74,9.52,9.61,27814
ING,20100304,9.76,9.81,9.63,9.70,20450
ING,20100305,9.88,10.15,9.86,10.12,29355
ING,20100308,9.97,10.02,9.91,9.98,18718
ING,20100309,9.81,10.03,9.79,9.95,19449
ING,20100310,9.93,10.05,9.91,9.97,26003
ING,20100311,10.05,10.11,9.95,10.09,19099
ING,20100312,10.18,10.19,9.98,10.01,15320
ING,20100315,9.92,9.96,9.72,9.86,18007
ING,20100316,9.94,10.07,9.87,10.03,21104
ING,20100317,10.15,10.31,10.14,10.25,23563
ING,20100318,10.09,10.12,9.92,10.07,15961
ING,20100319,10.01,10.02,9.75,9.81,25762
ING,20100322,9.49,9.74,9.46,9.70,21465
ING,20100323,9.78,9.94,9.73,9.93,25624
ING,20100324,9.66,9.71,9.57,9.65,24396
ING,20100325,9.85,9.94,9.74,9.76,23958
ING,20100326,9.92,10.00,9.83,9.87,16163
ING,20100329,10.00,10.04,9.93,10.01,14104
ING,20100330,10.03,10.06,9.87,9.89,14096
ING,20100331,9.93,10.05,9.84,9.96,16114
ING,20100401,10.37,10.50,10.34,10.50,30138
ING,20100405,10.56,10.62,10.40,10.53,19844
ING,20100406,10.43,10.63,10.41,10.61,14351
ING,20100407,10.29,10.37,10.19,10.20,25977
ING,20100408,10.03,10.10,9.94,10.10,66968
ING,20100409,10.10,10.26,10.09,10.25,71442
ING,20100412,10.37,10.41,10.25,10.26,47892
ING,20100413,10.35,10.43,10.19,10.39,54371
ING,20100414,10.48,10.67,10.44,10.67,28709
ING,20100415,10.50,10.63,10.47,10.60,19756
ING,20100416,10.47,10.52,10.06,10.10,35168
ING,20100419,9.87,10.04,9.85,10.03,28356
ING,20100420,10.27,10.30,10.17,10.27,22127
ING,20100421,10.03,10.08,9.87,9.96,28048
ING,20100422,9.68,9.89,9.55,9.88,33266
ING,20100423,9.60,9.75,9.55,9.75,38449
ING,20100426,9.86,9.90,9.76,9.78,17754
ING,20100427,9.60,9.70,9.09,9.09,76391
ING,20100428,9.11,9.14,8.74,8.87,82974
ING,20100429,9.01,9.10,8.90,9.00,45559
ING,20100430,9.17,9.23,8.87,8.87,74372
ING,20100503,9.05,9.20,9.04,9.15,30831
ING,20100504,8.54,8.55,8.25,8.38,94631
ING,20100505,8.12,8.40,8.05,8.14,82064
ING,20100506,7.90,8.01,6.78,7.31,123962
ING,20100507,7.25,7.37,6.79,7.05,124500
ING,20100510,8.58,9.01,8.54,8.84,155200
ING,20100511,8.28,8.80,8.25,8.52,72367
ING,20100512,8.98,9.06,8.81,8.90,50063
ING,20100513,8.95,8.97,8.73,8.79,39265
ING,20100514,8.69,8.70,8.26,8.42,67860
ING,20100517,8.55,8.62,8.09,8.41,41990
ING,20100518,8.73,8.76,8.07,8.12,49249
ING,20100519,8.11,8.31,7.98,8.28,59155
ING,20100520,7.78,8.00,7.55,7.75,70190
ING,20100521,7.66,8.21,7.62,8.21,95089
ING,20100524,7.93,7.98,7.72,7.74,44781
ING,20100525,7.20,7.63,7.14,7.63,64925
ING,20100526,7.62,7.75,7.42,7.42,55244
ING,20100527,7.92,8.17,7.81,8.15,67345
ING,20100528,8.08,8.11,7.85,7.92,47368
ING,20100601,7.66,8.04,7.62,7.68,41756
ING,20100602,7.71,8.00,7.65,7.97,43698
ING,20100603,8.06,8.11,7.86,7.99,28976
ING,20100604,7.50,7.58,7.35,7.42,86270
ING,20100607,7.42,7.45,7.13,7.17,71942
ING,20100608,7.17,7.30,7.02,7.25,59310
ING,20100609,7.39,7.45,7.14,7.18,45641
ING,20100610,7.56,7.81,7.54,7.77,51398
ING,20100611,7.62,7.89,7.62,7.82,24867
ING,20100614,8.05,8.15,7.96,7.97,34899
ING,20100615,8.16,8.45,8.13,8.44,29169
ING,20100616,8.33,8.50,8.27,8.46,35489
ING,20100617,8.51,8.58,8.44,8.57,29427
ING,20100618,8.54,8.58,8.47,8.50,13319
ING,20100621,8.68,8.71,8.41,8.49,20666
ING,20100622,8.46,8.53,8.25,8.27,28190
ING,20100623,8.36,8.44,8.20,8.38,23278
ING,20100624,8.32,8.33,8.06,8.12,24931
ING,20100625,8.01,8.14,7.89,8.06,29633
ING,20100628,8.12,8.22,8.00,8.06,13727
ING,20100629,7.68,7.70,7.48,7.51,40300
ING,20100630,7.56,7.65,7.37,7.41,25798
ING,20100701,7.59,7.64,7.37,7.64,36578
ING,20100702,7.77,7.86,7.51,7.62,30771
ING,20100706,8.03,8.09,7.80,7.92,43862
ING,20100707,8.02,8.45,7.99,8.42,43329
ING,20100708,8.63,8.75,8.57,8.73,37965
ING,20100709,8.60,8.79,8.55,8.79,23818
ING,20100712,8.67,8.79,8.58,8.70,13034
ING,20100713,8.86,9.00,8.86,8.95,21000
ING,20100714,8.87,8.99,8.80,8.94,18589
ING,20100715,8.96,8.99,8.68,8.92,22805
ING,20100716,8.61,8.66,8.35,8.36,26491
ING,20100719,8.64,8.67,8.42,8.56,27894
ING,20100720,8.24,8.51,8.22,8.50,26876
ING,20100721,8.69,8.69,8.35,8.38,25880
ING,20100722,8.86,9.01,8.85,8.99,29797
ING,20100723,8.81,9.07,8.78,9.05,36217
ING,20100726,9.22,9.46,9.15,9.45,58411
ING,20100727,9.89,9.94,9.71,9.80,55671
ING,20100728,9.85,9.89,9.67,9.73,31595
ING,20100729,10.09,10.17,9.90,10.02,84693
ING,20100730,9.61,9.80,9.56,9.62,46098
ING,20100802,10.12,10.35,10.10,10.34,47484
ING,20100803,10.17,10.29,10.07,10.19,25965
ING,20100804,10.19,10.28,10.07,10.15,19449
ING,20100805,10.18,10.26,10.10,10.26,20073
ING,20100806,10.08,10.27,10.00,10.19,20519
ING,20100809,10.27,10.32,10.20,10.27,10327
ING,20100810,9.93,10.10,9.85,10.01,19000
ING,20100811,9.66,9.71,9.45,9.48,28668
ING,20100812,9.25,9.35,9.20,9.31,16771
ING,20100813,9.36,9.46,9.25,9.25,12729
ING,20100816,9.16,9.33,9.12,9.27,23832
ING,20100817,9.56,9.57,9.43,9.44,15409
ING,20100818,9.50,9.55,9.36,9.47,9737
ING,20100819,9.43,9.47,9.08,9.11,16506
ING,20100820,9.01,9.05,8.90,8.96,10982
ING,20100823,9.12,9.19,8.92,8.92,12023
ING,20100824,8.74,8.76,8.53,8.69,25780
ING,20100825,8.46,8.71,8.36,8.64,24295
ING,20100826,8.78,8.91,8.63,8.66,21730
ING,20100827,8.82,8.99,8.61,8.99,20489
ING,20100830,8.88,8.94,8.70,8.70,9862
ING,20100831,8.72,8.96,8.66,8.88,11350
ING,20100901,9.15,9.48,9.13,9.44,31829
ING,20100902,9.50,9.60,9.47,9.60,19792
ING,20100903,9.88,9.93,9.69,9.78,19152
ING,20100907,9.47,9.50,9.31,9.37,15661
ING,20100908,9.43,9.56,9.38,9.45,7998
ING,20100909,9.70,9.75,9.52,9.68,16823
ING,20100910,9.77,9.84,9.75,9.75,10809
ING,20100913,10.08,10.12,9.94,10.06,14315
ING,20100914,10.05,10.20,9.93,10.10,17445
ING,20100915,10.15,10.28,10.10,10.28,16183
ING,20100916,10.09,10.15,10.03,10.15,10294
ING,20100917,10.12,10.18,9.96,10.04,16511
ING,20100920,10.11,10.30,10.08,10.25,13538
ING,20100921,10.33,10.38,10.13,10.29,18653
ING,20100922,10.37,10.46,10.17,10.23,18784
ING,20100923,9.95,10.06,9.88,9.96,16483
ING,20100924,10.43,10.63,10.43,10.56,56668
ING,20100927,10.51,10.57,10.46,10.47,14630
ING,20100928,10.48,10.60,10.30,10.60,21872
ING,20100929,10.48,10.52,10.37,10.49,34750
ING,20100930,10.50,10.59,10.24,10.29,26693
ING,20101001,10.52,10.55,10.34,10.53,32452
ING,20101004,10.25,10.31,10.05,10.16,16355
ING,20101005,10.50,10.73,10.45,10.68,29586
ING,20101006,10.67,10.77,10.66,10.77,15716
ING,20101007,10.94,10.95,10.72,10.82,24030
ING,20101008,10.80,10.86,10.73,10.82,17946
ING,20101011,10.90,10.92,10.77,10.82,10990
ING,20101012,10.61,10.72,10.49,10.68,12171
ING,20101013,11.00,11.10,10.95,10.97,21183
ING,20101014,11.32,11.37,11.12,11.18,32030
ING,20101015,11.30,11.32,11.03,11.08,29799
ING,20101018,11.11,11.23,11.04,11.19,21649
ING,20101019,10.74,10.89,10.58,10.72,32641
ING,20101020,10.77,11.03,10.76,10.92,25181
ING,20101021,11.15,11.26,10.94,11.07,16437
ING,20101022,11.22,11.25,11.07,11.15,12664
ING,20101025,11.37,11.45,11.24,11.35,98876
ING,20101026,10.94,11.08,10.86,11.02,59620
ING,20101027,10.86,10.96,10.74,10.87,21411
ING,20101028,11.06,11.08,10.89,10.96,15185
ING,20101029,10.76,10.81,10.61,10.78,29475
ING,20101101,10.90,10.95,10.65,10.78,15502
ING,20101102,11.10,11.16,11.08,11.11,20836
ING,20101103,10.99,11.00,10.69,10.98,22115
ING,20101104,11.24,11.29,11.15,11.28,26516
ING,20101105,11.15,11.25,11.09,11.11,20727
ING,20101108,11.00,11.07,10.92,11.07,12694
ING,20101109,11.13,11.22,10.91,10.94,16023
ING,20101110,11.33,11.35,11.09,11.34,97931
ING,20101111,10.89,10.92,10.77,10.84,40838
ING,20101112,10.75,10.89,10.66,10.75,23204
ING,20101115,10.89,10.91,10.69,10.69,14843
ING,20101116,10.65,10.68,10.37,10.47,32574
ING,20101117,10.54,10.67,10.51,10.53,13327
ING,20101118,10.88,10.93,10.84,10.91,17509
ING,20101119,10.79,10.89,10.71,10.89,16619
ING,20101122,10.60,10.67,10.42,10.54,34894
ING,20101123,10.04,10.04,9.79,9.81,89002
ING,20101124,9.92,9.95,9.85,9.94,23951
ING,20101126,9.51,9.63,9.48,9.53,15229
ING,20101129,9.28,9.32,9.10,9.31,37571
ING,20101130,8.69,8.96,8.65,8.84,79764
ING,20101201,9.39,9.58,9.28,9.54,36369
ING,20101202,9.51,9.93,9.50,9.93,29903
ING,20101203,9.90,10.03,9.89,10.03,16563
ING,20101206,9.74,9.84,9.71,9.81,18873
ING,20101207,10.04,10.06,9.77,9.77,19252
ING,20101208,9.97,10.05,9.89,10.02,13793
ING,20101209,10.24,10.26,10.10,10.24,17506
ING,20101210,10.24,10.33,10.17,10.33,11045
ING,20101213,10.36,10.44,10.30,10.32,13941
ING,20101214,10.31,10.40,10.26,10.33,22475
ING,20101215,10.14,10.18,9.90,9.92,26629
ING,20101216,9.77,9.92,9.70,9.92,18910
ING,20101217,9.75,9.77,9.62,9.74,17170
ING,20101220,9.75,9.77,9.58,9.66,14636
ING,20101221,9.72,9.75,9.69,9.73,14337
ING,20101222,9.69,9.70,9.63,9.67,17033
ING,20101223,9.57,9.61,9.52,9.58,20079
ING,20101227,9.42,9.54,9.42,9.54,14396
ING,20101228,9.51,9.51,9.43,9.46,8239
ING,20101229,9.63,9.67,9.58,9.62,13647
ING,20101230,9.65,9.67,9.60,9.66,8456
ING,20101231,9.71,9.82,9.70,9.79,9386
ING,20110103,9.81,9.94,9.79,9.90,13225
ING,20110104,10.18,10.19,9.94,9.98,34599
ING,20110105,9.76,9.95,9.67,9.95,34787
ING,20110106,10.08,10.11,9.80,9.83,29359
ING,20110107,9.78,9.80,9.52,9.63,22755
ING,20110110,9.39,9.44,9.33,9.39,2105600
ING,20110111,9.49,9.57,9.46,9.56,1630200
ING,20110112,9.90,10.01,9.87,10.01,2764000
ING,20110113,10.33,10.43,10.27,10.35,3260200
ING,20110114,10.30,10.57,10.20,10.56,4299400
ING,20110118,10.54,10.64,10.54,10.59,1797000
ING,20110119,10.56,10.58,10.31,10.36,1486300
ING,20110120,10.52,10.63,10.43,10.61,2337400
ING,20110121,11.02,11.13,10.88,10.98,3216900
ING,20110124,11.02,11.26,11.01,11.22,3236000
ING,20110125,11.04,11.08,10.94,11.07,1835100
ING,20110126,11.04,11.12,11.00,11.05,1560100
ING,20110127,11.53,11.66,11.49,11.57,3820800
ING,20110128,11.63,11.66,11.14,11.15,1839800
ING,20110131,11.39,11.45,11.29,11.39,1577100
ING,20110201,11.71,11.96,11.68,11.94,2283400
ING,20110202,11.84,11.90,11.77,11.84,4081600
ING,20110203,11.74,11.85,11.60,11.83,1254800
ING,20110204,11.96,12.03,11.86,12.01,1579600
ING,20110207,12.03,12.17,12.03,12.16,1297000
ING,20110208,12.33,12.57,12.32,12.55,2987000
ING,20110209,12.36,12.48,12.34,12.42,1514800
ING,20110210,12.16,12.28,12.09,12.24,2302400
ING,20110211,11.97,12.20,11.92,12.18,1832300
ING,20110214,12.12,12.24,12.05,12.22,1156100
ING,20110215,12.08,12.18,12.04,12.09,1279100
ING,20110216,11.99,12.21,11.95,12.21,2003600
ING,20110217,12.40,12.57,12.39,12.56,1877400
ING,20110218,12.57,12.70,12.57,12.69,1324300
ING,20110222,12.47,12.61,12.28,12.33,2590100
ING,20110223,12.50,12.63,12.38,12.53,2411300
ING,20110224,12.33,12.36,12.08,12.25,1845400
ING,20110225,12.28,12.36,12.26,12.31,1736200
ING,20110228,12.61,12.65,12.45,12.55,1396700
ING,20110301,12.53,12.60,12.21,12.22,2057100
ING,20110302,12.15,12.22,12.00,12.14,2428200
ING,20110303,12.32,12.41,12.20,12.40,1947400
ING,20110304,12.54,12.54,12.27,12.40,2130400
ING,20110307,12.54,12.62,12.27,12.36,3396700
ING,20110308,12.24,12.35,12.08,12.27,1895000
ING,20110309,12.56,12.70,12.50,12.65,2469800
ING,20110310,12.38,12.43,12.25,12.31,2479800
ING,20110311,12.28,12.49,12.24,12.47,1470200
ING,20110314,12.40,12.48,12.35,12.46,1437400
ING,20110315,11.69,12.11,11.60,12.04,2841800
ING,20110316,11.94,12.02,11.32,11.57,6145200
ING,20110317,12.04,12.13,11.94,12.06,2273400
ING,20110318,12.35,12.38,12.16,12.23,3135700
ING,20110321,12.65,12.81,12.60,12.81,2758600
ING,20110322,12.86,12.91,12.80,12.87,2291300
ING,20110323,12.83,12.99,12.78,12.94,2279200
ING,20110324,13.09,13.30,13.00,13.30,3505600
ING,20110325,13.22,13.26,13.07,13.07,1758900
ING,20110328,13.14,13.25,13.10,13.13,1319500
ING,20110329,13.17,13.24,13.11,13.24,1507600
ING,20110330,12.81,12.98,12.76,12.92,1996700
ING,20110331,12.54,12.77,12.54,12.71,2178000
ING,20110401,12.92,13.06,12.79,13.02,1543100
ING,20110404,13.02,13.02,12.80,12.90,1964600
ING,20110405,12.74,12.86,12.70,12.85,1367100
ING,20110406,13.09,13.20,13.03,13.19,1395700
ING,20110407,13.12,13.19,12.98,13.12,1389000
ING,20110408,13.31,13.33,13.17,13.26,2130900
ING,20110411,13.24,13.29,13.15,13.19,1175500
ING,20110412,13.23,13.24,13.05,13.15,1331800
ING,20110413,13.30,13.33,13.11,13.17,1291900
ING,20110414,12.72,12.85,12.66,12.80,2741300
ING,20110415,12.61,12.62,12.47,12.54,3704400
ING,20110418,11.75,12.02,11.70,12.01,2452500
ING,20110419,12.04,12.10,11.96,12.06,1879500
ING,20110420,12.50,12.65,12.49,12.64,1893800
ING,20110421,12.73,12.80,12.63,12.75,1659300
ING,20110425,12.83,12.84,12.75,12.79,1620200
ING,20110426,12.86,12.92,12.77,12.90,1213200
