LTD,20090115,8.36,9.08,8.26,8.63,72925
LTD,20090116,8.77,9.00,8.54,8.77,50965
LTD,20090120,8.75,8.83,8.15,8.22,57863
LTD,20090121,8.42,8.68,8.11,8.59,43313
LTD,20090122,8.44,8.83,8.23,8.55,34992
LTD,20090123,8.25,8.77,8.18,8.55,28206
LTD,20090126,8.54,8.90,8.44,8.62,40508
LTD,20090127,8.78,8.89,8.51,8.79,30618
LTD,20090128,9.05,9.36,8.90,9.15,28850
LTD,20090129,8.92,9.03,8.41,8.44,30071
LTD,20090130,8.36,8.53,7.80,7.92,52961
LTD,20090202,7.87,8.21,7.75,7.94,49028
LTD,20090203,8.10,8.10,7.75,7.98,47558
LTD,20090204,8.03,8.03,7.75,7.86,73901
LTD,20090205,8.29,8.61,7.59,8.40,72812
LTD,20090206,8.49,9.05,8.29,8.85,62339
LTD,20090209,8.78,8.87,8.56,8.75,33270
LTD,20090210,8.67,8.83,8.17,8.24,40543
LTD,20090211,8.31,8.51,8.06,8.32,46039
LTD,20090212,8.18,8.47,7.92,8.45,84040
LTD,20090213,8.35,8.53,8.07,8.14,42106
LTD,20090217,7.80,7.86,7.48,7.70,62472
LTD,20090218,7.86,7.86,7.46,7.63,44243
LTD,20090219,7.71,8.00,7.59,7.64,34549
LTD,20090220,7.50,7.95,7.37,7.84,57909
LTD,20090223,8.54,8.94,7.93,8.15,76151
LTD,20090224,8.28,8.89,7.98,8.72,86248
LTD,20090225,8.60,9.17,8.44,8.92,85872
LTD,20090226,8.27,8.78,7.59,7.74,103012
LTD,20090227,7.66,7.97,7.47,7.69,76191
LTD,20090302,7.62,7.88,7.06,7.10,69048
LTD,20090303,7.23,7.30,6.40,6.70,103027
LTD,20090304,6.90,7.19,6.47,7.02,65273
LTD,20090305,6.63,7.05,6.29,6.40,65524
LTD,20090306,6.35,6.59,5.98,6.26,86599
LTD,20090309,6.34,6.60,6.16,6.38,46184
LTD,20090310,6.54,7.20,6.45,7.16,55102
LTD,20090311,7.24,7.70,7.13,7.59,59611
LTD,20090312,7.58,7.87,7.32,7.83,72405
LTD,20090313,7.90,8.39,7.77,8.23,56789
LTD,20090316,8.40,8.41,7.96,7.98,43400
LTD,20090317,7.87,8.38,7.87,8.31,38306
LTD,20090318,8.39,8.65,8.17,8.55,77537
LTD,20090319,8.77,8.80,8.34,8.40,35858
LTD,20090320,8.40,8.58,7.83,8.05,50562
LTD,20090323,8.25,8.76,8.01,8.76,36649
LTD,20090324,8.61,9.33,8.46,9.06,69585
LTD,20090325,9.09,9.58,8.54,8.89,59970
LTD,20090326,9.02,9.73,9.02,9.60,50731
LTD,20090327,9.42,9.57,8.97,9.12,41930
LTD,20090330,8.98,8.98,8.38,8.70,43302
LTD,20090331,8.72,8.91,8.59,8.70,50746
LTD,20090401,8.40,9.34,8.34,9.17,72167
LTD,20090402,9.43,10.10,9.28,9.86,48834
LTD,20090403,9.90,10.21,9.71,10.19,38878
LTD,20090406,10.03,10.06,9.48,9.75,48081
LTD,20090407,9.54,9.74,9.36,9.52,55807
LTD,20090408,9.58,9.81,9.39,9.59,51942
LTD,20090409,9.85,10.67,9.71,10.67,49188
LTD,20090413,9.75,10.43,9.75,10.29,51347
LTD,20090414,10.22,10.29,9.85,10.04,34933
LTD,20090415,9.99,10.38,9.81,10.38,40581
LTD,20090416,10.38,10.89,10.24,10.73,39434
LTD,20090417,10.57,10.94,10.56,10.82,30064
LTD,20090420,10.62,10.62,9.86,10.04,40191
LTD,20090421,10.02,10.79,9.79,10.66,42951
LTD,20090422,10.01,11.35,9.99,10.73,56336
LTD,20090423,10.97,10.98,10.12,10.68,52423
LTD,20090424,10.80,11.26,10.58,11.05,35546
LTD,20090427,10.87,11.13,10.61,10.79,27014
LTD,20090428,10.59,11.13,10.51,10.90,27259
LTD,20090429,10.97,11.65,10.85,11.21,39845
LTD,20090430,11.12,11.70,11.11,11.42,39950
LTD,20090501,11.39,11.47,10.90,11.10,53601
LTD,20090504,11.33,12.25,11.12,12.21,51597
LTD,20090505,12.17,12.81,11.93,12.70,51008
LTD,20090506,12.86,13.22,12.49,13.21,78495
LTD,20090507,13.12,13.29,11.69,12.00,80959
LTD,20090508,12.24,12.46,11.82,12.38,65256
LTD,20090511,12.33,12.34,11.42,11.53,68615
LTD,20090512,11.53,11.86,11.19,11.50,76948
LTD,20090513,11.28,11.40,10.91,11.07,62980
LTD,20090514,11.11,11.66,10.68,11.13,63450
LTD,20090515,10.94,11.67,10.93,11.01,49018
LTD,20090518,11.12,11.87,11.12,11.83,36801
LTD,20090519,11.83,12.20,11.68,11.95,38327
LTD,20090520,12.05,12.58,11.64,11.66,47476
LTD,20090521,11.51,12.14,11.04,11.76,64724
LTD,20090522,11.81,12.21,11.55,12.02,37959
LTD,20090526,11.87,12.60,11.66,12.48,63231
LTD,20090527,12.40,13.09,12.32,12.63,59052
LTD,20090528,12.73,12.84,12.12,12.38,43492
LTD,20090529,12.41,12.57,12.08,12.51,51733
LTD,20090601,12.78,13.63,12.55,13.55,59594
LTD,20090602,13.38,13.73,13.25,13.44,41358
LTD,20090603,13.28,13.45,13.01,13.28,37209
LTD,20090604,13.13,13.13,12.27,12.82,64633
LTD,20090605,12.89,13.11,12.45,12.92,65232
LTD,20090608,13.03,13.15,12.55,12.81,53179
LTD,20090609,12.69,12.98,12.62,12.80,41318
LTD,20090610,12.91,13.06,12.37,12.59,49870
LTD,20090611,12.47,12.72,12.25,12.28,48712
LTD,20090612,12.32,12.83,12.00,12.81,52334
LTD,20090615,12.65,12.73,12.32,12.51,37948
LTD,20090616,12.57,12.57,11.74,11.83,57309
LTD,20090617,11.91,12.07,11.46,11.86,50416
LTD,20090618,11.88,11.98,11.59,11.80,22041
LTD,20090619,12.01,12.11,11.66,11.84,83642
LTD,20090622,11.73,11.80,11.41,11.50,49708
LTD,20090623,11.44,11.52,11.14,11.30,39066
LTD,20090624,11.41,11.63,11.31,11.45,32785
LTD,20090625,11.44,11.92,11.30,11.88,36257
LTD,20090626,11.67,12.00,11.58,11.70,23969
LTD,20090629,11.73,12.14,11.59,12.07,45194
LTD,20090630,12.06,12.27,11.77,11.97,34464
LTD,20090701,12.06,12.65,11.96,12.29,58111
LTD,20090702,11.90,12.24,11.57,11.57,40130
LTD,20090706,11.49,11.81,11.33,11.50,51512
LTD,20090707,11.52,11.57,11.29,11.46,76264
LTD,20090708,11.53,11.60,10.92,11.34,73144
LTD,20090709,11.02,11.02,10.28,10.89,103041
LTD,20090710,10.71,11.00,10.44,10.58,60886
LTD,20090713,10.59,10.94,10.37,10.93,40105
LTD,20090714,10.92,11.15,10.69,11.12,62704
LTD,20090715,11.27,11.67,11.16,11.58,46373
LTD,20090716,11.48,11.57,11.22,11.51,39296
LTD,20090717,11.36,11.69,11.36,11.67,26476
LTD,20090720,11.76,12.03,11.62,11.84,45559
LTD,20090721,12.02,12.02,11.43,11.77,45676
LTD,20090722,11.72,12.18,11.67,12.03,35267
LTD,20090723,12.03,12.71,11.92,12.52,49918
LTD,20090724,12.44,12.75,12.25,12.59,24221
LTD,20090727,12.57,12.59,12.22,12.34,33248
LTD,20090728,12.13,12.54,12.13,12.47,30472
LTD,20090729,12.31,12.66,12.18,12.36,30346
LTD,20090730,12.51,13.12,12.51,12.74,46592
LTD,20090731,12.84,13.03,12.65,12.94,39443
LTD,20090803,13.06,13.20,12.85,13.18,34888
LTD,20090804,13.11,13.21,12.79,12.87,25175
LTD,20090805,12.92,12.92,12.56,12.74,31981
LTD,20090806,13.31,14.75,13.23,14.39,100280
LTD,20090807,14.66,15.12,14.48,14.96,67739
LTD,20090810,14.95,14.97,14.32,14.56,51309
LTD,20090811,14.57,14.57,14.13,14.38,30833
LTD,20090812,14.38,14.97,14.38,14.70,45420
LTD,20090813,14.63,14.72,14.18,14.49,38023
LTD,20090814,14.61,14.61,14.02,14.18,36482
LTD,20090817,13.87,13.96,13.68,13.92,42708
LTD,20090818,13.96,14.22,13.77,13.97,30539
LTD,20090819,13.79,14.60,13.79,14.58,55926
LTD,20090820,14.90,15.10,14.10,14.35,66316
LTD,20090821,15.07,15.50,14.76,15.35,81071
LTD,20090824,15.38,15.47,15.04,15.08,38254
LTD,20090825,15.06,15.80,15.05,15.45,48776
LTD,20090826,15.27,15.68,15.16,15.28,31538
LTD,20090827,15.48,15.48,14.96,15.25,32597
LTD,20090828,15.37,15.45,14.98,15.08,35498
LTD,20090831,14.98,15.10,14.70,14.92,46717
LTD,20090901,14.80,15.29,14.70,14.75,53046
LTD,20090902,14.65,15.07,14.62,14.72,41549
LTD,20090903,14.97,15.62,14.97,15.53,59604
LTD,20090904,15.51,15.67,15.28,15.36,46933
LTD,20090908,15.53,15.73,15.29,15.47,57673
LTD,20090909,15.52,15.75,15.38,15.73,43940
LTD,20090910,15.83,15.86,15.45,15.71,38722
LTD,20090911,15.74,15.92,15.39,15.43,53392
LTD,20090914,15.32,15.97,15.20,15.85,48106
LTD,20090915,15.84,16.28,15.80,16.11,52791
LTD,20090916,16.16,16.57,16.06,16.57,50372
LTD,20090917,16.55,16.78,16.25,16.50,46911
LTD,20090918,16.61,16.92,16.46,16.86,39500
LTD,20090921,16.71,17.23,16.51,17.10,56466
LTD,20090922,17.20,17.53,17.09,17.28,71144
LTD,20090923,17.36,17.73,17.21,17.39,104942
LTD,20090924,17.47,17.62,17.17,17.45,93119
LTD,20090925,17.48,17.65,17.01,17.06,89840
LTD,20090928,17.18,17.27,17.01,17.20,42641
LTD,20090929,17.20,17.37,17.05,17.15,31514
LTD,20090930,17.20,17.29,16.64,16.99,45227
LTD,20091001,16.85,17.04,16.42,16.65,39737
LTD,20091002,16.42,16.53,16.08,16.13,59513
LTD,20091005,16.23,17.39,16.03,17.38,84817
LTD,20091006,17.42,18.19,17.41,17.92,101393
LTD,20091007,17.86,18.24,17.74,17.83,50011
LTD,20091008,18.35,18.64,18.04,18.53,59610
LTD,20091009,18.00,18.32,18.00,18.26,36681
LTD,20091012,18.52,18.81,18.50,18.63,48189
LTD,20091013,18.61,18.73,18.38,18.46,40507
LTD,20091014,18.60,19.36,18.50,19.34,61884
LTD,20091015,19.18,19.47,18.86,19.05,38872
LTD,20091016,18.91,19.01,18.45,18.83,43005
LTD,20091019,18.90,19.49,18.84,19.43,32955
LTD,20091020,19.44,19.60,18.92,19.07,43072
LTD,20091021,19.01,19.75,18.74,18.79,71032
LTD,20091022,18.78,19.59,18.53,19.42,45559
LTD,20091023,19.57,19.75,19.19,19.22,55423
LTD,20091026,19.27,19.99,19.22,19.49,77306
LTD,20091027,18.30,18.54,17.55,17.91,128078
LTD,20091028,17.88,17.97,16.92,17.06,76423
LTD,20091029,17.20,18.36,17.16,18.24,82627
LTD,20091030,18.15,18.27,17.57,17.60,72214
LTD,20091102,17.72,18.08,17.46,17.89,51538
LTD,20091103,17.71,18.13,17.52,17.95,53590
LTD,20091104,17.90,18.15,17.65,17.78,47064
LTD,20091105,17.86,17.89,17.37,17.89,47683
LTD,20091106,17.69,18.20,17.62,18.18,28335
LTD,20091109,18.28,18.75,18.11,18.73,26389
LTD,20091110,18.65,18.86,18.46,18.73,19323
LTD,20091111,18.97,19.00,18.16,18.38,46512
LTD,20091112,18.32,18.40,17.67,17.74,51094
LTD,20091113,17.76,18.20,17.70,18.09,50433
LTD,20091116,18.21,18.64,18.21,18.37,46743
LTD,20091117,18.29,18.50,17.84,18.03,34537
LTD,20091118,17.94,18.27,17.78,18.27,52845
LTD,20091119,18.23,18.30,17.48,17.68,48950
LTD,20091120,17.60,17.92,17.15,17.25,45887
LTD,20091123,17.39,17.70,17.12,17.23,34720
LTD,20091124,17.21,17.23,16.62,16.64,76377
LTD,20091125,16.68,17.53,16.68,17.50,43780
LTD,20091127,16.81,17.35,16.77,16.92,21284
LTD,20091130,17.04,17.04,16.28,16.59,47501
LTD,20091201,17.20,17.60,16.59,17.55,63889
LTD,20091202,17.50,17.96,17.47,17.77,48068
LTD,20091203,17.70,18.47,17.70,18.15,80557
LTD,20091204,18.54,18.54,17.97,18.32,57005
LTD,20091207,18.10,18.63,18.10,18.22,39178
LTD,20091208,18.13,18.32,17.93,18.05,33666
LTD,20091209,17.87,17.96,17.58,17.84,32038
LTD,20091210,17.85,18.50,17.83,18.36,38596
LTD,20091211,18.64,18.74,18.45,18.66,25624
LTD,20091214,18.95,19.01,18.69,19.01,24569
LTD,20091215,18.84,19.12,18.72,18.91,26863
LTD,20091216,19.08,19.16,18.79,18.98,26323
LTD,20091217,18.63,19.00,18.63,18.79,26375
LTD,20091218,18.91,18.97,18.39,18.90,38021
LTD,20091221,18.93,19.37,18.81,19.27,21848
LTD,20091222,19.39,19.85,19.21,19.82,39970
LTD,20091223,19.91,20.08,19.47,19.50,30208
LTD,20091224,19.52,19.62,19.39,19.53,6307
LTD,20091228,19.69,19.83,19.45,19.54,12944
LTD,20091229,19.71,19.75,19.57,19.57,17144
LTD,20091230,19.53,19.60,19.42,19.53,19689
LTD,20091231,19.57,19.60,19.22,19.24,13744
LTD,20100104,19.37,19.76,19.27,19.31,39594
LTD,20100105,19.24,19.43,18.53,18.68,90975
LTD,20100106,18.56,19.12,18.34,19.07,68890
LTD,20100107,19.42,19.59,18.45,18.76,75116
LTD,20100108,18.86,19.62,18.78,19.59,56842
LTD,20100111,20.10,20.61,19.93,20.46,66634
LTD,20100112,20.23,20.90,20.15,20.43,45535
LTD,20100113,20.47,20.54,19.96,20.23,31904
LTD,20100114,20.20,20.32,19.73,19.92,33221
LTD,20100115,19.82,20.02,19.36,19.39,31553
LTD,20100119,19.39,19.54,19.17,19.34,48906
LTD,20100120,19.11,19.24,18.89,18.90,51266
LTD,20100121,18.95,19.09,18.52,18.68,69166
LTD,20100122,18.81,18.92,18.36,18.38,54903
LTD,20100125,18.60,18.75,18.39,18.60,34610
LTD,20100126,18.96,19.82,18.65,19.40,80129
LTD,20100127,19.35,19.81,19.21,19.71,51221
LTD,20100128,19.75,19.75,19.14,19.21,45231
LTD,20100129,19.37,19.46,18.94,19.02,35547
LTD,20100201,19.23,19.67,19.12,19.65,30737
LTD,20100202,19.68,20.33,19.66,20.32,55724
LTD,20100203,20.23,20.32,20.00,20.26,63010
LTD,20100204,20.17,20.30,19.96,20.03,86754
LTD,20100205,19.98,20.51,19.84,20.47,79558
LTD,20100208,20.49,20.49,20.01,20.01,63627
LTD,20100209,20.23,20.45,19.98,20.34,52636
LTD,20100210,20.25,20.36,19.90,20.09,37867
LTD,20100211,20.00,20.37,19.88,20.34,26414
LTD,20100212,20.05,20.55,19.84,20.48,51001
LTD,20100216,20.74,20.84,20.48,20.83,30529
LTD,20100217,20.91,21.17,20.77,21.05,35777
LTD,20100218,20.96,21.37,20.90,21.34,22603
LTD,20100219,21.20,21.48,21.17,21.40,28775
LTD,20100222,21.60,21.73,21.32,21.50,55835
LTD,20100223,21.45,21.52,20.97,21.03,74534
LTD,20100224,20.87,21.56,20.87,21.54,70881
LTD,20100225,22.03,22.53,21.90,22.15,175726
LTD,20100226,22.15,22.26,21.99,22.11,69812
LTD,20100301,22.25,22.72,22.16,22.53,49074
LTD,20100302,22.66,22.76,22.40,22.43,41860
LTD,20100303,22.50,22.75,22.35,22.65,32721
LTD,20100304,22.73,23.02,22.51,22.98,40487
LTD,20100305,23.17,23.38,22.92,23.28,28606
LTD,20100308,23.32,23.63,23.21,23.47,34077
LTD,20100309,23.48,23.62,23.31,23.59,42472
LTD,20100310,23.60,23.77,23.44,23.49,48816
LTD,20100311,23.35,23.66,23.24,23.61,27384
LTD,20100312,23.70,23.74,23.42,23.74,30862
LTD,20100315,23.73,23.79,23.46,23.71,24397
LTD,20100316,24.05,24.85,23.99,24.71,87877
LTD,20100317,24.91,24.94,24.44,24.68,67655
LTD,20100318,24.78,24.84,24.50,24.75,34524
LTD,20100319,24.79,24.91,24.43,24.67,34809
LTD,20100322,24.54,25.40,24.45,25.29,48677
LTD,20100323,25.38,25.49,24.96,25.46,35883
LTD,20100324,25.31,25.37,24.89,24.98,36975
LTD,20100325,25.25,25.68,25.15,25.34,48619
LTD,20100326,25.46,25.70,25.32,25.54,37293
LTD,20100329,25.60,25.82,25.20,25.78,39352
LTD,20100330,25.71,26.37,25.71,25.88,68872
LTD,20100331,24.88,24.97,24.56,24.62,62077
LTD,20100401,24.86,25.00,24.66,24.80,49448
LTD,20100405,24.81,25.77,24.81,25.73,46192
LTD,20100406,25.62,25.75,25.45,25.72,43922
LTD,20100407,25.71,25.80,25.33,25.68,67904
LTD,20100408,25.67,26.38,25.37,26.28,77979
LTD,20100409,26.36,26.67,25.96,26.62,51914
LTD,20100412,26.61,27.09,26.56,26.89,55086
LTD,20100413,26.69,27.22,26.60,27.19,58268
LTD,20100414,27.20,27.40,26.77,27.03,80895
LTD,20100415,26.94,27.84,26.75,27.56,61698
LTD,20100416,27.40,27.54,26.81,27.07,61605
LTD,20100419,27.08,27.33,26.74,27.26,56056
LTD,20100420,27.52,27.68,27.27,27.59,32667
LTD,20100421,27.57,28.09,27.50,28.03,32681
LTD,20100422,27.87,28.76,27.60,28.59,38169
LTD,20100423,28.49,28.76,28.25,28.48,34327
LTD,20100426,28.50,28.78,28.42,28.57,34323
LTD,20100427,28.32,28.43,27.66,27.75,46229
LTD,20100428,27.88,28.12,27.06,27.15,55088
LTD,20100429,27.22,27.80,27.22,27.55,52736
LTD,20100430,27.60,27.69,26.36,26.80,66876
LTD,20100503,26.98,28.19,26.87,27.80,53955
LTD,20100504,27.47,27.47,26.71,26.87,61954
LTD,20100505,26.39,27.31,26.15,26.50,49035
LTD,20100506,26.11,26.11,22.61,25.13,105034
LTD,20100507,24.99,25.84,24.17,24.93,87416
LTD,20100510,26.30,26.94,26.06,26.92,47445
LTD,20100511,26.43,27.54,26.43,27.16,47218
LTD,20100512,27.23,27.39,26.64,27.27,45179
LTD,20100513,27.23,27.23,25.83,25.99,55166
LTD,20100514,25.73,25.90,25.19,25.45,50223
LTD,20100517,25.58,25.75,24.76,25.37,81361
LTD,20100518,25.75,25.87,24.34,24.47,97252
LTD,20100519,25.06,25.18,24.16,24.49,100088
LTD,20100520,23.60,24.56,23.36,23.88,106649
LTD,20100521,23.31,25.13,23.31,24.82,66008
LTD,20100524,24.77,25.12,24.57,24.75,59221
LTD,20100525,24.01,24.75,23.62,24.67,79012
LTD,20100526,24.99,25.11,24.19,24.33,69941
LTD,20100527,25.02,25.44,24.94,25.43,52036
LTD,20100528,25.42,25.55,24.50,24.86,57133
LTD,20100601,24.65,25.68,24.45,25.23,62364
LTD,20100602,25.32,25.96,25.14,25.95,83218
LTD,20100603,26.60,27.47,26.13,26.26,86656
LTD,20100604,25.76,26.10,24.58,24.70,71171
LTD,20100607,24.67,24.99,23.84,23.89,60927
LTD,20100608,23.86,24.15,23.17,23.85,87547
LTD,20100609,24.10,24.96,23.99,24.20,56760
LTD,20100610,24.70,25.10,24.43,24.94,54298
LTD,20100611,24.47,25.17,24.42,25.08,37944
LTD,20100614,25.32,25.76,25.15,25.53,39549
LTD,20100615,25.65,26.08,25.36,25.97,45168
LTD,20100616,25.81,25.81,25.27,25.37,47142
LTD,20100617,25.59,25.62,24.77,25.03,58117
LTD,20100618,25.04,25.27,24.59,24.66,54822
LTD,20100621,25.15,25.25,23.99,24.14,49832
LTD,20100622,24.39,24.65,23.11,23.19,83782
LTD,20100623,23.27,23.70,22.79,23.42,62774
LTD,20100624,23.15,23.22,22.51,22.94,58403
LTD,20100625,22.98,23.39,22.72,23.09,66616
LTD,20100628,23.18,23.28,22.80,22.95,38514
LTD,20100629,22.50,22.59,21.83,21.97,69659
LTD,20100630,21.84,22.72,21.81,22.07,52088
LTD,20100701,22.03,22.82,21.78,22.71,76735
LTD,20100702,22.72,23.03,22.46,22.58,75062
LTD,20100706,22.89,23.43,22.40,22.61,49710
LTD,20100707,22.54,23.74,22.54,23.68,60726
LTD,20100708,24.04,24.32,23.41,24.21,90214
LTD,20100709,24.29,24.42,23.95,24.42,31785
LTD,20100712,24.35,24.40,23.81,23.93,49733
LTD,20100713,24.20,24.72,24.05,24.59,74870
LTD,20100714,24.50,24.86,24.22,24.83,40346
LTD,20100715,24.88,25.12,24.47,25.05,41428
LTD,20100716,24.79,24.85,23.42,23.50,59131
LTD,20100719,23.59,23.87,23.29,23.70,36727
LTD,20100720,23.59,24.46,23.38,24.42,47415
LTD,20100721,24.71,24.79,24.14,24.27,41846
LTD,20100722,24.63,25.34,24.57,25.22,37654
LTD,20100723,25.16,25.65,24.98,25.62,56257
LTD,20100726,25.79,26.25,25.29,26.25,33433
LTD,20100727,26.48,26.54,25.29,25.43,43238
LTD,20100728,25.43,25.90,25.22,25.36,29682
LTD,20100729,25.69,26.00,24.79,25.48,55334
LTD,20100730,24.94,25.71,24.73,25.64,46579
LTD,20100802,26.30,26.44,25.66,26.23,52319
LTD,20100803,26.22,26.31,25.33,25.52,51812
LTD,20100804,25.70,26.18,25.68,26.04,46357
LTD,20100805,25.86,26.38,25.36,26.33,41976
LTD,20100806,25.85,26.33,25.73,26.13,29402
LTD,20100809,26.39,26.93,26.26,26.79,37776
LTD,20100810,26.42,26.54,25.59,25.78,56969
LTD,20100811,25.13,25.42,24.98,25.12,40167
LTD,20100812,24.70,25.38,24.58,25.29,33378
LTD,20100813,25.14,25.23,24.63,24.89,44547
LTD,20100816,24.71,25.06,24.50,24.88,41634
LTD,20100817,25.23,25.83,25.09,25.56,46538
LTD,20100818,25.50,25.95,25.19,25.78,47992
LTD,20100819,26.10,26.58,25.63,25.86,69370
LTD,20100820,25.76,25.90,24.86,25.56,36211
LTD,20100823,25.71,25.95,24.83,24.84,40610
LTD,20100824,24.49,24.84,24.22,24.46,39443
LTD,20100825,24.14,24.69,23.98,24.52,54596
LTD,20100826,24.59,24.92,24.27,24.32,38674
LTD,20100827,24.49,25.03,23.85,24.96,41928
LTD,20100830,24.86,24.89,24.13,24.14,31595
LTD,20100831,23.93,24.43,23.57,23.60,68155
LTD,20100901,23.93,24.51,23.83,24.27,54121
LTD,20100902,24.75,25.83,24.64,25.75,58001
LTD,20100903,26.05,26.47,25.78,26.21,38775
LTD,20100907,26.07,26.16,25.73,25.89,34025
LTD,20100908,25.50,25.56,24.91,25.12,80964
LTD,20100909,25.51,25.60,25.07,25.23,33397
LTD,20100910,25.38,25.55,25.20,25.38,27610
LTD,20100913,25.81,26.02,25.64,25.74,37969
LTD,20100914,25.78,26.69,25.75,26.51,40668
LTD,20100915,26.33,26.58,26.13,26.43,36425
LTD,20100916,26.23,26.58,25.94,26.45,26740
LTD,20100917,26.61,26.83,26.26,26.77,39530
LTD,20100920,26.87,27.50,26.74,27.40,36673
LTD,20100921,27.38,27.43,26.38,26.48,46234
LTD,20100922,26.31,26.73,25.96,26.18,24144
LTD,20100923,25.91,26.60,25.83,26.22,23399
LTD,20100924,26.67,27.25,26.56,27.18,27004
LTD,20100927,26.96,27.24,26.84,26.98,16191
LTD,20100928,27.07,27.38,26.65,27.26,32473
LTD,20100929,27.27,27.69,27.05,27.59,35040
LTD,20100930,27.66,27.75,26.47,26.78,63562
LTD,20101001,26.10,27.10,25.99,26.82,54582
LTD,20101004,26.70,27.05,26.34,26.62,30090
LTD,20101005,27.05,27.97,26.86,27.81,53911
LTD,20101006,27.57,27.75,27.32,27.59,30392
LTD,20101007,28.20,28.96,28.07,28.64,68119
LTD,20101008,28.67,29.20,28.58,28.81,44912
LTD,20101011,28.78,29.48,28.78,29.31,36300
LTD,20101012,29.27,29.85,29.02,29.71,49241
LTD,20101013,29.94,29.95,29.26,29.35,43368
LTD,20101014,29.25,29.41,28.84,29.18,32435
LTD,20101015,29.50,29.60,29.01,29.26,32538
LTD,20101018,29.20,29.47,28.98,29.35,20935
LTD,20101019,28.90,29.08,28.38,28.63,32008
LTD,20101020,28.59,29.28,28.17,29.05,46613
LTD,20101021,29.23,29.52,28.60,28.80,26829
LTD,20101022,28.82,29.24,28.74,29.06,22117
LTD,20101025,29.28,29.70,29.10,29.16,16829
LTD,20101026,29.05,29.49,28.79,29.40,20603
LTD,20101027,29.05,29.38,28.65,29.20,24888
LTD,20101028,29.38,29.44,28.64,29.28,33901
LTD,20101029,29.06,29.51,29.02,29.39,32051
LTD,20101101,29.74,29.75,28.85,29.06,33023
LTD,20101102,29.33,29.88,29.01,29.83,33619
LTD,20101103,29.93,30.10,29.29,29.84,54151
LTD,20101104,30.35,31.46,30.32,31.43,59455
LTD,20101105,31.49,31.99,31.27,31.81,39326
LTD,20101108,31.60,32.14,31.39,32.09,35200
LTD,20101109,32.10,32.37,31.25,31.37,26868
LTD,20101110,31.27,32.28,31.26,31.80,31100
LTD,20101111,31.58,32.32,31.37,32.14,30386
LTD,20101112,31.84,32.15,31.40,31.64,25056
LTD,20101115,31.96,31.98,31.39,31.44,28804
LTD,20101116,31.26,32.13,30.71,31.09,40295
LTD,20101117,31.19,32.14,31.16,31.87,47284
LTD,20101118,33.40,34.40,33.02,33.26,133530
LTD,20101119,32.89,33.32,32.25,33.01,78800
LTD,20101122,33.00,33.53,32.85,33.23,53836
LTD,20101123,32.64,33.35,32.52,32.99,69297
LTD,20101124,33.39,34.07,33.27,33.78,48415
LTD,20101126,33.56,33.90,33.52,33.75,69926
LTD,20101129,33.49,33.55,32.77,33.47,52123
LTD,20101130,33.10,33.84,33.00,33.67,123448
LTD,20101201,34.57,34.76,34.13,34.64,120398
LTD,20101202,35.00,35.48,34.28,34.90,78515
LTD,20101203,31.99,32.13,31.53,31.83,47877
LTD,20101206,31.91,32.00,31.60,31.81,37123
LTD,20101207,32.15,32.21,31.41,31.43,45037
LTD,20101208,31.43,31.55,30.63,31.10,47314
LTD,20101209,31.37,31.50,31.15,31.31,25910
LTD,20101210,31.41,31.63,31.11,31.54,24997
LTD,20101213,31.65,31.86,30.75,30.78,42885
LTD,20101214,30.86,31.08,30.66,30.84,27763
LTD,20101215,30.75,30.93,30.44,30.54,23401
LTD,20101216,30.65,31.01,30.46,30.91,22968
LTD,20101217,30.93,31.52,30.77,31.24,39360
LTD,20101220,31.24,31.35,30.84,31.08,19957
LTD,20101221,31.40,31.88,31.03,31.73,28575
LTD,20101222,31.76,32.00,30.90,31.06,24024
LTD,20101223,31.04,31.16,30.66,31.06,16717
LTD,20101227,30.91,31.21,30.60,31.12,11166
LTD,20101228,31.08,31.20,30.64,30.65,20392
LTD,20101229,30.69,30.97,30.57,30.69,20722
LTD,20101230,30.70,31.28,30.63,31.19,17983
LTD,20101231,31.14,31.14,30.67,30.73,13919
LTD,20110103,31.02,31.50,30.57,30.69,39992
LTD,20110104,30.61,30.65,29.87,29.92,42857
LTD,20110105,29.75,29.93,29.23,29.58,54964
LTD,20110106,29.27,29.31,28.50,28.89,77896
LTD,20110107,28.99,29.26,28.40,28.68,58492
LTD,20110110,28.47,29.27,28.47,29.13,3036800
LTD,20110111,29.34,29.47,28.52,28.97,3532800
LTD,20110112,29.19,29.25,28.76,28.93,3911700
LTD,20110113,28.92,29.65,28.87,29.43,12882900
LTD,20110114,29.53,29.58,29.07,29.11,3407100
LTD,20110118,29.28,29.36,28.75,29.09,2345000
LTD,20110119,29.04,29.10,28.58,28.66,2521500
LTD,20110120,28.57,29.22,28.55,29.07,4549200
LTD,20110121,29.29,29.36,28.61,28.68,4199200
LTD,20110124,28.73,28.97,28.60,28.81,1957800
LTD,20110125,28.65,28.73,28.05,28.42,5616400
LTD,20110126,28.52,28.93,28.13,28.70,3634800
LTD,20110127,28.75,29.54,28.65,29.41,4593200
LTD,20110128,29.42,29.63,28.84,28.92,4396800
LTD,20110131,29.05,29.24,28.64,29.24,3641800
LTD,20110201,29.41,29.84,29.25,29.65,3958700
LTD,20110202,29.43,29.50,28.86,29.13,3887100
LTD,20110203,30.91,31.48,30.34,31.29,9007000
LTD,20110204,31.45,32.10,31.27,31.87,4954400
LTD,20110207,31.94,32.08,31.68,31.94,3750900
LTD,20110208,31.94,32.43,31.74,32.39,2570200
LTD,20110209,32.26,32.82,32.22,32.65,2948200
LTD,20110210,32.49,32.84,32.31,32.57,3411500
LTD,20110211,32.44,33.03,32.41,33.03,2669800
LTD,20110214,33.03,33.17,32.53,32.80,2276200
LTD,20110215,32.67,32.77,32.38,32.52,2056900
LTD,20110216,32.57,33.31,32.57,33.08,2214900
LTD,20110217,32.88,33.39,32.76,33.15,2429100
LTD,20110218,33.19,33.72,33.14,33.50,3142900
LTD,20110222,33.12,33.73,32.60,32.73,3302200
LTD,20110223,32.65,33.13,31.22,31.77,5305000
LTD,20110224,31.85,32.75,31.22,32.14,6752600
LTD,20110225,32.29,32.98,31.90,32.32,3529900
LTD,20110228,32.39,32.46,31.67,32.02,3184400
LTD,20110301,31.93,32.40,31.41,31.57,3406200
LTD,20110302,31.50,32.28,31.42,32.14,3850900
LTD,20110303,32.43,32.50,31.09,32.37,7664700
LTD,20110304,32.27,32.79,32.03,32.31,5236500
LTD,20110307,32.42,32.68,31.47,31.60,3755900
LTD,20110308,31.64,31.91,31.23,31.41,3809500
LTD,20110309,31.37,31.61,31.12,31.43,2536500
LTD,20110310,31.05,31.48,30.85,31.15,3339800
LTD,20110311,31.05,31.80,31.02,31.64,2309300
LTD,20110314,31.37,31.66,30.70,31.07,2253300
LTD,20110315,30.06,30.70,29.55,30.55,4294000
LTD,20110316,30.42,30.62,29.99,30.24,4110000
LTD,20110317,30.59,30.83,30.21,30.40,2230300
LTD,20110318,30.81,30.82,30.28,30.48,3780500
LTD,20110321,30.81,31.53,30.56,31.25,3904700
LTD,20110322,31.39,31.76,31.20,31.20,3253500
LTD,20110323,31.20,31.71,31.03,31.57,2703300
LTD,20110324,31.81,32.37,31.70,32.07,3370700
LTD,20110325,32.00,32.77,31.96,32.28,3456900
LTD,20110328,32.30,32.76,31.98,32.04,3241700
LTD,20110329,32.07,32.66,32.04,32.55,2843900
LTD,20110330,32.71,33.36,32.61,33.23,2797900
LTD,20110331,33.10,33.10,32.53,32.88,3003200
LTD,20110401,33.01,33.30,32.81,32.99,3328100
LTD,20110404,33.01,33.38,32.64,33.33,3574200
LTD,20110405,33.34,34.89,33.32,34.49,7391400
LTD,20110406,34.76,35.33,34.52,35.23,6246600
LTD,20110407,35.60,36.08,34.98,35.80,9100400
LTD,20110408,35.96,37.20,35.71,37.17,9945800
LTD,20110411,37.03,37.99,36.96,37.45,9474700
LTD,20110412,37.05,37.64,36.75,37.16,7955200
LTD,20110413,37.41,38.11,37.30,37.95,5419400
LTD,20110414,37.70,37.98,37.38,37.67,3615900
LTD,20110415,37.96,38.22,37.68,37.88,5112300
LTD,20110418,37.37,37.99,37.17,37.87,3733000
LTD,20110419,37.85,38.71,37.79,38.09,5272200
LTD,20110420,38.60,39.79,38.50,39.19,5541300
LTD,20110421,39.35,39.60,38.92,39.37,4610000
LTD,20110425,39.27,40.30,39.25,40.26,4906200
LTD,20110426,40.31,41.16,39.99,40.78,4628100
