MNKD,20090115,3.61,3.82,3.60,3.75,2306
MNKD,20090116,3.79,3.79,3.55,3.62,1978
MNKD,20090120,3.68,3.68,3.40,3.40,2319
MNKD,20090121,3.46,3.63,3.37,3.57,2770
MNKD,20090122,3.48,3.48,3.35,3.38,1121
MNKD,20090123,3.35,3.51,3.31,3.35,1591
MNKD,20090126,3.70,3.70,3.35,3.46,1536
MNKD,20090127,3.36,3.68,3.33,3.59,1564
MNKD,20090128,3.65,3.70,3.52,3.62,1509
MNKD,20090129,3.65,3.69,3.53,3.53,1266
MNKD,20090130,3.56,3.68,3.50,3.55,2261
MNKD,20090202,3.58,3.87,3.48,3.69,1863
MNKD,20090203,3.70,3.85,3.61,3.77,2206
MNKD,20090204,3.85,3.85,3.62,3.62,1160
MNKD,20090205,3.62,3.90,3.62,3.80,2010
MNKD,20090206,3.81,3.98,3.77,3.94,2771
MNKD,20090209,3.95,4.00,3.82,3.94,2687
MNKD,20090210,3.93,3.93,3.68,3.69,2344
MNKD,20090211,3.70,3.78,3.52,3.58,2576
MNKD,20090212,3.60,3.65,3.50,3.63,1224
MNKD,20090213,3.63,3.67,3.52,3.59,3671
MNKD,20090217,3.51,3.54,3.44,3.44,1435
MNKD,20090218,3.46,3.49,3.36,3.36,1966
MNKD,20090219,3.40,3.45,3.20,3.20,2010
MNKD,20090220,3.20,3.20,2.75,2.82,6172
MNKD,20090223,2.89,3.00,2.63,2.64,4575
MNKD,20090224,2.70,2.85,2.61,2.83,2584
MNKD,20090225,2.92,3.05,2.50,2.50,3149
MNKD,20090226,2.95,2.95,2.25,2.30,4421
MNKD,20090227,2.30,2.33,2.11,2.16,4872
MNKD,20090302,2.16,2.18,2.00,2.02,6290
MNKD,20090303,2.05,2.25,2.00,2.14,3726
MNKD,20090304,2.19,2.30,2.06,2.23,2949
MNKD,20090305,2.30,2.30,2.12,2.15,2889
MNKD,20090306,2.12,2.29,2.11,2.17,3625
MNKD,20090309,2.19,2.48,2.19,2.29,3089
MNKD,20090310,2.39,2.50,2.31,2.38,3093
MNKD,20090311,2.46,2.62,2.35,2.52,3673
MNKD,20090312,2.60,2.97,2.60,2.96,7970
MNKD,20090313,2.99,3.11,2.90,3.06,3867
MNKD,20090316,3.10,3.58,3.05,3.10,5732
MNKD,20090317,3.10,3.59,3.10,3.50,3743
MNKD,20090318,3.50,3.50,3.23,3.41,2995
MNKD,20090319,3.48,3.50,3.30,3.39,3257
MNKD,20090320,3.40,3.44,3.20,3.28,3678
MNKD,20090323,3.30,3.48,3.28,3.45,4313
MNKD,20090324,3.34,3.36,3.20,3.22,2270
MNKD,20090325,3.26,3.43,3.22,3.43,3673
MNKD,20090326,3.42,3.47,3.37,3.47,2963
MNKD,20090327,3.42,3.44,3.34,3.39,1961
MNKD,20090330,3.40,3.65,3.25,3.62,2870
MNKD,20090331,3.66,3.70,3.40,3.48,3553
MNKD,20090401,3.43,3.57,3.35,3.52,2314
MNKD,20090402,3.62,3.70,3.46,3.68,4478
MNKD,20090403,3.75,3.75,3.55,3.72,2102
MNKD,20090406,3.66,3.75,3.56,3.65,1618
MNKD,20090407,3.71,3.71,3.51,3.62,2190
MNKD,20090408,3.64,3.70,3.46,3.56,2430
MNKD,20090409,3.74,3.80,3.60,3.80,2696
MNKD,20090413,3.73,3.80,3.64,3.80,1574
MNKD,20090414,3.73,3.80,3.66,3.71,1258
MNKD,20090415,3.70,3.76,3.60,3.75,2347
MNKD,20090416,3.78,3.80,3.63,3.80,2808
MNKD,20090417,3.82,4.10,3.77,4.00,4924
MNKD,20090420,4.00,4.00,3.70,3.73,2172
MNKD,20090421,3.70,3.95,3.70,3.93,1825
MNKD,20090422,3.88,3.97,3.83,3.88,2023
MNKD,20090423,4.06,4.06,3.69,3.70,2613
MNKD,20090424,3.80,3.95,3.70,3.95,3079
MNKD,20090427,3.90,4.15,3.85,3.98,3592
MNKD,20090428,3.91,4.10,3.89,4.00,2018
MNKD,20090429,4.05,4.40,3.92,4.03,7280
MNKD,20090430,4.06,4.25,4.05,4.09,6360
MNKD,20090501,4.11,4.18,4.00,4.01,4280
MNKD,20090504,4.05,4.25,4.05,4.15,3995
MNKD,20090505,5.00,5.50,4.21,5.45,13106
MNKD,20090506,5.39,5.40,4.80,5.00,6822
MNKD,20090507,5.04,6.64,5.02,6.14,12042
MNKD,20090508,6.53,6.94,6.26,6.32,12129
MNKD,20090511,6.53,7.50,6.19,6.57,14725
MNKD,20090512,6.95,7.25,6.05,6.48,9038
MNKD,20090513,6.48,6.49,5.80,5.86,7496
MNKD,20090514,6.00,6.05,5.40,5.81,4787
MNKD,20090515,5.95,5.99,5.65,5.83,3134
MNKD,20090518,5.93,7.24,5.85,6.39,14852
MNKD,20090519,6.50,6.54,6.30,6.41,3950
MNKD,20090520,6.44,6.74,6.10,6.25,7136
MNKD,20090521,6.25,6.90,6.25,6.27,4695
MNKD,20090522,6.33,6.43,6.25,6.26,2474
MNKD,20090526,6.40,6.45,6.27,6.45,2699
MNKD,20090527,6.39,6.42,6.28,6.41,2688
MNKD,20090528,6.47,6.78,6.35,6.62,5119
MNKD,20090529,6.61,6.80,6.50,6.58,4378
MNKD,20090601,6.66,6.80,6.58,6.65,3150
MNKD,20090602,6.75,6.75,6.59,6.62,2990
MNKD,20090603,6.80,7.05,6.62,6.84,7082
MNKD,20090604,6.86,7.60,6.81,7.14,13343
MNKD,20090605,7.42,7.43,7.00,7.06,6235
MNKD,20090608,7.63,9.25,7.08,8.08,75177
MNKD,20090609,8.30,8.74,7.85,8.10,23584
MNKD,20090610,8.27,8.27,7.60,7.76,11072
MNKD,20090611,7.75,7.80,7.50,7.62,6266
MNKD,20090612,7.65,7.89,7.51,7.89,5321
MNKD,20090615,7.80,8.40,7.76,8.38,13486
MNKD,20090616,8.32,8.41,8.11,8.21,5879
MNKD,20090617,8.21,8.35,8.03,8.10,3933
MNKD,20090618,8.10,8.26,8.10,8.21,4440
MNKD,20090619,8.34,8.77,8.22,8.51,13462
MNKD,20090622,8.35,8.56,7.95,8.24,8807
MNKD,20090623,8.32,8.32,8.04,8.24,2996
MNKD,20090624,8.66,8.75,8.27,8.43,3888
MNKD,20090625,8.45,8.56,8.30,8.54,3433
MNKD,20090626,8.35,8.40,8.11,8.29,16667
MNKD,20090629,8.23,8.49,8.18,8.44,3713
MNKD,20090630,8.44,8.49,8.15,8.31,4515
MNKD,20090701,8.25,8.45,8.15,8.44,5143
MNKD,20090702,8.29,8.43,8.20,8.41,3548
MNKD,20090706,8.40,8.40,8.02,8.08,5205
MNKD,20090707,8.08,8.18,7.81,7.95,4881
MNKD,20090708,7.96,8.30,7.80,8.29,10969
MNKD,20090709,8.31,8.37,8.13,8.14,2540
MNKD,20090710,8.12,8.25,8.02,8.06,3263
MNKD,20090713,8.07,8.18,7.92,8.04,3445
MNKD,20090714,7.95,7.95,7.31,7.35,14125
MNKD,20090715,7.50,7.62,7.15,7.40,9929
MNKD,20090716,7.35,7.40,6.85,6.98,12158
MNKD,20090717,7.01,7.40,6.62,7.25,12504
MNKD,20090720,7.23,7.25,6.71,7.14,8958
MNKD,20090721,6.96,7.39,6.81,7.34,5783
MNKD,20090722,7.35,7.50,7.21,7.46,4834
MNKD,20090723,7.45,7.85,7.45,7.80,5251
MNKD,20090724,7.72,7.96,7.60,7.85,3194
MNKD,20090727,7.86,7.95,7.52,7.85,2474
MNKD,20090728,7.82,7.97,7.52,7.96,3293
MNKD,20090729,7.86,8.28,7.65,8.20,5625
MNKD,20090730,8.25,8.41,8.06,8.21,3292
MNKD,20090731,8.14,8.27,8.01,8.03,3562
MNKD,20090803,8.05,8.30,8.00,8.23,6060
MNKD,20090804,8.20,8.30,8.02,8.13,4288
MNKD,20090805,7.36,7.54,7.21,7.45,40482
MNKD,20090806,7.46,7.67,7.38,7.55,10423
MNKD,20090807,7.62,7.83,7.50,7.54,5852
MNKD,20090810,7.54,7.68,7.44,7.54,5023
MNKD,20090811,7.52,7.70,7.18,7.21,7061
MNKD,20090812,7.23,7.40,6.88,6.91,13251
MNKD,20090813,7.09,7.25,6.80,7.23,14386
MNKD,20090814,7.20,7.49,7.20,7.37,6342
MNKD,20090817,7.34,7.45,7.21,7.35,4717
MNKD,20090818,7.36,7.42,7.24,7.28,3253
MNKD,20090819,7.25,7.48,7.23,7.48,3774
MNKD,20090820,7.46,7.49,7.30,7.44,2353
MNKD,20090821,7.53,7.69,7.37,7.59,7276
MNKD,20090824,7.68,7.82,7.52,7.82,6515
MNKD,20090825,7.81,8.04,7.71,7.95,5049
MNKD,20090826,7.90,8.02,7.69,7.89,3564
MNKD,20090827,7.90,7.96,7.72,7.96,3237
MNKD,20090828,7.98,8.01,7.82,7.93,3387
MNKD,20090831,7.93,7.95,7.77,7.79,7613
MNKD,20090901,7.73,7.94,7.55,7.60,5014
MNKD,20090902,7.54,7.71,7.35,7.71,2921
MNKD,20090903,7.71,7.80,7.51,7.77,6480
MNKD,20090904,7.84,8.01,7.77,8.01,5425
MNKD,20090908,8.10,8.94,7.90,8.73,20161
MNKD,20090909,8.90,9.25,8.65,8.94,16088
MNKD,20090910,9.12,9.12,8.80,8.89,5464
MNKD,20090911,8.98,8.99,8.73,8.83,4793
MNKD,20090914,8.84,9.44,8.69,9.15,8080
MNKD,20090915,9.39,9.60,9.20,9.54,11625
MNKD,20090916,9.60,10.00,9.55,9.72,8725
MNKD,20090917,9.84,9.95,9.56,9.64,6570
MNKD,20090918,10.10,10.83,9.77,10.21,33784
MNKD,20090921,10.43,11.70,10.26,11.47,25606
MNKD,20090922,11.80,12.30,11.43,11.81,25452
MNKD,20090923,11.88,12.00,10.55,10.76,27653
MNKD,20090924,10.70,10.94,10.14,10.23,27157
MNKD,20090925,9.59,10.16,9.02,9.81,18841
MNKD,20090928,9.81,9.91,9.65,9.80,8290
MNKD,20090929,9.85,11.11,9.74,10.05,28417
MNKD,20090930,9.90,10.18,9.47,9.85,9264
MNKD,20091001,9.94,9.94,9.19,9.20,11309
MNKD,20091002,9.05,9.94,8.89,9.60,21708
MNKD,20091005,9.75,9.80,9.20,9.21,11960
MNKD,20091006,8.03,8.03,6.13,6.31,169320
MNKD,20091007,6.38,6.76,6.03,6.15,63349
MNKD,20091008,6.28,6.36,6.15,6.28,31390
MNKD,20091009,6.31,6.65,6.30,6.62,25050
MNKD,20091012,6.81,6.87,6.35,6.48,23161
MNKD,20091013,6.64,6.64,6.16,6.29,16340
MNKD,20091014,6.25,6.45,5.60,5.84,46003
MNKD,20091015,5.78,5.96,5.58,5.88,16923
MNKD,20091016,5.83,5.84,5.50,5.54,15009
MNKD,20091019,5.54,5.75,5.48,5.50,19809
MNKD,20091020,5.49,5.49,5.07,5.08,27287
MNKD,20091021,5.10,5.91,5.02,5.68,53046
MNKD,20091022,5.69,5.78,5.46,5.69,14542
MNKD,20091023,5.75,5.79,5.37,5.44,16205
MNKD,20091026,5.47,5.65,5.25,5.33,12696
MNKD,20091027,5.40,5.45,5.25,5.37,13597
MNKD,20091028,5.50,5.55,5.16,5.21,11709
MNKD,20091029,5.22,5.68,5.15,5.35,18923
MNKD,20091030,5.35,5.41,5.16,5.22,13428
MNKD,20091102,5.15,5.49,5.15,5.30,12719
MNKD,20091103,5.70,5.93,5.50,5.82,28678
MNKD,20091104,5.83,5.84,5.47,5.48,15818
MNKD,20091105,5.52,5.75,5.50,5.64,12359
MNKD,20091106,5.68,5.90,5.60,5.72,12031
MNKD,20091109,5.91,6.28,5.74,6.21,22853
MNKD,20091110,6.21,6.75,6.21,6.58,31144
MNKD,20091111,6.68,6.75,6.40,6.67,15283
MNKD,20091112,6.67,6.69,6.41,6.46,9434
MNKD,20091113,6.58,6.68,6.26,6.28,12614
MNKD,20091116,6.35,6.70,6.30,6.68,9879
MNKD,20091117,6.76,6.92,6.62,6.87,10523
MNKD,20091118,6.89,7.39,6.88,7.23,22588
MNKD,20091119,7.21,7.28,6.76,6.94,13981
MNKD,20091120,7.12,7.24,6.81,6.88,13947
MNKD,20091123,6.90,7.08,6.80,7.00,9937
MNKD,20091124,6.95,7.15,6.80,6.88,8107
MNKD,20091125,6.92,6.97,6.80,6.95,4737
MNKD,20091127,6.74,6.99,6.60,6.91,5410
MNKD,20091130,6.91,7.41,6.85,7.26,13808
MNKD,20091201,7.39,7.54,7.27,7.34,16627
MNKD,20091202,7.32,7.40,7.27,7.31,8084
MNKD,20091203,7.35,7.37,7.22,7.26,7174
MNKD,20091204,7.39,7.40,7.05,7.26,10776
MNKD,20091207,7.31,7.32,7.14,7.25,5351
MNKD,20091208,7.23,7.85,7.23,7.65,23947
MNKD,20091209,7.77,7.88,7.42,7.67,9477
MNKD,20091210,7.67,7.85,7.63,7.80,7275
MNKD,20091211,7.85,8.35,7.80,8.20,16219
MNKD,20091214,8.34,8.60,8.22,8.35,19150
MNKD,20091215,8.35,8.56,8.35,8.48,11820
MNKD,20091216,8.60,8.82,8.56,8.79,16086
MNKD,20091217,8.97,9.00,8.60,8.80,16274
MNKD,20091218,8.89,9.33,8.77,9.30,21894
MNKD,20091221,9.35,9.65,9.06,9.50,28798
MNKD,20091222,9.38,9.49,7.07,8.98,72404
MNKD,20091223,8.97,9.21,8.61,9.00,21083
MNKD,20091224,9.00,9.06,8.65,8.85,7180
MNKD,20091228,8.85,9.00,8.34,8.52,14889
MNKD,20091229,8.58,8.59,8.28,8.51,9533
MNKD,20091230,8.57,8.83,8.21,8.75,12422
MNKD,20091231,8.75,8.97,8.58,8.76,12313
MNKD,20100104,8.90,9.09,8.76,8.99,15409
MNKD,20100105,9.00,9.02,7.30,7.92,86254
MNKD,20100106,8.11,8.33,7.93,8.28,68667
MNKD,20100107,8.30,8.34,8.00,8.32,32389
MNKD,20100108,8.32,8.40,8.02,8.04,31033
MNKD,20100111,7.75,8.53,7.48,8.21,66980
MNKD,20100112,8.20,8.52,8.15,8.30,33112
MNKD,20100113,8.40,8.98,8.30,8.90,38969
MNKD,20100114,9.00,10.56,8.93,10.37,69372
MNKD,20100115,10.09,10.93,9.86,10.01,61257
MNKD,20100119,10.04,11.12,10.03,10.59,37105
MNKD,20100120,10.71,10.89,10.27,10.79,24606
MNKD,20100121,10.71,11.08,10.54,10.68,23641
MNKD,20100122,10.59,10.66,10.03,10.27,23203
MNKD,20100125,10.31,10.45,9.88,9.95,21814
MNKD,20100126,9.97,10.48,9.62,10.12,21292
MNKD,20100127,10.19,10.43,10.00,10.38,15189
MNKD,20100128,10.40,10.44,10.20,10.34,15314
MNKD,20100129,10.40,10.44,9.96,10.12,22095
MNKD,20100201,10.15,10.26,9.86,10.14,20278
MNKD,20100202,9.80,9.95,9.12,9.60,38577
MNKD,20100203,9.50,9.59,9.23,9.41,22396
MNKD,20100204,9.31,9.38,8.72,8.93,32211
MNKD,20100205,8.94,9.01,8.33,8.75,27451
MNKD,20100208,8.84,9.02,8.52,8.99,20873
MNKD,20100209,9.06,9.24,8.91,9.20,23188
MNKD,20100210,9.02,9.36,9.00,9.35,15469
MNKD,20100211,9.31,9.58,9.31,9.58,15887
MNKD,20100212,9.51,9.99,9.45,9.82,20411
MNKD,20100216,9.96,9.98,9.76,9.81,11411
MNKD,20100217,9.81,10.16,9.81,10.07,17132
MNKD,20100218,10.10,10.17,9.86,10.10,15196
MNKD,20100219,10.11,10.15,9.99,10.10,19490
MNKD,20100222,10.10,10.22,10.03,10.13,13146
MNKD,20100223,10.05,10.14,9.65,9.84,16524
MNKD,20100224,9.89,9.99,9.83,9.91,5576
MNKD,20100225,9.84,10.00,9.70,9.95,7336
MNKD,20100226,9.99,10.04,9.91,9.99,6922
MNKD,20100301,10.05,10.25,10.04,10.24,9016
MNKD,20100302,10.32,10.60,10.28,10.45,10947
MNKD,20100303,10.49,10.73,10.41,10.46,9235
MNKD,20100304,10.51,10.55,10.06,10.25,8253
MNKD,20100305,10.26,10.35,10.10,10.19,8487
MNKD,20100308,10.29,10.35,9.89,10.20,9708
MNKD,20100309,10.20,10.45,10.05,10.41,9329
MNKD,20100310,10.53,10.63,10.35,10.48,8925
MNKD,20100311,10.51,10.54,10.35,10.50,5307
MNKD,20100312,10.50,10.59,10.27,10.48,7440
MNKD,20100315,7.04,10.00,6.56,7.89,173538
MNKD,20100316,8.02,8.59,7.36,7.59,121325
MNKD,20100317,7.60,7.68,7.23,7.49,46390
MNKD,20100318,7.52,7.78,7.36,7.50,30615
MNKD,20100319,7.50,7.60,7.02,7.16,35304
MNKD,20100322,7.00,7.00,6.41,6.42,46272
MNKD,20100323,6.45,7.07,6.35,6.93,36568
MNKD,20100324,7.05,7.39,6.93,7.04,24149
MNKD,20100325,7.10,7.19,7.00,7.01,13596
MNKD,20100326,7.06,7.13,6.85,6.91,11914
MNKD,20100329,7.18,7.28,6.80,6.82,16848
MNKD,20100330,6.86,6.86,6.52,6.58,15008
MNKD,20100331,6.57,6.66,6.50,6.56,11287
MNKD,20100401,6.46,6.72,6.46,6.56,11083
MNKD,20100405,6.59,6.82,6.58,6.80,11351
MNKD,20100406,6.80,7.10,6.80,7.03,16095
MNKD,20100407,7.07,7.14,6.86,6.89,10452
MNKD,20100408,6.86,7.00,6.75,6.92,5828
MNKD,20100409,6.95,6.97,6.84,6.86,4608
MNKD,20100412,6.96,7.29,6.84,6.95,23577
MNKD,20100413,7.03,7.10,6.84,6.86,10525
MNKD,20100414,6.94,6.94,6.75,6.85,11055
MNKD,20100415,6.81,6.89,6.67,6.71,11107
MNKD,20100416,6.70,6.80,6.50,6.53,13898
MNKD,20100419,6.52,6.67,6.42,6.48,7856
MNKD,20100420,6.53,6.59,6.11,6.49,15400
MNKD,20100421,6.46,6.48,6.18,6.19,11565
MNKD,20100422,6.10,6.33,5.90,6.26,12979
MNKD,20100423,6.29,7.05,6.12,6.99,36847
MNKD,20100426,7.30,7.33,6.99,6.99,22673
MNKD,20100427,7.00,7.08,6.55,6.56,13462
MNKD,20100428,6.69,7.32,6.51,6.89,29045
MNKD,20100429,6.98,7.08,6.81,7.00,16618
MNKD,20100430,7.00,7.19,6.75,6.95,23797
MNKD,20100503,6.96,7.28,6.92,7.23,16941
MNKD,20100504,7.12,7.30,7.04,7.13,11450
MNKD,20100505,6.99,7.05,6.70,6.83,18078
MNKD,20100506,6.80,6.95,5.95,6.50,19783
MNKD,20100507,6.60,6.69,6.11,6.25,15665
MNKD,20100510,6.70,6.70,6.44,6.52,11638
MNKD,20100511,6.50,6.97,6.41,6.86,15845
MNKD,20100512,6.84,6.98,6.75,6.80,12832
MNKD,20100513,6.81,6.81,6.09,6.11,46380
MNKD,20100514,6.08,6.08,5.74,5.83,36226
MNKD,20100517,5.97,6.02,5.47,5.64,34693
MNKD,20100518,5.70,5.83,5.50,5.51,13424
MNKD,20100519,5.52,5.52,5.18,5.23,17480
MNKD,20100520,5.08,5.15,4.91,4.94,22413
MNKD,20100521,4.86,5.24,4.82,4.95,23223
MNKD,20100524,4.97,5.20,4.76,5.06,20914
MNKD,20100525,5.01,5.40,4.82,5.37,17318
MNKD,20100526,5.50,5.66,5.11,5.16,16998
MNKD,20100527,5.35,5.45,5.26,5.45,6496
MNKD,20100528,5.40,5.67,5.27,5.56,12809
MNKD,20100601,5.64,5.72,5.33,5.37,12140
MNKD,20100602,5.47,5.71,5.37,5.70,7448
MNKD,20100603,5.71,5.88,5.65,5.86,8147
MNKD,20100604,5.67,5.88,5.40,5.47,13406
MNKD,20100607,5.53,5.69,5.40,5.51,11272
MNKD,20100608,5.50,5.65,5.40,5.64,10244
MNKD,20100609,5.65,5.70,5.47,5.59,8528
MNKD,20100610,5.65,6.26,5.59,6.25,37986
MNKD,20100611,6.28,6.95,6.19,6.50,32312
MNKD,20100614,6.55,6.70,6.37,6.43,16667
MNKD,20100615,6.59,6.59,6.02,6.12,20489
MNKD,20100616,6.00,6.19,5.87,5.92,15322
MNKD,20100617,5.92,5.92,5.64,5.82,10355
MNKD,20100618,5.89,6.06,5.78,5.88,12105
MNKD,20100621,6.14,6.25,5.58,5.66,15501
MNKD,20100622,5.68,5.86,5.57,5.66,8944
MNKD,20100623,5.97,6.24,5.89,5.95,20119
MNKD,20100624,5.95,6.69,5.84,6.56,17529
MNKD,20100625,6.83,7.19,6.69,7.11,32356
MNKD,20100628,6.99,7.00,6.59,6.85,24190
MNKD,20100629,6.65,6.76,6.57,6.71,18083
MNKD,20100630,6.71,6.78,6.34,6.39,8325
MNKD,20100701,6.61,6.61,5.98,6.32,10932
MNKD,20100702,6.39,6.49,6.03,6.04,9647
MNKD,20100706,6.27,6.37,5.67,5.76,16701
MNKD,20100707,5.84,6.26,5.76,6.19,14826
MNKD,20100708,6.32,6.35,6.07,6.29,10411
MNKD,20100709,6.25,6.47,6.20,6.46,7548
MNKD,20100712,6.42,6.49,6.11,6.16,8049
MNKD,20100713,6.22,6.55,6.16,6.53,13688
MNKD,20100714,6.49,6.88,6.32,6.55,18008
MNKD,20100715,6.54,6.60,6.34,6.45,9978
MNKD,20100716,6.34,6.37,5.92,6.01,15938
MNKD,20100719,6.01,6.23,5.92,6.21,9980
MNKD,20100720,6.59,6.95,6.45,6.68,36884
MNKD,20100721,6.72,6.77,6.29,6.39,15602
MNKD,20100722,6.46,6.67,6.05,6.33,19542
MNKD,20100723,6.27,6.55,6.13,6.49,11576
MNKD,20100726,6.60,7.27,6.50,7.10,37143
MNKD,20100727,7.17,7.25,6.99,7.19,14309
MNKD,20100728,7.25,7.29,6.91,6.96,10377
MNKD,20100729,7.00,7.15,6.68,6.86,11086
MNKD,20100730,6.79,7.10,6.77,6.91,11137
MNKD,20100802,7.00,7.36,6.92,7.02,19267
MNKD,20100803,6.98,7.15,6.82,6.86,12906
MNKD,20100804,6.95,7.09,6.89,6.99,9474
MNKD,20100805,6.95,7.07,6.85,6.88,6914
MNKD,20100806,6.88,6.94,6.70,6.90,8413
MNKD,20100809,6.79,7.11,6.69,7.07,14181
MNKD,20100810,7.00,7.20,6.94,7.15,12260
MNKD,20100811,7.14,7.20,6.77,6.85,20020
MNKD,20100812,6.84,6.95,6.66,6.74,7455
MNKD,20100813,6.71,6.75,6.52,6.53,9384
MNKD,20100816,6.52,6.82,6.50,6.82,10057
MNKD,20100817,6.42,6.45,6.10,6.22,27059
MNKD,20100818,6.22,6.63,5.96,5.97,34266
MNKD,20100819,6.18,6.25,5.75,5.93,55336
MNKD,20100820,5.90,6.01,5.81,5.94,17757
MNKD,20100823,5.94,5.99,5.75,5.77,10692
MNKD,20100824,5.62,5.79,5.50,5.71,10162
MNKD,20100825,5.66,5.81,5.56,5.73,10911
MNKD,20100826,5.77,5.81,5.66,5.72,11083
MNKD,20100827,5.84,5.95,5.70,5.87,8718
MNKD,20100830,5.85,5.92,5.66,5.67,9832
MNKD,20100831,5.62,5.77,5.54,5.55,13590
MNKD,20100901,5.59,5.74,5.54,5.70,10188
MNKD,20100902,5.71,5.82,5.61,5.75,5976
MNKD,20100903,5.77,5.83,5.68,5.81,9633
MNKD,20100907,5.80,5.81,5.66,5.74,7002
MNKD,20100908,5.73,5.94,5.73,5.86,9601
MNKD,20100909,5.91,5.94,5.82,5.88,4446
MNKD,20100910,5.86,5.95,5.80,5.91,4790
MNKD,20100913,5.99,6.45,5.93,6.29,23393
MNKD,20100914,6.47,6.58,6.23,6.26,18088
MNKD,20100915,6.32,6.33,6.03,6.06,13838
MNKD,20100916,6.05,6.20,5.85,5.93,9362
MNKD,20100917,5.95,6.04,5.80,5.99,14450
MNKD,20100920,6.01,6.07,5.98,6.03,14682
MNKD,20100921,6.06,6.17,5.91,5.99,15056
MNKD,20100922,6.00,6.03,5.96,6.01,12484
MNKD,20100923,5.99,6.07,5.96,6.01,17288
MNKD,20100924,6.06,6.12,6.03,6.06,8863
MNKD,20100927,6.07,6.11,6.03,6.05,8876
MNKD,20100928,6.06,6.09,5.98,6.08,10174
MNKD,20100929,6.11,6.72,6.07,6.58,69532
MNKD,20100930,6.88,6.90,6.53,6.76,28286
MNKD,20101001,6.77,6.87,6.55,6.61,14364
MNKD,20101004,6.59,6.67,6.15,6.28,26287
MNKD,20101005,6.31,6.52,6.21,6.46,11499
MNKD,20101006,6.45,6.81,6.42,6.58,15664
MNKD,20101007,6.63,6.72,6.49,6.66,10548
MNKD,20101008,6.69,6.80,6.64,6.76,12105
MNKD,20101011,6.74,6.75,6.54,6.62,8074
MNKD,20101012,6.57,6.71,6.52,6.68,8381
MNKD,20101013,6.73,6.78,6.66,6.67,10023
MNKD,20101014,6.52,6.70,6.41,6.50,13943
MNKD,20101015,6.76,6.89,6.63,6.70,24537
MNKD,20101018,6.80,6.87,6.73,6.76,13243
MNKD,20101019,6.82,7.20,6.76,6.92,33453
MNKD,20101020,6.83,6.83,6.49,6.57,35818
MNKD,20101021,6.63,6.68,6.15,6.26,37367
MNKD,20101022,6.35,6.54,6.28,6.50,24617
MNKD,20101025,6.52,6.60,6.30,6.46,15353
MNKD,20101026,6.40,6.55,6.35,6.46,7747
MNKD,20101027,6.44,6.50,6.36,6.46,7021
MNKD,20101028,6.52,6.56,6.39,6.40,14051
MNKD,20101029,6.52,6.55,6.28,6.38,14098
MNKD,20101101,6.51,6.57,6.14,6.25,23061
MNKD,20101102,6.37,6.38,6.06,6.26,15822
MNKD,20101103,6.26,6.32,6.10,6.19,11686
MNKD,20101104,6.14,6.19,5.07,5.51,124570
MNKD,20101105,5.48,5.56,5.25,5.54,29743
MNKD,20101108,5.58,5.67,5.37,5.45,18380
MNKD,20101109,5.46,5.50,5.32,5.40,13157
MNKD,20101110,5.50,5.73,5.35,5.63,15605
MNKD,20101111,5.61,5.65,5.51,5.53,7286
MNKD,20101112,5.54,5.84,5.50,5.84,16520
MNKD,20101115,5.95,6.17,5.91,6.06,21737
MNKD,20101116,6.20,6.22,5.92,5.99,20243
MNKD,20101117,6.08,6.10,5.95,6.04,11337
MNKD,20101118,6.12,6.15,5.96,6.08,9011
MNKD,20101119,6.13,6.15,6.00,6.01,10026
MNKD,20101122,6.11,6.15,6.01,6.13,10065
MNKD,20101123,6.16,6.34,6.07,6.32,19073
MNKD,20101124,6.36,6.70,6.33,6.68,21042
MNKD,20101126,6.60,6.77,6.55,6.69,9069
MNKD,20101129,6.72,6.75,6.54,6.56,13093
MNKD,20101130,6.51,6.54,6.15,6.28,16255
MNKD,20101201,6.42,6.54,6.22,6.24,12936
MNKD,20101202,6.22,6.41,6.18,6.26,9435
MNKD,20101203,6.25,6.45,6.20,6.34,11301
MNKD,20101206,6.38,6.63,6.32,6.56,11737
MNKD,20101207,6.66,6.75,6.37,6.43,11760
MNKD,20101208,6.51,6.74,6.51,6.71,13342
MNKD,20101209,6.81,7.27,6.77,7.21,34439
MNKD,20101210,7.27,7.72,7.22,7.51,48942
MNKD,20101213,7.64,7.82,7.37,7.69,45659
MNKD,20101214,7.83,8.49,7.76,8.46,57630
MNKD,20101215,8.78,9.23,7.31,8.20,146423
MNKD,20101216,8.23,8.57,8.20,8.41,45213
MNKD,20101217,8.48,8.50,7.87,8.02,43164
MNKD,20101220,8.00,8.42,7.77,8.26,40889
MNKD,20101221,8.26,8.34,8.10,8.33,28731
MNKD,20101222,8.33,8.63,8.31,8.52,29121
MNKD,20101223,8.66,8.67,8.04,8.12,44330
MNKD,20101227,7.93,8.15,7.47,7.97,45115
MNKD,20101228,8.69,8.89,8.02,8.23,96774
MNKD,20101229,8.14,8.20,7.92,8.01,28168
MNKD,20101230,8.00,8.16,7.96,8.13,18983
MNKD,20101231,8.07,8.12,8.00,8.06,18998
MNKD,20110103,8.23,8.52,8.05,8.49,42875
MNKD,20110104,8.44,8.59,8.33,8.37,21573
MNKD,20110105,8.42,8.53,8.27,8.43,19892
MNKD,20110106,8.43,8.47,8.32,8.38,17897
MNKD,20110107,8.44,8.45,8.18,8.20,20375
MNKD,20110110,8.29,8.42,8.20,8.40,2057100
MNKD,20110111,8.54,8.75,8.45,8.71,3745200
MNKD,20110112,8.83,9.09,8.75,9.04,5047900
MNKD,20110113,9.27,9.78,9.12,9.40,6867000
MNKD,20110114,9.67,9.78,9.45,9.64,5291100
MNKD,20110118,9.91,10.05,9.70,9.83,5692800
MNKD,20110119,9.91,9.91,6.05,9.11,10228300
MNKD,20110120,5.07,6.23,5.00,6.17,34469000
MNKD,20110121,5.84,6.08,5.62,5.76,12635300
MNKD,20110124,5.63,5.65,5.31,5.43,8046700
MNKD,20110125,5.36,5.52,5.32,5.41,5553000
MNKD,20110126,5.40,5.44,5.25,5.25,3029000
MNKD,20110127,5.25,5.25,5.02,5.13,3776000
MNKD,20110128,5.25,5.27,5.04,5.05,3683300
MNKD,20110131,5.08,5.08,4.75,4.77,4437800
MNKD,20110201,4.76,4.84,4.60,4.74,3977900
MNKD,20110202,4.75,5.25,4.75,5.15,4200200
MNKD,20110203,5.16,5.20,5.00,5.10,1684500
MNKD,20110204,5.10,5.22,5.01,5.15,2307600
MNKD,20110207,5.15,5.41,5.12,5.34,2681700
MNKD,20110208,5.39,5.42,5.22,5.32,1555000
MNKD,20110209,5.27,5.29,5.10,5.14,1412600
MNKD,20110210,5.24,5.24,5.05,5.06,2187900
MNKD,20110211,4.50,4.52,3.76,3.79,20313900
MNKD,20110214,3.72,3.77,3.40,3.48,8178100
MNKD,20110215,3.48,3.95,3.41,3.85,6162800
MNKD,20110216,3.97,3.97,3.81,3.83,2376200
MNKD,20110217,3.85,3.89,3.64,3.87,2277400
MNKD,20110218,3.85,3.86,3.75,3.86,2064800
MNKD,20110222,3.76,3.87,3.70,3.84,2397900
MNKD,20110223,3.83,3.85,3.60,3.66,1766000
MNKD,20110224,3.84,3.84,3.64,3.76,1726300
MNKD,20110225,3.79,3.79,3.61,3.65,1341100
MNKD,20110228,3.67,3.82,3.64,3.74,1362100
MNKD,20110301,3.77,3.77,3.66,3.69,767400
MNKD,20110302,3.68,3.81,3.67,3.80,1287200
MNKD,20110303,3.80,3.83,3.71,3.80,789600
MNKD,20110304,3.89,4.04,3.85,3.89,2143500
MNKD,20110307,3.92,3.95,3.72,3.77,889300
MNKD,20110308,3.79,3.87,3.70,3.85,1065400
MNKD,20110309,3.85,3.86,3.80,3.81,560600
MNKD,20110310,3.80,3.87,3.71,3.83,1030800
MNKD,20110311,3.85,3.96,3.85,3.91,919200
MNKD,20110314,3.86,3.87,3.68,3.72,2031700
MNKD,20110315,3.60,3.79,3.53,3.79,1233200
MNKD,20110316,3.75,3.78,3.63,3.67,1002900
MNKD,20110317,3.69,3.75,3.57,3.58,866000
MNKD,20110318,3.60,3.60,3.56,3.57,769700
MNKD,20110321,3.57,3.61,3.50,3.56,1016100
MNKD,20110322,3.58,3.87,3.58,3.64,2471000
MNKD,20110323,3.66,3.67,3.55,3.58,831000
MNKD,20110324,3.58,3.68,3.57,3.64,589000
MNKD,20110325,3.65,3.82,3.65,3.79,1544400
MNKD,20110328,3.78,3.82,3.67,3.68,1263400
MNKD,20110329,3.65,3.78,3.65,3.66,794100
MNKD,20110330,3.66,3.76,3.63,3.70,863800
MNKD,20110331,3.67,3.71,3.63,3.64,570700
MNKD,20110401,3.64,3.76,3.63,3.76,677800
MNKD,20110404,3.73,3.77,3.66,3.74,516000
MNKD,20110405,3.73,3.77,3.70,3.73,502900
MNKD,20110406,3.77,3.77,3.69,3.70,467700
MNKD,20110407,3.69,3.73,3.62,3.65,640100
MNKD,20110408,3.70,3.71,3.62,3.64,473800
MNKD,20110411,3.62,3.64,3.56,3.59,845100
MNKD,20110412,3.59,3.64,3.48,3.62,1106400
MNKD,20110413,3.62,3.69,3.55,3.64,859800
MNKD,20110414,3.60,3.62,3.53,3.60,552300
MNKD,20110415,3.62,3.68,3.55,3.66,569700
MNKD,20110418,3.69,3.69,3.55,3.68,598500
MNKD,20110419,3.69,3.74,3.61,3.68,832200
MNKD,20110420,3.72,3.74,3.66,3.73,576200
MNKD,20110421,3.75,3.76,3.70,3.76,624800
MNKD,20110425,3.75,3.76,3.70,3.76,494000
MNKD,20110426,3.75,3.87,3.72,3.80,1248600
