MNTA,20090115,10.91,11.84,10.55,11.80,2438
MNTA,20090116,11.92,12.54,11.61,12.49,4150
MNTA,20090120,12.27,12.51,11.61,11.65,2201
MNTA,20090121,11.78,12.40,11.41,12.36,1952
MNTA,20090122,12.12,12.19,11.53,11.76,1233
MNTA,20090123,11.40,11.58,10.50,10.64,2309
MNTA,20090126,10.69,11.05,10.31,10.51,1600
MNTA,20090127,10.58,10.96,10.48,10.59,1424
MNTA,20090128,10.75,11.56,10.75,11.12,2220
MNTA,20090129,11.02,11.15,10.46,10.51,1260
MNTA,20090130,10.65,11.53,10.65,10.83,3163
MNTA,20090202,10.66,11.21,10.66,11.02,1319
MNTA,20090203,11.06,11.09,10.72,10.87,1188
MNTA,20090204,10.85,11.00,10.55,10.64,1295
MNTA,20090205,10.56,11.00,10.43,10.85,913
MNTA,20090206,10.85,11.21,10.71,10.75,2037
MNTA,20090209,10.67,10.94,10.41,10.64,888
MNTA,20090210,10.54,10.91,10.27,10.40,1568
MNTA,20090211,10.42,10.94,10.40,10.90,1130
MNTA,20090212,10.75,11.75,10.40,11.49,2180
MNTA,20090213,11.98,12.56,11.83,12.17,3420
MNTA,20090217,11.79,11.99,11.63,11.70,1831
MNTA,20090218,11.76,11.76,11.06,11.24,1563
MNTA,20090219,11.35,11.59,10.60,10.68,1989
MNTA,20090220,10.53,11.42,10.53,11.25,1813
MNTA,20090223,11.26,11.26,10.55,10.56,1698
MNTA,20090224,10.37,10.91,10.37,10.84,1957
MNTA,20090225,10.74,10.77,10.36,10.43,2001
MNTA,20090226,10.46,10.84,10.16,10.22,1474
MNTA,20090227,10.09,10.34,9.60,9.60,2194
MNTA,20090302,9.41,9.44,7.48,7.55,5960
MNTA,20090303,7.63,8.59,7.60,8.01,9707
MNTA,20090304,8.18,8.41,7.70,8.16,2587
MNTA,20090305,7.98,8.17,7.18,7.19,3455
MNTA,20090306,7.36,7.51,7.27,7.44,4585
MNTA,20090309,7.40,7.49,6.94,7.12,2159
MNTA,20090310,7.33,7.72,7.26,7.30,4193
MNTA,20090311,7.37,7.62,7.25,7.29,2553
MNTA,20090312,7.29,8.00,7.16,7.90,2494
MNTA,20090313,7.97,8.43,7.79,8.32,1965
MNTA,20090316,8.43,8.70,7.83,7.86,1842
MNTA,20090317,7.88,8.44,7.86,8.44,1510
MNTA,20090318,8.47,9.42,8.47,9.33,3364
MNTA,20090319,9.44,9.62,9.09,9.22,1695
MNTA,20090320,9.32,9.44,8.30,8.33,3125
MNTA,20090323,8.60,9.27,8.39,9.27,2601
MNTA,20090324,9.16,9.45,8.90,9.11,3314
MNTA,20090325,9.22,11.10,9.16,10.86,5947
MNTA,20090326,10.88,11.59,10.20,11.56,5976
MNTA,20090327,11.30,12.05,11.20,12.02,5564
MNTA,20090330,11.73,12.13,11.08,12.02,5474
MNTA,20090331,12.10,12.15,10.89,11.01,3760
MNTA,20090401,10.87,11.20,10.49,11.15,2625
MNTA,20090402,11.15,11.65,11.02,11.41,2635
MNTA,20090403,11.44,11.53,10.87,11.11,3960
MNTA,20090406,10.90,11.05,10.54,10.81,3122
MNTA,20090407,10.69,10.88,10.49,10.50,2390
MNTA,20090408,10.62,10.89,10.48,10.70,2075
MNTA,20090409,11.12,11.42,10.63,11.36,3134
MNTA,20090413,11.10,11.28,10.75,10.85,2463
MNTA,20090414,10.64,10.76,10.41,10.55,2154
MNTA,20090415,10.50,11.25,10.47,10.83,3072
MNTA,20090416,10.90,11.52,10.71,10.75,4789
MNTA,20090417,10.81,11.10,10.52,10.70,3923
MNTA,20090420,10.50,10.69,10.18,10.24,2115
MNTA,20090421,10.10,10.42,9.93,10.36,2862
MNTA,20090422,10.16,10.72,9.97,10.09,2981
MNTA,20090423,10.07,10.45,10.00,10.30,2399
MNTA,20090424,10.38,10.44,10.11,10.23,1780
MNTA,20090427,10.05,10.90,10.05,10.81,2637
MNTA,20090428,10.73,11.14,10.54,11.03,2699
MNTA,20090429,11.10,11.66,10.94,11.55,2216
MNTA,20090430,11.65,12.16,11.16,11.20,3751
MNTA,20090501,11.20,11.37,10.84,11.04,2372
MNTA,20090504,11.19,11.26,10.80,11.04,1953
MNTA,20090505,10.94,10.94,10.59,10.78,2862
MNTA,20090506,10.93,10.94,10.26,10.35,2046
MNTA,20090507,10.50,10.82,10.01,10.05,1662
MNTA,20090508,10.25,10.49,10.10,10.23,1800
MNTA,20090511,10.03,10.32,10.03,10.20,1774
MNTA,20090512,10.20,10.48,10.01,10.23,2417
MNTA,20090513,10.09,10.22,9.95,9.96,2689
MNTA,20090514,10.04,10.25,9.75,9.87,2046
MNTA,20090515,9.93,10.09,9.19,9.25,6319
MNTA,20090518,9.40,9.90,9.36,9.48,2511
MNTA,20090519,9.59,9.63,9.38,9.53,3949
MNTA,20090520,9.63,9.82,9.36,9.43,4120
MNTA,20090521,9.34,9.39,8.72,8.89,3281
MNTA,20090522,8.97,9.10,8.52,8.52,3079
MNTA,20090526,8.41,8.60,8.37,8.52,3748
MNTA,20090527,8.49,9.36,8.40,8.85,3724
MNTA,20090528,8.89,9.07,8.51,8.68,1739
MNTA,20090529,8.68,8.80,8.56,8.77,1752
MNTA,20090601,8.91,9.19,8.69,9.11,3462
MNTA,20090602,9.04,9.17,8.80,9.06,1751
MNTA,20090603,9.01,9.30,8.75,9.14,1232
MNTA,20090604,9.17,9.86,9.13,9.63,1881
MNTA,20090605,9.75,9.86,9.40,9.61,995
MNTA,20090608,9.62,9.65,9.18,9.40,1492
MNTA,20090609,9.48,9.67,9.40,9.42,1534
MNTA,20090610,9.45,9.45,8.76,8.85,3764
MNTA,20090611,8.85,9.29,8.84,9.00,1302
MNTA,20090612,8.95,9.01,8.86,8.97,980
MNTA,20090615,8.90,9.12,8.75,9.05,1665
MNTA,20090616,9.19,9.19,8.88,9.04,1399
MNTA,20090617,9.00,9.47,8.94,9.33,1486
MNTA,20090618,9.27,9.33,9.00,9.29,1399
MNTA,20090619,9.42,9.94,9.37,9.82,3157
MNTA,20090622,9.69,9.99,9.24,9.31,2136
MNTA,20090623,9.35,9.51,9.25,9.32,1259
MNTA,20090624,9.40,9.86,9.31,9.84,2318
MNTA,20090625,9.81,11.34,9.81,11.32,4735
MNTA,20090626,11.31,12.00,11.09,12.00,20000
MNTA,20090629,11.99,12.23,11.61,11.97,4741
MNTA,20090630,12.03,12.46,11.78,12.03,4846
MNTA,20090701,12.15,12.15,11.48,11.94,2627
MNTA,20090702,11.72,12.05,11.01,11.85,3114
MNTA,20090706,11.84,11.84,11.17,11.66,2986
MNTA,20090707,11.70,11.75,11.32,11.54,1679
MNTA,20090708,11.63,11.63,11.16,11.45,2206
MNTA,20090709,11.49,11.54,11.14,11.53,3138
MNTA,20090710,11.43,11.60,11.20,11.59,2093
MNTA,20090713,11.60,11.70,11.24,11.53,2168
MNTA,20090714,11.53,11.78,11.31,11.51,2051
MNTA,20090715,11.73,11.73,11.26,11.54,3331
MNTA,20090716,11.63,11.63,11.23,11.40,3657
MNTA,20090717,11.44,11.79,11.15,11.18,2542
MNTA,20090720,11.27,11.57,11.23,11.37,1456
MNTA,20090721,11.40,11.57,10.95,11.28,3027
MNTA,20090722,11.26,11.40,10.97,11.12,1491
MNTA,20090723,11.08,11.52,11.07,11.41,2687
MNTA,20090724,11.35,11.44,10.97,11.37,1814
MNTA,20090727,11.25,11.35,11.06,11.33,1577
MNTA,20090728,11.22,11.40,11.17,11.38,1493
MNTA,20090729,11.30,11.47,11.18,11.28,1995
MNTA,20090730,11.39,11.61,10.76,11.04,4383
MNTA,20090731,10.96,11.13,10.76,10.85,2892
MNTA,20090803,10.89,10.99,10.51,10.78,1719
MNTA,20090804,10.69,10.99,10.61,10.92,2841
MNTA,20090805,10.96,11.14,10.72,10.97,2831
MNTA,20090806,11.05,11.06,10.13,10.17,3920
MNTA,20090807,10.38,10.71,10.05,10.07,4682
MNTA,20090810,10.04,10.28,9.65,9.83,3325
MNTA,20090811,9.81,9.99,9.47,9.70,1903
MNTA,20090812,9.74,10.43,9.70,10.21,3712
MNTA,20090813,10.24,10.40,10.05,10.07,1580
MNTA,20090814,10.08,10.19,9.62,9.78,1112
MNTA,20090817,9.59,9.78,9.44,9.61,1053
MNTA,20090818,9.69,9.80,9.52,9.67,1006
MNTA,20090819,9.64,10.07,9.64,10.02,1388
MNTA,20090820,9.97,10.19,9.84,10.03,1576
MNTA,20090821,10.19,10.24,9.65,9.74,2288
MNTA,20090824,9.78,10.02,9.66,9.84,1305
MNTA,20090825,9.82,10.04,9.76,9.90,1216
MNTA,20090826,9.86,10.09,9.75,10.08,1292
MNTA,20090827,10.02,10.06,9.91,10.05,1345
MNTA,20090828,10.11,10.11,9.78,9.92,1533
MNTA,20090831,9.80,9.94,9.63,9.90,1686
MNTA,20090901,9.81,10.04,9.55,9.67,1979
MNTA,20090902,9.61,9.65,9.34,9.59,2131
MNTA,20090903,9.59,9.67,9.35,9.56,1671
MNTA,20090904,9.47,9.68,9.29,9.68,2009
MNTA,20090908,9.73,9.76,9.40,9.51,1517
MNTA,20090909,9.53,9.97,9.50,9.88,5330
MNTA,20090910,9.99,10.51,9.91,10.28,7757
MNTA,20090911,10.25,10.39,10.10,10.26,2738
MNTA,20090914,10.22,10.41,10.18,10.21,7217
MNTA,20090915,10.22,10.57,10.22,10.54,2803
MNTA,20090916,10.54,10.71,10.50,10.71,1560
MNTA,20090917,10.71,11.15,10.58,11.14,3944
MNTA,20090918,11.71,11.84,11.31,11.40,6540
MNTA,20090921,11.39,11.54,11.00,11.12,3712
MNTA,20090922,11.26,11.64,11.06,11.60,3295
MNTA,20090923,11.53,11.53,10.75,10.88,18363
MNTA,20090924,10.98,11.42,10.72,10.80,20188
MNTA,20090925,10.83,11.06,10.75,10.94,6935
MNTA,20090928,11.02,11.47,10.87,11.22,5417
MNTA,20090929,11.26,11.29,10.75,10.78,3061
MNTA,20090930,10.82,10.92,10.50,10.61,3005
MNTA,20091001,10.59,10.69,9.88,9.89,6249
MNTA,20091002,9.85,9.98,9.71,9.84,3850
MNTA,20091005,9.91,10.10,9.46,9.46,6672
MNTA,20091006,9.49,9.62,9.35,9.49,2873
MNTA,20091007,9.46,9.75,9.46,9.67,5766
MNTA,20091008,9.76,9.90,9.61,9.68,5245
MNTA,20091009,9.65,9.72,9.57,9.71,3931
MNTA,20091012,9.67,9.75,9.42,9.44,4523
MNTA,20091013,9.46,9.56,9.37,9.44,5720
MNTA,20091014,9.55,9.85,9.27,9.85,6839
MNTA,20091015,9.79,10.16,9.74,10.00,6696
MNTA,20091016,9.98,10.16,9.96,10.00,7188
MNTA,20091019,10.00,10.08,9.87,10.01,5542
MNTA,20091020,9.97,10.04,9.62,9.63,5600
MNTA,20091021,9.64,9.84,9.39,9.40,4814
MNTA,20091022,9.43,9.69,9.37,9.59,5827
MNTA,20091023,9.65,9.67,9.42,9.56,5005
MNTA,20091026,9.60,9.95,9.45,9.54,6913
MNTA,20091027,9.54,10.03,9.48,9.90,7827
MNTA,20091028,9.86,9.97,9.42,9.44,4751
MNTA,20091029,9.49,9.79,9.47,9.59,4298
MNTA,20091030,9.55,9.60,9.07,9.12,10694
MNTA,20091102,9.14,9.21,8.84,8.90,6939
MNTA,20091103,8.83,9.40,8.70,9.27,9174
MNTA,20091104,9.29,9.49,9.25,9.38,6461
MNTA,20091105,9.43,9.99,9.25,9.96,5947
MNTA,20091106,9.84,10.65,9.81,10.58,6492
MNTA,20091109,10.59,10.92,10.53,10.79,6541
MNTA,20091110,10.68,10.76,10.15,10.46,4079
MNTA,20091111,10.52,10.61,10.38,10.42,5102
MNTA,20091112,10.45,10.54,10.28,10.30,3104
MNTA,20091113,10.36,10.36,10.03,10.12,2600
MNTA,20091116,10.23,10.44,10.15,10.36,3560
MNTA,20091117,10.28,10.55,10.23,10.30,1535
MNTA,20091118,10.47,10.79,10.43,10.66,3406
MNTA,20091119,11.17,11.40,10.86,11.29,9027
MNTA,20091120,11.25,11.60,11.00,11.05,6227
MNTA,20091123,11.01,11.09,10.20,10.58,10547
MNTA,20091124,10.53,10.62,10.25,10.58,5748
MNTA,20091125,10.66,10.77,10.30,10.35,3708
MNTA,20091127,10.05,10.27,9.90,9.95,1697
MNTA,20091130,9.90,9.99,9.62,9.95,4715
MNTA,20091201,10.06,10.39,9.93,10.02,3944
MNTA,20091202,10.17,10.51,10.17,10.44,3457
MNTA,20091203,10.51,10.59,10.26,10.31,2284
MNTA,20091204,10.52,10.94,10.39,10.89,4523
MNTA,20091207,10.89,10.99,10.51,10.75,2847
MNTA,20091208,10.65,10.73,10.57,10.63,2719
MNTA,20091209,10.67,11.22,10.55,11.20,5367
MNTA,20091210,11.25,11.25,10.77,11.00,4444
MNTA,20091211,11.06,11.06,10.69,11.02,3556
MNTA,20091214,11.12,11.35,10.84,11.35,2583
MNTA,20091215,11.34,11.53,11.05,11.08,3443
MNTA,20091216,11.16,11.21,10.90,11.01,3526
MNTA,20091217,10.98,11.09,10.42,10.47,4111
MNTA,20091218,10.50,10.57,10.15,10.52,8078
MNTA,20091221,10.60,10.88,10.55,10.69,3327
MNTA,20091222,10.69,11.42,10.69,11.36,6698
MNTA,20091223,11.42,12.58,11.40,12.48,10006
MNTA,20091224,12.54,12.88,12.12,12.81,2460
MNTA,20091228,12.81,13.00,12.51,12.85,3222
MNTA,20091229,12.92,13.17,12.68,12.99,4039
MNTA,20091230,12.90,13.10,12.81,13.03,1875
MNTA,20091231,13.03,13.10,12.57,12.60,2034
MNTA,20100104,12.78,13.00,12.50,12.61,5758
MNTA,20100105,12.63,12.69,12.40,12.45,2595
MNTA,20100106,12.40,12.78,12.32,12.71,3788
MNTA,20100107,12.72,12.90,12.59,12.62,6288
MNTA,20100108,12.62,12.71,12.34,12.58,3864
MNTA,20100111,12.58,12.76,12.47,12.68,3568
MNTA,20100112,12.66,12.68,12.10,12.29,6055
MNTA,20100113,12.30,12.52,12.29,12.36,3139
MNTA,20100114,12.21,12.42,12.21,12.36,4589
MNTA,20100115,12.40,12.67,12.28,12.65,7110
MNTA,20100119,12.73,13.50,12.65,13.48,11574
MNTA,20100120,13.50,13.86,13.20,13.74,14487
MNTA,20100121,13.80,13.90,13.33,13.42,7219
MNTA,20100122,13.47,16.45,13.47,15.12,29618
MNTA,20100125,15.18,15.18,14.37,14.92,8710
MNTA,20100126,14.83,14.96,14.63,14.64,5749
MNTA,20100127,14.59,15.10,14.59,15.04,6322
MNTA,20100128,15.11,15.11,14.22,14.55,3949
MNTA,20100129,14.53,14.74,14.15,14.59,5107
MNTA,20100201,14.60,14.72,14.35,14.63,3508
MNTA,20100202,14.68,15.20,14.67,15.15,5757
MNTA,20100203,15.15,15.29,14.95,15.08,4359
MNTA,20100204,14.96,14.96,14.31,14.32,3525
MNTA,20100205,14.29,14.88,13.95,14.60,4451
MNTA,20100208,14.63,14.94,14.46,14.62,2151
MNTA,20100209,14.73,14.86,14.44,14.63,2471
MNTA,20100210,14.54,14.73,14.02,14.68,7280
MNTA,20100211,14.61,14.93,14.26,14.93,4568
MNTA,20100212,14.84,15.48,14.61,15.48,4934
MNTA,20100216,15.50,15.50,14.93,15.10,4719
MNTA,20100217,15.19,15.54,15.00,15.54,4833
MNTA,20100218,15.48,15.48,15.13,15.37,2099
MNTA,20100219,15.36,15.44,14.86,15.37,4553
MNTA,20100222,15.46,15.50,15.10,15.13,2754
MNTA,20100223,15.09,15.20,14.62,15.09,3530
MNTA,20100224,15.10,15.23,14.97,15.09,1968
MNTA,20100225,14.95,15.18,14.81,14.94,2670
MNTA,20100226,15.01,15.03,14.55,14.64,3655
MNTA,20100301,14.65,15.31,14.65,15.28,4541
MNTA,20100302,15.24,15.35,14.95,15.19,2218
MNTA,20100303,15.26,15.51,14.98,15.31,2369
MNTA,20100304,15.35,15.44,15.19,15.40,972
MNTA,20100305,15.39,15.80,15.25,15.49,3086
MNTA,20100308,15.44,15.57,15.01,15.15,2467
MNTA,20100309,14.83,15.24,14.70,15.11,3057
MNTA,20100310,15.10,15.24,14.92,15.02,2322
MNTA,20100311,14.89,15.18,14.62,14.70,5126
MNTA,20100312,14.75,14.75,14.16,14.47,4837
MNTA,20100315,14.49,14.57,14.22,14.34,3456
MNTA,20100316,14.39,14.63,14.11,14.62,4189
MNTA,20100317,14.59,14.82,14.17,14.22,2722
MNTA,20100318,14.25,14.39,13.95,13.99,4372
MNTA,20100319,14.08,14.35,14.05,14.33,5539
MNTA,20100322,14.37,14.39,13.99,14.22,3638
MNTA,20100323,14.26,15.22,14.12,15.14,3752
MNTA,20100324,15.14,15.25,15.00,15.18,3147
MNTA,20100325,15.26,15.54,14.96,15.00,3267
MNTA,20100326,15.06,15.30,14.88,14.89,1882
MNTA,20100329,14.97,15.20,14.75,15.12,2625
MNTA,20100330,15.09,15.40,15.01,15.31,3637
MNTA,20100331,15.21,15.35,14.96,14.97,2101
MNTA,20100401,14.98,15.30,14.89,15.12,3546
MNTA,20100405,15.17,15.25,14.82,14.92,2914
MNTA,20100406,14.82,14.99,14.65,14.69,1527
MNTA,20100407,14.72,15.09,14.51,14.71,2695
MNTA,20100408,14.63,14.91,14.51,14.86,1011
MNTA,20100409,14.86,14.86,14.60,14.65,2143
MNTA,20100412,14.65,14.78,14.37,14.48,1396
MNTA,20100413,14.48,14.75,14.34,14.68,1945
MNTA,20100414,14.70,14.82,14.46,14.80,2137
MNTA,20100415,14.83,15.13,14.83,14.99,1337
MNTA,20100416,15.00,15.16,14.54,15.11,2665
MNTA,20100419,15.00,15.25,14.54,14.60,2358
MNTA,20100420,14.70,14.95,14.52,14.86,1633
MNTA,20100421,14.91,15.08,14.71,14.86,2796
MNTA,20100422,14.70,14.73,14.03,14.09,3381
MNTA,20100423,14.10,14.40,13.98,14.21,2334
MNTA,20100426,14.19,14.31,13.79,13.83,2456
MNTA,20100427,13.75,14.20,13.48,13.61,3378
MNTA,20100428,13.61,13.96,13.42,13.87,4370
MNTA,20100429,13.99,14.26,13.82,14.20,2012
MNTA,20100430,14.24,14.53,13.88,13.88,1462
MNTA,20100503,13.90,14.50,13.87,14.44,1931
MNTA,20100504,14.26,14.30,13.87,13.88,2721
MNTA,20100505,13.82,14.18,13.44,13.89,2888
MNTA,20100506,13.79,13.86,10.77,12.45,8267
MNTA,20100507,12.34,12.55,10.92,10.99,6796
MNTA,20100510,11.56,12.59,11.51,11.77,4420
MNTA,20100511,11.64,12.79,11.56,12.47,2732
MNTA,20100512,12.53,13.97,12.42,13.82,5779
MNTA,20100513,14.15,14.16,13.37,13.76,6142
MNTA,20100514,13.69,13.75,12.92,13.28,3226
MNTA,20100517,13.38,13.55,12.77,13.25,1521
MNTA,20100518,13.41,13.69,13.09,13.18,1920
MNTA,20100519,13.19,13.26,12.74,12.92,1755
MNTA,20100520,12.66,12.73,11.11,11.93,4934
MNTA,20100521,11.81,12.17,11.54,11.96,6266
MNTA,20100524,12.00,12.13,11.76,11.84,1634
MNTA,20100525,11.56,12.49,11.56,12.41,2981
MNTA,20100526,12.45,12.78,12.18,12.24,2617
MNTA,20100527,12.46,12.93,12.43,12.90,1951
MNTA,20100528,12.82,13.42,12.70,13.27,4493
MNTA,20100601,13.04,13.50,12.90,13.14,3688
MNTA,20100602,13.32,13.67,13.16,13.61,2826
MNTA,20100603,13.70,13.94,13.31,13.91,1338
MNTA,20100604,13.68,13.75,12.95,13.03,3676
MNTA,20100607,12.75,13.15,12.44,12.45,2416
MNTA,20100608,12.58,12.74,12.08,12.48,2437
MNTA,20100609,12.58,12.69,12.10,12.34,1900
MNTA,20100610,12.90,13.12,12.49,13.08,1815
MNTA,20100611,12.87,13.75,12.65,13.75,3129
MNTA,20100614,13.99,14.40,13.85,13.91,1891
MNTA,20100615,14.02,14.08,13.80,13.85,2000
MNTA,20100616,13.67,14.86,13.61,14.74,2899
MNTA,20100617,14.84,15.25,14.65,15.00,2901
MNTA,20100618,14.88,15.00,14.02,14.18,6856
MNTA,20100621,14.45,14.45,13.34,13.43,2933
MNTA,20100622,13.59,13.63,12.72,12.77,2801
MNTA,20100623,12.88,13.25,12.42,13.03,2895
MNTA,20100624,13.13,13.13,12.78,12.91,1708
MNTA,20100625,12.78,13.75,12.74,13.66,4583
MNTA,20100628,13.38,13.70,13.14,13.15,2035
MNTA,20100629,12.75,13.25,12.24,12.46,6338
MNTA,20100630,12.49,12.70,12.24,12.26,1990
MNTA,20100701,12.33,12.33,11.61,12.11,2135
MNTA,20100702,12.17,12.54,12.13,12.46,1545
MNTA,20100706,12.60,12.72,11.64,11.67,2348
MNTA,20100707,11.60,12.44,11.54,12.39,2349
MNTA,20100708,12.55,12.56,12.20,12.53,1802
MNTA,20100709,12.54,12.57,12.28,12.46,918
MNTA,20100712,12.47,12.56,12.10,12.16,863
MNTA,20100713,12.42,12.75,12.28,12.65,4087
MNTA,20100714,12.60,12.78,11.98,12.13,1731
MNTA,20100715,12.15,12.45,11.88,11.96,1309
MNTA,20100716,12.00,12.13,11.43,11.50,2168
MNTA,20100719,11.55,11.88,11.23,11.49,1626
MNTA,20100720,11.44,11.79,11.31,11.76,1965
MNTA,20100721,11.88,12.03,11.37,11.46,1298
MNTA,20100722,11.60,12.01,11.42,11.93,1928
MNTA,20100723,11.84,25.50,11.77,21.70,191768
MNTA,20100726,22.48,26.20,21.81,26.11,86216
MNTA,20100727,24.05,24.98,21.82,22.86,64969
MNTA,20100728,22.69,23.39,22.05,22.95,19691
MNTA,20100729,23.02,23.25,20.83,21.02,27988
MNTA,20100730,21.40,22.37,20.74,21.34,18256
MNTA,20100802,22.65,23.30,21.62,22.14,13134
MNTA,20100803,22.21,22.30,21.11,21.12,10126
MNTA,20100804,21.18,21.47,20.11,20.30,11273
MNTA,20100805,19.47,19.47,16.92,17.15,54383
MNTA,20100806,17.06,18.08,16.98,18.00,28185
MNTA,20100809,18.05,18.49,17.64,17.73,11190
MNTA,20100810,17.50,17.61,16.93,16.99,9098
MNTA,20100811,16.76,16.92,16.14,16.24,11741
MNTA,20100812,16.01,16.64,15.88,16.32,8767
MNTA,20100813,16.21,16.51,16.01,16.15,7509
MNTA,20100816,16.21,16.94,15.98,16.45,10024
MNTA,20100817,16.47,16.71,16.10,16.13,9407
MNTA,20100818,16.44,16.68,16.14,16.14,7084
MNTA,20100819,16.19,16.21,15.61,15.80,12599
MNTA,20100820,15.71,16.16,15.65,16.02,9107
MNTA,20100823,16.01,16.28,15.36,15.42,6602
MNTA,20100824,15.21,15.46,14.67,15.30,9642
MNTA,20100825,15.17,15.76,14.88,15.68,9249
MNTA,20100826,16.49,16.85,15.78,15.85,40303
MNTA,20100827,16.15,16.48,15.64,16.28,7764
MNTA,20100830,16.19,16.40,14.81,14.82,12714
MNTA,20100831,14.91,15.28,14.10,14.45,13444
MNTA,20100901,14.93,15.08,14.57,14.90,9899
MNTA,20100902,14.86,15.00,14.38,14.44,7822
MNTA,20100903,14.70,14.89,14.51,14.69,7309
MNTA,20100907,14.67,15.37,13.06,15.06,29307
MNTA,20100908,15.31,15.55,14.80,15.07,8778
MNTA,20100909,15.22,15.37,14.75,15.04,6242
MNTA,20100910,15.05,15.39,14.92,15.29,3993
MNTA,20100913,15.48,15.65,15.11,15.29,6233
MNTA,20100914,15.20,15.58,15.15,15.55,6825
MNTA,20100915,15.41,15.63,15.02,15.17,6770
MNTA,20100916,15.10,15.23,14.75,14.96,5948
MNTA,20100917,15.08,15.14,14.67,14.77,6279
MNTA,20100920,14.89,15.22,14.63,15.17,7260
MNTA,20100921,15.13,15.25,14.91,14.96,4904
MNTA,20100922,14.86,15.07,14.15,14.39,6768
MNTA,20100923,14.48,14.85,14.18,14.31,3672
MNTA,20100924,14.62,14.72,14.48,14.66,3842
MNTA,20100927,14.69,14.84,14.34,14.76,4429
MNTA,20100928,14.88,14.88,14.44,14.80,3647
MNTA,20100929,14.66,14.85,14.56,14.78,3610
MNTA,20100930,14.88,15.20,14.75,15.05,6243
MNTA,20101001,15.23,15.50,14.60,14.72,7142
MNTA,20101004,14.87,14.87,14.26,14.57,5314
MNTA,20101005,14.75,15.06,14.65,14.99,4471
MNTA,20101006,15.03,15.03,14.68,14.84,5109
MNTA,20101007,15.00,15.22,14.76,14.89,3994
MNTA,20101008,14.92,14.92,13.79,14.14,17225
MNTA,20101011,14.26,14.36,13.94,13.98,7457
MNTA,20101012,13.99,14.28,13.53,13.98,6025
MNTA,20101013,14.06,14.38,13.88,14.29,3347
MNTA,20101014,14.24,14.32,14.07,14.30,2897
MNTA,20101015,14.54,14.54,14.21,14.43,8193
MNTA,20101018,14.52,14.60,14.28,14.52,8505
MNTA,20101019,14.33,14.55,14.17,14.31,6280
MNTA,20101020,14.43,14.79,14.30,14.72,8290
MNTA,20101021,15.65,16.55,14.86,15.57,28246
MNTA,20101022,15.53,15.76,15.38,15.45,7646
MNTA,20101025,15.65,15.75,14.68,14.90,15889
MNTA,20101026,14.84,15.74,14.81,15.74,9084
MNTA,20101027,15.61,16.33,15.35,15.85,8032
MNTA,20101028,16.01,16.65,15.70,16.49,10127
MNTA,20101029,16.50,17.35,16.35,16.70,16562
MNTA,20101101,17.36,17.66,15.79,15.90,20414
MNTA,20101102,15.84,15.85,13.91,15.20,21362
MNTA,20101103,15.18,15.77,15.00,15.71,10736
MNTA,20101104,16.00,16.30,15.78,16.29,11834
MNTA,20101105,16.38,16.51,16.02,16.35,5716
MNTA,20101108,16.29,16.42,15.93,16.10,4754
MNTA,20101109,16.07,16.27,15.52,15.65,5592
MNTA,20101110,15.54,16.00,15.37,15.99,4203
MNTA,20101111,15.92,15.95,15.34,15.60,4834
MNTA,20101112,15.40,15.99,15.34,15.82,5994
MNTA,20101115,15.87,16.10,15.56,15.96,6358
MNTA,20101116,15.75,15.91,15.25,15.43,4741
MNTA,20101117,15.42,15.51,15.18,15.19,3596
MNTA,20101118,15.41,15.54,15.12,15.33,4968
MNTA,20101119,15.40,15.48,15.27,15.38,4205
MNTA,20101122,15.25,15.84,15.22,15.34,4967
MNTA,20101123,15.21,15.27,14.90,15.09,5440
MNTA,20101124,15.34,15.54,15.21,15.48,3335
MNTA,20101126,15.43,15.55,14.95,15.32,1463
MNTA,20101129,15.35,15.59,15.05,15.47,5794
MNTA,20101130,15.29,15.48,15.06,15.25,11515
MNTA,20101201,15.53,15.65,15.24,15.42,5510
MNTA,20101202,15.47,16.00,15.31,15.65,7231
MNTA,20101203,15.57,15.95,15.50,15.72,3804
MNTA,20101206,15.71,15.76,15.19,15.47,5295
MNTA,20101207,15.66,15.69,15.11,15.18,7934
MNTA,20101208,14.40,14.94,14.32,14.90,37572
MNTA,20101209,14.91,15.09,14.50,14.58,6650
MNTA,20101210,14.52,14.81,14.52,14.70,4915
MNTA,20101213,14.71,14.80,14.15,14.35,14543
MNTA,20101214,14.47,14.57,14.27,14.40,5138
MNTA,20101215,14.44,15.15,14.37,14.76,9403
MNTA,20101216,14.76,15.23,14.76,15.06,10095
MNTA,20101217,15.15,15.60,15.05,15.45,13485
MNTA,20101220,15.36,15.45,14.81,15.27,10037
MNTA,20101221,15.30,15.30,15.15,15.24,6022
MNTA,20101222,15.30,15.37,15.05,15.13,5136
MNTA,20101223,15.19,15.66,15.00,15.45,10608
MNTA,20101227,15.41,15.63,15.41,15.59,2707
MNTA,20101228,15.64,15.64,15.02,15.10,4484
MNTA,20101229,15.16,15.41,15.13,15.17,3561
MNTA,20101230,15.25,15.31,15.01,15.02,5012
MNTA,20101231,14.93,15.02,14.64,14.97,4710
MNTA,20110103,15.10,15.18,14.90,15.13,9722
MNTA,20110104,15.22,15.48,15.14,15.32,5815
MNTA,20110105,15.36,15.59,15.33,15.54,5071
MNTA,20110106,15.51,16.85,15.50,16.25,21770
MNTA,20110107,16.28,16.73,16.17,16.62,11468
MNTA,20110110,16.49,16.78,16.24,16.62,824900
MNTA,20110111,16.65,17.13,16.46,17.10,1111900
MNTA,20110112,17.19,17.40,16.76,16.90,827200
MNTA,20110113,16.85,16.93,16.31,16.49,537200
MNTA,20110114,16.52,16.72,16.30,16.56,506100
MNTA,20110118,16.49,16.53,15.87,16.29,598100
MNTA,20110119,16.21,16.29,15.98,16.07,723700
MNTA,20110120,16.00,16.20,15.49,15.49,724700
MNTA,20110121,15.61,15.66,15.07,15.15,883700
MNTA,20110124,15.21,16.09,15.21,15.80,1162000
MNTA,20110125,13.46,13.95,12.32,12.50,8935000
MNTA,20110126,12.71,13.46,12.58,13.26,2566100
MNTA,20110127,13.30,13.31,12.68,12.86,1313100
MNTA,20110128,12.99,13.14,12.40,12.49,1450900
MNTA,20110131,12.69,12.97,12.52,12.79,839200
MNTA,20110201,12.80,13.03,12.75,12.92,600400
MNTA,20110202,12.90,13.20,12.87,13.04,570000
MNTA,20110203,13.10,13.13,12.79,12.92,1067100
MNTA,20110204,12.94,12.95,12.66,12.86,935700
MNTA,20110207,12.87,13.45,12.87,12.98,1115400
MNTA,20110208,13.02,13.60,12.99,13.58,789300
MNTA,20110209,13.88,13.95,13.31,13.54,1157100
MNTA,20110210,13.58,13.65,13.04,13.16,2110800
MNTA,20110211,13.16,13.50,13.10,13.39,656900
MNTA,20110214,13.47,13.50,12.89,12.99,1008000
MNTA,20110215,12.97,13.31,12.90,13.22,595200
MNTA,20110216,13.62,13.73,13.32,13.45,886100
MNTA,20110217,13.46,13.79,13.35,13.68,839100
MNTA,20110218,13.79,13.79,13.30,13.53,803900
MNTA,20110222,13.45,13.55,13.25,13.26,706300
MNTA,20110223,13.26,13.44,13.11,13.14,456500
MNTA,20110224,13.13,13.48,13.12,13.45,515200
MNTA,20110225,13.49,13.82,13.45,13.81,531200
MNTA,20110228,13.95,14.00,13.56,13.88,575100
MNTA,20110301,13.85,13.87,13.37,13.43,742100
MNTA,20110302,13.40,13.64,13.38,13.62,361800
MNTA,20110303,13.83,14.30,13.67,14.25,718600
MNTA,20110304,14.10,14.35,13.94,14.03,471900
MNTA,20110307,14.03,14.25,13.75,14.17,692700
MNTA,20110308,14.21,14.42,13.95,14.37,1039800
MNTA,20110309,14.37,14.42,14.17,14.20,685000
MNTA,20110310,13.99,14.13,13.56,13.61,590200
MNTA,20110311,13.50,14.27,13.47,14.04,539200
MNTA,20110314,13.81,14.48,13.81,14.32,672100
MNTA,20110315,13.94,14.09,13.85,13.96,539500
MNTA,20110316,13.98,14.18,13.81,13.92,460500
MNTA,20110317,14.16,14.25,14.00,14.15,892100
MNTA,20110318,14.29,14.96,14.09,14.69,2987000
MNTA,20110321,14.68,15.17,14.54,14.58,941600
MNTA,20110322,14.55,14.59,14.22,14.39,355900
MNTA,20110323,14.33,14.40,14.15,14.27,253600
MNTA,20110324,14.39,14.60,14.31,14.45,411900
MNTA,20110325,14.46,14.60,14.32,14.56,368900
MNTA,20110328,14.60,14.65,14.34,14.55,242800
MNTA,20110329,14.53,14.89,14.43,14.82,281800
MNTA,20110330,14.92,15.50,14.80,15.36,622400
MNTA,20110331,15.45,15.88,15.32,15.85,699200
MNTA,20110401,15.56,15.99,15.56,15.85,669400
MNTA,20110404,15.86,15.86,15.37,15.40,384600
MNTA,20110405,15.34,15.83,15.30,15.59,469300
MNTA,20110406,15.67,15.84,15.57,15.79,296200
MNTA,20110407,15.79,15.86,15.40,15.45,293200
MNTA,20110408,15.58,15.64,15.25,15.26,239600
MNTA,20110411,15.29,15.58,15.24,15.46,362700
MNTA,20110412,15.41,15.76,15.24,15.59,398100
MNTA,20110413,15.68,16.08,15.65,15.93,687600
MNTA,20110414,15.83,15.93,15.55,15.69,336000
MNTA,20110415,15.52,17.17,15.52,17.04,1534600
MNTA,20110418,16.88,17.23,16.42,17.19,869700
MNTA,20110419,17.25,17.63,16.90,17.50,1158500
MNTA,20110420,17.61,17.69,17.36,17.62,559700
MNTA,20110421,16.99,17.82,16.74,17.69,1179700
MNTA,20110425,17.77,18.47,17.76,18.43,826300
MNTA,20110426,18.42,18.93,18.40,18.84,679400
