MRO,20090115,27.37,27.91,26.06,27.66,80536
MRO,20090116,28.26,28.83,27.48,28.46,75453
MRO,20090120,27.88,28.74,26.26,26.49,91947
MRO,20090121,27.59,28.66,27.04,28.56,93290
MRO,20090122,28.01,28.90,27.15,28.21,82385
MRO,20090123,27.28,29.54,27.05,29.03,59920
MRO,20090126,29.20,30.69,29.09,29.61,80548
MRO,20090127,29.48,29.68,28.13,28.61,82824
MRO,20090128,29.08,29.55,28.39,29.49,85807
MRO,20090129,28.90,29.23,28.25,28.32,66583
MRO,20090130,28.97,28.97,27.05,27.23,92867
MRO,20090202,26.89,27.53,26.54,26.88,75769
MRO,20090203,27.37,27.79,26.44,26.84,108984
MRO,20090204,27.19,27.61,26.76,26.84,110353
MRO,20090205,26.70,27.40,26.44,26.72,111427
MRO,20090206,26.58,27.66,26.26,27.15,68557
MRO,20090209,27.32,28.90,27.15,27.96,70206
MRO,20090210,28.13,28.53,26.03,26.34,107321
MRO,20090211,26.81,27.00,26.01,26.46,66732
MRO,20090212,26.40,27.00,25.95,26.80,97118
MRO,20090213,26.63,27.66,26.52,27.00,78136
MRO,20090217,25.95,26.39,24.75,24.77,86900
MRO,20090218,25.25,25.45,24.16,24.47,75591
MRO,20090219,24.78,25.60,24.58,24.76,81392
MRO,20090220,24.08,24.47,23.51,23.75,105879
MRO,20090223,24.41,24.46,22.47,22.54,78478
MRO,20090224,22.81,24.30,22.74,24.17,93751
MRO,20090225,24.10,24.59,23.28,23.82,95228
MRO,20090226,24.27,25.20,24.09,24.15,94883
MRO,20090227,23.44,24.18,23.02,23.27,101735
MRO,20090302,22.57,22.73,20.82,20.92,109855
MRO,20090303,21.41,22.00,20.90,20.99,122587
MRO,20090304,22.02,22.46,21.53,21.96,107284
MRO,20090305,21.26,21.62,20.83,21.25,108190
MRO,20090306,21.54,22.25,20.18,20.92,125519
MRO,20090309,20.87,21.95,20.56,21.22,95591
MRO,20090310,22.14,23.25,21.84,22.65,106095
MRO,20090311,22.94,23.10,22.05,22.59,79432
MRO,20090312,22.57,23.67,22.35,23.57,71521
MRO,20090313,23.79,24.20,22.89,23.63,86776
MRO,20090316,23.86,25.32,23.63,24.44,82331
MRO,20090317,24.24,25.00,23.91,24.95,77711
MRO,20090318,24.75,25.16,23.57,24.92,88862
MRO,20090319,25.69,26.05,25.40,25.50,88433
MRO,20090320,26.01,26.01,24.19,24.28,104546
MRO,20090323,25.11,26.75,25.04,26.70,105135
MRO,20090324,26.16,26.81,25.72,26.81,76662
MRO,20090325,26.64,27.25,26.10,26.89,106858
MRO,20090326,27.31,27.90,27.25,27.61,89020
MRO,20090327,27.07,27.73,26.76,27.31,75962
MRO,20090330,26.11,26.38,24.87,25.46,89665
MRO,20090331,26.07,26.83,25.85,26.29,122490
MRO,20090401,25.67,27.28,25.20,27.08,95066
MRO,20090402,28.24,29.24,28.15,28.76,111204
MRO,20090403,28.75,29.48,28.36,29.07,87476
MRO,20090406,28.69,28.75,28.02,28.46,119100
MRO,20090407,27.81,28.19,27.58,27.74,81741
MRO,20090408,27.51,28.40,27.15,28.38,115965
MRO,20090409,29.30,29.62,28.88,29.27,76740
MRO,20090413,28.69,29.15,28.22,28.85,65106
MRO,20090414,28.62,29.34,28.31,28.40,87678
MRO,20090415,28.26,28.77,27.91,28.45,77963
MRO,20090416,28.75,29.69,28.22,29.50,95422
MRO,20090417,29.84,30.30,29.34,30.02,95541
MRO,20090420,29.49,29.60,28.15,28.55,95664
MRO,20090421,28.30,29.37,27.95,29.30,89309
MRO,20090422,29.02,29.48,28.75,28.88,94043
MRO,20090423,29.26,29.60,28.83,29.55,64235
MRO,20090424,30.00,31.26,29.82,31.08,112614
MRO,20090427,30.42,30.42,29.49,29.63,85196
MRO,20090428,29.32,29.75,28.86,29.31,69942
MRO,20090429,29.60,30.86,29.47,30.51,87340
MRO,20090430,30.96,31.00,29.03,29.70,113865
MRO,20090501,29.70,31.03,29.54,30.84,84634
MRO,20090504,30.65,31.37,30.01,31.33,88153
MRO,20090505,31.48,31.50,30.64,31.03,54751
MRO,20090506,31.57,33.08,31.44,32.75,90178
MRO,20090507,33.50,33.62,31.19,31.66,100285
MRO,20090508,31.66,32.74,31.57,32.56,84845
MRO,20090511,32.00,32.00,30.82,30.97,78814
MRO,20090512,32.07,32.07,30.37,30.91,70952
MRO,20090513,30.36,30.36,28.79,29.04,93510
MRO,20090514,28.72,29.49,28.14,29.09,77843
MRO,20090515,29.02,29.34,28.38,28.63,70335
MRO,20090518,29.14,30.08,29.04,29.79,70299
MRO,20090519,30.19,30.36,29.61,29.70,70043
MRO,20090520,30.14,30.98,30.05,30.38,91394
MRO,20090521,29.89,29.99,29.04,29.41,59315
MRO,20090522,29.65,30.00,29.39,29.43,48673
MRO,20090526,29.10,30.05,28.92,29.97,79416
MRO,20090527,30.01,30.20,29.15,29.24,82942
MRO,20090528,29.72,31.29,29.62,31.01,83237
MRO,20090529,31.54,31.94,31.15,31.88,79099
MRO,20090601,32.45,33.55,32.39,33.32,75744
MRO,20090602,33.16,33.58,32.75,33.41,73568
MRO,20090603,32.73,32.73,30.51,30.99,106703
MRO,20090604,31.18,31.95,31.10,31.58,81123
MRO,20090605,31.95,32.07,30.68,31.70,96844
MRO,20090608,31.36,32.81,31.18,32.45,83485
MRO,20090609,32.72,32.87,32.14,32.73,59801
MRO,20090610,33.14,33.20,32.14,32.69,57807
MRO,20090611,32.69,33.36,32.39,32.84,72065
MRO,20090612,32.18,32.52,31.93,32.42,56489
MRO,20090615,31.88,32.01,31.04,31.58,53825
MRO,20090616,31.85,32.10,31.24,31.40,60566
MRO,20090617,31.12,31.25,30.36,30.90,60762
MRO,20090618,30.87,31.10,30.50,30.86,53234
MRO,20090619,31.34,31.40,30.32,30.64,80432
MRO,20090622,30.13,30.18,28.59,28.77,90104
MRO,20090623,29.07,29.28,28.39,28.87,75873
MRO,20090624,29.09,29.61,28.94,29.17,60643
MRO,20090625,29.25,29.65,28.87,29.45,73345
MRO,20090626,29.35,29.65,29.12,29.52,62631
MRO,20090629,29.77,30.15,29.47,29.81,76809
MRO,20090630,30.08,30.50,29.64,30.13,76820
MRO,20090701,30.52,30.90,30.23,30.30,50567
MRO,20090702,29.67,29.79,28.81,29.00,69698
MRO,20090706,28.17,28.80,27.51,28.76,98555
MRO,20090707,28.65,28.99,28.15,28.23,67635
MRO,20090708,28.34,28.76,27.48,28.03,76802
MRO,20090709,28.36,28.98,28.14,28.67,51766
MRO,20090710,28.12,28.53,27.73,28.33,61240
MRO,20090713,28.22,29.05,27.86,28.98,68058
MRO,20090714,29.30,29.61,28.95,29.42,60485
MRO,20090715,29.98,30.35,29.85,30.26,81696
MRO,20090716,29.88,30.27,29.45,30.14,70257
MRO,20090717,30.11,30.53,29.79,30.26,67567
MRO,20090720,30.68,30.99,30.24,30.81,54410
MRO,20090721,31.20,31.42,30.55,31.05,53295
MRO,20090722,30.51,31.25,30.49,30.73,69418
MRO,20090723,30.68,31.85,30.59,31.79,54761
MRO,20090724,31.67,32.19,31.50,32.15,43477
MRO,20090727,32.17,32.58,31.90,32.51,54245
MRO,20090728,32.09,32.47,31.77,32.32,57377
MRO,20090729,31.60,31.70,30.79,31.22,61959
MRO,20090730,31.70,32.35,31.61,31.94,51408
MRO,20090731,31.77,32.31,31.53,32.25,61272
MRO,20090803,32.51,33.17,32.44,32.64,90152
MRO,20090804,32.38,32.70,32.05,32.47,60683
MRO,20090805,32.39,32.71,31.35,31.52,92611
MRO,20090806,31.69,31.77,30.86,31.01,60243
MRO,20090807,31.37,31.42,30.53,30.65,74209
MRO,20090810,30.34,30.72,30.34,30.64,46081
MRO,20090811,30.46,30.46,29.81,29.93,51294
MRO,20090812,29.64,30.88,29.64,30.58,59822
MRO,20090813,30.77,31.56,30.54,31.53,64223
MRO,20090814,31.61,31.67,30.72,31.02,42480
MRO,20090817,30.22,30.24,29.55,29.66,48332
MRO,20090818,29.68,30.29,29.63,30.09,49367
MRO,20090819,29.74,31.00,29.50,30.65,55169
MRO,20090820,30.65,31.15,30.50,30.89,41879
MRO,20090821,31.27,31.90,31.25,31.84,50218
MRO,20090824,32.02,32.30,31.73,31.91,40954
MRO,20090825,31.96,32.18,31.30,31.48,42506
MRO,20090826,31.16,31.94,31.00,31.79,46064
MRO,20090827,31.50,31.74,30.78,31.61,35069
MRO,20090828,31.82,31.87,31.11,31.51,35860
MRO,20090831,31.08,31.18,30.47,30.87,41000
MRO,20090901,30.69,31.32,30.20,30.33,54182
MRO,20090902,30.27,30.54,30.06,30.29,40876
MRO,20090903,30.34,30.74,30.14,30.40,40459
MRO,20090904,30.31,30.91,30.14,30.74,50836
MRO,20090908,31.33,31.79,31.21,31.51,63434
MRO,20090909,31.62,31.95,31.34,31.69,39439
MRO,20090910,31.74,32.37,31.55,32.29,58987
MRO,20090911,32.70,32.74,31.91,32.25,47759
MRO,20090914,31.81,32.75,31.65,32.69,56240
MRO,20090915,32.78,33.01,32.52,32.94,63976
MRO,20090916,33.10,34.14,33.02,33.85,72120
MRO,20090917,33.65,34.60,33.55,33.88,66542
MRO,20090918,34.04,34.30,33.40,33.53,51355
MRO,20090921,32.98,33.63,32.72,33.15,48590
MRO,20090922,33.60,33.74,33.19,33.49,36955
MRO,20090923,33.24,33.58,32.64,32.68,48003
MRO,20090924,32.66,32.92,31.93,32.03,71294
MRO,20090925,31.91,32.44,31.40,31.64,71357
MRO,20090928,31.70,32.51,31.70,32.42,41171
MRO,20090929,32.37,32.53,31.91,32.10,42744
MRO,20090930,32.42,32.42,31.50,31.90,73892
MRO,20091001,31.87,31.98,30.91,30.98,61858
MRO,20091002,30.39,31.00,30.39,30.48,68748
MRO,20091005,30.51,31.27,30.50,30.93,71469
MRO,20091006,31.74,32.40,31.51,31.92,73860
MRO,20091007,31.85,32.23,31.45,31.97,45975
MRO,20091008,32.16,32.90,32.10,32.56,84239
MRO,20091009,32.39,32.65,32.05,32.32,56518
MRO,20091012,32.77,33.10,32.63,32.71,37707
MRO,20091013,32.88,33.17,32.33,33.10,58268
MRO,20091014,33.91,34.00,33.58,33.89,62186
MRO,20091015,33.75,35.06,33.53,35.05,97004
MRO,20091016,34.86,35.00,34.25,34.88,68856
MRO,20091019,34.91,35.41,34.53,35.27,46738
MRO,20091020,35.40,35.46,34.29,34.91,47924
MRO,20091021,34.69,35.71,34.66,34.73,73755
MRO,20091022,34.69,34.69,34.00,34.58,67103
MRO,20091023,34.88,34.96,33.82,34.01,57307
MRO,20091026,34.14,35.03,33.38,33.48,55785
MRO,20091027,33.73,34.12,33.35,33.62,51107
MRO,20091028,33.51,33.51,32.35,32.42,63384
MRO,20091029,32.84,33.54,32.78,33.40,49957
MRO,20091030,33.24,33.35,31.62,31.97,82668
MRO,20091102,32.19,32.52,31.55,31.97,77182
MRO,20091103,31.71,32.64,31.38,32.39,54303
MRO,20091104,32.77,33.25,32.61,32.75,64782
MRO,20091105,32.92,33.67,32.76,33.63,61998
MRO,20091106,33.26,33.87,33.02,33.68,64280
MRO,20091109,34.21,34.64,34.03,34.59,47016
MRO,20091110,34.51,34.98,34.36,34.94,48432
MRO,20091111,35.05,35.30,34.64,34.96,47973
MRO,20091112,34.72,35.14,34.17,34.38,56219
MRO,20091113,34.33,34.86,34.07,34.65,44724
MRO,20091116,34.87,35.30,34.72,35.17,54450
MRO,20091117,34.86,35.01,34.57,34.90,48260
MRO,20091118,34.98,35.10,34.41,34.70,51285
MRO,20091119,34.27,34.27,33.07,33.33,74612
MRO,20091120,33.24,33.31,32.46,33.02,99414
MRO,20091123,33.71,33.86,32.94,33.09,50643
MRO,20091124,33.08,33.32,32.63,33.00,53135
MRO,20091125,33.14,33.63,32.96,33.53,41387
MRO,20091127,32.27,32.86,32.13,32.63,33070
MRO,20091130,32.65,32.97,32.36,32.62,47306
MRO,20091201,32.80,33.29,32.80,32.86,58376
MRO,20091202,32.80,32.85,32.25,32.38,54175
MRO,20091203,32.38,32.66,32.07,32.15,50328
MRO,20091204,32.66,32.95,31.56,31.63,92550
MRO,20091207,31.64,32.22,31.41,31.84,65303
MRO,20091208,31.61,31.65,30.83,30.94,57792
MRO,20091209,31.33,31.33,30.60,31.05,68498
MRO,20091210,31.33,31.51,30.93,31.14,60844
MRO,20091211,31.31,31.55,31.03,31.30,65377
MRO,20091214,32.26,32.37,31.43,31.45,60110
MRO,20091215,31.60,31.70,31.16,31.25,56724
MRO,20091216,31.39,31.65,31.18,31.47,72430
MRO,20091217,31.30,31.30,30.85,30.91,45361
MRO,20091218,31.31,31.35,30.58,30.91,77095
MRO,20091221,31.16,31.42,31.06,31.29,38809
MRO,20091222,31.59,31.68,31.29,31.54,39693
MRO,20091223,31.63,31.75,31.40,31.51,30038
MRO,20091224,31.60,31.74,31.50,31.65,11214
MRO,20091228,31.89,31.97,31.32,31.46,23815
MRO,20091229,31.55,31.65,31.20,31.31,28210
MRO,20091230,31.23,31.50,31.12,31.47,28322
MRO,20091231,31.46,31.68,31.21,31.22,26035
MRO,20100104,31.75,32.17,31.63,32.11,54963
MRO,20100105,32.24,32.34,32.03,32.14,56579
MRO,20100106,32.11,32.90,32.01,32.85,90870
MRO,20100107,32.75,32.75,32.22,32.65,46549
MRO,20100108,32.48,32.80,32.35,32.70,45246
MRO,20100111,32.97,33.05,32.44,32.70,59729
MRO,20100112,32.33,32.48,32.13,32.25,53792
MRO,20100113,32.23,32.28,31.63,32.14,58435
MRO,20100114,32.27,32.27,31.77,31.97,50521
MRO,20100115,31.91,31.91,31.01,31.64,85997
MRO,20100119,31.47,32.17,31.42,32.13,66040
MRO,20100120,31.89,32.28,31.61,32.19,72211
MRO,20100121,32.23,32.37,31.41,31.50,73973
MRO,20100122,31.21,31.50,30.54,30.58,70669
MRO,20100125,30.75,31.15,30.67,30.71,43017
MRO,20100126,30.51,30.87,30.17,30.40,54430
MRO,20100127,30.39,31.80,29.96,30.37,63431
MRO,20100128,30.44,30.65,29.92,30.17,73513
MRO,20100129,30.54,30.76,29.62,29.81,71503
MRO,20100201,30.17,30.66,30.00,30.65,58082
MRO,20100202,30.00,30.91,29.99,30.90,102649
MRO,20100203,30.83,30.86,30.14,30.37,64673
MRO,20100204,30.10,30.16,28.82,28.86,98374
MRO,20100205,28.70,28.82,27.64,28.46,121303
MRO,20100208,28.56,28.58,28.00,28.04,87020
MRO,20100209,28.44,28.95,28.23,28.62,70863
MRO,20100210,28.54,28.60,27.94,28.39,65094
MRO,20100211,28.30,28.97,28.16,28.83,56393
MRO,20100212,28.34,28.85,28.14,28.61,90686
MRO,20100216,29.45,29.78,29.25,29.69,73680
MRO,20100217,29.80,29.92,29.50,29.63,63187
MRO,20100218,29.61,29.97,29.51,29.95,43695
MRO,20100219,29.89,30.14,29.67,29.97,53027
MRO,20100222,30.15,30.20,29.39,29.51,65458
MRO,20100223,29.42,29.42,28.77,28.87,67795
MRO,20100224,28.99,29.24,28.69,29.17,48719
MRO,20100225,28.75,29.00,28.41,28.94,48361
MRO,20100226,29.06,29.17,28.67,28.95,57324
MRO,20100301,29.15,29.32,28.99,29.16,46391
MRO,20100302,29.33,29.55,29.21,29.36,56092
MRO,20100303,29.49,29.86,29.37,29.47,70126
MRO,20100304,29.52,29.66,29.28,29.58,64155
MRO,20100305,29.97,30.67,29.84,30.61,77757
MRO,20100308,30.70,30.92,30.65,30.80,61570
MRO,20100309,30.52,31.09,30.52,30.88,58110
MRO,20100310,30.97,31.50,30.90,31.49,85962
MRO,20100311,31.44,31.90,31.39,31.67,75864
MRO,20100312,31.80,31.88,31.37,31.48,53242
MRO,20100315,31.39,31.39,30.88,31.23,51100
MRO,20100316,31.40,31.74,31.16,31.71,59233
MRO,20100317,31.94,32.37,31.79,32.33,66811
MRO,20100318,32.30,32.44,31.84,32.10,47675
MRO,20100319,32.18,32.30,31.43,31.98,86931
MRO,20100322,31.37,31.81,31.23,31.66,59673
MRO,20100323,31.70,31.80,31.49,31.74,47939
MRO,20100324,31.32,31.74,31.18,31.38,67322
MRO,20100325,31.63,31.77,31.07,31.10,67751
MRO,20100326,31.29,31.38,30.73,30.84,58739
MRO,20100329,31.04,31.55,31.04,31.46,51540
MRO,20100330,31.54,31.56,31.28,31.40,44176
MRO,20100331,31.40,32.01,31.38,31.64,71231
MRO,20100401,31.93,32.31,31.81,32.09,60447
MRO,20100405,32.30,32.56,32.10,32.42,49116
MRO,20100406,32.29,32.85,32.16,32.58,49119
MRO,20100407,32.50,32.50,31.72,31.95,76532
MRO,20100408,31.43,32.00,31.25,31.87,88711
MRO,20100409,32.14,32.21,31.71,32.19,70127
MRO,20100412,32.11,32.39,32.04,32.20,59625
MRO,20100413,32.23,32.43,31.92,32.21,65396
MRO,20100414,32.38,32.84,32.30,32.82,64275
MRO,20100415,32.72,33.03,32.60,32.70,72418
MRO,20100416,32.47,32.57,31.76,32.02,75841
MRO,20100419,31.64,32.13,31.46,32.05,50998
MRO,20100420,32.26,32.73,32.17,32.60,48952
MRO,20100421,32.77,32.90,32.27,32.54,52982
MRO,20100422,32.17,32.52,31.93,32.48,45706
MRO,20100423,32.36,33.08,32.28,33.08,57350
MRO,20100426,33.05,33.20,32.83,33.04,54156
MRO,20100427,32.81,32.99,31.92,31.98,65926
MRO,20100428,32.20,32.31,31.67,32.21,67436
MRO,20100429,32.40,32.71,32.24,32.40,50237
MRO,20100430,32.51,32.67,32.06,32.15,66904
MRO,20100503,32.23,32.63,32.11,32.27,67410
MRO,20100504,32.68,32.88,31.65,32.15,114417
MRO,20100505,31.67,32.11,31.37,31.77,66381
MRO,20100506,31.62,31.76,28.97,30.66,117403
MRO,20100507,30.51,31.28,30.02,30.44,117871
MRO,20100510,31.53,31.78,31.06,31.58,99874
MRO,20100511,31.08,31.53,30.97,31.07,72488
MRO,20100512,31.13,31.80,30.92,31.71,60528
MRO,20100513,31.57,32.10,31.34,31.68,70600
MRO,20100514,31.52,31.61,31.02,31.29,91907
MRO,20100517,31.28,31.66,30.63,31.61,116009
MRO,20100518,32.24,32.81,32.05,32.25,143133
MRO,20100519,32.07,32.78,31.94,32.53,138492
MRO,20100520,31.72,32.17,31.34,31.41,148562
MRO,20100521,30.29,31.45,30.20,31.42,167429
MRO,20100524,31.33,32.09,31.06,31.60,101079
MRO,20100525,30.60,30.76,29.91,30.62,148697
MRO,20100526,31.11,31.23,30.23,30.37,108627
MRO,20100527,30.99,31.68,30.95,31.64,98080
MRO,20100528,31.63,31.74,30.88,31.09,85829
MRO,20100601,30.75,31.44,30.16,30.19,99241
MRO,20100602,30.53,31.35,30.40,31.33,71581
MRO,20100603,31.50,31.76,31.01,31.74,46813
MRO,20100604,31.03,31.62,30.53,30.70,84962
MRO,20100607,30.81,31.57,30.77,31.04,99532
MRO,20100608,31.24,31.59,30.75,31.51,84020
MRO,20100609,31.63,31.86,30.77,30.92,95134
MRO,20100610,31.64,32.23,31.50,32.19,77065
MRO,20100611,31.85,32.38,31.76,32.37,51001
MRO,20100614,32.75,32.99,32.48,32.56,65362
MRO,20100615,33.04,33.50,32.86,33.40,84312
MRO,20100616,33.12,33.45,32.97,33.22,61424
MRO,20100617,32.96,33.48,32.92,33.39,62258
MRO,20100618,33.49,33.82,33.36,33.79,58389
MRO,20100621,34.10,34.40,33.96,34.11,105649
MRO,20100622,34.08,34.18,33.05,33.11,68146
MRO,20100623,33.05,33.44,32.90,33.25,50840
MRO,20100624,33.00,33.43,32.72,32.85,84194
MRO,20100625,33.04,33.26,32.36,32.75,103024
MRO,20100628,32.88,33.00,32.29,32.29,60407
MRO,20100629,31.90,31.95,31.21,31.37,69606
MRO,20100630,31.37,31.86,31.04,31.09,60963
MRO,20100701,31.23,31.35,30.50,30.85,93545
MRO,20100702,31.10,31.34,30.57,30.83,46879
MRO,20100706,31.15,31.60,30.68,31.01,49097
MRO,20100707,31.24,32.04,31.12,32.04,65827
MRO,20100708,32.46,32.50,31.72,32.08,98240
MRO,20100709,32.09,32.15,31.83,32.08,53378
MRO,20100712,32.00,32.24,31.88,32.10,35498
MRO,20100713,32.50,33.13,32.47,32.97,58687
MRO,20100714,32.73,32.93,32.22,32.54,60938
MRO,20100715,32.62,32.65,31.99,32.52,41315
MRO,20100716,32.30,32.53,31.55,31.70,71833
MRO,20100719,31.85,32.14,31.56,31.79,52904
MRO,20100720,31.28,32.73,31.08,32.68,56094
MRO,20100721,32.77,32.84,31.92,32.22,57960
MRO,20100722,32.68,33.15,32.53,32.70,65288
MRO,20100723,32.53,32.93,32.30,32.88,42996
MRO,20100726,32.98,33.37,32.83,33.37,34199
MRO,20100727,33.65,33.74,33.11,33.23,48850
MRO,20100728,33.12,33.28,33.01,33.18,41846
MRO,20100729,33.41,33.63,32.95,33.36,50947
MRO,20100730,32.99,33.67,32.87,33.45,54350
MRO,20100802,33.99,34.35,33.93,34.28,72971
MRO,20100803,34.16,34.58,33.80,34.15,50912
MRO,20100804,34.15,34.77,33.79,34.70,61493
MRO,20100805,34.50,34.98,34.30,34.98,41271
MRO,20100806,34.52,34.87,33.80,34.39,73287
MRO,20100809,34.62,34.72,34.20,34.48,33573
MRO,20100810,34.20,34.37,34.00,34.18,55315
MRO,20100811,33.63,33.73,33.12,33.25,49791
MRO,20100812,33.00,33.14,32.80,32.97,43216
MRO,20100813,32.84,33.25,32.74,32.76,35827
MRO,20100816,32.32,32.66,32.18,32.53,35419
MRO,20100817,32.79,33.00,32.53,32.63,52434
MRO,20100818,32.47,32.66,32.12,32.54,43476
MRO,20100819,32.41,32.47,31.92,32.00,46633
MRO,20100820,31.81,31.89,31.20,31.52,47793
MRO,20100823,31.59,31.92,31.51,31.66,46493
MRO,20100824,31.40,31.60,31.14,31.23,61582
MRO,20100825,30.93,31.05,30.29,30.77,74010
MRO,20100826,30.87,31.01,30.07,30.21,62111
MRO,20100827,30.42,31.02,30.04,30.94,50226
MRO,20100830,30.95,31.08,30.55,30.55,37833
MRO,20100831,30.31,30.65,30.20,30.49,53957
MRO,20100901,31.01,31.57,30.73,31.55,54402
MRO,20100902,31.54,31.88,31.43,31.87,46998
MRO,20100903,32.03,32.30,31.93,32.16,41235
MRO,20100907,31.86,31.99,31.52,31.74,37403
MRO,20100908,31.80,32.11,31.65,31.74,40480
MRO,20100909,32.23,32.56,31.54,31.77,39168
MRO,20100910,31.97,32.55,31.91,32.32,58328
MRO,20100913,32.68,32.68,32.05,32.25,47322
MRO,20100914,32.20,32.53,31.90,32.04,60409
MRO,20100915,31.84,32.16,31.67,32.11,48091
MRO,20100916,31.94,32.05,31.75,32.00,33140
MRO,20100917,32.24,32.25,31.58,31.61,54480
MRO,20100920,31.64,32.42,31.62,32.34,39075
MRO,20100921,32.45,32.66,32.01,32.26,51836
MRO,20100922,32.31,32.59,31.91,31.99,37338
MRO,20100923,31.71,31.81,31.32,31.46,56619
MRO,20100924,31.82,32.34,31.71,32.21,44491
MRO,20100927,32.30,32.49,32.18,32.19,37928
MRO,20100928,32.35,32.55,32.01,32.49,46606
MRO,20100929,32.35,33.26,32.26,33.01,62601
MRO,20100930,33.43,33.63,32.75,33.10,59580
MRO,20101001,33.53,33.90,33.33,33.81,62323
MRO,20101004,33.68,33.74,33.09,33.37,49271
MRO,20101005,33.71,34.50,33.61,34.32,81051
MRO,20101006,34.22,35.13,34.08,35.10,98124
MRO,20101007,35.25,35.28,34.53,34.85,44472
MRO,20101008,34.84,35.53,34.47,35.48,48533
MRO,20101011,35.33,35.52,35.12,35.26,40880
MRO,20101012,35.01,35.44,34.74,35.28,36749
MRO,20101013,35.50,35.95,35.37,35.69,45752
MRO,20101014,35.68,35.94,35.23,35.51,44207
MRO,20101015,35.86,35.93,35.34,35.75,57766
MRO,20101018,35.82,36.00,35.65,35.87,43116
MRO,20101019,35.23,35.42,34.77,35.10,71280
MRO,20101020,35.27,35.84,35.19,35.68,36857
MRO,20101021,35.67,35.85,35.18,35.55,46655
MRO,20101022,35.69,35.77,35.42,35.61,27679
MRO,20101025,36.15,36.43,35.84,35.89,47891
MRO,20101026,35.82,35.88,35.49,35.60,59557
MRO,20101027,35.18,35.50,34.99,35.29,48176
MRO,20101028,35.62,35.71,35.12,35.27,66044
MRO,20101029,35.13,35.63,35.09,35.57,39981
MRO,20101101,35.92,36.11,35.30,35.49,42923
MRO,20101102,34.45,34.72,33.52,33.61,179480
MRO,20101103,33.61,33.73,32.45,33.07,145274
MRO,20101104,33.37,34.00,33.15,33.83,103624
MRO,20101105,33.84,33.98,33.42,33.92,88546
MRO,20101108,33.83,34.23,33.72,33.93,88620
MRO,20101109,34.29,34.33,33.46,33.61,62730
MRO,20101110,33.57,34.03,33.29,34.03,49754
MRO,20101111,33.95,34.26,33.80,34.14,50924
MRO,20101112,33.95,34.05,33.50,33.74,57075
MRO,20101115,33.90,34.16,33.60,33.67,45646
MRO,20101116,33.33,33.54,32.92,33.31,67283
MRO,20101117,33.29,33.53,33.08,33.23,51452
MRO,20101118,33.85,34.21,33.61,34.16,47677
MRO,20101119,34.16,34.29,33.75,34.27,41616
MRO,20101122,34.14,34.47,33.75,34.30,59034
MRO,20101123,33.80,33.93,33.21,33.32,63347
MRO,20101124,33.43,33.85,33.43,33.79,35085
MRO,20101126,33.60,33.71,33.43,33.48,14318
MRO,20101129,33.31,33.80,33.01,33.69,43442
MRO,20101130,33.15,33.83,33.10,33.47,52873
MRO,20101201,33.95,34.28,33.83,34.15,52129
MRO,20101202,34.20,35.05,34.14,35.04,53531
MRO,20101203,35.20,35.33,34.84,35.11,56261
MRO,20101206,35.05,35.25,34.78,34.78,44105
MRO,20101207,35.21,35.39,34.87,35.00,76827
MRO,20101208,35.00,35.24,34.77,35.17,47370
MRO,20101209,35.33,35.43,34.69,34.83,50020
MRO,20101210,35.05,35.28,34.90,35.15,46582
MRO,20101213,35.24,35.30,34.56,34.97,66411
MRO,20101214,34.95,35.25,34.76,34.97,45234
MRO,20101215,34.96,35.20,34.81,34.86,39127
MRO,20101216,34.87,35.20,34.60,35.17,38905
MRO,20101217,35.16,35.28,34.96,35.21,43718
MRO,20101220,35.36,36.10,35.33,35.91,55325
MRO,20101221,36.09,36.40,35.90,36.19,41932
MRO,20101222,36.31,36.67,36.10,36.53,31233
MRO,20101223,36.57,36.73,36.24,36.41,27907
MRO,20101227,36.26,36.59,36.24,36.51,23431
MRO,20101228,36.64,36.70,36.35,36.49,28675
MRO,20101229,36.58,37.14,36.44,36.92,29336
MRO,20101230,36.88,37.05,36.76,36.84,29639
MRO,20101231,36.86,37.21,36.67,37.03,25214
MRO,20110103,37.39,37.82,37.10,37.59,43758
MRO,20110104,37.80,37.86,36.98,37.38,49039
MRO,20110105,37.33,37.47,36.97,37.34,42907
MRO,20110106,37.42,37.71,37.32,37.60,55600
MRO,20110107,38.24,38.73,38.00,38.63,77647
MRO,20110110,38.82,39.27,38.61,39.15,7192300
MRO,20110111,39.39,40.00,39.19,39.72,7493600
MRO,20110112,40.00,40.77,39.87,40.53,8339400
MRO,20110113,44.29,44.90,42.80,42.98,44343800
MRO,20110114,42.54,43.00,42.08,42.59,12349900
MRO,20110118,42.39,43.12,42.37,42.47,9689500
MRO,20110119,42.53,42.85,41.97,42.05,10932300
MRO,20110120,42.01,42.25,41.35,41.85,9534300
MRO,20110121,42.09,42.30,41.90,42.04,10046200
MRO,20110124,42.00,42.22,41.89,42.15,9485200
MRO,20110125,42.18,43.58,42.05,43.55,12531200
MRO,20110126,44.33,45.65,44.25,45.38,16005000
MRO,20110127,45.22,45.38,44.48,44.66,11707300
MRO,20110128,44.10,45.17,44.10,44.76,9403700
MRO,20110131,44.97,45.75,44.48,45.70,8381700
MRO,20110201,46.03,46.74,45.55,46.60,10382900
MRO,20110202,45.99,47.00,45.36,45.89,10368100
MRO,20110203,45.79,46.05,44.95,45.95,6694900
MRO,20110204,46.00,46.14,45.32,45.86,6033700
MRO,20110207,46.66,47.40,46.21,46.40,7347100
MRO,20110208,46.40,46.53,45.92,46.28,6253700
MRO,20110209,46.23,46.42,45.69,46.34,5744500
MRO,20110210,46.14,46.59,45.85,46.43,6769900
MRO,20110211,46.32,46.60,45.97,46.48,6460900
MRO,20110214,46.51,49.33,46.25,49.05,12709600
MRO,20110215,48.73,48.83,47.96,48.07,7043300
MRO,20110216,48.67,49.47,48.31,49.31,9976400
MRO,20110217,49.31,50.56,49.06,50.08,8628800
MRO,20110218,50.08,50.19,49.07,49.51,9312200
MRO,20110222,49.15,49.48,47.56,47.71,12542200
MRO,20110223,48.25,50.21,48.11,49.18,12845200
MRO,20110224,48.87,49.00,47.56,48.13,10349600
MRO,20110225,48.44,48.78,47.97,48.62,6970100
MRO,20110228,48.91,50.06,48.83,49.60,7386200
MRO,20110301,52.35,52.38,50.40,50.75,17135000
MRO,20110302,50.87,51.20,50.15,50.93,8640900
MRO,20110303,52.02,52.77,51.62,52.66,8289200
MRO,20110304,52.78,52.79,51.42,51.66,9026500
MRO,20110307,52.51,52.52,50.79,51.42,6247700
MRO,20110308,50.96,50.98,49.60,50.18,8867400
MRO,20110309,50.18,50.39,49.36,49.62,7970200
MRO,20110310,49.08,49.47,48.53,48.59,8247700
MRO,20110311,48.22,50.35,48.12,50.17,6834200
MRO,20110314,49.93,50.69,49.18,49.67,6862200
MRO,20110315,47.68,49.46,47.18,48.97,7515300
MRO,20110316,49.33,50.23,48.03,48.73,10375700
MRO,20110317,49.00,49.79,49.00,49.54,8101200
MRO,20110318,50.06,50.31,49.51,49.65,9383700
MRO,20110321,51.58,51.95,50.83,51.84,7750000
MRO,20110322,51.92,51.94,50.78,51.21,5550000
MRO,20110323,51.02,51.34,50.51,50.56,5895300
MRO,20110324,50.73,51.01,50.21,50.73,5695500
MRO,20110325,50.85,51.76,50.67,51.70,7753800
MRO,20110328,51.89,52.44,51.14,51.14,7274100
MRO,20110329,51.24,52.40,51.20,52.22,6780200
MRO,20110330,52.50,53.13,52.19,52.95,5816700
MRO,20110331,53.25,53.74,52.98,53.31,6712200
MRO,20110401,53.81,54.19,53.35,53.55,5705900
MRO,20110404,53.81,53.88,52.81,53.09,5515200
MRO,20110405,53.41,53.81,52.81,53.43,4643800
MRO,20110406,53.81,53.91,52.73,52.90,3801200
MRO,20110407,53.03,53.87,52.40,53.00,5249000
MRO,20110408,53.21,53.55,52.50,52.76,5037600
MRO,20110411,52.67,53.02,51.57,51.77,4953200
MRO,20110412,51.24,51.25,49.76,50.18,9402400
MRO,20110413,50.69,50.95,49.77,50.33,4577900
MRO,20110414,50.24,51.26,49.89,51.17,5057400
MRO,20110415,51.31,51.73,51.01,51.33,5118100
MRO,20110418,50.66,51.37,50.14,51.09,5298300
MRO,20110419,50.85,51.28,50.30,51.28,5665700
MRO,20110420,52.04,53.40,51.95,53.32,6629800
MRO,20110421,53.54,53.90,53.02,53.84,4299400
MRO,20110425,53.90,54.04,52.47,52.59,4857300
MRO,20110426,52.64,52.88,51.86,52.66,5502400
