MRVL,20090115,6.31,6.65,6.21,6.50,110922
MRVL,20090116,6.63,6.87,6.22,6.31,261696
MRVL,20090120,6.25,6.29,5.66,5.80,210098
MRVL,20090121,5.88,6.17,5.85,6.16,141677
MRVL,20090122,5.98,6.32,5.81,6.21,199948
MRVL,20090123,6.09,6.86,6.00,6.75,212583
MRVL,20090126,6.76,7.08,6.58,6.84,146295
MRVL,20090127,6.94,7.31,6.93,7.20,122898
MRVL,20090128,7.34,7.56,7.24,7.52,145495
MRVL,20090129,7.37,7.43,7.14,7.23,105845
MRVL,20090130,7.20,7.43,7.10,7.29,147517
MRVL,20090202,7.15,7.46,7.10,7.34,85706
MRVL,20090203,7.34,7.53,7.17,7.49,113980
MRVL,20090204,7.48,7.95,7.29,7.68,183630
MRVL,20090205,7.93,8.21,7.80,8.08,260221
MRVL,20090206,8.08,8.44,8.04,8.28,150204
MRVL,20090209,8.37,8.40,8.07,8.16,120274
MRVL,20090210,8.16,8.28,7.69,7.84,157580
MRVL,20090211,7.97,8.05,7.66,7.83,117694
MRVL,20090212,7.78,7.94,7.52,7.93,182047
MRVL,20090213,8.02,8.29,7.92,8.19,121424
MRVL,20090217,7.90,7.94,7.35,7.44,209666
MRVL,20090218,7.63,7.73,7.24,7.49,115963
MRVL,20090219,7.56,7.73,6.96,7.00,124132
MRVL,20090220,6.90,7.16,6.57,7.02,228249
MRVL,20090223,7.10,7.10,6.56,6.61,103315
MRVL,20090224,7.02,7.51,6.95,7.48,218357
MRVL,20090225,7.45,7.83,7.29,7.64,198129
MRVL,20090226,7.68,7.96,7.49,7.51,109190
MRVL,20090227,7.43,7.66,7.23,7.51,134369
MRVL,20090302,7.32,7.62,7.07,7.13,143852
MRVL,20090303,7.26,7.41,6.99,7.18,109591
MRVL,20090304,7.34,7.79,7.22,7.58,138556
MRVL,20090305,7.44,7.87,7.41,7.52,245401
MRVL,20090306,8.30,8.30,7.95,8.06,390807
MRVL,20090309,8.02,8.50,7.63,7.67,211004
MRVL,20090310,7.98,8.40,7.93,8.30,192711
MRVL,20090311,8.42,8.77,8.37,8.64,189190
MRVL,20090312,8.61,8.94,8.60,8.86,144414
MRVL,20090313,8.85,9.14,8.67,8.98,157460
MRVL,20090316,8.91,9.00,8.31,8.39,125992
MRVL,20090317,8.47,8.89,8.35,8.88,190736
MRVL,20090318,8.86,9.50,8.83,9.46,274493
MRVL,20090319,9.48,9.50,8.80,8.87,208275
MRVL,20090320,9.01,9.16,8.54,8.75,131579
MRVL,20090323,8.78,9.28,8.78,9.28,112641
MRVL,20090324,9.34,9.36,9.02,9.16,127777
MRVL,20090325,9.33,9.69,8.86,9.18,164230
MRVL,20090326,9.26,9.68,9.18,9.65,137714
MRVL,20090327,9.50,9.57,9.21,9.27,70883
MRVL,20090330,9.23,9.25,8.87,9.04,92045
MRVL,20090331,9.13,9.39,9.04,9.16,91780
MRVL,20090401,9.00,9.59,8.88,9.47,133922
MRVL,20090402,9.64,10.09,9.53,9.87,156394
MRVL,20090403,10.08,10.19,9.71,10.06,188971
MRVL,20090406,9.75,9.78,9.40,9.73,133300
MRVL,20090407,9.55,9.60,9.30,9.47,85850
MRVL,20090408,9.50,10.06,9.50,10.05,153748
MRVL,20090409,10.32,10.70,10.25,10.47,155279
MRVL,20090413,10.50,10.50,9.95,10.23,127022
MRVL,20090414,10.16,10.76,10.07,10.30,151263
MRVL,20090415,10.23,10.57,9.97,10.31,230227
MRVL,20090416,10.52,10.68,10.27,10.62,110980
MRVL,20090417,10.48,10.56,10.30,10.42,69262
MRVL,20090420,10.10,10.17,9.75,9.79,97742
MRVL,20090421,9.83,10.05,9.60,9.88,139922
MRVL,20090422,9.61,10.43,9.55,10.12,133955
MRVL,20090423,10.20,10.21,9.70,10.17,112932
MRVL,20090424,10.19,10.49,9.91,10.41,107099
MRVL,20090427,10.31,10.79,10.23,10.48,110080
MRVL,20090428,10.37,10.37,10.05,10.15,108446
MRVL,20090429,10.26,10.64,10.12,10.32,129196
MRVL,20090430,10.34,11.25,10.33,10.98,248234
MRVL,20090501,11.17,11.41,10.94,11.25,159543
MRVL,20090504,11.40,11.93,11.40,11.59,161598
MRVL,20090505,11.50,11.56,11.06,11.29,132556
MRVL,20090506,11.42,11.72,11.06,11.61,205660
MRVL,20090507,11.74,11.78,10.60,10.91,158740
MRVL,20090508,10.85,10.87,10.06,10.57,218087
MRVL,20090511,10.35,10.96,10.30,10.72,133129
MRVL,20090512,10.81,10.85,10.20,10.36,99912
MRVL,20090513,10.30,10.37,9.98,10.19,110278
MRVL,20090514,10.21,10.82,10.13,10.68,102687
MRVL,20090515,10.68,10.91,10.50,10.69,94784
MRVL,20090518,11.15,11.35,10.92,11.28,165053
MRVL,20090519,11.20,11.67,11.11,11.39,141651
MRVL,20090520,11.50,11.62,11.13,11.28,119482
MRVL,20090521,11.18,11.35,10.94,11.09,123849
MRVL,20090522,11.06,11.15,10.76,10.96,99419
MRVL,20090526,10.78,11.65,10.76,11.62,163877
MRVL,20090527,11.70,11.91,11.43,11.50,240633
MRVL,20090528,11.73,11.76,11.16,11.69,213808
MRVL,20090529,11.66,11.84,11.01,11.43,275482
MRVL,20090601,11.65,12.22,11.52,12.13,204142
MRVL,20090602,11.56,11.67,10.96,11.16,253188
MRVL,20090603,10.80,11.03,10.62,10.78,179121
MRVL,20090604,10.88,11.38,10.83,11.34,123211
MRVL,20090605,11.40,11.56,11.10,11.37,121460
MRVL,20090608,11.14,11.30,10.91,11.21,84609
MRVL,20090609,11.79,12.94,11.75,12.84,481133
MRVL,20090610,12.80,12.93,12.31,12.92,209161
MRVL,20090611,12.72,12.85,12.39,12.51,145760
MRVL,20090612,12.53,12.55,12.10,12.33,98409
MRVL,20090615,12.22,12.53,12.04,12.47,109867
MRVL,20090616,12.51,12.60,11.94,11.95,132302
MRVL,20090617,11.95,12.09,11.45,11.66,280408
MRVL,20090618,11.75,11.77,11.17,11.27,186444
MRVL,20090619,11.50,12.03,11.47,12.01,222926
MRVL,20090622,12.35,12.38,11.45,11.48,298464
MRVL,20090623,11.39,11.62,11.05,11.52,190136
MRVL,20090624,11.70,11.91,11.61,11.77,114224
MRVL,20090625,11.70,12.08,11.56,12.00,119556
MRVL,20090626,11.97,12.20,11.76,11.80,166267
MRVL,20090629,11.84,11.93,11.60,11.67,102057
MRVL,20090630,11.79,11.88,11.45,11.64,89141
MRVL,20090701,11.71,12.05,11.61,11.74,79053
MRVL,20090702,11.60,11.75,11.43,11.67,91818
MRVL,20090706,11.60,11.73,11.14,11.40,68504
MRVL,20090707,11.85,12.05,11.46,11.50,188130
MRVL,20090708,11.62,11.63,11.03,11.28,126919
MRVL,20090709,11.46,11.83,11.33,11.64,117496
MRVL,20090710,11.58,11.82,11.47,11.68,90685
MRVL,20090713,11.69,11.91,11.34,11.89,109792
MRVL,20090714,11.87,12.34,11.80,12.23,175663
MRVL,20090715,12.73,12.90,12.59,12.74,165672
MRVL,20090716,12.69,13.30,12.62,13.11,177251
MRVL,20090717,13.15,13.18,12.82,13.17,71932
MRVL,20090720,13.35,13.48,13.00,13.44,83579
MRVL,20090721,13.44,13.65,12.99,13.61,167565
MRVL,20090722,13.59,14.08,13.50,13.98,142782
MRVL,20090723,14.01,14.07,13.79,13.98,122440
MRVL,20090724,13.65,13.81,13.36,13.58,124019
MRVL,20090727,13.55,13.79,13.41,13.71,76199
MRVL,20090728,13.67,14.15,13.65,14.11,107106
MRVL,20090729,13.93,13.98,13.61,13.75,98090
MRVL,20090730,13.99,14.00,13.49,13.59,220355
MRVL,20090731,13.47,13.74,13.24,13.34,123404
MRVL,20090803,13.47,13.93,13.47,13.80,110178
MRVL,20090804,13.87,14.47,13.71,14.13,143019
MRVL,20090805,14.13,14.24,13.73,14.04,115595
MRVL,20090806,13.89,14.12,13.54,13.59,96075
MRVL,20090807,14.00,14.01,13.38,13.54,110342
MRVL,20090810,13.54,13.67,13.26,13.32,69509
MRVL,20090811,13.28,13.54,13.13,13.31,97979
MRVL,20090812,13.31,13.90,13.29,13.78,82375
MRVL,20090813,13.86,14.26,13.70,14.25,113436
MRVL,20090814,14.07,14.18,13.61,13.69,75088
MRVL,20090817,13.43,13.49,13.21,13.27,76676
MRVL,20090818,13.41,13.76,13.41,13.68,92790
MRVL,20090819,13.48,13.98,13.30,13.92,105995
MRVL,20090820,13.96,14.15,13.80,14.01,92847
MRVL,20090821,14.16,14.29,13.84,14.23,81046
MRVL,20090824,14.33,14.40,13.85,13.91,108457
MRVL,20090825,13.90,14.12,13.76,14.09,88197
MRVL,20090826,14.13,14.44,14.00,14.40,114986
MRVL,20090827,14.36,14.65,14.01,14.63,205132
MRVL,20090828,15.66,15.85,15.19,15.36,263517
MRVL,20090831,15.23,15.34,15.10,15.25,107012
MRVL,20090901,15.20,15.70,14.92,15.02,132782
MRVL,20090902,14.95,15.14,14.83,14.90,92118
MRVL,20090903,14.92,15.13,14.89,14.97,103050
MRVL,20090904,15.00,15.70,14.91,15.70,92107
MRVL,20090908,15.85,16.30,15.78,16.25,122517
MRVL,20090909,16.16,16.37,15.99,16.32,99932
MRVL,20090910,16.38,16.71,16.24,16.41,108090
MRVL,20090911,16.72,16.72,16.02,16.32,102506
MRVL,20090914,16.16,16.40,16.09,16.17,71360
MRVL,20090915,16.19,16.36,16.09,16.21,102718
MRVL,20090916,16.32,16.49,15.94,16.43,138484
MRVL,20090917,16.33,16.60,15.92,15.93,115580
MRVL,20090918,16.10,16.24,15.88,16.07,110277
MRVL,20090921,16.00,16.00,15.62,15.76,99245
MRVL,20090922,15.85,16.11,15.72,15.98,72432
MRVL,20090923,16.28,16.54,16.19,16.22,106000
MRVL,20090924,16.30,16.30,15.55,15.70,103093
MRVL,20090925,15.47,15.91,15.32,15.72,120438
MRVL,20090928,15.77,16.48,15.77,16.22,86638
MRVL,20090929,16.20,16.34,15.80,15.92,89038
MRVL,20090930,15.98,16.30,15.71,16.19,108026
MRVL,20091001,16.15,16.19,14.95,14.96,130444
MRVL,20091002,14.77,15.56,14.76,15.09,115360
MRVL,20091005,15.20,15.44,14.98,15.25,78761
MRVL,20091006,15.37,15.71,15.30,15.48,82716
MRVL,20091007,15.49,15.49,14.99,15.12,111745
MRVL,20091008,15.26,15.27,14.73,14.90,142944
MRVL,20091009,14.95,15.65,14.83,15.62,107668
MRVL,20091012,15.84,16.10,15.47,15.97,121063
MRVL,20091013,15.88,16.23,15.80,16.00,129049
MRVL,20091014,16.40,16.48,16.20,16.41,121573
MRVL,20091015,16.26,16.32,15.73,15.84,115819
MRVL,20091016,15.63,15.71,14.95,15.50,195829
MRVL,20091019,15.66,15.84,15.28,15.57,118326
MRVL,20091020,15.65,15.72,15.15,15.24,190236
MRVL,20091021,15.22,15.34,14.89,14.99,138209
MRVL,20091022,14.94,15.02,14.48,14.88,126592
MRVL,20091023,14.89,14.99,14.39,14.58,123623
MRVL,20091026,15.13,15.39,14.83,14.99,211910
MRVL,20091027,15.03,15.34,14.42,14.44,165990
MRVL,20091028,14.23,14.51,13.67,13.73,197945
MRVL,20091029,13.87,14.32,13.87,14.24,101006
MRVL,20091030,14.21,14.22,13.69,13.73,96013
MRVL,20091102,13.77,13.97,13.50,13.83,81499
MRVL,20091103,13.71,13.98,13.36,13.94,76117
MRVL,20091104,14.14,14.63,13.97,14.23,126308
MRVL,20091105,14.49,14.86,14.41,14.70,98437
MRVL,20091106,14.60,14.90,14.50,14.73,76050
MRVL,20091109,15.00,15.34,14.96,15.24,88087
MRVL,20091110,15.27,15.55,15.11,15.46,109999
MRVL,20091111,15.60,15.82,15.39,15.54,83439
MRVL,20091112,15.58,15.80,15.24,15.28,100182
MRVL,20091113,15.31,15.89,15.27,15.84,85313
MRVL,20091116,15.99,16.30,15.95,16.24,107298
MRVL,20091117,16.40,16.47,16.15,16.42,79762
MRVL,20091118,16.33,16.40,16.08,16.09,90235
MRVL,20091119,15.59,15.59,14.86,15.27,205799
MRVL,20091120,15.08,15.33,14.95,15.28,94183
MRVL,20091123,15.50,15.67,15.44,15.61,93492
MRVL,20091124,15.65,15.76,15.42,15.66,88292
MRVL,20091125,15.72,15.94,15.66,15.90,69773
MRVL,20091127,15.46,15.79,15.37,15.63,31574
MRVL,20091130,15.64,15.68,15.12,15.42,127597
MRVL,20091201,15.71,16.09,15.68,16.03,83702
MRVL,20091202,16.04,16.57,16.00,16.53,98689
MRVL,20091203,16.69,16.85,16.52,16.53,128577
MRVL,20091204,17.90,18.20,17.44,18.06,277437
MRVL,20091207,18.00,18.38,17.81,17.91,129931
MRVL,20091208,17.59,18.08,17.58,17.86,137447
MRVL,20091209,17.83,18.27,17.75,18.27,93081
MRVL,20091210,18.35,18.72,18.26,18.67,130516
MRVL,20091211,18.72,18.73,18.26,18.43,109226
MRVL,20091214,18.56,19.02,18.35,18.99,130096
MRVL,20091215,18.97,18.98,18.69,18.73,92323
MRVL,20091216,18.83,19.74,18.83,19.54,181379
MRVL,20091217,19.33,19.53,19.20,19.25,152412
MRVL,20091218,19.36,20.00,19.31,19.99,206308
MRVL,20091221,19.98,20.05,19.86,19.96,90313
MRVL,20091222,19.98,20.25,19.94,20.02,75832
MRVL,20091223,20.03,20.23,19.96,20.07,62784
MRVL,20091224,20.20,20.79,20.15,20.68,53645
MRVL,20091228,20.78,20.98,20.42,20.56,77263
MRVL,20091229,20.59,20.63,20.12,20.26,61869
MRVL,20091230,20.56,20.99,20.53,20.83,108877
MRVL,20091231,20.96,21.07,20.75,20.75,74761
MRVL,20100104,21.05,21.31,20.94,21.03,93920
MRVL,20100105,20.99,21.53,20.85,21.43,137494
MRVL,20100106,21.53,21.76,21.30,21.62,111708
MRVL,20100107,21.60,21.64,21.06,21.12,102628
MRVL,20100108,21.14,21.45,21.06,21.36,122759
MRVL,20100111,21.48,21.57,21.05,21.20,73781
MRVL,20100112,21.28,21.29,20.26,20.36,135385
MRVL,20100113,20.53,20.88,19.92,20.69,157582
MRVL,20100114,20.60,20.64,20.27,20.40,91294
MRVL,20100115,20.59,20.60,19.54,19.58,159702
MRVL,20100119,19.75,20.40,19.66,20.35,116124
MRVL,20100120,20.15,20.30,19.61,19.97,109671
MRVL,20100121,20.40,20.70,19.92,20.05,126291
MRVL,20100122,19.99,20.05,18.76,18.81,183073
MRVL,20100125,19.06,19.39,18.89,18.94,132553
MRVL,20100126,18.87,19.22,18.68,18.81,140480
MRVL,20100127,18.80,19.20,18.71,19.06,91738
MRVL,20100128,19.04,19.06,18.26,18.50,132664
MRVL,20100129,18.75,18.84,17.25,17.43,204149
MRVL,20100201,17.52,18.57,17.52,18.55,164742
MRVL,20100202,18.43,18.77,18.34,18.64,104295
MRVL,20100203,18.50,19.01,18.46,18.96,104642
MRVL,20100204,18.85,18.85,17.92,17.98,113319
MRVL,20100205,18.13,18.25,17.58,18.17,133410
MRVL,20100208,18.31,18.66,17.88,18.07,98151
MRVL,20100209,18.38,18.51,17.98,18.24,139128
MRVL,20100210,18.28,18.46,17.82,18.26,79749
MRVL,20100211,18.35,19.27,18.07,19.12,146900
MRVL,20100212,19.05,19.69,18.85,19.39,158448
MRVL,20100216,19.67,20.19,19.55,20.06,128892
MRVL,20100217,20.20,20.26,19.86,19.99,71342
MRVL,20100218,19.85,20.09,19.69,19.97,69887
MRVL,20100219,19.89,20.48,19.89,20.04,119137
MRVL,20100222,20.34,20.38,19.89,19.96,83669
MRVL,20100223,19.78,19.86,19.22,19.42,84245
MRVL,20100224,19.67,19.82,19.10,19.28,147560
MRVL,20100225,18.98,19.22,18.51,19.19,114448
MRVL,20100226,19.11,19.32,18.71,19.32,91816
MRVL,20100301,19.50,20.23,19.42,20.08,123764
MRVL,20100302,20.59,20.83,20.27,20.38,138915
MRVL,20100303,20.55,20.60,19.81,19.96,145849
MRVL,20100304,20.09,20.20,19.84,20.13,254759
MRVL,20100305,19.65,20.41,19.53,20.40,381926
MRVL,20100308,20.47,20.61,20.16,20.27,113200
MRVL,20100309,20.18,20.65,20.11,20.29,118340
MRVL,20100310,20.25,20.75,20.25,20.64,121994
MRVL,20100311,20.54,20.55,20.21,20.51,94627
MRVL,20100312,20.51,20.56,20.02,20.28,103183
MRVL,20100315,20.21,20.22,19.74,19.87,95873
MRVL,20100316,19.94,20.45,19.80,20.41,109160
MRVL,20100317,20.41,20.71,20.17,20.45,139694
MRVL,20100318,20.57,20.75,20.14,20.31,81731
MRVL,20100319,20.28,20.36,19.85,20.06,99350
MRVL,20100322,19.99,20.67,19.90,20.56,109038
MRVL,20100323,20.67,21.46,20.62,21.14,226735
MRVL,20100324,20.93,21.07,20.73,20.77,106251
MRVL,20100325,21.10,21.19,20.40,20.44,172560
MRVL,20100326,20.46,20.69,20.00,20.03,137099
MRVL,20100329,20.16,20.50,20.16,20.46,78394
MRVL,20100330,20.55,20.90,20.40,20.76,102890
MRVL,20100331,20.44,20.64,20.10,20.42,118640
MRVL,20100401,20.52,20.95,20.21,20.38,110537
MRVL,20100405,20.51,20.98,20.37,20.96,99778
MRVL,20100406,20.78,21.00,20.62,20.85,75548
MRVL,20100407,20.80,20.89,20.51,20.69,63813
MRVL,20100408,20.49,20.68,20.17,20.63,93188
MRVL,20100409,20.72,20.98,20.53,20.97,78968
MRVL,20100412,20.96,21.31,20.86,21.14,93720
MRVL,20100413,21.16,21.19,20.76,20.94,104975
MRVL,20100414,21.44,22.58,21.41,22.55,255128
MRVL,20100415,22.57,22.87,22.51,22.58,162521
MRVL,20100416,22.57,22.57,21.63,22.10,195629
MRVL,20100419,21.86,21.91,21.20,21.62,176077
MRVL,20100420,21.90,22.38,21.82,21.84,159463
MRVL,20100421,22.15,22.48,21.37,21.76,138408
MRVL,20100422,21.40,21.90,20.96,21.81,137754
MRVL,20100423,21.82,22.41,21.74,22.18,175530
MRVL,20100426,22.30,22.48,21.78,21.84,110237
MRVL,20100427,22.10,22.50,21.39,21.42,189074
MRVL,20100428,21.78,22.08,21.26,21.60,101399
MRVL,20100429,21.61,21.87,21.41,21.82,88751
MRVL,20100430,21.77,21.80,20.59,20.66,151233
MRVL,20100503,20.89,21.05,20.60,20.79,94038
MRVL,20100504,20.51,20.52,19.28,19.63,199144
MRVL,20100505,19.35,20.00,19.20,19.42,178511
MRVL,20100506,19.40,19.79,17.26,18.86,211371
MRVL,20100507,18.70,19.26,18.13,18.86,244320
MRVL,20100510,19.92,20.97,18.31,19.89,114873
MRVL,20100511,19.62,20.09,19.36,19.51,93735
MRVL,20100512,19.66,20.07,19.57,19.94,119632
MRVL,20100513,19.72,20.09,19.12,19.28,139778
MRVL,20100514,18.77,18.77,17.61,18.49,319650
MRVL,20100517,18.50,18.83,17.93,18.58,148604
MRVL,20100518,18.76,18.82,17.86,18.02,155747
MRVL,20100519,18.01,18.75,17.74,18.51,227644
MRVL,20100520,18.03,18.30,17.38,17.84,274249
MRVL,20100521,18.05,19.70,17.95,19.32,304068
MRVL,20100524,19.36,19.36,18.42,18.47,177739
MRVL,20100525,17.67,18.64,17.45,18.55,217186
MRVL,20100526,18.82,19.24,18.34,18.37,274767
MRVL,20100527,18.89,19.26,18.81,19.25,149785
MRVL,20100528,19.45,19.48,18.59,18.98,157153
MRVL,20100601,18.88,19.46,18.65,18.65,146002
MRVL,20100602,18.79,19.54,18.53,19.52,142291
MRVL,20100603,19.57,19.76,19.09,19.52,123569
MRVL,20100604,19.05,19.53,18.73,18.81,100175
MRVL,20100607,18.89,19.01,17.97,18.06,140837
MRVL,20100608,17.93,17.94,16.65,17.21,324934
MRVL,20100609,17.28,17.84,16.95,17.04,156798
MRVL,20100610,17.19,17.54,17.12,17.45,113293
MRVL,20100611,17.26,17.89,17.15,17.88,116560
MRVL,20100614,18.40,18.42,17.44,17.49,213219
MRVL,20100615,17.76,19.03,17.75,18.94,204873
MRVL,20100616,18.81,19.31,18.46,19.25,181630
MRVL,20100617,19.40,19.45,18.77,19.09,135400
MRVL,20100618,19.06,19.23,18.96,19.04,113341
MRVL,20100621,19.43,19.45,18.39,18.53,216114
MRVL,20100622,18.63,18.91,18.29,18.37,226965
MRVL,20100623,18.27,18.78,18.11,18.48,119368
MRVL,20100624,18.47,18.60,17.51,17.67,180296
MRVL,20100625,17.66,17.68,17.05,17.37,190453
MRVL,20100628,17.40,17.50,16.98,17.13,134902
MRVL,20100629,16.78,16.86,16.13,16.28,183866
MRVL,20100630,16.22,16.34,15.72,15.76,167044
MRVL,20100701,15.73,16.47,15.71,16.30,235049
MRVL,20100702,16.30,16.40,15.80,16.06,101026
MRVL,20100706,16.47,16.64,15.63,15.84,153666
MRVL,20100707,15.79,16.59,15.75,16.57,157573
MRVL,20100708,16.68,16.74,16.16,16.47,206129
MRVL,20100709,16.25,16.71,16.12,16.62,120000
MRVL,20100712,16.74,17.30,16.60,17.20,176559
MRVL,20100713,17.45,17.49,17.10,17.35,148793
MRVL,20100714,17.76,17.90,17.22,17.47,168163
MRVL,20100715,17.46,17.49,17.04,17.35,117639
MRVL,20100716,17.22,17.30,16.59,16.63,138699
MRVL,20100719,16.76,17.16,16.68,17.05,97154
MRVL,20100720,16.62,16.85,16.28,16.79,140501
MRVL,20100721,16.57,16.82,16.22,16.31,191496
MRVL,20100722,16.48,16.80,16.35,16.64,143067
MRVL,20100723,16.55,16.59,16.10,16.47,209861
MRVL,20100726,16.50,16.55,16.19,16.31,135051
MRVL,20100727,16.35,16.38,15.80,15.94,193169
MRVL,20100728,15.92,16.00,15.33,15.37,229458
MRVL,20100729,15.39,15.43,14.69,14.87,327189
MRVL,20100730,14.69,15.08,14.40,14.92,312697
MRVL,20100802,15.21,15.39,14.88,15.28,117129
MRVL,20100803,15.18,15.20,14.88,14.97,99733
MRVL,20100804,15.02,15.30,14.78,15.26,147968
MRVL,20100805,15.40,15.62,15.11,15.14,141081
MRVL,20100806,14.96,15.32,14.92,15.20,106103
MRVL,20100809,15.32,15.52,15.08,15.40,76255
MRVL,20100810,15.11,15.15,14.66,14.82,154389
MRVL,20100811,14.49,14.62,14.26,14.55,171726
MRVL,20100812,14.10,14.70,13.87,14.66,189886
MRVL,20100813,14.63,14.95,14.50,14.51,128688
MRVL,20100816,14.39,14.91,14.37,14.68,108009
MRVL,20100817,14.88,15.10,14.69,14.75,98310
MRVL,20100818,14.74,15.08,14.68,14.99,108157
MRVL,20100819,14.92,15.06,14.65,14.91,173708
MRVL,20100820,16.63,16.73,16.07,16.16,412509
MRVL,20100823,16.40,16.44,15.65,15.72,194507
MRVL,20100824,15.54,16.30,15.44,16.22,278489
MRVL,20100825,16.26,16.59,15.89,16.53,216111
MRVL,20100826,16.62,16.67,15.98,16.00,227073
MRVL,20100827,16.21,16.71,15.70,16.57,191539
MRVL,20100830,16.70,16.74,16.41,16.47,135664
MRVL,20100831,16.34,16.55,15.74,15.91,162331
MRVL,20100901,16.10,16.56,16.08,16.24,149335
MRVL,20100902,16.34,16.81,16.18,16.81,119612
MRVL,20100903,17.05,17.24,16.65,17.00,113451
MRVL,20100907,16.95,17.29,16.88,17.13,165618
MRVL,20100908,17.10,17.44,16.93,17.39,167219
MRVL,20100909,17.44,17.59,17.16,17.40,143213
MRVL,20100910,17.45,17.54,16.84,17.02,181775
MRVL,20100913,17.18,17.64,17.15,17.47,144912
MRVL,20100914,17.43,17.55,16.91,17.44,165512
MRVL,20100915,17.32,17.39,17.00,17.32,114850
MRVL,20100916,17.24,17.50,17.11,17.32,99407
MRVL,20100917,17.67,17.99,17.64,17.91,188987
MRVL,20100920,17.97,18.00,17.51,17.68,133796
MRVL,20100921,17.75,17.75,17.50,17.54,108629
MRVL,20100922,17.50,17.53,16.97,17.22,192490
MRVL,20100923,17.10,17.78,16.85,17.35,122229
MRVL,20100924,17.70,18.16,17.67,17.72,175890
MRVL,20100927,17.74,17.77,17.39,17.43,131199
MRVL,20100928,17.46,17.77,17.16,17.50,170659
MRVL,20100929,17.47,17.83,17.37,17.70,128464
MRVL,20100930,17.85,18.09,17.35,17.51,173269
MRVL,20101001,17.64,17.99,17.46,17.50,158592
MRVL,20101004,17.39,17.44,16.87,17.23,128297
MRVL,20101005,17.11,17.15,16.50,16.90,343452
MRVL,20101006,16.78,16.97,16.28,16.42,180619
MRVL,20101007,16.47,16.74,16.26,16.58,106709
MRVL,20101008,16.57,16.91,16.42,16.77,167496
MRVL,20101011,16.89,16.98,16.69,16.71,78339
MRVL,20101012,16.69,17.06,16.44,16.98,153857
MRVL,20101013,17.14,17.44,16.75,17.31,151161
MRVL,20101014,17.38,17.47,17.00,17.15,122407
MRVL,20101015,17.23,17.39,16.95,17.11,151010
MRVL,20101018,17.08,17.10,16.74,16.90,103930
MRVL,20101019,16.77,17.02,16.51,16.71,111329
MRVL,20101020,16.75,17.29,16.72,17.05,152601
MRVL,20101021,17.08,17.24,16.87,17.24,118485
MRVL,20101022,17.23,17.74,17.17,17.70,91807
MRVL,20101025,17.79,17.98,17.39,17.57,143831
MRVL,20101026,17.39,17.76,17.28,17.51,74595
MRVL,20101027,17.68,18.82,17.62,18.70,288904
MRVL,20101028,18.77,19.30,18.65,19.20,196318
MRVL,20101029,19.31,19.42,18.97,19.28,153933
MRVL,20101101,19.40,19.74,19.14,19.51,137955
MRVL,20101102,19.80,20.09,19.58,19.63,163070
MRVL,20101103,19.61,19.79,19.46,19.69,99427
MRVL,20101104,19.98,20.70,19.84,20.52,151416
MRVL,20101105,20.76,20.95,20.37,20.80,124169
MRVL,20101108,20.65,21.00,20.65,20.77,67462
MRVL,20101109,20.76,20.79,20.33,20.45,104249
MRVL,20101110,20.50,20.55,19.96,20.26,107237
MRVL,20101111,19.65,20.10,18.93,20.02,156379
MRVL,20101112,19.96,20.37,19.47,19.83,136539
MRVL,20101115,19.99,20.09,19.22,19.43,138810
MRVL,20101116,19.33,19.44,18.83,18.94,136463
MRVL,20101117,18.99,19.34,18.69,18.74,128925
MRVL,20101118,19.09,19.31,18.86,18.94,183730
MRVL,20101119,19.39,20.43,19.25,20.09,336532
MRVL,20101122,20.04,20.25,19.82,20.00,111450
MRVL,20101123,19.77,20.11,19.68,19.80,103864
MRVL,20101124,19.99,20.05,19.70,19.81,101371
MRVL,20101126,19.72,19.81,19.58,19.58,35996
MRVL,20101129,19.53,19.76,19.06,19.40,111382
MRVL,20101130,19.27,19.62,19.12,19.28,90853
MRVL,20101201,19.63,20.20,19.61,20.20,158708
MRVL,20101202,20.17,20.49,19.94,20.46,187721
MRVL,20101203,20.00,20.55,19.90,20.44,130036
MRVL,20101206,20.41,20.50,20.10,20.24,68982
MRVL,20101207,20.53,20.65,20.16,20.19,77051
MRVL,20101208,20.33,20.33,19.88,20.10,94926
MRVL,20101209,20.26,20.28,19.73,19.75,81656
MRVL,20101210,19.76,19.82,19.39,19.56,111187
MRVL,20101213,19.65,19.82,19.11,19.15,128488
MRVL,20101214,19.18,19.52,18.94,19.13,81302
MRVL,20101215,19.09,19.30,18.60,18.62,114609
MRVL,20101216,18.72,18.83,18.52,18.57,78916
MRVL,20101217,18.74,19.12,18.66,18.86,206176
MRVL,20101220,18.76,19.21,18.47,19.05,153556
MRVL,20101221,19.10,19.17,19.00,19.07,79100
MRVL,20101222,19.06,19.09,18.64,18.88,82872
MRVL,20101223,18.83,19.05,18.77,18.93,55305
MRVL,20101227,18.87,18.87,18.51,18.72,63436
MRVL,20101228,18.74,18.75,18.37,18.55,61485
MRVL,20101229,18.56,18.60,18.41,18.44,40070
MRVL,20101230,18.43,18.44,18.19,18.37,55601
MRVL,20101231,18.37,18.55,18.20,18.55,56874
MRVL,20110103,18.74,18.90,18.39,18.54,134390
MRVL,20110104,18.56,18.73,17.95,18.12,291015
MRVL,20110105,17.96,18.56,17.78,18.56,152563
MRVL,20110106,18.72,19.66,18.55,19.56,173520
MRVL,20110107,19.85,20.34,19.46,20.04,238054
MRVL,20110110,19.96,20.45,19.76,20.28,15554000
MRVL,20110111,20.45,20.66,20.25,20.53,11327200
MRVL,20110112,20.72,20.99,20.38,20.99,12935100
MRVL,20110113,21.01,21.50,20.77,21.43,15789000
MRVL,20110114,21.48,21.88,21.29,21.87,12481200
MRVL,20110118,21.55,22.01,21.54,21.89,10643600
MRVL,20110119,21.56,21.59,21.06,21.23,13418100
MRVL,20110120,20.77,20.87,20.06,20.43,18861100
MRVL,20110121,20.74,20.80,19.98,20.08,11909000
MRVL,20110124,20.13,20.44,19.91,19.97,12730300
MRVL,20110125,19.95,19.98,19.57,19.79,12220900
MRVL,20110126,19.96,20.11,19.64,20.01,7319300
MRVL,20110127,20.21,20.49,20.04,20.27,10328500
MRVL,20110128,20.25,20.31,19.09,19.16,17027600
MRVL,20110131,19.19,19.32,18.82,19.01,14053200
MRVL,20110201,19.29,19.77,19.13,19.57,12508400
MRVL,20110202,19.30,19.64,19.21,19.50,9701800
MRVL,20110203,19.41,19.71,19.34,19.48,12334400
MRVL,20110204,19.60,20.04,19.56,19.75,18173500
MRVL,20110207,19.82,20.24,19.70,20.09,14145000
MRVL,20110208,20.08,20.42,19.85,20.24,11278500
MRVL,20110209,20.19,20.31,19.79,19.87,10596500
MRVL,20110210,19.74,19.76,19.47,19.67,10685300
MRVL,20110211,19.62,19.87,19.51,19.75,7588300
MRVL,20110214,19.78,20.18,19.59,19.77,10210100
MRVL,20110215,19.71,19.77,18.63,18.78,32296000
MRVL,20110216,18.98,18.98,18.69,18.83,14223500
MRVL,20110217,18.75,19.34,18.65,19.02,12785600
MRVL,20110218,19.06,19.12,18.75,18.89,9349100
MRVL,20110222,18.41,18.67,18.15,18.23,13068200
MRVL,20110223,18.20,18.21,17.89,17.97,14076900
MRVL,20110224,18.04,18.16,17.60,18.01,13616300
MRVL,20110225,18.33,18.93,18.30,18.92,15570300
MRVL,20110228,18.91,18.91,18.15,18.28,17745000
MRVL,20110301,18.38,18.53,18.02,18.02,12317000
MRVL,20110302,18.00,18.26,17.90,17.99,10262500
MRVL,20110303,18.15,18.42,17.78,18.22,21865400
MRVL,20110304,16.74,17.00,15.99,16.13,60904000
MRVL,20110307,16.22,16.27,15.65,15.81,23720500
MRVL,20110308,15.85,16.23,15.81,16.19,19888900
MRVL,20110309,16.10,16.37,15.91,16.16,17607700
MRVL,20110310,15.88,16.19,15.71,15.84,18812000
MRVL,20110311,15.72,15.85,15.39,15.67,20049100
MRVL,20110314,15.51,15.72,15.34,15.63,15802600
MRVL,20110315,15.16,15.77,14.93,15.59,23059000
MRVL,20110316,15.42,15.86,15.35,15.36,17920800
MRVL,20110317,15.58,15.65,15.33,15.42,13971100
MRVL,20110318,15.55,15.75,15.43,15.62,15112900
MRVL,20110321,15.85,15.85,15.42,15.51,17792000
MRVL,20110322,15.50,15.81,15.17,15.63,15489900
MRVL,20110323,15.61,16.10,15.50,15.96,13243300
MRVL,20110324,16.10,16.50,16.04,16.31,12823900
MRVL,20110325,16.17,16.36,15.96,16.07,14107300
MRVL,20110328,16.08,16.22,15.80,16.15,15104600
MRVL,20110329,16.36,16.38,15.99,16.12,9171000
MRVL,20110330,16.28,16.35,15.92,15.97,14098500
MRVL,20110331,15.98,16.00,15.53,15.55,15941600
MRVL,20110401,15.63,15.99,15.59,15.93,22363200
MRVL,20110404,15.94,16.03,15.50,15.53,12525300
MRVL,20110405,15.73,15.98,15.70,15.85,12125100
MRVL,20110406,15.93,16.05,15.58,15.93,16038800
MRVL,20110407,15.96,16.48,15.95,16.16,27208800
MRVL,20110408,16.53,16.68,16.18,16.39,20364000
MRVL,20110411,16.35,16.41,15.78,16.05,24258500
MRVL,20110412,15.84,15.95,15.78,15.85,14991400
MRVL,20110413,15.95,16.03,15.58,15.65,13939800
MRVL,20110414,15.58,15.70,15.38,15.66,16878700
MRVL,20110415,15.66,16.05,15.55,15.97,16485200
MRVL,20110418,15.63,15.63,15.04,15.24,16867200
MRVL,20110419,15.19,15.41,14.92,15.38,13297700
MRVL,20110420,15.66,15.96,15.56,15.92,12935000
MRVL,20110421,16.00,16.05,15.63,15.70,8257000
MRVL,20110425,15.71,15.88,15.68,15.83,7652900
MRVL,20110426,15.87,15.90,15.70,15.81,8480400
