MTW,20090115,6.94,6.95,6.21,6.80,52068
MTW,20090116,7.17,7.19,6.48,6.96,33355
MTW,20090120,6.90,6.92,6.04,6.20,54841
MTW,20090121,6.41,6.92,6.31,6.87,47897
MTW,20090122,6.68,6.68,6.14,6.38,32619
MTW,20090123,6.02,6.81,6.02,6.44,31474
MTW,20090126,6.36,6.64,6.05,6.21,47378
MTW,20090127,6.29,6.55,6.20,6.46,28915
MTW,20090128,6.66,6.91,6.56,6.84,33375
MTW,20090129,6.90,7.00,5.86,5.91,75472
MTW,20090130,6.16,6.16,5.28,5.50,65620
MTW,20090202,5.40,5.40,5.00,5.07,71656
MTW,20090203,5.07,5.16,4.76,4.95,73715
MTW,20090204,5.00,5.30,4.93,4.98,47906
MTW,20090205,4.90,5.30,4.85,5.22,45828
MTW,20090206,5.32,5.74,5.25,5.60,47102
MTW,20090209,5.74,5.80,5.45,5.51,37278
MTW,20090210,5.57,5.77,5.08,5.17,62589
MTW,20090211,5.32,5.53,5.10,5.24,47793
MTW,20090212,5.15,5.22,4.85,5.10,55388
MTW,20090213,5.15,5.21,4.90,4.98,29862
MTW,20090217,4.80,4.97,4.65,4.78,55119
MTW,20090218,4.80,4.88,4.60,4.64,48358
MTW,20090219,4.72,4.82,4.40,4.42,30405
MTW,20090220,4.29,4.40,4.08,4.26,39520
MTW,20090223,4.35,4.45,4.00,4.00,31350
MTW,20090224,4.10,4.44,3.94,4.41,30958
MTW,20090225,4.30,4.40,3.95,4.10,31773
MTW,20090226,4.18,4.28,3.99,4.00,28869
MTW,20090227,3.93,4.15,3.82,4.10,50611
MTW,20090302,3.96,3.99,3.45,3.49,37865
MTW,20090303,3.45,3.49,2.55,2.69,117184
MTW,20090304,2.93,2.98,2.73,2.74,56922
MTW,20090305,2.91,2.91,2.46,2.47,45940
MTW,20090306,2.57,2.59,2.35,2.42,46133
MTW,20090309,2.46,2.63,2.34,2.48,32398
MTW,20090310,2.61,2.94,2.58,2.88,52554
MTW,20090311,3.06,3.40,3.00,3.15,56841
MTW,20090312,3.19,3.55,2.87,3.49,49545
MTW,20090313,3.81,3.96,3.42,3.61,45670
MTW,20090316,3.77,4.22,3.71,3.88,47983
MTW,20090317,4.00,4.19,3.70,4.14,42194
MTW,20090318,4.16,4.49,3.95,4.36,34833
MTW,20090319,4.52,4.72,4.29,4.35,30840
MTW,20090320,4.37,4.40,3.82,4.02,39002
MTW,20090323,4.21,4.64,4.16,4.64,39226
MTW,20090324,4.64,4.75,4.29,4.51,25024
MTW,20090325,4.68,4.89,4.11,4.47,43166
MTW,20090326,4.57,4.84,4.51,4.84,27134
MTW,20090327,4.58,4.79,4.50,4.61,21204
MTW,20090330,3.92,3.92,2.83,3.07,93773
MTW,20090331,3.10,3.50,3.10,3.27,62600
MTW,20090401,3.29,3.59,3.11,3.55,34367
MTW,20090402,3.80,4.00,3.75,3.90,40095
MTW,20090403,3.92,4.20,3.88,4.08,29894
MTW,20090406,4.01,4.09,3.90,4.09,18444
MTW,20090407,3.98,4.03,3.89,3.92,17923
MTW,20090408,3.92,3.93,3.24,3.45,60088
MTW,20090409,3.74,4.30,3.68,4.30,52184
MTW,20090413,4.20,4.61,4.00,4.57,32111
MTW,20090414,4.50,4.67,4.15,4.24,29788
MTW,20090415,4.11,4.60,4.11,4.52,32142
MTW,20090416,4.65,4.95,4.45,4.87,36995
MTW,20090417,4.96,5.06,4.70,4.87,30844
MTW,20090420,4.77,4.77,4.26,4.31,29385
MTW,20090421,4.19,4.97,4.14,4.80,41576
MTW,20090422,4.79,5.20,4.75,4.92,52494
MTW,20090423,5.04,5.10,4.72,4.91,30197
MTW,20090424,5.00,5.35,4.85,5.26,37277
MTW,20090427,5.30,5.34,5.01,5.11,28414
MTW,20090428,5.02,5.23,4.95,5.05,19996
MTW,20090429,5.13,5.74,5.09,5.51,42630
MTW,20090430,6.02,6.24,5.91,5.95,63285
MTW,20090501,5.75,7.42,5.75,6.49,120656
MTW,20090504,6.84,7.05,6.62,6.91,70244
MTW,20090505,6.91,7.19,6.61,7.12,53836
MTW,20090506,7.40,7.71,7.09,7.48,64479
MTW,20090507,7.83,7.90,7.01,7.10,43030
MTW,20090508,7.44,7.79,7.29,7.79,47490
MTW,20090511,7.51,7.58,6.83,6.87,48654
MTW,20090512,6.89,7.13,5.66,6.20,71738
MTW,20090513,5.92,5.94,5.50,5.50,47672
MTW,20090514,5.20,5.78,5.07,5.62,39617
MTW,20090515,5.70,5.84,5.30,5.40,30197
MTW,20090518,5.74,6.24,5.60,6.21,44822
MTW,20090519,6.40,6.54,6.21,6.33,35927
MTW,20090520,6.45,6.80,6.37,6.43,37641
MTW,20090521,6.22,6.34,5.85,6.08,34317
MTW,20090522,6.20,6.29,5.97,6.05,18805
MTW,20090526,5.98,6.44,5.85,6.36,27927
MTW,20090527,6.45,6.54,6.10,6.15,35405
MTW,20090528,6.35,6.50,6.04,6.26,37254
MTW,20090529,6.51,6.59,6.30,6.52,28038
MTW,20090601,6.71,7.27,6.71,7.07,58400
MTW,20090602,6.87,7.00,6.73,6.85,30384
MTW,20090603,6.65,6.79,6.30,6.45,26049
MTW,20090604,6.51,6.86,6.42,6.83,26054
MTW,20090605,7.15,7.20,6.79,6.87,36221
MTW,20090608,6.85,6.85,6.41,6.57,30460
MTW,20090609,6.79,6.79,6.47,6.60,22130
MTW,20090610,6.70,6.74,6.35,6.52,30065
MTW,20090611,6.46,6.59,6.37,6.43,27677
MTW,20090612,6.34,6.42,6.20,6.36,19831
MTW,20090615,6.15,6.35,6.02,6.17,26676
MTW,20090616,6.21,6.65,6.01,6.10,38272
MTW,20090617,6.08,6.11,5.58,5.71,35697
MTW,20090618,5.71,5.90,5.55,5.77,22226
MTW,20090619,5.84,5.97,5.75,5.82,25507
MTW,20090622,5.69,5.69,5.16,5.18,37379
MTW,20090623,5.26,5.34,4.95,5.12,41759
MTW,20090624,5.33,5.57,5.20,5.30,37501
MTW,20090625,5.30,5.49,5.12,5.45,26817
MTW,20090626,5.49,5.49,5.16,5.29,46977
MTW,20090629,5.35,5.55,5.25,5.44,24927
MTW,20090630,5.40,5.52,5.18,5.26,29028
MTW,20090701,5.32,5.67,5.32,5.45,25796
MTW,20090702,5.30,5.48,5.12,5.12,24697
MTW,20090706,5.07,5.07,4.72,4.91,45921
MTW,20090707,4.82,4.91,4.53,4.55,33208
MTW,20090708,4.58,4.58,4.15,4.42,60009
MTW,20090709,4.54,4.68,4.30,4.49,38376
MTW,20090710,4.49,4.51,4.33,4.39,20489
MTW,20090713,4.38,4.57,4.23,4.57,18185
MTW,20090714,4.55,4.66,4.38,4.59,22635
MTW,20090715,4.82,4.94,4.72,4.94,26699
MTW,20090716,4.95,5.12,4.82,5.05,15852
MTW,20090717,5.09,5.10,4.97,5.03,13987
MTW,20090720,5.06,5.38,5.06,5.37,27933
MTW,20090721,5.79,5.87,5.30,5.32,57286
MTW,20090722,5.20,5.67,5.20,5.57,32435
MTW,20090723,5.53,6.12,5.53,6.10,47869
MTW,20090724,6.13,6.54,5.97,6.53,58539
MTW,20090727,6.56,6.74,6.37,6.57,68717
MTW,20090728,6.16,6.23,5.60,5.89,90244
MTW,20090729,5.66,5.85,5.55,5.60,34599
MTW,20090730,5.78,6.05,5.68,5.96,32437
MTW,20090731,6.01,6.28,5.89,6.18,38840
MTW,20090803,6.29,6.55,6.24,6.49,46242
MTW,20090804,6.45,6.76,6.40,6.71,50234
MTW,20090805,6.71,6.90,6.50,6.80,43183
MTW,20090806,6.85,6.91,6.45,6.49,37095
MTW,20090807,6.61,6.99,6.55,6.83,51026
MTW,20090810,6.82,7.05,6.70,6.93,44062
MTW,20090811,6.97,6.99,6.61,6.79,29266
MTW,20090812,6.73,7.05,6.70,6.84,35766
MTW,20090813,6.95,7.05,6.85,7.02,29859
MTW,20090814,7.00,7.03,6.67,6.83,30312
MTW,20090817,6.30,6.41,6.12,6.20,34328
MTW,20090818,6.33,6.82,6.33,6.66,42512
MTW,20090819,6.42,6.75,6.39,6.60,21274
MTW,20090820,6.64,6.84,6.57,6.71,29957
MTW,20090821,6.85,6.99,6.75,6.89,30441
MTW,20090824,6.91,7.11,6.83,6.85,35693
MTW,20090825,6.59,6.64,6.28,6.51,106365
MTW,20090826,6.42,6.63,6.36,6.60,39470
MTW,20090827,6.65,6.88,6.45,6.78,43448
MTW,20090828,6.86,6.93,6.67,6.71,66906
MTW,20090831,6.55,6.64,6.25,6.64,352442
MTW,20090901,6.45,6.61,6.11,6.17,105347
MTW,20090902,6.25,6.49,6.21,6.34,72755
MTW,20090903,6.41,6.51,6.31,6.50,46563
MTW,20090904,6.50,6.86,6.50,6.85,49945
MTW,20090908,7.01,7.62,6.93,7.44,101911
MTW,20090909,7.50,7.93,7.41,7.88,81017
MTW,20090910,8.05,8.48,7.93,8.46,93896
MTW,20090911,8.98,9.09,8.70,8.81,132396
MTW,20090914,8.72,9.05,8.37,9.05,69247
MTW,20090915,9.15,9.57,9.05,9.42,91980
MTW,20090916,9.70,10.54,9.51,10.32,128606
MTW,20090917,10.36,10.75,9.62,9.90,108992
MTW,20090918,10.07,10.15,9.41,9.96,67443
MTW,20090921,9.86,9.95,9.59,9.74,44662
MTW,20090922,10.05,10.48,10.00,10.45,53669
MTW,20090923,10.50,10.79,10.29,10.29,63224
MTW,20090924,10.38,10.40,9.60,9.72,65851
MTW,20090925,9.60,9.69,9.33,9.52,50299
MTW,20090928,9.57,9.97,9.37,9.86,42456
MTW,20090929,9.86,10.13,9.55,9.69,46920
MTW,20090930,9.83,9.83,9.35,9.47,52682
MTW,20091001,9.37,9.37,8.68,8.73,73574
MTW,20091002,8.37,8.49,8.06,8.14,77683
MTW,20091005,8.87,9.44,8.74,9.24,86286
MTW,20091006,9.60,9.74,9.29,9.59,70880
MTW,20091007,9.58,9.73,9.43,9.64,45018
MTW,20091008,9.80,10.29,9.75,10.21,65022
MTW,20091009,10.09,10.31,9.86,10.26,40125
MTW,20091012,10.27,10.50,10.12,10.17,29488
MTW,20091013,10.24,10.24,9.83,10.02,28214
MTW,20091014,10.25,10.83,10.25,10.80,65723
MTW,20091015,10.75,10.96,10.56,10.89,38388
MTW,20091016,10.70,10.80,10.45,10.66,31333
MTW,20091019,10.81,11.74,10.81,11.54,60164
MTW,20091020,12.10,12.24,11.13,11.37,59510
MTW,20091021,11.30,11.71,11.10,11.24,42673
MTW,20091022,11.16,11.56,10.86,11.53,44283
MTW,20091023,11.62,11.97,11.53,11.63,51597
MTW,20091026,11.80,12.23,11.22,11.28,53293
MTW,20091027,11.49,11.49,10.50,10.63,54548
MTW,20091028,10.44,10.56,9.29,9.46,82151
MTW,20091029,10.25,10.60,10.05,10.45,86362
MTW,20091030,9.60,10.16,9.03,9.14,123198
MTW,20091102,9.39,9.90,9.30,9.76,83935
MTW,20091103,9.66,10.20,9.45,10.14,62020
MTW,20091104,10.49,10.57,10.08,10.09,48628
MTW,20091105,10.22,10.75,10.12,10.75,44492
MTW,20091106,10.66,11.00,10.40,10.58,43034
MTW,20091109,10.82,11.15,10.82,11.07,43598
MTW,20091110,10.93,11.33,10.84,11.22,34036
MTW,20091111,11.37,11.60,11.25,11.45,36236
MTW,20091112,11.42,11.59,10.66,10.79,51138
MTW,20091113,10.84,10.87,10.62,10.75,30983
MTW,20091116,10.86,11.49,10.86,11.47,48724
MTW,20091117,11.20,11.37,11.08,11.32,33578
MTW,20091118,11.36,11.48,11.01,11.09,24425
MTW,20091119,10.97,11.02,10.72,10.91,28158
MTW,20091120,10.71,10.87,10.47,10.56,24139
MTW,20091123,10.81,11.00,10.37,10.43,42797
MTW,20091124,10.44,10.49,10.10,10.17,35598
MTW,20091125,10.32,10.43,10.16,10.31,20843
MTW,20091127,9.82,10.13,9.53,9.90,21695
MTW,20091130,9.95,10.09,9.66,9.82,35743
MTW,20091201,9.92,10.20,9.80,9.95,31925
MTW,20091202,10.00,10.06,9.75,9.87,29702
MTW,20091203,9.96,9.96,9.43,9.45,30043
MTW,20091204,9.80,9.84,9.27,9.65,39489
MTW,20091207,9.50,9.76,9.46,9.53,26902
MTW,20091208,9.42,9.48,9.20,9.28,29937
MTW,20091209,9.31,9.31,8.94,9.24,26355
MTW,20091210,9.26,9.40,9.04,9.14,24270
MTW,20091211,9.17,9.22,8.95,9.14,19205
MTW,20091214,9.23,9.38,9.15,9.37,20762
MTW,20091215,9.35,9.65,9.25,9.44,27853
MTW,20091216,9.63,9.63,9.42,9.54,35894
MTW,20091217,9.46,9.67,9.41,9.62,37961
MTW,20091218,9.62,10.03,9.61,10.01,55143
MTW,20091221,10.12,10.29,10.04,10.21,26414
MTW,20091222,10.25,10.34,10.11,10.34,19107
MTW,20091223,10.31,10.43,10.16,10.43,13077
MTW,20091224,10.43,10.44,10.32,10.37,4991
MTW,20091228,10.38,10.42,10.02,10.13,19124
MTW,20091229,10.18,10.19,9.86,10.07,19621
MTW,20091230,9.91,10.07,9.85,10.04,17834
MTW,20091231,10.03,10.11,9.95,9.97,12238
MTW,20100104,10.03,10.48,10.03,10.43,21852
MTW,20100105,10.45,11.22,10.44,11.20,45342
MTW,20100106,11.11,11.75,11.00,11.68,50658
MTW,20100107,11.62,12.62,11.46,12.53,87562
MTW,20100108,12.50,13.33,12.33,13.30,58399
MTW,20100111,13.71,13.71,12.79,13.13,49867
MTW,20100112,12.99,13.12,12.42,12.79,29989
MTW,20100113,12.85,13.40,12.55,13.40,32550
MTW,20100114,13.40,13.47,12.84,13.05,36936
MTW,20100115,13.62,14.60,13.50,13.70,120270
MTW,20100119,13.81,13.88,13.29,13.33,40713
MTW,20100120,13.22,13.22,12.75,13.08,35474
MTW,20100121,13.05,13.20,12.15,12.19,58683
MTW,20100122,12.11,12.26,11.44,11.54,60148
MTW,20100125,11.93,12.04,11.53,11.71,20994
MTW,20100126,11.59,11.90,11.42,11.47,18317
MTW,20100127,11.39,11.57,11.02,11.44,25830
MTW,20100128,11.53,11.80,11.11,11.17,34850
MTW,20100129,11.26,11.60,10.83,10.90,30519
MTW,20100201,11.04,11.44,11.04,11.44,24427
MTW,20100202,11.54,11.98,11.25,11.91,41757
MTW,20100203,11.35,12.10,11.21,11.51,52869
MTW,20100204,11.19,11.54,11.19,11.27,36585
MTW,20100205,11.30,11.34,10.36,10.85,57499
MTW,20100208,10.84,11.20,10.60,10.77,25861
MTW,20100209,10.96,11.20,10.84,11.03,34701
MTW,20100210,11.14,11.18,10.77,10.84,28918
MTW,20100211,10.92,11.36,10.85,11.35,23504
MTW,20100212,11.16,11.85,11.03,11.76,32720
MTW,20100216,11.91,12.45,11.86,12.42,34669
MTW,20100217,12.62,12.85,12.45,12.57,32825
MTW,20100218,12.44,12.67,12.27,12.33,23973
MTW,20100219,12.19,12.40,12.08,12.25,18700
MTW,20100222,12.36,12.39,12.07,12.11,17269
MTW,20100223,12.07,12.09,11.44,11.46,29055
MTW,20100224,11.49,11.84,11.49,11.58,24200
MTW,20100225,11.37,11.65,11.18,11.53,37960
MTW,20100226,11.56,11.73,11.30,11.66,27984
MTW,20100301,11.68,11.97,11.56,11.96,25371
MTW,20100302,12.07,12.31,12.00,12.25,24848
MTW,20100303,12.32,12.78,12.28,12.29,28443
MTW,20100304,12.27,12.52,12.18,12.45,18500
MTW,20100305,12.61,12.78,12.55,12.71,17052
MTW,20100308,12.68,12.69,12.36,12.41,18471
MTW,20100309,12.35,12.59,12.15,12.50,18242
MTW,20100310,12.53,12.95,12.52,12.65,18231
MTW,20100311,12.60,12.61,12.25,12.48,19805
MTW,20100312,12.71,12.77,12.51,12.68,18784
MTW,20100315,12.55,12.66,12.27,12.54,21923
MTW,20100316,12.58,13.07,12.58,13.04,30444
MTW,20100317,13.12,13.60,13.12,13.20,35562
MTW,20100318,13.24,13.41,13.03,13.06,19523
MTW,20100319,13.03,13.19,12.58,12.77,26450
MTW,20100322,12.56,12.98,12.31,12.92,22355
MTW,20100323,12.97,13.29,12.81,13.25,21781
MTW,20100324,13.18,13.41,13.08,13.28,17207
MTW,20100325,13.38,13.74,13.14,13.16,24023
MTW,20100326,13.21,13.60,13.08,13.13,21492
MTW,20100329,13.27,13.43,13.15,13.28,16782
MTW,20100330,13.26,13.45,13.10,13.20,14632
MTW,20100331,13.18,13.22,13.00,13.00,15530
MTW,20100401,13.05,13.48,13.05,13.38,16333
MTW,20100405,13.47,13.78,13.42,13.78,19949
MTW,20100406,13.74,13.97,13.65,13.96,18824
MTW,20100407,13.89,13.92,13.60,13.74,26214
MTW,20100408,13.65,13.72,13.39,13.60,31455
MTW,20100409,13.65,14.34,13.62,14.33,43530
MTW,20100412,14.40,15.50,14.17,15.49,88262
MTW,20100413,15.40,15.49,14.90,15.08,41710
MTW,20100414,15.19,15.29,14.97,15.13,30537
MTW,20100415,15.03,15.74,15.03,15.52,27981
MTW,20100416,15.37,15.69,15.04,15.29,32692
MTW,20100419,15.15,15.35,14.51,14.82,38616
MTW,20100420,14.90,15.38,14.90,15.23,19601
MTW,20100421,15.22,15.45,15.15,15.45,20306
MTW,20100422,15.05,15.58,14.66,15.54,50235
MTW,20100423,15.54,15.76,15.20,15.63,24169
MTW,20100426,15.90,16.43,15.78,15.96,50852
MTW,20100427,15.95,16.14,14.95,15.13,33632
MTW,20100428,14.34,14.95,13.57,13.66,95103
MTW,20100429,13.91,14.43,13.81,14.37,53881
MTW,20100430,14.49,14.60,13.93,14.01,53933
MTW,20100503,14.02,15.00,14.01,14.93,41073
MTW,20100504,14.62,14.62,14.00,14.05,39313
MTW,20100505,13.72,14.41,13.26,13.82,37521
MTW,20100506,13.60,14.16,11.75,13.14,69581
MTW,20100507,13.18,13.27,12.22,12.39,53425
MTW,20100510,13.28,13.65,13.00,13.64,41325
MTW,20100511,13.20,13.83,13.20,13.52,25252
MTW,20100512,13.66,14.13,13.66,14.08,29065
MTW,20100513,14.02,14.23,13.64,13.69,20411
MTW,20100514,13.48,13.49,12.60,12.78,50322
MTW,20100517,12.92,13.13,12.17,12.67,37990
MTW,20100518,12.90,13.18,12.17,12.24,27459
MTW,20100519,12.05,12.29,11.33,11.76,38444
MTW,20100520,11.24,11.53,10.80,11.07,51410
MTW,20100521,10.80,11.89,10.51,11.58,50924
MTW,20100524,11.49,12.00,11.41,11.44,34728
MTW,20100525,11.10,11.52,10.53,11.46,46005
MTW,20100526,11.84,12.23,11.55,11.58,35895
MTW,20100527,12.16,12.32,11.64,12.31,29996
MTW,20100528,12.32,12.32,11.70,11.93,18170
MTW,20100601,11.74,11.96,11.25,11.27,22442
MTW,20100602,11.48,11.75,11.26,11.75,23967
MTW,20100603,12.00,12.20,11.69,11.95,19872
MTW,20100604,11.60,11.81,11.01,11.07,29736
MTW,20100607,11.01,11.09,10.12,10.15,50475
MTW,20100608,10.12,10.45,9.78,9.94,61717
MTW,20100609,10.05,10.25,9.72,9.82,41559
MTW,20100610,10.18,10.26,9.97,10.25,26726
MTW,20100611,10.09,10.45,9.96,10.38,16289
MTW,20100614,10.60,11.07,10.59,10.82,37239
MTW,20100615,11.01,11.44,10.93,11.43,21388
MTW,20100616,11.27,11.57,11.11,11.37,25064
MTW,20100617,11.55,11.55,10.95,11.00,27073
MTW,20100618,10.98,11.13,10.90,10.97,18242
MTW,20100621,11.33,11.56,10.96,11.05,25429
MTW,20100622,11.12,11.22,10.56,10.61,18964
MTW,20100623,10.58,10.65,10.15,10.32,29691
MTW,20100624,10.14,10.32,9.88,9.89,24520
MTW,20100625,9.88,9.94,9.55,9.85,78483
MTW,20100628,9.90,10.28,9.81,10.03,33438
MTW,20100629,9.75,9.80,9.20,9.32,46381
MTW,20100630,9.27,9.62,9.09,9.14,35321
MTW,20100701,9.06,9.18,8.48,8.80,63762
MTW,20100702,8.82,9.00,8.53,8.64,24298
MTW,20100706,8.98,9.21,8.71,8.83,33048
MTW,20100707,8.88,9.42,8.84,9.42,23079
MTW,20100708,9.50,9.54,9.23,9.46,21271
MTW,20100709,9.41,9.69,9.40,9.64,11983
MTW,20100712,9.56,9.75,9.25,9.44,19721
MTW,20100713,9.61,10.02,9.55,9.94,22919
MTW,20100714,9.92,9.96,9.58,9.74,20441
MTW,20100715,9.68,9.71,9.35,9.53,14628
MTW,20100716,9.40,9.44,8.93,8.99,21005
MTW,20100719,9.03,9.25,8.85,9.18,15751
MTW,20100720,8.97,9.50,8.83,9.47,20790
MTW,20100721,9.59,9.79,9.31,9.38,25127
MTW,20100722,9.58,10.17,9.51,10.17,36520
MTW,20100723,10.17,10.56,9.99,10.51,32872
MTW,20100726,10.56,10.95,10.47,10.90,29933
MTW,20100727,11.04,11.04,10.45,10.53,39026
MTW,20100728,10.96,11.00,10.15,10.32,55950
MTW,20100729,10.45,10.56,9.99,10.27,32928
MTW,20100730,9.99,10.39,9.90,10.36,25020
MTW,20100802,10.67,10.83,10.53,10.72,24693
MTW,20100803,11.00,11.45,10.88,11.28,54864
MTW,20100804,11.37,11.39,11.15,11.26,20718
MTW,20100805,11.17,11.31,10.95,10.95,23966
MTW,20100806,10.75,11.04,10.62,10.77,23501
MTW,20100809,10.87,10.92,10.69,10.84,13137
MTW,20100810,10.60,10.76,10.24,10.38,28314
MTW,20100811,10.00,10.18,9.69,9.72,29950
MTW,20100812,9.41,9.86,9.34,9.68,29951
MTW,20100813,9.70,9.89,9.52,9.56,16763
MTW,20100816,9.41,9.73,9.41,9.65,17057
MTW,20100817,9.76,10.16,9.73,10.06,17297
MTW,20100818,10.04,10.20,9.95,10.05,16444
MTW,20100819,10.02,10.19,9.68,9.74,20604
MTW,20100820,9.70,9.74,9.40,9.70,18382
MTW,20100823,9.80,9.84,9.30,9.34,20651
MTW,20100824,9.11,9.18,8.95,9.00,24630
MTW,20100825,9.00,9.02,8.60,8.98,30308
MTW,20100826,9.07,9.20,8.57,8.61,23524
MTW,20100827,8.75,9.20,8.51,9.15,20398
MTW,20100830,9.11,9.31,8.97,8.99,22723
MTW,20100831,8.96,9.35,8.88,9.16,25740
MTW,20100901,9.36,9.59,9.29,9.50,23912
MTW,20100902,9.59,9.84,9.39,9.83,17317
MTW,20100903,10.00,10.45,9.99,10.40,26774
MTW,20100907,10.19,10.30,9.89,9.91,18918
MTW,20100908,10.01,10.17,9.96,10.15,13725
MTW,20100909,10.41,10.41,9.95,10.09,11728
MTW,20100910,10.02,10.18,10.00,10.07,9332
MTW,20100913,10.24,10.51,10.24,10.51,17169
MTW,20100914,10.53,10.54,10.30,10.34,11902
MTW,20100915,10.24,10.45,10.12,10.41,9725
MTW,20100916,10.28,10.57,10.25,10.53,14495
MTW,20100917,10.53,10.79,10.38,10.78,18546
MTW,20100920,10.83,11.06,10.75,11.00,16601
MTW,20100921,10.99,11.07,10.73,10.85,17495
MTW,20100922,10.75,10.87,10.41,10.50,18012
MTW,20100923,10.28,10.45,10.08,10.09,18000
MTW,20100924,10.27,10.33,10.12,10.27,39256
MTW,20100927,10.26,10.26,10.05,10.05,26928
MTW,20100928,10.05,10.41,9.91,10.39,27856
MTW,20100929,10.32,10.70,10.25,10.66,21882
MTW,20100930,11.55,12.26,11.33,12.11,122930
MTW,20101001,12.04,12.10,11.67,11.88,35929
MTW,20101004,11.71,11.85,11.40,11.51,22849
MTW,20101005,11.87,11.99,11.51,11.80,25141
MTW,20101006,11.79,12.15,11.72,11.93,24553
MTW,20101007,12.02,12.08,11.80,12.07,22094
MTW,20101008,12.11,12.78,12.09,12.42,36948
MTW,20101011,11.93,12.25,11.93,12.11,37732
MTW,20101012,12.00,12.17,11.95,12.02,22458
MTW,20101013,12.02,12.18,11.54,11.57,64273
MTW,20101014,11.50,11.56,11.25,11.37,27703
MTW,20101015,11.46,11.48,11.06,11.25,20814
MTW,20101018,11.18,11.43,11.10,11.19,16259
MTW,20101019,11.03,11.29,10.83,10.90,23649
MTW,20101020,10.91,11.36,10.83,11.31,18637
MTW,20101021,11.34,11.40,10.86,11.06,22903
MTW,20101022,11.00,11.12,10.93,11.00,9742
MTW,20101025,11.13,11.28,10.94,11.02,11423
MTW,20101026,10.95,11.32,10.85,11.20,21327
MTW,20101027,11.10,11.17,10.84,11.09,17510
MTW,20101028,11.17,11.20,10.83,10.92,21539
MTW,20101029,10.61,11.25,10.55,11.14,33644
MTW,20101101,11.00,11.49,10.97,11.36,42635
MTW,20101102,11.43,11.44,11.20,11.27,17778
MTW,20101103,11.35,11.46,11.18,11.40,18890
MTW,20101104,11.54,11.96,11.53,11.96,20008
MTW,20101105,11.92,12.05,11.76,11.87,12958
MTW,20101108,11.78,11.96,11.68,11.89,16048
MTW,20101109,11.94,12.09,11.56,11.64,17148
MTW,20101110,11.61,11.70,11.27,11.66,14659
MTW,20101111,11.50,11.62,11.41,11.59,9926
MTW,20101112,11.44,11.57,11.18,11.18,21580
MTW,20101115,11.75,11.82,11.23,11.27,31192
MTW,20101116,11.20,11.20,10.64,10.67,34966
MTW,20101117,10.71,11.10,10.66,11.09,25431
MTW,20101118,11.29,11.40,11.25,11.26,12988
MTW,20101119,11.21,11.40,11.10,11.39,10399
MTW,20101122,11.30,11.45,11.23,11.43,14160
MTW,20101123,11.25,11.35,11.01,11.01,19467
MTW,20101124,11.15,11.34,11.11,11.33,20244
MTW,20101126,11.21,11.43,11.17,11.39,4973
MTW,20101129,11.28,11.33,11.08,11.11,18120
MTW,20101130,10.99,11.15,10.95,10.98,19580
MTW,20101201,11.08,11.48,11.03,11.37,18234
MTW,20101202,11.40,11.91,11.37,11.87,27688
MTW,20101203,11.70,11.98,11.56,11.93,15458
MTW,20101206,11.84,12.96,11.82,12.65,72265
MTW,20101207,12.95,13.24,12.73,12.74,38002
MTW,20101208,12.78,13.18,12.75,12.87,26218
MTW,20101209,12.97,13.00,12.70,12.81,14189
MTW,20101210,12.85,13.01,12.72,12.94,10083
MTW,20101213,13.02,13.50,12.91,13.36,32023
MTW,20101214,13.32,13.37,13.04,13.09,24618
MTW,20101215,13.10,13.22,12.43,12.43,38636
MTW,20101216,12.43,12.70,12.33,12.55,16258
MTW,20101217,12.62,12.91,12.54,12.91,16864
MTW,20101220,12.95,13.02,12.78,12.88,10767
MTW,20101221,12.96,13.21,12.86,13.21,11423
MTW,20101222,13.18,13.53,13.14,13.35,18143
MTW,20101223,13.28,13.33,13.04,13.15,8548
MTW,20101227,13.01,13.10,12.95,13.09,5696
MTW,20101228,13.03,13.10,12.87,12.95,7434
MTW,20101229,12.97,13.05,12.87,12.88,9299
MTW,20101230,12.86,13.00,12.85,12.88,11436
MTW,20101231,12.87,13.14,12.70,13.11,11701
MTW,20110103,13.19,13.53,13.18,13.49,24580
MTW,20110104,13.54,13.56,13.09,13.30,22500
MTW,20110105,13.17,13.40,13.10,13.32,25834
MTW,20110106,13.38,13.63,13.25,13.39,18884
MTW,20110107,13.40,13.80,13.31,13.75,30241
MTW,20110110,13.68,13.70,13.45,13.60,1702200
MTW,20110111,13.67,14.00,13.56,13.78,2101600
MTW,20110112,13.87,13.90,13.70,13.83,1137400
MTW,20110113,13.84,13.89,13.64,13.69,2255400
MTW,20110114,13.63,13.96,13.54,13.90,2232600
MTW,20110118,13.82,13.99,13.60,13.86,1504700
MTW,20110119,13.88,13.92,13.34,13.36,1724400
MTW,20110120,13.25,13.26,12.80,12.93,2899000
MTW,20110121,13.04,13.43,12.92,13.08,1931800
MTW,20110124,13.14,13.64,13.05,13.29,2492500
MTW,20110125,13.29,13.33,13.10,13.31,1611400
MTW,20110126,13.34,13.84,13.32,13.73,1519000
MTW,20110127,13.78,13.97,13.66,13.86,1763100
MTW,20110128,13.91,14.06,13.37,13.38,2065000
MTW,20110131,13.45,13.65,13.10,13.43,3483300
MTW,20110201,15.85,17.35,15.44,17.11,20577900
MTW,20110202,17.37,18.39,17.32,18.22,11848700
MTW,20110203,18.08,18.65,17.93,18.45,5807500
MTW,20110204,18.55,18.86,18.28,18.66,3533700
MTW,20110207,18.84,19.16,18.74,18.94,4075100
MTW,20110208,18.96,19.04,18.63,18.95,2812900
MTW,20110209,18.81,19.25,18.74,18.97,3491900
MTW,20110210,18.66,19.07,18.52,18.93,3354500
MTW,20110211,18.77,19.39,18.68,19.19,2436800
MTW,20110214,19.76,20.50,19.51,19.78,6090200
MTW,20110215,19.66,20.23,19.38,19.76,3283100
MTW,20110216,20.03,20.81,20.00,20.65,3937100
MTW,20110217,20.61,21.25,20.41,20.57,4637000
MTW,20110218,20.56,20.70,19.62,20.12,4248400
MTW,20110222,19.66,20.04,19.02,19.16,4480900
MTW,20110223,19.10,19.60,18.51,19.09,4253700
MTW,20110224,19.07,19.18,18.73,19.00,3742700
MTW,20110225,19.28,20.02,19.28,20.00,2832600
MTW,20110228,20.11,20.28,19.55,19.81,2408900
MTW,20110301,20.04,20.09,18.94,18.96,2366800
MTW,20110302,18.97,19.35,18.80,18.95,2482600
MTW,20110303,19.29,20.09,19.27,19.93,4002800
MTW,20110304,19.90,19.99,19.17,19.42,2459300
MTW,20110307,19.56,19.75,18.91,19.34,2666200
MTW,20110308,19.29,19.59,19.01,19.46,1686100
MTW,20110309,19.38,19.59,19.17,19.33,1443900
MTW,20110310,18.93,19.00,18.10,18.12,3688000
MTW,20110311,18.05,18.89,17.35,18.59,3322000
MTW,20110314,18.59,18.95,18.36,18.89,2023100
MTW,20110315,17.91,18.95,17.83,18.79,2527800
MTW,20110316,18.70,19.65,18.55,18.83,3496700
MTW,20110317,19.41,19.95,19.18,19.81,3101000
MTW,20110318,20.29,20.71,19.96,20.00,4856700
MTW,20110321,20.66,21.03,20.27,20.93,4053000
MTW,20110322,20.98,20.99,20.55,20.69,2334900
MTW,20110323,20.63,21.69,20.25,21.25,4878500
MTW,20110324,21.58,21.66,20.72,21.37,3270700
MTW,20110325,21.40,21.66,21.11,21.14,2440900
MTW,20110328,21.23,21.38,20.82,20.82,1853000
MTW,20110329,20.93,21.50,20.62,21.49,2124400
MTW,20110330,21.84,21.94,21.47,21.94,2520500
MTW,20110331,22.05,22.12,21.66,21.88,2288300
MTW,20110401,22.14,22.48,21.53,21.62,4022100
MTW,20110404,21.80,22.17,21.47,22.17,2505700
MTW,20110405,22.15,23.00,22.11,22.79,4815200
MTW,20110406,23.06,23.13,22.02,22.48,2510000
MTW,20110407,22.46,22.63,21.82,22.11,2583700
MTW,20110408,22.24,22.45,21.41,21.60,2381000
MTW,20110411,21.60,21.76,21.10,21.27,1899200
MTW,20110412,21.00,21.07,20.49,20.80,2291900
MTW,20110413,21.00,21.21,20.55,20.89,1345300
MTW,20110414,20.78,21.38,20.61,21.34,2348400
MTW,20110415,21.41,21.55,21.02,21.11,1768000
MTW,20110418,20.55,20.90,19.99,20.70,3308900
MTW,20110419,20.87,21.09,20.74,20.97,2308300
MTW,20110420,21.63,21.63,20.72,20.98,2065600
MTW,20110421,21.27,22.69,21.26,22.64,4031900
MTW,20110425,22.79,22.85,22.23,22.61,1693900
MTW,20110426,22.68,23.23,22.61,22.88,2218100
