NG,20090115,1.35,1.48,1.26,1.47,22462
NG,20090116,1.71,1.99,1.47,1.84,34606
NG,20090120,1.82,2.00,1.41,1.68,65044
NG,20090121,1.64,1.85,1.53,1.81,32440
NG,20090122,1.75,1.92,1.69,1.90,33806
NG,20090123,1.99,2.32,1.95,2.24,51102
NG,20090126,2.45,2.75,2.40,2.66,59206
NG,20090127,2.60,2.70,2.40,2.61,26640
NG,20090128,2.55,2.95,2.55,2.93,45079
NG,20090129,2.90,3.60,2.73,3.45,91535
NG,20090130,3.61,3.83,3.30,3.50,71003
NG,20090202,3.38,3.46,2.87,3.29,47524
NG,20090203,3.36,3.63,3.30,3.51,43546
NG,20090204,3.52,3.74,3.50,3.61,29241
NG,20090205,3.79,3.79,3.60,3.70,26221
NG,20090206,3.68,3.72,3.47,3.57,27564
NG,20090209,3.40,3.50,3.30,3.41,16652
NG,20090210,3.61,3.72,3.27,3.35,22552
NG,20090211,3.60,3.60,3.36,3.52,20314
NG,20090212,3.50,3.52,3.36,3.45,12717
NG,20090213,3.42,3.65,3.34,3.64,18833
NG,20090217,3.80,3.87,3.65,3.66,23843
NG,20090218,3.70,3.75,3.40,3.62,17220
NG,20090219,3.56,3.64,2.97,2.97,30870
NG,20090220,3.24,3.45,3.02,3.18,32665
NG,20090223,3.19,3.20,2.95,3.01,16572
NG,20090224,2.98,2.98,2.36,2.69,41619
NG,20090225,2.57,2.90,2.55,2.80,32593
NG,20090226,2.86,3.10,2.77,2.93,29972
NG,20090227,2.97,3.14,2.80,2.86,21633
NG,20090302,2.93,2.95,2.52,2.54,21494
NG,20090303,2.54,2.74,2.45,2.60,16723
NG,20090304,2.65,2.75,2.54,2.58,12913
NG,20090305,2.64,2.93,2.59,2.82,22766
NG,20090306,2.89,2.98,2.64,2.70,19787
NG,20090309,2.77,2.79,2.38,2.54,14546
NG,20090310,2.54,2.54,2.35,2.43,13281
NG,20090311,2.46,2.62,2.38,2.60,15906
NG,20090312,2.50,2.65,2.48,2.48,15442
NG,20090313,2.60,2.61,2.40,2.46,10266
NG,20090316,2.45,2.47,2.32,2.40,11141
NG,20090317,2.44,2.44,2.17,2.25,13454
NG,20090318,2.27,2.57,2.11,2.51,26160
NG,20090319,2.76,2.81,2.54,2.58,39086
NG,20090320,2.60,2.60,2.36,2.36,17025
NG,20090323,2.36,2.49,2.32,2.32,25486
NG,20090324,2.27,2.58,2.17,2.55,27154
NG,20090325,2.64,2.75,2.47,2.67,24079
NG,20090326,2.77,2.77,2.52,2.52,17245
NG,20090327,2.50,2.69,2.50,2.68,12213
NG,20090330,2.59,2.80,2.55,2.74,22222
NG,20090331,2.83,2.86,2.68,2.80,12633
NG,20090401,2.88,2.95,2.81,2.94,13587
NG,20090402,2.90,3.02,2.77,3.00,17310
NG,20090403,2.99,2.99,2.83,2.92,15013
NG,20090406,2.79,2.88,2.62,2.79,15698
NG,20090407,2.94,2.94,2.79,2.81,9918
NG,20090408,2.89,2.92,2.77,2.80,7989
NG,20090409,2.81,2.88,2.73,2.77,8989
NG,20090413,2.80,2.87,2.78,2.83,6980
NG,20090414,2.73,2.84,2.70,2.73,5811
NG,20090415,2.72,2.72,2.55,2.60,11910
NG,20090416,2.54,2.60,2.40,2.44,11396
NG,20090417,2.45,2.45,2.29,2.34,11122
NG,20090420,2.36,2.47,2.21,2.23,15694
NG,20090421,2.23,2.35,2.15,2.35,13164
NG,20090422,2.35,2.46,2.24,2.31,15698
NG,20090423,2.35,2.60,2.33,2.49,15382
NG,20090424,2.57,2.74,2.49,2.65,17940
NG,20090427,2.59,2.78,2.59,2.67,18625
NG,20090428,2.54,2.72,2.50,2.70,13132
NG,20090429,2.80,2.80,2.71,2.74,8670
NG,20090430,2.68,2.74,2.62,2.73,10716
NG,20090501,2.66,2.80,2.66,2.77,8658
NG,20090504,2.73,2.89,2.73,2.83,15391
NG,20090505,2.89,2.89,2.75,2.82,9700
NG,20090506,2.82,2.88,2.81,2.82,7568
NG,20090507,2.83,2.92,2.80,2.80,13064
NG,20090508,2.82,2.98,2.81,2.95,10413
NG,20090511,2.92,3.09,2.90,3.09,9943
NG,20090512,3.10,3.54,3.05,3.54,34891
NG,20090513,3.47,3.58,3.25,3.35,25705
NG,20090514,3.39,3.43,3.20,3.36,13409
NG,20090515,3.26,3.76,3.26,3.64,29373
NG,20090518,3.76,3.76,3.41,3.62,13390
NG,20090519,3.61,3.89,3.61,3.86,17890
NG,20090520,3.90,4.20,3.90,4.06,23565
NG,20090521,4.11,4.24,3.81,4.11,23629
NG,20090522,4.17,4.26,4.02,4.04,10712
NG,20090526,3.95,4.29,3.73,4.29,21726
NG,20090527,4.34,4.51,4.15,4.42,21137
NG,20090528,4.50,4.72,4.40,4.70,21544
NG,20090529,4.95,5.30,4.86,5.13,44236
NG,20090601,5.25,5.57,5.13,5.28,31337
NG,20090602,5.47,5.97,5.26,5.78,40098
NG,20090603,5.69,5.71,4.71,5.01,54642
NG,20090604,5.24,5.54,5.13,5.47,30968
NG,20090605,5.11,5.34,4.92,5.16,27206
NG,20090608,4.86,5.06,4.72,5.05,25009
NG,20090609,5.24,5.25,4.99,5.00,14790
NG,20090610,5.14,5.14,4.60,4.66,31361
NG,20090611,4.55,4.82,4.41,4.73,37733
NG,20090612,4.68,4.83,4.41,4.63,17883
NG,20090615,4.75,5.07,4.50,4.76,50219
NG,20090616,5.03,5.21,4.81,5.14,34311
NG,20090617,5.10,5.14,4.70,4.91,31173
NG,20090618,4.88,4.91,4.51,4.56,19873
NG,20090619,4.58,4.78,4.52,4.63,21168
NG,20090622,4.45,4.50,4.09,4.10,22892
NG,20090623,4.10,4.34,3.85,4.25,23816
NG,20090624,4.67,4.72,4.42,4.50,22663
NG,20090625,4.57,4.85,4.55,4.78,12823
NG,20090626,4.81,4.88,4.55,4.60,16823
NG,20090629,4.61,4.68,4.46,4.50,9245
NG,20090630,4.39,4.52,4.28,4.28,11891
NG,20090701,4.37,4.66,4.34,4.45,15642
NG,20090702,4.31,4.47,4.21,4.42,7063
NG,20090706,4.21,4.27,4.06,4.19,15172
NG,20090707,4.19,4.25,4.08,4.15,12118
NG,20090708,4.07,4.12,3.75,3.82,26533
NG,20090709,3.86,4.05,3.66,3.68,25954
NG,20090710,3.65,3.87,3.54,3.66,16341
NG,20090713,3.67,4.08,3.56,4.08,18344
NG,20090714,4.22,4.41,4.15,4.17,16094
NG,20090715,4.53,4.55,4.19,4.21,22212
NG,20090716,4.17,4.23,4.00,4.20,10939
NG,20090717,4.22,4.26,4.05,4.06,6407
NG,20090720,4.25,4.44,4.17,4.33,16983
NG,20090721,4.35,4.49,4.12,4.18,20818
NG,20090722,4.07,4.30,4.03,4.12,16710
NG,20090723,4.18,4.19,4.01,4.09,14929
NG,20090724,4.12,4.25,4.05,4.18,10600
NG,20090727,4.27,4.29,4.08,4.11,11253
NG,20090728,4.05,4.05,3.83,3.88,14687
NG,20090729,3.94,3.94,3.70,3.81,11609
NG,20090730,3.90,4.00,3.85,3.86,15094
NG,20090731,3.88,4.14,3.86,4.07,16852
NG,20090803,4.24,4.25,4.02,4.09,16013
NG,20090804,4.05,4.28,4.05,4.28,17187
NG,20090805,4.28,4.28,4.00,4.01,16343
NG,20090806,4.08,4.14,3.78,3.87,19022
NG,20090807,3.90,3.93,3.77,3.82,10440
NG,20090810,3.69,3.77,3.62,3.73,17090
NG,20090811,3.65,3.74,3.63,3.65,16462
NG,20090812,3.64,3.79,3.64,3.72,12209
NG,20090813,3.85,3.93,3.78,3.93,15380
NG,20090814,3.89,3.90,3.70,3.77,28478
NG,20090817,3.57,3.63,3.44,3.59,37461
NG,20090818,3.58,3.60,3.39,3.45,17721
NG,20090819,3.50,3.57,3.33,3.52,13094
NG,20090820,3.49,3.65,3.48,3.62,13126
NG,20090821,3.83,3.83,3.65,3.66,10235
NG,20090824,3.76,3.76,3.46,3.47,14025
NG,20090825,3.61,3.61,3.50,3.58,8709
NG,20090826,3.63,3.63,3.52,3.57,6877
NG,20090827,3.56,3.84,3.50,3.73,17020
NG,20090828,3.87,3.95,3.81,3.91,18595
NG,20090831,3.86,3.91,3.63,3.89,15026
NG,20090901,3.79,3.98,3.68,3.73,11823
NG,20090902,3.80,4.62,3.76,4.62,63340
NG,20090903,4.69,4.85,4.20,4.42,77818
NG,20090904,4.42,4.65,4.21,4.57,23246
NG,20090908,4.83,4.94,4.50,4.56,38952
NG,20090909,4.76,4.76,4.30,4.44,26623
NG,20090910,4.32,4.74,4.32,4.68,20948
NG,20090911,4.85,5.24,4.85,5.21,84478
NG,20090914,5.05,5.16,4.98,5.14,30060
NG,20090915,5.12,5.41,5.02,5.30,28882
NG,20090916,5.50,5.74,5.46,5.62,38291
NG,20090917,5.60,5.68,5.14,5.35,38863
NG,20090918,5.27,5.42,4.83,5.11,35238
NG,20090921,4.88,5.19,4.67,5.15,60637
NG,20090922,5.40,5.42,5.25,5.28,33788
NG,20090923,5.41,5.41,5.03,5.08,25613
NG,20090924,5.20,5.23,4.81,4.90,29026
NG,20090925,4.80,4.94,4.66,4.83,18000
NG,20090928,4.71,5.03,4.71,4.77,16960
NG,20090929,4.83,5.02,4.83,4.99,19610
NG,20090930,5.06,5.22,4.87,5.12,27949
NG,20091001,5.04,5.14,4.74,4.88,25417
NG,20091002,4.71,5.02,4.66,4.85,22478
NG,20091005,4.78,5.17,4.78,5.10,24076
NG,20091006,5.35,5.53,5.25,5.40,51039
NG,20091007,5.41,5.54,5.32,5.47,25420
NG,20091008,5.50,5.70,5.42,5.51,33243
NG,20091009,5.42,5.54,5.31,5.49,21052
NG,20091012,5.60,5.77,5.51,5.61,24982
NG,20091013,5.78,6.15,5.66,6.02,53602
NG,20091014,6.10,6.11,5.61,5.74,60507
NG,20091015,5.54,5.62,5.42,5.55,32364
NG,20091016,5.55,5.69,5.40,5.66,22948
NG,20091019,5.74,5.74,5.53,5.56,27086
NG,20091020,5.61,5.61,5.20,5.30,24318
NG,20091021,5.28,5.50,5.25,5.28,25312
NG,20091022,5.26,5.30,5.02,5.05,28760
NG,20091023,5.18,5.23,4.95,4.97,22481
NG,20091026,4.91,5.06,4.47,4.58,40895
NG,20091027,4.60,4.61,4.40,4.55,18923
NG,20091028,4.40,4.56,4.09,4.13,32915
NG,20091029,4.23,4.62,4.23,4.58,27798
NG,20091030,4.42,4.56,4.13,4.30,33439
NG,20091102,4.48,4.74,4.22,4.39,31992
NG,20091103,4.31,4.97,4.31,4.97,42411
NG,20091104,5.20,5.28,4.91,5.09,45868
NG,20091105,5.12,5.14,4.92,4.98,17038
NG,20091106,5.02,5.30,4.99,5.18,29904
NG,20091109,5.39,5.47,5.29,5.36,32707
NG,20091110,5.26,5.42,5.13,5.24,22318
NG,20091111,5.45,5.52,5.30,5.37,19400
NG,20091112,5.34,5.35,5.08,5.20,23971
NG,20091113,5.20,5.38,5.11,5.27,18160
NG,20091116,5.40,5.47,5.31,5.43,33444
NG,20091117,5.31,5.51,5.30,5.48,18337
NG,20091118,5.53,5.63,5.29,5.36,33573
NG,20091119,5.30,5.40,5.03,5.33,26705
NG,20091120,5.30,5.30,5.10,5.27,16241
NG,20091123,5.47,5.51,5.18,5.30,27573
NG,20091124,5.30,5.52,5.28,5.46,30325
NG,20091125,5.58,5.90,5.54,5.84,41375
NG,20091127,5.33,5.68,5.28,5.48,29997
NG,20091130,5.48,5.77,5.47,5.59,26386
NG,20091201,5.81,6.00,5.74,5.97,40511
NG,20091202,6.16,6.58,6.05,6.50,70807
NG,20091203,6.60,6.81,6.20,6.35,59328
NG,20091204,6.13,6.20,5.90,6.10,61273
NG,20091207,5.75,6.02,5.51,5.78,47624
NG,20091208,5.74,5.74,5.35,5.45,34542
NG,20091209,5.50,5.79,5.45,5.70,35100
NG,20091210,5.75,5.82,5.51,5.60,26456
NG,20091211,5.65,5.68,5.41,5.51,24370
NG,20091214,5.49,5.60,5.30,5.45,27560
NG,20091215,5.43,5.53,5.35,5.36,21350
NG,20091216,5.47,5.55,5.41,5.46,18852
NG,20091217,5.33,5.33,5.04,5.07,32524
NG,20091218,5.16,5.41,5.04,5.13,45116
NG,20091221,5.34,5.39,5.17,5.29,31189
NG,20091222,5.27,5.72,5.25,5.71,38971
NG,20091223,5.74,6.76,5.71,6.58,115026
NG,20091224,6.69,6.78,6.39,6.49,33506
NG,20091228,6.56,6.56,6.16,6.21,27620
NG,20091229,6.24,6.30,6.06,6.10,17703
NG,20091230,6.01,6.03,5.83,5.89,23079
NG,20091231,6.00,6.13,5.92,6.13,24246
NG,20100104,6.32,6.41,6.20,6.32,32561
NG,20100105,6.48,6.48,6.22,6.38,31696
NG,20100106,6.45,6.70,6.35,6.58,26882
NG,20100107,6.60,6.66,6.38,6.56,17348
NG,20100108,6.60,6.70,6.46,6.65,18743
NG,20100111,6.79,6.98,6.76,6.85,31737
NG,20100112,6.77,6.85,6.38,6.45,27507
NG,20100113,6.50,6.56,6.02,6.54,32344
NG,20100114,6.55,6.64,6.29,6.49,21275
NG,20100115,6.46,6.46,6.24,6.27,17002
NG,20100119,6.28,6.48,6.28,6.41,14652
NG,20100120,6.21,6.30,6.10,6.12,23897
NG,20100121,6.06,6.19,5.62,5.63,55836
NG,20100122,5.57,5.80,5.48,5.65,45439
NG,20100125,5.73,5.85,5.67,5.76,30469
NG,20100126,5.63,6.09,5.58,5.97,31481
NG,20100127,5.91,6.03,5.57,5.67,23637
NG,20100128,5.75,5.82,5.30,5.44,30265
NG,20100129,5.40,5.56,5.20,5.26,25275
NG,20100201,5.30,5.69,5.24,5.66,23225
NG,20100202,5.86,5.93,5.72,5.76,21538
NG,20100203,5.79,5.94,5.70,5.79,17896
NG,20100204,5.65,5.65,5.23,5.28,30526
NG,20100205,5.09,5.60,4.96,5.59,46533
NG,20100208,5.58,5.78,5.42,5.59,25253
NG,20100209,5.73,6.05,5.73,5.90,38505
NG,20100210,5.87,5.95,5.61,5.73,25489
NG,20100211,5.80,6.10,5.70,6.10,24847
NG,20100212,5.89,6.20,5.78,6.05,22433
NG,20100216,6.28,6.30,6.03,6.06,31591
NG,20100217,5.99,6.17,5.96,5.99,23474
NG,20100218,6.01,6.09,5.77,5.87,24860
NG,20100219,5.82,5.97,5.72,5.84,28370
NG,20100222,5.91,5.98,5.82,5.89,16261
NG,20100223,5.80,5.86,5.61,5.72,25405
NG,20100224,5.66,5.80,5.53,5.57,21455
NG,20100225,5.36,5.70,5.29,5.69,32972
NG,20100226,5.73,5.89,5.62,5.82,14933
NG,20100301,5.79,6.05,5.78,6.04,26923
NG,20100302,6.09,6.17,5.89,5.94,22419
NG,20100303,6.07,6.18,6.00,6.09,21893
NG,20100304,6.08,6.14,6.01,6.14,16522
NG,20100305,5.99,6.38,5.98,6.35,38783
NG,20100308,6.37,6.50,6.29,6.30,22815
NG,20100309,6.33,6.90,6.17,6.88,55078
NG,20100310,6.89,7.09,6.74,6.89,53404
NG,20100311,6.97,7.53,6.80,7.23,70950
NG,20100312,7.37,7.42,7.22,7.23,23256
NG,20100315,7.23,7.25,7.04,7.14,20161
NG,20100316,7.29,7.50,7.23,7.50,24261
NG,20100317,7.47,7.62,7.47,7.54,18418
NG,20100318,7.55,7.65,7.36,7.45,23489
NG,20100319,7.50,7.50,7.20,7.38,31298
NG,20100322,7.21,7.65,7.20,7.60,21629
NG,20100323,7.64,7.83,7.51,7.76,28528
NG,20100324,7.64,7.64,7.34,7.35,24797
NG,20100325,7.47,7.55,7.15,7.18,24921
NG,20100326,7.17,7.31,6.92,7.20,34945
NG,20100329,7.26,7.40,7.22,7.33,18999
NG,20100330,7.36,7.36,7.12,7.14,12860
NG,20100331,7.25,7.25,7.06,7.14,16143
NG,20100401,7.24,7.61,7.20,7.61,24574
NG,20100405,7.66,7.70,7.51,7.57,16485
NG,20100406,7.66,7.66,7.54,7.60,11116
NG,20100407,7.55,7.85,7.55,7.76,31335
NG,20100408,7.88,7.88,7.60,7.77,18080
NG,20100409,7.86,7.90,7.75,7.79,20940
NG,20100412,7.80,7.87,7.61,7.69,13945
NG,20100413,7.74,7.85,7.59,7.75,17474
NG,20100414,7.86,7.89,7.69,7.78,14076
NG,20100415,7.77,7.94,7.70,7.76,11946
NG,20100416,7.72,7.72,7.30,7.50,30263
NG,20100419,7.46,7.57,7.30,7.37,20863
NG,20100420,7.52,7.58,7.39,7.44,13111
NG,20100421,7.42,7.54,7.31,7.49,13336
NG,20100422,7.36,7.78,7.36,7.58,23289
NG,20100423,7.62,8.10,7.56,8.07,41335
NG,20100426,8.12,8.12,7.75,7.80,26549
NG,20100427,7.68,8.19,7.61,8.14,33817
NG,20100428,8.20,8.77,8.20,8.61,50485
NG,20100429,8.78,8.98,8.60,8.85,35924
NG,20100430,8.93,9.18,8.68,8.85,40922
NG,20100503,8.91,9.11,8.69,8.99,28953
NG,20100504,8.96,9.02,8.15,8.48,41937
NG,20100505,8.26,8.26,7.68,7.99,67833
NG,20100506,7.84,8.42,7.43,7.99,65542
NG,20100507,8.14,8.17,7.56,7.69,40659
NG,20100510,7.83,8.34,7.78,8.34,34961
NG,20100511,8.63,8.81,8.45,8.73,48695
NG,20100512,8.97,9.05,8.56,8.69,45175
NG,20100513,8.68,8.83,8.35,8.49,29493
NG,20100514,8.56,8.62,7.86,8.37,32123
NG,20100517,8.26,8.36,7.86,8.03,19454
NG,20100518,8.02,8.21,7.76,7.99,30760
NG,20100519,7.78,7.81,7.01,7.23,58026
NG,20100520,6.95,7.05,6.54,6.60,74573
NG,20100521,6.40,6.99,6.11,6.72,45957
NG,20100524,6.96,7.21,6.94,6.98,29098
NG,20100525,6.67,7.28,6.66,7.26,31604
NG,20100526,7.50,7.66,7.01,7.02,30612
NG,20100527,7.14,7.40,7.14,7.36,21636
NG,20100528,7.35,7.46,7.12,7.17,13774
NG,20100601,7.27,7.37,7.01,7.02,17967
NG,20100602,7.07,7.23,6.86,7.21,20958
NG,20100603,7.15,7.23,6.76,7.01,30059
NG,20100604,6.91,7.06,6.76,6.76,19974
NG,20100607,6.74,7.10,6.63,6.94,25934
NG,20100608,7.05,7.28,6.96,7.22,33583
NG,20100609,7.21,7.24,6.93,7.04,16641
NG,20100610,6.96,7.10,6.86,7.02,18313
NG,20100611,7.02,7.15,6.85,6.90,19885
NG,20100614,6.87,6.98,6.80,6.83,13709
NG,20100615,6.83,7.03,6.74,6.99,25546
NG,20100616,6.98,7.02,6.82,6.82,24119
NG,20100617,6.96,7.04,6.85,6.91,27793
NG,20100618,7.08,7.52,7.02,7.36,79582
NG,20100621,7.45,7.51,7.08,7.08,26479
NG,20100622,7.28,7.36,7.09,7.14,19301
NG,20100623,7.04,7.32,6.98,7.25,18107
NG,20100624,7.21,7.33,7.12,7.25,18971
NG,20100625,7.38,7.47,7.26,7.37,25922
NG,20100628,7.42,7.79,7.39,7.47,35878
NG,20100629,7.41,7.42,7.00,7.09,24030
NG,20100630,7.14,7.14,6.82,6.98,31452
NG,20100701,6.83,6.84,6.01,6.26,67828
NG,20100702,6.47,6.63,6.32,6.42,21761
NG,20100706,6.49,6.49,6.09,6.15,27453
NG,20100707,6.12,6.43,6.10,6.41,19728
NG,20100708,6.46,6.53,6.24,6.28,22301
NG,20100709,6.32,6.58,6.32,6.49,20048
NG,20100712,6.53,6.57,6.32,6.40,12001
NG,20100713,6.60,6.63,6.44,6.52,15940
NG,20100714,6.48,6.67,6.30,6.64,29238
NG,20100715,6.74,6.79,6.43,6.54,14727
NG,20100716,6.44,6.49,6.23,6.48,21200
NG,20100719,6.37,6.41,6.01,6.22,29359
NG,20100720,6.19,6.44,6.12,6.44,24823
NG,20100721,6.41,6.48,6.26,6.39,16611
NG,20100722,6.34,6.50,6.25,6.33,20363
NG,20100723,6.31,6.43,6.27,6.42,15873
NG,20100726,6.41,6.45,6.21,6.21,13641
NG,20100727,6.18,6.19,5.89,5.89,31841
NG,20100728,5.90,6.10,5.81,6.09,16841
NG,20100729,6.12,6.17,5.98,5.98,16885
NG,20100730,6.07,6.19,5.98,6.19,14067
NG,20100802,6.25,6.29,6.09,6.16,10318
NG,20100803,6.22,6.30,6.17,6.25,14380
NG,20100804,6.37,6.50,6.33,6.43,20923
NG,20100805,6.43,6.56,6.35,6.40,19776
NG,20100806,6.47,6.57,6.41,6.46,11661
NG,20100809,6.49,6.59,6.41,6.58,10873
NG,20100810,6.49,6.59,6.34,6.50,13769
NG,20100811,6.44,6.48,6.31,6.35,20209
NG,20100812,6.44,6.75,6.43,6.71,19211
NG,20100813,6.77,6.80,6.54,6.57,10354
NG,20100816,6.68,6.76,6.57,6.75,10804
NG,20100817,6.83,6.85,6.75,6.80,17748
NG,20100818,6.61,6.88,6.60,6.85,14700
NG,20100819,6.76,6.95,6.76,6.82,14921
NG,20100820,6.63,6.89,6.52,6.79,13484
NG,20100823,6.76,6.78,6.56,6.58,8124
NG,20100824,6.38,6.59,6.30,6.41,13510
NG,20100825,6.48,6.64,6.38,6.63,14412
NG,20100826,6.67,6.77,6.62,6.64,13702
NG,20100827,6.73,7.12,6.67,7.11,30012
NG,20100830,7.15,7.25,7.03,7.07,23585
NG,20100831,7.11,7.44,7.08,7.43,50712
NG,20100901,7.56,7.59,7.23,7.28,26422
NG,20100902,7.29,7.40,7.20,7.31,20484
NG,20100903,7.20,7.46,7.10,7.43,16267
NG,20100907,7.55,7.74,7.48,7.63,21325
NG,20100908,7.75,7.79,7.58,7.58,18536
NG,20100909,7.55,7.67,7.36,7.47,21690
NG,20100910,7.40,7.73,7.36,7.65,15671
NG,20100913,7.74,8.16,7.60,8.03,42057
NG,20100914,8.19,8.65,8.15,8.56,47702
NG,20100915,8.43,8.62,8.38,8.56,37946
NG,20100916,8.69,8.89,8.63,8.82,36632
NG,20100917,8.86,8.94,8.66,8.72,62111
NG,20100920,8.82,8.88,8.55,8.62,34682
NG,20100921,8.53,8.68,8.25,8.55,34293
NG,20100922,8.79,8.82,8.56,8.63,20858
NG,20100923,8.56,8.85,8.49,8.68,16398
NG,20100924,8.70,8.85,8.68,8.69,17472
NG,20100927,8.70,8.79,8.61,8.62,12890
NG,20100928,8.59,9.00,8.38,9.00,27791
NG,20100929,9.05,9.20,8.92,8.94,21979
NG,20100930,9.07,9.14,8.41,8.74,38682
NG,20101001,8.90,8.90,8.66,8.89,20983
NG,20101004,8.80,8.81,8.62,8.70,17195
NG,20101005,8.90,9.33,8.89,9.18,37658
NG,20101006,9.32,9.76,9.28,9.54,36561
NG,20101007,9.63,9.74,9.03,9.16,36588
NG,20101008,9.19,9.32,9.08,9.25,27929
NG,20101011,9.16,9.45,9.06,9.45,19231
NG,20101012,9.39,9.46,9.12,9.22,21370
NG,20101013,9.42,9.65,9.40,9.59,27467
NG,20101014,9.67,9.87,9.51,9.56,23005
NG,20101015,9.60,9.71,9.36,9.47,25698
NG,20101018,9.40,9.42,9.16,9.31,21157
NG,20101019,8.94,8.95,8.57,8.61,40312
NG,20101020,8.79,9.21,8.74,9.18,24847
NG,20101021,9.15,9.27,8.80,9.01,29556
NG,20101022,9.00,9.62,8.92,9.57,27828
NG,20101025,9.83,10.19,9.77,10.10,47009
NG,20101026,10.00,10.13,9.80,9.94,25346
NG,20101027,9.80,9.90,9.52,9.86,23628
NG,20101028,10.03,10.67,9.78,10.62,56656
NG,20101029,10.78,11.29,10.68,11.22,68926
NG,20101101,11.44,11.69,11.20,11.62,80856
NG,20101102,11.89,12.10,11.66,11.91,58006
NG,20101103,11.98,12.19,11.55,12.18,79024
NG,20101104,12.75,12.99,12.61,12.88,87808
NG,20101105,12.88,13.48,12.86,13.36,68343
NG,20101108,13.70,14.73,13.51,14.60,84234
NG,20101109,15.20,15.42,13.75,14.27,208664
NG,20101110,14.34,14.67,13.56,14.59,96619
NG,20101111,14.82,15.29,14.50,15.05,87218
NG,20101112,15.19,15.19,14.20,14.66,103828
NG,20101115,14.57,14.75,14.12,14.18,52928
NG,20101116,13.85,13.85,13.10,13.47,123950
NG,20101117,13.55,14.53,13.41,14.40,102311
NG,20101118,15.00,15.00,14.33,14.36,62883
NG,20101119,14.14,14.66,14.02,14.60,42690
NG,20101122,14.56,14.78,14.41,14.65,51294
NG,20101123,14.48,14.67,14.29,14.58,33263
NG,20101124,14.54,14.60,14.32,14.33,30912
NG,20101126,14.00,14.32,13.77,14.25,19587
NG,20101129,14.17,14.25,13.90,14.10,39215
NG,20101130,14.22,14.80,14.11,14.39,53415
NG,20101201,14.68,14.75,14.33,14.58,40541
NG,20101202,14.64,14.76,14.47,14.48,43827
NG,20101203,14.60,14.95,14.60,14.92,55676
NG,20101206,15.02,16.37,14.93,16.19,90768
NG,20101207,16.90,16.90,15.84,16.02,92059
NG,20101208,15.65,15.80,14.96,15.36,76619
NG,20101209,15.52,15.76,15.15,15.25,42848
NG,20101210,15.12,15.27,14.68,15.10,45246
NG,20101213,15.54,15.61,14.77,14.79,70469
NG,20101214,14.82,14.90,14.28,14.45,67833
NG,20101215,14.13,14.37,13.83,13.94,118390
NG,20101216,13.80,13.82,13.15,13.52,91596
NG,20101217,13.69,14.22,13.42,14.22,125061
NG,20101220,14.25,14.75,13.97,14.58,57011
NG,20101221,14.65,14.70,14.22,14.57,43503
NG,20101222,14.50,14.53,14.05,14.05,33996
NG,20101223,13.92,14.40,13.85,14.20,26735
NG,20101227,14.35,14.38,14.04,14.24,17397
NG,20101228,14.55,14.84,14.40,14.50,37670
NG,20101229,14.54,14.62,14.28,14.35,25755
NG,20101230,14.38,14.48,14.26,14.38,21593
NG,20101231,14.36,14.47,14.19,14.27,20425
NG,20110103,14.25,14.32,13.80,14.10,50743
NG,20110104,13.75,13.88,12.80,13.42,108090
NG,20110105,13.25,13.75,13.00,13.62,72046
NG,20110106,13.60,13.62,13.06,13.06,54852
NG,20110107,13.00,13.29,13.00,13.16,45227
NG,20110110,13.15,13.42,13.01,13.38,2739700
NG,20110111,13.57,13.73,13.50,13.70,3734800
NG,20110112,14.00,14.50,13.90,14.14,8182000
NG,20110113,14.40,14.40,13.80,13.95,6718000
NG,20110114,13.80,13.86,13.55,13.63,6319200
NG,20110118,13.82,14.06,13.75,14.03,3550400
NG,20110119,14.14,14.24,13.75,13.80,4381900
NG,20110120,13.52,13.62,13.25,13.46,5693700
NG,20110121,13.41,13.51,12.85,12.93,7027100
NG,20110124,12.99,13.51,12.94,13.13,5916400
NG,20110125,13.03,13.10,12.61,12.88,5566400
NG,20110126,12.82,13.84,12.76,13.78,6293800
NG,20110127,13.87,13.87,13.11,13.20,4360600
NG,20110128,13.15,14.00,13.10,13.67,6220400
NG,20110131,13.79,13.83,13.25,13.29,4866300
NG,20110201,13.45,13.84,13.35,13.71,4435500
NG,20110202,13.70,13.83,13.47,13.62,2656600
NG,20110203,13.71,14.68,13.68,14.65,8329800
NG,20110204,14.75,15.14,14.67,14.73,6887300
NG,20110207,14.92,15.00,14.56,14.61,4301000
NG,20110208,14.90,14.90,14.61,14.80,5480400
NG,20110209,14.83,14.86,14.14,14.29,4428600
NG,20110210,14.11,14.50,13.92,14.50,3774000
NG,20110211,14.52,14.67,14.19,14.37,3862400
NG,20110214,14.40,14.61,14.35,14.39,3085800
NG,20110215,14.68,14.73,14.50,14.65,3054300
NG,20110216,14.75,14.75,14.39,14.66,2981400
NG,20110217,14.61,14.73,14.59,14.65,2682900
NG,20110218,14.57,14.85,14.33,14.40,4219400
NG,20110222,14.69,14.72,14.05,14.12,4091200
NG,20110223,14.07,14.30,13.53,13.78,5587700
NG,20110224,13.88,13.99,13.13,13.16,5054600
NG,20110225,13.22,13.89,13.20,13.81,3371300
NG,20110228,13.86,13.91,13.40,13.69,2436100
NG,20110301,13.80,14.38,13.75,14.35,4926500
NG,20110302,14.36,14.65,14.14,14.26,3991500
NG,20110303,14.08,14.08,13.55,13.85,6239400
NG,20110304,13.89,14.28,13.88,14.17,4899200
NG,20110307,14.45,14.45,13.71,13.91,4682900
NG,20110308,13.76,13.83,13.42,13.45,3854700
NG,20110309,13.47,13.57,13.11,13.21,3957800
NG,20110310,13.00,13.00,12.21,12.38,7809700
NG,20110311,12.18,12.84,11.90,12.74,4196700
NG,20110314,12.74,12.86,12.43,12.73,2612200
NG,20110315,11.88,12.60,11.54,12.57,3673800
NG,20110316,12.50,12.69,11.95,12.13,3848100
NG,20110317,12.28,12.44,12.01,12.16,2568300
NG,20110318,12.28,12.59,12.19,12.55,3704200
NG,20110321,12.66,12.88,12.60,12.78,2529300
NG,20110322,12.72,12.76,12.48,12.56,1737300
NG,20110323,12.55,13.27,12.53,13.12,4261400
NG,20110324,13.14,13.30,12.74,12.83,4788600
NG,20110325,12.90,13.05,12.63,12.72,1863400
NG,20110328,12.60,12.88,12.41,12.44,2538000
NG,20110329,12.49,12.85,12.36,12.74,3422000
NG,20110330,13.03,13.05,12.76,12.85,4017900
NG,20110331,13.05,13.06,12.89,13.00,3000600
NG,20110401,12.95,13.02,12.82,12.98,1848200
NG,20110404,13.00,13.12,12.85,12.88,1690700
NG,20110405,12.83,13.79,12.81,13.79,7403300
NG,20110406,14.02,14.02,13.52,13.60,5576700
NG,20110407,13.56,13.78,13.30,13.40,3177000
NG,20110408,13.70,13.98,13.50,13.76,5525700
NG,20110411,13.68,13.74,13.08,13.13,3403400
NG,20110412,13.12,13.25,12.61,12.82,3294500
NG,20110413,12.84,13.05,12.70,12.86,2091600
NG,20110414,13.00,13.26,12.87,13.22,2967100
NG,20110415,13.23,13.42,12.95,13.27,3064100
NG,20110418,13.23,13.39,12.84,13.11,3209200
NG,20110419,13.15,13.21,12.90,13.18,2200200
NG,20110420,13.33,13.64,13.28,13.59,4257900
NG,20110421,13.58,13.62,13.29,13.29,2121200
NG,20110425,13.37,13.41,12.85,12.91,2852500
NG,20110426,12.91,12.91,12.67,12.67,2772500
