NIHD,20090115,19.74,20.14,18.34,19.72,20429
NIHD,20090116,20.12,20.30,18.98,19.55,18641
NIHD,20090120,19.50,19.50,18.24,18.26,18907
NIHD,20090121,18.72,19.60,18.54,19.35,25032
NIHD,20090122,19.10,19.94,18.46,19.40,23636
NIHD,20090123,19.11,20.32,18.64,19.66,26059
NIHD,20090126,20.30,21.28,19.56,20.15,21527
NIHD,20090127,20.05,20.59,19.16,20.23,19921
NIHD,20090128,20.74,21.23,20.24,21.05,17011
NIHD,20090129,20.30,20.77,19.79,20.06,16705
NIHD,20090130,21.00,21.00,19.17,19.40,25976
NIHD,20090202,19.05,19.27,17.79,18.70,30593
NIHD,20090203,18.65,18.95,18.18,18.88,29891
NIHD,20090204,18.83,19.44,18.62,18.78,21456
NIHD,20090205,18.52,19.66,18.02,19.40,20235
NIHD,20090206,19.73,20.76,19.49,20.56,23470
NIHD,20090209,20.43,21.12,20.12,20.29,17318
NIHD,20090210,20.11,21.12,18.99,19.23,26344
NIHD,20090211,19.38,20.12,19.26,19.80,14773
NIHD,20090212,19.27,19.80,18.62,19.69,22399
NIHD,20090213,19.73,20.01,19.39,19.77,14405
NIHD,20090217,18.88,18.88,17.61,17.64,32932
NIHD,20090218,17.62,17.65,16.66,17.17,30942
NIHD,20090219,17.42,18.15,17.18,17.53,23133
NIHD,20090220,17.02,17.50,16.44,17.06,32783
NIHD,20090223,17.29,17.40,15.83,15.86,30937
NIHD,20090224,16.02,17.55,15.63,17.25,36696
NIHD,20090225,17.33,17.33,15.97,16.49,31050
NIHD,20090226,15.78,15.79,11.90,13.21,146821
NIHD,20090227,13.21,13.21,12.70,12.81,67337
NIHD,20090302,12.45,12.60,10.64,10.83,87529
NIHD,20090303,11.02,11.23,10.23,10.55,70765
NIHD,20090304,12.35,12.60,11.76,12.40,80048
NIHD,20090305,12.07,12.39,11.53,11.82,50311
NIHD,20090306,11.81,12.66,11.62,12.60,65498
NIHD,20090309,12.68,12.93,12.00,12.47,50877
NIHD,20090310,12.93,13.73,12.57,13.65,30935
NIHD,20090311,13.58,14.30,13.37,13.99,48157
NIHD,20090312,14.02,14.96,13.52,14.93,38880
NIHD,20090313,14.04,14.88,14.04,14.69,34497
NIHD,20090316,14.81,15.00,14.23,14.23,24019
NIHD,20090317,14.18,14.58,13.86,14.08,46502
NIHD,20090318,14.02,15.52,13.86,15.24,38340
NIHD,20090319,15.48,16.08,15.09,15.24,26586
NIHD,20090320,15.99,15.99,14.01,14.41,30965
NIHD,20090323,14.94,16.33,14.89,16.24,34629
NIHD,20090324,15.54,16.23,15.32,15.67,32817
NIHD,20090325,15.76,16.57,15.16,15.89,26301
NIHD,20090326,15.94,16.60,15.86,16.12,36070
NIHD,20090327,15.82,15.95,15.17,15.24,27323
NIHD,20090330,15.04,15.22,13.86,14.27,37962
NIHD,20090331,14.55,15.27,14.55,15.00,33957
NIHD,20090401,14.66,16.18,14.44,15.87,33052
NIHD,20090402,16.20,17.47,16.14,16.87,39894
NIHD,20090403,16.65,17.60,16.58,17.50,31517
NIHD,20090406,17.14,17.30,13.80,14.31,108189
NIHD,20090407,13.97,14.07,12.87,13.01,79410
NIHD,20090408,13.19,13.65,12.91,13.36,42463
NIHD,20090409,13.77,15.24,13.59,15.04,40369
NIHD,20090413,14.89,15.39,14.43,15.27,30764
NIHD,20090414,15.24,15.45,14.83,15.13,39837
NIHD,20090415,15.07,15.58,14.80,15.20,32565
NIHD,20090416,15.52,16.05,15.15,15.73,44277
NIHD,20090417,15.65,15.67,14.88,14.95,51008
NIHD,20090420,14.57,14.73,13.67,13.83,48646
NIHD,20090421,13.73,14.35,13.55,14.02,42412
NIHD,20090422,13.89,14.92,13.80,14.33,52678
NIHD,20090423,15.27,16.37,14.70,16.30,90537
NIHD,20090424,16.02,16.87,16.01,16.63,60230
NIHD,20090427,16.11,16.39,15.67,15.83,52122
NIHD,20090428,15.64,16.16,15.53,15.74,38869
NIHD,20090429,15.99,16.97,15.93,16.60,45533
NIHD,20090430,16.81,17.03,15.98,16.16,41813
NIHD,20090501,16.03,16.72,16.00,16.37,21821
NIHD,20090504,16.84,17.96,16.60,17.88,45976
NIHD,20090505,17.92,18.43,17.63,18.34,36508
NIHD,20090506,18.56,18.89,18.00,18.52,46276
NIHD,20090507,18.69,18.78,17.47,17.82,31859
NIHD,20090508,18.15,19.10,17.82,18.97,22925
NIHD,20090511,19.11,19.30,18.13,18.13,25263
NIHD,20090512,18.15,18.67,17.11,17.52,23300
NIHD,20090513,17.51,17.62,16.70,16.74,17558
NIHD,20090514,16.81,17.50,16.45,17.29,18474
NIHD,20090515,17.20,18.08,17.09,17.36,19838
NIHD,20090518,17.50,18.71,17.50,18.69,30345
NIHD,20090519,18.88,19.20,18.25,18.36,27366
NIHD,20090520,18.44,18.97,18.10,18.17,28233
NIHD,20090521,17.87,18.05,17.05,17.69,35272
NIHD,20090522,17.78,18.50,17.60,18.28,23979
NIHD,20090526,17.90,18.96,17.69,18.65,32220
NIHD,20090527,18.77,19.43,18.50,18.79,39773
NIHD,20090528,19.17,20.30,18.98,20.05,46791
NIHD,20090529,20.30,20.46,19.50,20.46,28811
NIHD,20090601,21.04,21.39,20.69,20.90,34291
NIHD,20090602,20.93,21.00,20.09,20.42,39328
NIHD,20090603,20.28,20.39,19.10,19.33,38909
NIHD,20090604,19.73,19.75,19.33,19.74,32989
NIHD,20090605,20.35,20.35,19.50,19.93,22420
NIHD,20090608,19.72,19.72,18.99,19.47,26074
NIHD,20090609,19.50,20.68,19.46,20.58,34197
NIHD,20090610,20.82,21.19,20.01,20.38,26600
NIHD,20090611,20.30,21.18,20.30,20.69,34496
NIHD,20090612,20.50,21.03,20.32,20.98,27446
NIHD,20090615,20.53,20.58,19.78,20.18,21890
NIHD,20090616,20.37,20.89,19.57,19.88,24414
NIHD,20090617,19.99,20.06,19.29,19.78,26400
NIHD,20090618,19.86,19.95,19.36,19.58,20819
NIHD,20090619,19.66,20.22,19.49,19.99,26631
NIHD,20090622,18.90,19.05,18.52,18.87,41158
NIHD,20090623,18.76,19.02,18.56,18.87,28790
NIHD,20090624,19.09,19.63,18.75,18.99,35565
NIHD,20090625,18.98,19.77,18.65,19.52,32717
NIHD,20090626,19.47,19.82,19.21,19.48,53475
NIHD,20090629,19.54,20.05,19.14,19.91,32443
NIHD,20090630,19.89,19.99,18.86,19.07,33692
NIHD,20090701,19.32,19.77,19.29,19.59,26590
NIHD,20090702,19.31,19.38,18.42,18.61,19981
NIHD,20090706,18.50,19.04,18.15,18.83,38227
NIHD,20090707,18.88,19.12,18.35,18.45,40496
NIHD,20090708,18.51,18.82,18.07,18.36,40458
NIHD,20090709,18.53,19.25,18.38,18.87,34578
NIHD,20090710,18.72,19.24,17.98,18.43,39826
NIHD,20090713,18.52,19.36,18.05,19.33,38223
NIHD,20090714,19.29,19.51,18.94,19.26,24777
NIHD,20090715,19.49,20.38,19.43,20.34,35788
NIHD,20090716,20.22,20.63,19.76,20.50,30098
NIHD,20090717,20.59,20.73,20.12,20.62,18748
NIHD,20090720,20.68,21.38,20.68,21.32,31321
NIHD,20090721,21.54,21.89,20.53,21.11,26780
NIHD,20090722,21.03,21.03,20.25,20.62,35617
NIHD,20090723,21.38,23.62,21.28,22.80,91786
NIHD,20090724,22.80,22.80,22.11,22.41,48621
NIHD,20090727,22.36,22.97,22.13,22.94,22492
NIHD,20090728,22.54,23.55,22.28,23.40,46230
NIHD,20090729,23.11,23.48,22.00,22.22,30217
NIHD,20090730,22.52,23.35,22.52,22.90,27421
NIHD,20090731,22.98,23.49,22.90,23.02,17182
NIHD,20090803,23.38,24.41,23.24,24.13,21272
NIHD,20090804,23.90,24.88,23.31,24.68,27223
NIHD,20090805,24.82,25.61,24.32,24.84,34653
NIHD,20090806,25.00,25.41,24.17,24.42,29773
NIHD,20090807,25.11,25.87,24.37,24.46,27123
NIHD,20090810,24.47,24.80,24.34,24.55,25568
NIHD,20090811,24.46,24.58,23.30,23.37,32485
NIHD,20090812,23.35,24.28,23.15,23.56,32210
NIHD,20090813,23.76,24.45,23.62,24.19,26603
NIHD,20090814,23.90,23.95,23.29,23.64,23579
NIHD,20090817,22.89,22.98,22.14,22.48,44281
NIHD,20090818,22.51,22.97,22.51,22.73,20788
NIHD,20090819,22.31,23.00,22.18,22.81,24839
NIHD,20090820,22.89,23.29,22.74,22.95,25453
NIHD,20090821,23.02,24.11,23.02,23.55,24363
NIHD,20090824,23.60,23.79,22.98,23.12,16673
NIHD,20090825,23.30,24.08,22.92,23.05,19941
NIHD,20090826,23.03,23.23,22.64,23.10,16558
NIHD,20090827,23.11,23.21,22.11,22.71,20150
NIHD,20090828,23.19,23.93,22.86,23.81,37277
NIHD,20090831,23.57,23.71,23.23,23.71,25055
NIHD,20090901,23.56,24.55,23.28,23.52,47141
NIHD,20090902,23.35,23.92,23.14,23.65,34430
NIHD,20090903,23.63,24.06,23.59,23.97,26475
NIHD,20090904,23.91,24.55,23.89,24.40,30000
NIHD,20090908,25.49,26.21,25.22,25.68,38502
NIHD,20090909,25.59,26.20,25.26,25.94,36589
NIHD,20090910,26.02,26.95,25.44,26.79,54035
NIHD,20090911,26.95,27.89,26.72,27.76,39935
NIHD,20090914,27.27,27.55,26.66,27.22,43097
NIHD,20090915,27.41,27.98,27.33,27.94,21664
NIHD,20090916,28.13,30.08,28.10,30.07,53487
NIHD,20090917,30.02,30.15,29.05,29.21,42350
NIHD,20090918,28.58,29.93,28.52,29.86,23586
NIHD,20090921,29.75,30.73,29.31,30.44,40255
NIHD,20090922,30.67,31.39,30.54,30.99,32040
NIHD,20090923,31.16,31.38,30.16,30.22,22150
NIHD,20090924,30.38,30.38,29.34,29.76,30210
NIHD,20090925,29.63,30.05,29.33,29.74,16008
NIHD,20090928,29.98,30.50,29.23,29.61,41458
NIHD,20090929,29.28,30.34,29.28,30.12,24340
NIHD,20090930,30.07,30.54,29.24,30.06,35327
NIHD,20091001,29.95,29.95,28.64,28.86,25941
NIHD,20091002,28.50,28.84,27.68,28.43,20247
NIHD,20091005,28.52,29.22,28.47,28.96,17862
NIHD,20091006,29.09,29.58,28.55,29.04,16970
NIHD,20091007,29.26,30.51,29.21,29.99,23595
NIHD,20091008,30.39,30.79,30.03,30.38,18694
NIHD,20091009,30.43,30.47,29.72,30.38,20140
NIHD,20091012,30.61,30.92,30.34,30.78,12223
NIHD,20091013,30.78,30.94,30.08,30.22,14401
NIHD,20091014,30.55,31.08,30.07,31.01,26473
NIHD,20091015,30.89,31.85,30.42,31.83,21949
NIHD,20091016,31.59,31.59,30.29,31.18,19109
NIHD,20091019,31.33,32.20,31.08,32.13,15108
NIHD,20091020,31.93,32.11,31.18,32.03,24098
NIHD,20091021,32.21,33.09,31.79,32.43,25559
NIHD,20091022,35.01,35.01,31.17,31.82,57432
NIHD,20091023,32.38,32.69,30.66,30.99,27709
NIHD,20091026,31.09,31.76,29.45,29.57,31900
NIHD,20091027,29.72,30.33,28.72,28.93,42053
NIHD,20091028,28.71,28.87,27.25,27.34,39166
NIHD,20091029,27.75,28.35,27.69,27.84,33156
NIHD,20091030,28.23,28.23,26.56,26.93,28050
NIHD,20091102,26.92,27.52,26.12,26.83,28847
NIHD,20091103,26.85,28.27,26.58,28.17,29168
NIHD,20091104,27.74,28.54,27.28,27.46,27342
NIHD,20091105,27.80,28.07,27.63,27.80,15877
NIHD,20091106,27.56,27.94,27.50,27.82,18013
NIHD,20091109,28.11,29.08,28.11,28.98,29711
NIHD,20091110,28.79,29.23,28.68,28.92,27033
NIHD,20091111,29.27,29.83,29.16,29.29,25239
NIHD,20091112,29.23,29.43,28.67,28.85,22530
NIHD,20091113,28.82,29.08,28.40,28.84,18214
NIHD,20091116,28.94,29.38,28.90,29.16,19759
NIHD,20091117,29.12,29.46,28.50,29.42,23320
NIHD,20091118,29.38,29.60,28.89,29.22,13903
NIHD,20091119,29.06,29.21,28.28,28.68,11694
NIHD,20091120,28.44,29.18,28.44,29.02,11622
NIHD,20091123,30.19,31.41,30.17,30.95,27262
NIHD,20091124,30.91,31.47,30.52,31.08,32771
NIHD,20091125,31.20,31.30,30.59,30.90,15555
NIHD,20091127,28.31,30.50,28.31,30.23,7232
NIHD,20091130,30.17,30.17,29.57,29.80,15072
NIHD,20091201,30.07,31.28,30.07,31.19,19234
NIHD,20091202,31.27,31.89,30.96,31.10,10488
NIHD,20091203,31.30,31.78,30.30,30.35,21796
NIHD,20091204,30.95,31.64,30.78,31.16,15958
NIHD,20091207,31.37,32.00,30.97,31.76,19422
NIHD,20091208,31.32,31.56,30.65,30.76,20979
NIHD,20091209,30.80,30.97,30.22,30.86,11859
NIHD,20091210,30.91,31.80,30.91,31.77,23131
NIHD,20091211,31.98,32.00,31.31,31.51,18895
NIHD,20091214,31.89,32.38,31.77,32.30,17841
NIHD,20091215,32.08,32.95,32.02,32.85,24686
NIHD,20091216,32.90,33.06,32.56,32.66,19334
NIHD,20091217,32.45,33.45,32.01,33.26,26190
NIHD,20091218,33.49,33.95,32.89,33.90,29179
NIHD,20091221,34.48,34.98,33.97,34.44,18483
NIHD,20091222,34.56,35.08,34.37,34.48,12237
NIHD,20091223,34.59,34.86,34.17,34.19,12029
NIHD,20091224,34.27,34.31,34.09,34.24,4824
NIHD,20091228,34.42,34.61,34.15,34.37,9454
NIHD,20091229,34.31,34.34,34.00,34.04,8223
NIHD,20091230,34.14,34.46,33.93,34.23,7080
NIHD,20091231,34.32,34.32,33.57,33.58,6821
NIHD,20100104,34.58,36.53,34.40,36.16,23895
NIHD,20100105,36.37,38.10,36.30,37.71,25833
NIHD,20100106,37.74,37.77,37.04,37.15,23505
NIHD,20100107,37.53,38.82,37.35,38.73,26124
NIHD,20100108,38.78,38.95,38.05,38.61,20495
NIHD,20100111,38.74,38.74,38.14,38.27,20711
NIHD,20100112,38.00,38.34,37.61,38.12,26900
NIHD,20100113,38.48,38.88,37.79,38.09,18056
NIHD,20100114,37.90,38.15,37.55,37.94,13978
NIHD,20100115,37.22,37.52,36.05,36.94,24387
NIHD,20100119,37.39,37.40,36.38,36.61,26719
NIHD,20100120,36.25,38.87,35.88,37.47,41677
NIHD,20100121,37.46,37.71,36.73,36.80,26192
NIHD,20100122,36.80,37.12,34.73,35.03,26486
NIHD,20100125,35.22,35.68,34.46,34.77,22167
NIHD,20100126,34.64,35.16,34.11,34.78,23266
NIHD,20100127,34.52,34.53,33.60,34.00,25769
NIHD,20100128,33.75,34.08,32.82,32.93,26621
NIHD,20100129,33.04,33.75,32.67,32.74,21577
NIHD,20100201,33.02,33.49,32.70,33.40,11820
NIHD,20100202,33.53,34.02,32.80,33.80,13791
NIHD,20100203,33.56,33.86,33.12,33.37,10289
NIHD,20100204,33.05,33.05,31.72,31.73,21387
NIHD,20100205,31.77,32.14,30.36,31.42,26592
NIHD,20100208,30.37,33.16,30.00,32.79,46930
NIHD,20100209,33.35,34.57,33.24,33.89,43986
NIHD,20100210,33.96,34.70,33.21,33.79,22536
NIHD,20100211,33.73,35.22,33.16,35.10,18137
NIHD,20100212,34.87,36.44,34.52,36.07,41267
NIHD,20100216,39.73,40.14,37.35,38.09,69985
NIHD,20100217,38.11,38.30,36.76,37.16,42983
NIHD,20100218,37.12,38.08,36.95,37.73,30840
NIHD,20100219,37.65,38.49,37.35,38.03,19992
NIHD,20100222,38.32,38.74,38.03,38.21,26201
NIHD,20100223,38.01,38.11,36.96,37.20,20436
NIHD,20100224,37.49,37.75,37.00,37.45,17213
NIHD,20100225,36.87,38.16,36.46,37.87,35341
NIHD,20100226,37.94,38.07,37.32,37.42,24296
NIHD,20100301,37.73,38.27,37.53,37.80,36967
NIHD,20100302,38.34,38.48,37.80,38.18,17909
NIHD,20100303,38.41,39.51,38.32,39.23,23349
NIHD,20100304,39.16,39.70,38.63,38.91,18102
NIHD,20100305,39.46,39.66,39.14,39.47,9816
NIHD,20100308,39.52,39.76,38.50,38.59,16821
NIHD,20100309,38.58,39.14,38.17,38.89,16705
NIHD,20100310,38.91,40.16,38.85,40.15,21805
NIHD,20100311,40.10,40.30,39.65,40.24,13559
NIHD,20100312,40.13,40.59,39.95,40.57,18513
NIHD,20100315,39.79,40.84,39.57,40.26,16608
NIHD,20100316,40.30,40.72,40.17,40.47,18138
NIHD,20100317,40.62,41.49,40.60,41.24,16582
NIHD,20100318,41.09,41.29,40.58,40.84,10998
NIHD,20100319,41.01,41.55,39.96,40.20,19240
NIHD,20100322,40.03,41.13,39.66,40.93,11892
NIHD,20100323,40.92,41.84,40.74,41.65,18454
NIHD,20100324,41.54,42.19,41.08,41.25,13921
NIHD,20100325,41.53,41.96,40.90,41.06,15718
NIHD,20100326,41.35,41.65,40.53,40.83,10752
NIHD,20100329,41.10,41.41,41.03,41.25,15252
NIHD,20100330,41.25,41.58,41.10,41.32,8623
NIHD,20100331,41.27,42.02,41.08,41.68,15415
NIHD,20100401,42.17,43.21,42.09,42.43,20502
NIHD,20100405,43.58,43.95,43.10,43.42,24392
NIHD,20100406,43.10,43.22,41.99,42.72,25277
NIHD,20100407,42.48,42.90,42.12,42.47,13861
NIHD,20100408,42.21,42.75,41.72,42.65,13523
NIHD,20100409,42.79,43.04,42.43,42.77,10734
NIHD,20100412,42.74,43.27,42.06,42.13,16981
NIHD,20100413,42.01,42.64,41.53,42.57,10551
NIHD,20100414,42.71,42.80,42.04,42.55,16640
NIHD,20100415,41.03,41.85,40.58,40.85,37812
NIHD,20100416,40.77,41.24,40.08,40.87,18168
NIHD,20100419,40.59,41.19,40.07,40.93,16102
NIHD,20100420,41.05,41.49,40.77,41.29,14941
NIHD,20100421,41.37,41.37,40.28,40.44,18561
NIHD,20100422,40.07,40.40,39.23,40.04,28865
NIHD,20100423,40.17,40.57,39.70,40.40,21223
NIHD,20100426,40.34,40.41,39.85,39.92,20292
NIHD,20100427,39.94,40.34,38.67,38.72,19181
NIHD,20100428,39.00,39.54,38.78,39.05,23751
NIHD,20100429,41.55,42.81,41.35,42.51,33443
NIHD,20100430,42.41,43.03,41.94,42.47,24063
NIHD,20100503,41.47,42.50,41.20,42.21,41288
NIHD,20100504,41.75,41.98,39.81,40.22,28841
NIHD,20100505,40.21,40.21,39.12,39.66,23395
NIHD,20100506,39.31,39.47,32.75,37.55,35948
NIHD,20100507,37.17,37.50,34.50,35.82,51695
NIHD,20100510,37.27,38.64,36.48,38.32,37689
NIHD,20100511,37.73,38.96,36.73,38.12,16080
NIHD,20100512,38.10,39.76,38.02,39.64,16291
NIHD,20100513,39.19,40.37,39.02,39.65,15246
NIHD,20100514,39.22,39.36,37.58,38.07,22051
NIHD,20100517,38.07,38.77,37.36,38.31,16327
NIHD,20100518,38.58,38.94,36.72,36.81,19013
NIHD,20100519,36.53,37.11,35.12,36.13,16457
NIHD,20100520,35.19,35.76,34.00,34.35,27487
NIHD,20100521,33.56,35.80,33.16,35.44,27364
NIHD,20100524,35.39,36.11,34.87,35.52,17211
NIHD,20100525,34.22,35.00,33.90,34.88,22159
NIHD,20100526,35.34,36.83,35.30,35.54,22471
NIHD,20100527,36.42,37.66,36.06,37.66,19000
NIHD,20100528,37.75,37.75,35.84,36.47,20257
NIHD,20100601,36.03,37.43,35.44,35.46,12444
NIHD,20100602,35.72,37.94,35.39,37.88,18998
NIHD,20100603,37.62,38.47,37.60,38.38,18934
NIHD,20100604,37.28,37.85,36.68,36.79,19340
NIHD,20100607,36.82,37.26,35.88,36.00,14164
NIHD,20100608,36.31,36.58,34.32,34.88,31119
NIHD,20100609,35.18,36.83,34.99,35.51,20069
NIHD,20100610,36.38,37.33,35.86,37.09,14118
NIHD,20100611,36.80,37.59,36.74,37.52,10415
NIHD,20100614,38.22,38.73,38.02,38.27,16359
NIHD,20100615,38.66,39.49,38.25,39.30,13353
NIHD,20100616,38.83,39.56,38.35,39.33,11850
NIHD,20100617,39.32,39.33,38.35,38.64,11236
NIHD,20100618,38.50,38.59,37.77,37.90,20494
NIHD,20100621,38.52,38.87,37.46,37.70,13067
NIHD,20100622,37.86,37.92,36.34,36.46,15574
NIHD,20100623,36.43,37.30,36.10,36.73,13399
NIHD,20100624,36.57,36.65,35.51,35.67,14651
NIHD,20100625,35.76,36.64,35.72,36.22,49714
NIHD,20100628,36.35,36.57,35.75,35.80,12193
NIHD,20100629,35.10,35.16,32.97,33.19,27778
NIHD,20100630,33.32,33.84,32.41,32.52,23047
NIHD,20100701,32.59,34.15,32.44,34.00,28736
NIHD,20100702,34.03,34.11,32.79,33.09,13567
NIHD,20100706,33.55,34.48,32.48,32.84,19003
NIHD,20100707,33.02,34.48,32.36,34.46,15589
NIHD,20100708,34.67,34.89,34.13,34.70,16451
NIHD,20100709,34.68,35.34,34.51,34.85,8308
NIHD,20100712,34.86,35.43,34.17,34.30,10227
NIHD,20100713,34.70,35.04,34.33,34.44,15861
NIHD,20100714,34.32,34.93,33.92,34.87,16079
NIHD,20100715,35.24,36.06,34.94,35.84,19967
NIHD,20100716,35.76,35.93,35.13,35.61,26125
NIHD,20100719,36.00,37.07,35.78,36.72,25096
NIHD,20100720,36.08,37.31,35.90,37.22,17986
NIHD,20100721,37.39,38.21,37.26,37.73,19006
NIHD,20100722,37.86,39.69,37.86,39.18,21257
NIHD,20100723,39.19,39.88,38.31,39.88,14495
NIHD,20100726,39.76,39.88,38.51,38.77,18598
NIHD,20100727,39.04,39.09,37.26,37.56,17967
NIHD,20100728,37.25,39.37,36.85,38.41,19009
NIHD,20100729,38.10,39.73,36.34,37.70,21628
NIHD,20100730,37.20,37.86,37.01,37.46,10344
NIHD,20100802,38.13,40.16,38.03,40.03,21044
NIHD,20100803,39.85,40.09,39.30,39.74,17165
NIHD,20100804,39.87,40.16,39.16,39.70,11134
NIHD,20100805,39.48,41.03,39.28,40.73,16463
NIHD,20100806,40.42,41.03,38.54,38.93,18580
NIHD,20100809,39.32,39.75,38.91,38.99,10379
NIHD,20100810,38.44,39.39,37.79,39.14,10109
NIHD,20100811,38.37,38.37,37.02,37.79,17095
NIHD,20100812,37.37,38.46,36.99,38.15,12773
NIHD,20100813,38.05,38.89,37.77,38.37,9814
NIHD,20100816,38.25,39.00,38.13,38.45,8621
NIHD,20100817,38.93,40.70,38.86,40.05,25436
NIHD,20100818,39.79,40.09,39.00,39.25,19448
NIHD,20100819,39.00,39.33,37.65,38.02,13173
NIHD,20100820,38.27,38.27,36.98,38.09,12089
NIHD,20100823,38.30,38.49,36.96,37.55,13477
NIHD,20100824,37.08,37.42,36.17,36.32,20352
NIHD,20100825,35.94,36.39,35.60,36.26,11379
NIHD,20100826,36.06,37.01,36.06,36.50,12562
NIHD,20100827,36.63,37.00,35.73,36.65,11765
NIHD,20100830,36.25,36.84,35.86,35.91,8080
NIHD,20100831,35.66,36.48,35.55,36.25,10749
NIHD,20100901,36.95,37.97,36.43,37.24,13855
NIHD,20100902,37.42,37.49,36.89,37.00,12518
NIHD,20100903,37.53,38.68,37.23,38.40,11014
NIHD,20100907,38.27,38.53,37.54,37.87,8257
NIHD,20100908,37.91,38.81,37.80,38.18,7683
NIHD,20100909,38.47,38.62,37.78,37.97,10764
NIHD,20100910,37.87,39.92,37.78,39.54,22796
NIHD,20100913,39.80,40.00,38.77,39.20,15464
NIHD,20100914,39.24,39.39,38.85,39.01,13555
NIHD,20100915,38.59,39.99,38.50,39.88,15429
NIHD,20100916,39.58,40.51,39.40,40.40,17211
NIHD,20100917,40.31,41.44,40.29,41.38,30964
NIHD,20100920,41.43,42.03,41.37,42.03,20593
NIHD,20100921,42.21,42.21,41.34,41.72,16440
NIHD,20100922,41.42,41.95,40.12,40.27,23010
NIHD,20100923,40.07,41.93,39.87,41.45,18684
NIHD,20100924,42.12,42.45,41.39,42.34,13050
NIHD,20100927,42.42,42.49,41.50,41.77,12936
NIHD,20100928,41.74,42.14,40.89,41.71,17533
NIHD,20100929,41.68,42.05,41.04,41.18,17408
NIHD,20100930,41.24,41.91,40.02,41.10,20916
NIHD,20101001,41.02,42.55,40.85,42.31,20297
NIHD,20101004,43.19,45.26,42.31,42.49,37505
NIHD,20101005,43.12,44.07,42.74,42.77,33356
NIHD,20101006,42.44,42.44,39.87,41.49,52826
NIHD,20101007,41.41,42.10,40.84,41.99,21562
NIHD,20101008,42.11,43.28,41.76,43.01,19864
NIHD,20101011,43.00,43.55,41.93,42.31,16930
NIHD,20101012,42.45,42.70,41.55,42.37,14656
NIHD,20101013,42.53,43.13,42.17,43.03,26138
NIHD,20101014,37.39,40.37,35.64,37.76,125760
NIHD,20101015,38.31,38.92,37.12,38.03,54438
NIHD,20101018,37.37,38.89,36.68,37.01,48740
NIHD,20101019,36.64,37.13,36.05,36.60,27290
NIHD,20101020,38.45,39.24,38.24,38.33,34655
NIHD,20101021,38.86,38.89,37.30,37.98,21250
NIHD,20101022,38.10,38.61,37.72,38.44,16807
NIHD,20101025,38.93,39.42,38.68,39.27,15525
NIHD,20101026,38.77,40.12,38.39,39.86,22185
NIHD,20101027,39.21,39.49,38.51,39.20,18427
NIHD,20101028,40.27,42.69,39.58,40.39,39419
NIHD,20101029,41.18,41.81,40.54,41.81,29253
NIHD,20101101,41.96,42.49,41.34,41.84,33396
NIHD,20101102,42.25,43.07,41.54,42.57,14735
NIHD,20101103,42.35,42.68,41.94,42.61,15627
NIHD,20101104,43.04,44.39,43.04,43.48,26779
NIHD,20101105,43.46,43.48,42.45,42.73,16928
NIHD,20101108,42.56,43.79,42.56,43.68,20019
NIHD,20101109,43.84,43.84,41.59,41.86,20037
NIHD,20101110,41.36,42.01,40.46,42.01,23626
NIHD,20101111,41.64,42.34,41.00,42.20,9424
NIHD,20101112,41.91,42.17,40.78,41.16,11578
NIHD,20101115,41.26,42.76,40.69,40.75,11600
NIHD,20101116,40.11,40.40,38.81,39.09,22131
NIHD,20101117,38.96,39.68,38.95,39.16,13965
NIHD,20101118,39.64,41.10,39.43,40.57,17065
NIHD,20101119,40.24,40.73,39.49,40.69,11551
NIHD,20101122,40.26,40.56,39.46,40.22,13683
NIHD,20101123,39.76,39.87,38.60,39.24,13582
NIHD,20101124,39.69,40.86,39.48,40.69,8934
NIHD,20101126,40.21,40.86,39.88,40.71,5232
NIHD,20101129,40.50,40.57,39.02,40.16,12204
NIHD,20101130,39.63,40.04,38.65,38.76,25095
NIHD,20101201,39.51,40.76,39.51,40.04,14930
NIHD,20101202,40.29,40.80,39.93,40.72,17442
NIHD,20101203,40.84,42.00,40.58,41.56,15946
NIHD,20101206,41.17,41.98,40.95,41.58,24896
NIHD,20101207,41.89,42.39,40.78,41.69,19673
NIHD,20101208,41.96,42.63,41.20,41.34,15831
NIHD,20101209,41.50,42.27,41.15,41.65,15921
NIHD,20101210,41.77,42.20,41.31,42.02,12121
NIHD,20101213,42.29,44.59,42.28,42.97,32395
NIHD,20101214,43.15,44.37,43.10,44.18,27398
NIHD,20101215,44.64,46.32,44.50,45.15,36170
NIHD,20101216,44.92,45.72,44.82,45.38,18931
NIHD,20101217,45.15,45.80,45.03,45.30,18668
NIHD,20101220,45.38,45.57,44.72,44.81,19219
NIHD,20101221,44.95,45.80,44.82,45.22,12683
NIHD,20101222,45.12,45.45,44.85,45.31,7911
NIHD,20101223,45.10,45.42,44.50,44.71,6951
NIHD,20101227,44.57,44.66,43.48,44.45,11602
NIHD,20101228,44.58,44.63,43.78,44.00,8839
NIHD,20101229,44.20,44.62,43.78,44.26,7529
NIHD,20101230,44.21,44.82,44.19,44.33,8473
NIHD,20101231,44.54,44.77,44.23,44.66,7170
NIHD,20110103,44.92,45.64,43.37,43.48,25612
NIHD,20110104,43.46,43.50,42.97,43.22,20716
NIHD,20110105,42.96,44.00,42.96,43.48,16120
NIHD,20110106,43.43,43.68,42.78,43.06,10196
NIHD,20110107,43.16,43.16,42.36,42.89,14296
NIHD,20110110,42.83,43.17,42.35,43.06,1382500
NIHD,20110111,43.42,43.42,42.65,43.06,1143600
NIHD,20110112,43.30,43.42,42.67,42.76,1190700
NIHD,20110113,42.72,42.83,41.85,42.08,1817000
NIHD,20110114,42.12,43.16,42.12,42.20,2004000
NIHD,20110118,42.20,42.94,42.13,42.37,1380700
NIHD,20110119,42.20,42.53,41.19,41.50,1818300
NIHD,20110120,41.26,41.55,40.87,41.29,1380100
NIHD,20110121,41.73,42.06,41.17,41.45,1880700
NIHD,20110124,41.56,43.00,41.48,42.73,2032200
NIHD,20110125,42.52,42.95,42.12,42.94,1253400
NIHD,20110126,42.96,44.07,42.95,43.76,1812300
NIHD,20110127,43.80,44.06,43.23,44.00,1274900
NIHD,20110128,44.08,44.17,42.25,42.40,1717600
NIHD,20110131,42.47,42.87,41.96,41.98,1630500
NIHD,20110201,42.42,42.73,41.89,42.10,2494400
NIHD,20110202,42.02,42.41,41.63,41.83,1601200
NIHD,20110203,41.65,41.77,40.50,41.08,2934100
NIHD,20110204,41.31,42.47,40.70,42.39,3128200
NIHD,20110207,42.39,42.45,41.81,42.15,1278600
NIHD,20110208,42.08,42.44,41.86,42.13,996000
NIHD,20110209,41.94,42.17,41.10,41.37,955800
NIHD,20110210,41.15,41.76,40.76,41.33,1042800
NIHD,20110211,41.32,42.19,41.32,42.13,1149600
NIHD,20110214,42.10,42.10,41.34,41.46,1310600
NIHD,20110215,41.29,41.39,40.72,41.26,1214300
NIHD,20110216,41.36,41.78,40.93,41.47,1084400
NIHD,20110217,41.43,42.10,41.27,42.00,1150200
NIHD,20110218,42.00,42.08,40.97,41.00,1644500
NIHD,20110222,40.42,40.70,39.68,40.24,1684200
NIHD,20110223,40.25,40.28,38.28,38.86,3126300
NIHD,20110224,40.10,42.34,40.10,41.84,3452500
NIHD,20110225,41.98,42.69,41.97,42.43,2321700
NIHD,20110228,42.39,42.75,40.82,40.96,2287600
NIHD,20110301,41.12,41.13,39.37,39.65,3364300
NIHD,20110302,39.23,40.08,39.12,39.22,2347200
NIHD,20110303,39.62,40.01,39.51,39.77,2068200
NIHD,20110304,39.60,39.74,39.19,39.30,1927800
NIHD,20110307,39.52,39.56,37.84,37.97,3486600
NIHD,20110308,37.91,38.86,37.69,38.69,2841900
NIHD,20110309,38.51,39.17,38.00,39.09,2476700
NIHD,20110310,38.45,38.50,37.79,37.96,1669700
NIHD,20110311,37.59,38.88,37.59,38.79,1977000
NIHD,20110314,38.33,38.75,37.96,38.23,2268500
NIHD,20110315,37.10,38.17,37.03,37.84,1458500
NIHD,20110316,37.50,38.03,37.05,37.16,1565000
NIHD,20110317,37.98,38.33,37.15,38.15,2305600
NIHD,20110318,38.46,38.67,38.00,38.14,2137200
NIHD,20110321,38.76,39.13,38.46,38.47,1510300
NIHD,20110322,38.59,39.52,38.45,39.05,1983300
NIHD,20110323,39.32,39.54,38.75,39.33,1098200
NIHD,20110324,39.50,39.52,38.95,39.35,1992700
NIHD,20110325,39.58,40.92,39.37,40.63,1968300
NIHD,20110328,40.53,40.84,40.11,40.18,1232900
NIHD,20110329,40.08,40.99,39.78,40.83,1542600
NIHD,20110330,41.22,42.00,41.09,41.54,2016400
NIHD,20110331,41.58,42.40,41.49,41.67,2111100
NIHD,20110401,41.85,42.59,41.38,41.72,1904800
NIHD,20110404,41.96,42.55,41.63,42.47,1941700
NIHD,20110405,42.09,42.67,41.80,42.16,2513100
NIHD,20110406,42.42,42.65,41.25,41.44,1842800
NIHD,20110407,41.20,41.44,40.00,40.47,2873500
NIHD,20110408,40.72,40.72,39.30,39.91,2803600
NIHD,20110411,39.97,40.57,39.68,39.82,2150900
NIHD,20110412,39.62,39.72,38.96,39.07,1841000
NIHD,20110413,39.23,39.44,38.60,39.19,1602900
NIHD,20110414,38.90,39.09,38.46,38.73,1597700
NIHD,20110415,38.71,39.61,38.68,39.57,1680900
NIHD,20110418,38.99,39.11,38.59,38.99,1578500
NIHD,20110419,39.09,39.24,38.70,38.98,1384700
NIHD,20110420,39.51,40.28,39.32,40.28,2297500
NIHD,20110421,40.23,40.86,40.02,40.80,1270800
NIHD,20110425,40.61,41.24,40.51,40.96,1355700
NIHD,20110426,41.08,41.92,41.01,41.16,2536500
