NTRS,20090115,47.35,49.87,45.33,48.28,35215
NTRS,20090116,49.72,51.36,47.87,51.08,48015
NTRS,20090120,44.51,50.20,43.32,43.93,120225
NTRS,20090121,50.09,57.74,49.05,57.51,107884
NTRS,20090122,56.40,58.37,52.17,54.48,56325
NTRS,20090123,53.00,57.42,52.50,56.55,31758
NTRS,20090126,55.64,57.69,54.14,55.21,31169
NTRS,20090127,56.53,57.30,54.55,56.12,32652
NTRS,20090128,58.24,61.33,57.54,61.22,48839
NTRS,20090129,59.98,60.89,56.53,56.83,32992
NTRS,20090130,57.69,59.83,56.59,57.52,35952
NTRS,20090202,56.79,60.90,56.22,60.34,39035
NTRS,20090203,60.17,61.62,57.55,58.94,45446
NTRS,20090204,59.48,60.77,58.06,58.45,34360
NTRS,20090205,57.59,62.16,56.60,60.34,46769
NTRS,20090206,59.19,61.80,59.19,61.62,36641
NTRS,20090209,61.78,63.08,61.02,62.32,20321
NTRS,20090210,61.40,62.32,57.71,57.97,37753
NTRS,20090211,58.18,61.50,57.85,61.01,32880
NTRS,20090212,60.39,60.39,57.20,60.03,41089
NTRS,20090213,58.90,59.92,57.58,57.59,21631
NTRS,20090217,56.34,56.87,54.12,55.39,36473
NTRS,20090218,56.45,57.57,54.90,57.02,31759
NTRS,20090219,58.33,58.58,55.07,55.07,34247
NTRS,20090220,54.05,57.72,53.25,56.49,51953
NTRS,20090223,57.81,58.16,54.60,54.68,26853
NTRS,20090224,55.57,60.80,55.07,60.79,49058
NTRS,20090225,59.64,59.99,56.14,58.14,46590
NTRS,20090226,59.58,60.03,56.00,56.84,41295
NTRS,20090227,55.58,57.73,55.02,55.55,35845
NTRS,20090302,54.02,56.21,53.79,54.32,31862
NTRS,20090303,54.87,56.24,53.59,54.31,42106
NTRS,20090304,55.11,55.73,50.95,53.07,56558
NTRS,20090305,51.86,52.89,48.05,48.64,67262
NTRS,20090306,48.90,50.25,45.78,47.38,50082
NTRS,20090309,47.48,49.43,45.78,47.88,37944
NTRS,20090310,49.23,53.76,48.78,53.76,55680
NTRS,20090311,53.97,56.03,52.05,55.06,39310
NTRS,20090312,54.31,59.45,53.72,59.04,45467
NTRS,20090313,59.70,59.70,55.65,58.73,42946
NTRS,20090316,59.61,59.92,55.32,55.50,38118
NTRS,20090317,55.88,60.12,55.53,59.97,40158
NTRS,20090318,58.55,62.05,57.80,61.77,55357
NTRS,20090319,61.09,62.64,56.55,56.58,48862
NTRS,20090320,57.18,59.86,56.49,57.81,62696
NTRS,20090323,59.12,64.86,58.56,64.60,46795
NTRS,20090324,64.22,65.64,60.92,60.93,48274
NTRS,20090325,61.31,64.76,60.56,64.57,44379
NTRS,20090326,64.98,64.99,61.13,62.49,47141
NTRS,20090327,61.49,62.36,58.63,58.77,38436
NTRS,20090330,57.52,59.88,56.23,56.99,41111
NTRS,20090331,57.92,60.59,57.92,59.82,38947
NTRS,20090401,58.90,63.59,58.70,62.96,44188
NTRS,20090402,63.30,63.37,58.27,59.57,74603
NTRS,20090403,60.84,61.60,58.60,61.38,32498
NTRS,20090406,60.36,60.95,58.64,59.41,25168
NTRS,20090407,57.91,58.83,56.66,56.99,28553
NTRS,20090408,57.27,58.93,57.10,58.30,33640
NTRS,20090409,60.50,64.25,60.02,64.12,46121
NTRS,20090413,63.14,66.08,62.21,65.54,36073
NTRS,20090414,64.26,64.76,61.06,61.14,35223
NTRS,20090415,60.59,64.93,60.02,64.53,26473
NTRS,20090416,63.81,64.62,61.53,63.76,33844
NTRS,20090417,63.84,64.25,61.76,63.06,39740
NTRS,20090420,61.88,62.34,58.01,58.15,38329
NTRS,20090421,51.79,56.23,49.78,56.17,139740
NTRS,20090422,54.55,57.35,52.85,53.70,64955
NTRS,20090423,54.04,57.43,54.00,56.96,51295
NTRS,20090424,56.30,56.47,54.40,55.57,58767
NTRS,20090427,54.99,56.34,54.26,55.01,35553
NTRS,20090428,51.63,54.46,51.50,53.17,164902
NTRS,20090429,54.00,55.10,53.33,55.00,57129
NTRS,20090430,57.03,57.41,53.69,54.36,40799
NTRS,20090501,54.07,54.36,52.18,52.78,33620
NTRS,20090504,53.03,56.30,52.71,55.64,54022
NTRS,20090505,54.19,54.60,53.00,53.54,42942
NTRS,20090506,54.82,55.97,53.43,55.41,52995
NTRS,20090507,56.73,56.73,51.53,52.35,72869
NTRS,20090508,53.14,55.30,51.53,55.29,66664
NTRS,20090511,53.84,54.18,52.64,52.71,45527
NTRS,20090512,52.88,54.93,52.05,53.51,46774
NTRS,20090513,52.54,53.73,52.01,52.40,49185
NTRS,20090514,53.12,55.16,52.76,55.00,46050
NTRS,20090515,54.62,55.00,53.36,53.55,30245
NTRS,20090518,54.55,54.94,52.74,54.89,53762
NTRS,20090519,54.11,54.85,52.14,52.39,47188
NTRS,20090520,53.05,54.09,50.66,50.91,45356
NTRS,20090521,50.51,51.75,50.40,51.50,34803
NTRS,20090522,51.54,52.60,50.91,52.00,29938
NTRS,20090526,51.10,54.92,51.10,54.92,33206
NTRS,20090527,54.82,54.85,53.30,53.42,35598
NTRS,20090528,53.60,55.75,53.06,55.47,34704
NTRS,20090529,55.27,57.65,54.46,57.65,36398
NTRS,20090601,57.75,58.28,55.79,56.53,37473
NTRS,20090602,56.39,57.28,55.35,55.73,31437
NTRS,20090603,55.68,55.85,54.62,55.28,27598
NTRS,20090604,55.26,57.17,55.18,57.16,29344
NTRS,20090605,57.58,57.94,54.86,55.59,25380
NTRS,20090608,54.43,56.18,54.43,55.38,24517
NTRS,20090609,55.39,57.08,55.39,56.36,24967
NTRS,20090610,56.55,56.76,54.29,54.99,19951
NTRS,20090611,55.20,56.72,54.94,55.35,20288
NTRS,20090612,55.09,55.49,54.44,55.19,15221
NTRS,20090615,54.50,55.49,53.99,54.18,22233
NTRS,20090616,54.46,54.49,52.70,52.73,32822
NTRS,20090617,52.58,52.83,51.14,51.15,34731
NTRS,20090618,51.57,52.94,51.28,52.50,26198
NTRS,20090619,53.29,54.35,52.01,54.29,37466
NTRS,20090622,53.54,54.12,51.71,51.88,34472
NTRS,20090623,52.44,52.68,51.39,51.87,27164
NTRS,20090624,52.66,53.38,52.18,52.79,22486
NTRS,20090625,52.04,53.87,51.95,53.87,20947
NTRS,20090626,53.40,53.87,52.75,53.00,41678
NTRS,20090629,53.30,54.02,52.79,54.01,22399
NTRS,20090630,53.92,54.70,53.37,53.68,27388
NTRS,20090701,54.51,54.65,52.75,53.48,26157
NTRS,20090702,53.01,53.74,52.62,52.76,26462
NTRS,20090706,52.04,54.30,52.01,54.15,27887
NTRS,20090707,54.24,54.44,53.50,53.50,26485
NTRS,20090708,53.67,54.47,53.24,54.24,49867
NTRS,20090709,54.31,56.07,54.31,55.38,28274
NTRS,20090710,54.94,55.36,53.99,54.31,19153
NTRS,20090713,54.63,56.87,54.33,56.77,38453
NTRS,20090714,57.48,57.49,56.61,57.05,24603
NTRS,20090715,57.49,59.09,56.91,58.60,28556
NTRS,20090716,58.30,58.79,57.55,58.45,19121
NTRS,20090717,58.27,58.41,57.40,57.73,17984
NTRS,20090720,58.07,58.31,57.36,57.91,20354
NTRS,20090721,57.87,57.90,56.25,57.54,29472
NTRS,20090722,57.11,58.91,56.97,57.94,30610
NTRS,20090723,58.02,59.31,57.10,58.86,35491
NTRS,20090724,58.67,58.67,57.02,57.70,21448
NTRS,20090727,57.50,58.34,57.34,58.15,15391
NTRS,20090728,57.36,58.35,56.82,57.83,17842
NTRS,20090729,58.20,58.85,57.27,58.54,16358
NTRS,20090730,59.56,60.54,58.40,60.04,19138
NTRS,20090731,59.97,60.30,59.26,59.81,16535
NTRS,20090803,60.06,60.71,59.74,60.36,23751
NTRS,20090804,60.05,61.19,59.83,61.19,24222
NTRS,20090805,61.27,61.79,60.80,61.35,23347
NTRS,20090806,61.71,61.79,60.20,60.82,30406
NTRS,20090807,60.84,62.35,60.84,61.70,17027
NTRS,20090810,61.70,61.70,60.96,61.39,12713
NTRS,20090811,61.05,61.38,60.47,60.82,20080
NTRS,20090812,60.75,61.81,60.72,61.05,16907
NTRS,20090813,60.99,61.43,60.00,61.00,16403
NTRS,20090814,60.54,61.19,60.03,61.17,13655
NTRS,20090817,60.10,60.40,59.81,59.90,17857
NTRS,20090818,60.07,60.45,60.07,60.38,11484
NTRS,20090819,59.63,60.36,59.60,59.92,12809
NTRS,20090820,60.32,61.18,59.84,61.11,14984
NTRS,20090821,60.63,61.64,59.77,60.35,24026
NTRS,20090824,60.13,60.90,59.13,59.30,17474
NTRS,20090825,59.48,60.24,58.97,60.11,16627
NTRS,20090826,59.71,60.03,58.81,59.86,21109
NTRS,20090827,59.58,60.00,59.25,59.79,13283
NTRS,20090828,59.97,59.99,58.42,58.54,14387
NTRS,20090831,58.24,58.56,57.63,58.46,18471
NTRS,20090901,58.20,58.59,56.24,56.34,27512
NTRS,20090902,56.02,57.44,56.01,56.81,20602
NTRS,20090903,56.92,57.48,56.14,57.39,16911
NTRS,20090904,57.46,58.48,57.02,58.38,16044
NTRS,20090908,58.02,58.80,58.01,58.74,13185
NTRS,20090909,58.27,58.97,58.15,58.82,13484
NTRS,20090910,59.01,59.31,57.84,58.84,16854
NTRS,20090911,58.99,59.15,58.47,58.58,16511
NTRS,20090914,58.23,59.47,58.01,59.31,10070
NTRS,20090915,59.14,59.80,58.93,59.22,18102
NTRS,20090916,58.96,60.02,58.40,60.00,29968
NTRS,20090917,60.05,60.85,58.39,58.79,29438
NTRS,20090918,58.85,59.00,58.17,58.73,29495
NTRS,20090921,58.52,58.60,58.02,58.32,15234
NTRS,20090922,58.65,58.99,58.34,58.85,13573
NTRS,20090923,58.81,60.23,58.52,58.66,18061
NTRS,20090924,59.21,59.44,57.77,58.16,17729
NTRS,20090925,58.08,58.11,57.10,57.61,16204
NTRS,20090928,57.98,58.68,57.69,58.68,13316
NTRS,20090929,58.71,59.17,58.30,58.45,15241
NTRS,20090930,58.42,58.94,57.70,58.16,18782
NTRS,20091001,58.06,58.16,56.93,57.09,20125
NTRS,20091002,56.80,57.75,56.40,56.48,16602
NTRS,20091005,56.96,57.68,56.50,57.52,15634
NTRS,20091006,57.74,58.50,57.09,57.85,12994
NTRS,20091007,57.58,58.47,57.16,58.20,14804
NTRS,20091008,58.69,59.61,58.31,59.51,19625
NTRS,20091009,59.69,60.46,59.20,60.45,16806
NTRS,20091012,60.47,60.84,59.99,60.27,11527
NTRS,20091013,59.81,60.39,58.84,59.14,21965
NTRS,20091014,59.99,60.09,58.70,59.17,30117
NTRS,20091015,59.04,59.90,58.65,59.90,25074
NTRS,20091016,59.27,59.73,57.97,58.25,21355
NTRS,20091019,58.00,58.82,58.00,58.28,14755
NTRS,20091020,58.12,58.42,56.96,57.45,26621
NTRS,20091021,54.65,55.22,52.69,54.16,85554
NTRS,20091022,53.91,54.23,52.40,53.90,54616
NTRS,20091023,53.82,53.87,52.90,53.14,21956
NTRS,20091026,53.19,53.58,51.64,51.94,31170
NTRS,20091027,51.76,52.55,51.59,51.62,26303
NTRS,20091028,51.53,51.72,49.96,49.98,23648
NTRS,20091029,50.59,51.46,50.50,51.31,26648
NTRS,20091030,51.00,51.09,49.71,50.25,39317
NTRS,20091102,50.48,51.37,49.93,50.67,33249
NTRS,20091103,50.05,50.60,49.33,49.64,26682
NTRS,20091104,49.93,50.49,49.62,49.79,32210
NTRS,20091105,50.06,50.55,49.46,50.42,23786
NTRS,20091106,50.08,50.53,49.35,49.73,26384
NTRS,20091109,50.11,50.98,49.85,50.98,21636
NTRS,20091110,50.50,51.14,50.36,50.95,19620
NTRS,20091111,51.23,52.16,51.23,51.64,19990
NTRS,20091112,51.35,51.46,49.03,49.18,38109
NTRS,20091113,49.18,49.36,47.90,48.04,42015
NTRS,20091116,48.17,48.95,47.71,47.91,38911
NTRS,20091117,48.21,48.69,47.76,48.59,30080
NTRS,20091118,48.58,48.73,48.07,48.68,25817
NTRS,20091119,48.37,48.51,47.35,47.67,22684
NTRS,20091120,47.68,47.68,47.02,47.24,29018
NTRS,20091123,47.76,48.49,47.59,48.16,19282
NTRS,20091124,48.02,48.18,47.53,48.07,19377
NTRS,20091125,48.18,48.50,47.88,48.21,19268
NTRS,20091127,47.01,48.46,46.72,47.69,15041
NTRS,20091130,47.74,49.51,47.62,49.49,29825
NTRS,20091201,49.64,49.71,48.89,49.38,25545
NTRS,20091202,49.50,50.30,49.38,50.02,18541
NTRS,20091203,50.32,50.32,48.76,48.76,41068
NTRS,20091204,49.51,49.74,48.18,48.69,31302
NTRS,20091207,48.38,48.51,47.85,48.07,22643
NTRS,20091208,47.65,48.08,47.20,47.30,27325
NTRS,20091209,47.28,47.59,46.89,47.49,19572
NTRS,20091210,47.66,48.05,47.52,47.66,26616
NTRS,20091211,47.92,48.13,47.36,48.12,24992
NTRS,20091214,48.24,48.54,47.81,48.53,30746
NTRS,20091215,48.02,48.68,48.02,48.39,20984
NTRS,20091216,48.69,48.99,48.17,48.97,25937
NTRS,20091217,48.74,49.08,48.37,48.86,26869
NTRS,20091218,49.43,50.07,49.25,50.07,38949
NTRS,20091221,50.14,50.68,49.94,50.63,16075
NTRS,20091222,50.75,51.36,50.58,51.28,21120
NTRS,20091223,51.44,52.09,51.30,51.89,15474
NTRS,20091224,51.95,52.33,51.77,52.20,5852
NTRS,20091228,52.38,52.58,51.95,52.34,11733
NTRS,20091229,52.51,52.66,52.24,52.27,11388
NTRS,20091230,51.99,52.66,51.79,52.61,9348
NTRS,20091231,52.84,52.89,52.40,52.40,12671
NTRS,20100104,52.09,52.75,52.09,52.53,19671
NTRS,20100105,52.00,52.74,52.00,52.46,21261
NTRS,20100106,52.33,52.60,51.63,51.70,22412
NTRS,20100107,51.54,52.34,51.40,52.19,20010
NTRS,20100108,51.95,52.56,51.70,52.42,13677
NTRS,20100111,51.62,52.08,50.41,51.04,29253
NTRS,20100112,50.84,51.70,50.58,50.95,20189
NTRS,20100113,51.13,51.76,50.73,51.55,15173
NTRS,20100114,51.38,51.66,51.00,51.30,20126
NTRS,20100115,51.28,51.76,50.81,51.55,20519
NTRS,20100119,51.55,52.65,51.53,52.43,18971
NTRS,20100120,54.17,56.11,53.59,55.44,48632
NTRS,20100121,54.51,55.08,53.44,53.51,30397
NTRS,20100122,53.52,54.07,51.73,52.07,31574
NTRS,20100125,52.72,52.76,51.59,51.99,12141
NTRS,20100126,51.66,52.16,50.93,50.93,12986
NTRS,20100127,50.99,52.63,50.79,52.49,18901
NTRS,20100128,52.92,52.92,51.17,51.59,16158
NTRS,20100129,51.76,51.86,50.51,50.52,19336
NTRS,20100201,51.62,52.69,51.55,52.17,17648
NTRS,20100202,52.32,52.48,51.83,52.12,12119
NTRS,20100203,51.90,52.07,51.42,51.61,11149
NTRS,20100204,51.17,51.45,49.88,49.89,21335
NTRS,20100205,49.88,50.56,48.89,50.54,25484
NTRS,20100208,50.73,51.46,49.92,49.99,17808
NTRS,20100209,50.40,50.92,49.60,50.08,18690
NTRS,20100210,49.99,50.87,49.96,50.56,17731
NTRS,20100211,50.47,50.59,49.91,50.34,12276
NTRS,20100212,50.00,50.28,49.55,50.01,17890
NTRS,20100216,50.22,50.99,50.05,50.99,13256
NTRS,20100217,51.32,51.99,50.75,51.84,20458
NTRS,20100218,51.78,52.60,51.63,52.47,14991
NTRS,20100219,52.50,54.88,52.40,54.60,43494
NTRS,20100222,54.53,55.01,53.91,54.65,24579
NTRS,20100223,54.64,54.76,53.21,53.46,14835
NTRS,20100224,53.81,54.10,53.30,53.56,15800
NTRS,20100225,52.85,53.14,52.32,53.11,18318
NTRS,20100226,53.36,53.51,52.70,53.29,12416
NTRS,20100301,53.32,53.54,52.94,53.44,10965
NTRS,20100302,53.49,53.72,53.18,53.41,12734
NTRS,20100303,53.28,53.80,53.28,53.46,9232
NTRS,20100304,53.55,53.84,53.36,53.76,9287
NTRS,20100305,54.11,54.90,53.77,54.89,14121
NTRS,20100308,54.47,55.00,54.37,54.90,14891
NTRS,20100309,54.62,55.15,54.21,54.80,12254
NTRS,20100310,54.74,54.99,53.70,54.03,25095
NTRS,20100311,53.85,54.22,53.42,54.05,17769
NTRS,20100312,54.30,54.55,53.89,53.97,17887
NTRS,20100315,54.08,54.39,53.79,54.26,19363
NTRS,20100316,54.25,54.86,54.17,54.81,15133
NTRS,20100317,55.10,56.00,54.93,55.80,15844
NTRS,20100318,55.89,55.97,55.26,55.62,12505
NTRS,20100319,55.87,56.01,54.48,55.45,19226
NTRS,20100322,55.30,55.87,55.10,55.63,11463
NTRS,20100323,55.93,55.93,55.28,55.79,9441
NTRS,20100324,55.43,55.68,55.05,55.16,9542
NTRS,20100325,55.40,56.50,55.22,55.98,17997
NTRS,20100326,55.82,55.99,55.16,55.35,16099
NTRS,20100329,55.66,55.68,54.87,55.19,16410
NTRS,20100330,55.11,55.19,54.45,54.65,13967
NTRS,20100331,54.38,55.48,54.30,55.26,18707
NTRS,20100401,55.42,56.75,55.25,56.64,19372
NTRS,20100405,56.74,57.18,56.34,57.17,15153
NTRS,20100406,56.83,57.47,56.62,57.45,17590
NTRS,20100407,57.22,57.44,56.78,56.91,15630
NTRS,20100408,57.00,58.01,56.63,57.82,20646
NTRS,20100409,57.76,58.55,57.66,58.01,20821
NTRS,20100412,58.32,58.84,58.12,58.77,17069
NTRS,20100413,58.57,59.16,58.49,59.02,21289
NTRS,20100414,59.12,59.36,57.94,58.96,30524
NTRS,20100415,58.67,58.97,58.41,58.65,20931
NTRS,20100416,58.67,58.87,56.76,57.39,31283
NTRS,20100419,57.49,58.37,57.29,58.37,16729
NTRS,20100420,55.23,56.01,54.75,55.37,75490
NTRS,20100421,55.23,55.59,54.46,54.73,35442
NTRS,20100422,54.63,55.73,53.88,55.63,31973
NTRS,20100423,55.47,56.39,55.12,56.31,22318
NTRS,20100426,56.34,56.35,55.30,55.31,18643
NTRS,20100427,55.08,55.63,54.26,54.34,23727
NTRS,20100428,54.65,55.04,54.01,54.37,15089
NTRS,20100429,54.50,55.86,54.50,55.65,22262
NTRS,20100430,55.50,56.13,54.83,54.98,22091
NTRS,20100503,54.55,55.25,54.53,54.90,16194
NTRS,20100504,54.50,54.78,53.61,53.92,18326
NTRS,20100505,53.28,54.74,53.27,53.93,15484
NTRS,20100506,53.87,54.16,49.93,51.67,28832
NTRS,20100507,51.46,53.10,51.01,51.80,45395
NTRS,20100510,53.59,55.50,53.35,55.11,25648
NTRS,20100511,54.57,55.08,54.16,54.45,20388
NTRS,20100512,54.71,55.44,54.16,55.34,20547
NTRS,20100513,55.08,55.42,54.24,54.28,14318
NTRS,20100514,54.01,54.16,52.91,53.18,25390
NTRS,20100517,53.09,53.94,52.82,53.82,15756
NTRS,20100518,54.14,54.33,52.50,52.79,18410
NTRS,20100519,52.71,53.42,51.84,52.35,15822
NTRS,20100520,51.28,51.61,50.09,50.10,17289
NTRS,20100521,49.26,52.05,49.25,51.88,27010
NTRS,20100524,52.19,52.24,50.64,50.65,17645
NTRS,20100525,49.62,50.93,49.50,50.78,26048
NTRS,20100526,51.12,51.90,50.26,50.48,15934
NTRS,20100527,51.25,52.20,51.19,51.97,21153
NTRS,20100528,52.20,52.27,50.60,50.81,22298
NTRS,20100601,50.62,50.81,49.53,49.82,19121
NTRS,20100602,49.95,51.14,49.83,51.11,13028
NTRS,20100603,50.77,51.42,50.49,50.93,12477
NTRS,20100604,49.95,50.15,48.92,49.02,22279
NTRS,20100607,49.20,49.76,48.50,48.50,14580
NTRS,20100608,48.78,49.16,47.74,49.06,14923
NTRS,20100609,49.13,49.80,48.61,48.75,16112
NTRS,20100610,49.25,49.61,48.97,49.50,19909
NTRS,20100611,48.90,50.00,48.79,49.93,15833
NTRS,20100614,50.17,50.34,49.28,49.34,16436
NTRS,20100615,49.52,50.81,49.40,50.76,13125
NTRS,20100616,50.66,51.52,50.41,51.32,15262
NTRS,20100617,51.31,51.40,50.49,50.90,18424
NTRS,20100618,50.67,51.00,50.02,50.30,29005
NTRS,20100621,50.78,50.98,49.09,49.39,23847
NTRS,20100622,49.49,49.73,48.55,48.61,19882
NTRS,20100623,48.59,48.75,48.20,48.45,20184
NTRS,20100624,48.14,48.47,47.33,47.44,23096
NTRS,20100625,47.53,49.12,47.53,48.44,56593
NTRS,20100628,48.48,48.85,47.97,48.30,16212
NTRS,20100629,47.82,48.22,47.05,47.42,33806
NTRS,20100630,47.13,47.75,46.60,46.70,24592
NTRS,20100701,46.73,47.19,45.98,46.57,31882
NTRS,20100702,46.66,46.78,45.45,45.81,35223
NTRS,20100706,46.41,46.69,45.59,45.96,21192
NTRS,20100707,46.94,49.32,46.91,49.14,48798
NTRS,20100708,49.30,49.38,47.31,47.90,34346
NTRS,20100709,47.90,48.73,47.59,48.53,16966
NTRS,20100712,48.24,49.22,48.24,49.09,19805
NTRS,20100713,49.67,50.36,49.41,50.14,29921
NTRS,20100714,49.62,50.00,49.24,49.78,15526
NTRS,20100715,49.60,49.96,49.13,49.73,14265
NTRS,20100716,49.38,49.66,48.32,48.36,22122
NTRS,20100719,48.52,48.77,47.97,48.56,13828
NTRS,20100720,48.07,49.32,47.71,49.32,28936
NTRS,20100721,49.95,50.18,46.98,47.16,34610
NTRS,20100722,47.80,47.92,46.65,46.97,32791
NTRS,20100723,47.04,47.65,46.81,47.51,13757
NTRS,20100726,47.56,48.35,47.30,48.22,15618
NTRS,20100727,48.38,49.06,48.02,48.26,12419
NTRS,20100728,48.37,48.67,47.51,47.64,10715
NTRS,20100729,48.16,48.70,47.24,47.49,11481
NTRS,20100730,47.01,47.45,46.54,46.99,12201
NTRS,20100802,47.48,48.78,47.48,48.52,18672
NTRS,20100803,48.49,48.70,47.86,48.32,14805
NTRS,20100804,48.63,48.70,48.10,48.51,16535
NTRS,20100805,48.11,49.31,48.11,49.11,20790
NTRS,20100806,48.81,49.04,47.73,48.57,19873
NTRS,20100809,48.82,49.18,48.60,48.98,14163
NTRS,20100810,48.60,49.66,48.50,49.14,18676
NTRS,20100811,48.41,50.62,48.41,49.10,41386
NTRS,20100812,48.72,50.85,48.72,50.19,45896
NTRS,20100813,50.12,50.37,49.20,49.39,23148
NTRS,20100816,49.76,50.13,48.46,49.63,37312
NTRS,20100817,49.93,50.51,49.34,50.50,31046
NTRS,20100818,50.48,50.74,49.78,49.81,22760
NTRS,20100819,50.00,50.00,48.23,48.30,24533
NTRS,20100820,48.28,48.45,47.77,48.31,20340
NTRS,20100823,48.54,48.66,47.70,47.72,14988
NTRS,20100824,47.31,47.47,46.88,46.94,18276
NTRS,20100825,46.75,46.85,45.95,46.50,19687
NTRS,20100826,46.49,46.85,45.71,45.86,18869
NTRS,20100827,46.25,47.08,45.85,47.05,17007
NTRS,20100830,46.77,46.88,45.80,45.84,14771
NTRS,20100831,45.58,46.37,45.30,46.13,15192
NTRS,20100901,46.52,47.45,46.37,47.40,19385
NTRS,20100902,47.28,47.66,46.79,47.22,16338
NTRS,20100903,47.74,49.01,47.63,48.86,27630
NTRS,20100907,48.55,48.85,47.64,47.71,13534
NTRS,20100908,47.64,48.31,47.43,47.83,11848
NTRS,20100909,48.37,48.60,47.59,47.94,11130
NTRS,20100910,48.10,48.30,47.59,47.70,12923
NTRS,20100913,48.44,49.03,48.27,48.98,16984
NTRS,20100914,48.93,48.93,48.16,48.61,12428
NTRS,20100915,48.23,48.73,48.07,48.68,12720
NTRS,20100916,49.00,49.62,48.67,49.25,21129
NTRS,20100917,49.41,49.52,48.73,49.04,18633
NTRS,20100920,49.25,49.58,48.50,49.48,23531
NTRS,20100921,49.67,49.78,48.21,48.44,15420
NTRS,20100922,48.50,48.65,47.50,47.54,18659
NTRS,20100923,47.20,47.61,46.95,46.97,17329
NTRS,20100924,47.54,48.67,47.32,48.64,18071
NTRS,20100927,48.43,48.48,47.92,47.97,18451
NTRS,20100928,47.98,48.20,47.23,48.10,10542
NTRS,20100929,47.84,48.42,47.52,47.82,13954
NTRS,20100930,48.31,49.20,48.00,48.24,11918
NTRS,20101001,48.74,49.00,47.97,48.72,13999
NTRS,20101004,48.32,48.51,47.44,47.67,13460
NTRS,20101005,47.95,48.88,47.79,48.60,18692
NTRS,20101006,48.64,48.91,48.39,48.89,9079
NTRS,20101007,48.91,49.00,47.89,48.22,13318
NTRS,20101008,48.23,48.48,47.91,48.35,11565
NTRS,20101011,48.38,49.11,48.11,48.95,13262
NTRS,20101012,48.78,49.35,48.50,49.26,14450
NTRS,20101013,49.42,49.66,48.73,49.48,18213
NTRS,20101014,49.20,49.56,48.69,49.30,18779
NTRS,20101015,49.55,49.60,48.44,48.74,21432
NTRS,20101018,48.83,50.17,48.64,50.15,16722
NTRS,20101019,49.49,50.05,49.12,49.29,29449
NTRS,20101020,49.26,49.48,48.73,48.92,19932
NTRS,20101021,47.89,48.55,47.02,47.41,39520
NTRS,20101022,47.25,48.10,47.21,47.81,17133
NTRS,20101025,47.98,48.37,47.88,48.02,20890
NTRS,20101026,50.05,50.69,49.50,50.57,66439
NTRS,20101027,50.11,50.56,49.13,50.31,37865
NTRS,20101028,50.21,50.50,49.17,50.02,24973
NTRS,20101029,49.54,49.92,49.35,49.63,18098
NTRS,20101101,49.86,49.93,48.86,49.41,15751
NTRS,20101102,49.73,50.86,49.60,50.61,20696
NTRS,20101103,50.55,50.81,49.70,50.42,15808
NTRS,20101104,50.83,51.64,50.68,51.63,19687
NTRS,20101105,50.96,52.60,50.69,51.88,31269
NTRS,20101108,51.90,51.90,50.94,51.30,11961
NTRS,20101109,51.46,51.50,50.41,50.53,13177
NTRS,20101110,50.36,51.49,50.18,51.44,14421
NTRS,20101111,50.76,51.38,50.52,51.20,8602
NTRS,20101112,50.67,51.37,50.50,50.60,12458
NTRS,20101115,50.76,51.93,50.76,51.30,13077
NTRS,20101116,50.92,51.38,50.43,50.59,15043
NTRS,20101117,50.56,50.62,50.10,50.43,11229
NTRS,20101118,50.76,51.43,50.73,51.05,9054
NTRS,20101119,50.95,51.21,50.36,51.17,10493
NTRS,20101122,51.00,51.08,50.51,50.86,10748
NTRS,20101123,50.27,50.51,49.90,50.34,12508
NTRS,20101124,50.67,51.21,50.41,51.17,8295
NTRS,20101126,50.71,51.24,50.63,50.73,3848
NTRS,20101129,50.51,51.03,50.04,50.59,9700
NTRS,20101130,50.27,50.76,50.10,50.30,10430
NTRS,20101201,51.07,51.60,50.68,51.52,16559
NTRS,20101202,51.67,53.12,51.55,52.99,15860
NTRS,20101203,52.79,52.91,51.96,52.82,11902
NTRS,20101206,52.69,52.90,52.51,52.64,10141
NTRS,20101207,53.35,53.40,52.12,52.51,25103
NTRS,20101208,52.29,52.68,52.17,52.55,16351
NTRS,20101209,53.22,53.72,52.61,53.60,25356
NTRS,20101210,53.73,54.14,53.31,54.10,14752
NTRS,20101213,54.31,54.63,53.90,54.46,19437
NTRS,20101214,54.57,55.05,54.29,54.50,16011
NTRS,20101215,54.55,55.09,54.15,54.15,15385
NTRS,20101216,54.19,54.82,54.14,54.70,16296
NTRS,20101217,54.60,54.70,54.03,54.26,26866
NTRS,20101220,54.70,54.81,53.99,54.25,15385
NTRS,20101221,54.72,54.92,54.10,54.90,18120
NTRS,20101222,54.98,55.97,54.91,55.73,15874
NTRS,20101223,55.76,55.82,55.14,55.30,9615
NTRS,20101227,55.00,55.65,55.00,55.58,10940
NTRS,20101228,55.65,55.75,55.29,55.70,6666
NTRS,20101229,55.75,56.05,55.50,55.51,9424
NTRS,20101230,55.56,55.72,55.27,55.50,7888
NTRS,20101231,55.35,55.73,55.32,55.41,10719
NTRS,20110103,55.81,56.46,55.80,55.93,22239
NTRS,20110104,55.90,56.19,55.60,56.00,15556
NTRS,20110105,55.89,56.86,55.49,56.55,23887
NTRS,20110106,56.44,56.65,56.04,56.35,11903
NTRS,20110107,56.44,56.52,55.02,55.26,20601
NTRS,20110110,55.06,55.41,54.68,54.71,1564600
NTRS,20110111,54.84,55.28,54.80,54.85,1298500
NTRS,20110112,55.13,56.18,55.13,55.90,2003300
NTRS,20110113,55.99,56.14,55.49,55.50,1400100
NTRS,20110114,55.39,56.14,55.36,55.88,2056100
NTRS,20110118,55.58,56.10,55.46,55.64,2693000
NTRS,20110119,53.50,54.40,52.47,52.49,4939800
NTRS,20110120,52.45,53.16,52.40,52.91,2665800
NTRS,20110121,53.27,53.33,52.68,52.91,2194100
NTRS,20110124,52.93,53.20,52.27,52.56,2276600
NTRS,20110125,52.47,52.84,52.01,52.59,1791600
NTRS,20110126,52.66,52.85,52.36,52.55,1735900
NTRS,20110127,52.51,53.28,52.19,52.51,1717800
NTRS,20110128,52.10,53.04,51.42,51.69,2161200
NTRS,20110131,51.95,52.31,51.61,51.98,1610500
NTRS,20110201,52.38,52.80,52.20,52.30,1779000
NTRS,20110202,52.25,52.47,51.75,51.88,1751000
NTRS,20110203,51.96,52.32,51.77,52.02,1858300
NTRS,20110204,52.04,52.19,51.79,51.84,2608500
NTRS,20110207,51.92,52.44,51.88,52.12,2531600
NTRS,20110208,52.25,52.87,51.99,52.49,1824600
NTRS,20110209,52.22,52.43,51.84,52.11,1401900
NTRS,20110210,51.92,52.44,51.82,52.02,1673700
NTRS,20110211,51.46,52.90,51.43,52.86,1890200
NTRS,20110214,52.90,52.95,52.51,52.64,990700
NTRS,20110215,52.41,52.99,52.27,52.83,976600
NTRS,20110216,52.97,54.08,52.81,54.00,2409100
NTRS,20110217,53.17,54.14,53.16,54.04,1552300
NTRS,20110218,54.06,54.90,53.74,54.55,1610800
NTRS,20110222,53.84,54.00,52.87,52.95,1516800
NTRS,20110223,53.05,53.20,52.11,52.40,1032800
NTRS,20110224,52.28,52.59,51.73,52.14,1211700
NTRS,20110225,52.33,52.57,52.07,52.21,1592100
NTRS,20110228,52.47,52.57,51.51,51.57,1869000
NTRS,20110301,51.67,51.79,51.06,51.08,1706100
NTRS,20110302,51.03,51.52,50.74,51.07,1152200
NTRS,20110303,51.52,52.17,51.44,51.83,1623900
NTRS,20110304,51.70,51.84,50.86,51.44,1110500
NTRS,20110307,51.57,51.83,50.89,50.94,976700
NTRS,20110308,50.93,52.10,50.80,51.93,1371000
NTRS,20110309,51.89,52.06,51.36,52.06,1050500
NTRS,20110310,51.41,51.53,50.68,50.94,1370500
NTRS,20110311,50.78,51.28,50.78,50.95,1161400
NTRS,20110314,50.47,50.78,50.18,50.55,1080900
NTRS,20110315,49.32,50.11,49.15,49.78,1943800
NTRS,20110316,49.77,49.89,48.93,49.24,1853400
NTRS,20110317,49.92,49.96,49.39,49.81,1115800
NTRS,20110318,50.37,50.46,49.77,49.94,1585600
NTRS,20110321,50.50,50.84,50.29,50.43,1303900
NTRS,20110322,50.50,50.80,50.33,50.44,785400
NTRS,20110323,50.19,50.52,49.81,50.35,644500
NTRS,20110324,50.78,51.11,50.40,51.02,842100
NTRS,20110325,51.09,51.12,50.55,50.68,835600
NTRS,20110328,50.33,50.99,50.14,50.41,1676600
NTRS,20110329,50.36,50.63,50.15,50.55,868500
NTRS,20110330,50.77,51.42,50.75,51.12,936500
NTRS,20110331,50.88,51.11,50.51,50.75,1204400
NTRS,20110401,51.29,51.78,50.82,51.69,1713900
NTRS,20110404,51.87,51.98,51.61,51.81,975800
NTRS,20110405,51.54,51.89,51.54,51.70,957700
NTRS,20110406,51.89,52.35,51.77,52.34,808600
NTRS,20110407,52.20,52.33,51.73,52.24,1166800
NTRS,20110408,52.50,52.50,52.04,52.12,1042600
NTRS,20110411,52.25,52.57,52.15,52.36,1066000
NTRS,20110412,52.03,52.18,51.71,51.96,1188500
NTRS,20110413,52.32,52.45,51.52,51.63,1391900
NTRS,20110414,51.29,51.78,51.07,51.63,925500
NTRS,20110415,51.86,52.04,51.48,51.78,1034300
NTRS,20110418,51.44,51.50,50.85,51.40,1472000
NTRS,20110419,50.61,51.28,48.64,48.67,5272900
NTRS,20110420,49.22,49.59,48.66,49.03,2693200
NTRS,20110421,49.20,49.63,49.00,49.38,1345100
NTRS,20110425,49.08,49.42,48.71,48.98,2135200
NTRS,20110426,49.18,49.70,48.96,49.65,1838800
