NVS,20090115,46.31,47.03,45.63,46.97,14566
NVS,20090116,47.60,47.65,46.77,47.34,12814
NVS,20090120,46.88,47.20,46.30,46.42,14475
NVS,20090121,45.92,46.08,45.10,45.81,16245
NVS,20090122,44.85,45.64,44.78,45.42,15729
NVS,20090123,44.06,45.22,43.97,45.09,23936
NVS,20090126,45.74,46.37,45.51,46.13,22231
NVS,20090127,45.37,45.77,44.84,45.25,23495
NVS,20090128,43.48,43.54,42.45,42.96,73306
NVS,20090129,41.30,41.54,41.16,41.26,48045
NVS,20090130,41.49,41.65,40.84,41.26,33151
NVS,20090202,40.75,41.31,40.67,40.91,20783
NVS,20090203,42.21,42.87,41.97,42.54,38547
NVS,20090204,42.25,42.51,41.71,41.87,18281
NVS,20090205,42.09,42.50,41.80,41.89,21868
NVS,20090206,41.53,42.37,41.51,42.08,16190
NVS,20090209,42.81,42.81,42.24,42.40,11201
NVS,20090210,42.87,43.19,41.96,42.20,16769
NVS,20090211,42.37,42.58,41.83,42.09,16577
NVS,20090212,42.26,43.03,41.88,43.03,15671
NVS,20090213,42.63,43.00,42.55,42.73,51056
NVS,20090217,42.01,42.20,41.55,41.79,33352
NVS,20090218,41.85,41.97,41.45,41.90,20562
NVS,20090219,41.10,41.43,40.91,41.11,17550
NVS,20090220,40.12,41.24,40.09,40.85,20188
NVS,20090223,41.61,41.71,40.26,40.38,20293
NVS,20090224,38.20,38.99,37.80,38.85,27860
NVS,20090225,37.83,38.12,37.35,37.69,33454
NVS,20090226,37.62,37.81,36.19,36.31,32102
NVS,20090227,36.56,36.70,36.18,36.25,48619
NVS,20090302,35.39,35.58,34.49,34.61,26495
NVS,20090303,35.02,35.03,33.78,33.96,25404
NVS,20090304,33.45,34.68,33.34,34.28,24495
NVS,20090305,34.94,35.25,34.17,34.41,36367
NVS,20090306,35.41,35.50,34.17,34.74,35483
NVS,20090309,34.93,35.15,34.29,34.53,39546
NVS,20090310,34.30,34.86,34.23,34.70,31294
NVS,20090311,34.81,34.90,33.82,34.10,24226
NVS,20090312,34.80,35.16,34.39,35.07,25440
NVS,20090313,34.87,35.83,34.78,35.65,20463
NVS,20090316,36.68,36.93,36.24,36.36,17908
NVS,20090317,36.73,37.34,36.51,37.34,24310
NVS,20090318,37.62,38.42,36.88,37.98,24347
NVS,20090319,38.21,38.21,37.62,37.79,27472
NVS,20090320,38.29,38.39,37.42,37.66,10542
NVS,20090323,37.46,38.48,37.39,38.46,15921
NVS,20090324,38.03,38.39,37.82,37.85,16279
NVS,20090325,37.97,38.79,37.83,38.52,14730
NVS,20090326,38.39,38.89,38.02,38.84,20719
NVS,20090327,37.58,37.71,36.89,37.02,18847
NVS,20090330,36.47,36.64,36.15,36.55,12497
NVS,20090331,37.58,38.19,37.17,37.83,14871
NVS,20090401,37.40,38.28,37.17,38.18,14001
NVS,20090402,39.12,39.20,38.17,38.33,27904
NVS,20090403,37.67,37.77,37.21,37.51,19468
NVS,20090406,37.11,37.50,36.81,37.21,14323
NVS,20090407,37.79,37.79,37.19,37.31,13347
NVS,20090408,37.05,37.48,36.92,37.27,11937
NVS,20090409,36.75,36.97,36.48,36.94,19909
NVS,20090413,36.89,37.61,36.88,37.41,12066
NVS,20090414,36.74,37.10,36.59,37.03,21572
NVS,20090415,36.59,37.21,36.59,37.04,14447
NVS,20090416,37.02,37.41,36.84,37.30,12595
NVS,20090417,37.11,37.36,36.31,36.52,15125
NVS,20090420,36.04,36.07,35.57,35.65,12484
NVS,20090421,35.30,35.70,35.20,35.62,31918
NVS,20090422,35.66,35.82,35.21,35.42,20222
NVS,20090423,36.13,36.91,35.87,36.78,20935
NVS,20090424,37.19,37.30,36.75,36.85,23234
NVS,20090427,36.66,36.97,36.30,36.47,28799
NVS,20090428,36.79,37.25,36.75,37.08,22791
NVS,20090429,37.30,38.15,37.26,37.94,33126
NVS,20090430,38.62,38.65,37.78,37.91,28287
NVS,20090501,37.95,38.10,37.70,37.88,13972
NVS,20090504,37.78,38.65,37.74,38.58,15604
NVS,20090505,37.72,37.86,37.43,37.69,14887
NVS,20090506,38.70,38.70,38.19,38.60,27496
NVS,20090507,38.21,38.57,38.02,38.29,16523
NVS,20090508,37.96,38.42,37.66,38.36,59305
NVS,20090511,37.74,38.06,37.68,37.93,15074
NVS,20090512,38.97,39.15,38.46,38.62,33013
NVS,20090513,39.99,40.28,39.69,39.82,24815
NVS,20090514,40.19,40.26,40.00,40.11,21178
NVS,20090515,39.53,39.91,38.97,39.23,18185
NVS,20090518,39.52,39.72,39.12,39.67,14929
NVS,20090519,39.75,40.05,39.57,39.91,11829
NVS,20090520,40.20,40.60,40.20,40.25,11745
NVS,20090521,39.47,40.34,39.47,40.25,13669
NVS,20090522,40.19,40.41,39.99,40.08,8004
NVS,20090526,39.86,40.55,39.82,40.38,8098
NVS,20090527,40.48,40.49,39.92,39.98,8799
NVS,20090528,39.67,39.83,39.38,39.62,9851
NVS,20090529,39.95,40.14,39.64,40.02,14330
NVS,20090601,40.35,40.74,40.14,40.34,10847
NVS,20090602,39.26,39.99,39.25,39.80,19115
NVS,20090603,39.72,39.81,39.45,39.70,10324
NVS,20090604,39.96,40.28,39.84,40.04,11671
NVS,20090605,39.71,39.76,39.28,39.47,12382
NVS,20090608,39.64,40.03,39.48,39.83,13427
NVS,20090609,40.22,40.28,39.92,40.16,8705
NVS,20090610,39.87,39.89,39.30,39.61,16867
NVS,20090611,39.99,40.53,39.93,40.29,12101
NVS,20090612,41.56,42.06,41.43,41.95,26393
NVS,20090615,41.65,41.65,40.70,40.89,11564
NVS,20090616,41.17,41.43,40.92,40.92,8023
NVS,20090617,41.21,42.07,41.21,41.87,17872
NVS,20090618,41.68,42.06,41.60,41.85,15485
NVS,20090619,41.79,42.25,41.79,41.94,9958
NVS,20090622,41.71,41.72,41.02,41.15,9345
NVS,20090623,42.40,42.44,41.98,42.22,18496
NVS,20090624,41.67,42.02,41.13,41.40,9766
NVS,20090625,40.29,41.18,40.23,41.16,23548
NVS,20090626,40.72,41.45,40.66,41.34,12323
NVS,20090629,40.64,41.21,40.57,41.17,5852
NVS,20090630,40.85,40.96,40.36,40.79,13450
NVS,20090701,41.16,41.50,41.03,41.30,14076
NVS,20090702,40.48,40.48,40.12,40.12,6573
NVS,20090706,40.11,40.50,40.03,40.49,6117
NVS,20090707,40.00,40.10,39.59,39.59,10594
NVS,20090708,40.16,40.36,39.61,39.85,12609
NVS,20090709,40.15,40.25,39.95,40.05,9597
NVS,20090710,39.04,39.37,38.97,39.22,8501
NVS,20090713,39.45,39.94,39.28,39.81,7627
NVS,20090714,39.92,40.02,39.46,39.75,10595
NVS,20090715,40.58,41.04,40.37,40.95,11257
NVS,20090716,41.97,42.22,41.73,42.00,23029
NVS,20090717,42.47,42.58,42.25,42.39,12628
NVS,20090720,43.82,43.85,43.18,43.42,17999
NVS,20090721,44.05,44.08,43.68,43.93,9852
NVS,20090722,43.83,44.24,43.77,44.03,10815
NVS,20090723,43.46,44.60,43.43,44.24,10868
NVS,20090724,43.96,44.38,43.85,44.33,6280
NVS,20090727,44.05,44.18,43.61,44.12,7252
NVS,20090728,44.02,44.24,43.69,44.22,6807
NVS,20090729,43.89,44.01,43.39,43.63,12499
NVS,20090730,44.19,44.79,43.93,44.61,12678
NVS,20090731,44.95,45.86,44.87,45.62,16443
NVS,20090803,45.34,46.00,45.30,45.86,8056
NVS,20090804,45.18,45.55,45.13,45.47,9072
NVS,20090805,45.68,45.79,45.44,45.62,18489
NVS,20090806,45.26,45.38,44.94,45.15,8731
NVS,20090807,44.99,45.07,44.54,44.78,17948
NVS,20090810,44.31,44.50,44.17,44.40,14204
NVS,20090811,44.59,44.60,44.31,44.52,8256
NVS,20090812,45.00,45.31,44.91,45.08,6519
NVS,20090813,45.04,45.26,44.83,45.16,5988
NVS,20090814,45.10,45.19,44.57,45.00,5959
NVS,20090817,44.10,44.63,44.06,44.58,14727
NVS,20090818,44.39,44.91,44.39,44.87,7433
NVS,20090819,44.49,45.46,44.49,45.21,23184
NVS,20090820,45.16,45.32,44.90,45.15,15701
NVS,20090821,45.43,45.77,45.28,45.49,21127
NVS,20090824,45.17,45.48,45.11,45.30,13269
NVS,20090825,46.06,46.21,45.84,45.85,10450
NVS,20090826,46.00,46.14,45.77,45.98,7835
NVS,20090827,46.28,46.86,45.87,46.63,10076
NVS,20090828,46.82,46.87,46.17,46.41,7612
NVS,20090831,46.29,46.53,46.02,46.47,9115
NVS,20090901,46.08,46.52,45.70,45.93,11273
NVS,20090902,45.60,46.23,45.60,46.04,6917
NVS,20090903,45.81,45.90,45.50,45.79,8915
NVS,20090904,45.50,46.37,45.35,46.29,9766
NVS,20090908,47.13,47.45,46.92,47.32,8863
NVS,20090909,47.26,47.56,47.21,47.41,9383
NVS,20090910,47.03,47.65,46.93,47.60,10035
NVS,20090911,47.81,47.84,47.53,47.60,11975
NVS,20090914,47.65,47.91,47.55,47.70,13367
NVS,20090915,47.72,48.06,47.40,47.80,15312
NVS,20090916,48.49,48.68,48.15,48.60,15688
NVS,20090917,48.44,48.58,48.10,48.20,12360
NVS,20090918,48.89,49.00,48.01,48.22,16683
NVS,20090921,47.86,48.63,47.84,48.47,14761
NVS,20090922,49.81,49.81,49.02,49.14,15651
NVS,20090923,49.55,49.58,48.89,48.93,16852
NVS,20090924,49.23,49.29,48.59,48.77,12830
NVS,20090925,48.53,49.12,48.53,48.86,10823
NVS,20090928,48.92,49.47,48.92,49.14,8094
NVS,20090929,49.71,49.84,49.16,49.41,11604
NVS,20090930,50.21,50.50,49.75,50.38,27066
NVS,20091001,49.88,49.96,49.47,49.50,25446
NVS,20091002,49.14,49.73,49.14,49.59,11692
NVS,20091005,49.44,49.87,49.32,49.83,9427
NVS,20091006,50.11,50.42,49.94,50.13,14407
NVS,20091007,49.49,49.64,49.28,49.56,17152
NVS,20091008,49.95,50.30,49.83,50.10,8600
NVS,20091009,49.90,50.21,49.74,50.10,14946
NVS,20091012,50.98,51.17,50.50,50.62,13844
NVS,20091013,50.49,50.49,50.06,50.28,6018
NVS,20091014,50.91,51.04,50.54,51.00,9590
NVS,20091015,51.25,51.80,51.16,51.68,16695
NVS,20091016,51.06,51.50,50.84,51.11,22409
NVS,20091019,51.69,52.29,51.49,52.03,15293
NVS,20091020,52.33,52.39,51.92,52.16,20773
NVS,20091021,51.94,52.24,51.64,51.71,31461
NVS,20091022,52.25,52.25,51.80,52.20,18182
NVS,20091023,52.45,52.51,51.74,51.89,20931
NVS,20091026,51.98,52.14,50.83,51.00,16460
NVS,20091027,52.33,52.38,51.82,52.01,16848
NVS,20091028,52.20,52.41,51.58,51.61,16077
NVS,20091029,51.90,52.49,51.81,52.42,13199
NVS,20091030,52.66,52.78,51.81,51.95,13929
NVS,20091102,51.77,52.78,51.77,52.33,11117
NVS,20091103,51.48,52.20,51.46,52.13,11170
NVS,20091104,52.00,52.65,51.92,52.24,12282
NVS,20091105,52.51,52.92,52.33,52.58,12520
NVS,20091106,52.33,52.81,52.30,52.80,11755
NVS,20091109,53.61,53.66,53.33,53.58,11875
NVS,20091110,53.54,53.76,53.44,53.72,6388
NVS,20091111,53.81,53.81,53.21,53.47,5659
NVS,20091112,53.14,53.33,52.65,52.80,9403
NVS,20091113,53.08,53.43,52.80,53.24,5470
NVS,20091116,53.88,54.23,53.76,54.04,12246
NVS,20091117,53.30,53.57,53.21,53.50,7760
NVS,20091118,53.94,53.94,53.44,53.73,17958
NVS,20091119,53.25,53.32,52.73,53.29,16128
NVS,20091120,52.78,53.23,52.75,53.13,13731
NVS,20091123,54.66,54.96,54.41,54.75,16839
NVS,20091124,55.23,55.36,54.83,55.30,21322
NVS,20091125,55.81,55.96,55.66,55.85,17583
NVS,20091127,54.91,55.50,54.80,55.38,8395
NVS,20091130,55.78,55.89,55.30,55.60,14814
NVS,20091201,56.15,56.37,56.00,56.16,20341
NVS,20091202,56.31,56.34,55.57,55.77,38326
NVS,20091203,56.36,56.42,55.74,55.78,24764
NVS,20091204,56.04,56.22,55.26,55.55,14627
NVS,20091207,55.54,56.07,55.47,55.50,16633
NVS,20091208,55.49,55.55,55.06,55.33,19734
NVS,20091209,54.95,55.03,54.14,54.68,18785
NVS,20091210,54.35,54.47,53.85,54.16,14020
NVS,20091211,54.34,54.36,53.78,53.83,13471
NVS,20091214,54.00,54.37,53.95,54.21,6121
NVS,20091215,53.84,54.01,53.67,53.76,9717
NVS,20091216,54.06,54.48,53.97,54.14,10902
NVS,20091217,54.35,54.37,53.69,53.90,12637
NVS,20091218,54.27,54.40,53.86,54.21,11077
NVS,20091221,53.82,54.09,53.73,53.80,11799
NVS,20091222,54.15,54.29,54.00,54.22,6209
NVS,20091223,54.73,54.99,54.35,54.60,9123
NVS,20091224,54.79,54.89,54.56,54.84,2570
NVS,20091228,54.68,54.76,54.46,54.75,5613
NVS,20091229,55.10,55.14,54.71,54.87,7299
NVS,20091230,54.38,54.64,54.14,54.64,10159
NVS,20091231,54.78,54.95,54.38,54.43,5715
NVS,20100104,53.75,53.83,52.42,52.61,111289
NVS,20100105,52.61,52.79,52.13,52.56,61400
NVS,20100106,52.87,53.06,52.28,52.37,38988
NVS,20100107,51.88,52.20,51.69,51.91,24991
NVS,20100108,52.41,52.56,52.00,52.33,51748
NVS,20100111,53.09,53.38,53.03,53.27,27015
NVS,20100112,52.32,52.86,52.29,52.68,28588
NVS,20100113,53.04,53.24,52.87,53.02,27864
NVS,20100114,53.24,53.75,53.22,53.65,34253
NVS,20100115,52.84,53.02,52.48,52.88,24432
NVS,20100119,53.69,53.99,53.55,53.70,44069
NVS,20100120,53.55,53.81,53.16,53.53,39276
NVS,20100121,54.11,54.17,53.34,53.48,39043
NVS,20100122,53.76,54.10,53.51,53.57,38419
NVS,20100125,53.58,53.66,53.35,53.46,20472
NVS,20100126,54.20,54.47,53.97,54.37,40303
NVS,20100127,54.19,54.61,54.10,54.55,21369
NVS,20100128,53.87,54.28,53.70,54.06,37115
NVS,20100129,53.76,53.96,53.49,53.53,18446
NVS,20100201,53.75,54.13,53.69,54.06,24493
NVS,20100202,54.33,54.83,54.21,54.72,20446
NVS,20100203,54.85,54.93,54.60,54.80,21359
NVS,20100204,54.49,54.52,53.98,54.11,33321
NVS,20100205,53.46,53.64,52.77,53.41,41011
NVS,20100208,53.03,53.45,52.92,53.08,15595
NVS,20100209,53.23,53.79,53.06,53.58,25077
NVS,20100210,53.45,53.61,52.96,53.22,17786
NVS,20100211,53.44,53.91,53.14,53.86,11320
NVS,20100212,53.64,53.72,53.29,53.71,19497
NVS,20100216,53.78,54.32,53.70,54.25,17761
NVS,20100217,54.75,54.77,54.27,54.43,23601
NVS,20100218,54.78,54.92,54.44,54.81,37035
NVS,20100219,55.12,55.30,54.81,55.26,42565
NVS,20100222,55.51,55.51,54.66,54.77,34282
NVS,20100223,54.52,54.62,54.25,54.39,40019
NVS,20100224,54.90,55.04,54.66,54.88,16955
NVS,20100225,54.53,55.06,54.32,55.06,17543
NVS,20100226,55.22,55.63,54.91,55.32,17941
NVS,20100301,55.69,55.69,55.37,55.52,23703
NVS,20100302,54.69,54.69,54.14,54.26,74765
NVS,20100303,54.44,54.71,54.10,54.33,45641
NVS,20100304,54.16,54.22,53.49,53.79,45995
NVS,20100305,53.91,54.33,53.76,54.21,33280
NVS,20100308,54.55,54.55,54.21,54.32,34264
NVS,20100309,54.65,54.70,54.48,54.64,29170
NVS,20100310,54.47,54.88,54.45,54.67,19242
NVS,20100311,54.29,54.74,54.23,54.74,19053
NVS,20100312,54.75,54.78,54.60,54.70,30869
NVS,20100315,54.90,54.99,54.38,54.78,25547
NVS,20100316,54.75,55.09,54.63,54.86,13522
NVS,20100317,54.78,54.99,54.74,54.82,21371
NVS,20100318,54.54,55.01,54.51,54.94,16311
NVS,20100319,54.82,54.96,54.58,54.82,13166
NVS,20100322,54.17,54.92,54.17,54.72,15699
NVS,20100323,54.99,55.22,54.84,55.17,19549
NVS,20100324,54.77,54.95,54.65,54.66,17293
NVS,20100325,54.80,54.85,54.22,54.22,21809
NVS,20100326,53.86,53.99,53.63,53.83,23408
NVS,20100329,53.37,53.99,53.34,53.93,16476
NVS,20100330,53.86,53.90,53.44,53.65,23992
NVS,20100331,54.18,54.29,53.86,54.10,14531
NVS,20100401,54.00,54.25,53.68,53.83,19170
NVS,20100405,53.66,53.90,53.52,53.53,11032
NVS,20100406,52.29,52.75,52.23,52.69,40992
NVS,20100407,52.13,52.45,52.10,52.25,57450
NVS,20100408,51.68,52.32,51.65,52.22,46847
NVS,20100409,52.97,53.29,52.83,53.11,44542
NVS,20100412,53.72,53.74,53.41,53.48,17668
NVS,20100413,53.84,53.85,53.42,53.71,25987
NVS,20100414,53.84,53.86,53.43,53.60,34147
NVS,20100415,53.59,53.86,53.50,53.71,28336
NVS,20100416,53.40,53.57,53.04,53.35,26696
NVS,20100419,52.81,53.45,52.77,53.37,24108
NVS,20100420,53.71,53.77,53.19,53.41,21184
NVS,20100421,53.23,53.23,52.65,52.88,18853
NVS,20100422,52.36,52.40,51.81,52.14,42372
NVS,20100423,51.71,52.59,51.67,52.47,26739
NVS,20100426,52.10,52.33,52.00,52.02,20839
NVS,20100427,51.66,52.02,51.05,51.06,46528
NVS,20100428,51.21,51.47,50.84,51.09,38284
NVS,20100429,51.09,51.41,51.08,51.25,42085
NVS,20100430,51.45,51.49,50.85,50.85,39477
NVS,20100503,50.64,50.78,50.31,50.54,30139
NVS,20100504,50.13,50.24,49.73,49.82,35642
NVS,20100505,48.72,49.28,48.59,49.09,51939
NVS,20100506,48.97,49.26,46.25,48.31,45620
NVS,20100507,48.03,48.18,46.57,47.06,87116
NVS,20100510,48.75,48.91,48.15,48.51,42159
NVS,20100511,48.36,48.88,48.15,48.18,26116
NVS,20100512,48.63,49.00,48.48,48.74,23695
NVS,20100513,48.79,48.79,48.16,48.19,17804
NVS,20100514,47.87,47.90,46.80,47.28,37001
NVS,20100517,47.24,47.44,46.38,47.04,30027
NVS,20100518,47.00,47.20,46.00,46.09,34465
NVS,20100519,45.88,46.34,45.37,46.06,46262
NVS,20100520,45.43,45.61,44.58,44.63,55149
NVS,20100521,44.18,45.14,43.97,45.12,44421
NVS,20100524,44.94,45.25,44.75,44.82,50059
NVS,20100525,43.91,44.42,43.48,44.35,61924
NVS,20100526,44.50,44.59,43.65,43.78,40515
NVS,20100527,44.41,45.22,44.17,45.22,39906
NVS,20100528,45.78,45.79,45.01,45.01,30694
NVS,20100601,44.91,45.83,44.86,44.93,29650
NVS,20100602,45.42,45.98,45.16,45.97,24149
NVS,20100603,46.27,46.48,45.85,46.31,38910
NVS,20100604,45.65,45.77,44.67,44.81,28079
NVS,20100607,45.23,45.64,44.74,44.83,33958
NVS,20100608,45.04,45.36,44.72,45.33,30447
NVS,20100609,45.65,46.16,45.65,45.93,46243
NVS,20100610,46.90,47.47,46.85,47.45,49459
NVS,20100611,48.32,48.43,47.88,48.25,46645
NVS,20100614,48.85,48.89,48.20,48.26,45740
NVS,20100615,48.68,49.04,48.48,49.02,28876
NVS,20100616,48.62,48.92,48.57,48.86,26261
NVS,20100617,48.93,49.00,48.65,49.00,19178
NVS,20100618,48.87,49.05,48.60,48.75,19013
NVS,20100621,49.08,49.22,48.76,48.89,23106
NVS,20100622,48.94,49.40,48.37,48.44,27583
NVS,20100623,48.46,48.66,47.98,48.55,20881
NVS,20100624,48.55,48.87,48.30,48.49,27518
NVS,20100625,48.44,48.91,48.37,48.85,28520
NVS,20100628,49.08,49.23,48.76,48.96,22251
NVS,20100629,48.46,48.51,47.84,48.21,27598
NVS,20100630,48.63,48.95,48.16,48.32,29341
NVS,20100701,48.46,48.70,47.67,48.36,40440
NVS,20100702,47.91,48.30,47.63,47.85,24149
NVS,20100706,47.99,48.74,47.87,48.64,30144
NVS,20100707,48.76,49.47,48.64,49.42,26235
NVS,20100708,49.42,49.72,49.10,49.72,26107
NVS,20100709,49.18,49.60,49.10,49.55,18143
NVS,20100712,49.14,49.66,49.11,49.52,15546
NVS,20100713,49.99,50.33,49.95,50.12,22470
NVS,20100714,50.24,51.03,50.19,50.75,39637
NVS,20100715,51.56,51.62,50.77,51.21,71303
NVS,20100716,50.66,50.79,49.53,49.66,46266
NVS,20100719,50.02,50.06,49.43,49.50,31588
NVS,20100720,49.21,49.68,49.07,49.54,26785
NVS,20100721,49.44,49.44,48.38,48.55,48420
NVS,20100722,49.43,49.98,49.34,49.56,30090
NVS,20100723,48.70,49.49,48.56,49.21,55563
NVS,20100726,48.86,49.30,48.71,49.20,30317
NVS,20100727,48.47,48.73,48.30,48.64,46015
NVS,20100728,49.02,49.07,48.57,48.68,24204
NVS,20100729,49.18,49.40,48.80,49.09,35321
NVS,20100730,48.59,48.95,48.49,48.74,34602
NVS,20100802,49.51,50.19,49.46,50.13,29074
NVS,20100803,50.04,50.26,49.77,49.99,30070
NVS,20100804,49.80,49.93,49.43,49.70,27521
NVS,20100805,50.12,50.31,50.04,50.26,18391
NVS,20100806,50.06,50.31,49.80,50.27,19280
NVS,20100809,50.46,50.51,50.33,50.48,13518
NVS,20100810,50.75,51.44,50.49,51.23,32777
NVS,20100811,50.58,50.69,49.80,49.91,28909
NVS,20100812,50.21,50.34,49.92,50.10,22062
NVS,20100813,50.14,50.38,50.03,50.19,11982
NVS,20100816,50.52,50.74,50.36,50.59,19623
NVS,20100817,50.79,50.97,50.61,50.86,13804
NVS,20100818,51.29,51.40,51.02,51.12,45101
NVS,20100819,51.47,51.66,50.85,51.00,36187
NVS,20100820,50.52,50.75,50.37,50.75,22017
NVS,20100823,50.45,50.76,50.05,50.10,28536
NVS,20100824,49.64,50.34,49.58,50.22,38853
NVS,20100825,50.50,50.65,50.17,50.56,34638
NVS,20100826,50.92,51.32,50.68,50.77,28076
NVS,20100827,52.03,52.13,51.36,51.99,35036
NVS,20100830,52.39,52.52,52.02,52.04,21209
NVS,20100831,52.59,52.68,52.23,52.49,35037
NVS,20100901,53.27,53.44,53.08,53.30,46198
NVS,20100902,52.98,53.09,52.83,53.00,25193
NVS,20100903,52.92,53.22,52.79,53.10,20790
NVS,20100907,53.15,53.40,53.07,53.29,29221
NVS,20100908,53.49,53.77,53.42,53.50,24418
NVS,20100909,53.62,53.83,53.45,53.75,22129
NVS,20100910,53.69,54.44,53.65,54.42,31643
NVS,20100913,54.46,54.82,54.32,54.70,20639
NVS,20100914,55.38,56.24,55.29,56.13,57294
NVS,20100915,55.56,56.00,55.53,55.82,25150
NVS,20100916,55.11,55.48,55.05,55.34,34534
NVS,20100917,55.72,55.98,55.60,55.74,25955
NVS,20100920,56.34,56.76,56.31,56.66,23057
NVS,20100921,56.37,56.66,56.09,56.46,21167
NVS,20100922,56.69,56.92,56.16,56.17,34083
NVS,20100923,56.38,56.66,56.09,56.32,21254
NVS,20100924,57.46,57.73,57.23,57.54,31368
NVS,20100927,57.82,57.90,57.58,57.72,21478
NVS,20100928,58.00,58.41,57.75,58.09,50683
NVS,20100929,58.04,58.15,57.80,57.98,19828
NVS,20100930,57.84,58.02,57.34,57.67,46080
NVS,20101001,57.21,57.58,57.10,57.13,69503
NVS,20101004,56.93,57.15,56.84,57.05,39397
NVS,20101005,57.49,58.07,57.38,58.00,48718
NVS,20101006,57.81,57.96,57.69,57.84,45674
NVS,20101007,58.12,58.22,57.81,57.88,30894
NVS,20101008,58.09,58.28,58.00,58.17,45404
NVS,20101011,58.66,58.84,58.27,58.45,40649
NVS,20101012,59.00,59.31,58.44,59.21,47727
NVS,20101013,60.00,60.07,59.35,59.45,65007
NVS,20101014,59.84,59.92,59.01,59.29,70227
NVS,20101015,59.53,59.62,58.91,59.02,55928
NVS,20101018,59.56,59.79,59.42,59.77,62804
NVS,20101019,58.77,59.14,58.48,58.81,32380
NVS,20101020,59.13,59.67,59.09,59.50,34212
NVS,20101021,59.26,59.44,58.71,58.98,63426
NVS,20101022,58.52,58.68,58.10,58.12,45412
NVS,20101025,58.63,58.80,58.33,58.35,32587
NVS,20101026,57.73,57.86,57.54,57.74,32749
NVS,20101027,57.56,57.78,57.28,57.58,26946
NVS,20101028,58.24,58.29,57.67,57.99,36011
NVS,20101029,57.80,58.19,57.70,57.95,30950
NVS,20101101,57.77,57.82,57.30,57.52,31095
NVS,20101102,58.24,58.46,58.19,58.28,22322
NVS,20101103,58.25,58.62,57.90,58.62,39549
NVS,20101104,59.08,59.26,58.77,59.05,75337
NVS,20101105,58.73,58.85,58.43,58.63,60424
NVS,20101108,58.41,58.41,57.82,57.98,31627
NVS,20101109,57.84,57.94,56.82,56.92,53551
NVS,20101110,57.18,57.19,56.20,56.80,80845
NVS,20101111,56.55,56.62,56.01,56.44,51891
NVS,20101112,56.03,56.34,55.62,55.64,55449
NVS,20101115,56.28,56.52,56.00,56.35,53607
NVS,20101116,56.55,56.60,55.56,55.74,46775
NVS,20101117,55.75,56.01,55.66,55.69,33908
NVS,20101118,56.83,57.00,56.52,56.79,35413
NVS,20101119,56.62,56.68,56.24,56.64,26802
NVS,20101122,56.78,56.91,56.12,56.59,35225
NVS,20101123,55.72,55.74,54.89,55.03,52543
NVS,20101124,54.97,55.23,54.94,55.08,27960
NVS,20101126,54.82,54.95,54.66,54.87,18617
NVS,20101129,54.27,54.70,53.97,54.58,62438
NVS,20101130,53.50,53.89,53.32,53.41,75533
NVS,20101201,53.82,54.31,53.77,54.11,49688
NVS,20101202,54.19,54.97,54.19,54.61,31972
NVS,20101203,54.63,54.88,54.41,54.75,24995
NVS,20101206,54.38,54.59,54.25,54.50,18348
NVS,20101207,55.11,55.26,54.54,54.57,39600
NVS,20101208,54.40,54.69,54.28,54.64,20676
NVS,20101209,55.00,55.07,54.57,54.83,25461
NVS,20101210,54.67,54.79,54.29,54.73,24810
NVS,20101213,54.79,55.28,54.70,55.12,31336
NVS,20101214,55.39,56.04,55.38,55.83,28614
NVS,20101215,59.50,59.95,58.52,58.99,353745
NVS,20101216,58.44,59.03,58.17,58.86,172652
NVS,20101217,58.87,58.97,58.28,58.74,49331
NVS,20101220,58.52,58.88,58.50,58.77,32240
NVS,20101221,58.67,58.99,58.64,58.90,36592
NVS,20101222,58.74,59.17,58.70,59.17,26181
NVS,20101223,58.50,58.95,58.38,58.82,26989
NVS,20101227,58.54,58.72,58.41,58.61,11222
NVS,20101228,59.40,59.48,59.03,59.12,21293
NVS,20101229,59.07,59.44,59.07,59.15,21276
NVS,20101230,58.95,59.20,58.69,58.94,18338
NVS,20101231,58.69,59.26,58.66,58.95,8418
NVS,20110103,59.03,59.55,58.93,59.24,24564
NVS,20110104,58.75,58.83,58.24,58.40,44523
NVS,20110105,57.18,57.99,57.15,57.73,45627
NVS,20110106,58.01,58.05,57.74,58.04,25277
NVS,20110107,57.38,57.60,57.00,57.05,47060
NVS,20110110,56.63,56.80,56.51,56.80,2490100
NVS,20110111,57.03,57.03,56.52,57.00,2384800
NVS,20110112,57.71,57.78,57.21,57.69,2813400
NVS,20110113,57.14,57.41,56.78,57.03,3549500
NVS,20110114,56.67,57.03,56.47,56.82,2784400
NVS,20110118,57.54,57.78,57.37,57.47,2823400
NVS,20110119,57.24,57.38,57.01,57.07,2542300
NVS,20110120,56.25,56.51,55.85,56.25,4232400
NVS,20110121,56.64,56.70,56.29,56.42,3810400
NVS,20110124,56.72,57.50,56.69,57.50,3420500
NVS,20110125,57.95,57.97,57.30,57.80,3403200
NVS,20110126,57.77,57.97,57.66,57.94,2270800
NVS,20110127,56.35,56.67,56.15,56.28,4784600
NVS,20110128,55.99,56.33,55.63,55.92,2974300
NVS,20110131,55.97,56.26,55.64,55.86,2788100
NVS,20110201,56.10,56.88,56.10,56.63,4298200
NVS,20110202,56.55,56.69,56.33,56.60,3336900
NVS,20110203,56.35,56.81,56.18,56.77,3147000
NVS,20110204,56.31,56.43,56.04,56.42,1940400
NVS,20110207,56.32,56.78,56.30,56.61,2301600
NVS,20110208,56.54,56.60,55.97,56.06,2920200
NVS,20110209,56.00,56.27,55.92,56.20,2002400
NVS,20110210,55.58,55.88,55.45,55.75,3738800
NVS,20110211,55.66,56.04,55.59,55.94,2421700
NVS,20110214,55.68,55.95,55.59,55.88,4187000
NVS,20110215,55.63,56.04,55.60,55.86,1876300
NVS,20110216,55.60,56.54,55.51,56.24,4977500
NVS,20110217,56.64,57.20,56.55,57.09,4282400
NVS,20110218,56.98,57.41,56.90,57.31,2365500
NVS,20110222,57.01,57.17,56.75,56.94,2908800
NVS,20110223,56.98,57.85,56.97,57.26,3562600
NVS,20110224,55.63,55.64,54.74,54.85,4236300
NVS,20110225,55.06,55.29,54.93,55.25,2542000
NVS,20110228,56.19,56.33,55.95,56.27,3273200
NVS,20110301,57.05,57.20,56.87,57.05,3430900
NVS,20110302,57.30,57.53,57.17,57.45,2773400
NVS,20110303,57.25,57.48,57.09,57.17,2998700
NVS,20110304,57.56,57.58,56.72,57.06,2335700
NVS,20110307,56.46,56.71,56.11,56.19,2480200
NVS,20110308,55.51,55.64,55.29,55.48,3230600
NVS,20110309,55.29,55.42,54.76,55.11,6433300
NVS,20110310,54.86,55.05,54.62,54.66,3470600
NVS,20110311,54.51,54.98,54.45,54.83,2680400
NVS,20110314,54.37,54.52,54.00,54.20,3086800
NVS,20110315,52.67,54.00,52.66,53.67,4078600
NVS,20110316,53.18,53.49,52.45,52.75,5154300
NVS,20110317,53.97,54.07,53.61,53.79,2998600
NVS,20110318,54.24,54.25,53.50,53.69,4093600
NVS,20110321,54.26,54.41,53.97,54.39,3233500
NVS,20110322,55.14,55.17,54.70,54.73,4400200
NVS,20110323,54.64,54.64,54.02,54.35,3899100
NVS,20110324,54.38,55.43,54.34,55.35,6173100
NVS,20110325,55.68,55.91,55.37,55.43,6828000
NVS,20110328,55.35,55.46,55.05,55.07,5009400
NVS,20110329,54.55,54.65,54.38,54.44,4944000
NVS,20110330,54.40,54.63,54.21,54.46,6722400
NVS,20110331,54.56,54.70,54.27,54.35,6497000
NVS,20110401,53.74,54.25,53.65,54.24,10328500
NVS,20110404,54.28,54.66,54.25,54.57,11637600
NVS,20110405,54.90,55.14,54.80,54.88,10644200
NVS,20110406,55.27,55.31,55.08,55.12,13109000
NVS,20110407,55.87,55.95,55.40,55.60,16253300
NVS,20110408,56.17,56.21,55.06,55.30,31484000
NVS,20110411,55.44,55.49,54.89,55.19,8811700
NVS,20110412,55.55,55.65,55.10,55.26,10027400
NVS,20110413,55.47,55.56,55.17,55.27,7549500
NVS,20110414,55.43,55.82,55.34,55.71,6716300
NVS,20110415,56.00,56.00,55.63,55.96,7235800
NVS,20110418,54.60,54.76,54.04,54.23,7171800
NVS,20110419,56.20,56.27,55.82,56.24,11678600
NVS,20110420,57.74,57.93,57.41,57.92,10376900
NVS,20110421,57.99,58.03,56.71,57.09,12966400
NVS,20110425,57.03,57.18,56.54,57.17,3864500
NVS,20110426,57.81,57.99,57.46,57.95,4693400
