OEH,20090115,6.92,7.49,6.42,7.06,4433
OEH,20090116,7.26,7.37,6.86,7.16,4049
OEH,20090120,7.18,7.26,6.31,6.50,3445
OEH,20090121,6.73,6.89,6.37,6.84,5515
OEH,20090122,6.71,7.00,6.53,6.72,4556
OEH,20090123,6.42,6.73,6.32,6.61,6185
OEH,20090126,6.66,6.99,6.49,6.80,3424
OEH,20090127,6.74,7.08,6.70,6.95,4198
OEH,20090128,7.15,7.54,6.90,6.95,8952
OEH,20090129,6.76,6.81,6.45,6.50,2685
OEH,20090130,6.56,6.60,6.21,6.32,3147
OEH,20090202,6.14,6.45,5.88,6.17,5604
OEH,20090203,6.16,6.36,5.97,6.23,3927
OEH,20090204,6.28,6.40,6.09,6.15,2054
OEH,20090205,6.12,6.36,5.89,6.10,4139
OEH,20090206,6.19,6.41,5.99,6.27,5402
OEH,20090209,6.33,6.46,6.08,6.20,4019
OEH,20090210,6.02,6.22,5.67,5.72,6295
OEH,20090211,5.75,5.89,5.55,5.70,4876
OEH,20090212,5.72,5.72,5.16,5.19,8015
OEH,20090213,5.20,5.22,4.94,5.04,5030
OEH,20090217,4.78,4.93,4.62,4.75,2758
OEH,20090218,4.85,4.85,4.21,4.39,5641
OEH,20090219,4.52,4.61,3.77,4.06,9822
OEH,20090220,3.87,4.04,3.77,3.82,5396
OEH,20090223,3.91,3.96,3.35,3.64,5800
OEH,20090224,3.72,4.24,3.65,4.19,10637
OEH,20090225,4.13,4.61,3.79,4.00,9105
OEH,20090226,4.19,4.58,3.86,3.86,4610
OEH,20090227,3.75,4.25,3.60,3.96,9629
OEH,20090302,3.76,3.77,3.20,3.30,5939
OEH,20090303,3.36,3.38,3.10,3.15,5444
OEH,20090304,3.20,3.38,2.86,3.38,7044
OEH,20090305,3.17,3.33,3.04,3.20,4621
OEH,20090306,3.24,3.29,2.64,2.83,4649
OEH,20090309,2.88,3.08,2.82,3.01,4669
OEH,20090310,3.06,4.05,3.01,3.90,14506
OEH,20090311,3.98,4.58,3.98,4.15,7362
OEH,20090312,4.18,4.43,4.00,4.26,10073
OEH,20090313,4.35,4.53,4.19,4.40,8454
OEH,20090316,4.69,5.10,4.24,4.63,14589
OEH,20090317,4.72,5.01,4.66,4.88,4344
OEH,20090318,4.81,5.36,4.71,5.23,4122
OEH,20090319,5.37,5.37,4.85,4.85,4738
OEH,20090320,4.85,4.86,4.37,4.56,2748
OEH,20090323,4.57,5.00,4.37,4.72,7004
OEH,20090324,4.77,5.00,4.62,4.92,2869
OEH,20090325,5.00,5.23,4.42,4.72,4169
OEH,20090326,4.69,4.88,4.55,4.87,3773
OEH,20090327,4.65,4.78,4.23,4.58,2818
OEH,20090330,4.35,4.39,3.98,4.00,3884
OEH,20090331,4.04,4.40,4.00,4.10,5626
OEH,20090401,4.10,4.45,4.01,4.45,3298
OEH,20090402,4.63,4.90,4.48,4.72,4333
OEH,20090403,4.71,5.38,4.62,5.30,3941
OEH,20090406,5.23,5.41,4.77,4.85,4323
OEH,20090407,4.71,5.10,4.70,4.89,3127
OEH,20090408,4.86,5.22,4.77,5.22,2358
OEH,20090409,5.46,5.71,5.32,5.63,3832
OEH,20090413,5.52,5.54,5.23,5.39,3055
OEH,20090414,5.40,5.65,5.00,5.52,3833
OEH,20090415,5.40,6.25,5.39,6.12,10140
OEH,20090416,6.29,7.00,6.07,6.92,6522
OEH,20090417,6.90,7.98,6.90,7.85,10645
OEH,20090420,7.68,7.68,7.00,7.28,6819
OEH,20090421,7.14,7.44,6.99,7.11,6007
OEH,20090422,7.20,8.03,7.06,7.90,5130
OEH,20090423,8.00,8.69,7.92,8.59,8242
OEH,20090424,8.60,8.90,8.55,8.87,7853
OEH,20090427,7.64,7.77,6.03,6.05,32990
OEH,20090428,6.29,6.50,5.65,6.01,24111
OEH,20090429,6.28,6.50,6.12,6.20,95941
OEH,20090430,6.38,6.80,6.27,6.47,27231
OEH,20090501,6.45,6.99,6.43,6.84,15015
OEH,20090504,6.94,7.85,6.84,7.76,23365
OEH,20090505,7.74,8.21,7.61,7.97,31090
OEH,20090506,7.87,8.10,7.27,7.85,15033
OEH,20090507,7.58,7.64,6.67,6.98,22544
OEH,20090508,7.10,7.21,6.63,7.15,20972
OEH,20090511,6.93,7.48,6.81,7.18,9530
OEH,20090512,7.11,7.29,6.50,6.70,10240
OEH,20090513,6.49,6.66,5.83,6.04,14573
OEH,20090514,5.94,6.49,5.74,6.22,11306
OEH,20090515,6.37,6.64,6.00,6.21,9795
OEH,20090518,6.26,6.60,6.07,6.43,7969
OEH,20090519,6.53,6.65,6.25,6.51,7521
OEH,20090520,6.64,7.30,6.41,7.16,20607
OEH,20090521,6.98,7.28,6.70,6.81,12481
OEH,20090522,6.86,7.10,6.59,6.79,4169
OEH,20090526,6.61,7.09,6.54,7.08,11355
OEH,20090527,7.15,7.60,6.86,7.27,16156
OEH,20090528,7.30,7.50,7.11,7.29,16150
OEH,20090529,7.43,7.55,7.02,7.12,19870
OEH,20090601,7.34,8.25,7.34,8.19,11991
OEH,20090602,8.15,8.49,8.03,8.37,10232
OEH,20090603,8.15,8.37,7.81,7.93,22257
OEH,20090604,8.08,8.08,7.54,7.98,9704
OEH,20090605,8.07,8.32,7.87,8.28,9384
OEH,20090608,8.29,8.49,7.91,8.38,6552
OEH,20090609,8.25,8.96,8.21,8.84,9126
OEH,20090610,8.98,9.05,8.45,9.03,14112
OEH,20090611,8.88,9.00,8.49,8.49,8373
OEH,20090612,8.34,8.53,7.99,8.47,7046
OEH,20090615,8.35,8.52,7.86,7.95,6881
OEH,20090616,8.02,8.17,7.50,7.61,9951
OEH,20090617,7.49,7.60,7.21,7.46,8709
OEH,20090618,7.58,7.69,7.20,7.44,6047
OEH,20090619,7.61,7.82,7.44,7.60,8734
OEH,20090622,7.34,7.45,7.15,7.16,9151
OEH,20090623,7.17,7.49,7.12,7.45,7162
OEH,20090624,7.39,7.99,7.36,7.71,7154
OEH,20090625,7.62,8.40,7.53,8.33,12663
OEH,20090626,8.21,9.00,8.07,8.71,88522
OEH,20090629,8.70,8.70,8.09,8.48,11585
OEH,20090630,8.54,8.73,8.18,8.49,11186
OEH,20090701,8.61,8.65,8.21,8.35,7746
OEH,20090702,8.26,8.73,8.04,8.04,11252
OEH,20090706,8.12,8.25,7.22,7.42,13702
OEH,20090707,7.49,7.58,7.22,7.32,9397
OEH,20090708,7.38,7.41,6.76,6.83,14068
OEH,20090709,6.94,7.06,6.67,6.99,12077
OEH,20090710,6.94,7.00,6.75,6.95,8203
OEH,20090713,7.00,7.05,6.70,7.03,7087
OEH,20090714,7.04,7.19,6.91,6.99,10732
OEH,20090715,7.15,7.67,7.08,7.62,12295
OEH,20090716,7.55,8.03,7.55,7.96,8004
OEH,20090717,7.93,7.99,7.57,7.66,5145
OEH,20090720,7.76,8.07,7.64,7.86,4275
OEH,20090721,8.00,8.00,7.54,7.71,5078
OEH,20090722,7.63,7.91,7.54,7.86,9602
OEH,20090723,7.85,8.42,7.71,8.31,12746
OEH,20090724,8.17,8.57,8.17,8.52,6316
OEH,20090727,8.51,9.10,8.43,9.10,12505
OEH,20090728,8.92,9.30,8.76,9.29,8405
OEH,20090729,9.15,9.15,8.93,8.99,9301
OEH,20090730,9.18,9.20,8.90,8.96,13673
OEH,20090731,8.88,9.06,8.69,8.85,8692
OEH,20090803,9.00,9.40,8.83,9.25,6492
OEH,20090804,9.19,9.50,9.09,9.33,13169
OEH,20090805,9.32,9.90,9.32,9.85,9876
OEH,20090806,9.65,9.86,8.88,9.24,15740
OEH,20090807,9.45,10.08,9.12,9.93,8917
OEH,20090810,9.88,10.43,9.88,10.27,5487
OEH,20090811,10.22,10.52,9.94,10.38,7626
OEH,20090812,10.42,11.25,10.35,10.93,14028
OEH,20090813,10.94,11.15,10.60,10.79,12119
OEH,20090814,10.82,10.82,10.26,10.46,7797
OEH,20090817,10.06,10.18,9.76,9.93,4595
OEH,20090818,10.05,10.50,9.84,10.24,7251
OEH,20090819,10.09,10.25,9.90,10.07,6094
OEH,20090820,10.10,10.29,9.93,10.27,9254
OEH,20090821,10.39,10.75,10.21,10.70,8882
OEH,20090824,10.76,11.21,10.72,10.95,5669
OEH,20090825,11.06,11.30,10.93,10.98,4173
OEH,20090826,11.00,11.01,10.61,10.70,6299
OEH,20090827,10.70,10.70,10.30,10.50,6903
OEH,20090828,10.68,10.80,10.15,10.17,6466
OEH,20090831,10.09,10.25,9.78,9.96,7954
OEH,20090901,9.90,10.19,9.40,9.45,8964
OEH,20090902,9.43,9.62,9.28,9.44,3859
OEH,20090903,9.55,9.72,9.38,9.69,2126
OEH,20090904,9.69,10.10,9.47,10.05,3969
OEH,20090908,10.20,10.45,10.07,10.21,8776
OEH,20090909,10.23,10.61,10.07,10.49,9117
OEH,20090910,10.44,10.55,10.23,10.45,5523
OEH,20090911,10.43,10.99,10.43,10.92,5029
OEH,20090914,10.84,10.95,10.43,10.50,10482
OEH,20090915,10.60,10.75,10.13,10.19,12781
OEH,20090916,10.29,10.73,10.13,10.34,6484
OEH,20090917,10.37,11.81,10.37,11.67,24956
OEH,20090918,11.71,12.50,11.43,12.44,15893
OEH,20090921,12.24,12.39,11.84,11.99,7259
OEH,20090922,12.18,12.98,12.15,12.63,10206
OEH,20090923,12.70,12.94,12.22,12.23,6710
OEH,20090924,12.34,12.34,11.19,11.25,10939
OEH,20090925,11.08,11.39,10.82,11.26,8025
OEH,20090928,11.38,11.85,11.32,11.78,6672
OEH,20090929,11.76,12.30,11.67,11.73,5854
OEH,20090930,11.75,11.75,11.03,11.51,4625
OEH,20091001,11.33,11.43,10.58,10.62,8978
OEH,20091002,10.50,10.51,9.87,10.15,9275
OEH,20091005,10.17,10.61,10.07,10.44,4259
OEH,20091006,10.57,10.94,10.40,10.53,5092
OEH,20091007,10.44,10.81,10.44,10.53,4067
OEH,20091008,10.62,11.13,10.50,10.70,6204
OEH,20091009,10.66,11.06,10.66,11.06,12498
OEH,20091012,11.16,11.29,10.67,10.85,4319
OEH,20091013,10.82,11.07,10.61,10.98,4900
OEH,20091014,11.21,11.29,10.99,11.12,4939
OEH,20091015,11.03,11.36,10.91,11.29,3857
OEH,20091016,11.18,11.29,10.73,10.96,3793
OEH,20091019,11.07,11.08,10.75,10.87,2643
OEH,20091020,10.86,10.92,10.43,10.45,3782
OEH,20091021,10.40,10.65,9.96,10.01,7698
OEH,20091022,10.11,10.42,9.72,10.29,4635
OEH,20091023,10.37,10.52,9.91,9.94,3623
OEH,20091026,9.93,10.29,9.51,9.51,4327
OEH,20091027,9.51,9.64,8.29,8.36,19588
OEH,20091028,8.38,8.59,7.63,7.68,18430
OEH,20091029,8.03,9.14,7.89,9.01,12303
OEH,20091030,8.94,8.98,8.30,8.60,9045
OEH,20091102,8.73,8.97,8.15,8.32,7016
OEH,20091103,8.18,8.83,8.11,8.77,8250
OEH,20091104,8.77,9.16,8.75,8.90,8989
OEH,20091105,9.05,9.15,8.32,8.68,11585
OEH,20091106,8.49,8.81,8.44,8.61,4355
OEH,20091109,8.78,9.10,8.75,8.88,4299
OEH,20091110,8.77,8.91,8.40,8.63,6901
OEH,20091111,8.81,8.84,8.32,8.53,6806
OEH,20091112,8.49,8.79,8.34,8.35,6449
OEH,20091113,8.37,8.67,8.30,8.56,3583
OEH,20091116,8.72,9.09,8.69,9.09,7433
OEH,20091117,9.14,9.14,8.82,9.03,4159
OEH,20091118,9.01,9.10,8.88,9.06,2978
OEH,20091119,8.95,8.97,8.65,8.87,4619
OEH,20091120,8.74,8.75,8.51,8.68,3776
OEH,20091123,8.92,9.08,8.89,9.01,4538
OEH,20091124,8.99,8.99,8.56,8.58,5000
OEH,20091125,8.61,8.77,8.51,8.62,2155
OEH,20091127,8.37,8.60,8.17,8.28,2646
OEH,20091130,8.25,8.41,8.12,8.36,5971
OEH,20091201,8.47,8.93,8.47,8.90,6857
OEH,20091202,8.87,9.31,8.84,9.27,7347
OEH,20091203,9.32,9.34,8.91,8.91,3715
OEH,20091204,9.21,9.48,9.10,9.48,5149
OEH,20091207,9.45,9.50,9.35,9.39,3334
OEH,20091208,9.29,9.30,9.03,9.15,3712
OEH,20091209,9.13,9.16,8.86,8.96,4263
OEH,20091210,9.05,9.14,8.86,9.00,2966
OEH,20091211,9.05,9.29,9.03,9.24,2717
OEH,20091214,9.31,9.67,9.20,9.67,3469
OEH,20091215,9.54,9.95,9.50,9.87,6903
OEH,20091216,9.96,10.22,9.79,10.16,4450
OEH,20091217,10.00,10.21,9.90,9.99,5950
OEH,20091218,10.01,10.17,9.96,10.16,8679
OEH,20091221,10.26,10.51,10.22,10.50,5122
OEH,20091222,10.55,10.58,10.37,10.55,6498
OEH,20091223,10.60,10.64,10.29,10.46,3796
OEH,20091224,10.55,10.55,10.13,10.17,1255
OEH,20091228,10.25,10.28,9.74,9.80,5713
OEH,20091229,9.88,10.07,9.82,10.04,1755
OEH,20091230,9.93,10.20,9.91,10.10,2091
OEH,20091231,10.10,10.19,10.04,10.14,3192
OEH,20100104,10.36,10.50,10.22,10.49,4216
OEH,20100105,10.50,10.53,10.21,10.29,3326
OEH,20100106,10.30,10.55,10.28,10.33,3085
OEH,20100107,10.29,10.63,10.15,10.57,6573
OEH,20100108,10.55,10.98,10.54,10.98,6630
OEH,20100111,11.00,11.24,10.92,10.98,3738
OEH,20100112,10.27,10.52,9.97,10.05,11096
OEH,20100113,10.50,11.04,10.36,10.80,65825
OEH,20100114,10.78,10.99,10.65,10.93,28218
OEH,20100115,10.95,11.38,10.91,11.32,29762
OEH,20100119,11.77,11.77,11.38,11.55,11133
OEH,20100120,11.37,11.66,11.24,11.59,12426
OEH,20100121,11.48,12.11,11.47,11.72,18776
OEH,20100122,11.78,11.83,10.96,11.01,10859
OEH,20100125,11.18,11.25,10.61,10.81,9641
OEH,20100126,10.72,10.88,10.55,10.60,7406
OEH,20100127,10.56,10.56,9.99,10.33,13482
OEH,20100128,10.23,10.29,9.73,10.06,21075
OEH,20100129,10.14,10.20,9.71,9.76,14040
OEH,20100201,9.83,10.04,9.82,9.93,7764
OEH,20100202,10.02,10.13,9.90,10.10,6303
OEH,20100203,10.07,10.12,9.82,9.93,5992
OEH,20100204,9.85,10.01,9.85,9.95,15333
OEH,20100205,10.00,10.00,9.82,9.99,16622
OEH,20100208,9.99,10.55,9.87,10.26,9342
OEH,20100209,10.47,10.65,10.31,10.58,7968
OEH,20100210,10.49,10.99,10.49,10.91,13325
OEH,20100211,10.89,11.30,10.80,11.27,8807
OEH,20100212,11.13,11.31,10.97,11.28,7495
OEH,20100216,11.36,11.58,11.12,11.55,5518
OEH,20100217,11.57,11.72,11.38,11.64,7717
OEH,20100218,11.65,11.79,11.58,11.70,8847
OEH,20100219,11.69,11.87,11.69,11.72,9461
OEH,20100222,11.81,12.11,11.51,11.80,7922
OEH,20100223,11.75,11.78,11.33,11.41,9576
OEH,20100224,11.37,11.52,11.02,11.34,7447
OEH,20100225,11.14,11.55,11.14,11.50,9479
OEH,20100226,11.38,11.67,11.27,11.43,24757
OEH,20100301,11.49,11.98,11.40,11.50,10821
OEH,20100302,11.60,11.83,11.48,11.50,6558
OEH,20100303,11.56,11.60,11.45,11.46,4552
OEH,20100304,11.46,11.61,11.35,11.36,4843
OEH,20100305,11.41,11.74,11.26,11.60,8829
OEH,20100308,11.59,11.80,11.49,11.59,6734
OEH,20100309,11.51,11.66,11.40,11.51,9810
OEH,20100310,11.48,11.88,11.33,11.84,10574
OEH,20100311,11.77,12.36,11.77,12.31,26868
OEH,20100312,12.38,12.60,12.20,12.30,17596
OEH,20100315,12.30,12.48,11.93,12.23,6113
OEH,20100316,12.31,12.67,12.15,12.60,7818
OEH,20100317,12.62,12.88,12.57,12.76,4768
OEH,20100318,12.72,12.85,12.63,12.71,5256
OEH,20100319,12.79,12.94,12.58,12.86,10710
OEH,20100322,12.75,13.30,12.64,13.28,4506
OEH,20100323,13.35,13.52,13.14,13.48,6489
OEH,20100324,13.43,14.02,13.42,13.60,12346
OEH,20100325,13.74,13.79,13.13,13.15,9452
OEH,20100326,13.27,13.54,13.21,13.31,7437
OEH,20100329,13.32,13.77,13.32,13.49,9739
OEH,20100330,13.51,14.01,13.49,13.86,7440
OEH,20100331,13.83,14.31,13.69,14.18,9523
OEH,20100401,14.26,14.56,14.10,14.55,7532
OEH,20100405,14.64,15.11,14.59,15.03,8061
OEH,20100406,14.98,15.29,14.85,15.19,10249
OEH,20100407,15.20,15.54,15.16,15.32,9482
OEH,20100408,15.29,15.45,14.95,15.35,8993
OEH,20100409,15.35,15.39,14.94,15.08,9791
OEH,20100412,15.19,15.25,14.97,14.98,5850
OEH,20100413,14.90,15.01,14.63,14.65,8065
OEH,20100414,14.79,14.81,14.53,14.70,11950
OEH,20100415,14.63,14.84,14.61,14.66,6513
OEH,20100416,14.64,14.66,14.20,14.22,10060
OEH,20100419,14.09,14.28,13.40,13.80,9452
OEH,20100420,13.94,14.31,13.89,14.08,7863
OEH,20100421,14.06,14.13,13.86,14.10,5953
OEH,20100422,13.93,15.08,13.86,14.95,21280
OEH,20100423,15.01,15.33,15.00,15.25,10246
OEH,20100426,15.23,15.37,15.09,15.10,5465
OEH,20100427,15.00,15.12,14.18,14.24,16578
OEH,20100428,14.34,14.43,13.86,13.88,10821
OEH,20100429,14.05,14.42,13.97,14.06,11519
OEH,20100430,14.10,14.25,13.49,13.65,12421
OEH,20100503,13.71,14.12,13.50,14.05,7993
OEH,20100504,13.80,13.80,13.10,13.31,16200
OEH,20100505,13.07,13.14,12.51,12.82,13280
OEH,20100506,12.14,12.93,10.95,12.36,23657
OEH,20100507,12.25,12.25,11.42,11.73,20890
OEH,20100510,12.50,13.35,12.30,12.42,14408
OEH,20100511,12.25,12.92,12.12,12.51,12014
OEH,20100512,12.60,12.97,12.55,12.87,8844
OEH,20100513,12.79,12.97,12.28,12.40,11289
OEH,20100514,12.20,12.27,11.82,11.98,10507
OEH,20100517,11.99,12.36,11.24,11.74,11828
OEH,20100518,11.95,12.17,11.18,11.20,11653
OEH,20100519,11.10,11.45,10.85,10.99,17806
OEH,20100520,10.52,10.79,10.13,10.13,14181
OEH,20100521,9.47,10.10,8.84,9.77,50191
OEH,20100524,9.70,9.87,9.49,9.51,16363
OEH,20100525,9.16,9.65,9.00,9.60,23781
OEH,20100526,9.70,10.04,9.62,9.72,16356
OEH,20100527,10.01,10.21,9.88,10.21,11576
OEH,20100528,10.28,10.53,9.92,10.09,9913
OEH,20100601,9.91,10.35,9.75,9.89,13723
OEH,20100602,9.91,9.93,9.01,9.22,39292
OEH,20100603,9.32,9.38,8.97,9.01,18136
OEH,20100604,8.88,9.07,8.31,8.37,30283
OEH,20100607,8.37,8.50,8.00,8.10,24596
OEH,20100608,8.12,8.27,7.68,7.91,25457
OEH,20100609,8.00,8.41,7.69,8.03,26042
OEH,20100610,8.33,8.36,8.05,8.36,9485
OEH,20100611,8.23,8.44,8.11,8.40,8000
OEH,20100614,8.60,8.92,8.47,8.83,14089
OEH,20100615,8.93,9.36,8.83,9.34,16229
OEH,20100616,9.31,9.39,9.22,9.30,13292
OEH,20100617,9.35,9.40,9.03,9.19,7555
OEH,20100618,9.22,9.35,9.10,9.27,13256
OEH,20100621,9.53,9.59,9.06,9.14,11296
OEH,20100622,9.31,9.32,8.56,8.58,14171
OEH,20100623,8.54,8.79,8.54,8.68,9942
OEH,20100624,8.57,8.69,8.38,8.40,12811
OEH,20100625,8.41,8.67,8.18,8.61,14073
OEH,20100628,8.61,8.69,8.35,8.36,8938
OEH,20100629,8.17,8.21,7.55,7.62,17211
OEH,20100630,7.65,7.78,7.35,7.40,17207
OEH,20100701,7.44,7.56,6.97,7.05,28275
OEH,20100702,7.05,7.11,6.80,7.05,20818
OEH,20100706,7.25,7.48,7.05,7.14,23412
OEH,20100707,7.23,7.73,7.13,7.72,20148
OEH,20100708,7.83,8.17,7.62,7.78,14440
OEH,20100709,7.70,8.11,7.70,8.10,11767
OEH,20100712,8.00,8.11,7.73,7.82,6346
OEH,20100713,8.14,8.53,7.96,8.49,15999
OEH,20100714,8.45,8.54,8.27,8.41,14128
OEH,20100715,8.53,8.75,8.29,8.50,10692
OEH,20100716,8.42,8.42,7.84,7.87,12508
OEH,20100719,7.89,8.03,7.68,7.84,7638
OEH,20100720,7.75,8.06,7.63,8.04,7433
OEH,20100721,8.15,8.23,7.78,7.80,14143
OEH,20100722,8.02,8.33,7.90,8.30,11368
OEH,20100723,8.30,8.62,8.16,8.61,8580
OEH,20100726,8.65,9.30,8.60,9.26,11909
OEH,20100727,9.38,9.48,9.14,9.17,8392
OEH,20100728,9.15,9.21,8.75,8.81,8838
OEH,20100729,8.95,9.12,8.73,9.03,7359
OEH,20100730,8.93,9.16,8.76,9.11,6527
OEH,20100802,9.37,9.49,9.24,9.40,10875
OEH,20100803,9.30,9.48,9.12,9.20,4689
OEH,20100804,9.24,10.96,9.12,10.91,41899
OEH,20100805,10.75,11.00,10.67,10.98,14980
OEH,20100806,10.61,10.92,10.31,10.65,9868
OEH,20100809,10.76,11.05,10.66,11.00,7509
OEH,20100810,10.83,10.89,10.36,10.49,9439
OEH,20100811,10.13,10.20,9.79,9.90,8843
OEH,20100812,9.68,9.91,9.61,9.64,8497
OEH,20100813,9.50,9.60,9.27,9.50,7690
OEH,20100816,9.28,9.84,9.27,9.71,7526
OEH,20100817,9.82,10.00,9.70,9.89,7888
OEH,20100818,9.76,10.19,9.66,10.03,7022
OEH,20100819,10.02,10.05,9.45,9.45,8469
OEH,20100820,9.29,9.43,9.04,9.32,6390
OEH,20100823,9.33,9.44,8.89,8.90,5703
OEH,20100824,8.61,8.70,8.41,8.52,5547
OEH,20100825,8.45,8.75,8.35,8.71,6040
OEH,20100826,8.76,8.97,8.50,8.54,6009
OEH,20100827,8.71,9.06,8.49,9.04,4655
OEH,20100830,8.90,9.02,8.67,8.67,4533
OEH,20100831,8.49,8.76,8.41,8.64,4782
OEH,20100901,8.86,9.52,8.80,9.52,10391
OEH,20100902,9.50,9.63,9.41,9.60,12179
OEH,20100903,9.80,9.99,9.71,9.76,7335
OEH,20100907,9.67,9.76,9.54,9.65,6066
OEH,20100908,9.75,9.98,9.64,9.95,4338
OEH,20100909,10.23,10.27,9.95,10.09,5612
OEH,20100910,10.10,10.31,10.06,10.30,4151
OEH,20100913,10.49,10.70,10.41,10.68,9055
OEH,20100914,10.55,10.71,10.43,10.46,8396
OEH,20100915,10.43,10.46,10.16,10.41,5973
OEH,20100916,10.36,10.57,10.24,10.49,7858
OEH,20100917,10.60,10.63,10.28,10.38,9670
OEH,20100920,10.42,10.81,10.31,10.79,9644
OEH,20100921,10.81,10.89,10.31,10.35,9809
OEH,20100922,10.35,10.41,9.85,9.89,6946
OEH,20100923,9.80,10.22,9.68,10.01,16625
OEH,20100924,10.13,10.71,10.08,10.67,6875
OEH,20100927,10.67,11.13,10.66,11.09,11062
OEH,20100928,11.07,11.44,10.81,11.40,9654
OEH,20100929,11.38,11.60,11.09,11.24,11117
OEH,20100930,11.39,11.50,11.07,11.15,7240
OEH,20101001,11.49,11.49,10.97,11.09,10250
OEH,20101004,11.02,11.04,10.56,10.62,8723
OEH,20101005,10.93,11.00,10.68,10.91,7277
OEH,20101006,10.86,11.17,10.80,11.15,6351
OEH,20101007,11.12,11.23,10.90,11.06,4712
OEH,20101008,11.14,11.72,11.08,11.65,10177
OEH,20101011,11.58,11.93,11.43,11.87,6599
OEH,20101012,11.71,11.93,11.59,11.84,5874
OEH,20101013,11.96,12.25,11.81,12.14,8322
OEH,20101014,12.11,12.30,11.81,11.87,7207
OEH,20101015,12.01,12.08,11.40,11.62,9202
OEH,20101018,11.72,11.90,11.49,11.85,4719
OEH,20101019,11.63,11.83,11.19,11.34,8111
OEH,20101020,11.43,11.77,11.30,11.34,7578
OEH,20101021,11.51,11.84,11.22,11.46,5513
OEH,20101022,11.48,11.58,11.35,11.38,6365
OEH,20101025,11.57,11.80,11.52,11.69,5095
OEH,20101026,11.65,12.35,11.54,12.30,10218
OEH,20101027,12.15,12.49,12.07,12.45,7422
OEH,20101028,12.59,12.68,12.22,12.44,5546
OEH,20101029,12.32,12.77,12.24,12.66,10271
OEH,20101101,12.78,12.86,12.27,12.47,9309
OEH,20101102,12.49,12.67,11.00,11.34,31301
OEH,20101103,11.36,11.74,11.12,11.32,11173
OEH,20101104,11.59,11.65,11.26,11.49,8332
OEH,20101105,11.51,11.74,11.41,11.73,8084
OEH,20101108,11.43,11.45,10.96,11.33,15950
OEH,20101109,11.58,11.70,10.80,10.91,71422
OEH,20101110,10.93,11.36,10.80,11.28,14595
OEH,20101111,11.03,11.36,11.00,11.21,11654
OEH,20101112,11.18,11.32,11.02,11.19,11661
OEH,20101115,11.30,11.32,10.91,11.03,7920
OEH,20101116,10.82,11.02,10.65,10.89,15507
OEH,20101117,10.81,11.28,10.71,11.19,7475
OEH,20101118,11.37,11.57,11.29,11.48,9800
OEH,20101119,11.55,11.57,11.41,11.52,5581
OEH,20101122,11.41,11.54,11.29,11.44,4462
OEH,20101123,11.16,11.39,11.06,11.26,7072
OEH,20101124,11.46,11.52,11.23,11.50,6384
OEH,20101126,11.49,11.70,11.39,11.59,2438
OEH,20101129,11.53,11.74,11.34,11.70,6002
OEH,20101130,11.69,11.69,11.46,11.57,27056
OEH,20101201,11.76,11.80,11.00,11.34,34726
OEH,20101202,11.26,11.61,11.18,11.51,12808
OEH,20101203,11.50,12.04,11.44,11.90,9988
OEH,20101206,12.02,12.04,11.66,11.70,8458
OEH,20101207,11.90,12.02,11.52,11.53,15882
OEH,20101208,11.61,11.72,11.46,11.47,11104
OEH,20101209,11.64,12.20,11.60,12.13,13250
OEH,20101210,12.12,12.51,12.04,12.39,7990
OEH,20101213,12.48,12.54,12.27,12.28,4709
OEH,20101214,12.39,12.42,11.77,11.97,10004
OEH,20101215,11.97,12.01,11.75,11.83,11499
OEH,20101216,11.95,12.05,11.75,11.89,6756
OEH,20101217,11.92,11.99,11.73,11.99,19920
OEH,20101220,12.03,12.55,11.99,12.51,11887
OEH,20101221,12.49,12.85,12.41,12.84,7956
OEH,20101222,12.86,12.96,12.68,12.95,4733
OEH,20101223,12.98,13.09,12.89,13.08,3852
OEH,20101227,12.93,13.05,12.73,13.01,2648
OEH,20101228,12.93,13.05,12.81,13.04,3634
OEH,20101229,12.95,13.08,12.88,13.01,2569
OEH,20101230,12.93,13.08,12.84,13.00,2937
OEH,20101231,12.97,13.10,12.86,12.99,3178
OEH,20110103,13.07,13.15,12.92,13.02,7521
OEH,20110104,13.33,14.09,13.32,13.67,21729
OEH,20110105,13.59,13.89,13.51,13.72,6198
OEH,20110106,13.67,13.81,13.21,13.31,5854
OEH,20110107,13.32,13.44,12.86,13.21,8205
OEH,20110110,13.16,13.34,13.05,13.16,767900
OEH,20110111,13.21,13.30,13.08,13.14,494000
OEH,20110112,13.21,13.35,13.10,13.14,556300
OEH,20110113,13.14,13.29,12.88,12.97,416500
OEH,20110114,12.93,13.20,12.80,13.17,473800
OEH,20110118,13.20,13.25,12.90,12.92,668100
OEH,20110119,12.89,13.02,12.28,12.48,700500
OEH,20110120,12.37,12.57,12.21,12.49,764600
OEH,20110121,12.50,12.87,12.43,12.49,632900
OEH,20110124,12.50,12.74,12.38,12.70,382400
OEH,20110125,12.63,12.73,12.47,12.73,657600
OEH,20110126,12.71,12.95,12.54,12.71,971500
OEH,20110127,12.67,12.90,12.53,12.77,590600
OEH,20110128,12.76,12.79,12.09,12.11,1130100
OEH,20110131,12.19,12.29,11.92,12.16,904700
OEH,20110201,12.23,12.64,12.13,12.62,1009700
OEH,20110202,12.57,12.97,12.53,12.72,1011500
OEH,20110203,12.70,12.75,12.44,12.52,699500
OEH,20110204,12.56,12.70,12.48,12.64,666500
OEH,20110207,12.70,13.10,12.64,13.07,998800
OEH,20110208,13.08,13.60,13.03,13.60,1100600
OEH,20110209,13.54,13.68,13.39,13.58,523800
OEH,20110210,13.51,14.08,13.45,13.81,1233100
OEH,20110211,13.69,14.01,13.60,13.97,377800
OEH,20110214,13.95,14.08,13.91,13.95,456000
OEH,20110215,13.99,14.20,13.86,13.94,434900
OEH,20110216,14.02,14.24,13.98,14.06,535100
OEH,20110217,14.06,14.06,13.50,13.76,771900
OEH,20110218,13.80,13.94,13.64,13.70,718700
OEH,20110222,13.50,13.50,12.75,12.91,859500
OEH,20110223,12.93,12.93,12.12,12.45,1331800
OEH,20110224,12.41,12.69,12.19,12.69,797800
OEH,20110225,12.48,13.13,12.12,12.74,1169200
OEH,20110228,12.84,12.98,12.40,12.62,713300
OEH,20110301,12.53,12.62,11.78,11.96,1528200
OEH,20110302,11.97,12.20,11.82,11.97,931400
OEH,20110303,12.24,12.64,12.18,12.49,1115700
OEH,20110304,12.48,12.48,11.90,12.11,836400
OEH,20110307,12.14,12.25,11.85,12.01,587100
OEH,20110308,12.05,12.46,11.88,12.30,497700
OEH,20110309,12.30,12.52,12.18,12.38,392400
OEH,20110310,12.13,12.18,11.93,12.01,787400
OEH,20110311,11.96,12.38,11.85,12.31,631400
OEH,20110314,12.07,12.32,11.90,12.02,634400
OEH,20110315,11.60,12.11,11.44,12.06,1424300
OEH,20110316,12.04,12.14,11.73,11.90,1363500
OEH,20110317,12.23,12.31,11.81,11.82,416700
OEH,20110318,12.05,12.40,11.86,12.31,887900
OEH,20110321,12.51,12.63,12.37,12.57,486100
OEH,20110322,12.62,12.62,12.51,12.54,463700
OEH,20110323,12.48,12.50,11.91,12.30,598000
OEH,20110324,12.39,12.46,12.18,12.19,411800
OEH,20110325,12.23,12.56,12.19,12.47,560400
OEH,20110328,12.47,12.54,12.00,12.26,841200
OEH,20110329,12.25,12.58,12.25,12.58,441000
OEH,20110330,12.65,12.85,12.61,12.69,767700
OEH,20110331,12.63,12.63,12.35,12.37,661400
OEH,20110401,12.53,12.56,12.35,12.45,488400
OEH,20110404,12.48,12.58,12.28,12.35,304600
OEH,20110405,12.28,12.38,12.13,12.25,1135100
OEH,20110406,12.35,12.46,12.06,12.19,1157600
OEH,20110407,12.19,12.22,11.96,11.98,700800
OEH,20110408,12.11,12.16,11.84,11.90,461100
OEH,20110411,11.88,12.04,11.53,11.60,627300
OEH,20110412,11.49,11.67,11.47,11.48,394000
OEH,20110413,11.58,11.59,11.22,11.33,894900
OEH,20110414,11.26,11.45,11.11,11.42,377700
OEH,20110415,11.40,11.99,11.28,11.94,664500
OEH,20110418,11.71,11.92,11.60,11.91,619900
OEH,20110419,11.95,12.11,11.84,11.93,364800
OEH,20110420,12.15,12.27,11.99,12.03,546700
OEH,20110421,12.10,12.22,11.98,12.20,428100
OEH,20110425,12.17,12.41,12.05,12.12,507600
OEH,20110426,12.17,12.40,12.06,12.31,544900
