PCS,20090115,15.88,15.88,12.92,13.87,100441
PCS,20090116,13.87,14.25,13.34,13.54,31019
PCS,20090120,13.60,14.20,12.56,12.62,38472
PCS,20090121,12.63,13.51,12.50,13.42,44405
PCS,20090122,13.13,13.69,12.88,13.42,38456
PCS,20090123,13.19,13.19,12.65,12.78,39391
PCS,20090126,12.12,13.43,12.12,13.29,32629
PCS,20090127,13.27,13.72,12.65,13.47,45699
PCS,20090128,13.86,14.14,13.55,14.08,30788
PCS,20090129,13.90,14.51,13.58,13.78,25609
PCS,20090130,14.07,14.08,13.41,13.59,22645
PCS,20090202,13.39,14.13,13.12,13.91,34027
PCS,20090203,14.14,14.30,13.46,14.25,35000
PCS,20090204,14.50,15.00,14.49,14.55,35141
PCS,20090205,14.55,15.00,14.37,14.98,24156
PCS,20090206,14.95,15.20,14.70,14.93,25315
PCS,20090209,14.99,15.46,14.80,15.40,33087
PCS,20090210,15.04,15.52,14.19,14.41,28493
PCS,20090211,14.46,14.67,13.89,14.24,31698
PCS,20090212,14.12,14.37,13.78,14.31,18084
PCS,20090213,14.36,14.97,14.26,14.65,22160
PCS,20090217,14.21,14.28,13.55,13.83,27421
PCS,20090218,14.04,14.04,13.09,13.28,28533
PCS,20090219,13.39,13.71,12.42,12.55,43533
PCS,20090220,12.42,12.71,10.63,12.50,65796
PCS,20090223,12.75,12.86,11.98,12.07,45900
PCS,20090224,12.00,12.63,11.76,12.57,59183
PCS,20090225,12.74,13.09,11.77,12.66,46099
PCS,20090226,13.75,14.73,13.28,13.36,66698
PCS,20090227,13.02,15.00,13.02,14.50,92033
PCS,20090302,14.35,14.63,13.40,13.48,36203
PCS,20090303,13.84,14.01,13.11,13.32,33674
PCS,20090304,13.88,14.70,13.67,14.43,39027
PCS,20090305,13.91,14.76,13.90,14.16,44781
PCS,20090306,14.28,14.78,14.00,14.36,40805
PCS,20090309,13.85,14.80,13.83,14.56,31037
PCS,20090310,14.64,15.64,14.57,15.22,45660
PCS,20090311,15.47,15.90,15.17,15.65,48229
PCS,20090312,15.50,16.09,15.32,15.92,46350
PCS,20090313,16.24,16.90,16.10,16.85,49945
PCS,20090316,16.57,17.00,16.04,16.16,33009
PCS,20090317,15.90,16.88,15.89,16.88,21259
PCS,20090318,16.68,17.32,16.50,17.22,31822
PCS,20090319,17.20,17.32,16.97,17.28,20885
PCS,20090320,17.25,17.43,16.62,16.63,19974
PCS,20090323,16.71,17.71,16.71,17.61,28499
PCS,20090324,17.21,17.80,17.13,17.30,35567
PCS,20090325,17.26,17.84,16.99,17.49,38680
PCS,20090326,17.35,18.10,17.35,17.99,35725
PCS,20090327,17.89,17.99,17.35,17.52,16006
PCS,20090330,17.27,17.63,16.73,17.02,27985
PCS,20090331,17.12,17.70,16.90,17.08,27409
PCS,20090401,16.84,18.00,16.72,17.72,36972
PCS,20090402,18.06,18.98,17.95,18.75,73293
PCS,20090403,18.05,18.94,18.05,18.33,28465
PCS,20090406,18.18,18.18,17.50,17.95,21443
PCS,20090407,17.65,17.65,16.89,16.91,48949
PCS,20090408,16.75,17.16,16.56,16.84,35041
PCS,20090409,16.97,17.50,16.97,17.22,22306
PCS,20090413,17.10,17.26,16.87,17.08,9208
PCS,20090414,17.26,17.26,16.74,16.80,13147
PCS,20090415,16.75,16.76,16.34,16.72,18799
PCS,20090416,16.96,17.49,16.96,17.16,18769
PCS,20090417,17.27,17.27,16.53,16.58,17788
PCS,20090420,16.47,16.58,15.80,15.93,20354
PCS,20090421,15.83,16.40,15.81,16.23,20257
PCS,20090422,16.27,16.66,16.09,16.21,16244
PCS,20090423,16.44,16.47,15.85,16.09,15991
PCS,20090424,16.06,16.24,15.70,16.10,11662
PCS,20090427,15.85,16.78,15.85,16.43,17579
PCS,20090428,16.19,16.42,15.89,16.02,16457
PCS,20090429,16.12,16.73,16.02,16.54,30745
PCS,20090430,16.70,17.37,16.59,17.09,27163
PCS,20090501,16.97,17.26,16.64,17.05,27198
PCS,20090504,17.28,18.00,17.23,18.00,35440
PCS,20090505,17.98,18.00,17.25,17.72,16748
PCS,20090506,18.00,18.48,17.33,18.44,29823
PCS,20090507,18.67,18.85,16.61,16.95,42312
PCS,20090508,17.30,17.74,17.00,17.37,23268
PCS,20090511,17.06,17.68,16.72,17.46,14170
PCS,20090512,17.46,17.47,16.83,17.13,11173
PCS,20090513,16.90,16.91,16.50,16.63,15538
PCS,20090514,16.72,17.05,16.34,16.74,22759
PCS,20090515,16.76,16.99,16.40,16.73,18995
PCS,20090518,16.85,17.60,16.49,17.52,23937
PCS,20090519,17.60,17.86,17.22,17.65,32212
PCS,20090520,17.89,18.00,17.18,17.25,22938
PCS,20090521,17.19,17.19,16.57,16.74,28851
PCS,20090522,16.85,16.98,16.60,16.72,23254
PCS,20090526,16.67,17.20,16.60,16.95,23609
PCS,20090527,17.07,17.19,16.60,17.00,29387
PCS,20090528,17.09,17.27,16.75,17.15,35082
PCS,20090529,17.40,17.40,16.88,17.13,29102
PCS,20090601,17.24,17.56,17.07,17.22,20969
PCS,20090602,17.02,17.08,16.20,16.45,49660
PCS,20090603,16.26,16.39,15.20,15.38,40314
PCS,20090604,15.51,15.67,14.77,15.04,46583
PCS,20090605,15.12,15.31,13.99,14.16,70662
PCS,20090608,14.16,14.50,13.29,14.36,59552
PCS,20090609,14.40,15.22,14.27,15.02,56474
PCS,20090610,15.24,15.24,14.22,14.66,50324
PCS,20090611,14.62,14.95,14.35,14.40,26544
PCS,20090612,14.30,14.86,14.30,14.81,21889
PCS,20090615,14.75,14.75,14.33,14.53,20567
PCS,20090616,14.45,14.62,13.88,13.97,34339
PCS,20090617,13.92,14.20,13.73,13.97,22666
PCS,20090618,13.91,14.16,13.75,13.80,27891
PCS,20090619,14.07,14.07,13.74,13.86,26753
PCS,20090622,13.64,13.84,13.35,13.62,25024
PCS,20090623,14.86,15.25,14.00,14.33,156591
PCS,20090624,14.42,14.74,14.22,14.63,54467
PCS,20090625,14.38,14.75,14.38,14.66,52535
PCS,20090626,14.64,14.79,14.51,14.67,48547
PCS,20090629,14.84,15.08,14.26,14.26,768250
PCS,20090630,14.17,14.25,13.22,13.31,190218
PCS,20090701,13.36,13.49,12.35,12.63,207900
PCS,20090702,12.52,12.64,12.00,12.18,79839
PCS,20090706,12.16,12.16,11.59,11.77,76816
PCS,20090707,11.73,12.61,11.73,12.17,97816
PCS,20090708,12.21,12.72,12.09,12.59,130532
PCS,20090709,12.55,12.90,12.16,12.71,93725
PCS,20090710,12.59,12.68,12.30,12.55,53766
PCS,20090713,12.82,12.88,12.21,12.56,57618
PCS,20090714,12.54,13.08,12.42,13.01,66852
PCS,20090715,13.21,13.31,12.96,13.07,68938
PCS,20090716,13.07,13.07,12.61,12.89,51632
PCS,20090717,12.87,13.00,12.56,12.71,32768
PCS,20090720,12.76,13.00,12.67,12.73,31985
PCS,20090721,12.75,12.92,12.45,12.63,46264
PCS,20090722,12.61,12.81,12.47,12.61,67198
PCS,20090723,12.62,12.67,12.40,12.49,44279
PCS,20090724,12.60,12.90,12.57,12.87,52111
PCS,20090727,12.75,13.00,12.50,12.95,49236
PCS,20090728,12.91,13.52,12.67,13.27,72986
PCS,20090729,13.10,13.10,12.80,12.94,40833
PCS,20090730,12.78,12.85,11.39,11.69,194228
PCS,20090731,11.72,12.02,11.69,11.85,54869
PCS,20090803,11.99,12.42,11.85,12.41,53985
PCS,20090804,12.36,12.67,12.11,12.66,64238
PCS,20090805,12.67,12.85,12.48,12.69,89024
PCS,20090806,10.50,10.50,8.45,8.99,522838
PCS,20090807,9.08,9.09,8.55,8.74,148176
PCS,20090810,8.89,9.25,8.73,9.04,104912
PCS,20090811,8.85,9.14,8.80,9.06,79144
PCS,20090812,9.02,9.18,8.92,9.03,62779
PCS,20090813,9.01,9.10,8.77,8.85,62051
PCS,20090814,8.94,8.94,8.72,8.76,45773
PCS,20090817,8.52,8.77,8.41,8.50,73923
PCS,20090818,8.39,8.39,8.15,8.26,70648
PCS,20090819,8.19,8.29,7.88,7.94,110636
PCS,20090820,7.95,8.13,7.85,8.11,52166
PCS,20090821,8.13,8.23,7.99,8.01,44897
PCS,20090824,8.10,8.11,7.94,8.00,29854
PCS,20090825,8.08,8.10,7.95,8.00,38217
PCS,20090826,8.03,8.11,7.93,8.00,64813
PCS,20090827,8.00,8.42,8.00,8.37,102802
PCS,20090828,8.51,8.51,8.20,8.20,72398
PCS,20090831,8.14,8.15,7.86,7.96,44279
PCS,20090901,7.94,8.06,7.71,7.72,45967
PCS,20090902,7.84,8.03,7.58,7.91,82959
PCS,20090903,7.97,8.02,7.83,7.99,38135
PCS,20090904,7.99,8.20,7.89,8.17,28459
PCS,20090908,8.30,8.34,8.18,8.25,24912
PCS,20090909,8.23,8.30,8.16,8.25,45332
PCS,20090910,8.33,8.91,8.26,8.88,163209
PCS,20090911,8.97,9.94,8.83,9.62,222882
PCS,20090914,9.50,9.55,9.15,9.38,72742
PCS,20090915,9.43,9.86,9.26,9.59,92962
PCS,20090916,9.68,10.00,9.45,9.96,130024
PCS,20090917,9.99,10.16,9.49,9.74,126316
PCS,20090918,9.75,10.22,9.61,10.14,129019
PCS,20090921,10.10,10.65,9.85,10.04,132931
PCS,20090922,10.15,10.40,9.90,10.04,95561
PCS,20090923,10.15,10.19,9.90,10.00,86399
PCS,20090924,9.90,10.09,9.37,9.62,61180
PCS,20090925,9.55,9.97,9.41,9.90,66012
PCS,20090928,9.95,10.19,9.66,9.73,45382
PCS,20090929,9.71,9.85,9.57,9.62,43528
PCS,20090930,9.63,9.73,9.29,9.36,103105
PCS,20091001,9.03,9.09,8.38,8.49,189780
PCS,20091002,8.44,8.67,8.18,8.36,103471
PCS,20091005,8.43,8.67,8.41,8.51,57090
PCS,20091006,8.56,8.71,8.43,8.47,50730
PCS,20091007,8.50,8.63,8.33,8.45,46930
PCS,20091008,8.52,8.56,8.33,8.38,53388
PCS,20091009,8.34,8.43,7.93,8.07,98884
PCS,20091012,8.12,8.16,7.65,8.01,129595
PCS,20091013,8.08,8.08,7.50,7.54,131659
PCS,20091014,7.67,7.70,7.08,7.32,246783
PCS,20091015,7.31,7.56,7.26,7.36,114469
PCS,20091016,7.35,7.35,7.03,7.15,93290
PCS,20091019,7.17,7.17,6.96,7.00,88380
PCS,20091020,6.78,6.80,6.47,6.57,165108
PCS,20091021,6.54,6.69,6.52,6.59,94797
PCS,20091022,6.82,7.34,6.82,7.12,175773
PCS,20091023,6.94,7.11,6.61,6.64,162632
PCS,20091026,6.79,7.03,6.50,6.52,123244
PCS,20091027,6.64,6.71,6.44,6.48,111768
PCS,20091028,6.46,6.54,6.31,6.41,92203
PCS,20091029,6.47,6.64,6.41,6.51,87701
PCS,20091030,6.52,6.57,6.22,6.23,57660
PCS,20091102,6.30,6.37,6.13,6.21,88812
PCS,20091103,6.17,6.43,6.05,6.40,63842
PCS,20091104,6.49,6.72,6.41,6.62,113873
PCS,20091105,6.85,6.92,5.65,6.01,262213
PCS,20091106,6.01,6.07,5.78,5.98,149041
PCS,20091109,6.00,6.12,5.91,6.04,148954
PCS,20091110,5.99,6.01,5.81,5.85,93661
PCS,20091111,5.89,6.00,5.85,5.97,52949
PCS,20091112,5.96,6.16,5.92,6.11,111727
PCS,20091113,6.14,6.17,5.99,6.00,66169
PCS,20091116,6.02,6.15,6.01,6.10,83512
PCS,20091117,6.10,6.19,6.01,6.17,48531
PCS,20091118,6.15,6.25,6.10,6.16,37242
PCS,20091119,6.16,6.16,5.96,6.12,55777
PCS,20091120,6.10,6.73,6.05,6.52,227149
PCS,20091123,6.56,6.71,6.41,6.61,110363
PCS,20091124,6.62,6.62,6.31,6.33,66022
PCS,20091125,6.37,6.51,6.32,6.46,40379
PCS,20091127,6.29,6.39,6.07,6.32,24681
PCS,20091130,6.29,6.43,6.26,6.30,58515
PCS,20091201,6.32,6.52,6.27,6.50,45792
PCS,20091202,6.54,6.75,6.50,6.66,51979
PCS,20091203,6.68,6.76,6.56,6.60,47860
PCS,20091204,6.58,6.72,6.51,6.60,47776
PCS,20091207,6.62,7.02,6.61,7.00,72722
PCS,20091208,7.02,7.04,6.80,6.87,66798
PCS,20091209,6.87,6.95,6.68,6.69,44782
PCS,20091210,6.77,6.96,6.71,6.90,52109
PCS,20091211,6.97,7.06,6.87,6.95,39839
PCS,20091214,6.94,7.00,6.78,6.87,37262
PCS,20091215,7.16,7.45,7.01,7.35,110512
PCS,20091216,7.47,7.71,7.33,7.69,92192
PCS,20091217,7.46,7.55,7.10,7.19,89477
PCS,20091218,7.21,7.45,7.17,7.45,82346
PCS,20091221,7.85,7.85,7.53,7.55,66229
PCS,20091222,7.58,7.66,7.55,7.60,39059
PCS,20091223,7.67,7.71,7.47,7.50,29080
PCS,20091224,7.57,7.60,7.51,7.54,11123
PCS,20091228,7.54,7.82,7.53,7.82,36150
PCS,20091229,7.83,7.88,7.67,7.71,28934
PCS,20091230,7.63,7.73,7.59,7.63,22240
PCS,20091231,7.58,7.70,7.52,7.63,20742
PCS,20100104,7.74,8.14,7.72,7.97,53121
PCS,20100105,7.95,8.07,7.89,7.99,41771
PCS,20100106,7.99,8.00,7.40,7.45,111914
PCS,20100107,7.49,7.66,7.37,7.52,88605
PCS,20100108,7.30,7.32,6.96,7.10,135163
PCS,20100111,7.07,7.35,7.05,7.19,94526
PCS,20100112,7.37,7.45,6.32,6.35,285987
PCS,20100113,6.55,6.58,6.17,6.33,155335
PCS,20100114,6.21,6.42,6.20,6.23,97593
PCS,20100115,6.28,6.36,6.18,6.32,108178
PCS,20100119,6.30,6.57,6.26,6.40,95494
PCS,20100120,6.37,6.43,6.21,6.24,57813
PCS,20100121,6.18,6.27,5.97,5.99,121396
PCS,20100122,6.07,6.11,5.87,5.88,56194
PCS,20100125,5.97,5.99,5.81,5.86,53299
PCS,20100126,5.87,5.88,5.75,5.75,64663
PCS,20100127,5.70,5.80,5.58,5.69,63546
PCS,20100128,5.69,5.72,5.53,5.53,65319
PCS,20100129,5.57,5.75,5.52,5.63,64495
PCS,20100201,5.66,6.01,5.64,5.93,119491
PCS,20100202,5.85,5.94,5.70,5.91,70438
PCS,20100203,5.87,6.21,5.83,6.08,85300
PCS,20100204,5.97,6.00,5.78,5.81,78445
PCS,20100205,5.78,5.90,5.62,5.88,87098
PCS,20100208,5.86,5.99,5.78,5.87,48683
PCS,20100209,5.94,6.05,5.83,6.01,61669
PCS,20100210,6.00,6.07,5.75,5.78,68294
PCS,20100211,5.81,5.95,5.75,5.94,47351
PCS,20100212,5.95,6.12,5.86,5.96,55799
PCS,20100216,6.05,6.22,6.03,6.20,39090
PCS,20100217,6.18,6.28,6.16,6.21,35218
PCS,20100218,6.21,6.29,6.17,6.27,30844
PCS,20100219,6.20,6.35,6.19,6.31,36423
PCS,20100222,6.36,6.39,6.15,6.24,40164
PCS,20100223,6.21,6.25,6.07,6.16,49750
PCS,20100224,6.19,6.29,6.10,6.24,49001
PCS,20100225,6.52,6.76,6.31,6.48,163455
PCS,20100226,6.56,6.56,6.14,6.17,111469
PCS,20100301,6.24,6.28,5.99,6.04,102428
PCS,20100302,6.13,6.27,6.05,6.23,67692
PCS,20100303,6.19,6.35,6.17,6.33,65642
PCS,20100304,6.35,6.39,6.24,6.37,43137
PCS,20100305,6.38,6.46,6.32,6.38,45661
PCS,20100308,6.42,6.57,6.37,6.55,50517
PCS,20100309,6.53,6.68,6.44,6.60,35940
PCS,20100310,6.58,6.70,6.54,6.61,47593
PCS,20100311,6.60,6.76,6.48,6.73,53312
PCS,20100312,6.77,6.80,6.65,6.69,34627
PCS,20100315,6.67,6.71,6.60,6.63,23873
PCS,20100316,6.63,6.85,6.62,6.85,30623
PCS,20100317,6.78,6.94,6.78,6.91,28632
PCS,20100318,6.89,6.96,6.81,6.94,35666
PCS,20100319,6.96,7.06,6.88,7.05,82948
PCS,20100322,7.00,7.08,6.92,7.06,36785
PCS,20100323,7.10,7.25,7.02,7.20,69487
PCS,20100324,7.18,7.25,7.04,7.07,36813
PCS,20100325,7.20,7.20,6.90,6.94,38260
PCS,20100326,6.99,7.07,6.83,6.93,39037
PCS,20100329,6.93,7.06,6.92,6.98,27639
PCS,20100330,7.00,7.14,6.98,7.09,38501
PCS,20100331,7.01,7.12,6.98,7.08,43522
PCS,20100401,7.10,7.26,7.06,7.21,34169
PCS,20100405,7.24,7.40,7.20,7.28,58560
PCS,20100406,7.32,7.34,7.18,7.32,45270
PCS,20100407,7.36,7.36,7.08,7.16,42216
PCS,20100408,7.15,7.42,7.13,7.40,60212
PCS,20100409,7.42,7.46,7.31,7.35,45485
PCS,20100412,7.50,7.55,7.46,7.52,75341
PCS,20100413,7.54,7.70,7.48,7.54,69747
PCS,20100414,7.64,7.70,7.49,7.56,67898
PCS,20100415,7.55,7.83,7.49,7.72,90858
PCS,20100416,7.69,7.71,7.44,7.47,41054
PCS,20100419,7.47,7.60,7.33,7.48,48569
PCS,20100420,7.51,7.65,7.38,7.60,44427
PCS,20100421,7.62,7.72,7.56,7.66,46672
PCS,20100422,7.64,7.76,7.59,7.73,36553
PCS,20100423,7.68,7.82,7.63,7.82,32211
PCS,20100426,7.86,7.99,7.71,7.77,60638
PCS,20100427,7.73,7.81,7.55,7.56,48268
PCS,20100428,7.63,7.74,7.53,7.54,51122
PCS,20100429,7.60,7.80,7.60,7.79,78418
PCS,20100430,7.79,7.94,7.60,7.63,52760
PCS,20100503,7.73,8.03,7.70,7.96,86941
PCS,20100504,7.87,7.94,7.63,7.77,56517
PCS,20100505,7.73,8.00,7.60,7.74,119673
PCS,20100506,8.22,9.07,7.60,8.06,297099
PCS,20100507,8.18,8.19,7.12,7.15,237729
PCS,20100510,7.65,7.87,7.56,7.84,154744
PCS,20100511,8.20,8.38,8.05,8.25,179312
PCS,20100512,8.34,8.85,8.29,8.75,156576
PCS,20100513,8.75,8.90,8.61,8.78,91284
PCS,20100514,8.73,8.82,8.62,8.72,75662
PCS,20100517,8.95,9.07,8.73,9.05,122470
PCS,20100518,9.15,9.27,8.71,8.76,133961
PCS,20100519,8.74,8.89,8.56,8.82,73756
PCS,20100520,8.51,8.67,8.27,8.54,152242
PCS,20100521,8.32,8.63,8.18,8.39,112956
PCS,20100524,8.34,8.72,8.32,8.44,74546
PCS,20100525,8.27,8.45,8.01,8.44,96441
PCS,20100526,8.49,9.00,8.49,8.77,163305
PCS,20100527,8.91,9.00,8.78,9.00,89643
PCS,20100528,8.98,9.13,8.83,8.99,95476
PCS,20100601,8.94,9.25,8.57,8.61,155766
PCS,20100602,8.71,8.79,8.37,8.61,119922
PCS,20100603,8.66,8.89,8.61,8.86,58330
PCS,20100604,8.66,8.91,8.58,8.63,70647
PCS,20100607,8.72,8.77,8.26,8.28,83939
PCS,20100608,8.28,8.35,8.12,8.29,90137
PCS,20100609,8.41,8.50,8.24,8.29,79405
PCS,20100610,8.45,8.56,8.36,8.56,37304
PCS,20100611,8.42,8.70,8.16,8.65,30919
PCS,20100614,8.73,9.02,8.69,8.89,79764
PCS,20100615,9.00,9.16,8.93,9.15,75662
PCS,20100616,9.04,9.21,8.95,9.08,52188
PCS,20100617,9.17,9.26,9.01,9.14,87660
PCS,20100618,9.15,9.27,9.03,9.11,63154
PCS,20100621,9.23,9.26,8.82,8.95,71836
PCS,20100622,9.01,9.14,8.70,8.77,61693
PCS,20100623,8.78,9.00,8.71,8.88,66701
PCS,20100624,8.82,8.90,8.56,8.61,64793
PCS,20100625,8.66,8.66,8.37,8.42,72833
PCS,20100628,8.46,8.59,8.34,8.49,71535
PCS,20100629,8.30,8.45,8.17,8.27,113991
PCS,20100630,8.31,8.40,8.18,8.19,83251
PCS,20100701,8.31,8.55,8.16,8.43,150348
PCS,20100702,8.52,8.54,8.26,8.30,71957
PCS,20100706,8.40,8.48,8.26,8.33,81852
PCS,20100707,8.29,8.67,8.24,8.65,56669
PCS,20100708,8.73,9.03,8.71,9.01,79180
PCS,20100709,9.03,9.25,9.00,9.21,61762
PCS,20100712,9.16,9.25,9.10,9.22,46226
PCS,20100713,9.31,9.60,9.29,9.49,67444
PCS,20100714,9.42,9.48,9.26,9.44,53207
PCS,20100715,9.39,9.48,9.21,9.32,49427
PCS,20100716,9.21,9.34,8.77,8.83,55857
PCS,20100719,8.91,8.92,8.69,8.80,36428
PCS,20100720,8.63,9.05,8.62,9.05,72228
PCS,20100721,9.05,9.18,8.82,8.84,57204
PCS,20100722,8.92,9.02,8.85,8.98,38901
PCS,20100723,8.99,9.24,8.81,9.14,42165
PCS,20100726,9.17,9.30,8.98,9.28,36473
PCS,20100727,9.28,9.33,9.00,9.09,41495
PCS,20100728,9.03,9.07,8.76,8.81,40795
PCS,20100729,8.96,9.17,8.75,8.87,53390
PCS,20100730,8.82,8.98,8.75,8.95,46467
PCS,20100802,9.05,9.19,8.88,9.12,48676
PCS,20100803,9.00,9.07,8.73,8.80,68337
PCS,20100804,8.82,8.95,8.56,8.79,217088
PCS,20100805,9.30,9.59,9.11,9.45,211017
PCS,20100806,9.28,9.40,9.04,9.11,108245
PCS,20100809,9.09,9.09,8.88,8.99,64606
PCS,20100810,8.90,8.92,8.37,8.46,106693
PCS,20100811,8.30,8.68,8.25,8.50,152428
PCS,20100812,8.34,8.84,8.27,8.80,83032
PCS,20100813,8.75,8.83,8.70,8.76,51012
PCS,20100816,8.74,9.08,8.71,8.91,45894
PCS,20100817,8.98,9.10,8.90,9.06,43782
PCS,20100818,9.04,9.10,8.96,9.06,49836
PCS,20100819,9.02,9.06,8.80,8.88,67296
PCS,20100820,8.90,8.98,8.75,8.98,56138
PCS,20100823,8.99,9.04,8.85,8.90,66416
PCS,20100824,8.78,8.99,8.68,8.90,67836
PCS,20100825,8.80,9.15,8.80,9.08,73232
PCS,20100826,9.11,9.15,8.92,8.97,42063
PCS,20100827,8.94,9.09,8.85,9.04,65513
PCS,20100830,8.97,9.04,8.89,8.90,39363
PCS,20100831,8.85,9.14,8.76,8.94,78997
PCS,20100901,9.00,9.23,8.98,9.22,47717
PCS,20100902,9.21,9.40,9.15,9.37,46332
PCS,20100903,9.47,9.60,9.35,9.53,44223
PCS,20100907,9.50,9.53,9.31,9.47,26122
PCS,20100908,9.49,9.65,9.41,9.57,46659
PCS,20100909,9.60,9.82,9.49,9.76,65887
PCS,20100910,9.76,9.82,9.54,9.74,46928
PCS,20100913,9.81,9.92,9.68,9.86,54096
PCS,20100914,9.80,9.94,9.73,9.77,62203
PCS,20100915,9.78,9.85,9.66,9.73,35610
PCS,20100916,9.72,9.75,9.48,9.53,35161
PCS,20100917,9.58,9.67,9.32,9.46,55336
PCS,20100920,9.55,9.92,9.50,9.89,51278
PCS,20100921,9.85,10.00,9.77,9.86,45533
PCS,20100922,9.84,10.15,9.83,10.15,78916
PCS,20100923,10.06,10.12,9.86,9.93,45626
PCS,20100924,10.04,10.17,9.98,10.11,45174
PCS,20100927,10.10,10.52,10.08,10.40,57171
PCS,20100928,10.45,10.49,10.15,10.35,47841
PCS,20100929,10.32,10.55,10.26,10.49,34939
PCS,20100930,10.60,10.66,10.31,10.46,33110
PCS,20101001,10.56,11.00,10.46,10.93,111728
PCS,20101004,10.94,10.98,10.74,10.81,48244
PCS,20101005,10.95,11.08,10.87,10.97,52600
PCS,20101006,11.05,11.13,10.93,11.06,53529
PCS,20101007,11.15,11.24,10.93,10.93,64397
PCS,20101008,10.97,11.00,10.85,10.96,30489
PCS,20101011,10.96,11.05,10.77,10.79,47182
PCS,20101012,10.76,10.80,10.48,10.76,41131
PCS,20101013,10.85,11.11,10.84,11.03,29903
PCS,20101014,10.97,11.01,10.38,10.41,109432
PCS,20101015,10.53,10.72,10.43,10.65,67375
PCS,20101018,10.70,10.86,10.52,10.84,42729
PCS,20101019,10.72,10.80,10.45,10.54,46090
PCS,20101020,10.58,10.77,10.49,10.69,33959
PCS,20101021,10.69,10.79,10.43,10.46,54893
PCS,20101022,10.54,10.65,10.48,10.61,34379
PCS,20101025,10.70,10.72,10.46,10.53,33587
PCS,20101026,10.52,10.61,10.40,10.57,22930
PCS,20101027,10.50,10.51,10.26,10.29,45844
PCS,20101028,10.37,10.48,10.29,10.33,33124
PCS,20101029,10.31,10.44,10.28,10.40,16194
PCS,20101101,10.48,10.64,10.36,10.51,30611
PCS,20101102,10.56,10.81,10.54,10.78,48606
PCS,20101103,10.73,10.85,10.61,10.84,44064
PCS,20101104,11.21,11.42,11.14,11.37,99212
PCS,20101105,11.50,11.99,11.45,11.72,69634
PCS,20101108,11.88,12.31,11.71,12.21,108563
PCS,20101109,12.23,12.28,11.90,11.98,83893
PCS,20101110,11.91,12.16,11.80,12.11,39429
PCS,20101111,11.98,12.27,11.94,12.18,35494
PCS,20101112,12.16,12.20,11.95,12.13,34617
PCS,20101115,11.89,11.94,11.51,11.73,85126
PCS,20101116,11.51,11.60,11.17,11.29,70704
PCS,20101117,11.36,12.01,11.30,11.84,65691
PCS,20101118,11.94,12.03,11.80,11.90,48624
PCS,20101119,11.90,12.21,11.82,12.21,57177
PCS,20101122,12.12,12.35,12.04,12.30,63859
PCS,20101123,12.22,12.25,12.01,12.09,29053
PCS,20101124,12.16,12.29,12.10,12.28,27770
PCS,20101126,12.18,12.22,12.09,12.19,10928
PCS,20101129,12.14,12.20,11.92,12.17,31920
PCS,20101130,11.99,12.36,11.95,12.15,56190
PCS,20101201,12.35,12.41,12.20,12.40,67718
PCS,20101202,12.45,12.50,12.30,12.37,36786
PCS,20101203,12.33,12.45,12.24,12.36,35052
PCS,20101206,12.30,12.46,12.25,12.42,26372
PCS,20101207,12.50,12.55,12.20,12.26,37393
PCS,20101208,12.32,12.55,12.28,12.54,39674
PCS,20101209,12.89,12.93,12.49,12.57,42989
PCS,20101210,12.55,12.64,12.47,12.60,21198
PCS,20101213,12.65,12.75,12.51,12.53,34254
PCS,20101214,12.54,12.61,12.30,12.37,28091
PCS,20101215,12.35,12.39,12.10,12.13,31919
PCS,20101216,12.19,12.31,11.97,12.29,39051
PCS,20101217,12.32,12.37,11.97,12.08,62591
PCS,20101220,12.58,12.75,12.40,12.74,63176
PCS,20101221,12.78,12.85,12.63,12.72,50612
PCS,20101222,12.72,12.75,12.59,12.60,22554
PCS,20101223,12.58,12.75,12.52,12.52,24910
PCS,20101227,12.44,12.63,12.35,12.63,15778
PCS,20101228,12.63,12.71,12.50,12.61,26173
PCS,20101229,12.58,12.67,12.43,12.50,26690
PCS,20101230,12.50,12.70,12.35,12.66,20615
PCS,20101231,12.65,12.70,12.55,12.63,20312
PCS,20110103,12.76,13.10,12.67,13.07,72380
PCS,20110104,13.28,13.97,13.20,13.92,188845
PCS,20110105,13.80,14.40,13.68,14.26,155901
PCS,20110106,13.01,13.48,12.94,13.30,150813
PCS,20110107,13.13,13.26,12.85,12.95,75598
PCS,20110110,12.80,13.23,12.77,13.18,6375500
PCS,20110111,13.31,13.36,12.90,12.95,7147900
PCS,20110112,13.06,13.14,12.94,12.97,3564000
PCS,20110113,13.03,13.24,12.93,12.96,2854700
PCS,20110114,12.98,13.20,12.94,13.06,3391800
PCS,20110118,13.08,13.23,12.82,12.83,3499500
PCS,20110119,12.90,13.01,12.46,12.53,5462400
PCS,20110120,12.61,12.72,12.42,12.60,3606400
PCS,20110121,12.72,12.82,12.63,12.72,3607000
PCS,20110124,12.81,12.89,12.67,12.85,2641900
PCS,20110125,12.90,13.50,12.86,13.49,8592300
PCS,20110126,13.55,13.60,13.35,13.57,3914100
PCS,20110127,13.65,13.68,13.28,13.59,3284900
PCS,20110128,13.62,13.65,13.11,13.16,3673100
PCS,20110131,13.21,13.25,12.92,12.93,4582000
PCS,20110201,13.08,13.16,12.91,13.02,11382900
PCS,20110202,13.04,13.07,12.84,12.86,2712200
PCS,20110203,12.80,12.95,12.65,12.91,2434300
PCS,20110204,12.93,13.07,12.81,12.95,9583500
PCS,20110207,13.02,13.18,12.85,12.85,5424800
PCS,20110208,12.93,13.00,12.68,12.99,4958400
PCS,20110209,12.92,13.10,12.84,13.00,3723600
PCS,20110210,13.01,13.04,12.70,12.84,3930600
PCS,20110211,12.85,13.10,12.77,13.06,4204100
PCS,20110214,13.09,13.44,13.05,13.31,4399300
PCS,20110215,13.31,13.51,13.24,13.38,3954600
PCS,20110216,13.40,13.42,13.22,13.34,2501700
PCS,20110217,13.27,13.30,13.11,13.12,2751900
PCS,20110218,13.15,13.69,13.12,13.41,6161200
PCS,20110222,13.29,13.31,13.02,13.08,5103600
PCS,20110223,13.05,13.23,12.75,12.76,6898200
PCS,20110224,13.01,13.56,12.79,13.53,7972100
PCS,20110225,13.60,14.13,13.55,14.11,8156700
PCS,20110228,14.11,14.40,14.11,14.40,6959900
PCS,20110301,14.42,14.45,14.13,14.26,7392500
PCS,20110302,14.29,14.50,13.97,14.20,6447400
PCS,20110303,14.37,15.02,14.28,14.94,10357100
PCS,20110304,15.05,15.07,14.69,14.91,8307400
PCS,20110307,15.02,15.15,14.77,14.98,5694400
PCS,20110308,14.96,15.10,14.83,15.04,5379600
PCS,20110309,15.04,15.20,14.90,15.11,4500900
PCS,20110310,14.88,15.00,14.75,14.89,4163000
PCS,20110311,14.78,15.05,14.72,15.01,4543800
PCS,20110314,14.92,15.18,14.79,14.90,2921200
PCS,20110315,14.51,14.96,14.31,14.85,3140500
PCS,20110316,14.83,14.94,14.35,14.51,5529900
PCS,20110317,14.80,14.89,14.55,14.81,3527100
PCS,20110318,15.02,15.27,14.90,14.93,6056500
PCS,20110321,15.85,15.92,15.54,15.64,10089900
PCS,20110322,15.77,15.80,15.40,15.50,4699800
PCS,20110323,15.52,15.55,15.32,15.50,3278600
PCS,20110324,15.59,15.83,15.46,15.78,5851900
PCS,20110325,15.80,15.83,15.46,15.54,5445700
PCS,20110328,15.94,15.96,15.71,15.79,6100100
PCS,20110329,15.76,15.88,15.62,15.81,3215100
PCS,20110330,15.94,16.41,15.83,16.32,7952600
PCS,20110331,16.22,16.40,15.96,16.24,5044800
PCS,20110401,16.28,16.49,16.16,16.49,4864800
PCS,20110404,16.59,16.60,16.26,16.33,5893200
PCS,20110405,16.37,16.66,16.29,16.51,3833200
PCS,20110406,16.57,16.62,16.30,16.47,4162300
PCS,20110407,16.44,16.63,16.34,16.57,6432600
PCS,20110408,16.64,16.68,16.50,16.66,4114100
PCS,20110411,16.74,17.03,16.68,16.79,7324900
PCS,20110412,16.71,16.80,16.56,16.75,4392500
PCS,20110413,16.79,16.92,16.58,16.75,3404700
PCS,20110414,16.65,16.70,16.36,16.60,4487800
PCS,20110415,16.61,16.72,16.44,16.50,4326200
PCS,20110418,16.34,16.36,15.88,16.07,8329900
PCS,20110419,16.13,16.27,16.05,16.26,5167900
PCS,20110420,16.51,16.64,16.16,16.62,5287900
PCS,20110421,16.72,16.99,16.61,16.89,2922300
PCS,20110425,16.91,16.98,16.70,16.72,2901900
PCS,20110426,16.81,16.85,16.58,16.69,2975700
