PCX,20090115,5.74,6.07,5.09,5.70,49817
PCX,20090116,6.00,6.10,5.54,5.70,37299
PCX,20090120,5.49,5.65,4.93,5.06,30984
PCX,20090121,5.21,6.10,5.09,6.10,41490
PCX,20090122,5.90,6.02,5.46,5.66,30149
PCX,20090123,5.53,5.93,5.26,5.63,31758
PCX,20090126,5.77,5.97,4.95,5.48,29092
PCX,20090127,5.80,5.82,5.47,5.55,21524
PCX,20090128,5.87,6.26,5.61,6.08,39153
PCX,20090129,5.97,5.99,5.51,5.58,22826
PCX,20090130,5.74,5.79,5.05,5.13,33238
PCX,20090202,5.05,5.13,4.66,4.75,34892
PCX,20090203,4.75,5.22,4.75,5.03,23509
PCX,20090204,5.12,5.20,4.71,4.74,35369
PCX,20090205,4.96,5.03,4.66,4.93,32594
PCX,20090206,4.98,5.28,4.91,5.17,35868
PCX,20090209,5.21,6.10,5.19,5.77,60836
PCX,20090210,6.18,6.45,5.00,5.13,94526
PCX,20090211,5.17,5.17,4.61,4.76,62794
PCX,20090212,4.84,4.97,4.52,4.78,36748
PCX,20090213,4.80,5.65,4.55,4.85,83806
PCX,20090217,4.62,4.69,4.00,4.04,58217
PCX,20090218,4.24,4.25,3.75,3.83,42336
PCX,20090219,4.07,4.15,3.77,3.82,33410
PCX,20090220,3.66,3.70,3.25,3.64,41019
PCX,20090223,3.71,3.81,3.03,3.09,47941
PCX,20090224,3.23,3.69,3.15,3.66,37881
PCX,20090225,3.70,3.70,3.26,3.40,30866
PCX,20090226,3.68,3.98,3.50,3.59,45266
PCX,20090227,3.41,3.90,3.30,3.65,33913
PCX,20090302,3.53,3.61,3.08,3.13,43277
PCX,20090303,3.22,3.30,3.00,3.09,30477
PCX,20090304,3.37,3.54,3.16,3.26,31610
PCX,20090305,3.20,3.35,3.07,3.16,28906
PCX,20090306,3.30,3.39,2.92,3.09,30297
PCX,20090309,3.03,3.27,2.81,2.97,22681
PCX,20090310,3.11,3.28,3.05,3.14,37338
PCX,20090311,3.18,3.28,2.96,3.01,27318
PCX,20090312,3.02,3.21,2.76,3.19,38073
PCX,20090313,3.25,3.25,2.93,3.05,16749
PCX,20090316,3.15,3.45,3.08,3.19,25721
PCX,20090317,3.27,3.33,3.00,3.33,23942
PCX,20090318,3.32,3.65,3.19,3.65,25604
PCX,20090319,3.91,4.89,3.74,4.40,74885
PCX,20090320,4.35,4.45,3.51,3.58,70010
PCX,20090323,3.81,4.22,3.80,4.15,39821
PCX,20090324,4.11,4.93,3.97,4.47,58769
PCX,20090325,4.54,4.86,4.06,4.37,36950
PCX,20090326,4.49,4.68,4.33,4.48,28336
PCX,20090327,4.35,4.35,4.10,4.15,24604
PCX,20090330,3.85,4.00,3.55,3.70,24349
PCX,20090331,3.88,3.90,3.65,3.71,18355
PCX,20090401,3.55,4.02,3.51,3.93,21609
PCX,20090402,4.22,4.44,4.01,4.15,35256
PCX,20090403,4.14,4.43,3.92,4.29,29865
PCX,20090406,4.07,4.25,4.00,4.24,18489
PCX,20090407,4.18,4.30,4.01,4.05,19876
PCX,20090408,4.11,4.17,3.95,4.06,18679
PCX,20090409,4.22,4.50,4.16,4.50,27246
PCX,20090413,4.43,4.99,4.32,4.92,30709
PCX,20090414,4.88,5.30,4.72,4.94,39497
PCX,20090415,4.85,4.85,4.20,4.49,41278
PCX,20090416,4.60,4.81,4.52,4.67,27111
PCX,20090417,4.74,5.05,4.65,4.76,34466
PCX,20090420,4.65,4.65,4.11,4.11,29442
PCX,20090421,4.10,4.49,3.95,4.36,27818
PCX,20090422,4.32,4.78,4.15,4.51,27055
PCX,20090423,4.80,4.98,4.52,4.63,27758
PCX,20090424,4.63,5.24,4.60,5.13,45943
PCX,20090427,4.89,5.30,4.67,4.85,42390
PCX,20090428,4.72,4.94,4.60,4.71,20786
PCX,20090429,4.93,5.43,4.85,5.42,70082
PCX,20090430,6.47,6.82,5.77,6.30,117707
PCX,20090501,6.58,8.16,6.48,7.68,162403
PCX,20090504,8.30,9.74,8.25,9.44,151129
PCX,20090505,10.03,10.28,8.75,9.54,111103
PCX,20090506,9.91,10.05,9.10,9.50,86885
PCX,20090507,9.95,9.97,8.11,8.38,84111
PCX,20090508,8.75,9.49,8.40,9.45,78439
PCX,20090511,9.00,9.06,8.45,8.79,48481
PCX,20090512,9.62,9.67,8.61,9.16,62395
PCX,20090513,8.69,8.82,8.00,8.22,67230
PCX,20090514,7.93,8.75,7.54,8.56,57170
PCX,20090515,8.61,8.80,8.10,8.22,29051
PCX,20090518,8.33,8.89,8.30,8.59,66936
PCX,20090519,8.71,9.48,8.64,9.37,72960
PCX,20090520,9.74,10.90,9.60,10.44,128377
PCX,20090521,9.89,10.18,9.02,9.16,104571
PCX,20090522,9.52,9.52,8.61,8.82,63197
PCX,20090526,8.50,9.01,8.20,8.96,56313
PCX,20090527,8.98,9.60,8.74,8.80,79457
PCX,20090528,9.06,9.10,8.47,8.89,52438
PCX,20090529,9.22,9.48,8.80,9.06,60575
PCX,20090601,9.41,9.73,9.15,9.29,72638
PCX,20090602,9.25,9.48,8.83,9.04,46699
PCX,20090603,8.85,8.85,8.04,8.32,59161
PCX,20090604,8.64,8.83,8.28,8.80,41812
PCX,20090605,9.10,9.10,8.50,8.65,46483
PCX,20090608,8.35,8.51,8.07,8.39,37665
PCX,20090609,8.55,8.85,8.26,8.79,46864
PCX,20090610,9.10,9.20,8.80,9.12,57391
PCX,20090611,9.16,9.81,9.05,9.67,75392
PCX,20090612,9.50,9.98,9.20,9.86,80340
PCX,20090615,9.39,9.85,8.83,8.92,53913
PCX,20090616,8.50,8.82,7.81,8.01,96591
PCX,20090617,7.90,7.98,7.01,7.10,195751
PCX,20090618,7.15,7.15,6.44,6.54,127719
PCX,20090619,6.71,7.05,6.64,6.74,90096
PCX,20090622,6.45,6.52,5.74,5.74,81639
PCX,20090623,5.89,6.10,5.47,5.83,111300
PCX,20090624,6.00,6.48,5.95,6.34,96657
PCX,20090625,6.32,6.52,6.03,6.22,92779
PCX,20090626,6.25,6.65,6.07,6.52,114805
PCX,20090629,6.54,6.71,6.16,6.21,49551
PCX,20090630,6.20,6.54,6.08,6.38,70833
PCX,20090701,6.43,6.62,6.34,6.47,55380
PCX,20090702,6.32,6.44,6.14,6.29,40475
PCX,20090706,6.00,6.11,5.67,5.76,67902
PCX,20090707,5.76,5.88,5.43,5.47,45712
PCX,20090708,5.42,5.72,4.97,5.28,76449
PCX,20090709,5.43,5.69,5.30,5.63,42335
PCX,20090710,5.53,5.56,5.25,5.41,28498
PCX,20090713,5.40,5.62,5.15,5.61,28856
PCX,20090714,5.74,5.88,5.62,5.79,31415
PCX,20090715,6.06,6.23,6.02,6.13,40693
PCX,20090716,6.43,7.08,6.33,6.99,86304
PCX,20090717,6.88,7.42,6.61,7.06,72470
PCX,20090720,7.26,8.09,7.19,8.03,100035
PCX,20090721,8.20,8.24,7.41,7.87,76465
PCX,20090722,7.54,7.75,7.42,7.59,36897
PCX,20090723,7.70,8.45,7.58,8.35,63794
PCX,20090724,8.06,8.75,8.04,8.73,59044
PCX,20090727,8.75,8.97,8.48,8.57,55596
PCX,20090728,9.00,9.25,8.41,8.79,137786
PCX,20090729,8.49,8.55,8.12,8.24,73379
PCX,20090730,8.44,8.68,8.30,8.36,67579
PCX,20090731,8.33,8.54,8.11,8.37,53949
PCX,20090803,8.67,9.24,8.58,9.21,71764
PCX,20090804,9.02,9.40,8.95,9.10,60636
PCX,20090805,9.14,9.27,8.82,9.17,42440
PCX,20090806,9.17,9.22,8.68,8.83,33106
PCX,20090807,9.05,9.31,8.90,9.11,38096
PCX,20090810,9.04,9.45,8.96,9.30,31446
PCX,20090811,9.31,9.47,8.90,8.95,27770
PCX,20090812,8.88,9.10,8.66,9.03,34055
PCX,20090813,9.20,10.03,8.87,9.98,87125
PCX,20090814,10.06,10.18,9.22,9.47,61111
PCX,20090817,8.79,8.95,8.36,8.61,41289
PCX,20090818,8.67,9.01,8.67,8.93,21750
PCX,20090819,8.60,9.06,8.50,8.80,29675
PCX,20090820,8.81,9.34,8.81,9.28,34801
PCX,20090821,9.51,9.83,9.42,9.71,38339
PCX,20090824,9.89,10.64,9.85,10.09,75374
PCX,20090825,10.32,10.43,9.65,9.71,45744
PCX,20090826,9.52,9.82,9.38,9.62,23754
PCX,20090827,9.55,9.55,8.90,9.05,61456
PCX,20090828,9.25,9.30,9.05,9.19,31912
PCX,20090831,8.95,9.00,8.65,8.86,36887
PCX,20090901,8.70,9.23,8.55,8.65,48823
PCX,20090902,8.63,8.69,8.33,8.44,26502
PCX,20090903,8.60,8.82,8.51,8.75,17967
PCX,20090904,8.88,9.00,8.67,8.90,22808
PCX,20090908,9.28,9.80,9.18,9.79,49506
PCX,20090909,9.90,9.94,9.51,9.71,30584
PCX,20090910,9.73,10.10,9.52,10.10,37814
PCX,20090911,10.25,10.74,10.03,10.20,62827
PCX,20090914,9.82,12.48,9.76,12.42,137632
PCX,20090915,12.39,13.67,12.20,12.81,148769
PCX,20090916,13.33,14.12,13.09,13.51,106298
PCX,20090917,13.05,13.34,12.16,12.76,103572
PCX,20090918,12.68,12.90,12.27,12.55,51197
PCX,20090921,12.06,12.69,11.58,12.62,47338
PCX,20090922,13.10,13.45,12.85,13.09,74522
PCX,20090923,12.71,12.84,12.08,12.21,63057
PCX,20090924,12.22,12.35,11.62,11.85,43431
PCX,20090925,11.57,11.88,11.14,11.32,41137
PCX,20090928,11.39,12.37,11.26,12.03,47200
PCX,20090929,12.21,12.39,11.81,12.02,33887
PCX,20090930,12.26,12.37,11.52,11.76,48417
PCX,20091001,11.68,11.76,10.84,10.88,49526
PCX,20091002,10.38,11.29,10.21,10.90,55043
PCX,20091005,11.03,11.78,11.01,11.78,50845
PCX,20091006,12.14,12.49,11.78,12.04,49018
PCX,20091007,12.20,12.44,11.90,12.32,37430
PCX,20091008,12.77,12.95,12.56,12.82,40435
PCX,20091009,13.10,13.35,12.80,13.07,47100
PCX,20091012,13.33,13.45,12.76,12.77,32931
PCX,20091013,12.96,13.10,12.42,13.02,26184
PCX,20091014,13.25,13.45,13.08,13.33,32359
PCX,20091015,13.19,14.03,13.10,14.00,42898
PCX,20091016,13.88,14.00,13.26,13.29,66699
PCX,20091019,13.31,13.85,13.24,13.55,44946
PCX,20091020,13.79,13.90,12.85,12.88,53105
PCX,20091021,12.84,13.43,12.66,12.83,63194
PCX,20091022,12.75,12.80,12.06,12.32,57848
PCX,20091023,12.40,12.60,11.48,11.57,60794
PCX,20091026,11.67,12.01,11.02,11.19,79007
PCX,20091027,11.76,14.07,11.60,12.78,217797
PCX,20091028,12.49,12.58,11.63,11.93,91289
PCX,20091029,12.30,12.76,12.04,12.19,70945
PCX,20091030,12.29,12.37,11.10,11.30,56761
PCX,20091102,11.55,11.65,10.61,11.09,43012
PCX,20091103,10.92,11.32,10.60,11.21,70246
PCX,20091104,11.53,12.28,11.41,11.89,73741
PCX,20091105,11.99,12.53,11.90,12.50,45248
PCX,20091106,12.12,13.00,12.05,12.45,49494
PCX,20091109,12.67,13.20,12.67,13.20,46983
PCX,20091110,13.10,13.38,12.67,13.04,36200
PCX,20091111,13.31,13.45,12.95,13.05,30765
PCX,20091112,13.00,13.06,12.55,12.70,36235
PCX,20091113,12.82,12.94,12.54,12.92,27345
PCX,20091116,13.12,13.72,13.12,13.49,53057
PCX,20091117,13.43,14.38,13.20,14.30,64957
PCX,20091118,14.39,14.73,13.73,13.99,59371
PCX,20091119,13.75,13.81,13.35,13.68,32922
PCX,20091120,13.51,13.55,13.20,13.45,26918
PCX,20091123,13.98,14.21,13.10,13.20,37491
PCX,20091124,13.20,13.20,12.59,13.11,27834
PCX,20091125,13.26,13.47,12.87,13.41,21707
PCX,20091127,12.75,13.19,12.29,12.96,20222
PCX,20091130,13.00,13.12,12.16,12.25,52020
PCX,20091201,12.70,12.75,12.35,12.62,36588
PCX,20091202,12.63,13.15,12.57,12.82,30932
PCX,20091203,12.95,13.04,12.53,12.62,29158
PCX,20091204,13.00,13.13,11.93,12.04,52394
PCX,20091207,11.91,12.47,11.91,12.20,26883
PCX,20091208,11.92,12.37,11.92,12.09,37913
PCX,20091209,12.26,12.43,12.01,12.31,27707
PCX,20091210,12.34,12.73,12.31,12.55,29092
PCX,20091211,12.75,12.90,12.60,12.86,26971
PCX,20091214,13.02,13.47,12.94,13.47,29880
PCX,20091215,13.27,13.80,13.27,13.64,36561
PCX,20091216,13.69,14.30,13.69,14.16,43322
PCX,20091217,13.80,13.98,13.38,13.61,36786
PCX,20091218,13.72,14.08,13.67,13.89,74840
PCX,20091221,14.10,14.59,13.97,13.99,41000
PCX,20091222,14.15,14.82,14.11,14.70,35039
PCX,20091223,14.90,16.46,14.90,16.10,76276
PCX,20091224,16.18,16.74,16.18,16.63,21548
PCX,20091228,17.00,17.24,16.14,16.28,31252
PCX,20091229,16.41,16.50,15.72,15.76,27888
PCX,20091230,15.52,15.74,15.22,15.53,29226
PCX,20091231,15.68,15.86,15.45,15.46,13634
PCX,20100104,16.06,17.34,15.99,17.30,42776
PCX,20100105,17.32,18.41,17.28,18.29,66823
PCX,20100106,18.69,19.18,18.52,19.04,69413
PCX,20100107,18.89,19.40,18.54,19.11,42283
PCX,20100108,18.88,20.63,18.70,20.42,78431
PCX,20100111,21.47,22.37,20.04,20.14,134112
PCX,20100112,19.65,20.87,19.26,20.68,74041
PCX,20100113,21.08,21.45,19.95,21.12,54398
PCX,20100114,21.09,21.25,20.41,20.74,36725
PCX,20100115,20.45,20.75,19.75,20.20,50477
PCX,20100119,19.91,21.21,19.91,21.15,46299
PCX,20100120,20.81,20.88,20.08,20.23,44501
PCX,20100121,19.35,19.35,17.53,17.57,113518
PCX,20100122,17.50,18.50,16.61,16.98,82598
PCX,20100125,17.61,17.98,17.23,17.50,41958
PCX,20100126,17.29,18.35,16.80,17.15,65654
PCX,20100127,17.02,17.70,15.92,16.91,69380
PCX,20100128,17.13,17.39,16.47,16.95,45470
PCX,20100129,17.19,17.61,15.31,15.49,76209
PCX,20100201,15.78,17.07,15.63,16.96,62312
PCX,20100202,17.23,17.27,15.95,16.91,83642
PCX,20100203,16.93,17.32,16.37,16.53,56582
PCX,20100204,16.03,16.10,14.26,14.30,106575
PCX,20100205,14.46,15.15,13.87,14.95,95776
PCX,20100208,15.06,15.29,14.25,14.28,49072
PCX,20100209,14.80,15.15,14.48,14.80,64011
PCX,20100210,14.84,15.19,14.40,14.65,51275
PCX,20100211,14.73,15.82,14.65,15.56,67481
PCX,20100212,15.07,16.07,14.80,16.07,59959
PCX,20100216,16.62,16.94,16.46,16.75,51346
PCX,20100217,16.99,17.10,16.25,16.66,44042
PCX,20100218,16.45,17.20,16.31,17.10,55873
PCX,20100219,17.02,17.39,16.66,17.27,43017
PCX,20100222,17.86,17.96,17.45,17.62,46159
PCX,20100223,17.13,17.20,15.42,15.53,118498
PCX,20100224,15.82,16.59,15.82,16.26,67144
PCX,20100225,15.91,17.04,15.55,16.99,78767
PCX,20100226,16.94,17.12,16.43,16.66,48819
PCX,20100301,16.88,18.20,16.70,18.08,71431
PCX,20100302,18.27,20.68,18.00,20.02,226107
PCX,20100303,19.82,20.46,19.72,19.74,88371
PCX,20100304,20.21,20.22,18.96,19.10,93613
PCX,20100305,19.65,21.99,19.43,21.67,152026
PCX,20100308,21.87,21.87,20.78,21.13,69947
PCX,20100309,19.81,20.99,19.70,20.36,77137
PCX,20100310,20.51,20.82,19.90,20.04,92852
PCX,20100311,19.90,19.95,19.37,19.78,60370
PCX,20100312,20.25,20.70,19.90,20.23,70582
PCX,20100315,19.84,20.00,18.90,19.18,63347
PCX,20100316,20.16,20.46,19.70,20.30,84124
PCX,20100317,20.80,21.30,20.55,20.67,72506
PCX,20100318,20.73,21.48,20.12,20.23,87337
PCX,20100319,20.22,20.61,19.30,19.35,74912
PCX,20100322,18.82,20.04,18.62,19.94,61708
PCX,20100323,20.15,20.68,19.88,20.59,52328
PCX,20100324,20.19,20.79,20.14,20.33,45987
PCX,20100325,20.91,20.98,19.39,19.49,69947
PCX,20100326,19.83,20.41,19.50,19.76,54047
PCX,20100329,20.10,20.84,20.10,20.78,55806
PCX,20100330,21.08,21.10,20.17,20.55,38335
PCX,20100331,20.48,20.80,20.31,20.46,37954
PCX,20100401,21.01,21.21,20.70,21.11,48362
PCX,20100405,21.59,22.39,21.32,22.39,57184
PCX,20100406,21.94,23.24,21.73,22.59,65682
PCX,20100407,22.31,22.59,21.44,21.95,64146
PCX,20100408,21.70,21.93,21.25,21.82,35192
PCX,20100409,22.07,22.52,21.75,21.98,36026
PCX,20100412,22.49,23.00,22.11,22.29,50385
PCX,20100413,22.22,22.55,21.90,22.19,27795
PCX,20100414,22.68,22.99,22.40,22.87,43833
PCX,20100415,22.82,23.78,22.64,23.47,69154
PCX,20100416,23.21,23.39,21.47,21.90,103780
PCX,20100419,21.79,22.14,21.12,21.63,55999
PCX,20100420,22.13,22.45,21.60,22.21,42031
PCX,20100421,22.28,22.61,21.65,22.24,39135
PCX,20100422,21.64,22.48,21.21,22.39,57586
PCX,20100423,22.47,23.87,22.40,23.81,72011
PCX,20100426,24.00,24.25,23.23,23.34,48193
PCX,20100427,23.05,23.21,21.88,22.01,58908
PCX,20100428,22.51,22.65,21.76,22.25,39786
PCX,20100429,22.21,22.49,20.41,20.61,96463
PCX,20100430,20.94,21.34,19.50,19.69,64164
PCX,20100503,19.97,19.97,19.10,19.72,53464
PCX,20100504,19.27,19.27,18.33,18.53,63561
PCX,20100505,17.93,19.50,17.57,18.98,89441
PCX,20100506,18.78,19.78,15.75,18.19,91874
PCX,20100507,18.22,18.69,16.68,17.62,89250
PCX,20100510,19.24,19.84,18.95,19.48,53090
PCX,20100511,18.96,19.14,18.26,18.31,54327
PCX,20100512,18.59,19.26,18.42,19.20,44533
PCX,20100513,19.17,19.79,18.84,19.04,33635
PCX,20100514,18.61,18.75,17.45,18.01,46120
PCX,20100517,17.90,18.00,16.19,16.63,59354
PCX,20100518,17.05,17.99,16.34,16.55,65263
PCX,20100519,16.41,16.80,15.26,16.06,63837
PCX,20100520,15.34,15.71,14.56,14.83,73668
PCX,20100521,14.33,16.05,14.09,15.62,71159
PCX,20100524,15.61,16.35,15.13,15.19,41809
PCX,20100525,14.15,15.64,13.93,15.53,61918
PCX,20100526,16.27,16.57,15.75,15.80,70460
PCX,20100527,16.61,17.14,16.33,17.13,46019
PCX,20100528,17.08,17.33,16.39,16.67,53667
PCX,20100601,16.08,16.52,15.30,15.30,49370
PCX,20100602,15.55,16.84,15.32,16.67,59998
PCX,20100603,16.90,16.97,15.88,16.69,57083
PCX,20100604,15.79,16.58,15.40,15.64,68494
PCX,20100607,15.78,15.98,14.40,14.56,60230
PCX,20100608,14.51,15.35,14.40,15.04,80671
PCX,20100609,15.36,16.03,14.82,15.09,74363
PCX,20100610,15.88,16.51,15.63,16.50,62529
PCX,20100611,16.08,17.01,16.01,16.98,49765
PCX,20100614,17.50,17.70,16.82,16.88,51648
PCX,20100615,16.14,16.72,15.75,16.51,84795
PCX,20100616,16.16,16.78,16.06,16.40,39859
PCX,20100617,16.46,16.63,15.60,15.78,51981
PCX,20100618,15.75,16.03,15.54,15.90,39124
PCX,20100621,16.55,16.90,16.00,16.20,45767
PCX,20100622,15.39,15.55,13.44,13.48,174515
PCX,20100623,13.55,14.51,13.24,14.22,110808
PCX,20100624,14.05,14.14,13.57,13.61,53199
PCX,20100625,13.75,14.00,13.41,13.89,47805
PCX,20100628,13.92,14.00,12.95,12.97,49547
PCX,20100629,12.25,12.54,11.81,12.03,77308
PCX,20100630,12.13,12.52,11.68,11.75,42720
PCX,20100701,11.75,12.12,10.90,11.69,66186
PCX,20100702,11.88,11.88,11.06,11.30,40288
PCX,20100706,12.00,12.20,11.23,11.37,48962
PCX,20100707,11.46,12.30,11.41,12.28,47225
PCX,20100708,12.60,12.67,11.81,12.17,42905
PCX,20100709,12.01,12.68,11.91,12.55,36323
PCX,20100712,12.50,12.66,11.92,12.05,30784
PCX,20100713,12.45,12.78,12.12,12.68,48381
PCX,20100714,12.61,12.87,12.41,12.68,42761
PCX,20100715,12.60,12.73,12.08,12.35,30039
PCX,20100716,12.14,12.23,11.63,11.73,32503
PCX,20100719,11.80,11.98,11.40,11.66,32290
PCX,20100720,11.34,12.30,11.25,12.30,43831
PCX,20100721,12.60,12.85,12.28,12.39,48640
PCX,20100722,12.80,13.39,12.61,13.28,51281
PCX,20100723,13.27,13.66,12.80,13.64,55092
PCX,20100726,13.47,14.03,13.40,13.67,43749
PCX,20100727,13.80,13.84,12.16,12.40,90297
PCX,20100728,11.76,12.58,11.75,11.87,56740
PCX,20100729,12.10,12.32,11.70,12.24,37615
PCX,20100730,11.90,12.38,11.80,12.06,36700
PCX,20100802,12.40,12.52,12.21,12.45,47809
PCX,20100803,12.35,12.74,12.15,12.34,33643
PCX,20100804,12.50,12.68,12.11,12.58,35372
PCX,20100805,12.46,12.98,12.35,12.51,33609
PCX,20100806,12.26,12.90,12.21,12.84,59105
PCX,20100809,13.04,13.09,12.57,12.66,23463
PCX,20100810,12.37,12.44,12.00,12.25,37567
PCX,20100811,11.79,11.89,11.29,11.35,49227
PCX,20100812,11.05,11.47,10.91,11.24,41459
PCX,20100813,11.25,11.55,11.19,11.20,25039
PCX,20100816,11.15,11.68,11.03,11.52,25223
PCX,20100817,11.79,11.92,11.61,11.87,38602
PCX,20100818,11.77,12.05,11.57,11.94,35090
PCX,20100819,11.83,12.12,11.41,11.53,32963
PCX,20100820,11.39,11.48,11.17,11.44,22117
PCX,20100823,11.52,11.70,11.13,11.14,27127
PCX,20100824,10.85,10.95,10.39,10.39,41589
PCX,20100825,10.19,10.71,9.76,10.60,59741
PCX,20100826,10.72,10.90,10.06,10.12,32509
PCX,20100827,10.35,10.52,9.94,10.50,39944
PCX,20100830,10.41,10.60,10.05,10.05,23061
PCX,20100831,10.00,10.56,9.97,10.28,40464
PCX,20100901,10.60,11.10,10.39,11.10,43008
PCX,20100902,11.10,11.15,10.73,11.06,27053
PCX,20100903,11.39,11.48,11.12,11.30,23677
PCX,20100907,11.09,11.21,10.80,11.04,21356
PCX,20100908,11.11,11.47,11.10,11.17,20021
PCX,20100909,11.46,11.69,11.22,11.30,50879
PCX,20100910,11.34,11.92,11.34,11.83,38141
PCX,20100913,11.50,11.59,11.31,11.39,52617
PCX,20100914,11.19,11.48,11.05,11.14,28436
PCX,20100915,11.00,11.13,10.83,10.88,28139
PCX,20100916,10.88,11.10,10.75,10.86,25615
PCX,20100917,10.97,10.97,10.63,10.89,39552
PCX,20100920,10.90,11.27,10.76,11.20,43183
PCX,20100921,11.20,11.30,10.94,11.10,28027
PCX,20100922,11.11,11.25,10.96,11.00,22134
PCX,20100923,10.86,11.15,10.75,10.83,19502
PCX,20100924,11.03,11.15,11.01,11.13,25239
PCX,20100927,11.12,11.33,11.08,11.27,23407
PCX,20100928,11.25,11.46,11.00,11.40,31077
PCX,20100929,11.38,11.63,11.30,11.42,23092
PCX,20100930,11.64,11.69,11.23,11.41,19042
PCX,20101001,11.72,12.01,11.53,11.95,39807
PCX,20101004,11.95,11.99,11.52,11.76,29927
PCX,20101005,11.94,12.56,11.84,12.49,44022
PCX,20101006,12.34,13.29,12.28,13.24,69472
PCX,20101007,13.35,13.44,12.95,13.10,44449
PCX,20101008,13.05,13.65,13.01,13.61,40961
PCX,20101011,13.65,14.15,13.55,13.68,31179
PCX,20101012,13.66,13.68,13.06,13.51,35307
PCX,20101013,13.77,14.10,13.55,13.58,36190
PCX,20101014,13.58,13.75,13.12,13.38,33339
PCX,20101015,13.50,13.60,12.89,13.26,41714
PCX,20101018,13.33,13.33,12.92,13.18,39081
PCX,20101019,13.05,13.17,12.53,12.78,44635
PCX,20101020,12.76,13.60,12.68,13.40,72753
PCX,20101021,13.40,13.77,12.80,12.99,64664
PCX,20101022,13.05,13.11,12.77,12.81,25168
PCX,20101025,13.04,13.76,13.02,13.56,54471
PCX,20101026,13.40,13.94,13.23,13.68,42302
PCX,20101027,13.43,13.53,13.15,13.48,38146
PCX,20101028,13.69,13.80,13.27,13.39,28082
PCX,20101029,13.51,13.72,13.39,13.49,31656
PCX,20101101,13.68,14.08,13.45,13.63,45178
PCX,20101102,13.90,14.05,13.71,13.89,32913
PCX,20101103,14.00,14.29,13.46,13.88,59992
PCX,20101104,14.29,14.68,14.15,14.53,45521
PCX,20101105,14.73,15.33,14.64,15.32,69377
PCX,20101108,15.30,16.08,15.21,15.99,61464
PCX,20101109,16.31,16.45,14.81,15.02,76099
PCX,20101110,15.17,15.40,14.66,15.21,53139
PCX,20101111,15.02,16.08,14.90,16.01,53787
PCX,20101112,15.68,15.77,14.66,14.72,64196
PCX,20101115,15.15,15.30,14.52,14.55,34424
PCX,20101116,14.23,14.32,13.59,13.83,55153
PCX,20101117,13.90,14.38,13.80,13.94,34629
PCX,20101118,14.59,14.93,14.46,14.88,42629
PCX,20101119,14.83,16.14,14.50,15.98,95164
PCX,20101122,15.77,16.47,15.61,16.26,71987
PCX,20101123,15.79,16.25,15.65,16.03,52361
PCX,20101124,16.44,16.65,16.24,16.48,36844
PCX,20101126,16.23,16.37,16.00,16.28,18032
PCX,20101129,16.24,16.46,15.77,16.38,42133
PCX,20101130,16.10,16.71,16.01,16.18,41909
PCX,20101201,16.68,16.94,16.62,16.80,40807
PCX,20101202,16.88,17.70,16.88,17.54,44929
PCX,20101203,17.11,18.04,17.06,17.50,63854
PCX,20101206,17.60,18.43,17.51,18.25,53484
PCX,20101207,18.56,18.64,17.23,17.33,72310
PCX,20101208,16.35,16.90,16.20,16.53,73299
PCX,20101209,16.89,17.11,16.70,17.01,46070
PCX,20101210,17.13,17.33,16.66,17.30,47033
PCX,20101213,17.59,17.73,17.00,17.05,53285
PCX,20101214,17.21,17.24,16.55,16.69,42837
PCX,20101215,16.72,17.00,16.32,16.46,52114
PCX,20101216,16.58,16.72,16.03,16.26,43670
PCX,20101217,16.31,16.66,16.22,16.34,88584
PCX,20101220,16.90,17.80,16.71,17.51,68494
PCX,20101221,18.02,18.86,17.85,18.71,81699
PCX,20101222,19.00,19.08,18.04,18.39,56032
PCX,20101223,18.33,18.54,17.98,18.30,37876
PCX,20101227,18.20,18.61,17.92,18.43,25597
PCX,20101228,18.47,18.72,18.30,18.42,23771
PCX,20101229,18.49,18.98,18.27,18.78,39011
PCX,20101230,18.83,19.94,18.80,19.70,60404
PCX,20101231,19.83,19.89,19.28,19.37,34326
PCX,20110103,19.91,20.76,19.90,20.30,68939
PCX,20110104,20.78,21.11,19.68,20.41,81679
PCX,20110105,20.33,22.10,20.12,21.99,93569
PCX,20110106,22.51,23.36,22.00,22.50,139477
PCX,20110107,22.73,23.19,22.05,23.19,100752
PCX,20110110,22.93,23.76,22.46,23.57,6963000
PCX,20110111,24.10,25.97,24.05,25.88,13714800
PCX,20110112,25.80,26.30,25.05,26.10,11785400
PCX,20110113,26.12,27.35,25.90,26.48,12243900
PCX,20110114,25.17,25.98,24.41,24.52,14977000
PCX,20110118,25.15,25.24,24.46,25.07,7254000
PCX,20110119,25.02,25.11,22.88,23.08,11401400
PCX,20110120,22.55,23.96,22.04,23.65,11049300
PCX,20110121,24.25,24.80,22.95,23.18,12153700
PCX,20110124,22.96,24.15,22.80,23.93,5819800
PCX,20110125,23.68,24.02,22.96,23.52,6061000
PCX,20110126,23.74,25.56,23.58,25.39,9338400
PCX,20110127,25.42,25.68,24.23,24.79,6115300
PCX,20110128,24.59,25.51,24.46,25.46,7307000
PCX,20110131,26.24,26.94,25.74,26.17,9557000
PCX,20110201,26.92,28.65,26.50,28.44,13637000
PCX,20110202,28.58,29.20,28.06,28.13,9266800
PCX,20110203,26.48,26.67,25.57,25.94,23027300
PCX,20110204,26.16,26.16,24.76,25.10,10935700
PCX,20110207,25.50,25.93,25.18,25.57,5632100
PCX,20110208,25.68,25.85,24.91,25.73,5060000
PCX,20110209,25.39,25.68,23.60,23.82,10697700
PCX,20110210,23.66,24.85,23.61,24.72,6133400
PCX,20110211,24.46,24.99,24.25,24.62,4501600
PCX,20110214,24.62,26.10,24.60,25.92,5577500
PCX,20110215,25.91,26.25,24.74,24.96,7216100
PCX,20110216,25.24,25.49,25.01,25.25,3521700
PCX,20110217,25.44,25.54,24.60,25.04,4908100
PCX,20110218,25.02,25.07,23.76,24.01,5339700
PCX,20110222,23.69,24.28,22.65,22.76,6382700
PCX,20110223,22.95,23.30,22.06,22.92,7274300
PCX,20110224,23.21,23.72,22.84,23.28,4419900
PCX,20110225,23.71,23.85,23.11,23.83,4458900
PCX,20110228,24.15,24.25,22.86,23.60,4664900
PCX,20110301,23.63,23.90,22.64,22.69,4270500
PCX,20110302,22.60,24.24,22.32,24.18,6569500
PCX,20110303,24.52,25.29,24.34,25.24,6558900
PCX,20110304,25.44,26.27,25.29,25.47,8511400
PCX,20110307,25.96,26.10,24.01,24.59,6766800
PCX,20110308,24.44,25.09,23.69,25.07,5692100
PCX,20110309,25.07,25.24,23.79,23.85,4701800
PCX,20110310,23.11,23.22,22.42,22.55,6390100
PCX,20110311,21.23,22.85,20.33,22.59,7913200
PCX,20110314,22.99,23.60,22.41,22.95,5193900
PCX,20110315,22.21,23.20,21.63,22.93,6527000
PCX,20110316,23.37,24.36,22.78,23.32,8641600
PCX,20110317,23.99,24.19,23.48,23.63,5351300
PCX,20110318,24.33,24.51,23.90,24.43,9717300
PCX,20110321,24.99,25.05,23.81,24.21,5174600
PCX,20110322,24.21,24.25,23.60,24.05,3294800
PCX,20110323,24.02,25.08,23.82,24.94,4949700
PCX,20110324,25.19,25.51,24.40,25.22,5176800
PCX,20110325,25.47,25.99,25.17,25.40,4190800
PCX,20110328,25.41,25.88,24.76,24.85,3880000
PCX,20110329,24.92,25.45,24.58,25.29,4559100
PCX,20110330,25.61,25.94,25.18,25.50,4957200
PCX,20110331,25.49,26.46,25.49,25.83,6865800
PCX,20110401,26.25,27.00,26.24,26.86,6847900
PCX,20110404,27.34,27.56,26.65,26.89,5329200
PCX,20110405,26.78,27.14,26.65,26.81,3674300
PCX,20110406,27.09,27.23,25.80,26.33,5104300
PCX,20110407,26.33,26.77,25.95,26.35,4610400
PCX,20110408,26.63,26.85,25.97,26.23,2897600
PCX,20110411,26.32,26.32,24.75,25.07,4254600
PCX,20110412,24.69,24.75,23.83,24.00,6026100
PCX,20110413,24.48,24.61,23.57,24.06,4634400
PCX,20110414,23.76,24.63,23.71,24.53,4639100
PCX,20110415,24.50,24.89,24.07,24.83,4000800
PCX,20110418,24.48,24.48,23.29,23.77,5207100
PCX,20110419,23.90,24.16,23.57,24.10,2786200
PCX,20110420,24.49,24.68,24.19,24.53,3498000
PCX,20110421,25.21,26.22,25.21,26.09,6088100
PCX,20110425,26.18,26.38,25.48,25.87,3879100
PCX,20110426,26.05,26.10,25.22,25.28,4242900
