PXD,20090115,17.12,17.29,15.74,16.93,29740
PXD,20090116,16.93,17.21,15.62,16.11,35087
PXD,20090120,15.74,16.30,14.55,14.65,30929
PXD,20090121,14.89,15.81,14.62,15.78,28744
PXD,20090122,15.17,15.55,14.49,15.03,22595
PXD,20090123,14.57,16.24,14.51,15.88,18317
PXD,20090126,15.93,16.56,15.26,16.01,22058
PXD,20090127,15.97,16.08,15.22,15.56,23472
PXD,20090128,15.84,18.25,15.28,16.26,25471
PXD,20090129,15.67,15.82,15.17,15.25,21011
PXD,20090130,15.55,15.63,14.53,14.64,24262
PXD,20090202,14.39,14.71,14.08,14.42,23405
PXD,20090203,14.47,14.90,14.11,14.76,30706
PXD,20090204,14.91,14.91,13.92,14.29,52983
PXD,20090205,13.84,14.52,13.75,14.38,42033
PXD,20090206,14.23,16.05,14.05,15.83,39673
PXD,20090209,15.80,17.74,15.80,17.14,52202
PXD,20090210,16.99,17.87,16.23,16.45,62897
PXD,20090211,16.25,16.78,15.93,16.37,52511
PXD,20090212,15.78,16.17,15.45,16.05,40449
PXD,20090213,16.21,17.57,15.94,17.23,36421
PXD,20090217,16.40,16.68,15.58,15.62,40586
PXD,20090218,15.76,15.90,14.80,15.11,38314
PXD,20090219,15.43,15.95,15.08,15.42,39031
PXD,20090220,15.07,15.55,14.50,15.08,35528
PXD,20090223,15.40,15.48,13.75,13.81,33557
PXD,20090224,14.06,14.67,13.68,14.60,46995
PXD,20090225,14.58,15.20,14.01,14.77,38354
PXD,20090226,15.08,15.86,15.00,15.04,29126
PXD,20090227,14.56,15.34,14.15,14.59,33631
PXD,20090302,14.00,14.24,12.53,12.71,32982
PXD,20090303,12.87,13.56,12.51,12.99,34826
PXD,20090304,13.69,14.14,13.37,13.80,44465
PXD,20090305,12.80,13.86,12.80,13.03,31500
PXD,20090306,13.30,13.64,12.16,12.69,37540
PXD,20090309,12.44,13.12,11.88,12.10,50402
PXD,20090310,12.44,14.00,12.20,13.85,52166
PXD,20090311,13.97,14.75,13.73,14.49,40872
PXD,20090312,14.53,15.81,14.47,15.72,29777
PXD,20090313,15.63,15.87,15.15,15.42,31725
PXD,20090316,15.56,16.33,15.01,15.63,28367
PXD,20090317,15.53,16.39,15.27,16.07,28162
PXD,20090318,15.93,16.36,15.05,16.26,34582
PXD,20090319,16.57,18.27,16.57,17.59,40687
PXD,20090320,17.66,17.95,16.49,16.65,29603
PXD,20090323,17.11,18.74,16.96,18.74,31700
PXD,20090324,18.42,18.73,17.55,18.28,24548
PXD,20090325,18.13,19.06,17.77,18.64,42179
PXD,20090326,19.00,19.24,17.80,18.45,41285
PXD,20090327,18.17,18.91,17.65,18.16,38976
PXD,20090330,17.07,17.44,16.47,16.81,36571
PXD,20090331,17.12,17.28,16.40,16.47,36740
PXD,20090401,16.08,16.84,15.67,16.69,49322
PXD,20090402,17.40,17.84,17.20,17.45,44231
PXD,20090403,17.34,18.03,17.34,17.85,25981
PXD,20090406,17.51,17.58,16.94,17.32,23475
PXD,20090407,16.86,16.86,16.30,16.50,19345
PXD,20090408,16.49,17.38,16.05,17.17,22998
PXD,20090409,18.78,18.92,17.73,18.88,29108
PXD,20090413,18.44,20.44,18.24,20.07,38660
PXD,20090414,19.98,21.66,19.55,20.55,47303
PXD,20090415,20.78,20.85,20.08,20.62,26297
PXD,20090416,20.73,21.51,20.06,21.13,26493
PXD,20090417,21.27,22.25,21.14,22.05,28005
PXD,20090420,21.22,21.32,20.00,20.27,26003
PXD,20090421,20.11,21.74,19.82,21.37,30250
PXD,20090422,21.11,21.90,20.89,21.25,22839
PXD,20090423,21.50,22.10,21.09,21.57,19400
PXD,20090424,22.00,22.72,21.71,22.51,22788
PXD,20090427,22.07,22.81,21.69,22.51,24012
PXD,20090428,22.15,22.51,21.72,22.28,19231
PXD,20090429,22.60,23.67,22.54,23.35,25852
PXD,20090430,23.63,24.06,22.55,23.12,28861
PXD,20090501,23.13,25.23,23.10,24.76,24898
PXD,20090504,25.14,26.73,24.84,26.73,31968
PXD,20090505,26.69,26.69,24.71,25.46,23147
PXD,20090506,26.20,29.56,25.68,28.54,45241
PXD,20090507,29.29,29.93,27.18,27.42,35123
PXD,20090508,27.77,30.56,27.11,29.87,35454
PXD,20090511,28.39,28.76,27.29,27.65,33359
PXD,20090512,28.13,28.31,26.10,27.12,23254
PXD,20090513,26.13,26.48,24.90,25.14,23720
PXD,20090514,24.83,26.04,24.23,25.76,22855
PXD,20090515,25.61,25.90,24.13,24.39,18735
PXD,20090518,24.79,26.42,24.79,26.25,20671
PXD,20090519,26.11,26.92,25.85,26.25,15616
PXD,20090520,26.72,27.49,25.95,26.06,24450
PXD,20090521,25.60,25.75,24.21,24.76,16942
PXD,20090522,25.03,25.79,24.68,24.69,15306
PXD,20090526,24.37,25.64,23.62,25.61,23103
PXD,20090527,25.71,26.17,25.11,25.16,19842
PXD,20090528,25.63,27.10,25.26,26.90,26704
PXD,20090529,27.55,28.13,27.02,28.12,37169
PXD,20090601,28.71,29.95,28.71,29.58,27806
PXD,20090602,29.35,29.98,28.92,29.36,18610
PXD,20090603,28.42,28.65,26.34,26.97,35407
PXD,20090604,27.37,27.80,26.72,27.66,32686
PXD,20090605,28.16,28.36,27.01,27.60,25279
PXD,20090608,27.22,27.94,26.70,27.75,18222
PXD,20090609,27.58,28.23,26.75,27.91,30450
PXD,20090610,28.41,28.92,27.86,28.65,23247
PXD,20090611,28.65,30.18,28.54,29.71,20319
PXD,20090612,29.23,29.36,28.47,29.28,14041
PXD,20090615,28.72,29.18,27.60,28.03,16009
PXD,20090616,28.40,29.22,27.14,27.30,20545
PXD,20090617,26.93,27.30,26.14,27.02,27179
PXD,20090618,26.90,27.19,26.18,26.63,25878
PXD,20090619,26.93,26.96,25.60,25.96,35606
PXD,20090622,25.17,25.31,23.52,23.71,35544
PXD,20090623,24.12,24.20,23.00,23.67,22741
PXD,20090624,23.86,24.50,23.61,23.87,16914
PXD,20090625,23.76,24.85,23.60,24.75,26071
PXD,20090626,24.65,25.65,24.55,25.44,25187
PXD,20090629,25.63,26.22,25.47,25.60,30422
PXD,20090630,25.41,26.48,25.20,25.50,24139
PXD,20090701,25.96,26.26,25.02,25.17,25345
PXD,20090702,24.59,24.73,23.95,23.95,22940
PXD,20090706,22.81,23.45,22.59,23.20,23835
PXD,20090707,23.00,23.39,22.73,22.88,18783
PXD,20090708,22.98,23.20,21.78,22.29,33368
PXD,20090709,22.67,23.55,22.54,23.20,26008
PXD,20090710,22.91,23.27,22.19,23.08,13717
PXD,20090713,23.09,23.66,22.28,23.61,16386
PXD,20090714,23.99,24.27,23.61,24.20,17680
PXD,20090715,24.86,25.14,24.58,24.94,25970
PXD,20090716,24.46,25.74,24.46,25.55,18344
PXD,20090717,25.63,26.04,25.22,25.70,19422
PXD,20090720,26.37,26.80,25.73,26.37,23916
PXD,20090721,26.78,27.10,26.22,26.74,25735
PXD,20090722,26.28,27.04,25.76,26.75,16905
PXD,20090723,26.74,28.11,26.68,28.04,19923
PXD,20090724,27.91,28.64,27.70,28.61,15849
PXD,20090727,28.73,28.98,28.18,28.56,12050
PXD,20090728,28.02,28.19,27.01,27.64,21740
PXD,20090729,27.14,27.14,26.35,26.83,16602
PXD,20090730,27.15,28.00,27.06,27.71,11645
PXD,20090731,27.43,28.95,27.20,28.55,17157
PXD,20090803,29.06,30.48,29.06,30.17,21640
PXD,20090804,29.89,30.91,29.33,30.53,25066
PXD,20090805,30.87,31.31,29.69,29.88,21662
PXD,20090806,30.05,30.30,29.12,29.42,17706
PXD,20090807,30.18,30.43,29.41,29.91,20368
PXD,20090810,29.71,30.99,29.63,30.62,14048
PXD,20090811,30.54,30.54,29.42,29.50,14992
PXD,20090812,29.42,29.99,29.15,29.35,16807
PXD,20090813,29.70,29.92,29.10,29.60,20509
PXD,20090814,29.42,29.48,28.32,28.67,17376
PXD,20090817,27.77,28.07,27.51,27.71,17033
PXD,20090818,28.64,29.00,27.92,28.78,25976
PXD,20090819,28.54,29.48,28.08,29.21,18270
PXD,20090820,29.34,29.81,29.23,29.73,14756
PXD,20090821,29.97,30.99,29.96,30.87,17208
PXD,20090824,31.41,32.11,31.15,31.49,22819
PXD,20090825,31.53,31.69,30.05,30.40,19511
PXD,20090826,30.06,30.33,29.56,30.01,13584
PXD,20090827,29.79,30.04,28.97,29.80,12366
PXD,20090828,30.02,30.48,29.53,29.65,17039
PXD,20090831,29.00,29.03,28.38,28.96,17288
PXD,20090901,29.01,29.71,28.38,28.54,26793
PXD,20090902,28.50,28.86,28.22,28.29,14173
PXD,20090903,28.70,28.78,28.12,28.48,16313
PXD,20090904,28.33,28.96,28.27,28.90,11642
PXD,20090908,29.60,30.36,29.46,30.06,13686
PXD,20090909,30.19,31.05,29.87,30.40,26560
PXD,20090910,30.40,32.88,30.21,32.88,36371
PXD,20090911,33.12,33.96,32.70,33.13,33727
PXD,20090914,32.83,34.16,32.66,34.15,20760
PXD,20090915,34.46,35.75,33.99,35.44,28268
PXD,20090916,35.65,36.40,35.34,36.05,22546
PXD,20090917,35.96,36.74,34.91,35.67,24470
PXD,20090918,35.95,35.99,34.66,35.30,22164
PXD,20090921,34.42,35.43,33.84,35.13,21209
PXD,20090922,35.30,36.38,35.26,36.15,17163
PXD,20090923,36.33,36.53,35.03,35.69,19594
PXD,20090924,36.67,36.67,34.65,35.44,25354
PXD,20090925,35.35,35.72,34.40,34.62,18158
PXD,20090928,34.61,35.98,34.20,35.98,12883
PXD,20090929,35.86,36.47,35.39,36.36,13481
PXD,20090930,36.69,36.74,35.08,36.29,19770
PXD,20091001,36.04,36.18,34.74,34.85,21173
PXD,20091002,34.21,34.74,33.49,34.39,20082
PXD,20091005,34.49,36.25,34.49,36.11,20605
PXD,20091006,36.56,38.13,36.56,37.49,22192
PXD,20091007,37.33,37.76,36.73,37.75,21306
PXD,20091008,37.83,39.18,37.83,39.06,16576
PXD,20091009,38.70,39.60,38.34,39.53,18207
PXD,20091012,39.87,40.61,39.81,40.20,19440
PXD,20091013,40.31,40.90,39.43,40.66,19625
PXD,20091014,41.61,41.85,40.85,41.84,21601
PXD,20091015,41.66,42.48,40.95,42.48,21168
PXD,20091016,42.32,42.93,41.82,42.72,18825
PXD,20091019,42.81,43.79,42.50,43.64,14880
PXD,20091020,43.84,44.24,42.43,43.69,13843
PXD,20091021,43.39,45.14,43.29,43.45,21256
PXD,20091022,43.37,44.53,42.66,44.46,17024
PXD,20091023,44.91,44.99,42.34,42.74,14094
PXD,20091026,44.14,46.02,43.67,45.32,37722
PXD,20091027,45.39,46.39,44.44,45.55,26747
PXD,20091028,45.38,45.38,41.91,41.94,29527
PXD,20091029,42.66,44.10,42.51,44.10,21065
PXD,20091030,43.58,44.19,40.94,41.11,28408
PXD,20091102,41.39,42.63,40.35,41.54,16996
PXD,20091103,41.04,42.95,40.32,42.54,23233
PXD,20091104,43.00,43.11,40.42,41.22,32984
PXD,20091105,41.42,42.98,40.93,42.79,19385
PXD,20091106,42.14,43.03,41.69,42.38,13306
PXD,20091109,43.11,44.00,43.02,43.89,12438
PXD,20091110,43.75,44.38,43.11,44.14,10878
PXD,20091111,44.53,44.74,43.33,43.84,11172
PXD,20091112,43.61,43.99,42.29,42.70,12982
PXD,20091113,42.73,43.23,42.29,42.79,11689
PXD,20091116,43.30,44.77,43.30,44.45,15431
PXD,20091117,44.20,44.59,43.35,43.59,14583
PXD,20091118,43.85,43.87,42.33,42.76,19406
PXD,20091119,42.35,42.61,40.93,41.31,11524
PXD,20091120,41.00,41.18,40.27,40.91,11428
PXD,20091123,41.86,42.70,40.88,41.07,11849
PXD,20091124,41.15,41.83,40.16,41.73,13870
PXD,20091125,41.89,43.27,41.38,43.11,11373
PXD,20091127,41.14,41.73,40.59,41.25,8692
PXD,20091130,41.03,41.86,40.80,41.35,12509
PXD,20091201,41.64,42.89,41.64,42.61,11945
PXD,20091202,42.76,43.00,42.05,42.29,10474
PXD,20091203,42.14,42.47,40.93,40.99,11523
PXD,20091204,41.65,42.66,40.41,40.79,13845
PXD,20091207,40.41,41.86,40.22,40.91,11967
PXD,20091208,40.54,40.80,39.77,39.95,12306
PXD,20091209,40.04,40.43,39.13,39.86,14976
PXD,20091210,40.31,40.81,39.63,40.39,17259
PXD,20091211,40.60,41.33,40.16,40.74,16339
PXD,20091214,42.05,43.58,41.75,43.03,17095
PXD,20091215,42.75,43.83,42.49,43.41,10608
PXD,20091216,43.61,44.59,43.47,43.97,13418
PXD,20091217,43.65,44.38,43.32,44.11,9144
PXD,20091218,44.38,45.09,44.22,44.85,18245
PXD,20091221,45.24,47.19,45.24,46.39,14082
PXD,20091222,46.41,47.99,46.29,47.88,14999
PXD,20091223,48.30,49.03,47.80,48.99,13055
PXD,20091224,49.25,49.46,48.48,49.45,3657
PXD,20091228,49.85,49.93,49.04,49.55,16272
PXD,20091229,49.82,50.00,49.02,49.52,9199
PXD,20091230,48.97,49.16,47.91,49.04,13579
PXD,20091231,49.04,49.66,48.17,48.17,11418
PXD,20100104,49.38,51.15,49.38,50.98,15240
PXD,20100105,51.06,51.78,50.79,51.00,16660
PXD,20100106,51.00,52.37,50.56,51.89,21302
PXD,20100107,51.39,52.69,50.29,52.35,14913
PXD,20100108,51.60,53.35,51.38,53.25,13748
PXD,20100111,53.70,54.03,51.75,52.28,12144
PXD,20100112,51.29,51.99,50.76,51.14,13457
PXD,20100113,51.46,52.00,49.93,51.90,13027
PXD,20100114,51.69,52.70,51.51,52.53,7940
PXD,20100115,52.28,52.68,50.19,50.53,20903
PXD,20100119,51.90,52.19,48.93,50.26,31151
PXD,20100120,49.26,49.77,48.56,49.53,14930
PXD,20100121,49.52,50.40,47.72,48.13,15561
PXD,20100122,47.82,48.22,46.44,46.53,18407
PXD,20100125,47.14,48.12,46.87,46.92,12768
PXD,20100126,46.44,47.52,45.80,45.94,16244
PXD,20100127,46.00,46.24,44.50,45.40,19689
PXD,20100128,45.71,46.09,43.88,45.23,13570
PXD,20100129,45.78,46.60,43.61,43.98,19332
PXD,20100201,44.57,45.93,44.55,45.84,13191
PXD,20100202,46.09,47.07,45.39,46.78,16663
PXD,20100203,46.65,47.54,45.58,45.87,19898
PXD,20100204,45.69,45.69,44.00,44.12,27936
PXD,20100205,44.11,44.16,41.88,43.62,28518
PXD,20100208,43.53,44.67,43.01,44.27,24957
PXD,20100209,45.28,46.85,44.86,46.31,24687
PXD,20100210,46.20,46.20,44.58,45.37,32952
PXD,20100211,45.30,47.45,45.11,47.33,16345
PXD,20100212,46.43,47.36,45.72,47.10,16037
PXD,20100216,47.79,48.89,47.79,48.80,10107
PXD,20100217,48.81,49.24,48.05,48.73,9188
PXD,20100218,48.61,49.31,48.32,49.26,13069
PXD,20100219,47.84,49.64,47.84,49.49,16603
PXD,20100222,49.69,49.73,47.89,48.02,19797
PXD,20100223,47.91,48.25,46.07,46.18,23422
PXD,20100224,46.05,47.02,45.82,46.30,18684
PXD,20100225,45.56,46.83,44.57,46.67,18775
PXD,20100226,45.93,46.79,45.44,46.65,17292
PXD,20100301,46.93,47.59,46.74,47.15,14379
PXD,20100302,47.24,48.37,47.24,47.84,15412
PXD,20100303,48.01,48.95,47.89,48.00,12874
PXD,20100304,48.01,48.51,47.38,47.69,12900
PXD,20100305,48.29,49.15,48.11,48.98,13293
PXD,20100308,48.94,49.48,48.45,48.54,12820
PXD,20100309,48.31,49.80,48.07,49.43,18096
PXD,20100310,49.22,51.16,49.04,50.97,27577
PXD,20100311,50.74,51.32,50.25,51.09,17931
PXD,20100312,51.56,52.85,51.50,52.78,25650
PXD,20100315,52.41,52.57,51.14,52.10,16639
PXD,20100316,52.49,53.88,52.16,53.75,17151
PXD,20100317,54.02,54.49,53.13,53.29,16759
PXD,20100318,53.11,53.23,52.09,53.07,25414
PXD,20100319,53.05,53.38,51.84,53.03,24682
PXD,20100322,52.23,52.90,51.64,52.60,12991
PXD,20100323,52.04,54.15,52.04,53.79,18105
PXD,20100324,53.23,54.32,53.01,53.90,14845
PXD,20100325,54.53,55.00,53.19,53.36,16959
PXD,20100326,53.18,53.39,52.14,52.84,16836
PXD,20100329,53.30,54.45,53.17,54.42,9143
PXD,20100330,54.43,54.86,53.61,54.73,9012
PXD,20100331,54.46,56.88,54.46,56.32,16754
PXD,20100401,56.94,59.17,56.94,59.15,20042
PXD,20100405,59.63,61.44,59.36,61.40,22510
PXD,20100406,61.28,62.38,60.59,60.96,22725
PXD,20100407,61.02,61.23,59.16,59.58,25284
PXD,20100408,59.01,60.58,58.48,60.21,15318
PXD,20100409,60.91,61.62,60.24,60.99,14699
PXD,20100412,61.02,61.85,60.58,60.84,19403
PXD,20100413,61.73,62.46,60.31,62.02,34153
PXD,20100414,62.56,62.83,61.69,62.69,20510
PXD,20100415,62.71,63.37,62.24,62.39,16382
PXD,20100416,61.77,62.24,60.30,60.74,24567
PXD,20100419,60.21,61.55,59.74,61.40,16619
PXD,20100420,62.05,63.50,61.98,63.30,15383
PXD,20100421,63.01,63.63,62.41,63.28,13006
PXD,20100422,62.01,64.89,62.01,64.80,15945
PXD,20100423,64.51,66.24,64.07,66.09,18332
PXD,20100426,66.15,66.82,65.82,66.09,9305
PXD,20100427,65.35,65.46,62.28,62.55,21665
PXD,20100428,63.20,63.45,61.54,63.14,15437
PXD,20100429,63.71,64.36,62.64,63.92,14149
PXD,20100430,64.15,66.15,63.74,64.13,18616
PXD,20100503,64.71,66.96,64.54,66.23,16311
PXD,20100504,64.51,64.75,62.91,64.13,22429
PXD,20100505,61.15,63.44,60.00,62.86,33000
PXD,20100506,61.66,63.55,56.91,61.43,32299
PXD,20100507,61.34,61.72,57.13,58.50,32418
PXD,20100510,61.86,64.09,61.42,63.89,35426
PXD,20100511,63.00,65.47,62.93,63.85,37590
PXD,20100512,64.76,66.04,64.35,65.50,28819
PXD,20100513,65.15,66.49,64.65,64.82,20876
PXD,20100514,63.93,64.26,61.70,62.91,27477
PXD,20100517,62.91,63.81,59.00,60.93,30800
PXD,20100518,62.16,62.90,60.11,60.52,26803
PXD,20100519,60.16,60.69,57.70,59.53,27531
PXD,20100520,57.43,58.09,55.93,56.40,41608
PXD,20100521,54.72,59.55,54.72,59.45,38005
PXD,20100524,58.95,60.15,57.97,58.08,26154
PXD,20100525,55.97,58.73,55.77,58.60,31467
PXD,20100526,59.84,61.54,59.55,60.00,30650
PXD,20100527,62.07,63.49,61.69,63.49,20829
PXD,20100528,63.15,65.23,62.92,63.70,29247
PXD,20100601,62.78,64.15,61.62,61.74,24178
PXD,20100602,62.30,65.78,61.90,65.78,26383
PXD,20100603,66.11,67.89,64.43,67.51,34161
PXD,20100604,66.00,66.94,62.55,63.24,37270
PXD,20100607,64.17,64.62,62.06,62.30,19353
PXD,20100608,62.97,64.93,61.73,63.95,30510
PXD,20100609,64.99,67.31,64.00,64.56,31116
PXD,20100610,67.48,68.87,66.14,68.87,32031
PXD,20100611,67.87,70.24,67.10,70.10,25806
PXD,20100614,71.32,72.59,69.54,69.64,26053
PXD,20100615,70.95,71.29,69.83,71.03,21298
PXD,20100616,70.62,72.39,70.55,71.66,19579
PXD,20100617,71.82,72.12,70.24,71.52,17157
PXD,20100618,71.62,71.98,70.79,71.65,23910
PXD,20100621,73.00,74.00,70.36,71.03,16429
PXD,20100622,70.35,70.57,66.38,66.97,38136
PXD,20100623,66.61,68.12,65.50,67.19,19374
PXD,20100624,66.07,66.80,63.54,64.97,44677
PXD,20100625,64.48,66.28,63.76,65.24,33681
PXD,20100628,65.57,65.79,63.72,63.93,22584
PXD,20100629,62.74,63.11,60.05,60.52,27741
PXD,20100630,60.25,61.44,59.06,59.45,22500
PXD,20100701,58.91,59.67,56.47,58.92,28592
PXD,20100702,59.15,59.91,57.18,57.26,27807
PXD,20100706,60.00,60.42,56.42,56.96,29258
PXD,20100707,56.90,59.27,56.88,59.21,24216
PXD,20100708,61.50,61.52,58.65,60.36,24164
PXD,20100709,60.23,61.04,59.85,60.87,16549
PXD,20100712,60.33,61.12,59.71,60.69,18144
PXD,20100713,61.79,62.88,61.16,62.27,14561
PXD,20100714,61.65,63.16,60.99,62.05,16822
PXD,20100715,62.16,62.16,60.09,61.45,16367
PXD,20100716,60.57,60.59,58.65,58.85,23419
PXD,20100719,59.35,59.76,58.26,59.27,10568
PXD,20100720,57.93,60.80,57.88,60.53,18661
PXD,20100721,60.75,61.26,59.07,59.64,9529
PXD,20100722,60.66,61.07,59.18,59.59,24886
PXD,20100723,59.24,59.34,58.00,58.84,28376
PXD,20100726,59.37,60.25,58.51,60.19,15005
PXD,20100727,60.34,60.59,58.34,59.06,13152
PXD,20100728,58.64,60.66,58.55,59.31,20427
PXD,20100729,58.76,59.97,54.89,58.40,29468
PXD,20100730,57.36,58.36,57.30,57.92,18080
PXD,20100802,59.11,61.24,58.97,60.90,16128
PXD,20100803,60.14,61.87,59.66,61.47,15306
PXD,20100804,61.22,61.96,60.39,61.51,13549
PXD,20100805,60.50,61.62,60.30,61.39,8066
PXD,20100806,60.58,61.43,59.22,60.35,11446
PXD,20100809,60.90,60.90,59.72,60.50,7024
PXD,20100810,59.65,60.08,59.09,59.69,10068
PXD,20100811,58.34,58.49,57.11,57.64,17033
PXD,20100812,56.64,57.75,56.28,56.47,18011
PXD,20100813,56.47,57.37,56.22,56.37,12536
PXD,20100816,55.75,56.34,55.49,55.84,12193
PXD,20100817,56.86,58.45,56.42,58.01,15867
PXD,20100818,57.81,58.81,56.85,58.58,14457
PXD,20100819,57.83,58.63,57.60,58.00,13195
PXD,20100820,57.70,58.12,56.86,57.95,13433
PXD,20100823,58.12,59.21,57.97,58.48,10912
PXD,20100824,57.12,58.45,56.31,57.24,15748
PXD,20100825,56.49,57.66,55.80,57.41,19103
PXD,20100826,58.06,58.71,56.85,57.12,12200
PXD,20100827,57.59,59.08,56.15,58.95,14394
PXD,20100830,58.63,59.66,58.06,58.13,12929
PXD,20100831,57.61,58.67,57.07,57.82,13904
PXD,20100901,58.99,60.50,58.66,60.38,12227
PXD,20100902,60.40,61.34,59.72,61.25,10137
PXD,20100903,62.10,62.68,61.52,62.50,9815
PXD,20100907,63.00,63.00,61.11,61.83,13291
PXD,20100908,62.45,63.26,61.85,63.10,15757
PXD,20100909,64.47,64.60,62.95,63.62,12232
PXD,20100910,63.65,65.05,63.49,64.77,12895
PXD,20100913,65.72,65.73,64.70,65.11,9973
PXD,20100914,65.08,65.89,64.36,65.02,9370
PXD,20100915,64.37,65.42,63.90,65.35,12541
PXD,20100916,64.78,65.45,64.44,64.85,8697
PXD,20100917,64.98,65.88,64.15,65.38,12846
PXD,20100920,65.57,67.39,65.21,66.89,11495
PXD,20100921,66.90,67.13,65.76,66.46,10520
PXD,20100922,66.61,67.77,65.63,65.79,9788
PXD,20100923,64.91,67.14,64.90,66.03,10913
PXD,20100924,62.50,65.53,62.50,64.76,40404
PXD,20100927,64.72,65.49,64.16,64.36,15455
PXD,20100928,64.52,64.68,63.61,64.26,15882
PXD,20100929,64.00,65.75,64.00,65.37,15618
PXD,20100930,65.86,66.36,64.61,65.03,16313
PXD,20101001,65.85,66.32,64.97,66.06,17125
PXD,20101004,66.15,66.43,65.01,65.56,12761
PXD,20101005,65.97,70.05,65.81,69.33,31209
PXD,20101006,69.58,70.18,68.57,69.54,16791
PXD,20101007,69.88,70.00,68.05,68.71,11755
PXD,20101008,69.13,71.90,68.92,71.67,21169
PXD,20101011,71.81,72.83,71.31,71.57,7463
PXD,20101012,70.83,71.98,70.32,71.86,13860
PXD,20101013,72.13,74.49,72.13,73.87,21435
PXD,20101014,73.35,73.92,71.92,72.91,13666
PXD,20101015,73.56,73.76,72.05,73.57,10621
PXD,20101018,73.49,74.00,72.88,73.55,8396
PXD,20101019,71.91,73.18,70.99,71.53,13162
PXD,20101020,71.77,72.92,71.30,72.37,10585
PXD,20101021,72.84,73.84,71.13,71.84,10365
PXD,20101022,72.22,72.66,71.72,72.61,9911
PXD,20101025,73.42,74.48,73.00,73.19,6850
PXD,20101026,72.26,73.64,71.66,72.00,13258
PXD,20101027,70.94,71.86,68.18,69.90,21127
PXD,20101028,70.78,71.20,68.66,69.18,13958
PXD,20101029,69.15,70.51,68.94,69.80,8732
PXD,20101101,70.49,72.10,70.49,71.00,11422
PXD,20101102,71.99,72.92,70.82,72.58,8149
PXD,20101103,72.88,73.61,71.42,73.37,15009
PXD,20101104,74.39,75.75,73.62,75.24,18081
PXD,20101105,75.15,76.68,74.52,76.32,11532
PXD,20101108,75.77,77.20,74.90,76.82,10852
PXD,20101109,77.48,78.31,76.24,76.95,13491
PXD,20101110,77.10,77.75,75.97,77.66,9661
PXD,20101111,77.00,78.30,76.75,78.03,7322
PXD,20101112,77.11,77.63,76.01,77.00,9253
PXD,20101115,77.99,78.00,76.87,77.11,7928
PXD,20101116,76.23,76.56,75.29,76.34,13530
PXD,20101117,76.27,78.46,75.66,76.78,9210
PXD,20101118,77.90,79.13,77.66,78.78,8424
PXD,20101119,78.77,80.07,77.75,80.06,9025
PXD,20101122,79.44,79.75,77.44,79.53,9785
PXD,20101123,78.44,78.61,77.05,77.45,11004
PXD,20101124,78.22,79.59,78.01,79.25,7340
PXD,20101126,78.51,79.50,77.87,78.29,2534
PXD,20101129,77.98,80.33,77.10,80.15,9747
PXD,20101130,78.52,80.78,78.27,80.11,16163
PXD,20101201,81.82,84.61,81.05,84.27,18927
PXD,20101202,84.36,84.81,83.77,83.92,18001
PXD,20101203,83.63,84.84,83.34,84.05,18038
PXD,20101206,84.14,85.81,84.01,84.79,14250
PXD,20101207,86.49,86.90,84.22,84.55,17025
PXD,20101208,84.80,84.90,82.81,83.24,11897
PXD,20101209,83.64,84.12,82.55,83.25,8094
PXD,20101210,83.55,84.47,82.31,84.29,11325
PXD,20101213,84.87,85.32,84.07,84.20,10978
PXD,20101214,84.84,85.46,83.92,84.64,8050
PXD,20101215,85.53,85.76,84.17,84.60,8028
PXD,20101216,84.60,85.66,83.55,85.37,8820
PXD,20101217,85.12,85.65,84.67,85.06,17859
PXD,20101220,85.01,86.00,84.53,85.61,8035
PXD,20101221,85.94,87.56,85.61,87.26,5190
PXD,20101222,87.51,87.81,86.65,87.51,5772
PXD,20101223,87.46,87.51,86.14,86.62,4605
PXD,20101227,86.24,86.43,85.66,86.06,2842
PXD,20101228,86.23,86.82,85.66,85.85,5604
PXD,20101229,86.09,87.78,85.88,87.53,6551
PXD,20101230,87.55,88.00,86.41,86.94,7034
PXD,20101231,86.59,87.34,86.51,86.82,4627
PXD,20110103,87.86,89.00,87.40,88.38,9205
PXD,20110104,88.38,88.63,86.14,87.52,10359
PXD,20110105,87.62,88.76,87.60,88.15,12999
PXD,20110106,89.25,90.03,86.96,87.98,27723
PXD,20110107,88.17,88.58,86.01,87.88,11280
PXD,20110110,87.56,88.04,85.90,87.86,983100
PXD,20110111,88.44,90.36,88.40,89.87,1015800
PXD,20110112,90.47,92.60,90.35,91.89,1018300
PXD,20110113,92.09,93.49,91.68,92.64,1181100
PXD,20110114,92.33,93.96,91.82,93.41,1153900
PXD,20110118,92.91,93.81,91.99,93.61,1801300
PXD,20110119,93.63,94.85,91.33,91.95,1395300
PXD,20110120,91.58,91.58,88.75,90.44,2220600
PXD,20110121,91.40,91.64,89.27,89.85,1566400
PXD,20110124,89.95,91.18,89.53,90.51,1109500
PXD,20110125,90.06,90.06,87.40,88.45,1037000
PXD,20110126,88.79,91.78,88.75,91.36,842100
PXD,20110127,90.57,90.97,89.02,89.38,1094300
PXD,20110128,89.79,91.58,89.43,91.15,1244600
PXD,20110131,91.38,95.25,91.27,95.16,1661200
PXD,20110201,95.45,97.39,95.16,95.53,1694600
PXD,20110202,95.02,96.89,94.62,95.52,1222500
PXD,20110203,95.41,96.05,94.25,94.83,1115000
PXD,20110204,95.12,96.62,94.18,95.75,1622700
PXD,20110207,96.57,96.98,94.41,95.00,1297200
PXD,20110208,94.75,94.90,92.20,93.97,2974700
PXD,20110209,93.62,94.89,93.62,94.28,1561900
PXD,20110210,93.95,96.44,93.57,96.33,1413500
PXD,20110211,95.95,97.29,95.73,96.40,1009800
PXD,20110214,96.52,98.73,96.52,98.69,1136500
PXD,20110215,98.07,98.99,97.39,97.76,1084300
PXD,20110216,98.00,101.65,98.00,99.86,1849500
PXD,20110217,99.63,100.84,99.63,100.54,1688300
PXD,20110218,100.39,100.44,98.86,99.23,1451100
PXD,20110222,99.43,101.00,97.87,98.72,1710400
PXD,20110223,99.06,101.62,98.80,100.67,1714200
PXD,20110224,100.93,101.43,99.65,100.40,1016700
PXD,20110225,100.86,102.86,100.50,102.86,844300
PXD,20110228,103.19,103.66,101.11,102.34,1194500
PXD,20110301,102.70,102.88,98.84,99.27,1280300
PXD,20110302,99.23,99.86,98.34,99.35,941100
PXD,20110303,100.05,100.67,98.62,100.02,1441600
PXD,20110304,100.08,101.03,98.65,100.00,956600
PXD,20110307,100.58,101.24,97.83,99.28,1195700
PXD,20110308,99.34,99.80,97.22,97.45,777800
PXD,20110309,97.37,98.67,96.68,97.37,777900
PXD,20110310,95.59,95.85,93.59,94.50,1566100
PXD,20110311,93.18,96.05,92.78,95.07,1258100
PXD,20110314,94.31,97.56,93.65,97.14,1576900
PXD,20110315,95.65,97.95,94.29,96.95,1742400
PXD,20110316,96.96,99.35,94.56,95.75,1609700
PXD,20110317,97.68,100.10,97.00,99.69,1245900
PXD,20110318,101.32,101.32,98.07,98.72,1836300
PXD,20110321,99.99,101.35,99.97,100.94,1856200
PXD,20110322,100.83,101.24,99.18,99.80,1433400
PXD,20110323,99.16,99.86,97.59,98.00,1175200
PXD,20110324,98.45,99.45,96.31,99.35,874000
PXD,20110325,99.45,100.80,98.78,100.04,1616900
PXD,20110328,100.13,101.35,99.61,99.90,1005200
PXD,20110329,101.44,103.57,100.80,102.77,1777500
PXD,20110330,103.22,104.29,101.65,102.81,1523800
PXD,20110331,103.29,103.92,101.78,101.92,1063600
PXD,20110401,102.92,104.84,102.43,103.81,2288400
PXD,20110404,103.98,105.14,103.85,104.66,2030900
PXD,20110405,104.30,105.30,103.56,104.03,1089900
PXD,20110406,104.50,105.04,101.86,102.34,1530500
PXD,20110407,102.01,103.78,101.75,103.75,1007000
PXD,20110408,104.42,106.07,103.83,104.38,1128300
PXD,20110411,104.30,104.30,101.61,102.33,1544100
PXD,20110412,101.39,101.39,96.59,97.19,1994500
PXD,20110413,98.40,99.49,96.41,97.40,1498200
PXD,20110414,96.68,98.74,95.79,98.24,1498700
PXD,20110415,98.51,100.48,96.88,100.04,1837700
PXD,20110418,98.28,99.23,96.81,98.50,1204600
PXD,20110419,98.61,99.39,97.89,99.32,1302200
PXD,20110420,101.40,102.86,100.55,102.00,2137100
PXD,20110421,102.43,102.52,100.33,100.94,1061200
PXD,20110425,101.17,101.46,99.56,100.37,645100
PXD,20110426,100.82,100.83,99.58,100.50,846100
