QQQQ,20090115,28.55,29.34,28.07,29.10,1927648
QQQQ,20090116,29.53,29.60,28.70,29.42,1754783
QQQQ,20090120,29.29,29.43,27.96,27.96,1352095
QQQQ,20090121,28.43,29.19,28.10,29.15,1491963
QQQQ,20090122,28.52,29.23,28.26,28.76,2005684
QQQQ,20090123,28.31,29.35,28.14,28.90,1701571
QQQQ,20090126,28.96,29.59,28.75,29.11,1404529
QQQQ,20090127,29.14,29.57,29.12,29.32,1107633
QQQQ,20090128,29.83,30.65,29.81,30.35,1397710
QQQQ,20090129,29.97,30.40,29.48,29.58,1307661
QQQQ,20090130,29.82,29.93,28.94,29.06,1403385
QQQQ,20090202,28.77,29.61,28.74,29.41,1267984
QQQQ,20090203,29.46,30.43,29.03,29.87,1205505
QQQQ,20090204,29.93,30.87,29.79,29.91,1755973
QQQQ,20090205,29.47,30.77,29.46,30.57,2175053
QQQQ,20090206,30.71,31.51,30.58,31.37,1644864
QQQQ,20090209,31.39,31.67,31.19,31.50,987488
QQQQ,20090210,31.30,31.68,30.10,30.34,2327129
QQQQ,20090211,30.34,30.53,29.73,30.20,1691263
QQQQ,20090212,29.83,30.61,29.64,30.57,2010711
QQQQ,20090213,30.46,30.78,30.29,30.43,1450086
QQQQ,20090217,29.47,29.67,29.06,29.22,1577513
QQQQ,20090218,29.41,29.67,28.87,29.24,1611856
QQQQ,20090219,29.43,29.61,28.72,28.79,1552931
QQQQ,20090220,28.46,29.15,28.39,28.87,2107091
QQQQ,20090223,29.03,29.05,27.73,27.86,1693735
QQQQ,20090224,28.00,28.98,27.96,28.78,1813030
QQQQ,20090225,28.62,29.17,28.14,28.59,2201415
QQQQ,20090226,28.78,28.95,27.70,27.79,2112658
QQQQ,20090227,27.49,27.98,27.39,27.53,2044684
QQQQ,20090302,27.12,27.51,26.47,26.64,1881281
QQQQ,20090303,26.85,27.16,26.42,26.62,1586013
QQQQ,20090304,27.01,27.71,26.92,27.33,1648364
QQQQ,20090305,27.03,27.24,26.42,26.51,1995251
QQQQ,20090306,26.63,26.81,25.71,26.30,2184042
QQQQ,20090309,26.05,26.81,25.63,25.74,1811172
QQQQ,20090310,26.26,27.39,26.16,27.33,1749889
QQQQ,20090311,27.63,27.99,27.26,27.75,1731139
QQQQ,20090312,27.72,28.76,27.44,28.67,1844322
QQQQ,20090313,28.68,28.84,28.32,28.74,1567745
QQQQ,20090316,28.90,28.98,28.19,28.26,1902876
QQQQ,20090317,28.41,29.33,28.30,29.33,1697979
QQQQ,20090318,29.23,30.20,29.08,29.70,2081097
QQQQ,20090319,30.12,30.13,29.46,29.68,1467542
QQQQ,20090320,29.66,30.03,28.98,29.18,1494202
QQQQ,20090323,29.86,30.94,29.61,30.90,1795806
QQQQ,20090324,30.65,30.88,30.31,30.33,1207848
QQQQ,20090325,30.58,31.05,29.66,30.47,1905662
QQQQ,20090326,30.88,31.46,30.42,31.41,1824336
QQQQ,20090327,31.07,31.18,30.71,30.82,1560775
QQQQ,20090330,30.29,30.32,29.62,30.06,1628230
QQQQ,20090331,30.31,30.95,30.27,30.32,1501632
QQQQ,20090401,29.94,30.88,29.79,30.77,1378827
QQQQ,20090402,31.34,32.27,31.23,31.76,2122336
QQQQ,20090403,32.05,32.40,31.83,32.35,1345630
QQQQ,20090406,31.97,32.33,31.65,32.27,1603845
QQQQ,20090407,31.90,31.92,31.21,31.42,1474337
QQQQ,20090408,31.72,32.15,31.49,31.95,1260727
QQQQ,20090409,32.53,33.01,32.43,32.94,1318605
QQQQ,20090413,32.80,33.07,32.53,32.89,1192578
QQQQ,20090414,32.69,32.88,32.27,32.49,1240218
QQQQ,20090415,32.24,32.43,31.85,32.40,1247924
QQQQ,20090416,32.83,33.43,32.51,33.24,1711513
QQQQ,20090417,33.16,33.50,32.93,33.31,1298128
QQQQ,20090420,32.70,32.82,32.06,32.24,1228309
QQQQ,20090421,32.09,32.74,32.08,32.69,1454814
QQQQ,20090422,32.50,33.53,32.39,32.79,1650078
QQQQ,20090423,33.01,33.14,32.49,33.11,1816848
QQQQ,20090424,33.35,33.93,33.07,33.69,1411436
QQQQ,20090427,33.42,34.06,33.35,33.73,1207076
QQQQ,20090428,33.52,33.91,33.36,33.48,1089256
QQQQ,20090429,33.75,34.40,33.64,33.94,1413606
QQQQ,20090430,34.37,34.90,34.04,34.28,1440818
QQQQ,20090501,34.28,34.54,34.01,34.37,1000809
QQQQ,20090504,34.67,35.09,34.52,35.05,1191257
QQQQ,20090505,34.99,35.06,34.63,35.02,1135797
QQQQ,20090506,35.32,35.34,34.46,35.03,1788077
QQQQ,20090507,35.25,35.27,33.88,34.21,2164221
QQQQ,20090508,34.35,34.74,33.88,34.23,1834950
QQQQ,20090511,33.78,34.72,33.68,34.35,1427563
QQQQ,20090512,34.42,34.48,33.52,33.93,1477566
QQQQ,20090513,33.63,33.65,32.96,33.02,1754994
QQQQ,20090514,33.10,33.70,33.08,33.39,1399989
QQQQ,20090515,33.36,33.82,33.23,33.37,1213195
QQQQ,20090518,33.59,34.28,33.39,34.24,1143208
QQQQ,20090519,34.14,34.74,33.95,34.40,1290557
QQQQ,20090520,34.54,35.04,34.18,34.28,1318240
QQQQ,20090521,34.02,34.26,33.31,33.65,1392370
QQQQ,20090522,33.78,33.97,33.32,33.54,835151
QQQQ,20090526,33.19,34.83,33.18,34.79,1447554
QQQQ,20090527,34.68,35.19,34.43,34.55,1213746
QQQQ,20090528,34.77,35.07,34.21,34.95,1189216
QQQQ,20090529,34.98,35.50,34.76,35.38,1115019
QQQQ,20090601,35.73,36.50,35.61,36.39,1191353
QQQQ,20090602,36.19,36.79,36.11,36.44,1268260
QQQQ,20090603,36.28,36.37,35.93,36.33,933143
QQQQ,20090604,36.40,36.79,36.34,36.74,891263
QQQQ,20090605,36.96,37.08,36.42,36.78,1219606
QQQQ,20090608,36.53,36.95,36.12,36.67,890563
QQQQ,20090609,36.84,37.17,36.67,36.95,1091620
QQQQ,20090610,37.17,37.18,36.29,36.82,1333843
QQQQ,20090611,36.76,37.23,36.75,36.82,1478101
QQQQ,20090612,36.67,36.72,36.20,36.65,1094304
QQQQ,20090615,36.28,36.33,35.58,35.90,1121040
QQQQ,20090616,36.06,36.19,35.52,35.55,1105339
QQQQ,20090617,35.67,36.21,35.45,35.89,1533007
QQQQ,20090618,35.83,36.06,35.57,35.82,1261965
QQQQ,20090619,36.04,36.36,35.91,36.16,1220458
QQQQ,20090622,35.80,35.89,35.02,35.08,1376950
QQQQ,20090623,35.20,35.26,34.77,35.00,1148958
QQQQ,20090624,35.30,35.87,35.28,35.59,1032891
QQQQ,20090625,35.38,36.36,35.28,36.29,1125268
QQQQ,20090626,36.13,36.50,36.05,36.37,876603
QQQQ,20090629,36.44,36.75,36.12,36.45,937961
QQQQ,20090630,36.55,36.73,36.11,36.38,978292
QQQQ,20090701,36.54,36.84,36.39,36.40,859576
QQQQ,20090702,36.09,36.10,35.50,35.60,1131561
QQQQ,20090706,35.38,35.54,35.04,35.41,1062741
QQQQ,20090707,35.42,35.49,34.51,34.53,1497296
QQQQ,20090708,34.73,34.87,34.30,34.71,1527590
QQQQ,20090709,34.84,35.01,34.65,34.77,977860
QQQQ,20090710,34.66,35.14,34.56,34.92,1084798
QQQQ,20090713,34.95,35.60,34.48,35.59,1271205
QQQQ,20090714,35.52,35.79,35.40,35.72,1155400
QQQQ,20090715,36.31,36.93,36.14,36.92,1607884
QQQQ,20090716,36.74,37.44,36.72,37.36,1199866
QQQQ,20090717,37.36,37.57,37.17,37.56,1048850
QQQQ,20090720,37.75,38.00,37.62,37.92,970699
QQQQ,20090721,38.07,38.18,37.64,38.18,1303339
QQQQ,20090722,38.20,38.69,38.13,38.50,1137667
QQQQ,20090723,38.45,39.49,38.39,39.35,1604129
QQQQ,20090724,38.93,39.37,38.78,39.36,1092872
QQQQ,20090727,39.29,39.41,38.87,39.35,946825
QQQQ,20090728,39.18,39.59,38.93,39.47,1005471
QQQQ,20090729,39.32,39.43,39.00,39.33,1263713
QQQQ,20090730,39.74,40.18,39.51,39.57,1089371
QQQQ,20090731,39.56,39.85,39.41,39.45,781568
QQQQ,20090803,39.85,40.06,39.64,40.04,1116830
QQQQ,20090804,39.86,40.18,39.77,40.04,1004194
QQQQ,20090805,40.13,40.14,39.46,39.73,1179545
QQQQ,20090806,39.79,39.93,39.25,39.39,1169218
QQQQ,20090807,39.91,40.07,39.59,39.88,1074566
QQQQ,20090810,39.73,39.85,39.34,39.60,870457
QQQQ,20090811,39.42,39.50,39.05,39.26,919079
QQQQ,20090812,39.21,40.22,39.20,39.87,1472265
QQQQ,20090813,40.10,40.16,39.64,40.09,1100884
QQQQ,20090814,39.89,39.96,39.28,39.63,1244563
QQQQ,20090817,38.97,39.01,38.46,38.48,1316179
QQQQ,20090818,38.72,39.11,38.61,39.02,843366
QQQQ,20090819,38.59,39.40,38.54,39.30,879914
QQQQ,20090820,39.28,39.84,39.20,39.76,814580
QQQQ,20090821,40.01,40.36,39.74,40.29,1146178
QQQQ,20090824,40.36,40.57,40.10,40.25,1098903
QQQQ,20090825,40.34,40.76,40.25,40.37,927623
QQQQ,20090826,40.29,40.60,40.08,40.30,963974
QQQQ,20090827,40.32,40.47,39.67,40.40,1218525
QQQQ,20090828,40.89,41.08,40.16,40.44,1143056
QQQQ,20090831,40.16,40.20,39.79,40.03,963829
QQQQ,20090901,39.87,40.59,39.16,39.28,1629407
QQQQ,20090902,39.09,39.47,39.04,39.25,926992
QQQQ,20090903,39.44,39.57,39.02,39.51,767676
QQQQ,20090904,39.58,40.38,39.52,40.36,748169
QQQQ,20090908,40.65,40.78,40.46,40.74,710126
QQQQ,20090909,40.76,41.29,40.59,41.09,992808
QQQQ,20090910,41.11,41.53,41.00,41.48,992155
QQQQ,20090911,41.50,41.62,41.22,41.52,938483
QQQQ,20090914,41.23,41.71,41.21,41.68,904764
QQQQ,20090915,41.66,41.95,41.57,41.81,915596
QQQQ,20090916,41.98,42.48,41.84,42.42,968376
QQQQ,20090917,42.32,42.66,42.21,42.41,1021412
QQQQ,20090918,42.56,42.62,42.21,42.44,874458
QQQQ,20090921,42.22,42.70,42.16,42.57,713142
QQQQ,20090922,42.82,42.83,42.44,42.65,754403
QQQQ,20090923,42.83,43.17,42.38,42.45,1438923
QQQQ,20090924,42.61,42.69,41.77,42.07,1109468
QQQQ,20090925,41.78,42.09,41.58,41.70,1092074
QQQQ,20090928,41.92,42.66,41.89,42.41,844616
QQQQ,20090929,42.41,42.62,42.03,42.22,1066414
QQQQ,20090930,42.39,42.60,41.60,42.25,1730160
QQQQ,20091001,42.11,42.13,41.00,41.00,1400799
QQQQ,20091002,40.72,41.25,40.72,40.88,1452875
QQQQ,20091005,41.09,41.40,40.83,41.21,970207
QQQQ,20091006,41.43,42.14,41.22,41.94,1246105
QQQQ,20091007,41.88,42.08,41.77,42.06,937441
QQQQ,20091008,42.31,42.62,42.14,42.24,1077982
QQQQ,20091009,42.15,42.55,42.06,42.48,628128
QQQQ,20091012,42.63,42.87,42.28,42.57,532057
QQQQ,20091013,42.54,42.75,42.37,42.58,708702
QQQQ,20091014,43.10,43.29,42.85,43.16,909410
QQQQ,20091015,42.93,43.12,42.87,43.06,857158
QQQQ,20091016,42.92,42.99,42.48,42.78,1118435
QQQQ,20091019,42.81,43.27,42.59,43.21,834459
QQQQ,20091020,43.45,43.46,42.94,43.22,898072
QQQQ,20091021,43.20,43.82,43.06,43.14,1103515
QQQQ,20091022,43.07,43.49,42.79,43.31,858352
QQQQ,20091023,43.69,43.73,43.02,43.13,1170222
QQQQ,20091026,43.17,43.76,42.79,42.99,1068899
QQQQ,20091027,42.95,43.11,42.18,42.34,1214063
QQQQ,20091028,42.19,42.32,41.30,41.39,1435057
QQQQ,20091029,41.68,42.19,41.54,42.09,851493
QQQQ,20091030,42.06,42.15,40.92,40.96,1627876
QQQQ,20091102,41.01,41.57,40.64,41.13,1424625
QQQQ,20091103,40.97,41.32,40.84,41.26,950894
QQQQ,20091104,41.51,41.87,41.28,41.33,1078690
QQQQ,20091105,41.81,42.40,41.78,42.35,1351709
QQQQ,20091106,42.16,42.65,42.08,42.60,962902
QQQQ,20091109,42.92,43.52,42.88,43.51,1015915
QQQQ,20091110,43.45,43.77,43.40,43.62,728040
QQQQ,20091111,43.94,44.14,43.61,43.90,845580
QQQQ,20091112,43.92,44.16,43.55,43.65,924065
QQQQ,20091113,43.78,44.14,43.63,44.01,879480
QQQQ,20091116,44.19,44.65,44.12,44.46,877270
QQQQ,20091117,44.34,44.60,44.25,44.60,818577
QQQQ,20091118,44.47,44.49,44.05,44.35,1001764
QQQQ,20091119,44.06,44.08,43.35,43.66,1145168
QQQQ,20091120,43.41,43.55,43.28,43.44,708980
QQQQ,20091123,43.87,44.40,43.86,44.14,915860
QQQQ,20091124,44.14,44.15,43.73,43.99,606192
QQQQ,20091125,44.14,44.22,44.01,44.18,376211
QQQQ,20091127,43.00,43.83,42.90,43.51,611061
QQQQ,20091130,43.41,43.62,43.11,43.56,847875
QQQQ,20091201,43.88,44.30,43.88,44.01,817694
QQQQ,20091202,44.16,44.49,43.98,44.07,816113
QQQQ,20091203,44.24,44.50,43.88,43.89,724399
QQQQ,20091204,44.45,44.73,43.66,44.12,1250336
QQQQ,20091207,44.08,44.29,43.82,43.91,674161
QQQQ,20091208,43.68,44.00,43.36,43.64,865635
QQQQ,20091209,43.61,44.12,43.32,44.08,787569
QQQQ,20091210,44.25,44.54,44.24,44.30,766877
QQQQ,20091211,44.52,44.59,43.95,44.13,666328
QQQQ,20091214,44.43,44.60,44.19,44.55,479228
QQQQ,20091215,44.41,44.67,44.17,44.30,611573
QQQQ,20091216,44.47,44.70,44.29,44.36,615947
QQQQ,20091217,44.17,44.21,43.76,43.82,903788
QQQQ,20091218,44.14,44.48,44.00,44.46,964008
QQQQ,20091221,44.67,45.13,44.67,44.96,823579
QQQQ,20091222,45.08,45.29,45.03,45.23,515414
QQQQ,20091223,45.34,45.57,45.21,45.56,738925
QQQQ,20091224,45.61,45.98,45.60,45.98,317674
QQQQ,20091228,46.08,46.30,45.94,46.22,493531
QQQQ,20091229,46.22,46.25,45.99,46.03,323874
QQQQ,20091230,46.00,46.26,45.96,46.17,575784
QQQQ,20091231,46.25,46.28,45.75,45.75,497180
QQQQ,20100104,46.32,46.49,46.27,46.42,628042
QQQQ,20100105,46.38,46.50,46.16,46.42,629162
QQQQ,20100106,46.39,46.55,46.07,46.14,959936
QQQQ,20100107,46.20,46.27,45.92,46.17,770829
QQQQ,20100108,46.04,46.55,45.93,46.55,888701
QQQQ,20100111,46.60,46.64,46.12,46.36,1044951
QQQQ,20100112,46.08,46.14,45.53,45.78,904028
QQQQ,20100113,45.93,46.49,45.61,46.35,1005900
QQQQ,20100114,46.26,46.52,46.22,46.39,756501
QQQQ,20100115,46.46,46.55,45.65,45.85,1268529
QQQQ,20100119,45.96,46.64,45.95,46.59,842881
QQQQ,20100120,46.27,46.28,45.43,45.92,1453497
QQQQ,20100121,46.06,46.35,45.30,45.49,2048770
QQQQ,20100122,45.34,45.48,44.04,44.16,1710834
QQQQ,20100125,44.39,44.60,44.12,44.31,1541250
QQQQ,20100126,44.28,44.89,44.05,44.35,1407440
QQQQ,20100127,44.29,44.85,44.01,44.70,1615706
QQQQ,20100128,44.40,44.43,43.32,43.55,2213900
QQQQ,20100129,43.90,44.02,42.63,42.79,2121157
QQQQ,20100201,42.91,43.28,42.88,43.26,1368055
QQQQ,20100202,43.31,43.78,43.03,43.65,1106653
QQQQ,20100203,43.45,43.97,43.42,43.89,933052
QQQQ,20100204,43.58,43.66,42.62,42.62,1515762
QQQQ,20100205,42.75,43.02,42.12,42.98,2135912
QQQQ,20100208,42.92,43.18,42.64,42.67,943197
QQQQ,20100209,43.17,43.51,42.76,43.11,1189356
QQQQ,20100210,43.10,43.31,42.75,43.02,940438
QQQQ,20100211,43.01,43.79,42.76,43.67,929656
QQQQ,20100212,43.27,43.88,43.16,43.76,939399
QQQQ,20100216,44.08,44.35,43.85,44.32,838456
QQQQ,20100217,44.50,44.57,44.26,44.57,824837
QQQQ,20100218,44.54,44.93,44.45,44.85,655850
QQQQ,20100219,44.76,45.05,44.62,44.83,803954
QQQQ,20100222,45.01,45.03,44.56,44.74,720431
QQQQ,20100223,44.69,44.74,43.95,44.16,957852
QQQQ,20100224,44.41,44.79,44.32,44.61,865138
QQQQ,20100225,44.11,44.70,43.83,44.60,979047
QQQQ,20100226,44.60,44.86,44.40,44.76,662128
QQQQ,20100301,44.95,45.49,44.95,45.41,772394
QQQQ,20100302,45.54,45.85,45.45,45.55,763273
QQQQ,20100303,45.67,45.82,45.43,45.60,657415
QQQQ,20100304,45.64,45.81,45.40,45.75,544051
QQQQ,20100305,46.10,46.54,45.99,46.44,681295
QQQQ,20100308,46.46,46.64,46.44,46.53,586551
QQQQ,20100309,46.40,47.05,46.40,46.79,979694
QQQQ,20100310,46.80,47.28,46.80,47.17,1025679
QQQQ,20100311,47.07,47.35,46.98,47.35,674661
QQQQ,20100312,47.50,47.53,47.10,47.36,640550
QQQQ,20100315,47.26,47.38,46.91,47.24,601234
QQQQ,20100316,47.39,47.61,47.23,47.54,749152
QQQQ,20100317,47.60,47.90,47.53,47.67,756088
QQQQ,20100318,47.72,47.88,47.60,47.83,777767
QQQQ,20100319,47.95,47.95,47.32,47.49,863041
QQQQ,20100322,47.31,48.11,47.25,47.92,718648
QQQQ,20100323,48.00,48.30,47.77,48.25,591266
QQQQ,20100324,48.14,48.17,47.91,48.02,629976
QQQQ,20100325,48.42,48.60,47.90,47.95,762992
QQQQ,20100326,48.14,48.33,47.74,48.00,780573
QQQQ,20100329,48.23,48.40,48.10,48.23,579167
QQQQ,20100330,48.36,48.55,48.06,48.39,494442
QQQQ,20100331,48.23,48.45,48.07,48.16,599167
QQQQ,20100401,48.34,48.70,47.79,48.16,836938
QQQQ,20100405,48.26,48.72,48.14,48.61,562023
QQQQ,20100406,48.49,48.90,48.39,48.75,540411
QQQQ,20100407,48.69,48.87,48.37,48.63,771249
QQQQ,20100408,48.51,48.82,48.24,48.74,683196
QQQQ,20100409,48.77,49.05,48.64,49.03,542161
QQQQ,20100412,49.05,49.20,48.94,49.07,442525
QQQQ,20100413,49.02,49.35,48.86,49.32,592823
QQQQ,20100414,49.57,49.92,49.50,49.91,689715
QQQQ,20100415,49.88,50.19,49.87,50.13,722265
QQQQ,20100416,49.95,50.12,49.20,49.53,1273798
QQQQ,20100419,49.36,49.66,48.90,49.50,982168
QQQQ,20100420,49.76,49.88,49.43,49.75,694401
QQQQ,20100421,50.09,50.19,49.73,50.03,747167
QQQQ,20100422,49.57,50.36,49.26,50.31,1104157
QQQQ,20100423,50.29,50.57,50.09,50.52,771592
QQQQ,20100426,50.53,50.65,50.30,50.41,673417
QQQQ,20100427,50.22,50.43,49.21,49.34,1125262
QQQQ,20100428,49.60,49.63,48.98,49.37,1300761
QQQQ,20100429,49.61,50.33,49.61,50.23,841475
QQQQ,20100430,50.21,50.29,49.20,49.24,1108870
QQQQ,20100503,49.43,50.17,49.43,49.93,741595
QQQQ,20100504,49.31,49.32,48.08,48.43,1410677
QQQQ,20100505,47.98,48.50,47.64,48.18,1284967
QQQQ,20100506,47.85,48.32,41.55,46.57,2742435
QQQQ,20100507,46.22,46.80,44.28,45.41,2881825
QQQQ,20100510,47.42,47.80,47.31,47.77,1359868
QQQQ,20100511,47.31,48.39,47.20,47.72,1131520
QQQQ,20100512,47.98,48.66,47.90,48.62,854095
QQQQ,20100513,48.43,48.79,47.73,47.85,1028335
QQQQ,20100514,47.49,47.52,46.38,46.93,1473610
QQQQ,20100517,47.04,47.27,46.07,47.08,1209548
QQQQ,20100518,47.47,47.58,46.22,46.43,1530103
QQQQ,20100519,46.26,46.63,45.55,46.06,1589976
QQQQ,20100520,45.17,45.28,44.25,44.35,1892124
QQQQ,20100521,43.64,45.64,43.49,44.84,1905869
QQQQ,20100524,44.81,45.33,44.64,44.66,1133536
QQQQ,20100525,43.67,44.76,43.23,44.70,1555666
QQQQ,20100526,44.93,45.57,44.12,44.20,1401457
QQQQ,20100527,45.22,45.89,45.09,45.87,1106927
QQQQ,20100528,45.94,45.99,45.20,45.60,1285305
QQQQ,20100601,45.46,46.25,45.13,45.18,1042113
QQQQ,20100602,45.44,46.28,45.13,46.25,972212
QQQQ,20100603,46.37,46.77,46.08,46.69,989118
QQQQ,20100604,45.71,46.29,44.94,45.09,1127881
QQQQ,20100607,45.33,45.46,44.22,44.27,881922
QQQQ,20100608,44.36,44.48,43.59,44.19,1339518
QQQQ,20100609,44.48,44.91,43.69,43.82,1019523
QQQQ,20100610,44.37,45.12,44.24,45.07,768366
QQQQ,20100611,44.61,45.54,44.61,45.50,743297
QQQQ,20100614,45.92,46.24,45.41,45.49,680490
QQQQ,20100615,45.73,46.77,45.68,46.71,762520
QQQQ,20100616,46.58,47.14,46.50,46.90,783645
QQQQ,20100617,47.15,47.18,46.64,47.05,771033
QQQQ,20100618,47.05,47.34,46.86,47.00,759067
QQQQ,20100621,47.60,47.68,46.33,46.60,954566
QQQQ,20100622,46.80,47.14,46.15,46.24,944708
QQQQ,20100623,46.29,46.47,45.69,46.05,921248
QQQQ,20100624,45.86,45.99,45.20,45.35,1146473
QQQQ,20100625,45.50,45.66,44.95,45.27,890150
QQQQ,20100628,45.27,45.55,44.81,45.11,713528
QQQQ,20100629,44.42,44.46,43.07,43.37,1363360
QQQQ,20100630,43.23,43.67,42.64,42.71,1012531
QQQQ,20100701,42.83,42.96,41.77,42.59,1586526
QQQQ,20100702,42.66,42.82,42.09,42.47,785360
QQQQ,20100706,43.09,43.37,42.25,42.60,885668
QQQQ,20100707,42.74,44.01,42.70,43.96,723771
QQQQ,20100708,44.31,44.38,43.68,44.20,782039
QQQQ,20100709,44.20,44.63,44.08,44.62,478510
QQQQ,20100712,44.61,45.03,44.46,44.75,609106
QQQQ,20100713,45.13,45.50,44.80,45.33,932514
QQQQ,20100714,45.41,45.81,45.24,45.56,876778
QQQQ,20100715,45.46,45.74,44.99,45.60,958976
QQQQ,20100716,45.44,45.63,44.30,44.34,988029
QQQQ,20100719,44.47,44.81,44.10,44.72,816875
QQQQ,20100720,43.99,45.26,43.86,45.26,890379
QQQQ,20100721,45.75,45.76,44.56,44.64,834124
QQQQ,20100722,45.26,45.98,45.24,45.77,828422
QQQQ,20100723,45.47,46.10,45.38,46.06,810207
QQQQ,20100726,46.13,46.46,45.91,46.44,648407
QQQQ,20100727,46.63,46.72,46.21,46.42,676403
QQQQ,20100728,46.38,46.58,45.88,46.05,519116
QQQQ,20100729,46.32,46.41,45.25,45.71,856815
QQQQ,20100730,45.33,46.09,45.07,45.81,989450
QQQQ,20100802,46.39,46.79,46.21,46.67,686653
QQQQ,20100803,46.64,46.70,46.25,46.47,608575
QQQQ,20100804,46.69,46.99,46.50,46.94,437964
QQQQ,20100805,46.71,46.92,46.52,46.83,391307
QQQQ,20100806,46.32,46.85,46.05,46.76,713101
QQQQ,20100809,47.01,47.19,46.79,47.08,269298
QQQQ,20100810,46.72,46.95,46.28,46.67,866525
QQQQ,20100811,45.91,45.92,45.21,45.40,921429
QQQQ,20100812,44.53,45.24,44.45,45.04,659124
QQQQ,20100813,44.88,45.06,44.71,44.72,463455
QQQQ,20100816,44.48,45.11,44.30,44.80,553930
QQQQ,20100817,45.08,45.78,45.03,45.37,569006
QQQQ,20100818,45.27,45.82,45.11,45.55,617024
QQQQ,20100819,45.28,45.46,44.56,44.86,829296
QQQQ,20100820,44.79,45.03,44.54,44.92,667886
QQQQ,20100823,45.21,45.34,44.46,44.48,695601
QQQQ,20100824,43.97,44.12,43.47,43.65,790389
QQQQ,20100825,43.34,44.26,43.27,44.07,872767
QQQQ,20100826,44.23,44.32,43.50,43.54,911860
QQQQ,20100827,43.83,44.16,42.97,44.07,1095762
QQQQ,20100830,43.86,44.25,43.60,43.61,492748
QQQQ,20100831,43.38,43.85,43.18,43.46,720359
QQQQ,20100901,44.10,44.91,44.07,44.76,835042
QQQQ,20100902,44.82,45.28,44.73,45.26,417736
QQQQ,20100903,45.75,46.02,45.55,46.01,639715
QQQQ,20100907,45.82,46.03,45.63,45.70,511825
QQQQ,20100908,45.83,46.45,45.82,46.25,668798
QQQQ,20100909,46.67,46.70,46.32,46.43,614387
QQQQ,20100910,46.48,46.67,46.25,46.60,669827
QQQQ,20100913,46.97,47.37,46.94,47.25,644397
QQQQ,20100914,47.19,47.70,47.08,47.45,913797
QQQQ,20100915,47.34,47.80,47.19,47.75,670751
QQQQ,20100916,47.67,47.98,47.54,47.94,668408
QQQQ,20100917,48.13,48.14,47.75,48.00,763488
QQQQ,20100920,48.18,48.93,48.11,48.83,845034
QQQQ,20100921,48.84,49.17,48.61,48.82,822773
QQQQ,20100922,48.63,49.02,48.42,48.69,883032
QQQQ,20100923,48.37,49.16,48.32,48.67,849289
QQQQ,20100924,49.23,49.69,49.15,49.66,794744
QQQQ,20100927,49.63,49.75,49.35,49.39,438504
QQQQ,20100928,49.51,49.54,48.59,49.37,1049090
QQQQ,20100929,49.29,49.53,49.11,49.29,816608
QQQQ,20100930,49.56,49.84,48.75,49.07,1224191
QQQQ,20101001,49.47,49.53,48.78,49.01,776764
QQQQ,20101004,48.87,49.05,48.20,48.48,712623
QQQQ,20101005,49.04,49.76,49.00,49.66,989682
QQQQ,20101006,49.60,49.71,48.91,49.23,818130
QQQQ,20101007,49.52,49.54,49.00,49.41,756893
QQQQ,20101008,49.44,49.87,49.08,49.75,832050
QQQQ,20101011,49.78,50.02,49.62,49.77,468513
QQQQ,20101012,49.67,50.21,49.26,50.11,885118
QQQQ,20101013,50.42,50.75,50.28,50.52,710818
QQQQ,20101014,50.55,50.64,50.17,50.42,683900
QQQQ,20101015,51.05,51.50,50.63,51.49,1046278
QQQQ,20101018,51.50,51.72,51.30,51.30,724376
QQQQ,20101019,50.82,51.30,50.42,50.82,1056621
QQQQ,20101020,50.98,51.57,50.87,51.19,808362
QQQQ,20101021,51.51,51.71,50.79,51.29,858487
QQQQ,20101022,51.30,51.69,51.21,51.64,474068
QQQQ,20101025,51.86,52.23,51.85,51.89,513592
QQQQ,20101026,51.63,52.15,51.42,52.03,603864
QQQQ,20101027,51.76,52.23,51.66,52.19,574170
QQQQ,20101028,52.42,52.45,51.84,52.30,611105
QQQQ,20101029,52.30,52.49,52.17,52.18,466372
QQQQ,20101101,52.37,52.75,51.98,52.22,605320
QQQQ,20101102,52.65,52.93,52.58,52.78,480213
QQQQ,20101103,52.84,53.04,52.36,53.02,1261130
QQQQ,20101104,53.60,53.86,53.50,53.67,841466
QQQQ,20101105,53.70,53.81,53.51,53.67,779227
QQQQ,20101108,53.58,53.83,53.45,53.74,395763
QQQQ,20101109,53.95,54.04,53.21,53.45,669099
QQQQ,20101110,53.53,53.77,53.10,53.72,833809
QQQQ,20101111,52.90,53.48,52.66,53.39,851208
QQQQ,20101112,53.10,53.32,52.11,52.51,991371
QQQQ,20101115,52.76,52.88,52.29,52.32,564874
QQQQ,20101116,51.94,52.25,50.85,51.45,1010518
QQQQ,20101117,51.48,51.87,51.35,51.60,777425
QQQQ,20101118,52.18,52.79,52.13,52.43,714348
QQQQ,20101119,52.35,52.59,52.14,52.47,545060
QQQQ,20101122,52.26,52.91,52.17,52.91,698419
QQQQ,20101123,52.37,52.45,51.77,52.07,768242
QQQQ,20101124,52.58,53.25,52.56,53.12,534481
QQQQ,20101126,52.80,53.13,52.67,52.77,236144
QQQQ,20101129,52.69,52.90,52.10,52.73,892266
QQQQ,20101130,52.18,52.74,51.88,52.09,1188100
QQQQ,20101201,52.87,53.46,52.84,53.19,816995
QQQQ,20101202,53.27,53.81,53.21,53.73,568622
QQQQ,20101203,53.51,53.94,53.50,53.87,380054
QQQQ,20101206,53.88,53.95,53.68,53.85,392061
QQQQ,20101207,54.47,54.52,53.82,53.88,590057
QQQQ,20101208,54.02,54.15,53.69,54.08,479762
QQQQ,20101209,54.40,54.44,53.95,54.14,515840
QQQQ,20101210,54.25,54.55,54.09,54.50,446663
QQQQ,20101213,54.70,54.74,54.27,54.30,530814
QQQQ,20101214,54.44,54.62,54.23,54.40,699059
QQQQ,20101215,54.37,54.70,54.03,54.16,768852
QQQQ,20101216,54.21,54.66,54.06,54.58,654859
QQQQ,20101217,54.53,54.68,54.41,54.52,368447
QQQQ,20101220,54.62,54.76,54.16,54.56,481381
QQQQ,20101221,54.77,54.89,54.62,54.89,357245
QQQQ,20101222,54.86,54.96,54.79,54.89,357597
QQQQ,20101223,54.78,54.87,54.61,54.74,216658
QQQQ,20101227,54.61,54.86,54.21,54.77,292167
QQQQ,20101228,54.90,54.92,54.55,54.67,241605
QQQQ,20101229,54.83,54.90,54.73,54.79,240332
QQQQ,20101230,54.79,54.80,54.55,54.66,275532
QQQQ,20101231,54.60,54.63,54.21,54.46,385607
QQQQ,20110103,54.97,55.69,54.95,55.31,909772
QQQQ,20110104,55.52,55.55,54.92,55.27,438302
QQQQ,20110105,55.10,55.76,55.07,55.74,437516
QQQQ,20110106,55.80,55.96,55.68,55.92,461223
QQQQ,20110107,56.02,56.05,55.32,55.87,721825
QQQQ,20110110,55.75,56.18,55.58,56.08,55551800
QQQQ,20110111,56.31,56.36,55.95,56.16,56663800
QQQQ,20110112,56.43,56.56,56.20,56.56,51979300
QQQQ,20110113,56.60,56.73,56.41,56.58,47364500
QQQQ,20110114,56.60,57.02,56.46,57.00,43867400
QQQQ,20110118,56.57,57.23,56.49,57.16,65805600
QQQQ,20110119,57.26,57.26,56.32,56.51,67767200
QQQQ,20110120,56.27,56.35,55.68,56.11,92357800
QQQQ,20110121,56.39,56.49,55.65,55.68,59673300
QQQQ,20110124,55.79,56.46,55.68,56.45,64103300
QQQQ,20110125,56.17,56.55,56.05,56.53,55305100
QQQQ,20110126,56.61,56.98,56.45,56.83,60451500
QQQQ,20110127,57.01,57.35,56.92,57.18,53656100
QQQQ,20110128,57.17,57.22,55.47,55.73,123327800
QQQQ,20110131,55.81,56.16,55.39,56.00,70571300
QQQQ,20110201,56.42,57.18,56.36,57.05,76952900
QQQQ,20110202,56.93,57.17,56.84,56.96,48661000
QQQQ,20110203,56.85,57.14,56.40,57.06,45341900
QQQQ,20110204,57.05,57.42,56.90,57.38,47647800
QQQQ,20110207,57.49,57.97,57.40,57.65,45627100
QQQQ,20110208,57.67,58.07,57.56,58.03,38099900
QQQQ,20110209,57.94,58.12,57.75,57.93,62540800
QQQQ,20110210,57.55,58.10,57.49,58.02,70194700
QQQQ,20110211,57.85,58.48,57.77,58.44,47853500
QQQQ,20110214,58.44,58.66,58.38,58.58,48506100
QQQQ,20110215,58.44,58.57,58.23,58.50,39723800
QQQQ,20110216,58.65,59.04,58.63,58.88,53061700
QQQQ,20110217,58.59,58.97,58.55,58.86,38338200
QQQQ,20110218,58.86,58.97,58.51,58.73,44334300
QQQQ,20110222,57.93,58.13,56.94,57.03,92598100
QQQQ,20110223,57.03,57.23,56.13,56.56,97716100
QQQQ,20110224,56.68,57.03,56.14,56.86,98716100
QQQQ,20110225,57.18,57.72,57.12,57.65,54094600
QQQQ,20110228,57.88,58.05,57.43,57.77,51402800
QQQQ,20110301,58.02,58.02,56.70,56.84,91993900
QQQQ,20110302,56.81,57.51,56.79,57.14,61552900
QQQQ,20110303,57.67,58.37,57.67,58.27,64146600
QQQQ,20110304,58.25,58.26,57.59,57.97,62328400
QQQQ,20110307,58.21,58.26,56.67,57.19,98470000
QQQQ,20110308,57.12,57.68,56.77,57.42,62399100
QQQQ,20110309,57.21,57.27,56.72,57.03,84764200
QQQQ,20110310,56.39,56.52,55.91,56.14,102894400
QQQQ,20110311,55.82,56.66,55.82,56.49,81679400
QQQQ,20110314,56.18,56.59,55.86,56.29,73565800
QQQQ,20110315,54.64,55.82,54.47,55.49,101276500
QQQQ,20110316,55.03,55.34,53.77,54.15,176507700
QQQQ,20110317,55.01,55.24,54.13,54.65,94434500
QQQQ,20110318,55.22,55.22,54.41,54.45,94887200
QQQQ,20110321,55.28,55.78,54.50,55.50,57423000
QQQQ,20110322,55.58,55.61,55.28,55.40,36162100
