RFMD,20090115,1.13,1.17,1.02,1.15,38702
RFMD,20090116,1.20,1.21,1.10,1.15,19936
RFMD,20090120,1.15,1.16,1.01,1.01,24694
RFMD,20090121,1.06,1.07,1.00,1.03,21561
RFMD,20090122,1.01,1.08,0.98,1.03,15505
RFMD,20090123,0.94,1.11,0.94,1.06,19006
RFMD,20090126,1.05,1.13,1.05,1.13,12858
RFMD,20090127,1.15,1.23,1.13,1.22,46352
RFMD,20090128,1.04,1.20,0.98,1.19,56596
RFMD,20090129,1.12,1.17,1.11,1.14,12848
RFMD,20090130,1.16,1.16,1.05,1.08,18203
RFMD,20090202,1.06,1.18,1.05,1.16,14418
RFMD,20090203,1.16,1.28,1.08,1.28,27161
RFMD,20090204,1.22,1.43,1.21,1.28,52159
RFMD,20090205,1.28,1.34,1.26,1.27,20303
RFMD,20090206,1.28,1.38,1.28,1.32,29759
RFMD,20090209,1.31,1.31,1.20,1.24,18750
RFMD,20090210,1.23,1.27,1.14,1.14,18000
RFMD,20090211,1.16,1.20,1.09,1.12,17776
RFMD,20090212,1.10,1.21,1.10,1.14,17877
RFMD,20090213,1.18,1.25,1.12,1.24,20897
RFMD,20090217,1.20,1.20,1.08,1.08,25883
RFMD,20090218,1.11,1.13,1.01,1.04,26295
RFMD,20090219,1.05,1.07,0.96,0.96,23782
RFMD,20090220,0.94,0.95,0.88,0.90,29175
RFMD,20090223,0.95,0.95,0.88,0.88,15273
RFMD,20090224,0.89,0.92,0.88,0.90,20114
RFMD,20090225,0.90,0.93,0.89,0.90,18518
RFMD,20090226,0.91,1.00,0.91,0.92,16080
RFMD,20090227,0.91,0.98,0.91,0.91,11112
RFMD,20090302,0.89,0.98,0.84,0.84,16880
RFMD,20090303,0.86,0.88,0.80,0.80,16322
RFMD,20090304,0.82,0.90,0.82,0.86,9955
RFMD,20090305,0.83,0.87,0.78,0.78,13194
RFMD,20090306,0.79,0.86,0.75,0.76,17273
RFMD,20090309,0.77,0.81,0.73,0.80,24664
RFMD,20090310,0.84,1.04,0.82,0.96,44208
RFMD,20090311,0.99,1.01,0.95,0.98,16223
RFMD,20090312,0.97,1.02,0.95,0.99,34086
RFMD,20090313,1.00,1.03,0.95,1.03,22109
RFMD,20090316,1.05,1.05,0.94,0.96,20901
RFMD,20090317,0.95,1.03,0.95,1.03,15093
RFMD,20090318,1.04,1.08,0.98,1.05,28129
RFMD,20090319,1.05,1.11,1.02,1.10,50942
RFMD,20090320,1.10,1.11,1.00,1.02,32672
RFMD,20090323,1.09,1.09,1.02,1.07,22140
RFMD,20090324,1.05,1.09,1.04,1.07,21682
RFMD,20090325,1.10,1.17,1.08,1.15,65661
RFMD,20090326,1.19,1.39,1.19,1.38,133311
RFMD,20090327,1.32,1.44,1.30,1.37,52803
RFMD,20090330,1.27,1.45,1.24,1.34,36300
RFMD,20090331,1.29,1.42,1.29,1.33,25595
RFMD,20090401,1.30,1.52,1.26,1.51,55320
RFMD,20090402,1.59,1.64,1.50,1.64,62538
RFMD,20090403,1.68,1.75,1.55,1.75,55377
RFMD,20090406,1.82,1.84,1.66,1.76,34386
RFMD,20090407,1.70,1.70,1.64,1.64,26523
RFMD,20090408,1.61,1.71,1.59,1.67,20664
RFMD,20090409,1.91,1.97,1.80,1.90,63435
RFMD,20090413,1.90,1.98,1.82,1.98,29406
RFMD,20090414,1.94,1.98,1.83,1.95,61649
RFMD,20090415,1.93,2.21,1.93,2.20,110657
RFMD,20090416,2.26,2.60,2.22,2.41,118328
RFMD,20090417,2.41,2.45,2.30,2.41,50002
RFMD,20090420,2.38,2.38,2.15,2.26,55654
RFMD,20090421,2.19,2.50,2.12,2.47,69429
RFMD,20090422,2.44,2.82,2.37,2.80,115489
RFMD,20090423,2.87,2.96,2.56,2.73,82797
RFMD,20090424,2.75,2.85,2.60,2.85,46304
RFMD,20090427,2.77,2.89,2.73,2.75,37439
RFMD,20090428,2.72,2.74,2.62,2.65,49829
RFMD,20090429,2.50,2.65,2.31,2.37,109211
RFMD,20090430,2.49,2.50,2.08,2.11,126800
RFMD,20090501,2.12,2.26,2.12,2.21,51113
RFMD,20090504,2.19,2.38,2.16,2.36,39409
RFMD,20090505,2.34,2.42,2.25,2.29,63903
RFMD,20090506,2.36,2.46,2.29,2.42,76456
RFMD,20090507,2.42,2.49,2.32,2.37,57519
RFMD,20090508,2.48,2.57,2.42,2.56,54403
RFMD,20090511,2.50,2.65,2.45,2.51,40540
RFMD,20090512,2.64,2.64,2.18,2.19,78892
RFMD,20090513,2.18,2.23,1.95,2.19,88757
RFMD,20090514,2.21,2.34,2.17,2.30,37865
RFMD,20090515,2.32,2.38,2.22,2.22,34427
RFMD,20090518,2.27,2.31,2.24,2.27,36926
RFMD,20090519,2.25,2.37,2.25,2.30,31062
RFMD,20090520,2.38,2.42,2.32,2.36,31330
RFMD,20090521,2.35,2.42,2.29,2.41,42791
RFMD,20090522,2.38,2.41,2.33,2.34,33966
RFMD,20090526,2.30,2.49,2.29,2.47,27447
RFMD,20090527,2.53,2.85,2.49,2.73,130262
RFMD,20090528,2.78,2.88,2.63,2.76,71478
RFMD,20090529,2.78,2.85,2.70,2.85,63978
RFMD,20090601,2.90,3.00,2.82,2.98,72653
RFMD,20090602,2.96,3.00,2.86,2.94,65791
RFMD,20090603,2.90,2.94,2.71,2.78,49954
RFMD,20090604,2.79,2.96,2.78,2.92,42146
RFMD,20090605,2.97,3.05,2.94,2.98,40340
RFMD,20090608,2.94,2.96,2.78,2.87,55042
RFMD,20090609,3.00,3.35,2.95,3.28,170022
RFMD,20090610,3.37,3.37,3.12,3.32,74287
RFMD,20090611,3.36,3.45,3.29,3.43,92660
RFMD,20090612,3.48,3.59,3.33,3.57,90158
RFMD,20090615,3.46,3.60,3.44,3.59,55419
RFMD,20090616,3.58,3.58,3.34,3.35,76592
RFMD,20090617,3.34,3.56,3.24,3.55,76019
RFMD,20090618,3.52,3.57,3.35,3.51,80983
RFMD,20090619,3.59,3.74,3.49,3.69,161811
RFMD,20090622,3.61,3.68,3.46,3.47,97091
RFMD,20090623,3.51,3.55,3.32,3.47,89467
RFMD,20090624,3.52,3.70,3.52,3.70,107497
RFMD,20090625,3.60,3.82,3.60,3.79,86444
RFMD,20090626,3.85,3.96,3.75,3.89,149130
RFMD,20090629,3.95,3.99,3.81,3.90,53543
RFMD,20090630,3.91,4.06,3.76,3.76,85222
RFMD,20090701,3.92,3.95,3.80,3.89,57205
RFMD,20090702,3.84,3.84,3.66,3.67,55506
RFMD,20090706,3.59,3.69,3.18,3.45,99892
RFMD,20090707,3.40,3.59,3.40,3.50,69779
RFMD,20090708,3.70,3.70,3.34,3.52,93389
RFMD,20090709,3.60,3.72,3.55,3.63,50617
RFMD,20090710,3.61,3.75,3.50,3.54,53551
RFMD,20090713,3.54,3.62,3.41,3.62,37994
RFMD,20090714,3.48,3.64,3.48,3.60,31549
RFMD,20090715,3.75,3.90,3.70,3.90,100852
RFMD,20090716,3.70,3.89,3.57,3.83,110822
RFMD,20090717,3.88,3.91,3.78,3.89,47348
RFMD,20090720,3.92,4.07,3.89,4.05,70617
RFMD,20090721,4.09,4.10,3.91,3.96,44883
RFMD,20090722,3.90,4.10,3.78,4.08,59214
RFMD,20090723,4.20,4.35,4.09,4.33,115694
RFMD,20090724,4.35,5.06,4.33,4.99,246112
RFMD,20090727,5.01,5.17,4.83,5.00,95638
RFMD,20090728,4.91,4.99,4.82,4.92,75249
RFMD,20090729,4.98,5.19,4.90,5.04,98645
RFMD,20090730,5.17,5.27,5.12,5.18,79407
RFMD,20090731,5.15,5.42,5.15,5.20,105838
RFMD,20090803,5.40,5.48,5.26,5.41,88048
RFMD,20090804,5.32,5.46,5.18,5.31,95592
RFMD,20090805,5.30,5.31,5.13,5.22,67594
RFMD,20090806,5.18,5.22,4.75,4.86,111283
RFMD,20090807,5.00,5.08,4.95,4.99,80240
RFMD,20090810,4.92,5.15,4.90,4.97,59596
RFMD,20090811,4.95,4.97,4.78,4.82,64116
RFMD,20090812,4.87,5.14,4.86,5.07,88688
RFMD,20090813,5.15,5.36,4.97,5.36,140210
RFMD,20090814,5.28,5.34,5.00,5.08,94608
RFMD,20090817,4.94,4.97,4.81,4.91,66253
RFMD,20090818,5.00,5.07,4.95,4.97,60267
RFMD,20090819,4.85,4.98,4.85,4.95,49012
RFMD,20090820,4.95,5.03,4.91,4.97,37561
RFMD,20090821,5.01,5.02,4.91,5.00,51317
RFMD,20090824,5.08,5.14,5.05,5.09,64544
RFMD,20090825,5.10,5.19,5.03,5.09,46819
RFMD,20090826,5.05,5.10,4.95,5.00,46152
RFMD,20090827,4.95,5.00,4.61,4.92,66082
RFMD,20090828,5.01,5.15,4.98,4.99,66001
RFMD,20090831,4.90,4.95,4.68,4.70,89083
RFMD,20090901,4.70,4.83,4.50,4.52,116282
RFMD,20090902,4.45,4.58,4.40,4.50,58378
RFMD,20090903,4.59,4.74,4.56,4.67,56316
RFMD,20090904,4.69,4.78,4.65,4.76,32479
RFMD,20090908,4.83,4.91,4.71,4.88,53967
RFMD,20090909,4.87,5.02,4.85,5.01,63765
RFMD,20090910,5.25,5.50,5.20,5.50,164403
RFMD,20090911,5.66,5.72,5.47,5.57,110631
RFMD,20090914,5.47,5.62,5.42,5.62,52203
RFMD,20090915,5.61,5.74,5.51,5.70,58416
RFMD,20090916,5.73,5.73,5.58,5.66,52729
RFMD,20090917,5.67,5.85,5.61,5.66,60010
RFMD,20090918,5.68,5.72,5.46,5.51,62681
RFMD,20090921,5.46,5.69,5.46,5.65,43895
RFMD,20090922,5.71,5.76,5.61,5.62,38479
RFMD,20090923,5.66,5.70,5.47,5.47,35471
RFMD,20090924,5.53,5.63,5.26,5.32,71313
RFMD,20090925,5.22,5.45,5.03,5.29,67428
RFMD,20090928,5.34,5.55,5.32,5.52,80281
RFMD,20090929,5.57,5.67,5.43,5.45,67316
RFMD,20090930,5.61,5.61,5.25,5.43,62555
RFMD,20091001,5.42,5.48,4.65,4.68,235782
RFMD,20091002,4.54,4.72,4.52,4.65,131535
RFMD,20091005,4.75,4.88,4.66,4.83,81120
RFMD,20091006,5.00,5.05,4.85,4.95,87527
RFMD,20091007,4.92,4.92,4.75,4.80,67948
RFMD,20091008,4.88,4.90,4.63,4.68,104105
RFMD,20091009,4.70,4.84,4.65,4.80,83203
RFMD,20091012,4.82,4.94,4.71,4.75,65822
RFMD,20091013,4.82,4.82,4.70,4.72,54953
RFMD,20091014,4.87,4.92,4.75,4.83,103857
RFMD,20091015,4.73,4.75,4.42,4.42,201696
RFMD,20091016,4.40,4.63,4.18,4.55,173208
RFMD,20091019,4.61,4.61,4.35,4.40,99114
RFMD,20091020,4.56,4.57,4.32,4.36,81491
RFMD,20091021,4.40,4.46,4.25,4.29,72442
RFMD,20091022,4.10,4.12,3.84,4.08,240151
RFMD,20091023,4.27,4.27,3.99,4.07,117149
RFMD,20091026,4.12,4.15,3.90,4.01,98602
RFMD,20091027,4.01,4.06,3.87,4.02,156933
RFMD,20091028,4.22,4.39,4.03,4.04,210770
RFMD,20091029,4.15,4.26,4.10,4.16,123891
RFMD,20091030,4.14,4.21,3.94,3.98,93357
RFMD,20091102,4.04,4.08,3.83,3.91,74422
RFMD,20091103,3.82,3.97,3.72,3.97,66559
RFMD,20091104,4.02,4.07,3.92,3.93,64292
RFMD,20091105,4.00,4.05,3.90,4.04,63713
RFMD,20091106,3.96,4.12,3.95,4.02,66337
RFMD,20091109,4.05,4.25,4.04,4.24,72965
RFMD,20091110,4.20,4.29,4.13,4.17,52134
RFMD,20091111,4.40,4.50,4.32,4.41,90560
RFMD,20091112,4.41,4.46,4.28,4.30,66502
RFMD,20091113,4.35,4.42,4.28,4.34,70823
RFMD,20091116,4.50,4.58,4.46,4.58,90915
RFMD,20091117,4.56,4.67,4.44,4.64,77598
RFMD,20091118,4.62,4.72,4.55,4.67,64512
RFMD,20091119,4.59,4.60,4.33,4.40,82489
RFMD,20091120,4.27,4.42,4.27,4.39,60511
RFMD,20091123,4.47,4.55,4.42,4.51,71625
RFMD,20091124,4.50,4.51,4.37,4.41,50581
RFMD,20091125,4.48,4.50,4.37,4.44,50767
RFMD,20091127,4.27,4.35,4.21,4.30,26544
RFMD,20091130,4.34,4.35,4.23,4.32,75266
RFMD,20091201,4.35,4.70,4.34,4.68,132924
RFMD,20091202,4.84,5.09,4.80,4.99,189148
RFMD,20091203,5.05,5.08,4.98,5.01,107435
RFMD,20091204,5.11,5.24,5.04,5.19,137397
RFMD,20091207,5.16,5.22,5.02,5.04,101552
RFMD,20091208,5.03,5.10,4.95,5.03,64039
RFMD,20091209,5.09,5.09,4.97,5.05,50819
RFMD,20091210,5.05,5.09,4.89,4.92,47852
RFMD,20091211,4.93,4.94,4.65,4.83,71018
RFMD,20091214,4.86,4.88,4.76,4.86,43202
RFMD,20091215,4.81,4.90,4.66,4.67,62577
RFMD,20091216,4.76,4.89,4.72,4.83,46433
RFMD,20091217,4.75,4.83,4.67,4.72,61008
RFMD,20091218,4.80,4.82,4.73,4.79,67801
RFMD,20091221,4.83,4.89,4.80,4.86,38160
RFMD,20091222,4.87,5.02,4.87,5.00,51412
RFMD,20091223,5.02,5.05,4.91,4.98,38417
RFMD,20091224,5.00,5.02,4.93,4.94,10500
RFMD,20091228,4.96,4.98,4.83,4.88,28101
RFMD,20091229,4.89,4.93,4.80,4.87,27854
RFMD,20091230,4.82,4.90,4.80,4.89,23690
RFMD,20091231,4.87,4.90,4.77,4.77,23646
RFMD,20100104,4.85,4.98,4.85,4.97,55362
RFMD,20100105,4.95,4.95,4.82,4.89,75549
RFMD,20100106,4.87,4.89,4.68,4.74,104877
RFMD,20100107,4.74,4.87,4.70,4.76,58404
RFMD,20100108,4.77,4.80,4.68,4.77,65273
RFMD,20100111,4.80,4.84,4.72,4.77,68224
RFMD,20100112,4.73,4.75,4.52,4.54,109351
RFMD,20100113,4.58,4.63,4.40,4.52,115007
RFMD,20100114,4.45,4.50,4.35,4.38,169710
RFMD,20100115,4.40,4.41,4.23,4.28,106091
RFMD,20100119,4.29,4.39,4.17,4.38,119492
RFMD,20100120,4.37,4.41,4.25,4.36,91261
RFMD,20100121,4.34,4.43,4.21,4.26,54768
RFMD,20100122,4.25,4.28,4.02,4.04,119720
RFMD,20100125,4.14,4.26,4.08,4.21,94305
RFMD,20100126,4.19,4.32,4.11,4.27,109002
RFMD,20100127,4.17,4.18,3.92,4.10,272771
RFMD,20100128,4.13,4.14,3.94,4.00,81292
RFMD,20100129,4.07,4.10,3.81,3.85,131324
RFMD,20100201,3.93,4.02,3.87,4.00,69414
RFMD,20100202,4.00,4.13,3.95,4.09,74818
RFMD,20100203,4.09,4.17,4.08,4.09,47130
RFMD,20100204,4.05,4.07,3.86,3.86,74251
RFMD,20100205,3.94,4.02,3.76,4.00,137682
RFMD,20100208,4.01,4.10,3.93,3.98,57377
RFMD,20100209,4.05,4.10,3.99,4.01,52639
RFMD,20100210,3.99,4.07,3.97,4.06,62522
RFMD,20100211,4.04,4.07,3.97,4.07,58708
RFMD,20100212,4.00,4.08,3.97,4.06,67890
RFMD,20100216,4.12,4.16,4.07,4.10,67320
RFMD,20100217,4.13,4.35,4.10,4.35,103942
RFMD,20100218,4.32,4.40,4.30,4.40,49673
RFMD,20100219,4.37,4.44,4.32,4.41,54739
RFMD,20100222,4.44,4.49,4.36,4.38,31466
RFMD,20100223,4.38,4.41,4.25,4.32,52297
RFMD,20100224,4.34,4.42,4.29,4.38,37741
RFMD,20100225,4.30,4.36,4.20,4.35,48834
RFMD,20100226,4.35,4.36,4.20,4.21,48860
RFMD,20100301,4.26,4.33,4.20,4.26,74050
RFMD,20100302,4.31,4.59,4.30,4.57,143190
RFMD,20100303,4.60,4.70,4.48,4.54,89861
RFMD,20100304,4.55,4.70,4.48,4.67,121963
RFMD,20100305,4.75,4.89,4.70,4.82,138625
RFMD,20100308,5.00,5.06,4.85,4.98,157187
RFMD,20100309,4.97,4.98,4.84,4.87,96048
RFMD,20100310,4.86,4.95,4.80,4.82,78153
RFMD,20100311,4.79,4.80,4.61,4.73,113096
RFMD,20100312,5.00,5.00,4.86,4.91,152641
RFMD,20100315,4.90,4.90,4.80,4.86,53174
RFMD,20100316,4.92,5.04,4.88,5.03,109050
RFMD,20100317,5.06,5.27,5.05,5.20,123321
RFMD,20100318,5.19,5.22,5.04,5.11,65116
RFMD,20100319,5.07,5.09,4.91,4.94,88980
RFMD,20100322,4.89,5.12,4.85,5.09,74774
RFMD,20100323,5.17,5.22,5.13,5.21,74158
RFMD,20100324,5.19,5.23,5.11,5.13,71457
RFMD,20100325,5.25,5.27,5.09,5.12,89447
RFMD,20100326,5.16,5.19,4.97,5.02,76965
RFMD,20100329,5.09,5.13,5.00,5.02,46674
RFMD,20100330,5.04,5.09,4.96,5.05,51243
RFMD,20100331,4.99,5.09,4.97,4.98,49747
RFMD,20100401,5.02,5.11,4.98,5.02,60160
RFMD,20100405,5.06,5.12,5.04,5.12,39388
RFMD,20100406,5.07,5.09,5.03,5.09,41437
RFMD,20100407,5.05,5.16,5.05,5.15,59393
RFMD,20100408,5.12,5.23,5.04,5.18,63979
RFMD,20100409,5.22,5.27,5.18,5.21,55138
RFMD,20100412,5.21,5.36,5.20,5.30,65856
RFMD,20100413,5.30,5.35,5.24,5.33,66499
RFMD,20100414,5.41,5.70,5.41,5.68,133654
RFMD,20100415,5.68,5.69,5.54,5.63,75015
RFMD,20100416,5.62,5.62,5.28,5.48,109060
RFMD,20100419,5.42,5.52,5.30,5.43,65423
RFMD,20100420,5.47,5.61,5.44,5.59,54498
RFMD,20100421,5.65,5.70,5.42,5.50,89912
RFMD,20100422,5.18,5.44,5.15,5.37,138327
RFMD,20100423,5.42,5.46,5.30,5.43,68869
RFMD,20100426,5.43,5.72,5.43,5.62,128855
RFMD,20100427,5.64,5.74,5.42,5.49,138464
RFMD,20100428,5.84,6.05,5.67,5.92,251086
RFMD,20100429,5.97,6.00,5.81,5.89,95486
RFMD,20100430,5.88,5.89,5.60,5.64,97692
RFMD,20100503,5.71,5.95,5.67,5.91,91272
RFMD,20100504,5.82,5.82,5.56,5.62,110218
RFMD,20100505,5.50,5.68,5.30,5.49,85397
RFMD,20100506,5.46,5.52,4.70,5.18,206135
RFMD,20100507,5.13,5.25,4.79,4.99,150899
RFMD,20100510,5.26,5.32,5.20,5.29,85604
RFMD,20100511,5.21,5.35,5.17,5.19,72080
RFMD,20100512,5.28,5.37,5.21,5.30,94454
RFMD,20100513,5.30,5.49,5.25,5.29,98260
RFMD,20100514,5.23,5.28,4.98,5.13,82029
RFMD,20100517,5.14,5.20,4.97,5.11,89800
RFMD,20100518,5.21,5.23,4.90,4.95,123989
RFMD,20100519,4.91,5.04,4.73,4.87,106551
RFMD,20100520,4.73,4.79,4.60,4.61,126117
RFMD,20100521,4.53,4.87,4.40,4.76,89477
RFMD,20100524,4.87,4.91,4.79,4.81,61510
RFMD,20100525,4.61,4.74,4.36,4.70,196330
RFMD,20100526,4.82,4.94,4.73,4.77,80538
RFMD,20100527,4.92,4.97,4.86,4.95,69252
RFMD,20100528,4.97,5.00,4.75,4.80,72092
RFMD,20100601,4.73,4.86,4.61,4.62,60300
RFMD,20100602,4.72,4.86,4.66,4.84,78089
RFMD,20100603,4.85,4.98,4.79,4.97,51856
RFMD,20100604,4.78,4.89,4.60,4.62,97427
RFMD,20100607,4.66,4.70,4.41,4.43,112378
RFMD,20100608,4.44,4.50,4.21,4.38,127524
RFMD,20100609,4.42,4.47,4.17,4.20,125985
RFMD,20100610,4.32,4.39,4.20,4.33,70119
RFMD,20100611,4.27,4.45,4.27,4.45,64302
RFMD,20100614,4.54,4.64,4.42,4.44,77392
RFMD,20100615,4.48,4.78,4.48,4.76,76826
RFMD,20100616,4.64,4.72,4.55,4.62,97319
RFMD,20100617,4.64,4.67,4.52,4.65,67616
RFMD,20100618,4.65,4.72,4.63,4.69,51458
RFMD,20100621,4.80,4.80,4.57,4.63,73453
RFMD,20100622,4.64,4.71,4.41,4.41,68150
RFMD,20100623,4.44,4.56,4.40,4.46,65359
RFMD,20100624,4.43,4.47,4.28,4.28,67938
RFMD,20100625,4.32,4.36,4.21,4.31,97052
RFMD,20100628,4.33,4.43,4.27,4.38,42492
RFMD,20100629,4.26,4.28,4.07,4.10,149518
RFMD,20100630,4.12,4.20,3.90,3.91,90813
RFMD,20100701,3.95,4.07,3.83,3.97,82851
RFMD,20100702,3.97,4.05,3.85,4.01,59878
RFMD,20100706,4.05,4.05,3.68,3.71,120666
RFMD,20100707,3.75,3.85,3.65,3.84,111875
RFMD,20100708,3.87,3.92,3.78,3.91,79046
RFMD,20100709,3.94,4.11,3.88,4.07,64585
RFMD,20100712,4.04,4.19,4.02,4.08,34563
RFMD,20100713,4.19,4.24,4.15,4.23,59913
RFMD,20100714,4.26,4.29,4.16,4.18,51245
RFMD,20100715,4.19,4.22,4.03,4.08,96738
RFMD,20100716,4.06,4.07,3.89,3.89,74240
RFMD,20100719,3.95,4.00,3.92,3.97,81042
RFMD,20100720,3.86,3.95,3.80,3.92,105520
RFMD,20100721,4.02,4.10,3.92,3.99,68296
RFMD,20100722,4.07,4.26,4.05,4.21,94846
RFMD,20100723,4.16,4.25,4.06,4.23,65746
RFMD,20100726,4.24,4.49,4.21,4.49,78534
RFMD,20100727,4.56,4.59,4.41,4.44,95796
RFMD,20100728,4.24,4.33,4.16,4.19,117920
RFMD,20100729,4.27,4.28,4.06,4.20,62668
RFMD,20100730,4.11,4.22,4.09,4.17,50372
RFMD,20100802,4.26,4.33,4.20,4.32,48883
RFMD,20100803,4.27,4.43,4.21,4.35,73316
RFMD,20100804,4.44,4.46,4.35,4.46,45187
RFMD,20100805,4.41,4.50,4.38,4.44,56272
RFMD,20100806,4.37,4.50,4.34,4.40,45703
RFMD,20100809,4.47,4.57,4.38,4.53,52474
RFMD,20100810,4.46,4.49,4.28,4.41,72903
RFMD,20100811,4.33,4.33,4.23,4.25,53100
RFMD,20100812,4.11,4.28,4.10,4.14,62139
RFMD,20100813,4.16,4.25,4.04,4.04,74584
RFMD,20100816,4.01,4.25,4.00,4.18,51811
RFMD,20100817,4.20,4.32,4.14,4.31,78552
RFMD,20100818,4.31,4.63,4.31,4.57,131942
RFMD,20100819,4.50,4.65,4.45,4.61,84673
RFMD,20100820,4.62,4.72,4.56,4.67,63473
RFMD,20100823,4.71,4.72,4.57,4.70,66449
RFMD,20100824,4.55,5.13,4.49,5.12,222337
RFMD,20100825,4.97,5.03,4.81,4.95,93489
RFMD,20100826,4.99,5.07,4.82,4.83,67629
RFMD,20100827,4.86,5.04,4.72,5.01,60008
RFMD,20100830,4.91,5.00,4.78,4.82,59818
RFMD,20100831,4.79,5.01,4.75,4.88,74177
RFMD,20100901,4.98,5.16,4.93,5.14,76589
RFMD,20100902,5.13,5.27,5.09,5.24,58636
RFMD,20100903,5.33,5.46,5.19,5.43,78339
RFMD,20100907,5.37,5.43,5.17,5.17,56040
RFMD,20100908,5.19,5.46,5.19,5.40,64760
RFMD,20100909,5.44,5.54,5.39,5.40,62551
RFMD,20100910,5.47,5.48,5.18,5.25,46505
RFMD,20100913,5.35,5.49,5.33,5.42,67514
RFMD,20100914,5.42,5.60,5.33,5.53,64710
RFMD,20100915,5.53,5.54,5.31,5.39,84539
RFMD,20100916,5.41,5.50,5.32,5.47,70779
RFMD,20100917,5.55,5.66,5.47,5.66,65505
RFMD,20100920,5.67,5.85,5.60,5.82,66264
RFMD,20100921,5.83,5.85,5.66,5.77,72953
RFMD,20100922,5.74,6.01,5.68,6.00,125869
RFMD,20100923,5.84,5.91,5.50,5.55,144526
RFMD,20100924,5.71,5.89,5.63,5.85,73998
RFMD,20100927,5.93,5.96,5.79,5.80,52350
RFMD,20100928,5.83,6.19,5.73,6.15,100940
RFMD,20100929,6.14,6.17,5.99,6.08,120425
RFMD,20100930,6.18,6.25,6.10,6.14,109030
RFMD,20101001,6.18,6.22,6.08,6.13,68268
RFMD,20101004,6.11,6.17,5.89,5.96,53330
RFMD,20101005,6.06,6.23,5.97,6.18,102090
RFMD,20101006,6.14,6.20,6.05,6.10,55393
RFMD,20101007,6.14,6.35,6.10,6.35,125977
RFMD,20101008,6.30,6.50,6.26,6.45,74958
RFMD,20101011,6.35,6.49,6.27,6.39,77276
RFMD,20101012,6.33,6.74,6.32,6.70,108786
RFMD,20101013,6.79,6.94,6.72,6.89,101120
RFMD,20101014,6.85,6.89,6.43,6.58,97434
RFMD,20101015,6.64,6.73,6.48,6.58,80169
RFMD,20101018,6.63,6.67,6.51,6.65,39614
RFMD,20101019,6.52,6.62,6.29,6.38,85580
RFMD,20101020,6.45,6.60,6.39,6.54,63931
RFMD,20101021,6.63,6.65,6.18,6.32,106966
RFMD,20101022,6.34,6.59,6.31,6.56,51577
RFMD,20101025,6.61,6.70,6.53,6.61,57047
RFMD,20101026,6.49,6.63,6.37,6.37,122488
RFMD,20101027,6.49,7.44,6.49,7.34,275346
RFMD,20101028,7.34,7.45,7.22,7.40,89651
RFMD,20101029,7.40,7.44,7.26,7.29,83878
RFMD,20101101,7.32,7.42,7.16,7.22,73254
RFMD,20101102,7.43,7.45,7.33,7.42,79901
RFMD,20101103,7.44,7.50,7.33,7.41,80367
RFMD,20101104,7.52,7.62,7.38,7.58,117767
RFMD,20101105,7.51,7.55,7.40,7.43,66681
RFMD,20101108,7.37,7.43,7.20,7.41,78178
RFMD,20101109,7.49,7.50,7.16,7.22,66265
RFMD,20101110,7.21,7.30,7.11,7.29,69708
RFMD,20101111,7.22,7.38,7.15,7.33,80193
RFMD,20101112,7.26,7.40,7.08,7.12,86673
RFMD,20101115,7.18,7.20,7.10,7.10,40592
RFMD,20101116,7.03,7.16,6.68,6.76,118915
RFMD,20101117,6.89,7.09,6.74,6.80,93990
RFMD,20101118,6.98,7.18,6.93,7.17,75290
RFMD,20101119,7.16,7.29,7.11,7.29,81736
RFMD,20101122,7.25,7.34,7.14,7.26,68112
RFMD,20101123,7.18,7.23,7.05,7.19,79064
RFMD,20101124,7.23,7.46,7.22,7.45,94076
RFMD,20101126,7.34,7.42,7.29,7.31,19856
RFMD,20101129,7.28,7.33,7.15,7.21,40544
RFMD,20101130,7.14,7.18,6.96,7.01,80357
RFMD,20101201,7.16,7.25,7.13,7.16,56261
RFMD,20101202,7.16,7.29,7.10,7.28,42448
RFMD,20101203,7.23,7.39,7.18,7.35,49942
RFMD,20101206,7.31,7.44,7.26,7.36,43624
RFMD,20101207,7.48,7.99,7.45,7.85,163788
RFMD,20101208,7.71,7.94,7.57,7.70,97493
RFMD,20101209,7.75,7.88,7.73,7.81,51882
RFMD,20101210,7.80,7.87,7.71,7.86,43232
RFMD,20101213,7.93,7.97,7.84,7.84,82181
RFMD,20101214,7.87,7.95,7.79,7.85,63988
RFMD,20101215,7.84,7.91,7.65,7.72,50716
RFMD,20101216,7.76,7.93,7.72,7.84,52851
RFMD,20101217,7.84,7.94,7.78,7.81,89493
RFMD,20101220,7.84,7.90,7.77,7.84,40276
RFMD,20101221,7.89,7.95,7.85,7.91,30153
RFMD,20101222,7.91,7.95,7.79,7.81,23841
RFMD,20101223,7.83,7.85,7.62,7.65,30782
RFMD,20101227,7.60,7.66,7.45,7.65,34832
RFMD,20101228,7.65,7.67,7.45,7.51,36045
RFMD,20101229,7.51,7.55,7.43,7.43,18309
RFMD,20101230,7.46,7.49,7.38,7.46,30565
RFMD,20101231,7.47,7.47,7.35,7.35,26977
RFMD,20110103,7.48,7.84,7.42,7.71,57898
RFMD,20110104,7.80,7.87,7.53,7.87,69024
RFMD,20110105,7.79,7.85,7.69,7.78,77661
RFMD,20110106,7.81,7.88,7.72,7.76,28311
RFMD,20110107,7.81,7.97,7.72,7.86,49018
RFMD,20110110,7.65,7.97,7.60,7.96,9862800
RFMD,20110111,8.02,8.25,7.92,8.11,9132500
RFMD,20110112,8.21,8.36,8.13,8.30,10847900
RFMD,20110113,8.37,8.37,8.16,8.25,3399800
RFMD,20110114,8.11,8.33,8.11,8.28,2692300
RFMD,20110118,8.28,8.31,8.17,8.25,3979100
RFMD,20110119,8.30,8.32,8.03,8.19,6275400
RFMD,20110120,8.01,8.10,7.75,7.88,5927800
RFMD,20110121,8.04,8.06,7.68,7.70,7011400
RFMD,20110124,7.76,7.95,7.64,7.90,4704700
RFMD,20110125,7.87,7.90,7.46,7.66,16688400
RFMD,20110126,7.08,7.65,6.87,6.91,34001900
RFMD,20110127,6.92,6.98,6.88,6.91,7424400
RFMD,20110128,6.93,6.93,6.63,6.79,11429700
RFMD,20110131,6.82,6.87,6.71,6.72,6795400
RFMD,20110201,6.76,7.05,6.74,7.02,7029000
RFMD,20110202,7.01,7.01,6.85,6.96,5257300
RFMD,20110203,6.90,6.97,6.84,6.92,5311300
RFMD,20110204,6.89,7.16,6.87,7.10,7566700
RFMD,20110207,7.11,7.61,7.11,7.56,13231100
RFMD,20110208,7.75,7.86,7.45,7.55,8543900
RFMD,20110209,7.64,7.90,7.51,7.87,11745200
RFMD,20110210,7.78,8.15,7.69,7.97,20327200
RFMD,20110211,7.89,8.29,7.76,8.10,12290500
RFMD,20110214,8.21,8.41,8.06,8.12,7018700
RFMD,20110215,8.37,8.48,7.98,8.04,10388200
RFMD,20110216,8.13,8.32,8.11,8.23,5884400
RFMD,20110217,8.21,8.27,8.13,8.15,3779600
RFMD,20110218,8.24,8.24,7.91,7.99,6284400
RFMD,20110222,7.92,7.96,7.73,7.76,7880700
RFMD,20110223,7.72,7.78,7.34,7.46,11396500
RFMD,20110224,7.48,7.69,7.37,7.55,7797100
RFMD,20110225,7.62,7.75,7.51,7.69,4907700
RFMD,20110228,7.76,7.80,7.36,7.50,7818400
RFMD,20110301,7.52,7.56,7.15,7.16,8771100
RFMD,20110302,7.13,7.35,7.05,7.08,9213100
RFMD,20110303,7.20,7.26,7.12,7.20,5730000
RFMD,20110304,7.25,7.26,7.01,7.09,5449600
RFMD,20110307,7.12,7.15,6.86,6.90,6106500
RFMD,20110308,6.90,6.94,6.69,6.74,10402000
RFMD,20110309,6.70,6.72,6.21,6.29,22620500
RFMD,20110310,6.20,6.36,6.05,6.30,16215200
RFMD,20110311,6.24,6.36,6.13,6.25,6603600
RFMD,20110314,6.16,6.29,6.10,6.22,7986000
RFMD,20110315,6.04,6.41,6.01,6.32,9085600
RFMD,20110316,6.25,6.34,6.08,6.15,8891200
RFMD,20110317,6.27,6.29,6.09,6.11,4961100
RFMD,20110318,6.20,6.22,6.04,6.04,5568100
RFMD,20110321,6.16,6.29,6.12,6.17,4528200
RFMD,20110322,6.16,6.19,6.10,6.13,2551900
RFMD,20110323,6.12,6.23,6.09,6.19,3242300
RFMD,20110324,6.25,6.40,6.20,6.29,4952800
RFMD,20110325,6.34,6.44,6.26,6.29,7786300
RFMD,20110328,6.32,6.45,6.23,6.35,9254900
RFMD,20110329,6.35,6.64,6.25,6.58,8471500
RFMD,20110330,6.67,6.81,6.55,6.59,5085400
RFMD,20110331,6.51,6.54,6.38,6.41,5456400
RFMD,20110401,6.50,6.50,6.29,6.39,5286500
RFMD,20110404,6.36,6.45,6.30,6.36,5882600
RFMD,20110405,6.42,6.50,6.33,6.34,7111800
RFMD,20110406,6.36,6.42,6.30,6.35,4533200
RFMD,20110407,6.39,6.44,6.26,6.26,5689900
RFMD,20110408,6.33,6.35,6.20,6.21,3176100
RFMD,20110411,6.25,6.25,6.08,6.10,5193600
RFMD,20110412,6.04,6.05,5.79,5.93,6984400
RFMD,20110413,5.99,6.05,5.87,5.89,4915300
RFMD,20110414,5.85,5.96,5.79,5.94,4293000
RFMD,20110415,5.93,5.96,5.84,5.88,4298000
RFMD,20110418,5.79,5.82,5.71,5.81,5704700
RFMD,20110419,5.80,5.88,5.72,5.85,2917900
RFMD,20110420,5.95,6.14,5.95,6.12,4093600
RFMD,20110421,6.24,6.24,6.00,6.09,4699100
RFMD,20110425,6.10,6.26,6.05,6.17,4791600
RFMD,20110426,6.25,6.36,6.15,6.32,6892700
