RHI,20090115,18.07,19.00,17.27,18.61,25270
RHI,20090116,18.94,18.94,18.00,18.60,13585
RHI,20090120,18.45,18.61,17.50,17.55,15000
RHI,20090121,17.94,18.08,17.07,17.99,24900
RHI,20090122,17.94,17.94,17.09,17.53,17811
RHI,20090123,17.09,17.64,16.88,17.39,14687
RHI,20090126,17.53,17.86,17.25,17.61,15756
RHI,20090127,17.70,18.17,17.49,18.14,22775
RHI,20090128,18.40,18.88,18.23,18.43,31094
RHI,20090129,17.66,17.93,17.08,17.13,44017
RHI,20090130,17.17,17.54,16.86,16.95,20933
RHI,20090202,16.86,16.90,16.27,16.43,30533
RHI,20090203,16.70,17.11,16.40,16.99,26755
RHI,20090204,17.24,17.59,16.77,16.84,21921
RHI,20090205,16.70,17.57,16.62,17.48,20842
RHI,20090206,17.34,18.38,17.31,18.22,22656
RHI,20090209,18.14,18.43,17.96,18.12,15064
RHI,20090210,17.87,18.29,17.21,17.38,19010
RHI,20090211,17.25,17.72,17.13,17.50,18149
RHI,20090212,17.05,17.86,16.85,17.79,24833
RHI,20090213,17.77,18.12,17.51,17.53,16221
RHI,20090217,16.66,17.17,16.59,16.62,24980
RHI,20090218,16.54,16.97,16.37,16.87,22641
RHI,20090219,16.91,17.34,16.43,16.46,17442
RHI,20090220,16.28,16.78,15.99,16.65,33766
RHI,20090223,16.69,16.77,15.90,16.03,27434
RHI,20090224,16.23,16.64,15.88,16.45,25260
RHI,20090225,16.34,16.34,15.70,16.00,20333
RHI,20090226,16.35,16.35,15.48,15.61,28229
RHI,20090227,15.50,15.75,15.16,15.37,27441
RHI,20090302,14.96,15.10,14.39,14.54,44735
RHI,20090303,14.73,14.98,14.49,14.50,31849
RHI,20090304,14.84,15.25,14.52,15.01,25304
RHI,20090305,14.87,14.97,14.46,14.70,32325
RHI,20090306,14.66,14.94,14.06,14.41,30619
RHI,20090309,14.22,14.66,14.22,14.46,18634
RHI,20090310,14.61,15.67,14.36,15.66,33856
RHI,20090311,15.72,16.05,15.44,15.63,21309
RHI,20090312,15.57,16.71,15.33,16.63,25097
RHI,20090313,16.50,16.75,16.03,16.47,18874
RHI,20090316,16.55,16.77,16.16,16.21,16843
RHI,20090317,16.28,16.70,16.09,16.70,17523
RHI,20090318,16.64,17.58,16.45,17.37,22978
RHI,20090319,17.54,17.57,16.97,17.12,17709
RHI,20090320,17.31,17.43,16.75,16.77,30661
RHI,20090323,17.17,18.15,16.81,18.15,13876
RHI,20090324,17.91,18.18,17.51,17.52,17582
RHI,20090325,17.69,18.26,17.08,17.61,23526
RHI,20090326,17.82,18.95,17.75,18.90,28470
RHI,20090327,18.50,18.71,18.22,18.44,17608
RHI,20090330,17.98,18.29,17.25,17.42,22663
RHI,20090331,17.70,18.18,17.54,17.83,23298
RHI,20090401,17.61,18.29,16.95,18.23,33751
RHI,20090402,18.65,20.15,18.37,19.76,41651
RHI,20090403,19.76,19.98,19.38,19.95,19285
RHI,20090406,19.90,19.93,19.23,19.55,14661
RHI,20090407,19.25,19.38,18.77,18.92,13181
RHI,20090408,18.93,19.18,18.56,19.12,12033
RHI,20090409,20.60,20.60,18.98,20.52,16029
RHI,20090413,20.37,20.46,19.91,20.20,16490
RHI,20090414,19.92,20.16,19.46,19.59,14930
RHI,20090415,19.48,20.07,19.36,20.03,10879
RHI,20090416,20.14,20.94,19.89,20.82,11840
RHI,20090417,20.91,21.57,20.72,21.50,19423
RHI,20090420,21.14,21.14,20.24,20.28,17440
RHI,20090421,20.12,22.15,19.78,22.02,40779
RHI,20090422,22.36,24.55,22.11,23.57,45239
RHI,20090423,23.57,23.57,21.05,21.37,52878
RHI,20090424,21.15,23.58,21.15,23.46,36572
RHI,20090427,22.61,23.56,22.61,23.04,28183
RHI,20090428,22.72,23.46,22.45,22.75,25095
RHI,20090429,23.04,24.47,22.90,24.20,21333
RHI,20090430,24.39,24.96,23.95,24.02,25127
RHI,20090501,24.25,24.25,23.52,23.76,19711
RHI,20090504,24.05,24.05,23.44,23.78,22730
RHI,20090505,23.65,24.07,23.28,23.54,18213
RHI,20090506,23.82,24.01,23.51,23.85,21218
RHI,20090507,24.01,24.01,23.33,23.53,22646
RHI,20090508,23.79,24.00,23.45,23.79,13471
RHI,20090511,23.79,24.23,23.62,23.82,26967
RHI,20090512,24.00,24.10,22.96,23.21,26313
RHI,20090513,22.78,22.88,21.99,22.13,26724
RHI,20090514,22.25,22.39,21.90,22.20,11665
RHI,20090515,22.11,22.41,21.87,21.96,17293
RHI,20090518,22.21,22.70,21.79,22.68,14175
RHI,20090519,22.62,22.96,22.29,22.67,13078
RHI,20090520,22.83,23.14,22.51,22.58,13594
RHI,20090521,22.26,22.26,21.69,21.92,19211
RHI,20090522,21.92,22.07,21.48,21.65,11283
RHI,20090526,20.74,22.26,20.71,21.98,24949
RHI,20090527,21.97,22.14,21.16,21.17,15188
RHI,20090528,21.43,21.64,20.50,21.11,17685
RHI,20090529,21.17,21.54,20.99,21.39,13885
RHI,20090601,21.74,22.67,21.56,22.62,15527
RHI,20090602,22.50,23.09,22.48,22.88,13342
RHI,20090603,22.71,22.91,21.98,22.14,16339
RHI,20090604,22.31,22.41,21.75,22.08,14175
RHI,20090605,22.49,23.11,22.39,22.85,21759
RHI,20090608,22.79,23.36,22.51,23.12,14531
RHI,20090609,23.23,23.41,22.91,23.15,17179
RHI,20090610,23.54,23.56,22.46,22.80,14755
RHI,20090611,22.88,23.21,22.86,22.97,14343
RHI,20090612,22.85,22.85,22.07,22.50,18390
RHI,20090615,22.18,22.46,21.76,22.03,16335
RHI,20090616,22.09,22.28,21.60,21.66,13157
RHI,20090617,21.62,22.19,21.37,21.99,12517
RHI,20090618,21.89,22.20,21.73,22.14,9680
RHI,20090619,22.41,22.62,21.98,22.10,19651
RHI,20090622,21.94,22.04,21.59,21.59,10713
RHI,20090623,21.75,21.90,21.26,21.48,10401
RHI,20090624,21.68,22.00,21.58,21.80,9189
RHI,20090625,21.52,23.00,21.47,22.96,20842
RHI,20090626,22.90,23.36,22.76,23.20,21817
RHI,20090629,23.14,23.54,22.82,23.35,13076
RHI,20090630,23.33,23.72,23.23,23.62,21753
RHI,20090701,23.67,24.18,23.33,23.58,21038
RHI,20090702,23.07,23.58,21.35,21.35,21320
RHI,20090706,21.45,21.75,21.05,21.57,18932
RHI,20090707,21.37,21.50,20.69,20.73,16894
RHI,20090708,20.95,20.98,20.24,20.57,22122
RHI,20090709,20.67,21.24,20.49,20.98,24691
RHI,20090710,20.76,21.26,20.72,20.84,14952
RHI,20090713,20.86,21.12,20.39,21.08,17445
RHI,20090714,21.14,21.38,20.90,21.36,9204
RHI,20090715,21.66,22.71,21.64,22.62,17679
RHI,20090716,21.77,22.50,21.65,22.40,27276
RHI,20090717,22.32,22.74,22.04,22.62,16051
RHI,20090720,22.66,23.15,22.58,23.07,17466
RHI,20090721,23.35,23.51,23.03,23.44,21696
RHI,20090722,24.17,24.17,22.71,23.01,34505
RHI,20090723,23.15,24.82,22.61,24.61,27555
RHI,20090724,24.47,25.00,24.20,24.97,14648
RHI,20090727,24.89,24.98,24.55,24.87,13346
RHI,20090728,24.66,24.95,24.50,24.79,13382
RHI,20090729,24.34,24.58,24.20,24.39,9676
RHI,20090730,24.86,25.02,24.39,24.60,10985
RHI,20090731,24.66,25.02,24.25,24.79,13582
RHI,20090803,24.77,25.81,24.15,25.64,22438
RHI,20090804,25.38,26.32,25.16,26.31,18236
RHI,20090805,26.37,26.37,25.24,25.47,13778
RHI,20090806,25.67,25.88,25.42,25.81,16639
RHI,20090807,26.39,28.06,26.32,27.77,23172
RHI,20090810,27.44,27.73,26.91,27.02,17776
RHI,20090811,26.80,26.93,26.14,26.20,23710
RHI,20090812,26.11,27.00,26.07,26.75,14620
RHI,20090813,26.90,27.06,26.55,26.99,10390
RHI,20090814,27.10,27.16,26.15,26.42,9843
RHI,20090817,26.05,26.12,25.69,25.76,7784
RHI,20090818,25.82,26.00,25.60,25.92,6945
RHI,20090819,24.76,25.86,24.54,25.82,14356
RHI,20090820,26.03,26.15,25.56,26.07,8874
RHI,20090821,26.08,26.84,26.06,26.46,10365
RHI,20090824,26.61,26.77,26.26,26.36,7438
RHI,20090825,26.73,26.73,26.25,26.39,7278
RHI,20090826,26.41,26.78,26.25,26.58,7931
RHI,20090827,26.70,27.20,26.17,26.99,10464
RHI,20090828,27.20,27.59,26.64,26.78,7247
RHI,20090831,26.63,26.66,26.21,26.29,8725
RHI,20090901,26.10,26.25,25.35,25.66,15993
RHI,20090902,25.48,25.65,25.20,25.54,7483
RHI,20090903,25.74,25.78,25.01,25.74,7308
RHI,20090904,25.73,26.11,25.54,26.10,7349
RHI,20090908,26.26,26.35,25.56,25.88,9991
RHI,20090909,25.88,26.49,25.78,26.42,9263
RHI,20090910,26.46,26.94,26.30,26.86,6623
RHI,20090911,26.75,27.14,26.75,26.95,7363
RHI,20090914,26.61,26.92,26.23,26.87,17160
RHI,20090915,26.93,27.03,26.45,26.64,9720
RHI,20090916,26.78,26.91,26.57,26.86,21691
RHI,20090917,26.85,27.11,26.67,27.04,14051
RHI,20090918,27.22,27.50,27.13,27.42,12970
RHI,20090921,27.11,27.38,26.87,27.14,10307
RHI,20090922,27.35,27.35,26.98,27.09,12997
RHI,20090923,27.11,27.18,26.60,26.61,12911
RHI,20090924,26.70,26.70,25.66,25.84,21770
RHI,20090925,25.76,26.02,25.29,25.34,11856
RHI,20090928,25.35,25.94,25.33,25.81,8379
RHI,20090929,25.90,25.95,25.40,25.50,14401
RHI,20090930,25.50,25.60,24.81,25.02,22827
RHI,20091001,24.79,24.85,24.03,24.07,23561
RHI,20091002,23.78,24.13,23.49,23.78,17482
RHI,20091005,23.89,24.95,23.74,24.90,22971
RHI,20091006,25.11,25.52,24.86,25.26,15337
RHI,20091007,25.09,25.21,24.86,25.11,12658
RHI,20091008,25.41,26.46,25.41,25.92,18596
RHI,20091009,25.99,26.10,25.79,25.99,8657
RHI,20091012,26.18,26.20,25.85,26.01,7731
RHI,20091013,25.92,25.99,25.61,25.75,7136
RHI,20091014,26.31,26.52,25.84,26.12,10825
RHI,20091015,25.82,26.43,25.82,26.40,8505
RHI,20091016,26.12,26.43,25.95,26.37,12815
RHI,20091019,26.46,26.76,26.23,26.60,7567
RHI,20091020,26.54,26.59,26.20,26.40,8739
RHI,20091021,26.06,26.25,24.65,24.73,32519
RHI,20091022,24.70,26.22,24.70,26.21,31670
RHI,20091023,26.26,26.29,25.48,25.72,19039
RHI,20091026,25.78,26.36,25.56,25.82,19712
RHI,20091027,25.91,25.99,25.36,25.43,15336
RHI,20091028,25.21,25.38,23.78,23.84,28658
RHI,20091029,23.96,24.23,23.57,24.22,20318
RHI,20091030,24.04,24.04,23.19,23.20,20515
RHI,20091102,23.29,23.55,22.92,23.37,23806
RHI,20091103,23.30,23.54,23.07,23.43,16408
RHI,20091104,23.55,23.75,23.38,23.47,17466
RHI,20091105,23.67,24.24,23.62,24.20,12341
RHI,20091106,23.90,24.25,23.62,24.04,12072
RHI,20091109,24.16,24.44,24.06,24.37,7690
RHI,20091110,24.74,24.85,24.13,24.33,17650
RHI,20091111,24.48,24.70,24.02,24.20,12131
RHI,20091112,24.22,24.24,23.68,23.72,16303
RHI,20091113,23.74,24.01,23.41,23.75,16201
RHI,20091116,23.84,24.29,23.84,24.23,8505
RHI,20091117,24.25,24.25,23.96,24.22,10270
RHI,20091118,24.25,24.29,23.74,23.97,12240
RHI,20091119,23.76,23.76,23.18,23.34,9397
RHI,20091120,23.17,23.39,23.02,23.23,7113
RHI,20091123,23.51,23.83,23.39,23.49,9095
RHI,20091124,23.57,23.59,22.87,22.97,13520
RHI,20091125,23.00,23.11,22.62,22.74,16177
RHI,20091127,22.00,22.53,22.00,22.19,4604
RHI,20091130,22.18,22.38,21.91,22.33,15855
RHI,20091201,22.50,22.98,22.50,22.75,21481
RHI,20091202,22.70,23.00,22.68,22.87,15445
RHI,20091203,22.91,23.57,22.90,23.18,29889
RHI,20091204,24.00,25.84,23.86,25.74,51863
RHI,20091207,25.66,25.88,25.08,25.61,21969
RHI,20091208,25.51,25.51,24.88,25.31,14376
RHI,20091209,25.31,25.31,24.75,25.15,10453
RHI,20091210,25.39,25.82,25.37,25.66,17533
RHI,20091211,25.87,26.00,25.62,25.87,10347
RHI,20091214,25.98,26.64,25.86,26.61,15953
RHI,20091215,26.63,27.13,26.33,26.57,15571
RHI,20091216,26.82,27.00,26.61,26.69,13950
RHI,20091217,26.37,26.71,26.10,26.11,9722
RHI,20091218,26.37,26.44,25.88,26.12,21400
RHI,20091221,26.54,26.93,26.40,26.67,15562
RHI,20091222,26.68,27.27,26.68,27.01,11516
RHI,20091223,27.15,27.40,26.92,27.11,6702
RHI,20091224,27.19,27.33,27.00,27.10,1777
RHI,20091228,27.15,27.26,27.06,27.17,5601
RHI,20091229,27.18,27.39,27.17,27.26,7107
RHI,20091230,27.13,27.34,27.07,27.25,4126
RHI,20091231,27.28,27.36,26.73,26.73,6430
RHI,20100104,26.82,27.44,26.04,27.12,10188
RHI,20100105,27.05,27.51,27.01,27.46,16644
RHI,20100106,28.65,29.62,28.24,28.72,30415
RHI,20100107,28.58,29.23,28.47,29.23,22092
RHI,20100108,28.61,29.27,28.53,29.21,15170
RHI,20100111,29.18,29.61,29.17,29.35,16483
RHI,20100112,29.13,29.46,28.08,28.31,18273
RHI,20100113,28.30,28.49,28.16,28.42,12874
RHI,20100114,28.38,28.93,28.26,28.82,11923
RHI,20100115,28.83,29.10,28.42,28.56,18263
RHI,20100119,28.49,28.94,28.45,28.90,9170
RHI,20100120,28.61,28.61,27.88,28.12,9645
RHI,20100121,28.06,28.30,26.98,27.31,19512
RHI,20100122,27.08,27.35,26.55,26.61,11975
RHI,20100125,27.02,27.02,26.02,26.36,14373
RHI,20100126,26.20,26.57,26.07,26.42,10358
RHI,20100127,26.32,26.95,26.13,26.89,16985
RHI,20100128,26.95,27.05,26.44,26.84,17820
RHI,20100129,27.43,27.79,26.81,26.92,30298
RHI,20100201,26.93,27.04,26.36,26.87,18552
RHI,20100202,26.98,27.39,26.84,27.32,23051
RHI,20100203,27.21,27.41,26.91,27.04,14100
RHI,20100204,26.83,26.83,26.10,26.32,20424
RHI,20100205,26.26,26.49,25.86,26.40,26840
RHI,20100208,26.34,26.46,25.86,26.37,23328
RHI,20100209,26.67,26.91,26.38,26.62,20847
RHI,20100210,26.60,26.92,26.06,26.80,23450
RHI,20100211,26.67,27.28,26.35,27.22,12272
RHI,20100212,27.05,27.30,26.73,27.08,13117
RHI,20100216,27.27,27.99,27.17,27.92,15998
RHI,20100217,28.05,28.24,27.88,28.18,12974
RHI,20100218,28.08,28.36,28.03,28.31,8957
RHI,20100219,28.05,28.88,28.05,28.61,14596
RHI,20100222,28.64,28.69,28.04,28.12,12570
RHI,20100223,28.00,28.00,27.17,27.30,21287
RHI,20100224,27.45,27.71,27.35,27.68,17347
RHI,20100225,27.27,27.77,27.01,27.70,13252
RHI,20100226,27.88,27.96,27.55,27.90,16566
RHI,20100301,28.00,28.88,27.88,28.82,19425
RHI,20100302,28.79,29.02,28.63,28.76,15630
RHI,20100303,28.80,29.12,28.75,28.77,8115
RHI,20100304,28.78,29.01,28.74,28.78,7456
RHI,20100305,29.04,30.05,29.04,29.92,28403
RHI,20100308,29.91,30.07,29.65,29.65,16321
RHI,20100309,29.59,29.95,29.55,29.86,12568
RHI,20100310,29.93,30.40,29.81,30.18,11922
RHI,20100311,30.03,30.36,29.85,30.32,11847
RHI,20100312,30.37,30.37,29.88,30.15,10959
RHI,20100315,30.05,30.31,29.92,30.30,7977
RHI,20100316,30.35,30.96,30.22,30.83,10902
RHI,20100317,30.99,31.76,30.92,31.40,15933
RHI,20100318,31.51,31.68,31.27,31.40,7799
RHI,20100319,31.49,31.70,30.97,31.16,16874
RHI,20100322,30.98,31.49,30.83,31.41,9911
RHI,20100323,31.33,31.58,31.14,31.58,8594
RHI,20100324,31.53,31.53,30.70,30.86,9525
RHI,20100325,31.17,31.33,30.74,30.75,10849
RHI,20100326,30.82,31.29,30.81,30.91,8998
RHI,20100329,31.03,31.32,30.86,31.15,8842
RHI,20100330,31.14,31.26,30.77,31.02,7087
RHI,20100331,30.91,30.91,30.36,30.43,13485
RHI,20100401,30.55,30.91,30.28,30.50,8236
RHI,20100405,30.73,31.28,30.41,31.18,11775
RHI,20100406,31.10,31.62,31.04,31.52,7261
RHI,20100407,31.35,31.39,30.90,31.02,16783
RHI,20100408,30.86,30.91,30.53,30.87,12370
RHI,20100409,30.98,31.17,30.76,31.11,11474
RHI,20100412,31.21,31.22,30.76,31.12,11986
RHI,20100413,31.02,31.29,30.88,31.17,10537
RHI,20100414,31.12,31.29,30.98,31.29,12423
RHI,20100415,31.05,31.55,31.05,31.29,13627
RHI,20100416,31.12,31.19,30.53,30.66,12870
RHI,20100419,30.57,30.72,30.07,30.52,10115
RHI,20100420,30.79,30.95,30.50,30.70,7723
RHI,20100421,30.69,31.59,30.69,31.04,19153
RHI,20100422,30.86,31.97,30.71,31.92,26169
RHI,20100423,32.00,32.18,31.69,32.16,16976
RHI,20100426,32.17,32.23,31.85,31.89,15068
RHI,20100427,31.81,32.25,31.27,31.40,26383
RHI,20100428,28.28,28.41,27.27,28.20,84350
RHI,20100429,28.95,29.49,27.61,27.91,39105
RHI,20100430,27.88,28.15,26.96,27.38,33307
RHI,20100503,27.66,28.12,27.51,27.99,22559
RHI,20100504,27.50,27.53,26.80,27.07,28178
RHI,20100505,26.94,27.53,26.77,26.98,27443
RHI,20100506,26.87,27.37,25.01,26.39,26761
RHI,20100507,26.34,26.75,25.48,25.56,35606
RHI,20100510,26.64,27.33,26.48,27.30,28438
RHI,20100511,27.13,27.68,26.81,27.25,21328
RHI,20100512,27.47,27.87,27.35,27.67,16746
RHI,20100513,27.49,27.84,27.31,27.47,17558
RHI,20100514,27.31,27.37,26.32,26.57,21307
RHI,20100517,26.62,27.17,26.09,27.10,21286
RHI,20100518,27.41,27.61,26.76,26.84,17553
RHI,20100519,26.65,27.05,26.15,26.51,12686
RHI,20100520,25.64,25.96,24.83,24.83,18153
RHI,20100521,24.12,25.34,24.07,25.24,31108
RHI,20100524,25.07,25.91,25.04,25.44,19829
RHI,20100525,24.67,24.89,24.19,24.83,28779
RHI,20100526,24.97,25.70,24.85,24.96,15936
RHI,20100527,25.52,25.61,25.14,25.61,14758
RHI,20100528,25.49,25.60,25.20,25.29,18568
RHI,20100601,24.96,25.16,24.58,24.70,17142
RHI,20100602,24.85,25.03,24.61,25.03,21541
RHI,20100603,25.17,25.37,24.87,25.24,23077
RHI,20100604,24.52,24.90,23.55,23.61,27977
RHI,20100607,23.72,23.81,22.81,22.86,19910
RHI,20100608,23.12,23.40,22.51,22.98,31911
RHI,20100609,23.18,23.45,22.87,22.97,25567
RHI,20100610,23.45,24.21,23.34,24.21,21434
RHI,20100611,23.92,24.24,23.83,24.14,14402
RHI,20100614,24.30,24.50,23.88,23.90,13514
RHI,20100615,24.23,24.56,23.84,24.51,18033
RHI,20100616,24.43,24.64,24.17,24.41,22584
RHI,20100617,24.42,24.60,23.99,24.51,15781
RHI,20100618,24.62,24.75,24.37,24.72,17992
RHI,20100621,25.67,25.70,24.93,25.04,32634
RHI,20100622,25.04,25.41,24.61,24.66,23906
RHI,20100623,24.68,25.10,24.09,24.97,24518
RHI,20100624,24.81,25.39,24.47,24.98,24234
RHI,20100625,25.02,25.41,24.84,25.20,26724
RHI,20100628,25.12,25.29,24.84,24.89,26348
RHI,20100629,24.42,24.42,23.63,23.78,30511
RHI,20100630,23.78,24.25,23.45,23.55,34521
RHI,20100701,23.49,23.77,23.17,23.50,22704
RHI,20100702,23.59,23.63,23.17,23.32,10951
RHI,20100706,23.61,24.13,23.29,23.47,21788
RHI,20100707,23.53,24.60,23.48,24.60,15526
RHI,20100708,24.81,25.07,24.50,24.75,14026
RHI,20100709,24.78,25.44,24.71,25.38,15583
RHI,20100712,25.20,25.51,24.97,25.00,12854
RHI,20100713,25.37,25.97,25.34,25.83,13117
RHI,20100714,25.69,25.77,25.08,25.22,21639
RHI,20100715,25.11,25.25,24.67,24.96,13324
RHI,20100716,24.81,24.85,23.97,24.04,13602
RHI,20100719,24.16,24.37,23.82,24.07,12845
RHI,20100720,23.71,24.62,23.63,24.60,10301
RHI,20100721,25.10,25.60,24.06,24.29,16188
RHI,20100722,24.58,25.74,24.50,25.67,21044
RHI,20100723,25.72,26.34,25.47,26.02,17855
RHI,20100726,26.04,26.36,25.87,26.36,9788
RHI,20100727,26.28,26.49,26.05,26.12,11650
RHI,20100728,26.16,26.19,25.47,25.62,10092
RHI,20100729,25.86,25.98,25.06,25.17,13425
RHI,20100730,24.76,25.29,24.69,25.18,11172
RHI,20100802,25.78,25.92,25.29,25.86,13143
RHI,20100803,25.77,26.03,25.62,25.71,14284
RHI,20100804,25.86,26.50,25.77,26.40,18554
RHI,20100805,26.11,26.26,25.88,25.98,9582
RHI,20100806,25.52,25.63,24.90,25.32,12448
RHI,20100809,25.73,25.87,25.51,25.70,7747
RHI,20100810,25.45,25.48,24.86,25.10,8762
RHI,20100811,24.42,24.50,23.62,23.70,15318
RHI,20100812,23.25,23.91,23.16,23.79,15883
RHI,20100813,23.60,24.01,23.48,23.72,14648
RHI,20100816,23.52,23.78,23.31,23.63,6420
RHI,20100817,23.75,24.23,23.71,24.03,7770
RHI,20100818,23.98,24.12,23.69,24.00,8239
RHI,20100819,23.73,23.82,23.01,23.18,10923
RHI,20100820,23.00,23.16,22.45,22.82,14902
RHI,20100823,22.56,22.76,21.87,21.99,18678
RHI,20100824,21.63,21.76,21.16,21.57,28641
RHI,20100825,21.26,22.10,21.23,22.00,15440
RHI,20100826,22.19,22.36,21.83,21.88,16304
RHI,20100827,22.09,22.38,21.67,22.35,10839
RHI,20100830,22.23,22.35,21.71,21.75,7775
RHI,20100831,21.60,21.96,21.29,21.58,14372
RHI,20100901,22.01,22.71,21.83,22.63,11422
RHI,20100902,22.73,23.08,22.52,22.99,8334
RHI,20100903,23.50,24.25,23.40,24.03,16731
RHI,20100907,23.81,23.89,23.29,23.33,10447
RHI,20100908,23.38,23.74,23.33,23.44,9761
RHI,20100909,23.86,23.99,23.69,23.86,10255
RHI,20100910,23.87,24.04,23.59,23.67,6255
RHI,20100913,23.98,24.33,23.86,24.19,7965
RHI,20100914,24.18,24.25,23.89,24.02,7861
RHI,20100915,23.93,24.08,23.70,24.04,7871
RHI,20100916,23.98,24.03,23.78,23.93,8129
RHI,20100917,24.13,24.79,23.98,24.54,18258
RHI,20100920,24.63,25.16,24.50,25.08,13106
RHI,20100921,24.96,25.20,24.87,24.99,11054
RHI,20100922,24.91,25.24,24.43,24.73,10028
RHI,20100923,24.53,25.04,24.22,24.46,10265
RHI,20100924,24.80,25.23,24.76,25.23,6863
RHI,20100927,25.23,25.23,24.79,24.89,6237
RHI,20100928,24.91,25.41,24.57,25.34,6657
RHI,20100929,25.19,25.47,25.08,25.39,6866
RHI,20100930,25.59,26.50,25.56,26.00,20579
RHI,20101001,26.25,26.33,25.89,26.07,13487
RHI,20101004,25.83,26.15,25.05,25.38,11808
RHI,20101005,25.66,26.40,25.59,26.36,11446
RHI,20101006,26.22,26.34,26.02,26.20,9722
RHI,20101007,26.37,26.41,25.97,26.08,7786
RHI,20101008,26.15,26.60,25.97,26.53,11573
RHI,20101011,26.51,26.75,26.48,26.59,8169
RHI,20101012,26.49,26.93,26.19,26.82,10194
RHI,20101013,26.99,27.35,26.81,27.22,10197
RHI,20101014,27.18,27.29,26.77,26.99,12346
RHI,20101015,27.13,27.20,26.42,26.77,13833
RHI,20101018,26.83,27.17,26.79,27.10,10417
RHI,20101019,26.64,26.85,26.15,26.54,16446
RHI,20101020,26.95,27.47,26.73,27.15,23028
RHI,20101021,27.43,27.90,26.80,27.10,22491
RHI,20101022,27.30,27.52,27.19,27.36,13625
RHI,20101025,27.65,27.88,27.38,27.44,8660
RHI,20101026,27.10,27.56,26.91,27.40,12100
RHI,20101027,27.16,27.42,26.83,27.21,9742
RHI,20101028,27.48,27.58,27.02,27.26,7220
RHI,20101029,27.09,27.44,27.02,27.11,7554
RHI,20101101,27.37,27.89,27.17,27.31,21160
RHI,20101102,27.62,27.74,27.43,27.60,15938
RHI,20101103,27.69,27.89,27.44,27.85,21061
RHI,20101104,28.27,28.35,27.89,28.34,21957
RHI,20101105,28.22,28.48,28.15,28.41,19830
RHI,20101108,28.23,28.38,27.90,28.11,6800
RHI,20101109,28.10,28.21,27.50,27.62,7060
RHI,20101110,27.62,27.83,27.41,27.79,7455
RHI,20101111,27.45,27.91,27.36,27.81,7750
RHI,20101112,27.49,27.74,27.26,27.62,8970
RHI,20101115,27.79,27.88,27.57,27.58,9061
RHI,20101116,27.29,27.43,26.65,27.00,12281
RHI,20101117,26.99,27.10,26.88,26.99,8999
RHI,20101118,27.47,27.78,27.28,27.54,11993
RHI,20101119,27.54,27.54,26.99,27.16,17068
RHI,20101122,26.93,27.48,26.92,27.35,7369
RHI,20101123,26.93,27.21,26.68,27.12,8800
RHI,20101124,27.53,28.15,27.37,28.13,8038
RHI,20101126,27.80,28.06,27.66,27.85,2605
RHI,20101129,27.50,28.03,27.25,27.99,9257
RHI,20101130,27.62,27.83,27.43,27.72,9467
RHI,20101201,28.27,28.83,28.09,28.82,11826
RHI,20101202,28.90,30.11,28.84,29.84,25907
RHI,20101203,29.68,29.82,29.24,29.76,11194
RHI,20101206,29.74,29.99,29.61,29.63,12965
RHI,20101207,29.96,30.05,29.68,29.73,15240
RHI,20101208,29.84,30.03,29.67,29.90,7037
RHI,20101209,30.11,30.39,30.05,30.17,8974
RHI,20101210,30.28,30.32,29.98,30.20,8810
RHI,20101213,30.31,30.42,30.15,30.16,7148
RHI,20101214,30.31,30.70,30.21,30.57,9519
RHI,20101215,30.55,30.84,30.20,30.30,10344
RHI,20101216,30.15,30.32,29.79,30.21,17359
RHI,20101217,30.37,30.52,30.07,30.42,14074
RHI,20101220,30.54,30.58,30.18,30.33,8982
RHI,20101221,30.52,30.83,30.40,30.82,20449
RHI,20101222,30.82,30.93,30.64,30.87,6167
RHI,20101223,30.83,31.00,30.76,30.90,5233
RHI,20101227,30.80,30.93,30.72,30.88,3403
RHI,20101228,30.94,31.02,30.75,30.98,7375
RHI,20101229,31.00,31.04,30.68,30.88,5927
RHI,20101230,30.89,30.98,30.85,30.90,6188
RHI,20101231,30.86,30.90,30.54,30.60,4669
RHI,20110103,30.90,31.16,30.75,30.96,8584
RHI,20110104,30.95,30.95,30.21,30.45,9750
RHI,20110105,30.38,31.63,30.31,31.59,16379
RHI,20110106,31.65,31.88,31.43,31.77,14362
RHI,20110107,31.78,32.00,31.62,31.73,14846
RHI,20110110,31.54,32.09,31.22,31.98,1088300
RHI,20110111,32.07,32.56,32.04,32.37,1365300
RHI,20110112,32.69,33.12,32.49,32.97,1387600
RHI,20110113,32.87,33.07,32.81,32.88,1035000
RHI,20110114,32.85,33.09,32.77,33.05,904400
RHI,20110118,33.01,33.86,33.01,33.85,1222200
RHI,20110119,34.07,34.13,32.90,33.02,2537100
RHI,20110120,32.95,33.26,32.51,32.82,1774000
RHI,20110121,33.16,33.27,32.42,32.86,1283000
RHI,20110124,32.80,33.37,32.50,33.33,1221600
RHI,20110125,33.16,33.85,33.16,33.83,1215400
RHI,20110126,33.90,34.26,33.41,33.69,1657800
RHI,20110127,32.52,32.52,31.04,31.56,4851200
RHI,20110128,31.64,31.64,30.59,30.77,2536300
RHI,20110131,30.84,31.38,30.67,31.36,1826200
RHI,20110201,31.57,31.91,31.42,31.79,1370200
RHI,20110202,31.59,31.98,31.33,31.82,1109200
RHI,20110203,31.96,32.85,31.96,32.76,2565900
RHI,20110204,32.82,33.63,32.21,33.61,1554900
RHI,20110207,33.60,34.16,33.47,33.49,1557200
RHI,20110208,33.56,33.59,33.28,33.57,1134800
RHI,20110209,33.45,33.58,33.18,33.42,1162000
RHI,20110210,33.12,33.48,33.05,33.24,1460100
RHI,20110211,33.20,33.36,33.13,33.25,1253100
RHI,20110214,33.21,33.21,32.72,32.83,1269000
RHI,20110215,32.68,32.75,32.15,32.50,982800
RHI,20110216,32.56,32.77,32.40,32.60,793200
RHI,20110217,32.49,32.65,32.33,32.51,836800
RHI,20110218,32.43,32.71,32.43,32.61,1437300
RHI,20110222,32.21,32.57,31.98,32.00,1437400
RHI,20110223,31.95,32.18,31.00,31.18,1354600
RHI,20110224,31.20,31.58,31.07,31.46,1736000
RHI,20110225,31.64,31.91,31.42,31.88,1221100
RHI,20110228,32.13,32.31,31.82,31.90,1156200
RHI,20110301,32.04,32.24,31.19,31.34,795600
RHI,20110302,31.27,31.67,31.22,31.56,654600
RHI,20110303,31.94,33.29,31.94,33.17,1517400
RHI,20110304,33.19,33.20,32.45,32.80,1440700
RHI,20110307,32.86,33.16,31.95,32.10,1134900
RHI,20110308,32.17,32.97,31.89,32.77,987100
RHI,20110309,31.98,32.10,31.29,31.31,2408100
RHI,20110310,30.83,30.89,30.00,30.19,2241800
RHI,20110311,30.10,30.87,30.10,30.70,1434600
RHI,20110314,30.35,30.66,29.96,30.20,1302500
RHI,20110315,29.19,30.37,29.09,30.11,1442700
RHI,20110316,29.97,30.12,29.59,29.86,1733100
RHI,20110317,30.33,30.38,29.50,29.61,1310500
RHI,20110318,30.11,30.14,29.61,29.73,1230000
RHI,20110321,30.03,30.61,29.97,30.31,803900
RHI,20110322,30.30,30.34,29.47,29.67,1578700
RHI,20110323,29.60,29.64,29.20,29.47,1610600
RHI,20110324,29.65,29.71,29.22,29.42,2022200
RHI,20110325,29.57,29.80,29.45,29.73,1955000
RHI,20110328,29.77,29.80,29.21,29.34,1117600
RHI,20110329,29.33,29.70,29.15,29.66,1141900
RHI,20110330,29.81,30.24,29.68,30.13,2067700
RHI,20110331,30.04,30.75,29.98,30.60,2213900
RHI,20110401,30.89,31.41,30.89,31.07,1554000
RHI,20110404,31.11,31.17,30.79,31.00,740300
RHI,20110405,30.90,31.51,30.84,31.36,914300
RHI,20110406,31.46,31.83,31.22,31.34,952700
RHI,20110407,31.34,31.64,30.99,31.04,1221900
RHI,20110408,31.29,31.37,30.28,30.37,727600
RHI,20110411,30.48,30.56,29.96,30.09,960500
RHI,20110412,29.89,30.20,29.81,29.94,1027800
RHI,20110413,30.15,30.28,29.70,30.01,981200
RHI,20110414,29.73,30.09,29.57,30.05,1028900
RHI,20110415,30.28,30.56,30.00,30.08,1646300
RHI,20110418,29.62,29.72,29.05,29.22,1642400
RHI,20110419,29.27,29.64,29.27,29.63,1423100
RHI,20110420,30.11,30.27,29.94,30.22,1712400
RHI,20110421,30.61,30.81,30.31,30.65,1905900
RHI,20110425,31.03,31.78,30.80,31.00,3711200
RHI,20110426,31.16,31.27,30.66,30.90,1552700
