SBAC,20090115,17.30,18.06,16.23,17.55,27487
SBAC,20090116,17.86,18.59,17.70,18.45,22937
SBAC,20090120,18.16,18.35,17.03,17.03,19980
SBAC,20090121,17.36,18.69,17.18,18.59,24313
SBAC,20090122,18.09,19.34,17.81,19.10,32387
SBAC,20090123,18.67,18.88,17.93,18.69,30058
SBAC,20090126,18.73,19.58,18.69,19.05,27898
SBAC,20090127,19.00,19.33,18.15,19.17,18363
SBAC,20090128,19.34,20.93,19.32,20.91,35559
SBAC,20090129,20.41,20.92,20.19,20.49,17991
SBAC,20090130,20.72,20.96,19.48,19.90,15474
SBAC,20090202,19.69,20.41,19.15,20.14,16451
SBAC,20090203,20.14,20.85,20.01,20.43,23965
SBAC,20090204,20.59,21.18,19.65,19.87,23428
SBAC,20090205,19.70,20.36,19.36,20.22,21541
SBAC,20090206,20.24,21.78,20.10,21.46,77028
SBAC,20090209,21.42,21.84,21.05,21.56,17754
SBAC,20090210,21.20,22.06,20.16,20.33,20331
SBAC,20090211,20.38,20.82,19.84,20.15,18165
SBAC,20090212,19.89,20.37,19.27,19.99,25859
SBAC,20090213,20.11,20.50,19.77,20.02,15937
SBAC,20090217,19.40,19.40,18.21,18.46,34254
SBAC,20090218,18.64,18.74,17.76,17.97,26359
SBAC,20090219,18.29,18.73,17.96,18.12,30358
SBAC,20090220,17.80,19.15,17.75,18.80,32639
SBAC,20090223,19.08,19.08,18.22,18.31,38436
SBAC,20090224,18.50,19.79,18.24,19.65,27053
SBAC,20090225,19.50,20.22,18.67,19.80,23648
SBAC,20090226,19.82,21.08,19.82,20.19,40762
SBAC,20090227,20.20,21.48,20.02,20.78,44994
SBAC,20090302,20.20,20.43,19.50,19.67,23369
SBAC,20090303,19.70,19.94,18.92,19.17,25519
SBAC,20090304,19.60,21.15,19.31,20.67,30396
SBAC,20090305,20.35,20.74,19.56,19.68,19807
SBAC,20090306,19.90,20.52,19.36,19.99,29348
SBAC,20090309,19.80,20.81,19.47,19.83,18053
SBAC,20090310,20.28,23.37,20.20,23.00,54490
SBAC,20090311,23.02,23.64,22.57,23.38,30037
SBAC,20090312,22.42,24.19,21.43,23.86,45603
SBAC,20090313,23.84,23.84,22.39,23.19,24117
SBAC,20090316,23.40,23.40,22.23,22.31,17531
SBAC,20090317,22.21,23.02,21.82,23.02,15764
SBAC,20090318,22.99,23.50,22.51,23.35,18600
SBAC,20090319,23.45,23.50,22.65,23.17,13841
SBAC,20090320,23.29,23.30,21.97,22.40,15166
SBAC,20090323,22.76,24.00,22.57,24.00,12043
SBAC,20090324,23.80,24.23,23.41,23.57,15070
SBAC,20090325,23.80,24.19,22.51,23.50,15013
SBAC,20090326,22.88,24.09,22.88,24.04,34725
SBAC,20090327,23.89,24.43,23.67,23.90,22245
SBAC,20090330,23.40,23.50,22.53,22.93,15132
SBAC,20090331,23.29,23.70,22.79,23.30,19285
SBAC,20090401,23.02,24.50,22.85,24.38,20367
SBAC,20090402,24.85,26.99,24.81,26.47,53184
SBAC,20090403,26.81,27.00,25.79,26.92,22390
SBAC,20090406,25.40,26.05,24.87,25.97,25694
SBAC,20090407,25.45,26.00,24.76,24.86,29652
SBAC,20090408,25.14,25.92,24.71,25.92,22717
SBAC,20090409,26.00,27.54,25.83,27.00,27354
SBAC,20090413,26.73,26.85,25.76,26.21,15021
SBAC,20090414,25.96,26.21,24.71,25.04,26402
SBAC,20090415,24.87,26.20,24.70,26.12,27426
SBAC,20090416,26.38,26.91,25.74,26.69,18627
SBAC,20090417,26.71,26.71,26.32,26.41,16973
SBAC,20090420,25.72,26.41,24.71,24.80,46539
SBAC,20090421,24.45,25.09,23.99,25.03,94613
SBAC,20090422,24.59,25.78,24.55,24.83,42676
SBAC,20090423,25.41,25.53,24.34,25.06,13795
SBAC,20090424,25.14,25.51,24.93,25.31,17567
SBAC,20090427,24.29,25.58,24.29,25.09,13740
SBAC,20090428,24.59,24.75,24.00,24.02,22907
SBAC,20090429,24.24,25.17,24.17,24.78,21499
SBAC,20090430,25.16,26.22,24.74,25.20,31604
SBAC,20090501,25.20,25.67,24.81,24.99,14002
SBAC,20090504,24.92,25.79,24.70,25.00,26772
SBAC,20090505,24.45,25.51,23.22,25.23,55106
SBAC,20090506,25.25,26.20,25.25,25.45,29639
SBAC,20090507,25.55,25.62,24.18,24.38,19987
SBAC,20090508,24.72,25.06,24.11,24.44,14367
SBAC,20090511,23.93,24.62,23.70,24.18,21612
SBAC,20090512,24.50,24.63,22.49,23.19,28738
SBAC,20090513,22.78,22.89,22.42,22.59,14517
SBAC,20090514,22.46,23.00,21.87,22.72,23238
SBAC,20090515,22.51,22.60,21.93,22.20,24657
SBAC,20090518,23.00,24.02,22.84,24.01,18765
SBAC,20090519,24.08,24.39,23.61,24.25,20059
SBAC,20090520,24.34,24.60,23.64,23.80,14143
SBAC,20090521,24.21,24.21,23.06,23.59,28443
SBAC,20090522,23.67,24.04,23.31,23.47,16533
SBAC,20090526,23.46,24.93,23.18,24.83,32108
SBAC,20090527,24.67,25.72,24.43,24.87,23540
SBAC,20090528,25.25,25.72,24.42,25.60,29888
SBAC,20090529,25.80,25.94,24.68,25.57,65418
SBAC,20090601,25.58,26.05,25.12,25.54,35256
SBAC,20090602,25.42,25.79,24.62,25.13,33747
SBAC,20090603,25.05,25.22,24.01,24.44,22567
SBAC,20090604,24.68,24.69,23.97,24.22,18342
SBAC,20090605,24.37,24.80,24.06,24.31,15239
SBAC,20090608,24.29,24.29,23.66,23.92,19678
SBAC,20090609,24.26,24.33,23.83,24.00,17957
SBAC,20090610,24.02,24.22,23.13,23.36,34440
SBAC,20090611,23.27,23.84,23.19,23.68,24988
SBAC,20090612,23.44,24.06,23.38,24.06,13011
SBAC,20090615,23.75,23.81,23.27,23.45,18358
SBAC,20090616,23.70,23.90,22.73,23.00,20974
SBAC,20090617,22.87,22.97,22.13,22.73,29248
SBAC,20090618,22.92,23.10,22.56,22.94,13246
SBAC,20090619,23.07,23.31,22.90,23.18,15550
SBAC,20090622,23.03,23.03,22.23,22.40,31740
SBAC,20090623,22.56,22.81,22.33,22.74,28238
SBAC,20090624,23.10,23.95,22.67,23.79,25192
SBAC,20090625,23.59,24.38,23.42,24.33,19979
SBAC,20090626,24.17,24.96,24.03,24.93,15432
SBAC,20090629,25.09,25.11,24.33,24.89,15169
SBAC,20090630,24.77,24.99,24.25,24.54,15397
SBAC,20090701,24.62,24.90,24.34,24.41,16874
SBAC,20090702,24.31,24.32,23.68,23.68,16423
SBAC,20090706,23.68,23.68,22.77,22.90,23337
SBAC,20090707,22.81,22.97,22.60,22.73,20721
SBAC,20090708,22.99,23.01,22.25,22.64,21678
SBAC,20090709,22.90,23.54,22.71,23.30,15620
SBAC,20090710,23.18,23.56,23.05,23.49,13137
SBAC,20090713,23.70,23.84,23.16,23.83,15053
SBAC,20090714,23.76,24.08,23.49,24.06,12049
SBAC,20090715,24.24,25.17,24.24,25.03,24377
SBAC,20090716,25.04,25.42,24.75,25.33,11696
SBAC,20090717,25.15,25.50,25.02,25.35,9033
SBAC,20090720,25.09,26.41,25.09,26.02,18969
SBAC,20090721,26.36,26.63,25.73,26.14,17600
SBAC,20090722,26.14,26.60,25.90,26.31,13978
SBAC,20090723,26.39,27.32,26.19,26.91,14167
SBAC,20090724,26.62,27.01,26.11,26.67,11779
SBAC,20090727,26.75,27.02,26.24,26.69,11087
SBAC,20090728,26.76,26.86,26.14,26.78,12050
SBAC,20090729,26.25,26.40,25.26,25.44,25202
SBAC,20090730,25.69,26.38,25.48,26.06,26968
SBAC,20090731,26.06,26.63,25.94,26.09,16445
SBAC,20090803,26.34,26.53,25.89,26.53,11988
SBAC,20090804,26.33,27.01,26.23,26.45,17585
SBAC,20090805,26.32,26.50,25.63,25.98,10293
SBAC,20090806,26.01,26.22,25.24,25.38,10856
SBAC,20090807,25.62,26.06,25.21,25.25,14615
SBAC,20090810,25.27,25.56,24.94,25.00,11399
SBAC,20090811,25.36,25.36,24.68,25.06,20651
SBAC,20090812,24.83,25.47,24.82,25.19,13529
SBAC,20090813,25.38,25.40,24.88,25.09,11156
SBAC,20090814,24.87,25.09,24.56,24.83,9836
SBAC,20090817,24.49,24.49,23.95,23.98,15175
SBAC,20090818,24.27,24.47,23.97,24.29,16409
SBAC,20090819,23.95,24.84,23.85,24.73,11828
SBAC,20090820,24.53,25.16,24.53,25.16,16413
SBAC,20090821,25.33,25.49,24.52,24.64,21469
SBAC,20090824,24.62,25.04,24.50,24.55,12812
SBAC,20090825,24.82,24.94,24.46,24.56,11334
SBAC,20090826,24.45,24.70,24.12,24.67,12038
SBAC,20090827,24.72,24.85,24.24,24.64,9510
SBAC,20090828,24.82,25.14,24.80,25.06,12185
SBAC,20090831,24.81,24.83,24.02,24.11,15913
SBAC,20090901,24.11,24.56,23.45,23.47,12214
SBAC,20090902,23.42,23.68,23.23,23.43,11423
SBAC,20090903,23.50,24.14,23.50,24.14,18385
SBAC,20090904,24.07,24.64,23.89,24.54,10008
SBAC,20090908,24.78,25.23,24.78,25.01,10746
SBAC,20090909,24.95,25.20,24.74,25.03,6127
SBAC,20090910,25.06,25.59,25.01,25.59,9725
SBAC,20090911,26.11,26.98,26.00,26.44,26937
SBAC,20090914,26.24,26.28,25.21,25.75,39555
SBAC,20090915,25.90,26.68,25.70,26.40,20615
SBAC,20090916,26.76,27.38,26.50,27.23,22739
SBAC,20090917,27.18,27.77,27.18,27.33,20851
SBAC,20090918,27.58,27.75,27.05,27.71,14822
SBAC,20090921,27.35,28.05,27.04,27.97,17395
SBAC,20090922,28.04,28.14,27.71,27.93,18013
SBAC,20090923,27.89,27.99,27.14,27.20,16756
SBAC,20090924,27.50,27.50,26.65,26.75,11966
SBAC,20090925,26.64,27.32,26.42,27.10,16764
SBAC,20090928,27.19,27.54,26.99,27.50,8315
SBAC,20090929,27.55,27.65,27.24,27.47,10395
SBAC,20090930,27.30,27.72,26.96,27.03,23625
SBAC,20091001,27.34,27.34,26.26,26.33,21550
SBAC,20091002,26.19,26.67,25.83,25.94,20947
SBAC,20091005,26.33,27.03,26.11,26.93,21707
SBAC,20091006,27.21,27.94,27.08,27.69,17896
SBAC,20091007,27.72,27.90,27.41,27.65,12330
SBAC,20091008,27.82,27.97,27.53,27.70,17210
SBAC,20091009,27.71,28.27,27.62,28.18,14329
SBAC,20091012,28.28,28.62,28.22,28.50,10882
SBAC,20091013,28.38,28.59,28.12,28.42,6848
SBAC,20091014,28.52,29.44,28.51,29.44,20754
SBAC,20091015,29.36,31.40,29.12,31.35,63246
SBAC,20091016,30.96,31.26,30.75,31.14,16263
SBAC,20091019,31.32,31.50,31.14,31.47,16199
SBAC,20091020,31.46,31.59,30.60,31.08,31642
SBAC,20091021,31.11,31.47,30.40,30.47,20440
SBAC,20091022,30.72,31.03,30.42,30.94,21004
SBAC,20091023,30.98,31.04,30.33,30.58,16324
SBAC,20091026,30.49,31.46,30.32,30.36,15430
SBAC,20091027,30.37,30.47,29.34,29.36,23535
SBAC,20091028,29.43,29.43,28.65,28.86,19654
SBAC,20091029,29.11,29.67,29.06,29.38,18469
SBAC,20091030,29.12,29.41,27.87,28.21,27200
SBAC,20091102,28.23,28.59,27.42,27.96,22365
SBAC,20091103,27.64,29.00,27.22,28.97,19630
SBAC,20091104,29.14,30.31,28.48,28.60,22127
SBAC,20091105,28.96,29.69,28.93,29.50,11548
SBAC,20091106,29.37,29.97,29.30,29.93,11567
SBAC,20091109,30.23,31.19,30.07,31.13,19552
SBAC,20091110,30.88,31.37,30.75,31.18,17177
SBAC,20091111,31.39,32.15,31.39,32.13,23562
SBAC,20091112,32.03,32.06,30.85,30.96,14416
SBAC,20091113,31.17,31.40,30.62,31.36,10464
SBAC,20091116,31.49,32.09,31.26,31.99,13004
SBAC,20091117,31.94,32.59,31.73,32.59,10640
SBAC,20091118,32.38,32.39,31.70,32.03,16976
SBAC,20091119,31.92,32.29,31.21,31.70,13136
SBAC,20091120,31.36,31.76,31.15,31.73,11252
SBAC,20091123,32.18,32.77,31.38,31.65,11324
SBAC,20091124,31.58,31.67,31.16,31.23,22432
SBAC,20091125,31.43,31.43,31.11,31.39,20827
SBAC,20091127,30.60,31.75,30.21,31.63,5935
SBAC,20091130,31.67,32.05,31.28,32.04,12238
SBAC,20091201,32.31,32.70,32.26,32.62,17663
SBAC,20091202,32.46,33.43,32.46,32.96,16491
SBAC,20091203,33.22,33.50,32.51,32.54,13799
SBAC,20091204,32.95,33.32,32.48,32.87,9539
SBAC,20091207,32.68,32.87,32.21,32.55,8804
SBAC,20091208,32.47,32.59,31.94,31.95,10954
SBAC,20091209,32.15,32.15,31.53,31.88,12733
SBAC,20091210,32.02,33.04,32.02,32.79,9428
SBAC,20091211,32.92,33.07,32.54,32.90,5343
SBAC,20091214,33.00,33.19,32.70,33.10,6921
SBAC,20091215,33.03,33.28,33.00,33.05,7806
SBAC,20091216,33.29,33.56,33.08,33.51,8899
SBAC,20091217,33.52,33.90,33.33,33.68,7203
SBAC,20091218,33.71,34.09,33.68,34.07,9200
SBAC,20091221,34.12,34.90,34.12,34.63,14759
SBAC,20091222,34.64,35.63,34.46,35.50,15087
SBAC,20091223,35.68,35.88,34.67,34.69,13373
SBAC,20091224,34.69,35.26,34.57,35.12,3533
SBAC,20091228,35.13,35.46,34.88,34.96,6631
SBAC,20091229,35.10,35.12,34.50,34.55,10927
SBAC,20091230,34.72,34.72,33.96,34.32,9682
SBAC,20091231,34.45,34.51,34.16,34.16,7749
SBAC,20100104,34.35,35.81,34.19,35.17,18853
SBAC,20100105,35.44,36.03,35.18,36.01,18511
SBAC,20100106,35.95,36.02,35.29,35.94,20360
SBAC,20100107,35.70,36.68,35.53,36.45,30208
SBAC,20100108,36.51,36.67,36.10,36.49,10328
SBAC,20100111,36.71,37.00,36.49,36.74,11929
SBAC,20100112,36.29,36.47,35.14,35.33,11155
SBAC,20100113,35.59,36.36,35.43,36.28,11490
SBAC,20100114,36.09,36.91,36.09,36.41,13562
SBAC,20100115,36.55,37.12,36.40,36.65,15118
SBAC,20100119,36.79,37.00,36.53,36.72,9494
SBAC,20100120,36.58,36.66,36.12,36.31,11615
SBAC,20100121,36.52,36.90,35.94,36.13,20473
SBAC,20100122,36.18,36.74,34.41,34.50,16930
SBAC,20100125,35.12,35.56,34.22,34.69,22708
SBAC,20100126,34.76,34.78,33.62,34.25,18522
SBAC,20100127,34.26,34.71,33.57,34.57,16739
SBAC,20100128,34.49,34.56,33.36,33.69,14700
SBAC,20100129,33.98,34.23,32.75,33.09,18831
SBAC,20100201,33.21,34.16,32.80,34.06,14518
SBAC,20100202,34.28,34.28,33.33,34.06,10428
SBAC,20100203,33.96,34.19,33.04,33.16,14487
SBAC,20100204,33.05,33.06,31.75,31.82,20813
SBAC,20100205,31.76,31.86,30.64,31.79,23074
SBAC,20100208,31.85,32.59,31.22,32.18,12728
SBAC,20100209,32.43,33.16,32.17,32.97,19247
SBAC,20100210,32.79,33.25,32.34,33.24,14275
SBAC,20100211,33.00,33.94,32.80,33.81,17214
SBAC,20100212,33.52,34.03,33.15,33.95,17937
SBAC,20100216,33.94,34.38,33.79,34.33,11472
SBAC,20100217,34.29,34.54,34.15,34.33,11387
SBAC,20100218,34.41,34.48,34.13,34.45,19813
SBAC,20100219,34.38,34.98,34.31,34.78,11702
SBAC,20100222,34.75,34.75,34.13,34.22,18406
SBAC,20100223,34.31,34.41,33.89,34.38,17966
SBAC,20100224,34.33,34.89,34.22,34.89,17492
SBAC,20100225,34.41,35.60,34.32,35.44,24271
SBAC,20100226,35.59,35.59,33.57,35.36,22503
SBAC,20100301,35.69,36.04,35.40,35.54,12557
SBAC,20100302,35.49,35.93,35.27,35.42,17012
SBAC,20100303,35.50,35.95,35.42,35.65,8467
SBAC,20100304,35.77,35.98,35.49,35.71,24828
SBAC,20100305,35.75,35.98,35.56,35.72,22233
SBAC,20100308,35.29,35.95,35.23,35.35,16179
SBAC,20100309,35.20,36.45,35.20,36.26,15375
SBAC,20100310,36.40,36.92,36.25,36.67,10591
SBAC,20100311,36.60,36.71,36.36,36.49,8670
SBAC,20100312,36.51,36.74,36.23,36.26,11663
SBAC,20100315,36.22,36.36,35.28,35.61,21884
SBAC,20100316,35.62,36.50,35.53,36.38,14138
SBAC,20100317,36.30,36.50,36.19,36.34,7427
SBAC,20100318,36.20,36.46,35.72,35.90,12207
SBAC,20100319,36.00,36.04,35.23,35.27,10215
SBAC,20100322,35.06,36.03,34.86,35.79,9802
SBAC,20100323,35.69,36.50,35.61,36.30,15582
SBAC,20100324,36.07,36.22,35.51,35.69,10440
SBAC,20100325,35.90,36.12,34.57,34.81,26738
SBAC,20100326,35.04,35.23,34.57,34.83,19068
SBAC,20100329,35.19,36.35,35.19,35.63,18311
SBAC,20100330,35.79,36.52,35.75,36.25,13601
SBAC,20100331,36.29,36.56,36.02,36.07,9762
SBAC,20100401,36.26,36.95,36.26,36.62,13085
SBAC,20100405,36.67,37.03,36.64,36.97,12173
SBAC,20100406,36.62,36.97,36.37,36.62,8931
SBAC,20100407,36.71,36.77,35.59,35.83,12877
SBAC,20100408,35.56,36.05,35.56,35.93,13294
SBAC,20100409,36.09,36.59,35.97,36.24,12622
SBAC,20100412,36.45,36.67,35.69,36.17,25507
SBAC,20100413,36.01,36.01,35.12,35.55,20117
SBAC,20100414,35.62,35.69,34.91,35.39,17119
SBAC,20100415,35.14,35.20,34.77,35.10,17684
SBAC,20100416,34.86,35.14,34.45,34.82,10458
SBAC,20100419,34.57,34.70,33.53,34.25,22948
SBAC,20100420,34.48,35.30,34.26,35.18,19538
SBAC,20100421,35.25,35.46,35.06,35.35,18095
SBAC,20100422,35.20,35.94,34.75,35.79,15212
SBAC,20100423,35.66,36.10,35.51,35.76,19100
SBAC,20100426,35.81,35.99,35.30,35.80,13630
SBAC,20100427,35.76,35.91,35.01,35.21,16551
SBAC,20100428,35.38,35.58,34.54,34.75,13711
SBAC,20100429,35.26,35.63,35.12,35.50,11788
SBAC,20100430,35.62,36.10,35.31,35.34,9353
SBAC,20100503,35.41,35.99,35.32,35.80,11042
SBAC,20100504,35.45,35.50,34.15,34.73,22520
SBAC,20100505,34.22,34.41,33.21,33.68,23218
SBAC,20100506,33.66,33.75,31.01,32.81,37095
SBAC,20100507,32.36,32.88,31.65,32.61,36896
SBAC,20100510,34.60,34.62,33.43,33.78,33213
SBAC,20100511,33.66,33.85,33.24,33.42,21684
SBAC,20100512,33.48,34.18,33.45,34.11,14897
SBAC,20100513,34.06,34.65,33.86,34.29,11073
SBAC,20100514,34.17,34.20,33.32,33.98,15838
SBAC,20100517,33.85,34.45,33.21,33.97,20185
SBAC,20100518,34.07,34.32,33.50,33.58,11224
SBAC,20100519,33.34,33.54,32.45,32.84,18459
SBAC,20100520,32.33,32.50,31.29,31.54,25882
SBAC,20100521,31.21,32.24,31.00,32.03,17452
SBAC,20100524,31.83,32.19,31.64,31.66,10007
SBAC,20100525,31.02,32.07,30.47,31.90,24339
SBAC,20100526,32.27,32.82,32.11,32.33,43731
SBAC,20100527,32.88,33.75,32.60,33.74,13960
SBAC,20100528,33.68,33.91,32.69,33.03,12832
SBAC,20100601,32.89,33.42,32.08,32.10,11987
SBAC,20100602,32.50,33.18,32.13,33.18,23219
SBAC,20100603,33.00,34.32,32.99,34.30,25042
SBAC,20100604,33.71,34.12,32.63,32.79,23743
SBAC,20100607,32.79,33.19,32.33,32.44,12566
SBAC,20100608,32.33,32.73,31.62,32.26,14747
SBAC,20100609,32.42,32.99,32.11,32.20,10389
SBAC,20100610,32.56,33.97,32.56,33.97,15223
SBAC,20100611,33.66,34.99,33.55,34.96,16398
SBAC,20100614,35.01,35.59,34.56,34.60,11164
SBAC,20100615,34.76,35.63,34.47,35.59,13547
SBAC,20100616,35.39,35.62,35.19,35.37,9861
SBAC,20100617,35.45,35.61,34.66,35.07,11227
SBAC,20100618,34.99,35.37,34.75,35.33,22288
SBAC,20100621,35.75,35.94,35.00,35.14,13064
SBAC,20100622,35.05,35.58,34.52,34.63,14332
SBAC,20100623,34.61,35.15,33.91,35.07,13996
SBAC,20100624,34.83,34.95,34.31,34.42,14578
SBAC,20100625,34.41,35.10,34.25,34.76,9690
SBAC,20100628,34.90,35.32,34.82,35.19,12514
SBAC,20100629,34.67,34.70,33.85,34.06,13272
SBAC,20100630,33.94,34.48,33.88,34.01,10676
SBAC,20100701,33.92,34.21,33.12,33.45,18347
SBAC,20100702,33.53,33.71,33.06,33.23,5983
SBAC,20100706,33.83,34.40,33.23,33.50,19166
SBAC,20100707,33.56,35.13,33.44,35.12,18009
SBAC,20100708,35.35,35.78,35.11,35.67,15236
SBAC,20100709,35.72,35.93,35.12,35.35,9825
SBAC,20100712,35.20,35.47,34.37,34.43,10157
SBAC,20100713,34.73,35.13,34.72,34.86,9018
SBAC,20100714,34.76,35.09,34.45,35.07,13127
SBAC,20100715,35.15,35.22,34.62,34.91,12756
SBAC,20100716,34.68,34.72,33.93,34.01,13232
SBAC,20100719,34.24,34.37,33.81,34.30,6956
SBAC,20100720,34.42,35.97,34.42,35.90,38138
SBAC,20100721,36.08,36.25,35.17,35.48,11935
SBAC,20100722,35.75,36.00,35.20,35.81,13535
SBAC,20100723,35.53,36.45,35.18,36.42,10521
SBAC,20100726,36.44,36.45,35.77,36.04,8574
SBAC,20100727,36.25,36.40,35.27,35.50,13621
SBAC,20100728,35.38,35.87,35.21,35.53,7426
SBAC,20100729,35.77,35.88,34.58,35.34,11367
SBAC,20100730,34.91,36.28,34.73,36.18,11715
SBAC,20100802,36.49,37.23,36.21,37.15,17741
SBAC,20100803,36.43,37.11,35.91,36.03,20043
SBAC,20100804,36.38,36.83,36.27,36.68,13995
SBAC,20100805,36.51,36.68,36.09,36.60,13286
SBAC,20100806,36.35,36.91,35.60,35.99,10280
SBAC,20100809,36.29,36.45,35.89,36.30,6042
SBAC,20100810,35.76,36.58,35.70,36.40,8244
SBAC,20100811,35.93,35.94,35.25,35.51,12930
SBAC,20100812,35.01,36.03,34.94,35.82,9982
SBAC,20100813,35.81,36.34,35.70,36.00,7760
SBAC,20100816,35.73,36.30,35.73,36.19,6448
SBAC,20100817,36.48,37.22,36.40,36.95,13990
SBAC,20100818,37.09,37.32,36.68,36.99,12084
SBAC,20100819,36.74,36.89,36.32,36.55,5971
SBAC,20100820,36.47,36.73,36.06,36.73,6912
SBAC,20100823,36.75,37.17,35.92,36.78,7363
SBAC,20100824,36.28,36.65,36.14,36.26,13789
SBAC,20100825,36.06,36.88,35.91,36.74,14091
SBAC,20100826,36.95,37.08,36.39,36.54,10836
SBAC,20100827,36.80,36.99,36.15,36.60,12404
SBAC,20100830,36.40,36.75,35.69,35.69,8981
SBAC,20100831,35.52,36.29,35.45,35.80,11207
SBAC,20100901,36.36,36.46,35.91,36.00,14968
SBAC,20100902,36.12,36.31,35.95,36.21,11966
SBAC,20100903,36.45,36.93,36.20,36.89,11266
SBAC,20100907,36.80,37.35,36.58,37.28,8744
SBAC,20100908,37.20,38.25,37.07,37.75,16783
SBAC,20100909,38.08,38.23,37.25,37.57,10221
SBAC,20100910,37.69,38.25,37.64,38.14,15196
SBAC,20100913,38.46,38.88,38.28,38.58,10986
SBAC,20100914,38.65,38.89,38.13,38.20,9366
SBAC,20100915,38.10,38.52,37.93,38.44,6470
SBAC,20100916,38.30,38.56,37.65,37.86,6841
SBAC,20100917,37.87,38.21,37.64,38.15,5400
SBAC,20100920,38.33,39.10,38.23,38.98,9419
SBAC,20100921,39.07,39.40,38.65,39.34,13222
SBAC,20100922,39.08,39.60,38.49,38.88,15270
SBAC,20100923,38.57,39.24,38.48,38.93,7627
SBAC,20100924,39.29,39.94,38.96,39.85,9345
SBAC,20100927,39.47,40.00,39.38,39.40,8876
SBAC,20100928,39.41,40.02,39.05,39.94,9289
SBAC,20100929,39.75,40.42,39.58,40.30,12890
SBAC,20100930,40.43,40.60,39.85,40.30,13338
SBAC,20101001,40.46,40.60,40.09,40.28,21817
SBAC,20101004,40.37,40.75,39.91,40.22,9372
SBAC,20101005,40.42,41.27,40.40,40.77,13560
SBAC,20101006,40.81,40.90,39.97,40.53,11359
SBAC,20101007,40.80,40.91,40.00,40.81,11818
SBAC,20101008,40.49,40.97,40.08,40.96,16987
SBAC,20101011,40.81,41.14,40.65,40.88,14651
SBAC,20101012,40.84,40.92,40.38,40.72,8916
SBAC,20101013,40.96,41.07,40.84,40.93,11767
SBAC,20101014,40.74,41.29,40.37,40.54,12595
SBAC,20101015,40.70,40.81,39.58,39.89,11864
SBAC,20101018,39.82,39.99,39.20,39.49,5822
SBAC,20101019,39.50,39.53,38.89,39.12,7372
SBAC,20101020,39.20,39.53,39.04,39.50,14326
SBAC,20101021,39.90,39.90,38.37,38.96,15679
SBAC,20101022,39.15,39.25,38.85,39.00,10908
SBAC,20101025,39.15,39.42,38.97,39.25,7743
SBAC,20101026,39.13,39.86,38.92,39.48,9409
SBAC,20101027,39.73,39.73,38.76,39.20,19512
SBAC,20101028,39.38,40.09,39.05,40.04,30767
SBAC,20101029,40.40,40.40,38.77,39.26,16760
SBAC,20101101,39.52,39.93,39.29,39.40,9950
SBAC,20101102,39.63,39.83,39.27,39.44,18451
SBAC,20101103,39.43,39.44,38.76,39.25,8528
SBAC,20101104,39.44,39.54,38.63,39.14,14382
SBAC,20101105,38.71,38.78,37.53,38.43,19223
SBAC,20101108,38.26,38.43,37.83,38.02,16858
SBAC,20101109,38.27,38.49,37.75,37.79,12857
SBAC,20101110,37.89,38.45,37.52,38.18,13623
SBAC,20101111,37.96,38.23,37.68,38.13,9481
SBAC,20101112,37.85,37.95,37.22,37.51,9569
SBAC,20101115,37.68,37.69,36.91,37.01,14537
SBAC,20101116,36.89,36.91,36.38,36.86,16206
SBAC,20101117,36.96,37.57,36.76,37.23,12465
SBAC,20101118,37.63,38.08,37.45,37.93,12161
SBAC,20101119,37.85,38.48,37.62,38.41,11468
SBAC,20101122,38.23,38.30,37.90,38.08,14240
SBAC,20101123,37.90,38.23,37.70,38.01,16005
SBAC,20101124,38.23,38.89,38.06,38.80,9959
SBAC,20101126,38.34,39.06,38.34,38.94,3395
SBAC,20101129,38.52,38.89,38.34,38.79,33431
SBAC,20101130,38.69,39.30,38.52,39.15,19499
SBAC,20101201,39.35,40.43,39.35,39.97,28097
SBAC,20101202,40.43,40.79,39.65,40.18,10550
SBAC,20101203,39.83,40.36,39.48,39.86,7174
SBAC,20101206,39.90,40.25,39.74,40.05,6339
SBAC,20101207,40.13,40.54,39.84,39.93,7792
SBAC,20101208,40.01,40.07,39.27,39.61,6576
SBAC,20101209,39.78,39.90,39.40,39.76,9448
SBAC,20101210,39.73,40.00,39.62,39.80,6059
SBAC,20101213,40.04,40.21,39.67,39.80,5647
SBAC,20101214,39.80,40.07,39.68,39.80,10647
SBAC,20101215,39.67,39.89,39.30,39.32,6780
SBAC,20101216,39.44,39.59,38.97,39.25,4947
SBAC,20101217,39.27,39.35,38.95,39.16,6533
SBAC,20101220,39.39,39.99,39.24,39.68,10470
SBAC,20101221,39.88,40.65,39.65,40.48,14646
SBAC,20101222,40.47,40.70,40.17,40.27,3521
SBAC,20101223,40.18,40.48,39.92,40.11,5195
SBAC,20101227,40.05,40.51,39.85,40.41,4017
SBAC,20101228,40.52,40.69,40.28,40.52,4238
SBAC,20101229,40.52,40.69,40.38,40.66,2559
SBAC,20101230,40.64,40.95,40.58,40.76,3574
SBAC,20101231,40.86,41.00,40.74,40.94,3659
SBAC,20110103,41.00,41.04,40.69,40.90,16739
SBAC,20110104,40.86,41.15,40.77,41.02,20682
SBAC,20110105,41.10,41.29,40.67,40.75,9167
SBAC,20110106,40.71,40.73,39.51,39.69,23443
SBAC,20110107,40.00,40.00,39.46,39.66,7466
SBAC,20110110,39.50,39.67,39.28,39.56,1263300
SBAC,20110111,39.78,39.89,39.35,39.63,1136000
SBAC,20110112,39.91,40.35,39.50,40.19,1370800
SBAC,20110113,40.38,40.85,39.79,39.91,1535000
SBAC,20110114,39.74,40.10,39.11,39.25,1278800
SBAC,20110118,39.28,40.27,39.17,39.89,1017700
SBAC,20110119,39.71,39.94,39.16,39.28,1318100
SBAC,20110120,39.06,40.13,38.98,39.78,1689400
SBAC,20110121,40.00,40.20,39.46,39.72,683600
SBAC,20110124,39.81,40.50,39.67,40.27,1221400
SBAC,20110125,40.15,40.72,39.92,40.64,1062200
SBAC,20110126,40.73,41.03,40.67,40.89,1454400
SBAC,20110127,41.01,41.30,40.79,41.01,1601500
SBAC,20110128,41.08,41.23,40.71,40.95,911500
SBAC,20110131,40.94,41.28,40.59,40.80,860000
SBAC,20110201,41.11,41.92,40.89,41.77,1497400
SBAC,20110202,41.74,42.45,41.69,42.15,838900
SBAC,20110203,42.08,42.99,41.95,42.89,2293900
SBAC,20110204,42.99,43.28,42.80,42.95,1085500
SBAC,20110207,43.10,43.57,42.60,42.70,1292500
SBAC,20110208,42.82,43.42,42.66,43.39,902900
SBAC,20110209,43.26,43.58,43.01,43.44,441400
SBAC,20110210,43.33,44.09,43.33,43.74,819800
SBAC,20110211,43.67,44.44,43.65,44.26,570700
SBAC,20110214,44.19,44.27,43.94,44.04,501000
SBAC,20110215,43.89,44.07,43.66,44.01,498300
SBAC,20110216,44.15,44.39,43.69,44.21,1704700
SBAC,20110217,44.20,44.25,43.44,43.66,1422200
SBAC,20110218,43.54,43.66,43.08,43.46,919700
SBAC,20110222,43.01,43.53,42.50,42.73,1236600
SBAC,20110223,42.60,43.00,41.77,42.18,1353800
SBAC,20110224,42.09,42.91,41.79,42.44,4147300
SBAC,20110225,42.35,42.99,42.15,42.37,1423400
SBAC,20110228,42.61,42.76,42.00,42.09,1437200
SBAC,20110301,42.27,42.27,41.69,41.73,1055600
SBAC,20110302,42.02,42.26,41.75,41.79,1568900
SBAC,20110303,42.02,42.44,41.88,42.00,1325100
SBAC,20110304,42.05,42.26,41.72,42.15,1149900
SBAC,20110307,42.17,42.46,41.54,41.92,1140000
SBAC,20110308,41.77,41.92,40.35,41.62,2638900
SBAC,20110309,41.42,41.70,41.12,41.51,1278000
SBAC,20110310,41.22,41.29,40.49,40.68,1094800
SBAC,20110311,40.48,41.07,40.20,40.96,852200
SBAC,20110314,40.67,41.12,40.35,40.67,629800
SBAC,20110315,39.93,40.52,39.64,40.33,2118300
SBAC,20110316,40.30,41.95,40.27,40.90,1998400
SBAC,20110317,41.43,41.57,40.61,40.82,668500
SBAC,20110318,41.08,41.30,40.43,40.60,1170100
SBAC,20110321,38.25,38.40,36.36,37.03,9386100
SBAC,20110322,37.15,37.90,36.44,36.94,5081500
SBAC,20110323,36.98,37.95,36.73,37.74,2603000
SBAC,20110324,38.09,38.50,37.40,38.03,4388700
SBAC,20110325,38.05,38.74,38.05,38.40,1285200
SBAC,20110328,38.93,39.23,38.39,38.77,2033800
SBAC,20110329,38.77,39.31,38.75,39.26,2208900
SBAC,20110330,39.47,39.69,39.09,39.68,1651900
SBAC,20110331,39.64,39.80,39.42,39.68,1945500
SBAC,20110401,39.76,39.99,39.52,39.98,1662500
SBAC,20110404,39.92,40.06,39.51,39.74,1013700
SBAC,20110405,39.76,39.76,38.99,39.12,1610700
SBAC,20110406,39.32,39.48,39.00,39.02,848500
SBAC,20110407,39.12,39.29,38.89,39.02,945100
SBAC,20110408,39.08,39.23,38.83,38.99,782700
SBAC,20110411,39.19,39.29,38.73,38.76,1916900
SBAC,20110412,38.72,38.72,38.09,38.55,641300
SBAC,20110413,38.94,39.21,38.69,38.98,1034000
SBAC,20110414,38.94,39.14,38.50,38.79,990200
SBAC,20110415,38.79,39.23,38.60,39.15,827400
SBAC,20110418,38.77,39.06,38.49,38.63,1033000
SBAC,20110419,38.79,39.03,38.51,38.98,1241300
SBAC,20110420,39.38,39.55,39.08,39.14,1716400
SBAC,20110421,39.39,40.35,39.26,40.27,1218900
SBAC,20110425,40.22,40.34,39.97,40.18,373600
SBAC,20110426,40.17,40.33,39.81,40.00,633000
