SCI,20090115,4.52,4.58,4.37,4.55,16872
SCI,20090116,4.64,4.67,4.47,4.53,10657
SCI,20090120,4.54,4.54,4.18,4.20,8694
SCI,20090121,4.20,4.40,4.17,4.36,8941
SCI,20090122,4.27,4.36,4.21,4.24,9851
SCI,20090123,4.21,4.38,4.09,4.29,10405
SCI,20090126,4.30,4.42,4.30,4.36,7867
SCI,20090127,4.37,4.57,4.37,4.48,7717
SCI,20090128,4.56,4.74,4.35,4.66,32936
SCI,20090129,4.70,4.70,4.54,4.62,12295
SCI,20090130,4.47,4.61,4.47,4.55,22158
SCI,20090202,4.51,4.62,4.37,4.48,12736
SCI,20090203,4.50,4.55,4.42,4.51,8160
SCI,20090204,4.53,4.63,4.48,4.59,14136
SCI,20090205,4.55,4.64,4.50,4.55,12514
SCI,20090206,4.55,4.94,4.55,4.90,11989
SCI,20090209,4.70,4.70,4.19,4.25,22619
SCI,20090210,4.21,4.26,4.11,4.15,21183
SCI,20090211,4.19,4.25,4.05,4.11,7819
SCI,20090212,4.17,4.30,4.09,4.22,9573
SCI,20090213,4.25,4.30,4.10,4.19,15526
SCI,20090217,4.08,4.24,4.04,4.17,9899
SCI,20090218,4.18,4.27,4.04,4.07,14818
SCI,20090219,4.08,4.13,3.65,3.69,14847
SCI,20090220,3.66,3.66,3.15,3.56,30131
SCI,20090223,3.57,3.66,3.45,3.46,18458
SCI,20090224,3.50,3.68,3.38,3.66,10786
SCI,20090225,3.61,3.67,3.42,3.44,8378
SCI,20090226,3.51,3.89,3.43,3.46,13521
SCI,20090227,3.36,3.54,3.20,3.38,17030
SCI,20090302,3.31,3.31,2.88,2.96,17875
SCI,20090303,2.99,3.16,2.90,2.97,18617
SCI,20090304,2.98,3.15,2.94,3.08,10094
SCI,20090305,2.99,2.99,2.81,2.86,16328
SCI,20090306,2.89,3.03,2.78,2.91,15808
SCI,20090309,2.94,2.99,2.75,2.78,8966
SCI,20090310,2.83,2.98,2.77,2.93,17175
SCI,20090311,2.95,3.04,2.72,2.74,18896
SCI,20090312,2.74,2.85,2.66,2.80,25800
SCI,20090313,2.91,3.18,2.74,3.06,16258
SCI,20090316,3.10,3.28,3.07,3.16,19203
SCI,20090317,3.22,3.24,3.09,3.22,12954
SCI,20090318,3.22,3.25,3.07,3.24,11545
SCI,20090319,3.28,3.34,3.11,3.17,9920
SCI,20090320,3.20,3.21,3.05,3.09,13304
SCI,20090323,3.17,3.29,3.12,3.28,11533
SCI,20090324,3.22,3.29,3.17,3.20,10120
SCI,20090325,3.24,3.37,3.18,3.29,6937
SCI,20090326,3.33,3.73,3.30,3.60,13698
SCI,20090327,3.54,3.63,3.49,3.49,10490
SCI,20090330,3.48,3.48,3.29,3.40,6595
SCI,20090331,3.44,3.62,3.36,3.49,14022
SCI,20090401,3.41,3.48,3.27,3.48,11900
SCI,20090402,3.54,3.82,3.53,3.77,13943
SCI,20090403,3.79,3.79,3.61,3.76,8302
SCI,20090406,3.69,3.77,3.49,3.57,9669
SCI,20090407,3.53,3.60,3.47,3.51,7135
SCI,20090408,3.52,3.57,3.34,3.46,10054
SCI,20090409,3.52,3.85,3.49,3.83,16501
SCI,20090413,3.79,4.05,3.72,4.05,13760
SCI,20090414,4.01,4.01,3.83,3.92,10566
SCI,20090415,3.86,3.99,3.84,3.93,7344
SCI,20090416,3.97,4.13,3.92,4.11,12592
SCI,20090417,4.13,4.36,4.06,4.30,15171
SCI,20090420,4.31,4.35,4.03,4.13,18053
SCI,20090421,4.03,4.27,4.03,4.23,15867
SCI,20090422,4.19,4.35,4.12,4.22,20587
SCI,20090423,4.24,4.30,4.11,4.18,19324
SCI,20090424,4.20,4.37,4.16,4.35,16023
SCI,20090427,4.32,4.55,4.20,4.32,17728
SCI,20090428,4.25,4.73,4.25,4.60,25027
SCI,20090429,4.65,4.70,4.43,4.52,22300
SCI,20090430,4.60,4.70,4.53,4.53,19422
SCI,20090501,4.52,4.61,4.23,4.29,24310
SCI,20090504,4.34,4.51,4.33,4.48,24346
SCI,20090505,4.53,4.77,4.44,4.71,23094
SCI,20090506,4.75,4.84,4.60,4.84,16932
SCI,20090507,4.87,5.00,4.55,4.95,26275
SCI,20090508,5.00,5.66,4.95,5.45,25596
SCI,20090511,5.38,5.41,5.15,5.30,21519
SCI,20090512,5.33,5.52,5.24,5.45,16533
SCI,20090513,5.38,5.38,5.03,5.03,19322
SCI,20090514,5.03,5.17,5.00,5.04,17818
SCI,20090515,5.01,5.18,4.94,4.96,10093
SCI,20090518,5.03,5.17,5.00,5.16,7890
SCI,20090519,5.13,5.32,5.09,5.24,8540
SCI,20090520,5.28,5.41,5.22,5.28,13371
SCI,20090521,5.16,5.32,5.10,5.16,6403
SCI,20090522,5.19,5.19,5.10,5.10,4861
SCI,20090526,4.98,5.29,4.98,5.27,9601
SCI,20090527,5.27,5.37,5.16,5.16,7072
SCI,20090528,5.21,5.26,5.05,5.22,8944
SCI,20090529,5.18,5.35,5.18,5.35,11281
SCI,20090601,5.44,5.75,5.43,5.71,11640
SCI,20090602,5.67,5.84,5.58,5.79,9700
SCI,20090603,5.83,5.85,5.67,5.75,7345
SCI,20090604,5.66,5.80,5.64,5.77,10065
SCI,20090605,5.85,5.85,5.64,5.72,7219
SCI,20090608,5.73,5.80,5.61,5.75,9210
SCI,20090609,5.77,5.78,5.67,5.73,7488
SCI,20090610,5.76,5.77,5.67,5.74,9418
SCI,20090611,5.74,5.84,5.63,5.77,8080
SCI,20090612,5.76,5.76,5.65,5.68,5891
SCI,20090615,5.65,5.65,5.49,5.61,7235
SCI,20090616,5.63,5.67,5.44,5.48,7462
SCI,20090617,5.51,5.67,5.41,5.58,7430
SCI,20090618,5.60,5.65,5.46,5.50,5835
SCI,20090619,5.54,5.54,5.32,5.46,17040
SCI,20090622,5.33,5.46,5.14,5.14,9614
SCI,20090623,5.17,5.23,5.05,5.08,10429
SCI,20090624,5.02,5.18,4.50,5.05,10456
SCI,20090625,5.04,5.08,4.96,5.05,16244
SCI,20090626,5.01,5.32,4.96,5.32,24031
SCI,20090629,5.40,5.49,5.24,5.46,10101
SCI,20090630,5.45,5.57,5.41,5.48,7346
SCI,20090701,5.50,5.88,5.50,5.84,13404
SCI,20090702,5.73,5.76,5.53,5.59,12326
SCI,20090706,5.58,5.67,5.40,5.48,6732
SCI,20090707,5.46,5.61,5.43,5.54,9289
SCI,20090708,5.55,5.58,5.37,5.46,6765
SCI,20090709,5.49,5.49,5.29,5.38,5526
SCI,20090710,5.33,5.45,5.32,5.37,6165
SCI,20090713,5.41,5.47,5.22,5.43,5473
SCI,20090714,5.44,5.55,5.38,5.50,5977
SCI,20090715,5.51,5.75,5.51,5.70,7685
SCI,20090716,5.67,5.96,5.67,5.91,5691
SCI,20090717,5.93,5.99,5.85,5.94,4319
SCI,20090720,5.96,6.10,5.92,6.10,6971
SCI,20090721,6.12,6.18,6.03,6.07,5081
SCI,20090722,6.06,6.30,6.06,6.19,5373
SCI,20090723,6.17,6.43,6.17,6.31,6834
SCI,20090724,6.28,6.35,6.20,6.20,6192
SCI,20090727,6.21,6.35,6.14,6.16,5681
SCI,20090728,6.05,6.30,6.05,6.19,7948
SCI,20090729,6.12,6.26,6.09,6.14,6038
SCI,20090730,6.19,6.40,6.19,6.34,6515
SCI,20090731,6.34,6.48,6.31,6.32,7148
SCI,20090803,6.39,6.44,6.26,6.31,17696
SCI,20090804,6.30,6.30,5.76,6.24,5116
SCI,20090805,6.24,6.55,6.12,6.50,18948
SCI,20090806,6.99,7.50,6.90,7.42,46970
SCI,20090807,7.48,7.77,7.33,7.37,19783
SCI,20090810,7.35,7.70,7.20,7.56,11589
SCI,20090811,7.57,7.68,7.44,7.56,9088
SCI,20090812,7.54,7.74,7.54,7.56,8046
SCI,20090813,7.62,7.71,7.58,7.67,5702
SCI,20090814,7.64,7.72,7.42,7.55,6101
SCI,20090817,7.33,7.40,7.23,7.29,9084
SCI,20090818,7.28,7.36,7.20,7.24,5925
SCI,20090819,7.19,7.50,7.19,7.49,5254
SCI,20090820,7.46,7.57,7.39,7.44,4602
SCI,20090821,7.46,7.48,7.35,7.40,8088
SCI,20090824,7.41,7.55,7.38,7.54,12053
SCI,20090825,7.54,7.55,7.45,7.52,12300
SCI,20090826,7.52,7.52,7.30,7.37,6969
SCI,20090827,7.48,7.48,7.18,7.40,4917
SCI,20090828,7.43,7.47,7.17,7.25,12617
SCI,20090831,7.14,7.16,7.03,7.08,8573
SCI,20090901,7.06,7.21,6.85,6.91,8187
SCI,20090902,6.80,7.03,6.80,6.93,8456
SCI,20090903,6.95,7.16,6.86,7.09,20228
SCI,20090904,7.10,7.13,7.02,7.10,4368
SCI,20090908,7.16,7.16,6.95,7.08,6010
SCI,20090909,7.10,7.15,7.07,7.15,10684
SCI,20090910,7.15,7.20,7.11,7.18,7542
SCI,20090911,7.17,7.20,6.96,7.10,21307
SCI,20090914,7.05,7.10,6.97,6.98,14962
SCI,20090915,6.98,7.05,6.87,6.97,11238
SCI,20090916,6.97,7.21,6.88,7.20,8779
SCI,20090917,7.20,7.24,7.04,7.13,13743
SCI,20090918,7.01,7.38,7.01,7.34,30267
SCI,20090921,7.29,7.30,7.17,7.22,12733
SCI,20090922,7.24,7.37,7.16,7.32,9649
SCI,20090923,7.35,7.41,7.13,7.16,9798
SCI,20090924,7.16,7.19,6.83,6.95,10632
SCI,20090925,6.93,6.96,6.75,6.85,8925
SCI,20090928,6.87,7.17,6.81,6.98,12321
SCI,20090929,7.01,7.12,6.97,6.99,10549
SCI,20090930,7.02,7.05,6.82,7.01,24929
SCI,20091001,6.97,7.03,6.54,6.66,20632
SCI,20091002,6.28,6.82,6.24,6.78,16559
SCI,20091005,6.83,6.99,6.70,6.95,9650
SCI,20091006,6.98,7.14,6.95,7.11,12792
SCI,20091007,7.08,7.18,7.01,7.12,4743
SCI,20091008,7.16,7.34,7.09,7.33,13372
SCI,20091009,7.29,7.38,7.25,7.38,4883
SCI,20091012,7.46,7.47,7.33,7.40,4580
SCI,20091013,7.39,7.39,7.10,7.11,6268
SCI,20091014,7.21,7.21,6.96,6.96,38466
SCI,20091015,7.00,7.37,6.65,7.32,21277
SCI,20091016,7.28,7.46,7.17,7.38,10757
SCI,20091019,7.41,7.47,7.30,7.45,5764
SCI,20091020,7.47,7.52,7.34,7.44,8422
SCI,20091021,7.40,7.58,7.30,7.31,9200
SCI,20091022,7.32,7.39,7.18,7.36,9592
SCI,20091023,7.37,7.38,7.08,7.11,9686
SCI,20091026,7.10,7.17,6.84,7.02,12234
SCI,20091027,7.06,7.18,6.95,7.14,11973
SCI,20091028,7.14,7.15,6.91,6.96,17109
SCI,20091029,7.00,7.16,6.92,7.13,12438
SCI,20091030,7.11,7.16,6.83,6.87,12561
SCI,20091102,6.88,6.95,6.62,6.74,14510
SCI,20091103,6.68,6.86,6.67,6.78,12614
SCI,20091104,6.80,7.05,6.66,6.89,14964
SCI,20091105,7.00,7.55,7.00,7.51,21728
SCI,20091106,7.47,7.65,7.37,7.55,16048
SCI,20091109,7.65,7.77,7.59,7.62,21794
SCI,20091110,7.56,7.65,7.44,7.48,18032
SCI,20091111,7.56,7.61,7.44,7.44,20339
SCI,20091112,7.38,7.54,7.35,7.36,10862
SCI,20091113,7.38,7.51,7.33,7.48,8394
SCI,20091116,7.55,7.79,7.41,7.50,23790
SCI,20091117,7.48,7.78,7.40,7.74,14659
SCI,20091118,7.74,7.90,7.62,7.84,11924
SCI,20091119,7.79,7.80,7.47,7.55,7179
SCI,20091120,7.52,7.63,7.38,7.60,7914
SCI,20091123,7.77,7.85,7.59,7.63,6389
SCI,20091124,7.71,7.73,7.53,7.73,8614
SCI,20091125,7.77,7.82,7.65,7.75,4564
SCI,20091127,7.58,7.60,7.47,7.53,3061
SCI,20091130,7.61,7.72,7.50,7.72,21064
SCI,20091201,7.78,7.90,7.70,7.81,13870
SCI,20091202,7.79,7.91,7.72,7.76,6218
SCI,20091203,7.81,7.90,7.71,7.72,6145
SCI,20091204,7.71,8.10,7.59,7.91,32764
SCI,20091207,7.94,8.10,7.86,7.93,14535
SCI,20091208,7.89,7.94,7.71,7.86,9289
SCI,20091209,7.84,7.95,7.70,7.73,14469
SCI,20091210,7.71,7.84,7.59,7.62,18804
SCI,20091211,7.70,7.76,7.66,7.75,7915
SCI,20091214,7.80,7.88,7.74,7.77,10165
SCI,20091215,7.71,7.78,7.67,7.67,24917
SCI,20091216,7.69,7.70,7.56,7.69,24335
SCI,20091217,7.66,7.77,7.64,7.72,9510
SCI,20091218,7.75,7.77,7.60,7.77,22052
SCI,20091221,7.80,7.95,7.80,7.94,8546
SCI,20091222,7.99,8.04,7.84,8.01,15104
SCI,20091223,8.00,8.10,8.00,8.05,7909
SCI,20091224,8.06,8.10,8.01,8.05,3095
SCI,20091228,8.05,8.13,8.00,8.09,8768
SCI,20091229,8.07,8.30,8.07,8.25,8534
SCI,20091230,8.24,8.29,8.06,8.16,9931
SCI,20091231,8.18,8.22,8.11,8.19,14005
SCI,20100104,8.24,8.48,8.20,8.31,13527
SCI,20100105,8.33,8.48,8.29,8.38,13705
SCI,20100106,8.36,8.43,8.26,8.30,9924
SCI,20100107,8.32,8.49,8.23,8.48,13790
SCI,20100108,8.48,8.48,8.26,8.35,8725
SCI,20100111,8.46,8.46,8.24,8.26,7090
SCI,20100112,8.23,8.25,8.09,8.12,8529
SCI,20100113,8.12,8.21,8.02,8.20,8662
SCI,20100114,8.21,8.27,8.16,8.23,6946
SCI,20100115,8.27,8.28,7.98,7.99,6362
SCI,20100119,8.02,8.25,8.02,8.18,9061
SCI,20100120,8.13,8.27,8.00,8.03,9907
SCI,20100121,8.03,8.14,7.94,7.98,8790
SCI,20100122,7.99,8.07,7.79,7.84,6974
SCI,20100125,7.91,7.93,7.76,7.79,5744
SCI,20100126,7.77,7.80,7.67,7.70,10474
SCI,20100127,7.69,7.74,7.63,7.67,6984
SCI,20100128,7.69,7.72,7.56,7.64,8268
SCI,20100129,7.67,7.78,7.64,7.67,12154
SCI,20100201,7.69,7.80,7.62,7.76,9738
SCI,20100202,7.80,7.98,7.73,7.81,9323
SCI,20100203,7.79,7.84,7.74,7.77,4977
SCI,20100204,7.70,7.77,7.50,7.50,15065
SCI,20100205,7.51,7.56,7.29,7.53,7851
SCI,20100208,7.53,7.59,7.43,7.50,5281
SCI,20100209,7.57,7.75,7.50,7.64,8345
SCI,20100210,7.60,7.68,7.56,7.62,3965
SCI,20100211,7.63,7.63,7.47,7.61,6759
SCI,20100212,7.51,7.79,7.51,7.76,8261
SCI,20100216,7.82,7.84,7.72,7.84,7598
SCI,20100217,7.85,7.95,7.81,7.94,5667
SCI,20100218,7.95,8.10,7.94,8.10,7641
SCI,20100219,8.05,8.24,8.01,8.24,8088
SCI,20100222,8.31,8.31,8.10,8.22,9304
SCI,20100223,8.19,8.22,8.04,8.05,4970
SCI,20100224,8.05,8.21,8.00,8.19,10534
SCI,20100225,8.10,8.10,7.90,8.09,13392
SCI,20100226,8.13,8.26,8.02,8.06,13815
SCI,20100301,8.10,8.45,8.10,8.45,14204
SCI,20100302,8.64,8.64,8.37,8.48,19547
SCI,20100303,8.49,8.49,8.31,8.36,12470
SCI,20100304,8.47,8.62,8.31,8.54,16280
SCI,20100305,8.60,8.68,8.49,8.55,11011
SCI,20100308,8.55,8.60,8.45,8.47,15539
SCI,20100309,8.51,8.60,8.45,8.55,9560
SCI,20100310,8.47,8.59,8.47,8.59,7453
SCI,20100311,8.40,8.66,8.40,8.66,5701
SCI,20100312,8.62,8.68,8.52,8.67,11907
SCI,20100315,8.63,8.68,8.52,8.60,6937
SCI,20100316,8.60,8.85,8.52,8.81,14137
SCI,20100317,8.81,8.92,8.75,8.91,9864
SCI,20100318,8.89,8.95,8.85,8.93,8314
SCI,20100319,8.87,9.02,8.85,9.00,19239
SCI,20100322,8.93,9.13,8.88,9.11,11531
SCI,20100323,9.14,9.16,8.98,9.11,5716
SCI,20100324,9.09,9.13,9.00,9.11,9803
SCI,20100325,9.15,9.20,9.04,9.10,7381
SCI,20100326,9.10,9.27,9.05,9.08,8957
SCI,20100329,9.10,9.25,9.09,9.24,7023
SCI,20100330,9.26,9.28,9.13,9.18,11169
SCI,20100331,9.17,9.28,9.06,9.18,13114
SCI,20100401,9.24,9.32,9.05,9.27,11695
SCI,20100405,9.33,9.54,9.30,9.54,13825
SCI,20100406,9.51,9.56,9.48,9.54,12544
SCI,20100407,9.50,9.56,9.47,9.56,9279
SCI,20100408,9.50,9.56,9.45,9.52,9519
SCI,20100409,9.50,9.60,9.46,9.55,8086
SCI,20100412,9.51,9.61,9.49,9.61,8624
SCI,20100413,9.57,9.61,9.50,9.59,7293
SCI,20100414,9.61,9.69,9.52,9.61,8607
SCI,20100415,9.57,9.70,9.54,9.59,10559
SCI,20100416,9.49,9.59,9.34,9.52,16579
SCI,20100419,9.48,9.69,9.45,9.54,8575
SCI,20100420,9.57,9.70,9.55,9.59,12312
SCI,20100421,9.59,9.66,9.54,9.60,7614
SCI,20100422,9.51,9.63,9.46,9.54,7990
SCI,20100423,9.56,9.71,9.53,9.62,8380
SCI,20100426,9.58,9.74,9.57,9.61,13218
SCI,20100427,9.59,9.63,9.32,9.38,16676
SCI,20100428,9.40,9.44,9.19,9.36,11657
SCI,20100429,9.40,9.54,9.20,9.39,13403
SCI,20100430,9.41,9.49,8.97,8.98,18527
SCI,20100503,9.02,9.32,8.99,9.29,12062
SCI,20100504,9.15,9.18,8.90,8.93,13626
SCI,20100505,8.86,9.07,8.77,8.85,14619
SCI,20100506,8.75,9.09,7.99,8.55,19592
SCI,20100507,8.49,8.59,8.22,8.30,28848
SCI,20100510,8.67,8.74,8.48,8.74,20679
SCI,20100511,8.68,8.95,8.56,8.78,16650
SCI,20100512,8.78,9.01,8.78,8.93,12578
SCI,20100513,8.94,9.01,8.86,8.88,29923
SCI,20100514,8.81,8.85,8.56,8.58,13513
SCI,20100517,8.60,8.68,8.19,8.35,30014
SCI,20100518,8.45,8.65,8.31,8.32,16197
SCI,20100519,8.27,8.41,8.18,8.40,27497
SCI,20100520,8.20,8.30,8.06,8.15,45813
SCI,20100521,8.03,8.42,7.95,8.41,38536
SCI,20100524,8.36,8.42,8.23,8.25,27371
SCI,20100525,8.01,8.12,7.89,8.11,23967
SCI,20100526,8.16,8.48,8.11,8.27,29473
SCI,20100527,8.45,8.62,8.41,8.61,48034
SCI,20100528,8.61,8.66,8.44,8.54,10884
SCI,20100601,8.44,8.47,8.34,8.35,27294
SCI,20100602,8.36,8.51,8.28,8.49,9298
SCI,20100603,8.47,8.61,8.44,8.60,16449
SCI,20100604,8.36,8.45,8.16,8.19,17233
SCI,20100607,8.17,8.20,7.92,8.03,24215
SCI,20100608,8.02,8.12,7.91,8.04,22514
SCI,20100609,8.06,8.25,7.93,7.98,12567
SCI,20100610,8.20,8.23,8.08,8.21,7390
SCI,20100611,8.18,8.30,8.11,8.23,7656
SCI,20100614,8.28,8.43,8.22,8.23,12274
SCI,20100615,8.30,8.47,8.27,8.45,6198
SCI,20100616,8.30,8.49,8.28,8.41,8181
SCI,20100617,8.45,8.52,8.33,8.46,7169
SCI,20100618,8.45,8.49,8.37,8.44,7427
SCI,20100621,8.52,8.64,8.31,8.36,7456
SCI,20100622,8.42,8.46,8.16,8.16,6709
SCI,20100623,8.12,8.17,7.97,8.04,6111
SCI,20100624,7.94,8.02,7.88,7.89,9264
SCI,20100625,7.86,7.94,7.75,7.87,10575
SCI,20100628,7.85,7.99,7.80,7.85,5852
SCI,20100629,7.72,7.78,7.50,7.52,13547
SCI,20100630,7.50,7.60,7.38,7.40,12717
SCI,20100701,7.43,7.51,7.25,7.33,27534
SCI,20100702,7.29,7.39,7.20,7.30,9805
SCI,20100706,7.37,7.45,7.09,7.15,18096
SCI,20100707,7.14,7.47,7.11,7.45,13214
SCI,20100708,7.54,7.66,7.49,7.62,10667
SCI,20100709,7.57,7.72,7.53,7.66,6120
SCI,20100712,7.64,7.71,7.53,7.57,7194
SCI,20100713,7.58,7.80,7.56,7.79,8985
SCI,20100714,7.70,7.95,7.70,7.86,9613
SCI,20100715,7.88,7.93,7.65,7.76,7852
SCI,20100716,7.67,7.75,7.38,7.40,10085
SCI,20100719,7.43,7.46,7.28,7.44,5091
SCI,20100720,7.33,7.50,7.24,7.50,6624
SCI,20100721,7.48,7.53,7.32,7.34,5557
SCI,20100722,7.41,7.61,7.37,7.52,6427
SCI,20100723,7.54,7.72,7.48,7.72,11277
SCI,20100726,7.71,7.91,7.64,7.91,6875
SCI,20100727,7.92,7.98,7.83,7.89,5685
SCI,20100728,7.89,7.89,7.74,7.76,6121
SCI,20100729,7.85,8.50,7.31,8.45,19014
SCI,20100730,8.30,8.56,8.18,8.52,15040
SCI,20100802,8.56,8.71,8.49,8.69,10412
SCI,20100803,8.66,8.73,8.57,8.59,9395
SCI,20100804,8.60,8.73,8.58,8.69,8160
SCI,20100805,8.67,8.69,8.54,8.58,3921
SCI,20100806,8.49,8.67,8.41,8.62,6159
SCI,20100809,8.66,8.75,8.62,8.73,3611
SCI,20100810,8.60,8.68,8.48,8.54,5971
SCI,20100811,8.32,8.39,8.14,8.16,7724
SCI,20100812,8.03,8.23,8.00,8.15,6050
SCI,20100813,8.08,8.23,8.02,8.14,5229
SCI,20100816,8.07,8.22,8.03,8.18,4137
SCI,20100817,8.24,8.31,8.12,8.22,4624
SCI,20100818,8.19,8.34,8.17,8.23,5038
SCI,20100819,8.16,8.18,7.92,7.96,5192
SCI,20100820,7.92,7.99,7.79,7.97,3619
SCI,20100823,8.03,8.07,7.81,7.83,4611
SCI,20100824,7.69,7.92,7.69,7.77,6712
SCI,20100825,7.73,7.93,7.69,7.88,5672
SCI,20100826,7.89,7.98,7.82,7.86,6161
SCI,20100827,7.94,8.02,7.74,8.01,6286
SCI,20100830,7.98,8.05,7.80,7.82,5710
SCI,20100831,7.79,7.85,7.65,7.69,6772
SCI,20100901,7.84,8.02,7.73,8.02,8611
SCI,20100902,7.98,8.04,7.91,8.04,5564
SCI,20100903,8.17,8.23,8.10,8.18,3751
SCI,20100907,8.11,8.16,8.00,8.08,5172
SCI,20100908,8.12,8.14,8.03,8.06,5993
SCI,20100909,8.20,8.36,8.14,8.31,9123
SCI,20100910,8.33,8.39,8.24,8.36,4662
SCI,20100913,8.44,8.56,8.38,8.44,8831
SCI,20100914,8.36,8.44,8.24,8.24,8952
SCI,20100915,8.24,8.46,8.17,8.37,7181
SCI,20100916,8.40,8.55,8.33,8.35,7965
SCI,20100917,8.35,8.50,8.33,8.35,18922
SCI,20100920,8.36,8.51,8.30,8.39,10396
SCI,20100921,8.37,8.53,8.35,8.38,7741
SCI,20100922,8.33,8.59,8.30,8.35,7115
SCI,20100923,8.30,8.38,8.20,8.23,6234
SCI,20100924,8.37,8.52,8.32,8.48,8078
SCI,20100927,8.52,8.52,8.40,8.44,5669
SCI,20100928,8.43,8.48,8.30,8.47,7184
SCI,20100929,8.45,8.55,8.34,8.34,16473
SCI,20100930,8.53,8.75,8.43,8.62,16409
SCI,20101001,8.66,8.73,8.49,8.69,7788
SCI,20101004,8.64,8.68,8.32,8.38,8247
SCI,20101005,8.49,8.66,8.42,8.57,6289
SCI,20101006,8.56,8.64,8.47,8.53,4324
SCI,20101007,8.59,8.63,8.48,8.53,3779
SCI,20101008,8.52,8.68,8.49,8.64,4565
SCI,20101011,8.62,8.66,8.57,8.60,3104
SCI,20101012,8.52,8.61,8.50,8.58,2903
SCI,20101013,8.57,8.88,8.55,8.75,9521
SCI,20101014,8.73,8.78,8.59,8.70,9304
SCI,20101015,8.73,8.81,8.57,8.61,4124
SCI,20101018,8.60,8.68,8.56,8.68,5147
SCI,20101019,8.57,8.61,8.39,8.46,4388
SCI,20101020,8.48,8.67,8.46,8.60,5066
SCI,20101021,8.62,8.67,8.48,8.56,3748
SCI,20101022,8.60,8.68,8.54,8.60,2929
SCI,20101025,8.66,8.70,8.57,8.59,4293
SCI,20101026,8.52,8.63,8.49,8.49,7032
SCI,20101027,8.46,8.52,8.30,8.45,10119
SCI,20101028,8.39,8.46,8.03,8.27,10380
SCI,20101029,8.27,8.38,8.24,8.28,6708
SCI,20101101,8.27,8.33,8.15,8.24,5834
SCI,20101102,8.31,8.36,8.24,8.30,8309
SCI,20101103,8.30,8.33,8.15,8.26,7168
SCI,20101104,8.35,8.39,8.24,8.25,17608
SCI,20101105,8.27,8.33,8.22,8.28,9853
SCI,20101108,8.24,8.30,8.15,8.19,7318
SCI,20101109,8.17,8.20,8.05,8.06,11331
SCI,20101110,8.06,8.13,7.94,7.99,28715
SCI,20101111,7.99,8.09,7.94,8.05,14036
SCI,20101112,7.99,8.08,7.95,8.00,10231
SCI,20101115,8.03,8.06,7.93,7.96,9378
SCI,20101116,7.88,7.94,7.78,7.86,9509
SCI,20101117,7.84,7.97,7.79,7.95,10183
SCI,20101118,8.01,8.05,7.95,7.95,10160
SCI,20101119,7.92,8.05,7.86,8.01,9629
SCI,20101122,7.94,8.07,7.92,8.01,6972
SCI,20101123,7.92,8.00,7.86,7.97,8919
SCI,20101124,8.01,8.20,7.97,8.16,11652
SCI,20101126,8.14,8.23,8.08,8.20,4406
SCI,20101129,8.13,8.21,8.04,8.20,10332
SCI,20101130,8.11,8.19,8.00,8.06,16194
SCI,20101201,8.23,8.28,8.13,8.17,11023
SCI,20101202,8.20,8.26,8.16,8.16,11154
SCI,20101203,8.12,8.20,8.07,8.12,11553
SCI,20101206,8.13,8.29,8.07,8.24,6791
SCI,20101207,8.30,8.36,8.24,8.27,7113
SCI,20101208,8.30,8.33,8.22,8.29,7875
SCI,20101209,8.35,8.39,8.25,8.39,10168
SCI,20101210,8.39,8.48,8.37,8.47,6207
SCI,20101213,8.46,8.49,8.38,8.41,10457
SCI,20101214,8.43,8.44,8.34,8.36,7541
SCI,20101215,8.32,8.42,8.20,8.23,14014
SCI,20101216,8.20,8.29,8.15,8.18,8210
SCI,20101217,8.24,8.34,8.11,8.28,9795
SCI,20101220,8.27,8.33,8.22,8.25,5356
SCI,20101221,8.22,8.34,8.21,8.28,10408
SCI,20101222,8.34,8.37,8.28,8.29,8592
SCI,20101223,8.30,8.37,8.28,8.28,7685
SCI,20101227,8.25,8.37,8.22,8.34,3653
SCI,20101228,8.31,8.32,8.24,8.25,4530
SCI,20101229,8.30,8.35,8.25,8.28,3150
SCI,20101230,8.28,8.36,8.26,8.28,5183
SCI,20101231,8.25,8.35,8.18,8.25,5394
SCI,20110103,8.30,8.43,8.28,8.31,10830
SCI,20110104,8.28,8.35,8.16,8.21,6563
SCI,20110105,8.17,8.29,8.10,8.22,10804
SCI,20110106,8.21,8.32,8.12,8.27,8538
SCI,20110107,8.29,8.31,8.09,8.12,7116
SCI,20110110,8.06,8.24,8.00,8.18,1104100
SCI,20110111,8.18,8.24,8.06,8.20,876300
SCI,20110112,8.24,8.39,8.18,8.36,782600
SCI,20110113,8.34,8.45,8.33,8.43,1159500
SCI,20110114,8.41,8.58,8.37,8.56,1001200
SCI,20110118,8.52,8.67,8.36,8.67,1379900
SCI,20110119,8.63,8.70,8.51,8.60,1141100
SCI,20110120,8.56,8.68,8.50,8.57,647100
SCI,20110121,8.65,8.67,8.57,8.59,539400
SCI,20110124,8.58,8.73,8.56,8.69,578700
SCI,20110125,8.63,8.69,8.50,8.61,624600
SCI,20110126,8.67,8.70,8.59,8.69,523100
SCI,20110127,8.66,8.83,8.62,8.78,713900
SCI,20110128,8.78,8.82,8.64,8.67,676200
SCI,20110131,8.71,8.77,8.64,8.67,759200
SCI,20110201,8.74,8.99,8.63,8.96,837300
SCI,20110202,8.92,8.97,8.79,8.85,707900
SCI,20110203,8.82,8.95,8.68,8.91,472200
SCI,20110204,8.92,8.98,8.84,8.98,588600
SCI,20110207,8.99,9.03,8.91,9.01,711400
SCI,20110208,9.00,9.17,9.00,9.17,621500
SCI,20110209,9.15,9.18,9.08,9.09,717400
SCI,20110210,9.11,10.84,9.11,10.78,5640300
SCI,20110211,10.74,11.25,10.60,11.08,2903600
SCI,20110214,11.09,11.25,11.00,11.12,1175900
SCI,20110215,11.09,11.15,10.97,11.07,1141700
SCI,20110216,11.11,11.25,11.00,11.07,1667300
SCI,20110217,11.01,11.20,10.98,11.11,1376200
SCI,20110218,11.12,11.16,10.98,11.13,2166600
SCI,20110222,11.04,11.06,10.68,10.74,1932900
SCI,20110223,10.78,10.84,10.39,10.50,1462300
SCI,20110224,10.55,10.58,10.33,10.38,1947300
SCI,20110225,10.48,10.86,10.45,10.86,1862300
SCI,20110228,10.89,10.96,10.80,10.90,1707300
SCI,20110301,10.89,10.96,10.52,10.61,1293000
SCI,20110302,10.65,10.98,10.65,10.85,1127800
SCI,20110303,10.91,11.05,10.86,11.02,991000
SCI,20110304,10.99,11.02,10.87,10.99,786600
SCI,20110307,11.00,11.08,10.81,10.93,883000
SCI,20110308,10.90,11.15,10.80,11.07,919900
SCI,20110309,11.03,11.14,10.88,11.05,688300
SCI,20110310,10.88,10.94,10.75,10.81,680300
SCI,20110311,10.82,10.95,10.72,10.90,511500
SCI,20110314,10.80,10.90,10.60,10.73,840800
SCI,20110315,10.43,10.71,10.35,10.62,714500
SCI,20110316,10.60,10.68,10.42,10.44,805100
SCI,20110317,10.63,10.71,10.60,10.63,650400
SCI,20110318,10.81,10.81,10.22,10.60,1643500
SCI,20110321,10.68,10.93,10.66,10.89,1048500
SCI,20110322,10.94,10.97,10.79,10.84,431100
SCI,20110323,10.80,10.98,10.71,10.85,826500
SCI,20110324,10.90,10.95,10.69,10.69,1549500
SCI,20110325,10.76,10.89,10.72,10.73,869400
SCI,20110328,10.80,10.94,10.66,10.72,1109600
SCI,20110329,10.68,10.80,10.56,10.77,1035800
SCI,20110330,10.78,11.13,10.78,11.03,734000
SCI,20110331,11.00,11.13,10.95,11.06,685200
SCI,20110401,11.15,11.64,11.13,11.58,1760100
SCI,20110404,11.60,11.74,11.39,11.43,1471000
SCI,20110405,11.36,11.59,11.10,11.52,1441000
SCI,20110406,11.63,11.65,11.37,11.58,694700
SCI,20110407,11.56,11.83,11.49,11.55,1208100
SCI,20110408,11.63,11.66,11.37,11.48,413000
SCI,20110411,11.47,11.51,11.33,11.40,357600
SCI,20110412,11.30,11.37,11.19,11.28,470600
SCI,20110413,11.31,11.42,11.28,11.34,381800
SCI,20110414,11.28,11.37,11.24,11.30,406100
SCI,20110415,11.30,11.66,11.30,11.65,828300
SCI,20110418,11.49,11.50,11.17,11.40,993500
SCI,20110419,11.41,11.53,11.37,11.48,525600
SCI,20110420,11.66,11.73,11.60,11.65,591800
SCI,20110421,11.68,11.70,11.56,11.60,343400
SCI,20110425,11.52,11.61,11.40,11.52,495100
SCI,20110426,11.54,11.76,11.51,11.72,672000
