SYMC,20090115,12.70,13.61,12.63,13.50,164293
SYMC,20090116,13.68,13.92,13.12,13.49,101686
SYMC,20090120,13.41,13.74,12.76,12.76,103354
SYMC,20090121,12.86,13.78,12.86,13.72,136933
SYMC,20090122,12.99,13.46,12.79,13.09,185179
SYMC,20090123,13.01,13.74,12.88,13.57,138104
SYMC,20090126,13.63,13.97,13.37,13.67,125217
SYMC,20090127,13.62,14.18,13.54,13.99,126258
SYMC,20090128,14.25,14.78,14.08,14.63,177134
SYMC,20090129,15.50,15.95,15.36,15.46,273435
SYMC,20090130,15.29,15.64,15.10,15.33,206331
SYMC,20090202,15.21,15.48,14.51,14.69,179220
SYMC,20090203,14.86,15.32,14.64,15.21,178887
SYMC,20090204,15.14,15.87,15.00,15.24,170571
SYMC,20090205,15.10,15.82,14.98,15.68,135800
SYMC,20090206,15.79,16.12,15.57,16.06,142152
SYMC,20090209,16.01,16.06,15.43,15.64,142497
SYMC,20090210,15.64,15.85,14.74,14.83,196189
SYMC,20090211,15.03,15.25,14.70,14.97,143801
SYMC,20090212,14.88,14.99,14.47,14.99,133490
SYMC,20090213,15.03,15.15,14.76,14.80,121790
SYMC,20090217,13.41,14.46,13.39,14.19,157014
SYMC,20090218,14.18,14.59,13.98,14.25,128741
SYMC,20090219,14.25,14.50,14.00,14.00,169368
SYMC,20090220,13.73,14.17,13.73,13.98,165611
SYMC,20090223,14.24,14.28,13.43,13.49,137879
SYMC,20090224,13.40,14.33,13.39,14.24,181820
SYMC,20090225,14.10,14.15,13.56,13.92,238264
SYMC,20090226,14.22,14.22,13.47,13.47,143496
SYMC,20090227,13.25,14.04,13.21,13.83,156667
SYMC,20090302,13.48,13.91,13.46,13.50,170160
SYMC,20090303,13.45,13.73,13.04,13.06,208512
SYMC,20090304,13.32,13.60,13.15,13.49,179383
SYMC,20090305,13.17,13.50,13.09,13.12,147588
SYMC,20090306,13.55,13.56,12.71,12.93,211373
SYMC,20090309,12.76,13.11,12.54,12.62,136232
SYMC,20090310,12.74,13.44,12.73,13.43,188921
SYMC,20090311,13.60,13.60,13.22,13.43,167559
SYMC,20090312,13.30,13.76,13.17,13.76,184754
SYMC,20090313,13.76,13.84,13.44,13.77,103795
SYMC,20090316,13.87,13.89,13.09,13.14,178512
SYMC,20090317,13.24,13.83,13.18,13.83,226231
SYMC,20090318,13.76,14.43,13.73,14.20,195756
SYMC,20090319,14.33,14.49,13.98,14.18,128588
SYMC,20090320,14.38,14.40,13.88,14.01,163864
SYMC,20090323,14.49,14.49,13.73,14.33,221740
SYMC,20090324,14.35,14.50,14.13,14.31,153687
SYMC,20090325,14.67,15.08,14.47,14.82,213563
SYMC,20090326,14.93,15.75,14.88,15.69,179430
SYMC,20090327,15.65,15.68,14.93,14.95,112065
SYMC,20090330,14.89,14.89,14.25,14.56,153369
SYMC,20090331,14.68,15.11,14.60,14.94,126851
SYMC,20090401,14.78,15.47,14.74,15.29,152046
SYMC,20090402,15.50,16.30,15.50,16.02,253745
SYMC,20090403,16.23,16.35,15.91,16.23,148771
SYMC,20090406,15.87,16.14,15.71,16.08,145512
SYMC,20090407,15.90,16.21,15.86,16.07,138936
SYMC,20090408,16.00,16.98,15.77,16.62,176567
SYMC,20090409,16.99,17.39,16.82,17.13,154611
SYMC,20090413,17.05,17.11,16.20,16.36,227010
SYMC,20090414,16.25,16.37,16.00,16.03,206274
SYMC,20090415,15.88,16.48,15.88,16.47,136028
SYMC,20090416,16.72,17.16,16.27,17.06,155079
SYMC,20090417,16.99,17.47,16.85,17.27,183041
SYMC,20090420,16.99,17.06,16.67,16.77,130627
SYMC,20090421,16.75,17.21,16.66,17.05,128610
SYMC,20090422,16.88,17.62,16.75,17.35,163831
SYMC,20090423,17.04,17.21,16.78,17.12,131785
SYMC,20090424,17.14,17.70,17.08,17.70,152949
SYMC,20090427,17.58,17.58,16.86,16.87,229127
SYMC,20090428,16.88,17.09,16.46,16.97,173449
SYMC,20090429,17.01,17.57,16.88,17.30,110240
SYMC,20090430,17.28,17.49,16.99,17.25,115006
SYMC,20090501,17.44,17.90,17.21,17.81,170869
SYMC,20090504,18.04,18.17,17.58,17.74,145588
SYMC,20090505,17.37,17.67,17.15,17.64,174122
SYMC,20090506,17.71,17.78,17.00,17.59,187970
SYMC,20090507,16.04,16.09,14.48,14.99,681047
SYMC,20090508,15.16,15.23,14.57,14.88,285196
SYMC,20090511,14.63,15.64,14.60,15.32,168837
SYMC,20090512,15.73,15.74,15.00,15.14,153417
SYMC,20090513,15.04,15.08,14.73,14.93,139221
SYMC,20090514,14.87,15.04,14.75,14.90,93227
SYMC,20090515,14.85,14.90,14.76,14.82,107120
SYMC,20090518,14.82,15.11,14.61,15.05,201323
SYMC,20090519,15.01,15.65,14.80,15.44,184396
SYMC,20090520,15.53,15.61,15.05,15.09,151879
SYMC,20090521,14.95,15.02,14.71,14.87,137358
SYMC,20090522,14.82,14.87,14.18,14.19,206558
SYMC,20090526,14.01,14.66,13.97,14.43,284630
SYMC,20090527,14.69,15.14,14.58,14.80,261836
SYMC,20090528,14.85,15.32,14.77,15.19,189186
SYMC,20090529,15.26,15.63,15.17,15.63,195550
SYMC,20090601,15.74,15.95,15.61,15.68,167032
SYMC,20090602,15.53,16.12,15.50,16.01,159064
SYMC,20090603,15.93,16.07,15.52,15.77,114154
SYMC,20090604,15.88,16.01,15.70,15.97,97185
SYMC,20090605,16.06,16.18,15.68,16.05,122399
SYMC,20090608,15.83,16.31,15.83,16.15,93365
SYMC,20090609,16.20,16.79,16.20,16.53,172852
SYMC,20090610,16.59,16.79,16.22,16.45,172135
SYMC,20090611,16.42,16.59,15.83,15.88,210228
SYMC,20090612,15.97,16.57,15.90,16.49,150901
SYMC,20090615,16.18,16.37,15.96,16.12,113256
SYMC,20090616,16.04,16.16,15.67,15.73,130768
SYMC,20090617,15.80,16.11,15.61,15.94,145764
SYMC,20090618,15.90,15.95,15.62,15.69,113161
SYMC,20090619,15.90,16.00,15.70,15.88,142794
SYMC,20090622,15.60,15.60,15.02,15.07,150992
SYMC,20090623,15.15,15.19,14.97,15.13,90126
SYMC,20090624,15.20,15.65,15.19,15.47,108826
SYMC,20090625,15.30,15.88,15.11,15.84,107166
SYMC,20090626,15.75,16.00,15.66,15.91,241333
SYMC,20090629,15.74,16.03,15.62,15.67,103110
SYMC,20090630,15.75,15.90,15.41,15.58,124062
SYMC,20090701,15.65,16.04,15.52,15.63,145209
SYMC,20090702,15.61,15.89,15.42,15.70,167462
SYMC,20090706,15.94,15.97,15.35,15.53,201260
SYMC,20090707,15.46,15.59,15.36,15.43,204231
SYMC,20090708,15.42,15.74,14.97,15.20,210518
SYMC,20090709,15.15,15.49,15.07,15.34,131398
SYMC,20090710,15.34,15.62,15.32,15.59,85447
SYMC,20090713,15.52,15.58,15.12,15.56,147299
SYMC,20090714,15.51,15.97,15.43,15.90,114808
SYMC,20090715,16.15,16.68,16.05,16.62,176743
SYMC,20090716,16.53,16.58,16.25,16.39,200230
SYMC,20090717,16.52,16.52,16.24,16.41,95089
SYMC,20090720,16.39,16.69,16.32,16.68,74379
SYMC,20090721,16.67,16.78,16.40,16.71,86331
SYMC,20090722,16.58,16.99,16.50,16.86,117922
SYMC,20090723,16.72,17.71,16.71,17.46,154321
SYMC,20090724,17.21,17.38,16.98,17.37,88577
SYMC,20090727,17.30,17.37,16.98,17.24,80264
SYMC,20090728,17.17,17.31,17.02,17.20,113759
SYMC,20090729,17.08,17.31,16.89,17.24,134107
SYMC,20090730,15.45,15.60,14.73,14.78,850530
SYMC,20090731,14.83,15.19,14.65,14.93,338243
SYMC,20090803,15.09,15.26,14.94,15.25,210342
SYMC,20090804,15.18,15.62,14.88,15.57,287475
SYMC,20090805,15.54,15.59,15.13,15.17,286583
SYMC,20090806,15.19,15.30,15.13,15.27,197401
SYMC,20090807,15.49,15.71,15.47,15.51,119508
SYMC,20090810,15.27,15.59,15.21,15.37,88694
SYMC,20090811,15.24,15.42,14.97,15.02,185623
SYMC,20090812,15.06,15.53,15.06,15.33,136033
SYMC,20090813,15.42,15.60,15.28,15.55,103596
SYMC,20090814,15.45,15.45,14.97,15.25,124902
SYMC,20090817,14.79,14.98,14.73,14.78,144541
SYMC,20090818,14.84,15.14,14.84,15.09,86452
SYMC,20090819,14.90,15.31,14.87,15.22,86587
SYMC,20090820,15.12,15.43,15.08,15.35,83517
SYMC,20090821,15.48,15.64,15.22,15.54,98204
SYMC,20090824,15.44,15.62,15.36,15.44,58810
SYMC,20090825,15.43,15.53,15.22,15.44,85834
SYMC,20090826,15.49,15.51,15.25,15.43,78253
SYMC,20090827,15.27,15.50,15.08,15.47,64218
SYMC,20090828,15.49,15.79,15.09,15.24,108188
SYMC,20090831,15.11,15.33,14.98,15.12,147974
SYMC,20090901,15.02,15.35,14.82,14.92,139432
SYMC,20090902,14.82,15.09,14.81,15.00,147548
SYMC,20090903,15.00,15.27,14.90,15.24,76081
SYMC,20090904,15.31,15.69,15.20,15.65,96531
SYMC,20090908,15.46,15.76,15.40,15.69,136739
SYMC,20090909,15.70,15.80,15.57,15.76,117141
SYMC,20090910,15.79,15.97,15.72,15.93,95904
SYMC,20090911,15.91,16.02,15.73,15.97,116330
SYMC,20090914,15.92,16.00,15.62,15.83,116354
SYMC,20090915,15.71,15.87,15.61,15.67,98223
SYMC,20090916,15.84,16.04,15.73,16.01,107054
SYMC,20090917,15.98,16.17,15.84,16.03,84520
SYMC,20090918,15.96,16.11,15.61,15.65,245400
SYMC,20090921,15.59,15.78,15.44,15.73,103231
SYMC,20090922,15.75,15.85,15.53,15.54,75366
SYMC,20090923,15.57,15.82,15.43,15.50,98389
SYMC,20090924,15.58,15.64,15.16,15.29,184807
SYMC,20090925,15.26,15.71,15.25,15.63,119959
SYMC,20090928,15.63,16.16,15.62,15.97,139005
SYMC,20090929,15.87,16.25,15.87,16.02,132873
SYMC,20090930,16.20,16.68,16.03,16.47,226373
SYMC,20091001,16.39,16.43,15.84,15.88,166006
SYMC,20091002,15.78,16.06,15.75,15.98,122206
SYMC,20091005,16.18,16.30,15.99,16.23,127979
SYMC,20091006,16.26,16.58,16.18,16.40,135566
SYMC,20091007,16.36,16.57,16.30,16.56,100404
SYMC,20091008,16.61,16.79,16.37,16.44,143267
SYMC,20091009,16.46,16.66,16.33,16.63,104237
SYMC,20091012,16.77,16.77,16.08,16.43,180943
SYMC,20091013,16.37,16.96,16.36,16.90,195357
SYMC,20091014,17.02,17.15,16.74,16.86,162277
SYMC,20091015,16.80,16.92,16.64,16.71,95265
SYMC,20091016,16.86,16.86,16.42,16.63,133829
SYMC,20091019,16.71,16.84,16.46,16.79,73935
SYMC,20091020,16.83,16.83,16.27,16.43,111193
SYMC,20091021,16.32,17.02,16.27,16.79,155310
SYMC,20091022,16.91,16.95,16.56,16.90,84304
SYMC,20091023,16.83,17.10,16.60,16.66,95447
SYMC,20091026,16.60,16.99,16.38,16.44,113352
SYMC,20091027,16.48,16.60,16.11,16.16,118337
SYMC,20091028,16.13,16.21,15.68,15.73,145687
SYMC,20091029,16.96,17.83,16.92,17.74,393811
SYMC,20091030,17.66,18.00,17.52,17.58,240217
SYMC,20091102,17.30,17.52,17.12,17.38,175786
SYMC,20091103,17.35,17.45,17.02,17.25,120379
SYMC,20091104,17.20,17.46,17.09,17.23,89664
SYMC,20091105,17.47,17.66,17.34,17.45,83849
SYMC,20091106,17.38,17.60,17.29,17.42,56562
SYMC,20091109,17.46,17.75,17.41,17.71,57755
SYMC,20091110,17.75,17.81,17.55,17.65,53811
SYMC,20091111,17.72,17.80,17.45,17.59,55916
SYMC,20091112,17.64,17.75,17.29,17.34,73062
SYMC,20091113,17.45,17.56,17.33,17.45,69206
SYMC,20091116,17.47,17.92,17.46,17.80,102798
SYMC,20091117,17.59,17.86,17.59,17.82,63087
SYMC,20091118,17.76,17.97,17.65,17.97,80143
SYMC,20091119,17.76,17.92,17.59,17.87,184359
SYMC,20091120,17.77,18.00,17.61,17.72,81235
SYMC,20091123,17.76,18.19,17.73,18.01,84848
SYMC,20091124,17.95,18.01,17.75,17.94,80799
SYMC,20091125,17.96,18.07,17.88,18.02,51555
SYMC,20091127,17.59,17.92,17.55,17.69,39084
SYMC,20091130,17.60,17.82,17.50,17.75,102713
SYMC,20091201,17.82,18.15,17.76,18.01,91006
SYMC,20091202,18.15,18.16,17.79,18.00,79233
SYMC,20091203,17.98,18.19,17.92,17.96,78482
SYMC,20091204,18.10,18.28,17.83,17.88,88369
SYMC,20091207,17.82,17.89,17.60,17.66,77815
SYMC,20091208,17.32,17.54,17.22,17.36,127431
SYMC,20091209,17.33,17.72,17.25,17.65,106508
SYMC,20091210,17.66,17.88,17.64,17.67,65694
SYMC,20091211,17.87,17.89,17.46,17.61,72697
SYMC,20091214,17.87,17.88,17.69,17.73,54945
SYMC,20091215,17.74,17.85,17.61,17.65,57064
SYMC,20091216,17.77,17.96,17.68,17.72,58530
SYMC,20091217,17.70,17.80,17.38,17.43,86013
SYMC,20091218,17.70,17.70,17.41,17.61,109202
SYMC,20091221,17.67,17.84,17.57,17.83,52663
SYMC,20091222,17.85,17.95,17.68,17.71,54598
SYMC,20091223,17.70,17.80,17.65,17.76,42232
SYMC,20091224,17.77,18.05,17.76,18.03,24427
SYMC,20091228,18.01,18.16,17.97,18.08,48983
SYMC,20091229,18.05,18.14,17.98,18.03,37574
SYMC,20091230,17.97,18.17,17.97,18.15,45987
SYMC,20091231,18.01,18.27,17.89,17.89,64044
SYMC,20100104,18.04,18.53,18.01,18.40,83222
SYMC,20100105,18.40,18.44,18.14,18.30,66212
SYMC,20100106,18.22,18.46,18.14,18.36,60436
SYMC,20100107,18.47,18.47,18.13,18.32,80852
SYMC,20100108,18.25,18.50,18.21,18.37,60308
SYMC,20100111,18.46,18.50,18.23,18.36,63455
SYMC,20100112,18.33,18.62,18.25,18.47,129104
SYMC,20100113,18.74,18.86,18.53,18.69,97150
SYMC,20100114,18.79,18.89,18.61,18.78,71938
SYMC,20100115,18.99,19.14,18.57,18.85,170477
SYMC,20100119,18.79,19.16,18.79,19.14,100532
SYMC,20100120,19.08,19.08,18.36,18.71,146258
SYMC,20100121,18.90,19.04,18.49,18.63,172686
SYMC,20100122,18.63,18.84,18.28,18.29,147099
SYMC,20100125,18.36,18.63,18.24,18.47,112095
SYMC,20100126,18.30,18.63,18.28,18.46,102000
SYMC,20100127,18.39,18.66,18.23,18.61,142773
SYMC,20100128,18.04,18.10,17.15,17.41,353227
SYMC,20100129,17.51,17.56,16.90,16.95,165388
SYMC,20100201,17.11,17.37,16.99,17.33,136629
SYMC,20100202,17.31,17.43,17.09,17.33,129818
SYMC,20100203,17.18,17.39,17.14,17.26,114345
SYMC,20100204,17.15,17.19,16.85,16.93,138810
SYMC,20100205,16.87,17.20,16.83,17.14,137089
SYMC,20100208,16.95,17.13,16.87,17.01,92418
SYMC,20100209,17.21,17.21,16.85,17.06,135095
SYMC,20100210,17.00,17.15,16.88,17.09,72454
SYMC,20100211,17.07,17.40,16.92,17.23,111690
SYMC,20100212,16.79,16.86,16.60,16.83,172033
SYMC,20100216,16.60,17.12,16.58,17.09,78278
SYMC,20100217,17.07,17.20,16.83,16.94,97525
SYMC,20100218,17.12,17.14,16.80,17.12,78894
SYMC,20100219,16.92,17.25,16.92,17.17,63182
SYMC,20100222,17.27,17.27,16.82,16.88,185009
SYMC,20100223,16.94,16.94,16.61,16.64,155571
SYMC,20100224,16.75,16.87,16.45,16.52,238268
SYMC,20100225,16.31,16.59,16.13,16.54,206315
SYMC,20100226,16.60,16.66,16.34,16.55,147236
SYMC,20100301,16.55,16.76,16.48,16.68,130543
SYMC,20100302,16.80,16.84,16.56,16.57,122866
SYMC,20100303,16.58,16.79,16.58,16.66,95010
SYMC,20100304,16.86,16.86,16.51,16.73,95265
SYMC,20100305,16.89,17.00,16.77,16.97,103320
SYMC,20100308,16.92,16.99,16.82,16.90,69863
SYMC,20100309,16.92,17.30,16.76,17.20,119907
SYMC,20100310,17.05,17.49,17.00,17.45,165318
SYMC,20100311,17.36,17.45,17.24,17.38,87982
SYMC,20100312,17.37,17.52,17.27,17.47,74233
SYMC,20100315,17.48,17.50,17.20,17.38,67337
SYMC,20100316,17.37,17.48,17.17,17.28,83231
SYMC,20100317,17.34,17.34,17.02,17.12,142258
SYMC,20100318,17.16,17.50,17.12,17.46,184789
SYMC,20100319,17.43,17.57,17.11,17.19,349748
SYMC,20100322,17.15,17.25,17.10,17.17,202683
SYMC,20100323,17.15,17.17,16.92,17.05,146947
SYMC,20100324,16.99,17.05,16.83,16.97,239605
SYMC,20100325,17.24,17.24,16.91,17.03,163333
SYMC,20100326,17.10,17.10,16.76,16.84,100197
SYMC,20100329,16.89,16.99,16.84,16.95,93229
SYMC,20100330,16.97,17.09,16.91,17.05,98881
SYMC,20100331,17.01,17.05,16.80,16.93,70167
SYMC,20100401,16.97,17.09,16.71,16.77,98275
SYMC,20100405,16.78,16.88,16.72,16.83,113903
SYMC,20100406,16.70,16.76,16.53,16.73,128619
SYMC,20100407,16.72,16.86,16.64,16.69,110477
SYMC,20100408,16.77,16.79,16.55,16.68,96548
SYMC,20100409,16.65,17.10,16.58,17.08,139967
SYMC,20100412,17.03,17.23,17.03,17.16,91890
SYMC,20100413,17.12,17.16,16.66,16.71,206624
SYMC,20100414,16.75,17.13,16.67,17.09,198203
SYMC,20100415,16.85,17.17,16.74,16.98,177608
SYMC,20100416,16.97,17.04,16.67,16.68,174634
SYMC,20100419,16.71,16.87,16.56,16.81,106036
SYMC,20100420,16.95,17.13,16.87,17.07,125412
SYMC,20100421,16.99,17.13,16.86,17.11,85902
SYMC,20100422,17.05,17.27,16.85,17.22,156515
SYMC,20100423,17.14,17.41,16.99,17.41,104456
SYMC,20100426,17.40,17.47,17.07,17.08,118639
SYMC,20100427,17.09,17.23,16.90,16.95,133282
SYMC,20100428,17.05,17.44,17.01,17.36,188559
SYMC,20100429,17.20,17.36,17.06,17.14,147361
SYMC,20100430,16.73,16.95,16.69,16.77,174324
SYMC,20100503,16.82,16.87,16.58,16.64,242367
SYMC,20100504,16.52,16.55,16.13,16.22,191767
SYMC,20100505,16.21,16.40,16.13,16.25,224421
SYMC,20100506,16.97,17.25,15.95,16.53,391337
SYMC,20100507,16.44,16.54,15.53,15.62,330119
SYMC,20100510,16.15,16.40,16.04,16.21,221837
SYMC,20100511,16.15,16.54,16.06,16.29,122340
SYMC,20100512,16.40,16.61,16.23,16.58,131275
SYMC,20100513,16.45,16.73,16.36,16.37,83079
SYMC,20100514,16.29,16.35,15.98,16.12,108248
SYMC,20100517,16.08,16.32,15.95,16.28,171859
SYMC,20100518,16.43,16.46,15.91,15.95,180499
SYMC,20100519,16.01,16.13,15.54,15.63,195685
SYMC,20100520,15.26,15.36,14.75,14.76,254215
SYMC,20100521,14.61,16.35,14.38,14.71,295415
SYMC,20100524,14.60,14.73,14.41,14.43,185216
SYMC,20100525,14.23,14.43,14.03,14.33,170980
SYMC,20100526,14.36,14.67,14.10,14.14,272394
SYMC,20100527,14.31,14.62,14.31,14.62,128437
SYMC,20100528,14.50,14.55,14.09,14.17,181534
SYMC,20100601,14.08,14.21,13.84,13.84,188416
SYMC,20100602,13.88,14.28,13.84,14.28,150138
SYMC,20100603,14.20,14.62,14.09,14.60,153783
SYMC,20100604,14.27,14.50,13.90,13.92,169114
SYMC,20100607,14.09,14.35,13.88,13.90,140560
SYMC,20100608,13.93,14.11,13.78,14.05,182200
SYMC,20100609,14.10,14.20,13.88,13.92,178339
SYMC,20100610,14.40,14.50,14.22,14.43,224331
SYMC,20100611,14.22,14.72,14.22,14.67,128064
SYMC,20100614,14.88,14.88,14.41,14.43,131083
SYMC,20100615,14.64,15.03,14.60,15.01,104871
SYMC,20100616,14.85,15.16,14.79,15.07,106642
SYMC,20100617,15.12,15.19,14.89,15.04,206671
SYMC,20100618,15.07,15.30,15.00,15.16,131580
SYMC,20100621,15.36,15.40,14.84,14.96,96492
SYMC,20100622,14.90,15.11,14.65,14.68,81184
SYMC,20100623,14.72,14.89,14.58,14.75,94762
SYMC,20100624,14.78,14.81,14.39,14.42,104211
SYMC,20100625,14.42,14.57,14.16,14.42,293976
SYMC,20100628,14.47,14.59,14.33,14.41,72609
SYMC,20100629,14.25,14.28,13.82,13.93,123266
SYMC,20100630,13.90,14.21,13.85,13.88,193268
SYMC,20100701,13.82,13.95,13.58,13.87,134220
SYMC,20100702,13.84,14.06,13.78,13.98,90180
SYMC,20100706,14.17,14.28,13.92,14.03,101816
SYMC,20100707,14.00,14.48,13.94,14.46,162117
SYMC,20100708,14.52,14.55,14.30,14.50,109933
SYMC,20100709,14.41,14.65,14.39,14.55,70585
SYMC,20100712,14.46,14.83,14.45,14.72,64470
SYMC,20100713,14.85,15.00,14.81,14.98,113151
SYMC,20100714,15.07,15.08,14.86,14.96,110430
SYMC,20100715,14.83,14.97,14.59,14.92,117961
SYMC,20100716,14.93,14.99,14.56,14.59,105011
SYMC,20100719,14.63,14.95,14.61,14.90,86401
SYMC,20100720,14.68,15.02,14.55,15.02,83684
SYMC,20100721,14.98,15.05,14.52,14.59,94487
SYMC,20100722,14.77,15.50,14.67,15.19,98245
SYMC,20100723,15.14,15.19,14.96,15.19,65872
SYMC,20100726,15.14,15.15,14.83,15.09,95933
SYMC,20100727,15.13,15.17,14.93,14.99,93071
SYMC,20100728,15.00,15.08,14.64,14.67,130309
SYMC,20100729,13.23,13.76,12.90,13.03,624492
SYMC,20100730,12.95,13.08,12.82,12.97,194225
SYMC,20100802,13.11,13.28,13.05,13.17,144660
SYMC,20100803,13.06,13.19,12.92,12.96,120635
SYMC,20100804,13.05,13.22,12.98,13.08,77246
SYMC,20100805,13.08,13.27,12.97,13.09,187046
SYMC,20100806,13.00,13.14,12.83,13.04,103639
SYMC,20100809,13.09,13.09,12.93,13.04,93193
SYMC,20100810,12.93,13.01,12.71,12.90,102787
SYMC,20100811,12.66,12.74,12.50,12.55,148355
SYMC,20100812,12.42,12.49,12.31,12.41,133056
SYMC,20100813,12.35,12.42,12.27,12.34,86267
SYMC,20100816,12.06,12.45,12.04,12.39,108250
SYMC,20100817,12.48,12.82,12.44,12.73,132498
SYMC,20100818,12.66,12.73,12.53,12.59,105068
SYMC,20100819,13.95,13.97,13.00,13.37,620955
SYMC,20100820,13.57,13.83,13.44,13.80,314585
SYMC,20100823,13.84,13.90,13.50,13.53,151113
SYMC,20100824,13.36,13.74,13.33,13.66,153707
SYMC,20100825,13.56,13.87,13.50,13.82,123920
SYMC,20100826,13.84,13.84,13.60,13.66,146570
SYMC,20100827,13.75,14.05,13.68,13.97,174206
SYMC,20100830,13.87,13.98,13.68,13.69,180761
SYMC,20100831,13.67,13.74,13.57,13.63,213307
SYMC,20100901,13.91,14.09,13.75,14.08,156391
SYMC,20100902,14.02,14.12,13.89,13.97,113784
SYMC,20100903,14.19,14.24,13.94,13.98,122369
SYMC,20100907,13.92,14.11,13.92,13.97,110115
SYMC,20100908,14.06,14.98,13.96,14.58,389159
SYMC,20100909,14.70,14.81,14.51,14.62,117342
SYMC,20100910,14.69,14.97,14.60,14.86,133608
SYMC,20100913,14.95,15.14,14.89,15.01,135270
SYMC,20100914,15.06,15.13,14.95,15.00,154435
SYMC,20100915,14.96,15.07,14.85,14.99,123326
SYMC,20100916,14.99,15.01,14.85,14.94,80818
SYMC,20100917,15.01,15.07,14.93,14.98,116618
SYMC,20100920,15.02,15.23,15.00,15.09,78450
SYMC,20100921,15.18,15.19,14.99,15.06,84580
SYMC,20100922,15.10,15.18,14.89,14.91,167529
SYMC,20100923,14.86,15.02,14.76,14.91,91750
SYMC,20100924,15.05,15.18,14.99,15.14,90831
SYMC,20100927,15.21,15.55,15.15,15.42,126770
SYMC,20100928,15.47,15.72,15.15,15.55,112598
SYMC,20100929,15.49,15.75,15.44,15.61,99416
SYMC,20100930,15.65,15.72,15.09,15.13,208764
SYMC,20101001,15.34,15.54,15.25,15.40,137807
SYMC,20101004,15.38,15.40,14.88,15.02,106119
SYMC,20101005,15.22,15.34,15.03,15.28,114021
SYMC,20101006,15.25,15.31,14.76,14.93,124392
SYMC,20101007,14.96,15.19,14.90,15.03,87956
SYMC,20101008,15.09,15.17,14.97,15.01,79214
SYMC,20101011,14.99,15.25,14.98,15.17,72300
SYMC,20101012,15.11,15.44,14.98,15.39,96642
SYMC,20101013,15.50,15.76,15.44,15.60,99648
SYMC,20101014,15.60,15.71,15.40,15.56,82507
SYMC,20101015,15.65,15.80,15.48,15.73,97421
SYMC,20101018,15.68,15.75,15.54,15.61,63604
SYMC,20101019,15.50,15.58,15.27,15.51,80805
SYMC,20101020,15.56,15.72,15.52,15.59,69251
SYMC,20101021,15.71,15.94,15.45,15.56,97996
SYMC,20101022,15.61,15.81,15.45,15.70,84828
SYMC,20101025,15.79,15.90,15.67,15.78,65699
SYMC,20101026,15.63,15.95,15.54,15.89,69894
SYMC,20101027,15.72,15.88,15.61,15.80,117171
SYMC,20101028,16.58,16.69,16.32,16.45,248835
SYMC,20101029,16.39,16.48,16.18,16.19,95165
SYMC,20101101,16.29,16.66,16.27,16.38,70406
SYMC,20101102,16.53,16.87,16.49,16.69,111240
SYMC,20101103,16.65,16.73,16.20,16.36,139989
SYMC,20101104,16.52,16.59,16.40,16.57,70091
SYMC,20101105,17.31,17.64,16.99,17.21,159802
SYMC,20101108,17.15,17.58,16.96,17.56,202196
SYMC,20101109,17.90,18.24,17.47,17.56,163617
SYMC,20101110,17.55,17.68,17.27,17.67,127271
SYMC,20101111,17.47,17.49,16.81,17.07,198472
SYMC,20101112,16.90,17.32,16.89,17.23,159952
SYMC,20101115,17.25,17.42,17.02,17.08,96559
SYMC,20101116,16.86,17.03,16.70,16.71,117736
SYMC,20101117,16.70,17.06,16.67,16.93,84490
SYMC,20101118,17.13,17.40,17.04,17.14,77396
SYMC,20101119,17.13,17.31,17.12,17.23,62760
SYMC,20101122,17.11,17.23,16.94,17.05,100793
SYMC,20101123,16.80,17.04,16.57,16.73,99378
SYMC,20101124,16.89,17.37,16.86,17.20,75284
SYMC,20101126,17.07,17.13,16.97,16.99,31357
SYMC,20101129,16.82,16.90,16.46,16.68,110028
SYMC,20101130,16.48,16.91,16.48,16.80,145246
SYMC,20101201,17.04,17.29,16.98,17.14,86150
SYMC,20101202,17.21,17.35,17.06,17.25,100016
SYMC,20101203,17.22,17.32,17.00,17.09,74279
SYMC,20101206,17.03,17.14,16.94,17.01,86867
SYMC,20101207,17.18,17.20,16.92,16.94,78742
SYMC,20101208,17.02,17.05,16.82,17.02,80179
SYMC,20101209,17.05,17.20,16.89,16.96,76827
SYMC,20101210,17.02,17.24,16.86,17.20,73500
SYMC,20101213,17.18,17.37,17.09,17.13,71145
SYMC,20101214,17.19,17.37,17.11,17.26,87304
SYMC,20101215,17.20,17.34,17.08,17.15,65147
SYMC,20101216,17.21,17.42,17.09,17.27,61737
SYMC,20101217,17.23,17.26,16.90,16.94,128208
SYMC,20101220,16.97,17.00,16.67,16.70,89686
SYMC,20101221,16.70,16.90,16.61,16.70,66451
SYMC,20101222,16.70,16.78,16.67,16.71,56914
SYMC,20101223,16.74,16.74,16.48,16.52,48248
SYMC,20101227,16.46,16.82,16.32,16.77,43049
SYMC,20101228,16.83,16.86,16.63,16.78,32952
SYMC,20101229,16.76,16.89,16.76,16.81,25924
SYMC,20101230,16.78,16.85,16.61,16.77,29499
SYMC,20101231,16.76,16.79,16.57,16.74,38388
SYMC,20110103,16.88,17.31,16.84,17.16,82769
SYMC,20110104,17.15,17.28,17.02,17.16,56038
SYMC,20110105,17.15,17.65,17.11,17.62,87967
SYMC,20110106,17.64,17.72,17.46,17.69,79481
SYMC,20110107,17.75,17.77,17.38,17.55,65865
SYMC,20110110,17.28,17.39,16.92,17.05,14989200
SYMC,20110111,17.24,17.32,17.01,17.09,6780600
SYMC,20110112,17.72,17.98,17.52,17.63,20652100
SYMC,20110113,17.57,17.67,17.34,17.39,11092300
SYMC,20110114,17.33,17.52,17.32,17.52,8489600
SYMC,20110118,17.84,18.26,17.65,18.22,15801200
SYMC,20110119,18.09,18.12,17.76,17.97,10668200
SYMC,20110120,18.06,18.12,17.58,17.81,8224500
SYMC,20110121,17.85,17.95,17.75,17.85,6423700
SYMC,20110124,17.82,17.95,17.71,17.91,7235800
SYMC,20110125,17.90,17.95,17.62,17.83,7397000
SYMC,20110126,17.89,17.90,17.61,17.80,10913400
SYMC,20110127,18.25,18.79,17.81,17.91,37873800
SYMC,20110128,17.97,18.04,17.21,17.46,18833900
SYMC,20110131,17.48,17.61,17.28,17.61,6713000
SYMC,20110201,17.64,18.02,17.63,17.99,10465300
SYMC,20110202,17.97,18.01,17.75,17.91,7095800
SYMC,20110203,17.81,18.04,17.64,17.95,8999300
SYMC,20110204,17.95,18.19,17.87,18.16,8187800
SYMC,20110207,18.09,18.32,18.09,18.26,5126200
SYMC,20110208,18.21,18.49,18.21,18.49,6283100
SYMC,20110209,18.45,18.48,18.27,18.37,5738400
SYMC,20110210,18.37,18.51,18.19,18.50,9414800
SYMC,20110211,18.40,18.49,18.27,18.44,6782600
SYMC,20110214,18.40,18.68,18.34,18.42,5923300
SYMC,20110215,18.41,18.55,18.31,18.53,5779500
SYMC,20110216,18.41,18.51,18.27,18.33,6459800
SYMC,20110217,18.37,18.72,18.32,18.63,5568400
SYMC,20110218,18.56,18.80,18.44,18.58,6114200
SYMC,20110222,18.38,18.54,17.91,17.93,7870400
SYMC,20110223,17.92,17.99,17.56,17.70,8946600
SYMC,20110224,17.69,17.94,17.62,17.82,7972200
SYMC,20110225,17.90,18.21,17.89,18.15,6576900
SYMC,20110228,18.11,18.17,17.85,18.03,6420700
SYMC,20110301,18.10,18.12,17.40,17.42,9692900
SYMC,20110302,17.39,17.60,17.27,17.46,6496600
SYMC,20110303,17.59,18.00,17.58,17.96,7431000
SYMC,20110304,17.96,17.99,17.59,17.72,13808300
SYMC,20110307,17.81,17.97,17.41,17.88,9251900
SYMC,20110308,17.87,18.37,17.81,18.03,8971000
SYMC,20110309,17.79,18.48,17.79,18.46,9538300
SYMC,20110310,18.25,18.35,17.99,18.02,13634200
SYMC,20110311,17.95,18.13,17.85,18.12,8309300
SYMC,20110314,17.95,18.20,17.90,18.06,8979400
SYMC,20110315,17.55,17.70,17.36,17.56,11936300
SYMC,20110316,17.41,17.52,16.99,17.06,13250500
SYMC,20110317,17.33,17.40,17.11,17.24,7665200
SYMC,20110318,17.47,17.50,17.14,17.27,11516600
SYMC,20110321,17.45,17.79,17.38,17.67,7232700
SYMC,20110322,17.65,17.79,17.49,17.63,3747600
SYMC,20110323,17.59,17.76,17.33,17.71,4490400
SYMC,20110324,17.80,18.11,17.68,18.09,6104700
SYMC,20110325,18.18,18.27,18.06,18.11,5901400
SYMC,20110328,18.11,18.21,17.95,17.97,4332600
SYMC,20110329,17.90,18.23,17.80,18.21,4204400
SYMC,20110330,18.27,18.27,17.99,18.05,7948100
SYMC,20110331,18.05,18.55,18.05,18.54,9274500
SYMC,20110401,18.65,18.75,18.36,18.46,8024200
SYMC,20110404,18.46,18.49,18.18,18.36,5709500
SYMC,20110405,18.33,18.41,18.12,18.34,5557800
SYMC,20110406,18.38,18.50,18.17,18.38,14390300
SYMC,20110407,18.32,18.48,18.15,18.26,7452500
SYMC,20110408,18.34,18.39,18.09,18.21,4773600
SYMC,20110411,18.66,18.69,18.39,18.42,13581500
SYMC,20110412,18.31,18.37,18.14,18.25,7936400
SYMC,20110413,18.30,18.44,18.16,18.33,6295300
SYMC,20110414,18.18,18.52,18.04,18.44,6783000
SYMC,20110415,18.44,18.56,18.29,18.52,5628500
SYMC,20110418,18.25,18.31,17.97,18.20,6322100
SYMC,20110419,18.26,18.35,18.02,18.13,5221100
SYMC,20110420,18.46,18.97,18.37,18.94,8042500
SYMC,20110421,18.95,19.05,18.83,19.03,6739700
SYMC,20110425,18.90,19.24,18.89,19.17,7395900
SYMC,20110426,19.22,19.51,19.13,19.34,9340700
