TLT,20090115,116.20,116.92,115.58,116.09,28272
TLT,20090116,113.42,116.09,113.36,114.30,29947
TLT,20090120,112.29,114.63,112.23,114.28,32682
TLT,20090121,111.93,113.04,110.40,110.67,28381
TLT,20090122,110.60,110.77,107.88,108.54,40166
TLT,20090123,107.92,108.32,106.69,107.69,26762
TLT,20090126,107.43,107.82,106.30,106.75,22408
TLT,20090127,107.80,109.59,107.63,109.26,34214
TLT,20090128,109.31,109.81,105.72,106.53,43481
TLT,20090129,105.56,106.31,103.66,104.08,37244
TLT,20090130,104.55,104.87,103.44,103.75,26300
TLT,20090202,104.02,105.68,103.39,105.39,27001
TLT,20090203,104.30,104.83,102.75,102.88,28464
TLT,20090204,102.75,102.87,101.62,102.52,23053
TLT,20090205,103.24,103.88,102.21,102.61,22774
TLT,20090206,102.25,102.86,101.90,102.29,16675
TLT,20090209,101.69,102.67,101.06,102.62,22572
TLT,20090210,104.11,104.96,103.45,104.85,37830
TLT,20090211,105.71,106.50,105.53,106.21,27742
TLT,20090212,105.98,106.18,104.74,105.21,18185
TLT,20090213,103.95,103.95,102.23,102.41,24678
TLT,20090217,104.55,105.66,104.35,105.60,28138
TLT,20090218,106.06,106.56,104.30,104.70,27686
TLT,20090219,102.69,104.06,102.23,102.92,32202
TLT,20090220,104.27,105.16,103.30,103.92,42720
TLT,20090223,103.60,104.88,103.17,104.88,26886
TLT,20090224,105.70,106.68,104.77,104.77,41970
TLT,20090225,105.24,105.49,103.03,103.49,39051
TLT,20090226,102.87,103.26,101.98,102.47,26111
TLT,20090227,102.57,103.01,101.21,101.88,32677
TLT,20090302,102.22,103.28,102.09,103.28,33020
TLT,20090303,102.23,103.57,101.81,102.59,30848
TLT,20090304,101.49,102.25,101.16,102.12,31783
TLT,20090305,104.02,105.44,103.44,104.96,45624
TLT,20090306,104.26,105.97,104.09,104.26,31262
TLT,20090309,104.51,104.55,103.12,103.65,20704
TLT,20090310,102.43,102.75,101.51,101.66,26026
TLT,20090311,101.29,102.76,100.93,102.76,31005
TLT,20090312,102.66,103.97,102.31,103.25,35588
TLT,20090313,102.75,103.88,102.33,102.73,25039
TLT,20090316,100.82,101.45,100.50,101.11,32656
TLT,20090317,101.72,102.33,100.39,100.56,30761
TLT,20090318,101.12,108.07,100.90,104.37,85800
TLT,20090319,105.62,105.66,104.22,104.50,36509
TLT,20090320,104.62,105.00,103.78,103.92,34797
TLT,20090323,104.29,104.42,102.97,103.02,20970
TLT,20090324,102.19,105.16,101.93,104.00,54772
TLT,20090325,103.29,103.72,102.31,102.60,25495
TLT,20090326,102.44,104.06,102.16,103.79,23798
TLT,20090327,104.15,104.93,103.56,104.56,18539
TLT,20090330,105.44,105.87,103.94,104.89,22440
TLT,20090331,105.04,105.80,105.00,105.71,10945
TLT,20090401,106.12,106.56,105.53,106.37,23833
TLT,20090402,105.89,106.07,104.84,105.07,17663
TLT,20090403,104.91,105.16,102.66,102.92,33168
TLT,20090406,103.54,103.59,102.22,102.48,14180
TLT,20090407,102.54,103.31,102.48,102.74,13126
TLT,20090408,103.07,103.86,102.95,103.65,10078
TLT,20090409,102.47,103.18,101.98,102.35,10888
TLT,20090413,102.96,103.51,102.93,103.29,9466
TLT,20090414,103.25,104.21,102.93,103.83,13360
TLT,20090415,104.13,104.30,102.88,103.65,11524
TLT,20090416,102.85,103.45,102.78,102.83,10556
TLT,20090417,102.47,102.71,101.37,101.70,25827
TLT,20090420,102.63,103.40,102.45,103.24,17143
TLT,20090421,104.04,104.21,102.22,102.22,18025
TLT,20090422,102.45,102.56,101.11,101.60,22781
TLT,20090423,101.35,101.75,100.94,101.59,16883
TLT,20090424,100.79,100.98,100.10,100.57,28299
TLT,20090427,101.07,101.19,100.06,101.00,22945
TLT,20090428,101.50,101.58,99.09,99.35,23324
TLT,20090429,99.67,100.08,98.15,98.47,37525
TLT,20090430,97.98,98.36,97.39,98.08,27780
TLT,20090501,97.12,97.29,96.57,97.11,27721
TLT,20090504,97.36,97.82,96.79,97.43,22466
TLT,20090505,97.46,97.83,96.76,97.31,13690
TLT,20090506,97.12,98.00,97.00,97.08,20459
TLT,20090507,95.94,96.70,94.33,94.71,57552
TLT,20090508,95.02,95.39,94.65,94.94,21934
TLT,20090511,96.05,96.45,95.79,96.29,21699
TLT,20090512,96.18,97.02,95.80,96.64,23047
TLT,20090513,97.36,97.93,97.24,97.69,19175
TLT,20090514,97.60,98.25,97.30,98.07,17046
TLT,20090515,98.00,98.05,97.46,98.04,23065
TLT,20090518,98.01,98.11,96.37,96.52,22346
TLT,20090519,96.19,96.47,95.71,96.01,16242
TLT,20090520,95.93,97.16,95.83,97.02,28257
TLT,20090521,97.55,97.64,94.35,94.58,47716
TLT,20090522,93.82,94.49,93.35,93.53,44836
TLT,20090526,94.05,94.10,92.12,92.12,36331
TLT,20090527,92.24,92.58,90.38,90.49,74901
TLT,20090528,91.77,91.98,90.23,91.80,98244
TLT,20090529,91.70,94.23,91.64,94.17,47466
TLT,20090601,92.34,92.38,90.57,91.09,69869
TLT,20090602,91.61,91.77,90.78,91.58,50636
TLT,20090603,91.96,92.61,91.33,92.44,67271
TLT,20090604,91.43,91.72,90.24,90.53,54386
TLT,20090605,89.91,90.90,89.55,89.84,84405
TLT,20090608,90.41,90.73,89.48,89.61,40839
TLT,20090609,90.19,90.31,89.25,89.60,60463
TLT,20090610,88.87,89.43,87.56,88.19,121419
TLT,20090611,87.76,89.52,87.69,89.17,106938
TLT,20090612,89.42,90.65,89.42,89.97,66067
TLT,20090615,90.54,91.15,90.48,90.78,45186
TLT,20090616,90.96,92.43,90.80,92.36,53769
TLT,20090617,92.45,93.33,91.84,91.84,71971
TLT,20090618,91.25,91.58,90.11,90.45,67940
TLT,20090619,90.33,91.70,90.21,91.69,47509
TLT,20090622,92.44,92.91,92.06,92.58,39522
TLT,20090623,92.77,93.81,92.58,93.67,53599
TLT,20090624,93.65,94.07,92.66,92.73,65564
TLT,20090625,93.22,94.50,92.67,94.43,71400
TLT,20090626,94.62,94.90,94.21,94.59,40503
TLT,20090629,95.07,95.37,94.58,94.73,43348
TLT,20090630,94.19,95.11,93.81,94.57,37437
TLT,20090701,93.42,94.09,93.24,94.08,33800
TLT,20090702,94.33,94.61,94.00,94.30,26450
TLT,20090706,94.05,94.29,93.39,94.12,18867
TLT,20090707,93.62,94.88,93.61,94.75,25923
TLT,20090708,95.12,96.81,94.89,96.50,79128
TLT,20090709,95.35,95.73,94.45,95.35,52414
TLT,20090710,95.62,96.33,95.43,96.23,39818
TLT,20090713,96.32,96.60,95.56,95.69,26043
TLT,20090714,94.76,95.13,93.70,94.10,36291
TLT,20090715,92.66,93.00,91.67,91.68,46692
TLT,20090716,92.81,93.18,92.50,92.67,42252
TLT,20090717,91.90,92.36,91.24,91.24,38457
TLT,20090720,90.85,92.49,90.80,91.72,44364
TLT,20090721,91.45,93.70,91.29,93.55,38952
TLT,20090722,93.40,93.53,92.36,92.71,19866
TLT,20090723,92.76,92.80,90.57,91.01,38195
TLT,20090724,91.00,91.45,90.77,91.45,17653
TLT,20090727,90.23,90.66,89.94,90.40,27562
TLT,20090728,90.72,91.82,90.43,91.20,33247
TLT,20090729,92.17,92.29,90.94,91.70,29111
TLT,20090730,91.54,93.15,91.23,93.00,40406
TLT,20090731,93.85,94.86,93.28,94.81,56969
TLT,20090803,93.81,93.87,92.61,93.06,40292
TLT,20090804,93.63,93.72,91.67,92.32,38322
TLT,20090805,91.31,92.75,90.87,90.94,44582
TLT,20090806,90.90,91.89,90.42,91.25,32284
TLT,20090807,90.42,90.93,90.22,90.49,35431
TLT,20090810,90.51,91.64,90.41,91.62,31501
TLT,20090811,92.39,92.87,91.99,92.68,36777
TLT,20090812,92.95,93.07,91.09,91.69,47292
TLT,20090813,91.80,93.15,91.50,92.99,39223
TLT,20090814,93.30,94.20,93.21,93.35,44103
TLT,20090817,93.95,94.75,93.87,94.73,35703
TLT,20090818,94.66,94.77,94.01,94.18,25578
TLT,20090819,95.17,95.37,94.41,94.96,35182
TLT,20090820,95.38,95.87,94.78,95.74,32827
TLT,20090821,95.64,95.73,93.75,93.77,62582
TLT,20090824,93.49,95.47,93.46,95.47,44602
TLT,20090825,95.37,96.09,94.91,96.01,33597
TLT,20090826,96.18,96.55,95.91,96.45,32258
TLT,20090827,96.18,96.62,95.73,96.07,25139
TLT,20090828,95.44,96.51,95.31,96.51,20725
TLT,20090831,96.36,96.86,95.76,96.60,28999
TLT,20090901,95.82,96.58,95.14,96.06,33041
TLT,20090902,96.48,97.66,96.24,97.46,43449
TLT,20090903,96.84,97.12,96.55,96.86,27037
TLT,20090904,96.44,96.60,95.06,95.21,36429
TLT,20090908,94.48,95.37,94.36,94.54,24689
TLT,20090909,93.89,94.43,93.52,94.43,31823
TLT,20090910,94.93,96.71,94.91,96.17,44172
TLT,20090911,96.82,97.68,96.60,96.70,48261
TLT,20090914,96.02,96.67,95.65,95.74,21195
TLT,20090915,95.19,95.77,95.07,95.25,21878
TLT,20090916,95.34,95.95,94.60,95.42,37340
TLT,20090917,95.69,96.73,95.17,96.62,28319
TLT,20090918,96.20,96.53,95.67,95.76,28133
TLT,20090921,96.10,96.49,95.36,95.98,30502
TLT,20090922,95.65,96.37,95.51,96.18,20680
TLT,20090923,95.94,96.58,95.20,96.47,57119
TLT,20090924,96.50,97.09,96.17,96.75,46583
TLT,20090925,97.36,98.06,96.77,97.98,38544
TLT,20090928,98.32,98.93,98.11,98.84,42638
TLT,20090929,98.32,99.17,98.15,98.75,31231
TLT,20090930,98.56,99.13,98.36,98.66,27448
TLT,20091001,98.96,100.06,98.80,99.70,57544
TLT,20091002,100.28,100.31,98.88,99.01,48277
TLT,20091005,99.47,99.66,98.77,99.02,29101
TLT,20091006,98.76,98.80,97.98,98.04,39361
TLT,20091007,98.67,99.33,98.60,99.19,35909
TLT,20091008,99.71,99.76,97.68,98.15,58716
TLT,20091009,97.62,97.71,95.50,95.90,81358
TLT,20091012,96.03,96.33,95.60,96.05,19396
TLT,20091013,96.62,96.85,96.26,96.55,28865
TLT,20091014,95.51,96.10,94.90,95.12,54209
TLT,20091015,94.57,95.42,94.37,94.68,37368
TLT,20091016,95.19,95.53,94.73,95.45,37168
TLT,20091019,95.59,96.21,95.38,96.20,31638
TLT,20091020,97.02,97.25,96.54,96.72,29123
TLT,20091021,96.16,96.21,95.51,96.14,33551
TLT,20091022,95.38,95.83,95.33,95.67,25722
TLT,20091023,94.88,95.42,94.87,94.95,29962
TLT,20091026,94.44,94.51,93.55,93.72,41278
TLT,20091027,93.97,95.11,93.92,95.00,44763
TLT,20091028,95.14,95.80,94.96,95.45,45853
TLT,20091029,94.82,95.06,93.95,94.41,46453
TLT,20091030,95.10,96.01,94.87,95.78,51180
TLT,20091102,95.51,95.58,94.80,95.05,34637
TLT,20091103,95.28,95.36,94.00,94.10,44706
TLT,20091104,93.61,94.07,92.80,93.24,53496
TLT,20091105,92.87,93.24,92.80,93.24,28520
TLT,20091106,93.38,93.45,92.46,93.33,33810
TLT,20091109,93.28,93.70,93.13,93.44,16977
TLT,20091110,94.05,94.10,92.91,93.27,25498
TLT,20091111,93.63,94.16,93.48,93.66,17710
TLT,20091112,93.24,93.59,92.45,93.49,34313
TLT,20091113,93.83,94.06,93.45,93.92,15942
TLT,20091116,94.65,95.45,94.52,95.02,51756
TLT,20091117,94.99,95.80,94.81,95.53,31743
TLT,20091118,95.44,95.53,94.74,94.97,24135
TLT,20091119,95.24,95.82,94.91,95.14,29698
TLT,20091120,95.00,95.37,94.59,95.12,41362
TLT,20091123,94.54,95.10,94.34,95.00,32193
TLT,20091124,95.11,95.70,94.99,95.60,28956
TLT,20091125,95.49,96.23,94.97,96.04,27894
TLT,20091127,96.40,96.56,96.09,96.40,22490
TLT,20091130,96.20,96.73,96.00,96.63,31158
TLT,20091201,95.76,95.93,95.19,95.25,39795
TLT,20091202,95.29,95.96,94.99,95.33,21939
TLT,20091203,94.43,94.84,94.24,94.34,39473
TLT,20091204,93.29,93.65,92.91,93.34,61081
TLT,20091207,93.27,93.74,93.09,93.46,27741
TLT,20091208,94.05,94.37,93.37,93.60,23785
TLT,20091209,93.69,94.05,92.68,93.17,34943
TLT,20091210,92.69,92.80,91.95,92.10,44463
TLT,20091211,91.84,92.26,91.31,92.09,30534
TLT,20091214,92.35,92.50,92.05,92.20,23803
TLT,20091215,91.57,92.00,91.49,91.79,29939
TLT,20091216,91.93,92.25,91.36,91.68,33016
TLT,20091217,92.50,93.23,92.19,93.19,44289
TLT,20091218,93.20,93.50,92.65,92.79,37895
TLT,20091221,92.06,92.20,91.14,91.14,35240
TLT,20091222,90.80,90.87,90.42,90.63,30787
TLT,20091223,90.96,91.39,90.50,90.65,23360
TLT,20091224,90.33,90.36,89.67,89.71,16988
TLT,20091228,89.46,89.63,89.30,89.46,31708
TLT,20091229,89.26,89.89,89.20,89.73,26170
TLT,20091230,89.92,90.48,89.87,90.32,19191
TLT,20091231,89.76,90.11,89.05,89.89,32424
TLT,20100104,89.84,90.10,89.58,89.81,28290
TLT,20100105,90.05,90.63,90.00,90.39,28416
TLT,20100106,90.17,90.26,89.12,89.18,40996
TLT,20100107,89.22,89.64,89.12,89.33,27934
TLT,20100108,89.51,89.56,88.76,89.29,29106
TLT,20100111,88.99,89.36,88.77,88.80,21812
TLT,20100112,90.16,90.39,89.84,90.32,43212
TLT,20100113,89.93,90.28,89.22,89.27,47549
TLT,20100114,89.69,90.52,89.54,90.52,41888
TLT,20100115,91.03,91.33,90.98,91.08,41427
TLT,20100119,90.72,91.12,90.42,90.82,24959
TLT,20100120,91.32,91.77,91.27,91.74,28005
TLT,20100121,91.55,92.39,91.46,92.16,43630
TLT,20100122,92.09,92.31,91.77,92.00,36670
TLT,20100125,91.54,91.92,91.49,91.58,24194
TLT,20100126,92.02,92.11,91.31,91.61,31380
TLT,20100127,91.75,92.09,91.37,91.56,33257
TLT,20100128,91.13,91.70,91.06,91.51,30581
TLT,20100129,91.41,92.36,91.25,92.31,49306
TLT,20100201,91.71,91.73,91.05,91.15,35984
TLT,20100202,91.18,91.45,91.04,91.41,30474
TLT,20100203,90.81,90.97,90.27,90.35,53436
TLT,20100204,90.99,91.82,90.90,91.78,60949
TLT,20100205,91.37,92.42,91.21,91.98,68763
TLT,20100208,91.87,92.15,91.65,92.10,33859
TLT,20100209,91.74,92.22,91.14,91.18,47899
TLT,20100210,91.32,91.60,90.20,90.31,50679
TLT,20100211,90.20,90.28,89.38,89.82,50874
TLT,20100212,90.31,90.42,89.95,90.19,28338
TLT,20100216,89.73,90.44,89.73,90.36,24408
TLT,20100217,89.92,90.09,89.08,89.33,43682
TLT,20100218,89.46,89.50,88.51,88.97,51217
TLT,20100219,89.24,89.51,88.90,89.45,35024
TLT,20100222,89.12,89.32,88.92,89.08,33826
TLT,20100223,89.34,90.54,89.30,90.47,54745
TLT,20100224,90.55,90.88,90.18,90.69,44232
TLT,20100225,91.18,91.29,90.90,91.20,37077
TLT,20100226,91.46,92.06,91.41,91.67,43490
TLT,20100301,91.33,91.53,90.96,91.34,24152
TLT,20100302,90.88,91.28,90.70,91.22,22606
TLT,20100303,91.01,91.08,90.70,90.99,21564
TLT,20100304,90.96,91.68,90.83,91.47,23746
TLT,20100305,90.83,90.87,90.12,90.27,38231
TLT,20100308,89.90,89.97,89.70,89.80,28503
TLT,20100309,89.98,90.00,89.40,89.82,25737
TLT,20100310,89.49,89.70,89.19,89.59,32162
TLT,20100311,89.39,90.14,89.37,89.92,26213
TLT,20100312,89.77,90.65,89.73,90.48,30991
TLT,20100315,90.35,90.47,90.05,90.36,19368
TLT,20100316,90.56,91.09,90.54,91.08,39325
TLT,20100317,91.31,91.47,91.07,91.47,34812
TLT,20100318,91.42,91.48,91.01,91.17,27503
TLT,20100319,90.92,91.58,90.87,91.26,29763
TLT,20100322,91.35,91.49,91.22,91.36,24522
TLT,20100323,91.07,91.32,90.91,90.93,29099
TLT,20100324,89.84,90.25,89.06,89.27,80498
TLT,20100325,89.13,89.24,88.37,88.70,82685
TLT,20100326,88.54,89.12,88.49,88.95,41115
TLT,20100329,88.78,88.85,88.31,88.61,32450
TLT,20100330,88.52,88.95,88.27,88.89,32546
TLT,20100331,89.22,89.52,88.95,89.50,42639
TLT,20100401,88.77,89.03,88.43,88.95,29124
TLT,20100405,87.98,88.14,87.41,87.47,56519
TLT,20100406,87.80,87.85,87.35,87.61,35846
TLT,20100407,87.45,88.92,87.30,88.73,63898
TLT,20100408,88.89,89.13,88.48,88.77,37978
TLT,20100409,88.61,89.06,88.41,88.98,23113
TLT,20100412,89.17,89.56,89.09,89.45,29396
TLT,20100413,89.89,89.95,89.52,89.74,30908
TLT,20100414,89.76,89.87,89.11,89.11,35703
TLT,20100415,88.85,89.50,88.68,89.21,36980
TLT,20100416,89.40,89.99,89.24,89.86,83057
TLT,20100419,89.87,90.03,89.52,89.64,32115
TLT,20100420,89.85,89.99,89.64,89.96,22850
TLT,20100421,90.27,90.83,90.26,90.70,41621
TLT,20100422,90.90,91.09,90.33,90.43,46064
TLT,20100423,90.21,90.37,89.87,90.11,47759
TLT,20100426,90.51,90.65,89.94,90.21,47539
TLT,20100427,90.85,91.92,90.70,91.48,131991
TLT,20100428,91.13,91.35,90.48,90.70,83794
TLT,20100429,90.86,91.22,90.52,91.08,40672
TLT,20100430,91.28,92.17,91.11,92.13,69247
TLT,20100503,91.42,92.02,91.28,91.69,42118
TLT,20100504,92.81,93.47,92.56,93.34,110547
TLT,20100505,94.06,94.85,93.35,93.89,122190
TLT,20100506,94.16,100.00,93.78,96.79,195787
TLT,20100507,95.88,98.09,95.27,95.58,187405
TLT,20100510,93.16,93.94,93.09,93.60,102401
TLT,20100511,93.98,94.02,92.99,93.36,77290
TLT,20100512,93.14,93.26,92.61,92.65,55307
TLT,20100513,93.26,93.55,92.20,93.26,68496
TLT,20100514,94.12,95.50,94.09,94.88,97965
TLT,20100517,94.72,95.71,94.47,94.53,63022
TLT,20100518,94.90,96.17,94.77,95.98,99045
TLT,20100519,95.94,96.95,95.93,96.30,141211
TLT,20100520,97.91,98.57,97.53,98.33,176673
TLT,20100521,99.61,99.75,97.86,98.43,186708
TLT,20100524,98.74,98.87,97.90,98.09,77210
TLT,20100525,99.65,99.89,98.40,98.57,129531
TLT,20100526,98.22,98.40,97.40,98.29,126447
TLT,20100527,96.83,96.99,95.88,96.06,76531
TLT,20100528,96.49,96.78,96.02,96.50,58054
TLT,20100601,97.23,97.29,96.25,96.85,55362
TLT,20100602,97.01,97.19,95.82,95.93,56564
TLT,20100603,95.20,95.91,95.10,95.23,84995
TLT,20100604,96.93,97.95,96.70,97.79,74796
TLT,20100607,97.48,98.59,97.33,98.54,52882
TLT,20100608,97.93,98.51,97.76,98.05,55108
TLT,20100609,97.61,98.12,97.21,97.94,55980
TLT,20100610,97.21,97.29,96.09,96.19,60750
TLT,20100611,97.11,97.81,96.61,97.41,62667
TLT,20100614,96.33,97.04,96.22,96.91,53103
TLT,20100615,97.09,97.25,96.05,96.51,49200
TLT,20100616,97.19,97.22,96.39,97.06,40111
TLT,20100617,97.15,98.23,97.07,97.85,56509
TLT,20100618,97.91,98.11,97.57,97.69,41716
TLT,20100621,96.48,97.55,96.41,97.41,57409
TLT,20100622,97.65,98.60,97.42,98.57,56589
TLT,20100623,98.63,99.57,98.57,99.24,91377
TLT,20100624,99.36,99.59,98.35,98.65,61846
TLT,20100625,98.27,99.33,98.16,99.05,51483
TLT,20100628,99.59,100.00,99.42,99.98,54360
TLT,20100629,100.32,101.13,100.16,101.07,73406
TLT,20100630,101.43,101.79,100.80,101.75,72057
TLT,20100701,101.59,102.66,101.38,101.60,128938
TLT,20100702,101.10,101.44,100.16,100.79,62975
TLT,20100706,100.79,101.75,100.74,101.62,66203
TLT,20100707,101.47,101.51,100.34,100.43,57278
TLT,20100708,99.81,100.16,99.55,99.79,62606
TLT,20100709,99.38,99.64,99.18,99.22,42859
TLT,20100712,99.36,99.84,99.04,99.18,40598
TLT,20100713,98.85,98.89,98.18,98.33,58412
TLT,20100714,98.70,99.49,98.39,99.32,54173
TLT,20100715,99.70,100.59,99.70,100.31,69961
TLT,20100716,100.32,101.13,100.27,100.80,75123
TLT,20100719,100.58,100.75,99.98,100.18,43053
TLT,20100720,100.67,100.90,100.18,100.33,50766
TLT,20100721,100.43,102.28,100.41,102.03,78942
TLT,20100722,101.52,101.52,100.82,100.85,57597
TLT,20100723,100.78,100.97,99.69,99.78,62590
TLT,20100726,99.63,99.81,99.00,99.61,48559
TLT,20100727,98.80,99.18,98.57,98.65,53280
TLT,20100728,98.48,99.19,98.27,98.97,55071
TLT,20100729,98.12,99.02,97.92,98.94,63056
TLT,20100730,100.22,100.61,99.85,100.48,76832
TLT,20100802,99.27,99.33,98.75,98.75,57691
TLT,20100803,99.18,99.66,98.93,99.32,43634
TLT,20100804,99.50,99.51,98.56,98.56,38204
TLT,20100805,99.34,99.49,98.84,99.02,37042
TLT,20100806,99.79,100.21,99.49,100.10,60424
TLT,20100809,99.76,99.98,99.61,99.73,25785
TLT,20100810,100.07,101.01,99.47,99.94,112510
TLT,20100811,100.34,101.39,100.31,101.28,67782
TLT,20100812,101.57,101.94,100.87,101.03,75900
TLT,20100813,101.63,102.45,101.48,102.29,78438
TLT,20100816,104.18,104.89,104.07,104.85,79774
TLT,20100817,104.84,104.86,104.00,104.25,67568
TLT,20100818,105.00,105.65,104.49,104.53,77216
TLT,20100819,104.82,106.61,104.64,106.16,131285
TLT,20100820,106.40,106.83,105.84,106.04,70402
TLT,20100823,105.66,106.19,105.25,106.06,63600
TLT,20100824,107.04,108.13,106.67,107.76,98120
TLT,20100825,108.77,109.34,107.07,107.41,133021
TLT,20100826,107.54,108.49,107.29,108.42,70407
TLT,20100827,107.78,108.33,105.20,105.35,135139
TLT,20100830,106.21,107.40,105.82,107.37,55354
TLT,20100831,108.22,108.65,107.62,108.56,83970
TLT,20100901,107.00,107.05,105.09,106.00,124807
TLT,20100902,105.22,105.30,104.40,104.88,81676
TLT,20100903,102.75,103.94,102.70,103.58,92106
TLT,20100907,105.08,105.78,104.81,105.70,60184
TLT,20100908,105.11,105.21,104.36,104.86,66984
TLT,20100909,103.71,103.84,102.64,102.79,85888
TLT,20100910,102.26,102.70,101.85,102.32,69102
TLT,20100913,101.79,103.05,101.77,102.83,70548
TLT,20100914,103.06,103.82,102.97,103.81,59787
TLT,20100915,102.77,103.26,102.14,102.27,79191
TLT,20100916,101.51,101.82,100.85,101.26,171164
TLT,20100917,101.85,102.16,101.32,101.67,92039
TLT,20100920,102.16,102.45,101.69,102.26,52777
TLT,20100921,102.63,104.02,102.26,103.68,126640
TLT,20100922,104.56,105.07,103.85,104.61,82294
TLT,20100923,105.45,105.46,104.24,104.91,74122
TLT,20100924,103.94,104.12,103.50,103.50,89425
TLT,20100927,104.53,105.45,104.48,105.30,70610
TLT,20100928,105.40,106.32,105.34,106.02,82628
TLT,20100929,106.17,106.27,105.35,105.58,55070
TLT,20100930,105.40,105.59,104.03,105.51,106184
TLT,20101001,104.24,105.14,103.98,104.61,93684
TLT,20101004,104.63,104.93,104.41,104.88,44226
TLT,20101005,104.74,104.81,103.93,104.25,84917
TLT,20101006,104.88,106.10,104.86,105.56,64761
TLT,20101007,105.18,105.38,104.67,104.68,57809
TLT,20101008,104.88,105.46,104.22,104.22,61286
TLT,20101011,104.21,104.43,103.94,104.24,14742
TLT,20101012,104.41,104.76,103.18,103.21,61223
TLT,20101013,102.37,103.12,102.04,103.05,81683
TLT,20101014,103.27,103.65,101.47,101.51,109451
TLT,20101015,100.62,101.05,99.90,100.27,126946
TLT,20101018,101.18,101.45,100.78,101.08,55922
TLT,20101019,100.59,102.09,100.55,101.69,80174
TLT,20101020,101.35,102.28,101.21,101.91,55158
TLT,20101021,101.70,101.91,100.69,100.70,68361
TLT,20101022,100.47,101.47,100.41,101.38,47707
TLT,20101025,102.13,102.29,101.55,101.67,56323
TLT,20101026,100.88,101.06,100.05,100.10,84319
TLT,20101027,99.69,100.17,99.22,99.22,92452
TLT,20101028,99.59,99.83,99.16,99.49,80526
TLT,20101029,99.83,100.46,99.62,100.42,67538
TLT,20101101,100.79,100.81,99.49,99.67,59216
TLT,20101102,100.45,101.09,100.42,100.98,65373
TLT,20101103,101.72,102.27,98.43,98.92,255431
TLT,20101104,99.15,99.87,99.08,99.69,132465
TLT,20101105,98.36,98.80,97.98,97.98,124350
TLT,20101108,98.59,98.92,97.82,98.42,67955
TLT,20101109,98.48,98.52,96.19,96.25,150616
TLT,20101110,96.38,96.74,95.00,96.38,185404
TLT,20101111,96.44,96.63,96.14,96.33,33686
TLT,20101112,96.21,96.74,95.81,95.81,117395
TLT,20101115,95.33,95.72,93.81,93.81,149772
TLT,20101116,94.90,96.25,93.99,96.14,199134
TLT,20101117,95.81,96.76,95.34,95.61,99156
TLT,20101118,95.66,96.00,94.80,96.00,124253
TLT,20101119,96.08,96.59,95.79,96.59,83595
TLT,20101122,97.36,97.62,96.24,97.00,104142
TLT,20101123,97.69,97.95,97.24,97.48,95668
TLT,20101124,96.82,96.99,95.58,95.74,114676
TLT,20101126,96.73,97.12,96.55,97.07,48489
TLT,20101129,97.56,97.95,97.09,97.90,89499
TLT,20101130,99.22,99.27,98.11,98.41,119476
TLT,20101201,96.63,97.11,95.89,95.89,154413
TLT,20101202,95.95,96.54,95.53,95.64,93190
TLT,20101203,96.29,96.33,94.85,94.89,101947
TLT,20101206,95.52,96.25,95.31,96.23,70018
TLT,20101207,94.73,94.92,93.16,94.17,185330
TLT,20101208,93.75,93.80,92.11,93.26,192759
TLT,20101209,93.60,94.27,92.73,93.72,174770
TLT,20101210,93.31,93.86,93.14,93.15,70785
TLT,20101213,93.03,94.03,92.56,93.50,123998
TLT,20101214,92.40,93.02,91.44,92.14,235171
TLT,20101215,92.10,92.24,90.47,90.94,260841
TLT,20101216,91.03,91.58,90.57,91.57,179390
TLT,20101217,91.91,93.77,91.86,93.24,168496
TLT,20101220,93.75,94.23,92.64,93.14,137035
TLT,20101221,93.14,93.79,92.49,93.79,89850
TLT,20101222,93.47,93.55,92.93,93.12,64408
TLT,20101223,93.18,93.23,92.53,92.93,70917
TLT,20101227,92.78,93.88,92.30,93.76,52859
TLT,20101228,92.93,93.07,91.31,91.61,139720
TLT,20101229,91.76,93.52,91.47,93.16,131154
TLT,20101230,92.88,93.28,92.41,93.09,70299
TLT,20101231,93.49,94.70,93.44,94.12,85160
TLT,20110103,93.20,94.31,92.95,93.41,137994
TLT,20110104,93.41,93.77,92.91,93.52,104669
TLT,20110105,92.51,92.69,91.19,91.46,175683
TLT,20110106,91.54,92.12,91.16,91.86,93174
TLT,20110107,91.51,92.63,91.03,92.35,126946
TLT,20110110,92.58,92.99,92.18,92.85,8295200
TLT,20110111,92.49,92.60,91.69,92.33,9495400
TLT,20110112,91.74,92.17,91.45,91.61,9522900
TLT,20110113,91.62,92.77,91.45,92.43,14502400
TLT,20110114,92.78,92.90,91.76,91.84,8960700
TLT,20110118,91.29,91.71,90.73,91.41,10663600
TLT,20110119,91.41,92.07,91.36,92.07,8886900
TLT,20110120,91.50,91.61,90.39,90.80,14203400
TLT,20110121,90.69,91.52,90.51,91.52,9085600
TLT,20110124,91.87,91.90,91.38,91.56,7700200
TLT,20110125,91.94,92.90,91.32,92.43,13438100
TLT,20110126,92.22,92.26,90.89,91.03,13322900
TLT,20110127,91.07,91.65,90.67,91.44,10868700
TLT,20110128,90.81,92.28,90.77,91.92,11993200
TLT,20110131,91.66,91.98,91.05,91.22,8647600
TLT,20110201,90.55,90.84,90.14,90.45,11508400
TLT,20110202,90.90,91.00,89.90,90.47,13624600
TLT,20110203,89.96,90.57,89.71,89.72,12785800
TLT,20110204,89.50,89.65,88.77,88.81,17172200
TLT,20110207,88.70,89.30,88.57,89.27,8554800
TLT,20110208,89.31,89.54,88.36,88.45,10454200
TLT,20110209,88.69,89.66,88.14,89.22,13078600
TLT,20110210,88.90,89.14,88.18,88.19,10486800
TLT,20110211,89.03,89.53,88.74,89.46,11333400
TLT,20110214,89.31,89.93,89.31,89.52,8033500
TLT,20110215,89.56,89.97,89.37,89.92,7298000
TLT,20110216,89.87,90.32,89.34,89.63,8446300
TLT,20110217,90.02,90.18,89.66,89.77,6732500
TLT,20110218,89.42,89.55,89.08,89.49,6080700
TLT,20110222,89.91,90.94,89.71,90.83,11905700
TLT,20110223,91.10,91.55,90.74,91.16,14522600
TLT,20110224,91.63,92.04,91.44,91.74,12110900
TLT,20110225,91.74,92.28,91.64,92.28,6841700
TLT,20110228,92.30,92.52,92.08,92.40,9682500
TLT,20110301,91.52,92.40,91.47,92.37,8048700
TLT,20110302,91.84,91.99,90.94,90.95,8526400
TLT,20110303,90.53,90.78,89.98,90.06,10607600
TLT,20110304,90.10,90.85,90.00,90.81,9316200
TLT,20110307,90.02,90.86,89.85,90.23,7522300
TLT,20110308,90.11,90.34,89.65,89.68,8498700
TLT,20110309,90.09,90.82,89.85,90.55,8904800
TLT,20110310,90.87,92.10,90.64,92.07,13385800
TLT,20110311,92.04,92.08,91.33,91.55,8407600
TLT,20110314,91.48,91.92,91.32,91.51,6765200
TLT,20110315,92.80,93.05,92.36,92.88,14893800
TLT,20110316,93.37,94.94,93.08,93.93,24294200
TLT,20110317,93.24,93.61,92.76,93.21,10528500
TLT,20110318,92.75,93.48,92.69,93.46,7260900
TLT,20110321,93.13,93.18,92.57,92.91,10542900
TLT,20110322,92.81,93.29,92.74,93.22,6904700
TLT,20110323,93.85,93.88,92.93,93.10,8358000
TLT,20110324,92.76,92.88,92.39,92.40,9477600
TLT,20110325,92.86,92.96,92.02,92.17,6447200
TLT,20110328,92.12,92.67,92.00,92.30,3996800
TLT,20110329,91.98,92.50,91.57,91.59,6487200
TLT,20110330,91.72,92.32,91.56,92.32,5048300
TLT,20110331,92.67,92.72,91.61,92.13,9654300
TLT,20110401,91.50,92.27,91.42,92.19,7860400
TLT,20110404,92.20,92.58,92.13,92.29,4469100
TLT,20110405,92.16,92.38,91.67,91.92,9951600
TLT,20110406,91.77,91.79,90.54,90.54,9090900
TLT,20110407,90.53,90.76,90.13,90.36,9265100
TLT,20110408,89.93,90.32,89.85,89.88,7605700
TLT,20110411,89.83,90.22,89.65,89.96,5734000
TLT,20110412,90.61,91.24,90.56,90.93,7686500
TLT,20110413,90.54,91.50,90.44,91.50,7959300
TLT,20110414,91.54,91.77,91.22,91.43,7609600
TLT,20110415,92.26,92.71,92.07,92.67,10222900
TLT,20110418,91.99,93.10,91.45,92.88,12036700
TLT,20110419,92.86,93.28,92.76,93.28,5295100
TLT,20110420,93.07,93.26,92.61,92.68,6754100
TLT,20110421,92.89,93.23,92.56,92.60,3365600
TLT,20110425,92.63,92.97,92.50,92.95,3626900
TLT,20110426,93.27,93.87,93.18,93.85,7506300
