TROW,20090115,29.09,29.50,27.18,28.39,72988
TROW,20090116,29.39,30.35,28.15,29.29,66595
TROW,20090120,29.00,29.67,26.91,26.97,68341
TROW,20090121,29.41,29.76,26.68,29.65,63281
TROW,20090122,28.92,29.55,27.38,28.16,47109
TROW,20090123,27.04,30.13,26.89,29.94,48838
TROW,20090126,30.53,31.10,28.71,29.23,49669
TROW,20090127,29.43,30.00,28.51,29.73,28893
TROW,20090128,30.75,33.50,30.55,33.40,59451
TROW,20090129,31.75,32.11,29.85,29.85,61249
TROW,20090130,28.45,29.65,27.34,27.58,54097
TROW,20090202,27.19,27.70,26.45,27.56,45680
TROW,20090203,27.75,27.75,25.96,26.57,59006
TROW,20090204,27.11,27.72,26.49,26.85,37877
TROW,20090205,26.36,27.56,26.09,26.93,48849
TROW,20090206,27.25,28.88,27.01,28.82,44334
TROW,20090209,28.84,29.24,28.15,29.07,49474
TROW,20090210,28.50,29.07,26.28,26.42,58525
TROW,20090211,26.54,27.36,26.26,27.34,31803
TROW,20090212,26.58,27.57,26.10,27.47,44189
TROW,20090213,27.13,27.86,26.51,26.68,31377
TROW,20090217,25.41,25.76,24.88,24.91,50028
TROW,20090218,25.28,25.53,24.33,25.21,35119
TROW,20090219,25.76,25.85,24.18,24.18,37797
TROW,20090220,23.28,24.92,23.25,24.40,51725
TROW,20090223,24.10,25.19,22.59,22.66,57089
TROW,20090224,23.08,25.00,22.70,25.00,49158
TROW,20090225,24.41,25.11,23.46,24.30,44259
TROW,20090226,24.38,24.74,23.44,23.69,36220
TROW,20090227,23.21,23.79,22.74,22.74,44431
TROW,20090302,22.55,23.41,21.53,21.69,75742
TROW,20090303,21.98,22.21,21.19,21.39,50443
TROW,20090304,22.13,22.91,21.13,22.27,58221
TROW,20090305,21.79,22.00,20.68,21.01,103053
TROW,20090306,21.65,21.69,20.09,21.07,74175
TROW,20090309,20.78,21.50,20.51,21.17,44667
TROW,20090310,21.46,24.67,21.30,24.67,87577
TROW,20090311,24.62,25.37,23.68,25.04,72171
TROW,20090312,24.99,26.51,24.22,26.40,66105
TROW,20090313,26.44,26.58,24.40,26.45,48292
TROW,20090316,26.84,27.25,24.89,24.93,41350
TROW,20090317,25.14,26.79,24.64,26.33,41465
TROW,20090318,26.00,28.55,25.41,28.40,60608
TROW,20090319,29.03,29.27,25.33,25.35,61177
TROW,20090320,25.72,26.14,24.52,24.88,49834
TROW,20090323,25.80,29.70,25.77,29.40,60797
TROW,20090324,28.70,28.89,26.62,26.63,49987
TROW,20090325,27.50,28.71,26.64,28.20,65327
TROW,20090326,28.37,30.29,28.21,30.03,64378
TROW,20090327,29.25,30.42,29.08,29.12,41500
TROW,20090330,28.06,28.80,27.26,27.37,44666
TROW,20090331,27.86,29.20,27.42,28.86,57825
TROW,20090401,28.03,29.35,27.47,29.04,46515
TROW,20090402,29.93,31.37,29.43,30.84,61315
TROW,20090403,31.00,32.25,29.93,32.24,45018
TROW,20090406,31.66,31.90,30.73,31.16,32487
TROW,20090407,30.15,30.48,28.81,28.87,44121
TROW,20090408,29.08,30.00,28.84,29.49,43061
TROW,20090409,30.55,33.69,30.15,33.65,77857
TROW,20090413,32.69,34.29,32.37,34.04,48226
TROW,20090414,33.99,34.53,32.36,32.48,48339
TROW,20090415,32.87,34.28,31.89,33.99,34645
TROW,20090416,34.21,35.28,33.39,34.84,35793
TROW,20090417,34.82,36.19,34.14,35.56,45535
TROW,20090420,34.51,35.00,32.87,32.88,56685
TROW,20090421,32.31,36.27,32.04,36.24,52928
TROW,20090422,36.88,38.46,36.30,36.52,73208
TROW,20090423,37.15,38.97,36.65,38.66,51198
TROW,20090424,38.20,39.92,37.41,39.21,58467
TROW,20090427,38.21,39.22,37.90,38.72,59791
TROW,20090428,37.80,38.13,37.03,37.39,31668
TROW,20090429,37.51,39.21,37.36,39.06,40669
TROW,20090430,39.71,40.09,38.24,38.52,44205
TROW,20090501,38.13,38.99,38.03,38.43,24008
TROW,20090504,39.03,41.67,38.28,41.28,48311
TROW,20090505,40.49,41.17,40.22,40.64,42326
TROW,20090506,40.70,41.21,39.80,41.00,45687
TROW,20090507,41.37,41.78,38.19,38.55,53864
TROW,20090508,39.16,40.94,38.55,40.94,46276
TROW,20090511,39.53,39.83,37.93,37.97,44755
TROW,20090512,38.62,39.83,37.50,39.00,43134
TROW,20090513,38.06,38.63,36.41,36.63,39919
TROW,20090514,36.31,37.65,36.10,37.32,36144
TROW,20090515,37.26,37.59,36.67,36.95,34175
TROW,20090518,37.78,40.12,37.69,40.06,36400
TROW,20090519,39.45,40.07,38.77,38.89,28337
TROW,20090520,39.53,40.13,37.90,38.21,34055
TROW,20090521,37.37,38.08,36.97,37.66,43014
TROW,20090522,37.76,38.94,37.27,38.15,25202
TROW,20090526,37.90,40.00,37.69,39.99,36530
TROW,20090527,39.82,39.91,37.51,37.68,33199
TROW,20090528,38.48,39.74,37.91,39.53,35131
TROW,20090529,39.71,40.74,38.98,40.57,30007
TROW,20090601,41.27,42.75,41.00,41.41,38873
TROW,20090602,41.66,42.53,41.02,41.95,42404
TROW,20090603,42.25,43.12,41.54,42.65,45946
TROW,20090604,42.06,42.86,41.83,42.77,38646
TROW,20090605,43.24,43.29,41.64,42.07,34095
TROW,20090608,41.67,42.91,41.25,42.54,25137
TROW,20090609,43.27,44.77,42.80,44.68,41516
TROW,20090610,44.68,44.90,42.69,43.91,32502
TROW,20090611,43.72,44.35,43.31,43.39,25156
TROW,20090612,43.21,43.25,42.37,43.16,19009
TROW,20090615,42.39,42.67,41.81,41.97,31885
TROW,20090616,40.95,42.15,40.95,41.21,26307
TROW,20090617,40.50,41.75,40.50,40.82,29908
TROW,20090618,41.05,41.73,40.60,41.26,23383
TROW,20090619,41.75,42.31,41.33,42.28,31299
TROW,20090622,42.12,42.12,39.00,39.14,38037
TROW,20090623,39.12,41.40,39.12,40.49,53088
TROW,20090624,40.94,41.77,40.41,40.90,34039
TROW,20090625,40.82,41.89,40.29,41.68,30851
TROW,20090626,41.40,42.16,41.06,41.87,22420
TROW,20090629,41.87,42.08,41.38,41.86,18990
TROW,20090630,41.51,41.99,41.17,41.67,30908
TROW,20090701,41.97,42.35,41.13,41.31,24641
TROW,20090702,40.48,40.83,39.40,39.50,29314
TROW,20090706,40.49,40.49,38.90,39.91,32314
TROW,20090707,39.71,39.99,38.00,38.10,30367
TROW,20090708,38.34,38.82,36.67,37.30,51914
TROW,20090709,37.70,38.34,37.42,37.59,28892
TROW,20090710,37.30,38.16,37.00,37.51,32210
TROW,20090713,37.78,39.82,37.48,39.60,36114
TROW,20090714,39.81,40.65,39.18,40.46,29970
TROW,20090715,40.96,42.17,40.75,41.88,40405
TROW,20090716,41.63,41.88,40.63,41.69,25665
TROW,20090717,41.64,42.09,40.89,41.68,23600
TROW,20090720,41.98,43.30,41.93,43.13,24564
TROW,20090721,43.59,43.80,42.74,43.27,22123
TROW,20090722,43.18,44.07,42.36,43.69,22825
TROW,20090723,43.53,46.50,43.05,46.26,39229
TROW,20090724,46.25,46.75,44.20,45.45,29681
TROW,20090727,45.97,46.50,45.23,46.42,21831
TROW,20090728,46.08,46.65,45.45,45.98,25916
TROW,20090729,45.17,46.48,45.17,46.27,18420
TROW,20090730,46.75,48.47,45.97,46.74,33514
TROW,20090731,46.81,47.07,46.37,46.71,24981
TROW,20090803,47.47,48.10,46.67,47.14,21290
TROW,20090804,47.19,48.01,46.49,47.50,22747
TROW,20090805,47.50,47.98,46.64,47.76,27461
TROW,20090806,48.30,48.34,46.88,47.04,21952
TROW,20090807,47.18,49.15,47.06,48.69,20966
TROW,20090810,48.28,48.58,46.95,47.28,16689
TROW,20090811,47.25,47.84,46.26,46.38,19410
TROW,20090812,46.33,47.50,46.04,46.99,20057
TROW,20090813,47.23,47.62,45.94,46.46,21583
TROW,20090814,46.34,46.51,45.25,45.75,15722
TROW,20090817,44.75,44.93,43.77,43.92,19915
TROW,20090818,43.76,44.90,43.76,44.73,12952
TROW,20090819,44.34,44.93,43.72,44.77,13698
TROW,20090820,44.84,45.60,44.47,45.58,13181
TROW,20090821,46.51,46.96,45.01,46.64,19166
TROW,20090824,46.90,47.21,45.91,45.98,16813
TROW,20090825,46.61,46.88,46.11,46.36,18830
TROW,20090826,45.64,46.36,45.50,45.99,14939
TROW,20090827,45.72,46.11,45.11,45.59,15365
TROW,20090828,45.72,46.44,45.23,45.73,12525
TROW,20090831,45.29,45.48,44.67,45.30,16777
TROW,20090901,45.20,46.03,43.08,43.14,29874
TROW,20090902,42.89,43.71,42.53,42.89,22171
TROW,20090903,42.78,43.82,42.78,43.57,19914
TROW,20090904,43.80,44.40,42.97,44.21,20490
TROW,20090908,44.25,44.98,44.21,44.97,17864
TROW,20090909,44.85,45.59,44.39,45.43,14690
TROW,20090910,45.12,45.30,44.29,45.15,18172
TROW,20090911,45.26,45.27,43.78,43.93,27539
TROW,20090914,43.41,44.95,42.89,44.76,28114
TROW,20090915,45.17,45.20,44.30,44.70,20763
TROW,20090916,44.65,46.22,44.63,46.07,31590
TROW,20090917,46.00,46.78,45.66,46.10,19580
TROW,20090918,45.71,46.77,45.71,46.52,19331
TROW,20090921,46.04,46.64,45.65,45.76,14202
TROW,20090922,46.20,47.37,45.82,47.18,19416
TROW,20090923,47.25,47.85,47.06,47.16,71637
TROW,20090924,47.53,47.73,44.88,45.33,24441
TROW,20090925,45.37,45.37,44.02,44.10,19778
TROW,20090928,44.47,46.32,44.11,46.25,20751
TROW,20090929,46.31,46.80,45.78,45.96,15125
TROW,20090930,46.11,46.50,45.06,45.70,17240
TROW,20091001,45.14,45.80,43.94,43.98,22841
TROW,20091002,43.40,44.22,43.05,43.18,21992
TROW,20091005,43.59,44.58,43.12,44.58,24236
TROW,20091006,44.91,45.46,44.44,45.02,14040
TROW,20091007,44.74,44.95,44.18,44.49,19762
TROW,20091008,44.94,45.11,44.04,44.25,23608
TROW,20091009,44.29,44.93,44.07,44.83,17979
TROW,20091012,45.06,45.30,44.28,44.49,15859
TROW,20091013,44.48,44.50,43.94,44.41,24144
TROW,20091014,45.33,47.11,45.22,46.90,35598
TROW,20091015,46.70,48.31,46.56,48.16,37244
TROW,20091016,47.41,47.94,47.15,47.62,27650
TROW,20091019,47.90,48.27,47.14,47.81,27595
TROW,20091020,47.45,47.99,47.20,47.71,21365
TROW,20091021,47.67,48.58,47.05,47.67,25073
TROW,20091022,47.54,49.22,47.23,49.11,33713
TROW,20091023,50.89,55.48,50.21,54.27,88834
TROW,20091026,53.89,54.68,53.26,53.65,37089
TROW,20091027,53.61,53.99,51.89,51.94,29633
TROW,20091028,51.85,52.10,49.86,49.87,33652
TROW,20091029,50.35,51.00,50.01,50.86,36004
TROW,20091030,50.54,50.87,48.46,48.73,35166
TROW,20091102,48.99,49.95,47.85,49.15,25005
TROW,20091103,48.88,49.26,48.21,48.93,18383
TROW,20091104,49.32,49.71,48.62,49.01,28109
TROW,20091105,49.69,50.12,49.31,50.09,32934
TROW,20091106,49.21,50.25,49.10,49.98,14661
TROW,20091109,50.31,51.03,50.21,50.99,28709
TROW,20091110,50.36,51.26,50.32,50.58,28096
TROW,20091111,52.41,52.62,51.21,51.51,29919
TROW,20091112,51.55,51.90,50.92,51.03,16484
TROW,20091113,51.20,51.27,50.30,50.74,14582
TROW,20091116,50.92,51.74,50.64,50.91,24309
TROW,20091117,50.52,51.22,50.21,50.67,12272
TROW,20091118,50.60,50.62,49.57,50.18,8776
TROW,20091119,49.96,49.99,48.72,49.25,13499
TROW,20091120,49.22,49.22,48.21,48.71,12360
TROW,20091123,48.88,49.83,48.88,49.48,16073
TROW,20091124,49.30,49.64,48.80,49.18,17761
TROW,20091125,49.22,49.56,48.94,49.09,9515
TROW,20091127,47.64,48.25,47.08,47.37,9291
TROW,20091130,47.36,49.00,47.11,48.93,23928
TROW,20091201,49.36,49.37,48.49,48.61,23369
TROW,20091202,48.70,49.78,48.40,49.39,16775
TROW,20091203,49.49,50.10,49.33,49.41,27211
TROW,20091204,50.23,50.57,48.81,49.73,23314
TROW,20091207,49.66,49.68,48.33,48.60,18609
TROW,20091208,48.50,49.39,48.17,49.16,19772
TROW,20091209,49.09,49.25,48.27,48.47,17891
TROW,20091210,49.78,50.25,49.64,49.94,31276
TROW,20091211,49.94,50.25,49.16,50.06,21759
TROW,20091214,49.90,50.25,49.70,49.94,23684
TROW,20091215,49.72,50.14,49.62,50.03,23721
TROW,20091216,50.81,52.24,50.71,51.76,31579
TROW,20091217,50.86,52.22,50.66,51.78,25210
TROW,20091218,52.31,53.35,51.94,53.27,36680
TROW,20091221,53.36,53.64,52.67,52.88,23538
TROW,20091222,53.08,53.50,52.73,53.38,15077
TROW,20091223,53.64,53.79,53.22,53.58,10801
TROW,20091224,53.52,54.46,53.52,54.16,4957
TROW,20091228,54.06,54.42,53.42,53.62,6804
TROW,20091229,53.66,53.94,53.25,53.35,9693
TROW,20091230,53.36,53.85,53.03,53.78,9114
TROW,20091231,53.74,54.16,53.25,53.25,7359
TROW,20100104,53.77,55.34,53.12,54.40,23302
TROW,20100105,54.05,55.03,53.63,55.01,15695
TROW,20100106,54.92,55.08,53.98,54.15,15178
TROW,20100107,54.11,54.54,53.55,54.11,10479
TROW,20100108,53.95,54.02,53.22,53.90,13446
TROW,20100111,54.00,54.79,53.94,54.28,10990
TROW,20100112,53.90,54.99,53.76,54.59,16067
TROW,20100113,54.43,55.28,54.15,55.13,14769
TROW,20100114,54.91,55.06,54.19,54.79,11913
TROW,20100115,54.80,54.89,53.52,53.60,16579
TROW,20100119,53.55,54.45,53.35,54.29,11946
TROW,20100120,53.90,53.90,52.80,53.36,14745
TROW,20100121,53.40,53.43,51.73,51.92,19795
TROW,20100122,51.76,51.98,50.48,50.64,18265
TROW,20100125,51.08,51.97,50.85,51.70,15620
TROW,20100126,51.54,52.27,50.92,51.37,23117
TROW,20100127,51.67,52.81,51.10,52.63,20508
TROW,20100128,53.68,54.12,48.81,50.60,50565
TROW,20100129,51.04,51.20,49.18,49.62,26633
TROW,20100201,49.77,51.14,49.37,51.03,22455
TROW,20100202,51.16,51.59,50.69,51.17,17412
TROW,20100203,50.85,51.27,50.42,50.70,14757
TROW,20100204,49.83,50.71,48.27,48.27,22748
TROW,20100205,48.35,49.09,47.42,48.87,34879
TROW,20100208,49.16,49.69,48.10,48.13,17359
TROW,20100209,48.71,49.39,47.89,48.69,18444
TROW,20100210,48.52,49.47,48.52,49.07,14549
TROW,20100211,48.90,49.21,48.48,49.01,14021
TROW,20100212,48.69,49.08,48.24,48.94,18293
TROW,20100216,49.45,50.18,48.99,50.18,12421
TROW,20100217,50.44,50.59,49.60,49.92,14882
TROW,20100218,49.94,50.15,49.23,49.60,17397
TROW,20100219,49.63,50.31,49.49,49.95,16477
TROW,20100222,50.25,50.56,49.64,50.04,14695
TROW,20100223,49.99,50.28,49.48,49.60,22076
TROW,20100224,49.95,50.69,49.63,50.63,13792
TROW,20100225,50.11,50.39,49.56,50.32,10763
TROW,20100226,50.57,50.97,49.87,50.69,15297
TROW,20100301,50.65,51.17,50.58,51.10,10331
TROW,20100302,51.12,51.48,51.06,51.40,14668
TROW,20100303,51.44,52.06,51.28,51.64,14033
TROW,20100304,51.57,52.61,51.50,52.56,16990
TROW,20100305,52.62,53.99,52.62,53.98,17549
TROW,20100308,53.89,53.95,53.25,53.36,13168
TROW,20100309,53.32,53.81,52.87,53.49,11672
TROW,20100310,53.53,53.65,53.11,53.44,17102
TROW,20100311,53.01,53.40,52.71,53.40,10839
TROW,20100312,53.40,53.73,52.83,53.33,13207
TROW,20100315,53.12,53.53,52.74,53.45,12651
TROW,20100316,53.69,53.89,53.27,53.85,13392
TROW,20100317,53.95,55.51,53.95,55.25,19564
TROW,20100318,55.42,55.42,54.88,55.22,10550
TROW,20100319,55.59,55.59,54.44,54.81,15182
TROW,20100322,54.59,55.50,54.41,55.46,8374
TROW,20100323,55.37,55.91,55.18,55.86,13304
TROW,20100324,55.55,55.75,54.52,55.00,13825
TROW,20100325,55.23,56.25,54.84,55.22,15472
TROW,20100326,55.22,55.75,54.52,55.08,15068
TROW,20100329,55.42,55.49,54.91,55.36,9706
TROW,20100330,55.42,55.82,54.85,55.21,10092
TROW,20100331,54.89,55.39,54.52,54.97,14354
TROW,20100401,55.50,56.13,55.42,55.87,12323
TROW,20100405,55.52,55.96,55.50,55.86,17137
TROW,20100406,55.83,56.05,55.40,55.93,16651
TROW,20100407,56.06,56.23,55.36,55.54,16325
TROW,20100408,55.27,55.81,55.11,55.67,29678
TROW,20100409,55.78,56.59,55.56,56.52,16806
TROW,20100412,56.69,56.94,56.12,56.39,16312
TROW,20100413,56.18,57.31,56.10,57.16,13130
TROW,20100414,57.06,58.49,57.06,58.48,21710
TROW,20100415,58.43,58.87,58.15,58.70,19495
TROW,20100416,58.37,58.73,56.45,56.72,31288
TROW,20100419,57.00,57.75,56.75,57.65,21501
TROW,20100420,57.86,58.64,57.43,58.50,15229
TROW,20100421,58.44,58.78,57.47,58.21,13821
TROW,20100422,57.99,59.30,57.10,58.98,22300
TROW,20100423,58.58,59.44,58.16,58.88,22477
TROW,20100426,58.97,59.13,57.58,57.81,14854
TROW,20100427,57.35,58.04,56.03,56.26,18902
TROW,20100428,56.56,57.19,56.31,56.51,20835
TROW,20100429,57.00,59.11,56.89,58.89,17155
TROW,20100430,58.91,59.05,57.48,57.54,14609
TROW,20100503,57.75,58.69,57.54,58.58,13501
TROW,20100504,57.82,58.00,57.03,57.31,25386
TROW,20100505,56.79,57.60,56.31,56.58,17030
TROW,20100506,56.30,57.14,49.54,53.45,40592
TROW,20100507,53.40,53.81,52.03,52.51,41050
TROW,20100510,55.15,55.89,54.16,55.04,26139
TROW,20100511,54.26,54.98,53.67,54.04,29757
TROW,20100512,54.35,55.10,54.14,54.98,22422
TROW,20100513,54.78,54.78,53.68,53.74,21382
TROW,20100514,53.24,53.24,51.99,52.47,24486
TROW,20100517,52.59,53.47,51.89,53.12,20107
TROW,20100518,53.50,54.01,51.73,51.98,22019
TROW,20100519,51.76,52.33,50.64,51.79,20027
TROW,20100520,50.51,50.83,48.96,48.97,28236
TROW,20100521,47.73,51.46,47.32,50.99,40112
TROW,20100524,50.77,50.79,48.84,48.87,30076
TROW,20100525,47.03,49.89,47.03,49.84,34980
TROW,20100526,50.00,50.74,49.24,49.43,26637
TROW,20100527,50.68,51.98,50.46,51.47,25860
TROW,20100528,51.20,51.45,49.43,49.52,30863
TROW,20100601,49.39,49.90,48.58,48.71,22248
TROW,20100602,49.05,50.15,48.13,50.09,24979
TROW,20100603,49.78,50.03,48.84,49.47,21596
TROW,20100604,48.29,49.27,47.80,47.92,41798
TROW,20100607,48.43,48.68,47.09,47.12,21375
TROW,20100608,47.19,48.08,46.50,47.97,27211
TROW,20100609,48.28,48.72,47.04,47.21,24189
TROW,20100610,47.64,48.93,47.16,48.82,23557
TROW,20100611,48.04,50.00,48.04,49.84,20352
TROW,20100614,50.83,50.91,49.32,49.38,15965
TROW,20100615,51.03,51.04,49.91,50.49,25383
TROW,20100616,50.08,50.42,49.28,49.50,30790
TROW,20100617,49.55,49.80,48.65,49.44,26746
TROW,20100618,49.18,49.60,48.88,49.34,21828
TROW,20100621,49.99,50.25,48.57,48.76,18680
TROW,20100622,48.73,49.42,47.77,47.83,22419
TROW,20100623,48.28,48.31,47.42,47.63,16432
TROW,20100624,47.30,47.61,45.83,46.00,29817
TROW,20100625,46.27,47.94,46.15,47.57,33980
TROW,20100628,47.57,48.00,46.93,46.99,15983
TROW,20100629,46.30,46.49,44.59,44.85,32885
TROW,20100630,44.72,45.46,44.28,44.39,22186
TROW,20100701,44.35,44.80,42.81,44.12,29180
TROW,20100702,44.49,44.58,43.02,43.60,26083
TROW,20100706,44.39,44.88,43.18,43.78,27923
TROW,20100707,43.67,46.01,43.64,45.94,30448
TROW,20100708,46.53,47.47,46.33,47.09,37333
TROW,20100709,47.23,48.02,47.07,47.89,25960
TROW,20100712,47.55,48.03,47.33,47.80,25093
TROW,20100713,48.37,49.33,48.09,49.14,19458
TROW,20100714,49.16,49.16,48.04,48.51,11748
TROW,20100715,48.66,48.67,47.60,48.50,20833
TROW,20100716,48.30,48.30,46.80,46.93,25692
TROW,20100719,47.26,47.34,46.18,47.27,14021
TROW,20100720,46.40,47.71,46.04,47.65,16986
TROW,20100721,48.24,48.31,47.01,47.12,23964
TROW,20100722,47.68,49.55,47.62,49.44,24727
TROW,20100723,48.08,48.33,46.89,47.85,54208
TROW,20100726,48.04,48.61,47.43,48.47,27308
TROW,20100727,48.92,49.02,48.25,48.34,19475
TROW,20100728,48.41,48.98,48.01,48.21,14764
TROW,20100729,48.48,49.75,48.07,48.71,17688
TROW,20100730,48.29,48.69,47.73,48.23,18647
TROW,20100802,48.90,50.07,48.63,50.02,23805
TROW,20100803,50.00,50.17,49.37,49.70,23620
TROW,20100804,49.84,50.24,49.55,50.15,13611
TROW,20100805,49.46,50.43,49.38,50.34,20620
TROW,20100806,49.68,50.23,48.40,49.26,26818
TROW,20100809,49.58,50.38,49.25,49.90,21631
TROW,20100810,49.49,49.58,48.70,49.17,24768
TROW,20100811,48.53,48.53,47.20,47.22,35557
TROW,20100812,46.54,46.86,46.34,46.50,31133
TROW,20100813,46.51,46.72,46.25,46.41,19629
TROW,20100816,46.05,46.68,45.75,46.21,16650
TROW,20100817,46.67,47.97,46.54,47.74,22016
TROW,20100818,47.61,47.80,46.97,47.49,14795
TROW,20100819,47.31,47.37,45.64,45.65,25702
TROW,20100820,45.57,46.26,45.28,46.09,23114
TROW,20100823,46.29,46.39,45.82,45.83,12646
TROW,20100824,45.31,45.40,44.64,44.85,23157
TROW,20100825,44.48,45.30,44.10,45.10,23020
TROW,20100826,45.27,45.52,43.97,43.98,33385
TROW,20100827,44.32,45.24,43.60,45.24,38704
TROW,20100830,45.01,45.10,43.74,43.78,30442
TROW,20100831,43.58,44.33,43.30,43.79,27532
TROW,20100901,44.45,46.02,44.45,46.02,39635
TROW,20100902,46.29,46.69,45.92,46.65,22159
TROW,20100903,47.47,48.17,47.35,48.09,20809
TROW,20100907,47.63,47.66,46.82,46.92,14002
TROW,20100908,47.14,47.90,47.11,47.67,18085
TROW,20100909,48.29,48.65,47.88,48.61,21631
TROW,20100910,48.50,48.67,48.08,48.62,14893
TROW,20100913,49.39,49.90,49.31,49.88,27638
TROW,20100914,49.55,49.99,49.19,49.85,18521
TROW,20100915,49.41,49.55,48.76,49.52,29562
TROW,20100916,49.17,49.67,49.14,49.62,15819
TROW,20100917,49.72,49.99,49.03,49.66,22906
TROW,20100920,49.79,51.14,49.64,51.03,18714
TROW,20100921,51.20,51.21,49.98,50.15,21533
TROW,20100922,50.23,50.65,49.26,49.48,13198
TROW,20100923,49.07,49.21,48.14,48.20,24377
TROW,20100924,48.81,50.41,48.77,50.37,21511
TROW,20100927,50.51,50.65,49.90,49.97,12470
TROW,20100928,50.21,50.38,49.31,50.10,18399
TROW,20100929,49.90,50.00,49.20,49.64,12574
TROW,20100930,49.91,50.55,49.79,50.07,25425
TROW,20101001,50.71,51.10,49.87,50.34,17342
TROW,20101004,50.25,50.62,49.35,49.78,14006
TROW,20101005,50.29,52.06,49.80,51.92,22638
TROW,20101006,51.92,52.22,51.37,51.99,25197
TROW,20101007,51.97,52.22,51.02,51.16,22505
TROW,20101008,50.65,51.78,50.20,51.62,21872
TROW,20101011,51.20,51.87,50.95,51.72,20259
TROW,20101012,51.74,52.29,51.35,52.13,19252
TROW,20101013,52.50,53.43,52.26,53.03,27026
TROW,20101014,52.93,53.46,52.18,52.52,17508
TROW,20101015,52.76,52.97,52.16,52.38,14958
TROW,20101018,52.53,53.07,52.28,52.92,18141
TROW,20101019,51.99,52.60,51.36,51.77,16974
TROW,20101020,51.93,53.19,51.52,52.87,15901
TROW,20101021,53.13,53.55,52.52,52.70,22947
TROW,20101022,54.74,55.38,54.48,54.89,33803
TROW,20101025,55.12,55.22,54.69,54.69,29448
TROW,20101026,54.38,55.05,53.24,54.59,24771
TROW,20101027,54.25,54.75,53.85,54.40,16023
TROW,20101028,54.69,55.23,54.20,54.70,13325
TROW,20101029,54.60,55.47,54.31,55.27,24564
TROW,20101101,55.44,56.11,54.94,55.40,14600
TROW,20101102,56.06,56.56,55.66,56.29,15359
TROW,20101103,56.27,56.76,55.92,56.76,16781
TROW,20101104,57.46,59.25,57.08,59.13,27305
TROW,20101105,59.06,60.52,58.80,60.46,29418
TROW,20101108,60.00,60.09,58.81,59.01,19490
TROW,20101109,59.24,59.36,57.52,57.86,20966
TROW,20101110,57.72,58.54,57.16,58.31,21049
TROW,20101111,57.66,58.87,57.51,58.66,13387
TROW,20101112,58.24,58.26,57.39,57.74,17250
TROW,20101115,57.84,58.81,57.80,58.17,15025
TROW,20101116,57.65,58.12,56.46,56.86,18620
TROW,20101117,56.96,57.75,56.63,57.40,13237
TROW,20101118,58.13,59.31,58.13,58.54,18668
TROW,20101119,58.21,59.03,57.80,58.98,14044
TROW,20101122,58.84,59.00,57.99,58.54,11598
TROW,20101123,57.51,57.85,57.00,57.18,25372
TROW,20101124,57.76,59.34,57.72,59.22,17436
TROW,20101126,58.72,59.05,58.35,58.65,4510
TROW,20101129,58.31,58.66,57.66,58.34,12270
TROW,20101130,57.79,58.94,57.51,58.33,15044
TROW,20101201,59.49,59.99,59.18,59.46,24664
TROW,20101202,59.76,61.52,59.70,61.47,20862
TROW,20101203,61.20,61.50,60.02,61.32,14960
TROW,20101206,61.22,61.66,60.73,61.58,13509
TROW,20101207,62.55,63.22,62.07,62.10,29321
TROW,20101208,62.26,62.57,61.57,61.84,26580
TROW,20101209,62.34,62.68,61.67,62.44,18793
TROW,20101210,62.77,63.16,62.03,63.02,12240
TROW,20101213,63.65,64.04,63.03,63.45,19818
TROW,20101214,63.75,63.90,62.43,62.78,11224
TROW,20101215,63.69,63.82,62.55,62.70,25397
TROW,20101216,62.56,62.96,62.17,62.64,26695
TROW,20101217,62.55,63.29,62.55,62.99,24103
TROW,20101220,63.44,63.64,62.83,63.36,10141
TROW,20101221,63.74,64.54,63.61,64.27,13456
TROW,20101222,64.49,65.38,64.41,65.37,14393
TROW,20101223,65.13,65.24,63.98,64.40,9202
TROW,20101227,64.16,64.75,64.04,64.73,5633
TROW,20101228,64.89,65.04,64.04,64.38,5609
TROW,20101229,64.14,64.30,63.68,63.91,9160
TROW,20101230,64.15,64.45,63.85,64.22,9786
TROW,20101231,64.00,64.62,63.80,64.54,11773
TROW,20110103,64.92,66.15,64.88,65.78,24964
TROW,20110104,64.65,65.36,64.15,64.28,20787
TROW,20110105,64.35,65.16,64.34,65.16,18869
TROW,20110106,65.21,66.09,64.95,65.16,15639
TROW,20110107,65.29,65.81,63.97,64.63,14522
TROW,20110110,64.23,64.95,63.68,64.73,1281600
TROW,20110111,64.99,66.01,64.91,65.21,1087400
TROW,20110112,65.59,66.65,65.54,66.61,1444700
TROW,20110113,66.49,67.47,66.31,66.74,1533600
TROW,20110114,66.51,67.76,66.09,67.70,1884000
TROW,20110118,67.57,67.92,66.94,67.86,1324500
TROW,20110119,67.44,67.59,65.89,66.02,1544300
TROW,20110120,66.26,66.96,65.42,65.63,1241100
TROW,20110121,66.16,66.75,65.87,66.25,1189200
TROW,20110124,65.34,66.53,65.31,66.52,1271900
TROW,20110125,66.50,66.85,65.84,66.83,1452300
TROW,20110126,67.18,67.52,66.59,67.29,1279200
TROW,20110127,67.37,68.23,67.13,68.07,1534400
TROW,20110128,68.90,68.98,64.96,65.85,2830200
TROW,20110131,65.91,66.34,64.97,65.92,2165400
TROW,20110201,66.00,67.60,65.96,67.21,1737700
TROW,20110202,66.75,67.02,66.30,66.52,1308700
TROW,20110203,66.43,66.75,65.51,66.12,1170800
TROW,20110204,66.29,66.87,65.93,66.08,1437000
TROW,20110207,66.28,67.56,66.20,67.01,1511500
TROW,20110208,67.25,67.50,66.80,67.25,1008000
TROW,20110209,67.19,67.49,66.78,67.13,856300
TROW,20110210,66.71,68.21,66.71,68.07,1037300
TROW,20110211,67.83,69.25,67.61,68.98,1057100
TROW,20110214,68.77,69.48,68.60,69.32,904200
TROW,20110215,68.93,69.56,68.87,69.19,953400
TROW,20110216,69.40,70.74,69.28,70.49,1493700
TROW,20110217,70.51,70.53,69.88,70.33,882400
TROW,20110218,70.50,71.29,70.09,71.10,1214200
TROW,20110222,70.08,70.64,67.45,67.63,1846900
TROW,20110223,67.66,68.10,65.54,66.25,2089700
TROW,20110224,66.44,67.15,65.47,66.30,1931700
TROW,20110225,66.59,67.25,66.39,67.12,1985100
TROW,20110228,67.40,67.80,66.47,66.98,1868700
TROW,20110301,67.17,67.34,65.14,65.35,1819000
TROW,20110302,65.39,65.86,64.73,65.52,998000
TROW,20110303,66.39,67.84,66.13,67.62,1206500
TROW,20110304,67.48,67.56,65.85,66.74,1282800
TROW,20110307,67.03,67.63,65.74,65.94,979200
TROW,20110308,66.22,67.69,65.88,67.58,1328600
TROW,20110309,67.43,67.63,66.47,66.69,1850200
TROW,20110310,65.51,65.65,64.23,64.38,1962500
TROW,20110311,64.12,64.81,63.82,64.72,1120400
TROW,20110314,64.08,64.42,63.26,63.69,2092100
TROW,20110315,61.39,62.57,61.03,61.96,3308100
TROW,20110316,61.94,62.66,60.58,60.83,2154800
TROW,20110317,62.05,62.67,61.36,61.99,1335400
TROW,20110318,62.87,63.40,62.14,62.24,2061200
TROW,20110321,63.17,63.80,62.87,63.68,1531400
TROW,20110322,63.57,63.57,62.77,63.03,2143200
TROW,20110323,62.68,63.91,62.10,63.76,1342400
TROW,20110324,64.44,64.59,63.67,64.50,1224200
TROW,20110325,64.64,65.65,64.41,65.07,1365600
TROW,20110328,65.26,65.26,64.35,64.43,954100
TROW,20110329,64.39,65.17,63.86,65.17,1496900
TROW,20110330,65.24,66.96,65.24,66.19,1576300
TROW,20110331,65.90,66.49,65.61,66.42,1117400
TROW,20110401,67.07,67.94,67.06,67.89,1809000
TROW,20110404,68.05,68.17,67.14,67.31,895200
TROW,20110405,66.88,67.43,66.47,67.35,1004900
TROW,20110406,67.64,68.06,67.42,67.92,961600
TROW,20110407,67.70,68.26,67.23,67.92,998600
TROW,20110408,68.49,68.59,67.57,67.85,1163800
TROW,20110411,68.25,68.30,66.92,67.30,1002900
TROW,20110412,66.89,67.04,66.04,66.52,881300
TROW,20110413,67.01,67.49,66.47,67.08,1269600
TROW,20110414,66.83,66.87,66.28,66.56,790400
TROW,20110415,66.73,67.11,66.25,67.01,998400
TROW,20110418,65.95,66.10,64.92,65.67,1302200
TROW,20110419,65.94,66.18,65.43,66.04,1096000
TROW,20110420,66.25,66.97,65.96,66.37,2157200
TROW,20110421,64.24,64.73,63.34,64.08,2986400
TROW,20110425,63.97,64.13,63.04,63.31,2567700
TROW,20110426,63.40,64.05,63.37,63.70,3535400
