TS,20090115,20.34,20.98,19.34,20.65,25131
TS,20090116,20.99,21.01,19.91,20.63,21618
TS,20090120,19.96,20.16,19.01,19.07,20388
TS,20090121,19.62,20.56,19.24,20.51,24251
TS,20090122,19.85,20.00,19.22,19.72,21670
TS,20090123,18.92,20.49,18.81,19.94,20255
TS,20090126,20.01,20.85,19.76,20.21,20405
TS,20090127,20.85,20.99,20.37,20.63,23808
TS,20090128,21.15,21.48,20.94,21.25,21044
TS,20090129,20.83,20.93,20.41,20.58,15038
TS,20090130,20.55,20.56,19.57,19.79,17591
TS,20090202,19.43,19.99,19.30,19.72,17527
TS,20090203,19.47,19.66,19.12,19.61,16334
TS,20090204,20.52,20.87,19.97,20.19,21892
TS,20090205,21.18,21.90,20.76,21.52,31463
TS,20090206,22.30,23.04,22.18,22.91,29924
TS,20090209,23.12,23.50,22.48,22.85,23472
TS,20090210,22.49,22.95,21.20,21.35,22335
TS,20090211,22.39,22.53,21.07,21.63,29798
TS,20090212,20.99,21.64,20.59,21.64,14364
TS,20090213,21.86,22.17,21.57,21.86,10266
TS,20090217,20.60,20.66,19.59,19.67,22848
TS,20090218,20.23,20.23,19.36,19.63,27906
TS,20090219,20.40,20.61,19.60,19.72,19812
TS,20090220,19.19,19.58,18.92,19.23,27199
TS,20090223,19.11,19.15,17.69,17.74,26542
TS,20090224,18.19,19.12,17.68,18.94,24408
TS,20090225,18.62,18.64,17.68,17.96,35984
TS,20090226,17.58,18.10,17.23,17.27,55457
TS,20090227,17.00,17.95,16.80,17.55,44871
TS,20090302,16.78,16.78,15.36,15.43,42702
TS,20090303,15.81,15.92,14.82,15.10,39003
TS,20090304,16.14,16.66,16.00,16.42,41880
TS,20090305,15.46,16.00,15.40,15.67,49778
TS,20090306,16.30,16.49,15.72,16.33,48787
TS,20090309,15.69,16.49,15.32,15.95,33718
TS,20090310,16.68,17.39,16.67,17.31,29207
TS,20090311,17.68,17.72,17.02,17.38,23209
TS,20090312,17.15,18.18,16.79,18.09,21003
TS,20090313,18.25,18.67,18.05,18.67,35686
TS,20090316,18.76,19.06,18.40,18.46,22738
TS,20090317,18.13,18.94,17.80,18.94,21849
TS,20090318,18.52,19.54,18.15,19.40,29230
TS,20090319,19.84,20.38,19.76,20.03,33499
TS,20090320,20.79,20.79,19.53,19.56,27096
TS,20090323,20.32,21.23,20.18,21.23,19572
TS,20090324,20.40,20.42,19.86,19.93,26736
TS,20090325,20.33,21.07,20.21,21.00,35458
TS,20090326,21.19,21.69,21.17,21.66,40191
TS,20090327,20.59,21.10,20.39,20.84,29814
TS,20090330,19.79,20.00,19.40,20.00,28084
TS,20090331,20.42,20.75,20.08,20.17,20151
TS,20090401,19.78,20.70,19.76,20.50,19226
TS,20090402,21.26,22.31,21.23,22.10,27097
TS,20090403,22.14,22.52,21.61,22.39,29651
TS,20090406,21.96,22.53,21.81,22.37,22984
TS,20090407,21.45,21.64,21.03,21.33,16170
TS,20090408,21.64,21.87,21.06,21.61,13427
TS,20090409,22.07,22.81,22.01,22.81,21159
TS,20090413,22.73,23.83,22.23,23.53,20706
TS,20090414,22.60,23.20,22.56,22.84,22730
TS,20090415,22.93,23.37,22.84,23.30,15462
TS,20090416,24.04,24.85,23.64,24.48,28178
TS,20090417,23.83,24.59,23.71,24.46,22123
TS,20090420,23.11,23.11,22.55,22.55,19356
TS,20090421,21.93,23.43,21.91,23.43,16819
TS,20090422,23.43,24.37,23.31,23.82,21159
TS,20090423,24.21,24.32,23.45,23.85,22278
TS,20090424,25.19,25.46,24.89,25.08,24812
TS,20090427,25.03,25.64,24.53,24.95,29890
TS,20090428,24.48,24.98,24.32,24.67,21080
TS,20090429,24.98,25.57,24.93,25.30,20719
TS,20090430,25.62,25.67,24.59,25.02,27694
TS,20090501,25.25,26.12,24.81,25.70,15343
TS,20090504,26.28,27.43,26.28,27.37,24364
TS,20090505,27.08,27.25,26.27,26.97,20924
TS,20090506,27.68,28.22,27.23,28.07,19409
TS,20090507,29.92,30.34,27.46,28.02,53445
TS,20090508,28.94,29.20,27.95,28.95,28259
TS,20090511,27.78,28.08,27.50,27.98,17213
TS,20090512,28.51,28.65,27.62,28.42,15839
TS,20090513,27.39,27.72,26.65,26.86,29524
TS,20090514,26.18,26.92,25.96,26.68,25466
TS,20090515,26.87,27.25,26.08,26.33,19753
TS,20090518,27.24,28.15,27.05,28.07,19171
TS,20090519,28.05,28.74,27.91,28.31,23036
TS,20090520,29.06,29.67,28.70,28.85,25544
TS,20090521,29.14,29.19,28.37,28.85,30778
TS,20090522,28.85,29.52,28.34,28.71,38536
TS,20090526,28.01,29.55,28.00,29.50,19364
TS,20090527,29.52,29.95,29.13,29.29,28561
TS,20090528,29.99,30.61,29.40,30.29,21612
TS,20090529,30.88,31.00,30.36,30.57,27534
TS,20090601,31.50,32.32,31.43,32.00,22463
TS,20090602,31.93,32.61,31.82,32.28,23475
TS,20090603,31.33,31.43,29.88,30.35,27198
TS,20090604,30.92,31.64,30.36,31.53,19245
TS,20090605,31.34,31.63,30.37,30.91,24851
TS,20090608,30.18,30.59,29.85,30.20,26091
TS,20090609,30.54,30.92,30.00,30.71,22594
TS,20090610,31.16,31.24,30.50,31.07,34669
TS,20090611,31.16,31.92,31.15,31.39,28100
TS,20090612,30.88,30.95,30.44,30.85,16336
TS,20090615,29.54,29.58,28.75,29.07,14480
TS,20090616,29.59,29.62,28.56,28.58,17092
TS,20090617,27.76,27.82,26.89,27.10,37907
TS,20090618,27.22,27.83,26.88,27.25,15745
TS,20090619,27.86,27.86,27.10,27.35,20878
TS,20090622,26.03,26.09,24.72,24.79,25229
TS,20090623,25.70,26.15,25.39,25.80,20342
TS,20090624,27.03,27.33,26.31,26.57,24530
TS,20090625,26.09,27.16,26.01,27.15,20495
TS,20090626,27.07,27.15,26.79,26.98,12065
TS,20090629,27.61,27.80,27.25,27.41,15457
TS,20090630,27.71,27.87,26.81,27.04,17090
TS,20090701,27.92,28.03,27.25,27.27,18487
TS,20090702,26.73,26.73,25.99,26.12,12759
TS,20090706,24.77,25.56,24.72,25.44,14753
TS,20090707,25.75,25.76,24.83,24.87,21260
TS,20090708,24.94,25.08,23.86,24.63,26102
TS,20090709,25.41,25.56,25.05,25.19,19766
TS,20090710,24.65,25.25,24.49,25.09,19398
TS,20090713,25.30,26.14,24.85,26.09,24982
TS,20090714,25.80,26.15,25.51,25.88,22602
TS,20090715,27.02,27.58,26.96,27.47,22379
TS,20090716,27.38,28.29,27.29,28.05,26719
TS,20090717,27.67,28.20,27.54,27.85,20039
TS,20090720,28.40,28.64,27.89,28.31,20150
TS,20090721,28.67,28.71,27.96,28.45,15980
TS,20090722,27.95,28.73,27.84,28.31,17395
TS,20090723,28.22,29.64,28.22,29.59,24442
TS,20090724,29.29,29.53,28.83,29.43,12705
TS,20090727,29.62,29.81,29.07,29.32,18026
TS,20090728,28.58,29.11,27.89,28.66,16717
TS,20090729,28.56,28.74,28.07,28.39,22292
TS,20090730,28.77,29.60,28.66,29.30,24144
TS,20090731,29.89,30.70,29.62,30.32,28565
TS,20090803,31.41,31.99,31.32,31.68,25749
TS,20090804,31.41,31.57,30.78,30.93,26086
TS,20090805,31.69,31.88,30.93,31.57,21147
TS,20090806,30.90,31.37,30.35,30.52,23621
TS,20090807,31.23,31.34,30.50,31.18,15539
TS,20090810,30.96,31.30,30.35,30.81,10308
TS,20090811,30.89,30.90,30.37,30.60,12402
TS,20090812,30.10,30.78,30.08,30.49,22701
TS,20090813,30.89,31.13,30.51,31.04,22849
TS,20090814,30.88,30.94,29.94,30.23,10437
TS,20090817,29.24,29.24,28.56,28.64,14005
TS,20090818,29.02,29.30,28.96,29.10,20327
TS,20090819,28.70,29.53,28.65,29.35,36962
TS,20090820,29.48,29.94,29.47,29.78,15997
TS,20090821,30.45,30.64,30.30,30.51,15109
TS,20090824,30.92,30.95,29.32,29.57,44661
TS,20090825,30.07,30.28,29.54,29.68,23454
TS,20090826,29.73,29.81,29.34,29.62,14107
TS,20090827,29.72,29.76,29.04,29.66,16233
TS,20090828,29.86,30.01,29.61,29.81,10172
TS,20090831,29.46,29.46,28.85,28.98,16086
TS,20090901,28.86,29.71,28.23,28.38,15069
TS,20090902,28.00,28.47,27.95,28.31,13767
TS,20090903,28.66,28.80,28.21,28.71,8476
TS,20090904,28.66,29.34,28.37,29.27,9437
TS,20090908,31.19,31.40,30.67,31.03,20500
TS,20090909,31.77,32.15,31.51,31.84,23719
TS,20090910,32.53,33.06,32.20,32.99,20655
TS,20090911,32.90,33.08,32.28,32.60,22003
TS,20090914,32.47,33.26,32.45,33.24,14740
TS,20090915,33.38,33.99,33.05,33.92,13534
TS,20090916,35.16,35.53,34.90,35.39,24655
TS,20090917,35.60,36.50,35.55,36.04,31918
TS,20090918,36.52,36.83,35.96,36.00,49178
TS,20090921,35.14,35.44,34.86,35.13,26530
TS,20090922,35.93,36.66,35.84,36.53,29119
TS,20090923,36.33,36.42,35.45,35.49,13899
TS,20090924,36.21,36.28,34.89,35.09,24793
TS,20090925,35.00,35.64,34.78,34.92,15267
TS,20090928,35.29,36.27,35.23,36.06,10170
TS,20090929,35.84,36.06,35.34,35.67,10729
TS,20090930,35.98,36.06,34.93,35.62,13068
TS,20091001,35.29,35.40,33.90,33.92,21434
TS,20091002,33.38,33.82,33.16,33.51,23272
TS,20091005,33.69,34.22,33.59,33.93,34758
TS,20091006,34.83,35.49,34.68,35.01,17815
TS,20091007,35.62,35.72,34.93,35.31,10274
TS,20091008,35.85,36.50,35.62,36.40,12981
TS,20091009,37.28,37.70,37.08,37.60,22746
TS,20091012,38.36,38.53,37.72,38.00,12562
TS,20091013,38.20,38.54,37.51,38.34,26756
TS,20091014,39.27,39.33,38.66,38.95,30676
TS,20091015,38.50,39.19,38.24,39.19,16983
TS,20091016,38.58,38.91,38.40,38.56,12812
TS,20091019,38.99,39.68,38.78,39.60,12574
TS,20091020,40.45,40.50,39.41,39.79,25702
TS,20091021,39.30,41.15,39.29,40.35,30880
TS,20091022,39.64,40.53,39.49,40.43,22022
TS,20091023,40.26,40.39,39.60,40.23,36733
TS,20091026,40.20,40.78,38.96,39.20,32543
TS,20091027,38.77,38.99,37.63,37.69,33131
TS,20091028,37.07,37.21,35.19,35.30,43210
TS,20091029,36.67,37.58,36.40,37.48,21692
TS,20091030,37.01,37.30,35.30,35.62,23126
TS,20091102,35.96,37.59,35.96,37.15,52394
TS,20091103,36.70,39.12,36.61,38.91,62302
TS,20091104,39.54,40.22,39.26,39.38,27339
TS,20091105,39.81,39.97,39.04,39.56,27737
TS,20091106,38.64,40.07,38.51,39.75,24368
TS,20091109,40.91,41.57,40.71,41.44,20719
TS,20091110,41.00,41.52,40.74,41.09,13305
TS,20091111,41.40,41.63,40.70,40.98,12050
TS,20091112,41.02,41.31,39.72,39.90,21346
TS,20091113,40.27,40.62,40.03,40.25,21074
TS,20091116,41.42,42.58,41.37,42.36,24313
TS,20091117,41.72,42.29,41.42,42.27,11987
TS,20091118,42.59,42.72,42.01,42.32,15940
TS,20091119,41.38,41.45,40.57,41.24,13536
TS,20091120,40.82,40.93,40.31,40.63,13273
TS,20091123,41.87,42.23,41.30,41.41,17370
TS,20091124,41.45,41.45,40.75,41.28,8904
TS,20091125,41.18,41.82,40.58,41.67,18974
TS,20091127,38.58,40.39,38.54,40.01,12105
TS,20091130,39.90,40.03,38.88,39.46,25450
TS,20091201,40.55,40.85,40.10,40.41,13550
TS,20091202,40.87,41.43,40.83,41.27,21819
TS,20091203,41.44,41.72,40.59,40.66,15904
TS,20091204,41.27,41.69,39.49,40.11,18604
TS,20091207,39.58,40.49,39.58,39.85,11509
TS,20091208,39.06,39.06,37.91,38.33,27361
TS,20091209,38.92,39.77,38.55,39.70,22595
TS,20091210,39.72,40.07,39.27,39.99,14990
TS,20091211,40.00,40.13,39.58,40.10,12999
TS,20091214,40.66,40.83,40.38,40.70,6794
TS,20091215,40.13,40.56,40.05,40.12,9377
TS,20091216,40.57,41.20,40.57,40.62,15731
TS,20091217,40.42,40.70,40.24,40.33,12414
TS,20091218,40.58,40.90,39.91,40.29,8885
TS,20091221,40.69,41.42,40.47,40.68,12119
TS,20091222,41.41,41.97,41.31,41.68,13525
TS,20091223,42.11,42.51,41.94,42.51,11936
TS,20091224,42.51,42.84,42.30,42.76,2345
TS,20091228,43.28,43.35,42.74,42.92,5765
TS,20091229,43.39,43.46,42.75,42.85,9470
TS,20091230,42.55,43.13,42.49,42.93,5307
TS,20091231,42.98,43.35,42.65,42.65,2606
TS,20100104,44.26,44.58,44.20,44.33,12390
TS,20100105,44.62,45.46,44.62,45.40,20968
TS,20100106,45.00,45.58,44.86,45.41,13319
TS,20100107,45.09,45.76,44.79,45.59,9923
TS,20100108,45.05,45.87,45.01,45.70,15048
TS,20100111,46.40,46.45,45.56,45.92,11006
TS,20100112,44.38,45.04,43.83,44.74,27514
TS,20100113,46.16,47.17,45.65,47.10,29651
TS,20100114,47.31,47.76,47.20,47.41,17022
TS,20100115,46.77,47.09,46.53,46.91,15664
TS,20100119,46.67,47.43,46.67,47.37,9039
TS,20100120,46.35,46.38,45.39,46.18,16145
TS,20100121,46.68,46.85,45.41,45.79,22513
TS,20100122,45.46,46.17,44.87,45.06,25262
TS,20100125,45.58,45.78,45.01,45.26,12484
TS,20100126,44.20,44.79,43.79,44.13,17816
TS,20100127,44.60,44.87,43.50,44.55,23166
TS,20100128,44.59,44.64,43.33,43.70,13311
TS,20100129,44.78,45.24,43.52,44.00,27593
TS,20100201,43.40,44.56,43.22,44.47,22816
TS,20100202,44.95,45.85,44.59,45.70,19520
TS,20100203,45.33,45.58,44.95,45.15,12080
TS,20100204,44.50,44.56,43.10,43.20,20828
TS,20100205,43.01,43.29,40.63,42.45,36572
TS,20100208,42.46,43.10,41.92,42.00,12460
TS,20100209,43.70,44.48,43.28,43.89,18174
TS,20100210,44.01,44.13,42.87,43.45,12684
TS,20100211,43.96,44.70,43.43,44.70,14027
TS,20100212,43.30,44.25,43.14,44.23,12853
TS,20100216,45.05,46.04,44.80,45.94,16099
TS,20100217,46.33,46.42,45.63,45.92,9600
TS,20100218,45.74,46.68,45.74,46.62,14728
TS,20100219,45.94,46.69,45.73,46.48,10741
TS,20100222,47.73,47.79,46.77,46.85,22408
TS,20100223,45.97,46.20,45.02,45.58,18254
TS,20100224,46.10,46.39,45.41,45.88,24305
TS,20100225,40.33,42.34,40.24,41.67,82502
TS,20100226,41.24,41.74,40.42,41.43,22126
TS,20100301,42.09,42.74,41.78,42.74,25936
TS,20100302,43.19,43.44,42.77,42.89,20027
TS,20100303,43.76,44.40,43.53,43.86,28623
TS,20100304,44.42,44.50,43.46,43.75,37600
TS,20100305,43.86,43.87,43.51,43.56,35054
TS,20100308,44.44,44.46,43.89,44.13,27124
TS,20100309,43.53,44.20,43.52,43.92,21772
TS,20100310,44.32,44.58,43.99,44.22,23205
TS,20100311,44.36,44.45,43.97,44.36,13290
TS,20100312,45.02,45.09,44.58,44.90,16423
TS,20100315,44.23,44.36,43.51,43.98,12973
TS,20100316,44.46,44.80,44.24,44.79,15165
TS,20100317,44.82,45.08,44.65,44.88,17372
TS,20100318,44.16,44.41,43.60,43.93,21775
TS,20100319,43.93,44.03,43.21,43.38,19249
TS,20100322,42.74,44.37,42.66,44.31,19772
TS,20100323,43.93,44.28,43.69,44.26,24366
TS,20100324,43.17,43.73,43.02,43.39,22751
TS,20100325,43.76,43.91,42.51,42.51,31044
TS,20100326,43.17,43.77,42.93,43.10,30235
TS,20100329,43.18,43.65,43.07,43.51,19054
TS,20100330,43.29,43.47,42.80,43.11,12119
TS,20100331,43.27,43.59,42.88,42.94,13162
TS,20100401,43.80,44.98,43.75,44.90,16271
TS,20100405,44.92,45.49,44.92,45.28,11363
TS,20100406,44.71,45.50,44.63,45.43,15873
TS,20100407,45.09,45.28,44.28,44.64,19323
TS,20100408,43.84,44.38,43.70,44.34,13968
TS,20100409,44.55,44.89,44.41,44.65,18149
TS,20100412,44.83,45.02,44.55,44.57,10338
TS,20100413,44.50,44.54,43.66,43.69,20535
TS,20100414,43.83,43.89,42.99,43.26,44122
TS,20100415,43.57,43.59,42.67,42.71,33606
TS,20100416,42.06,42.24,41.18,41.19,39431
TS,20100419,40.61,41.34,40.61,41.34,36692
TS,20100420,42.21,42.26,41.98,42.19,35762
TS,20100421,41.68,42.02,41.29,41.47,24884
TS,20100422,40.50,40.76,40.19,40.69,49469
TS,20100423,40.69,42.01,40.63,41.96,29280
TS,20100426,42.14,42.68,42.04,42.26,31237
TS,20100427,41.66,42.10,40.49,40.56,35398
TS,20100428,41.00,41.13,40.16,40.76,26445
TS,20100429,41.03,41.35,40.77,40.91,21721
TS,20100430,40.82,41.01,39.98,40.61,39827
TS,20100503,40.99,41.08,40.39,40.83,20202
TS,20100504,39.55,39.60,38.62,38.82,33674
TS,20100505,37.38,39.20,37.38,38.51,37378
TS,20100506,37.92,38.90,35.00,36.88,39358
TS,20100507,37.41,37.78,35.68,36.74,35369
TS,20100510,38.99,39.22,38.48,39.07,26397
TS,20100511,38.31,39.45,38.31,39.04,26594
TS,20100512,39.16,39.43,38.94,39.18,22394
TS,20100513,38.98,39.64,38.73,38.89,13215
TS,20100514,38.28,38.34,36.76,37.51,18951
TS,20100517,37.74,37.93,36.46,37.55,17686
TS,20100518,38.43,38.67,36.83,37.01,18665
TS,20100519,36.90,37.38,36.30,37.27,25071
TS,20100520,35.41,36.21,34.76,35.17,29956
TS,20100521,35.38,36.83,35.25,36.68,21724
TS,20100524,36.02,36.34,35.29,35.35,14846
TS,20100525,33.43,35.24,33.15,35.14,24669
TS,20100526,36.27,37.22,35.49,35.67,27655
TS,20100527,38.03,38.79,37.54,38.79,25713
TS,20100528,38.32,38.32,36.76,37.12,28794
TS,20100601,36.28,37.45,35.62,35.65,28290
TS,20100602,35.72,36.82,35.60,36.82,16999
TS,20100603,37.64,37.69,36.61,37.25,19817
TS,20100604,35.93,36.45,35.01,35.14,22211
TS,20100607,35.35,35.64,34.35,34.35,19437
TS,20100608,34.59,35.13,34.15,34.82,34364
TS,20100609,35.23,35.89,34.30,34.52,34498
TS,20100610,36.18,36.60,35.90,36.47,29296
TS,20100611,35.88,36.74,35.87,36.68,17062
TS,20100614,37.82,38.23,37.16,37.24,22150
TS,20100615,38.04,38.82,37.80,38.68,16840
TS,20100616,37.89,38.57,37.74,38.23,21305
TS,20100617,38.47,38.47,37.72,38.10,12935
TS,20100618,37.95,38.24,37.81,38.19,10659
TS,20100621,38.59,38.96,38.02,38.19,16477
TS,20100622,38.62,39.02,37.84,37.98,17888
TS,20100623,37.88,38.30,37.22,38.05,19198
TS,20100624,37.71,37.90,36.91,37.09,13096
TS,20100625,36.85,37.57,36.50,37.33,10822
TS,20100628,37.69,37.79,37.06,37.31,10628
TS,20100629,36.19,36.27,34.92,35.31,18638
TS,20100630,34.75,35.45,34.45,34.61,22786
TS,20100701,35.23,36.24,34.63,36.14,38183
TS,20100702,36.27,36.51,35.66,35.91,21970
TS,20100706,36.44,36.93,35.62,36.00,19592
TS,20100707,35.87,37.58,35.87,37.55,17823
TS,20100708,37.61,38.14,37.23,38.06,21608
TS,20100709,38.00,38.73,37.87,38.66,16094
TS,20100712,38.22,38.62,37.84,38.11,11474
TS,20100713,38.90,39.09,38.62,38.77,13093
TS,20100714,38.35,39.06,38.24,38.68,15924
TS,20100715,39.09,39.10,38.33,38.90,15880
TS,20100716,38.73,38.85,38.04,38.08,23282
TS,20100719,38.55,38.76,38.11,38.47,14856
TS,20100720,37.41,39.01,37.41,38.93,25102
TS,20100721,39.00,39.07,37.75,37.99,27000
TS,20100722,39.27,39.57,39.07,39.49,26336
TS,20100723,39.25,39.77,39.04,39.71,28077
TS,20100726,39.65,39.93,39.34,39.90,15692
TS,20100727,39.85,40.00,39.20,39.59,20679
TS,20100728,39.45,40.04,39.40,40.04,32025
TS,20100729,40.52,40.84,39.70,40.19,19823
TS,20100730,39.51,40.37,39.51,40.05,19002
TS,20100802,41.23,41.70,41.14,41.56,20122
TS,20100803,41.85,41.95,41.21,41.38,18011
TS,20100804,41.90,41.92,41.22,41.62,24255
TS,20100805,40.23,40.35,39.00,39.59,41309
TS,20100806,38.81,39.00,38.07,38.42,35880
TS,20100809,38.56,38.62,37.82,38.02,16088
TS,20100810,37.25,37.70,36.92,37.43,19572
TS,20100811,35.85,35.87,35.38,35.67,29588
TS,20100812,35.02,35.45,34.88,35.29,29203
TS,20100813,34.73,35.51,34.69,35.12,16716
TS,20100816,34.90,35.84,34.89,35.63,15080
TS,20100817,36.24,36.95,35.93,36.62,17850
TS,20100818,36.73,37.16,36.39,36.94,23745
TS,20100819,36.90,37.12,35.88,36.24,21365
TS,20100820,35.32,35.56,35.09,35.30,13751
TS,20100823,35.42,35.81,34.82,34.82,10860
TS,20100824,34.35,34.35,33.75,33.85,24353
TS,20100825,33.20,33.68,32.91,33.54,19175
TS,20100826,33.96,34.15,33.44,33.50,13079
TS,20100827,33.97,34.48,33.28,34.34,17180
TS,20100830,33.92,34.06,33.48,33.55,11351
TS,20100831,33.62,34.13,33.39,33.65,16004
TS,20100901,34.58,35.47,34.43,35.46,16563
TS,20100902,35.47,35.70,35.26,35.68,8551
TS,20100903,36.09,36.52,36.03,36.27,11382
TS,20100907,35.56,35.83,35.34,35.46,9359
TS,20100908,35.85,36.33,35.85,35.99,7531
TS,20100909,36.27,36.33,35.71,36.01,10877
TS,20100910,36.15,36.34,36.02,36.22,6554
TS,20100913,36.61,36.90,36.42,36.69,7031
TS,20100914,36.41,36.96,36.13,36.64,7834
TS,20100915,36.30,36.70,36.16,36.44,11321
TS,20100916,36.55,36.74,36.43,36.60,9272
TS,20100917,36.68,36.81,36.28,36.52,6866
TS,20100920,36.72,37.29,36.57,37.15,6700
TS,20100921,37.75,38.11,36.75,37.58,14796
TS,20100922,37.92,38.19,37.57,37.68,15577
TS,20100923,36.89,37.79,36.75,37.25,16024
TS,20100924,38.09,38.36,37.93,38.14,9029
TS,20100927,38.03,38.21,37.89,37.92,8901
TS,20100928,38.07,38.38,37.61,38.26,14806
TS,20100929,38.06,38.49,38.01,38.38,15803
TS,20100930,38.91,38.92,38.12,38.42,12575
TS,20101001,39.13,39.13,38.53,38.96,16421
TS,20101004,38.35,38.59,37.76,37.99,13285
TS,20101005,38.68,39.07,38.44,38.92,14207
TS,20101006,39.43,39.60,39.24,39.48,13222
TS,20101007,40.94,40.97,39.52,39.86,23189
TS,20101008,40.76,41.25,40.63,41.17,21425
TS,20101011,41.27,41.41,40.94,41.05,13887
TS,20101012,41.12,41.46,40.56,41.42,18697
TS,20101013,41.76,41.97,41.63,41.81,18485
TS,20101014,42.22,42.39,41.62,42.01,20549
TS,20101015,42.27,42.28,41.51,41.96,15472
TS,20101018,41.82,42.04,41.63,41.86,11117
TS,20101019,40.68,41.14,40.29,40.52,16168
TS,20101020,41.05,41.62,41.05,41.49,22632
TS,20101021,41.53,41.89,40.87,41.38,17371
TS,20101022,41.44,41.59,41.25,41.55,13286
TS,20101025,42.03,42.40,41.74,41.76,11788
TS,20101026,40.85,41.24,40.53,41.12,21259
TS,20101027,40.59,40.86,40.10,40.59,17350
TS,20101028,41.40,41.49,40.99,41.33,16163
TS,20101029,41.12,41.48,41.06,41.43,9662
TS,20101101,41.90,42.04,41.39,41.70,12954
TS,20101102,42.23,42.77,42.14,42.60,15416
TS,20101103,42.56,42.67,42.03,42.54,16673
TS,20101104,43.26,43.46,43.15,43.46,15324
TS,20101105,43.78,44.46,43.72,44.45,25820
TS,20101108,44.41,45.38,44.24,45.29,28377
TS,20101109,45.71,46.16,45.32,45.56,33199
TS,20101110,45.27,45.52,44.54,45.36,24839
TS,20101111,44.62,45.47,44.46,45.47,21885
TS,20101112,45.02,45.26,44.49,44.82,24434
TS,20101115,44.87,45.08,44.32,44.33,11664
TS,20101116,43.31,43.34,41.77,42.40,42868
TS,20101117,43.10,43.89,42.94,43.46,22616
TS,20101118,44.63,44.83,44.50,44.66,14282
TS,20101119,44.39,44.61,43.83,44.57,15033
TS,20101122,43.48,43.84,42.84,43.74,16017
TS,20101123,43.05,43.43,42.78,43.26,18874
TS,20101124,43.33,43.99,43.25,43.97,17883
TS,20101126,43.72,44.04,43.55,43.70,4486
TS,20101129,42.54,42.96,42.04,42.75,28083
TS,20101130,41.89,42.92,41.80,42.58,23724
TS,20101201,43.54,44.34,43.50,44.26,16170
TS,20101202,44.35,45.60,44.27,45.51,21628
TS,20101203,45.39,46.07,45.31,46.06,24954
TS,20101206,45.74,46.31,45.67,46.12,32226
TS,20101207,46.88,46.96,46.11,46.11,31780
TS,20101208,46.05,46.53,45.50,45.93,17137
TS,20101209,46.11,46.12,45.39,45.81,12626
TS,20101210,45.87,46.21,45.75,46.20,9331
TS,20101213,47.00,47.63,47.00,47.40,16162
TS,20101214,47.13,47.14,46.64,46.84,12052
TS,20101215,46.58,46.75,46.06,46.19,15935
TS,20101216,46.44,47.15,46.14,47.14,20773
TS,20101217,46.53,47.57,46.45,47.57,22665
TS,20101220,48.64,48.74,48.21,48.56,15669
TS,20101221,48.94,49.02,48.75,48.89,11562
TS,20101222,48.87,48.95,48.58,48.90,6549
TS,20101223,48.43,49.11,48.41,49.02,6111
TS,20101227,48.61,48.86,48.58,48.85,6092
TS,20101228,48.10,48.40,47.96,48.37,9014
TS,20101229,48.77,49.27,48.65,49.09,9859
TS,20101230,48.95,49.21,48.66,49.07,7445
TS,20101231,48.97,49.50,48.95,48.98,4388
TS,20110103,49.50,49.70,49.23,49.31,11187
TS,20110104,49.80,49.88,48.04,48.57,15209
TS,20110105,47.31,48.56,47.21,48.32,16402
TS,20110106,48.06,48.10,47.04,47.35,10467
TS,20110107,47.43,47.67,46.79,47.19,9370
TS,20110110,46.64,47.19,46.42,47.02,940400
TS,20110111,46.45,47.20,46.26,47.19,1990600
TS,20110112,48.46,48.61,47.74,47.87,3059300
TS,20110113,48.10,48.15,45.11,45.24,5940500
TS,20110114,45.53,46.52,45.39,46.49,3355400
TS,20110118,45.74,46.22,45.57,46.22,2212400
TS,20110119,46.78,46.97,46.05,46.34,2453600
TS,20110120,45.94,46.32,45.50,46.13,2006000
TS,20110121,46.22,46.57,45.61,45.63,1402000
TS,20110124,44.93,45.97,44.92,45.69,1019900
TS,20110125,45.62,45.89,45.15,45.89,1402900
TS,20110126,45.83,47.03,45.76,46.97,2047300
TS,20110127,47.14,47.14,46.50,46.96,1638400
TS,20110128,47.00,47.02,46.08,46.26,1818700
TS,20110131,47.02,47.22,46.80,47.17,1208400
TS,20110201,47.61,47.96,47.21,47.89,1975100
TS,20110202,47.05,47.71,46.97,47.23,1853200
TS,20110203,46.70,46.82,46.23,46.73,1369600
TS,20110204,46.33,46.73,46.13,46.73,1490700
TS,20110207,46.36,46.59,46.20,46.29,1912000
TS,20110208,46.18,46.19,45.82,46.00,2260400
TS,20110209,46.41,46.47,45.79,46.04,2090300
TS,20110210,45.36,45.51,45.08,45.22,2457900
TS,20110211,45.38,46.50,45.31,46.49,1892500
TS,20110214,46.22,46.69,46.18,46.60,2205000
TS,20110215,46.56,46.76,46.41,46.64,2115300
TS,20110216,46.92,47.72,46.83,47.72,1601100
TS,20110217,47.91,48.33,47.63,48.33,1929000
TS,20110218,48.00,48.31,47.93,48.21,1280000
TS,20110222,47.25,47.95,46.66,46.85,1542900
TS,20110223,46.46,47.14,46.16,46.44,2351900
TS,20110224,45.64,45.78,44.03,44.31,4657700
TS,20110225,44.57,45.39,44.57,45.12,1457900
TS,20110228,45.78,45.92,44.98,45.38,1731800
TS,20110301,45.99,46.00,44.79,44.83,1518300
TS,20110302,45.09,46.58,45.03,46.37,2412900
TS,20110303,46.82,47.23,46.57,47.11,1717600
TS,20110304,46.73,46.98,45.83,45.99,1357600
TS,20110307,46.80,46.81,45.90,46.63,1750900
TS,20110308,46.28,47.55,46.28,47.11,1711400
TS,20110309,47.03,47.06,46.27,46.62,1421900
TS,20110310,44.77,45.11,44.49,44.56,1474500
TS,20110311,44.20,44.99,44.20,44.79,1054400
TS,20110314,44.74,45.28,44.43,45.24,783500
TS,20110315,43.27,44.81,43.23,44.60,1366500
TS,20110316,44.31,44.69,42.92,43.37,1553300
TS,20110317,44.74,45.03,44.41,44.87,1372700
TS,20110318,45.72,45.73,45.00,45.36,1122000
TS,20110321,45.97,46.23,45.86,46.23,740600
TS,20110322,46.05,46.25,45.93,46.11,1074300
TS,20110323,46.08,46.55,46.00,46.53,2971800
TS,20110324,46.73,47.12,46.47,47.09,1185000
TS,20110325,46.75,47.20,46.41,46.44,953600
TS,20110328,46.54,47.63,46.44,47.03,2061800
TS,20110329,47.22,48.05,47.03,47.89,930500
TS,20110330,48.97,48.99,48.29,48.73,1288000
TS,20110331,49.12,49.56,49.11,49.46,1815000
TS,20110401,49.43,50.28,49.42,50.01,2371700
TS,20110404,50.36,50.57,50.09,50.43,1547400
TS,20110405,49.66,50.59,49.61,50.37,1437300
TS,20110406,50.66,50.78,49.52,49.76,1285600
TS,20110407,49.00,49.25,48.34,48.79,2283100
TS,20110408,50.27,50.63,49.99,50.59,2943900
TS,20110411,50.83,51.01,50.24,50.50,2167900
TS,20110412,49.98,50.00,48.64,49.36,3096400
TS,20110413,49.53,49.64,49.01,49.34,1007400
TS,20110414,48.44,49.41,48.44,49.40,1140500
TS,20110415,48.69,49.46,48.63,49.33,1086800
TS,20110418,47.81,48.18,47.03,47.85,1777600
TS,20110419,48.02,48.92,48.02,48.74,1072000
TS,20110420,49.86,49.87,49.23,49.35,1148900
TS,20110421,50.06,50.06,49.27,49.62,765800
TS,20110425,49.70,49.81,49.10,49.19,1092400
TS,20110426,49.72,49.72,48.65,49.23,1708900
