UTX,20090115,50.03,50.51,48.18,49.69,63643
UTX,20090116,50.55,51.50,49.62,51.10,81836
UTX,20090120,50.90,51.25,49.15,49.36,79104
UTX,20090121,49.59,49.89,47.19,49.25,119645
UTX,20090122,48.66,49.35,47.74,48.95,78618
UTX,20090123,47.45,48.15,46.94,47.41,62236
UTX,20090126,47.90,49.43,47.49,48.67,64211
UTX,20090127,49.26,49.85,48.53,49.24,50569
UTX,20090128,49.44,51.07,49.44,50.66,50654
UTX,20090129,50.00,50.19,48.50,48.68,61587
UTX,20090130,48.74,49.85,47.35,47.99,67830
UTX,20090202,47.26,48.17,46.94,47.54,62681
UTX,20090203,48.24,48.64,47.15,48.31,54294
UTX,20090204,48.27,48.86,47.35,47.53,55930
UTX,20090205,47.23,48.53,46.52,48.05,66296
UTX,20090206,48.17,49.57,47.99,49.03,71739
UTX,20090209,49.09,49.87,48.60,49.62,69831
UTX,20090210,49.25,49.78,46.75,47.06,80984
UTX,20090211,47.26,48.03,47.00,47.62,45131
UTX,20090212,46.60,47.01,45.41,46.91,63842
UTX,20090213,47.14,47.96,46.78,47.09,44471
UTX,20090217,45.97,46.71,45.18,45.68,108730
UTX,20090218,45.75,45.90,44.52,44.85,63623
UTX,20090219,45.20,45.93,44.61,44.72,55316
UTX,20090220,44.03,44.70,43.28,43.99,85309
UTX,20090223,44.14,44.48,42.22,42.35,75220
UTX,20090224,42.37,43.35,41.76,43.00,94347
UTX,20090225,42.66,42.66,41.06,41.52,102476
UTX,20090226,41.75,42.08,41.01,41.10,78716
UTX,20090227,40.61,41.35,40.10,40.83,130338
UTX,20090302,40.23,40.33,39.08,39.17,132653
UTX,20090303,39.48,39.53,38.41,38.55,115004
UTX,20090304,39.17,39.84,38.88,39.16,97399
UTX,20090305,38.09,38.87,37.61,37.92,107985
UTX,20090306,38.24,38.78,37.74,38.54,121902
UTX,20090309,38.03,38.75,37.40,37.56,77590
UTX,20090310,38.29,40.79,37.93,40.79,121415
UTX,20090311,40.85,41.69,40.35,41.06,100847
UTX,20090312,40.82,41.99,40.00,41.80,76924
UTX,20090313,41.46,41.92,40.30,40.57,90832
UTX,20090316,40.89,42.22,40.80,41.12,83891
UTX,20090317,41.20,41.73,40.20,41.71,72575
UTX,20090318,41.49,42.48,40.47,41.88,86853
UTX,20090319,42.27,42.27,40.89,41.05,70889
UTX,20090320,41.61,41.92,40.39,40.53,103838
UTX,20090323,41.36,43.55,41.24,43.48,80827
UTX,20090324,42.96,43.88,42.83,43.21,63232
UTX,20090325,43.49,44.71,42.72,43.69,105560
UTX,20090326,43.80,45.59,43.56,45.47,91793
UTX,20090327,45.02,45.31,44.28,44.48,55138
UTX,20090330,43.60,43.91,42.14,42.60,65309
UTX,20090331,42.63,43.86,42.60,42.98,64417
UTX,20090401,42.45,44.18,42.06,43.88,72097
UTX,20090402,44.93,46.75,44.69,45.94,101998
UTX,20090403,46.26,46.32,44.95,45.63,65035
UTX,20090406,45.30,46.36,44.63,46.31,55784
UTX,20090407,45.58,46.08,44.90,45.16,58585
UTX,20090408,45.28,45.38,43.89,44.62,67413
UTX,20090409,45.81,47.50,45.74,47.29,78040
UTX,20090413,46.84,46.84,45.54,46.39,50799
UTX,20090414,46.00,46.26,45.17,45.55,60489
UTX,20090415,45.40,47.20,45.31,46.76,60563
UTX,20090416,47.16,47.88,45.97,47.50,56165
UTX,20090417,47.74,48.26,47.28,47.32,66846
UTX,20090420,46.63,46.77,45.50,45.81,58788
UTX,20090421,47.25,48.85,46.99,47.99,107707
UTX,20090422,47.63,48.44,46.84,46.89,82287
UTX,20090423,46.79,48.15,46.26,48.04,80055
UTX,20090424,48.26,49.68,47.84,49.37,77013
UTX,20090427,48.87,49.34,48.16,48.46,47819
UTX,20090428,47.69,48.56,47.34,47.97,35818
UTX,20090429,48.47,49.66,48.15,48.91,55337
UTX,20090430,49.48,50.28,48.52,48.84,65517
UTX,20090501,49.27,49.79,48.66,49.52,44952
UTX,20090504,49.62,51.40,49.62,51.18,69415
UTX,20090505,50.90,51.90,50.90,51.83,49303
UTX,20090506,52.34,52.85,51.51,52.29,49950
UTX,20090507,52.28,52.76,51.20,51.72,63111
UTX,20090508,52.42,53.61,51.03,53.55,73286
UTX,20090511,52.70,53.13,52.11,52.50,53398
UTX,20090512,52.89,53.07,51.74,52.84,65280
UTX,20090513,51.44,51.44,49.87,50.61,80696
UTX,20090514,50.80,52.05,50.75,51.51,66751
UTX,20090515,51.38,51.94,50.92,51.28,70946
UTX,20090518,51.16,53.07,51.16,52.98,59988
UTX,20090519,52.84,53.17,52.21,52.30,55733
UTX,20090520,52.69,52.89,51.59,51.74,61308
UTX,20090521,51.04,51.18,49.90,50.76,61785
UTX,20090522,50.78,51.76,50.52,51.04,42950
UTX,20090526,51.04,53.03,50.64,52.74,53294
UTX,20090527,52.84,53.20,51.43,51.44,49742
UTX,20090528,51.86,52.57,50.95,52.38,50096
UTX,20090529,52.53,52.70,51.73,52.61,47783
UTX,20090601,53.49,55.58,53.21,55.27,59749
UTX,20090602,55.21,55.92,54.67,55.58,54788
UTX,20090603,55.12,55.37,54.20,54.69,49711
UTX,20090604,54.86,55.41,54.67,55.13,50986
UTX,20090605,55.89,56.99,55.86,56.39,84501
UTX,20090608,56.25,56.97,55.28,56.49,52482
UTX,20090609,56.57,56.65,55.09,55.52,58813
UTX,20090610,56.05,56.22,54.55,55.50,60086
UTX,20090611,55.71,56.32,55.32,55.55,51104
UTX,20090612,55.34,55.97,54.77,55.84,36116
UTX,20090615,55.31,55.40,53.97,54.72,57620
UTX,20090616,54.75,55.28,54.35,54.58,60488
UTX,20090617,54.46,55.23,54.35,54.68,55955
UTX,20090618,54.67,55.30,54.56,54.93,54103
UTX,20090619,55.22,55.25,54.03,54.20,84055
UTX,20090622,53.85,53.85,52.32,52.58,56775
UTX,20090623,52.82,52.96,51.65,51.84,54836
UTX,20090624,52.27,52.52,50.44,50.81,64810
UTX,20090625,50.63,52.35,50.54,52.03,61102
UTX,20090626,51.74,52.08,51.19,51.55,123065
UTX,20090629,51.80,52.64,51.70,52.47,51078
UTX,20090630,52.40,52.61,51.15,51.96,69950
UTX,20090701,52.15,52.69,52.04,52.28,46710
UTX,20090702,51.70,51.76,49.90,50.24,55172
UTX,20090706,49.87,50.98,49.33,50.90,62824
UTX,20090707,50.89,50.99,49.38,49.43,62829
UTX,20090708,49.74,50.05,49.01,49.68,70010
UTX,20090709,50.19,50.63,49.49,49.65,43389
UTX,20090710,49.21,49.99,49.00,49.64,48036
UTX,20090713,49.85,51.53,49.61,51.42,56568
UTX,20090714,51.60,51.74,50.87,51.58,36138
UTX,20090715,52.23,53.93,52.02,53.75,66376
UTX,20090716,53.80,54.26,53.00,53.97,41605
UTX,20090717,53.83,53.99,53.24,53.80,44351
UTX,20090720,54.04,55.03,53.95,54.97,44008
UTX,20090721,54.45,54.64,53.55,53.97,73832
UTX,20090722,53.81,54.28,52.91,53.12,80308
UTX,20090723,53.25,53.74,52.64,53.38,111771
UTX,20090724,53.38,53.53,51.85,52.23,76663
UTX,20090727,52.16,52.46,51.72,52.11,60839
UTX,20090728,51.84,52.62,51.64,52.44,52549
UTX,20090729,52.14,53.34,51.95,53.20,48325
UTX,20090730,53.70,54.99,53.43,54.23,75831
UTX,20090731,54.26,54.83,54.01,54.47,57684
UTX,20090803,54.12,55.38,54.12,55.18,62192
UTX,20090804,55.00,55.36,54.52,54.79,61258
UTX,20090805,54.85,54.94,53.67,54.22,44361
UTX,20090806,54.53,55.26,53.89,55.06,60592
UTX,20090807,55.57,56.00,55.11,55.59,56032
UTX,20090810,55.46,56.43,55.35,55.89,49292
UTX,20090811,55.95,56.02,55.44,55.77,55611
UTX,20090812,55.71,58.80,55.70,58.17,86672
UTX,20090813,58.08,58.12,56.94,57.40,59368
UTX,20090814,57.21,57.68,56.37,57.21,43850
UTX,20090817,56.76,57.00,55.76,56.13,54125
UTX,20090818,56.30,57.13,56.23,56.81,38423
UTX,20090819,55.88,56.62,55.55,56.00,65973
UTX,20090820,55.96,57.26,55.84,57.26,50666
UTX,20090821,57.68,58.84,57.22,58.71,68239
UTX,20090824,58.93,59.72,58.77,59.30,57568
UTX,20090825,59.41,60.63,59.04,59.71,67984
UTX,20090826,59.70,59.97,59.17,59.77,37213
UTX,20090827,59.62,60.44,59.53,60.01,40829
UTX,20090828,60.29,60.37,59.39,59.64,38465
UTX,20090831,59.28,59.36,58.83,59.36,37599
UTX,20090901,59.35,60.40,58.60,59.06,61824
UTX,20090902,58.99,59.29,58.67,58.85,37238
UTX,20090903,58.86,59.75,58.85,59.65,47339
UTX,20090904,59.68,60.69,59.47,60.52,34240
UTX,20090908,60.74,60.88,59.83,60.38,49515
UTX,20090909,60.49,61.37,60.49,61.24,49250
UTX,20090910,61.25,62.00,60.74,61.95,45737
UTX,20090911,62.04,62.04,61.41,61.99,47656
UTX,20090914,61.51,61.76,61.14,61.56,48383
UTX,20090915,61.67,61.73,61.18,61.29,54120
UTX,20090916,61.70,62.35,61.35,61.95,72661
UTX,20090917,61.92,63.04,61.92,62.52,66838
UTX,20090918,62.72,63.28,62.50,62.82,68370
UTX,20090921,62.47,63.02,62.30,62.67,36909
UTX,20090922,63.21,63.30,62.80,63.23,45841
UTX,20090923,63.48,63.72,62.67,62.74,46984
UTX,20090924,62.93,63.00,62.01,62.34,46999
UTX,20090925,62.19,62.19,61.01,61.54,46681
UTX,20090928,61.90,62.15,61.56,61.64,53658
UTX,20090929,61.66,61.93,61.25,61.31,40488
UTX,20090930,61.17,61.53,59.98,60.93,64951
UTX,20091001,60.83,60.98,59.91,59.99,60333
UTX,20091002,59.38,59.94,59.31,59.63,46628
UTX,20091005,60.00,60.48,59.37,60.43,35627
UTX,20091006,60.88,61.92,60.69,61.49,37268
UTX,20091007,60.86,61.46,60.86,61.07,23754
UTX,20091008,61.60,62.28,61.29,61.78,44643
UTX,20091009,61.84,62.22,61.78,62.17,28118
UTX,20091012,62.32,62.49,61.04,61.47,36132
UTX,20091013,61.47,62.15,61.21,61.97,36832
UTX,20091014,62.74,63.87,62.25,63.76,52357
UTX,20091015,63.46,64.44,63.46,64.40,56687
UTX,20091016,64.16,65.09,64.12,64.89,62068
UTX,20091019,65.03,65.86,64.79,65.44,59799
UTX,20091020,64.41,65.88,63.80,65.40,65673
UTX,20091021,65.14,66.26,64.76,65.40,58302
UTX,20091022,65.26,66.06,64.90,65.90,48019
UTX,20091023,66.00,66.36,65.54,65.81,55628
UTX,20091026,65.81,66.26,64.42,64.83,54567
UTX,20091027,65.02,65.43,63.91,64.09,56065
UTX,20091028,63.78,64.32,62.58,62.61,50059
UTX,20091029,62.71,63.74,62.34,63.58,49908
UTX,20091030,63.42,63.78,61.42,61.45,81863
UTX,20091102,61.71,62.94,61.43,62.66,45872
UTX,20091103,62.17,63.35,62.17,63.20,44320
UTX,20091104,63.55,64.64,63.39,63.58,44465
UTX,20091105,64.03,65.50,63.90,65.45,36542
UTX,20091106,65.36,65.72,64.69,65.07,38951
UTX,20091109,65.63,66.75,65.11,66.73,38346
UTX,20091110,66.74,67.20,66.29,66.73,35526
UTX,20091111,66.86,67.45,66.63,66.97,34089
UTX,20091112,67.15,67.57,66.51,66.70,46669
UTX,20091113,66.86,68.25,66.66,67.99,49511
UTX,20091116,68.30,69.40,68.01,69.34,53729
UTX,20091117,69.38,69.96,69.08,69.93,48112
UTX,20091118,69.74,69.76,68.40,68.81,59588
UTX,20091119,68.48,68.48,67.29,68.01,42088
UTX,20091120,67.73,68.11,67.49,67.97,33611
UTX,20091123,68.52,69.13,68.29,68.73,32606
UTX,20091124,68.50,68.73,67.91,68.27,38865
UTX,20091125,68.47,68.47,67.92,68.31,27239
UTX,20091127,66.93,67.58,66.35,67.20,25981
UTX,20091130,67.17,67.46,66.52,67.24,43113
UTX,20091201,68.00,68.69,67.91,68.00,38562
UTX,20091202,67.73,68.65,67.52,68.15,26580
UTX,20091203,68.05,68.49,67.18,67.26,37876
UTX,20091204,67.79,68.82,67.50,68.32,43894
UTX,20091207,68.32,69.20,68.20,68.86,34864
UTX,20091208,68.52,68.52,67.39,68.23,41076
UTX,20091209,67.74,67.90,66.75,67.41,48358
UTX,20091210,67.78,69.00,67.58,67.93,47864
UTX,20091211,68.82,69.65,68.65,69.40,58051
UTX,20091214,69.90,69.98,69.47,69.91,49994
UTX,20091215,69.78,70.30,69.36,70.25,54679
UTX,20091216,70.40,70.75,70.09,70.25,52354
UTX,20091217,70.06,70.12,69.46,69.58,37187
UTX,20091218,69.90,70.00,69.12,69.46,95657
UTX,20091221,69.55,70.03,69.28,69.36,40944
UTX,20091222,69.38,69.86,69.21,69.35,40069
UTX,20091223,69.36,69.78,69.13,69.51,28771
UTX,20091224,69.68,70.50,69.68,70.36,12539
UTX,20091228,70.30,70.78,69.99,70.46,20219
UTX,20091229,70.59,70.89,70.30,70.30,22660
UTX,20091230,70.30,70.54,70.00,70.49,21911
UTX,20091231,70.67,70.76,69.32,69.41,26436
UTX,20100104,70.21,71.86,69.86,71.63,61041
UTX,20100105,71.64,71.64,70.28,70.56,50049
UTX,20100106,70.56,70.83,70.03,70.19,47269
UTX,20100107,70.01,70.62,69.57,70.49,42643
UTX,20100108,70.26,70.70,70.25,70.63,46548
UTX,20100111,70.73,72.26,70.73,72.16,55300
UTX,20100112,71.80,71.95,71.06,71.74,46720
UTX,20100113,71.82,72.66,71.79,72.56,48771
UTX,20100114,72.24,72.85,72.12,72.81,35512
UTX,20100115,72.83,72.93,71.68,71.99,53432
UTX,20100119,71.99,72.94,71.64,72.29,36806
UTX,20100120,72.01,72.24,70.63,71.43,36732
UTX,20100121,71.45,71.85,69.75,70.13,51112
UTX,20100122,69.87,70.29,69.00,69.08,58139
UTX,20100125,69.51,69.51,68.56,68.59,49994
UTX,20100126,68.00,68.86,67.80,68.47,49964
UTX,20100127,67.26,67.85,66.50,67.61,76907
UTX,20100128,67.69,67.83,66.55,67.37,55786
UTX,20100129,67.39,68.49,66.64,67.48,72321
UTX,20100201,67.76,67.97,67.20,67.55,49093
UTX,20100202,67.89,68.43,67.69,68.03,61292
UTX,20100203,67.82,68.43,67.70,68.24,41510
UTX,20100204,67.87,67.95,66.34,66.38,59831
UTX,20100205,66.38,67.00,65.05,66.50,78258
UTX,20100208,66.28,66.33,65.31,65.40,52604
UTX,20100209,66.20,67.11,65.71,66.52,52774
UTX,20100210,66.52,66.93,66.11,66.64,49331
UTX,20100211,66.36,66.85,65.86,66.71,55041
UTX,20100212,65.90,66.26,65.01,65.69,79574
UTX,20100216,66.06,66.43,65.56,66.33,62910
UTX,20100217,66.30,67.53,65.82,67.35,59887
UTX,20100218,67.53,68.29,67.42,68.11,41248
UTX,20100219,68.24,68.90,68.11,68.52,52961
UTX,20100222,68.84,68.92,68.13,68.40,33113
UTX,20100223,68.38,68.75,67.72,67.79,41522
UTX,20100224,68.19,68.70,67.79,68.62,48424
UTX,20100225,67.57,68.70,67.05,68.67,59205
UTX,20100226,68.67,68.98,68.14,68.65,39731
UTX,20100301,68.84,69.80,68.84,69.64,37032
UTX,20100302,69.89,70.00,69.64,69.75,59562
UTX,20100303,69.84,70.38,69.43,69.60,48355
UTX,20100304,69.66,70.79,69.64,70.37,56517
UTX,20100305,70.57,71.31,70.57,71.25,40573
UTX,20100308,71.19,71.42,70.76,70.76,40185
UTX,20100309,71.51,72.25,71.16,71.78,55605
UTX,20100310,71.97,72.22,71.38,71.79,49031
UTX,20100311,71.95,72.04,71.26,72.04,49839
UTX,20100312,71.79,72.45,71.14,71.53,58056
UTX,20100315,71.51,72.11,71.32,71.84,54631
UTX,20100316,71.97,72.50,71.59,72.40,51545
UTX,20100317,72.63,72.80,72.06,72.19,44863
UTX,20100318,72.08,72.55,72.06,72.50,31746
UTX,20100319,72.76,73.74,72.72,73.24,91991
UTX,20100322,72.66,73.03,72.57,72.61,51768
UTX,20100323,72.72,73.17,72.58,73.09,49640
UTX,20100324,72.98,73.54,72.76,73.04,41808
UTX,20100325,73.41,73.82,73.18,73.27,39362
UTX,20100326,73.46,74.07,73.46,73.62,47937
UTX,20100329,73.79,74.32,73.63,74.00,30339
UTX,20100330,74.22,74.85,73.95,74.13,28761
UTX,20100331,73.93,74.33,73.42,73.61,37616
UTX,20100401,73.87,74.48,73.54,74.13,34563
UTX,20100405,74.32,74.95,74.22,74.85,45050
UTX,20100406,74.54,74.97,74.42,74.67,36896
UTX,20100407,74.55,74.64,73.53,73.99,52254
UTX,20100408,73.69,73.91,73.28,73.70,33533
UTX,20100409,73.71,74.00,73.41,73.99,28183
UTX,20100412,74.36,74.36,73.59,73.76,37947
UTX,20100413,73.58,73.71,72.93,73.46,44172
UTX,20100414,73.33,74.05,73.13,74.00,33839
UTX,20100415,73.89,74.72,73.76,74.61,33607
UTX,20100416,74.66,74.78,73.21,73.69,75702
UTX,20100419,73.46,73.81,73.00,73.76,51222
UTX,20100420,74.13,74.68,73.27,74.20,49778
UTX,20100421,73.63,77.09,73.63,76.93,107063
UTX,20100422,76.63,76.75,75.94,76.43,86103
UTX,20100423,76.52,76.78,75.78,76.47,47109
UTX,20100426,76.57,77.08,76.26,76.40,34573
UTX,20100427,76.21,76.35,74.07,74.32,62374
UTX,20100428,74.64,74.90,73.56,74.66,61226
UTX,20100429,75.31,76.35,75.16,76.02,49743
UTX,20100430,76.02,76.49,74.90,74.95,50684
UTX,20100503,75.26,76.38,75.14,76.28,41156
UTX,20100504,75.61,75.61,73.45,74.16,54266
UTX,20100505,73.59,74.31,72.83,73.59,61794
UTX,20100506,73.05,74.00,65.17,71.24,92702
UTX,20100507,70.85,71.46,68.86,69.46,102900
UTX,20100510,72.54,73.35,72.00,73.04,76922
UTX,20100511,72.34,74.25,72.33,73.13,59718
UTX,20100512,73.05,73.43,72.58,73.15,50672
UTX,20100513,73.11,74.11,72.73,72.86,52790
UTX,20100514,72.35,72.61,70.69,71.58,66487
UTX,20100517,71.71,72.00,69.92,71.03,59805
UTX,20100518,71.56,71.94,70.48,70.68,60405
UTX,20100519,70.16,70.75,68.66,69.35,85013
UTX,20100520,67.80,68.56,66.36,66.43,108959
UTX,20100521,64.58,67.11,64.58,66.44,106267
UTX,20100524,66.66,66.79,65.81,66.13,53526
UTX,20100525,64.34,66.31,63.79,66.16,78583
UTX,20100526,66.82,67.75,66.00,66.15,65605
UTX,20100527,67.34,68.11,66.99,68.11,50754
UTX,20100528,68.25,68.41,67.04,67.38,48095
UTX,20100601,66.46,67.47,65.93,66.05,51503
UTX,20100602,66.15,67.53,65.96,67.46,43008
UTX,20100603,67.81,68.25,67.28,67.85,39122
UTX,20100604,66.71,66.81,64.88,65.14,64601
UTX,20100607,65.36,65.45,63.15,63.22,83107
UTX,20100608,63.16,64.27,62.88,64.21,74255
UTX,20100609,64.45,64.81,63.27,63.42,79983
UTX,20100610,64.67,65.62,63.86,65.49,58734
UTX,20100611,64.85,66.29,64.55,66.23,45835
UTX,20100614,66.44,67.83,66.44,66.90,66589
UTX,20100615,67.09,68.66,66.96,68.60,49450
UTX,20100616,68.21,68.71,68.05,68.59,40576
UTX,20100617,68.70,68.70,67.71,68.56,43489
UTX,20100618,68.81,69.25,68.51,69.18,61913
UTX,20100621,70.37,70.62,69.04,69.37,45204
UTX,20100622,69.51,69.67,67.85,67.99,41980
UTX,20100623,67.99,68.69,67.46,67.99,50709
UTX,20100624,68.07,68.51,67.16,67.35,55057
UTX,20100625,67.42,67.89,66.81,67.86,79194
UTX,20100628,67.90,67.96,66.82,67.11,33157
UTX,20100629,65.72,66.77,64.32,64.97,70287
UTX,20100630,64.78,65.85,64.43,64.91,65612
UTX,20100701,64.65,64.91,63.62,64.39,56768
UTX,20100702,64.40,64.93,63.84,64.29,39888
UTX,20100706,64.96,65.22,63.91,64.59,57773
UTX,20100707,64.82,66.59,64.56,66.55,52557
UTX,20100708,67.10,67.24,66.29,67.23,36379
UTX,20100709,67.26,67.70,66.88,67.51,29196
UTX,20100712,67.31,67.59,66.27,66.68,37872
UTX,20100713,67.24,68.32,67.18,67.76,50358
UTX,20100714,67.67,68.34,67.38,68.01,34413
UTX,20100715,67.96,68.36,67.17,68.15,43402
UTX,20100716,67.95,68.02,65.88,66.03,44986
UTX,20100719,66.48,66.90,66.12,66.39,47317
UTX,20100720,65.83,67.74,65.75,67.54,52564
UTX,20100721,67.82,68.73,66.53,67.03,65986
UTX,20100722,68.02,69.91,68.01,69.53,52005
UTX,20100723,69.34,71.14,69.16,70.90,46690
UTX,20100726,70.67,71.79,70.35,71.59,45412
UTX,20100727,71.91,71.97,70.75,71.09,46174
UTX,20100728,71.07,71.47,70.78,71.11,36711
UTX,20100729,71.50,72.00,70.49,71.15,51633
UTX,20100730,70.46,71.50,69.79,71.10,47256
UTX,20100802,72.00,72.85,71.77,72.61,37721
UTX,20100803,72.54,72.78,71.98,72.03,35623
UTX,20100804,72.33,72.94,72.06,72.67,28140
UTX,20100805,72.38,73.35,72.11,73.20,30661
UTX,20100806,72.37,73.21,71.68,72.73,32135
UTX,20100809,73.50,73.60,72.89,73.35,26663
UTX,20100810,72.84,73.81,71.93,73.39,41029
UTX,20100811,72.28,72.33,70.77,71.27,48398
UTX,20100812,70.43,70.94,70.29,70.58,28693
UTX,20100813,70.46,70.98,70.13,70.70,24729
UTX,20100816,70.10,70.78,69.50,70.35,25948
UTX,20100817,70.72,71.33,69.91,70.51,64728
UTX,20100818,70.20,70.60,69.29,69.93,49445
UTX,20100819,69.64,70.14,68.02,68.51,60732
UTX,20100820,68.21,68.70,67.41,68.12,38224
UTX,20100823,68.72,68.97,67.21,67.22,39549
UTX,20100824,66.34,66.57,65.39,65.66,52875
UTX,20100825,65.36,65.75,64.57,65.26,66092
UTX,20100826,65.54,65.83,64.95,65.05,55727
UTX,20100827,65.67,66.68,64.99,66.57,50745
UTX,20100830,66.26,66.47,65.39,65.39,33538
UTX,20100831,65.00,65.73,64.67,65.21,51994
UTX,20100901,65.92,67.58,65.68,67.37,51892
UTX,20100902,67.16,67.44,66.91,67.44,38374
UTX,20100903,68.23,68.56,67.48,68.26,43159
UTX,20100907,67.93,68.41,67.67,67.98,37611
UTX,20100908,68.13,68.94,68.03,68.47,30773
UTX,20100909,69.40,69.45,68.25,68.62,26868
UTX,20100910,68.91,69.15,68.48,68.89,30264
UTX,20100913,69.38,69.80,68.28,68.79,44769
UTX,20100914,68.78,69.31,68.36,68.72,34675
UTX,20100915,68.59,68.70,68.05,68.27,36926
UTX,20100916,68.30,68.68,68.00,68.53,28059
UTX,20100917,69.04,69.63,68.56,69.53,52012
UTX,20100920,69.67,70.62,69.25,70.37,29787
UTX,20100921,70.50,71.22,70.28,70.60,44724
UTX,20100922,70.71,71.21,70.43,70.58,30574
UTX,20100923,69.94,70.57,69.62,69.80,34129
UTX,20100924,70.81,71.68,70.44,71.50,29708
UTX,20100927,71.32,71.46,70.85,70.91,37266
UTX,20100928,71.15,71.80,70.04,71.60,35014
UTX,20100929,71.28,71.78,71.17,71.49,29348
UTX,20100930,71.97,72.94,71.00,71.23,50152
UTX,20101001,71.50,72.03,70.98,71.13,49987
UTX,20101004,71.76,72.03,70.23,70.53,44371
UTX,20101005,71.35,72.82,71.24,72.51,55411
UTX,20101006,72.50,72.95,72.38,72.87,39520
UTX,20101007,73.00,73.05,72.41,72.78,30168
UTX,20101008,72.75,73.20,72.30,72.91,35052
UTX,20101011,72.87,73.11,72.61,72.93,24570
UTX,20101012,72.63,73.27,71.80,72.98,39405
UTX,20101013,73.50,74.60,73.36,74.18,49908
UTX,20101014,74.11,74.20,73.40,74.15,48546
UTX,20101015,74.75,74.87,73.40,74.10,46728
UTX,20101018,74.42,74.90,73.98,74.56,38335
UTX,20101019,73.62,74.18,72.85,73.61,58078
UTX,20101020,72.00,74.28,71.92,73.92,87617
UTX,20101021,74.48,75.58,74.25,74.97,88503
UTX,20101022,75.25,75.25,74.49,74.94,31651
UTX,20101025,75.45,75.57,74.80,75.01,40689
UTX,20101026,74.63,74.82,74.03,74.67,35274
UTX,20101027,74.17,74.54,73.30,74.46,33217
UTX,20101028,75.00,75.38,73.98,74.70,31440
UTX,20101029,74.31,74.88,74.10,74.77,26501
UTX,20101101,75.21,75.77,74.11,74.64,34046
UTX,20101102,75.25,75.62,75.08,75.25,28062
UTX,20101103,75.15,75.53,74.31,75.05,35901
UTX,20101104,76.00,76.90,75.46,76.24,55025
UTX,20101105,76.50,76.89,76.14,76.75,47053
UTX,20101108,76.51,76.91,76.33,76.63,31497
UTX,20101109,76.63,76.78,76.34,76.69,38106
UTX,20101110,76.53,76.62,75.80,76.15,40239
UTX,20101111,75.87,75.95,75.04,75.39,35063
UTX,20101112,74.92,75.22,74.42,74.88,47742
UTX,20101115,75.01,75.73,74.87,75.31,47186
UTX,20101116,74.86,74.94,73.77,74.16,60007
UTX,20101117,73.60,74.07,73.43,73.64,38976
UTX,20101118,74.43,75.50,74.23,75.03,36525
UTX,20101119,75.13,75.41,74.64,75.31,40220
UTX,20101122,74.85,75.49,74.26,75.11,34433
UTX,20101123,74.34,74.48,73.70,74.18,41173
UTX,20101124,74.60,76.21,74.56,76.09,39398
UTX,20101126,75.50,75.68,75.20,75.28,19639
UTX,20101129,74.75,75.08,73.88,74.80,43587
UTX,20101130,74.14,75.69,74.04,75.27,55482
UTX,20101201,76.61,78.49,76.54,78.26,79271
UTX,20101202,78.49,79.36,78.10,78.70,48455
UTX,20101203,78.40,78.81,78.29,78.74,32292
UTX,20101206,78.58,78.80,78.23,78.41,26990
UTX,20101207,79.13,79.41,78.37,78.54,44784
UTX,20101208,78.58,79.02,77.35,77.69,53840
UTX,20101209,78.16,78.21,77.42,77.63,38632
UTX,20101210,78.42,78.83,78.07,78.40,38229
UTX,20101213,78.75,78.84,78.11,78.15,37565
UTX,20101214,78.15,79.01,77.82,78.85,35501
UTX,20101215,78.67,79.41,78.58,78.95,39705
UTX,20101216,78.85,79.25,78.59,79.02,30495
UTX,20101217,79.00,79.08,78.38,78.80,53912
UTX,20101220,79.50,79.50,78.79,78.90,27893
UTX,20101221,79.06,79.47,78.56,79.35,28356
UTX,20101222,79.22,79.70,79.07,79.52,21236
UTX,20101223,79.44,79.60,79.20,79.50,18625
UTX,20101227,79.30,79.40,78.98,79.27,13888
UTX,20101228,79.28,79.57,79.04,79.29,20670
UTX,20101229,79.45,79.67,79.09,79.10,15594
UTX,20101230,78.94,79.12,78.61,78.85,15043
UTX,20101231,78.77,78.82,78.25,78.72,17821
UTX,20110103,79.19,79.42,78.96,78.99,30597
UTX,20110104,78.59,79.48,78.40,79.12,36590
UTX,20110105,78.59,79.56,78.59,79.23,28207
UTX,20110106,79.41,79.75,79.04,79.15,34863
UTX,20110107,79.13,79.69,78.63,79.08,27718
UTX,20110110,78.27,78.69,77.81,78.46,3301600
UTX,20110111,78.60,79.18,78.47,78.92,3474600
UTX,20110112,79.57,79.90,79.24,79.43,3242200
UTX,20110113,79.49,79.76,79.15,79.50,2694500
UTX,20110114,79.20,79.31,78.69,79.08,4624000
UTX,20110118,79.28,79.75,79.19,79.57,3794700
UTX,20110119,79.67,80.00,79.17,79.91,4108900
UTX,20110120,79.62,79.91,78.98,79.55,3941000
UTX,20110121,79.90,80.50,79.76,80.20,4613200
UTX,20110124,80.26,81.54,80.26,81.52,4741200
UTX,20110125,81.46,81.73,80.88,81.73,4495700
UTX,20110126,81.68,81.95,80.76,81.41,5314200
UTX,20110127,81.94,82.99,81.80,82.59,4450000
UTX,20110128,82.87,83.08,80.71,81.43,4563600
UTX,20110131,81.80,81.99,80.66,81.30,4292700
UTX,20110201,81.63,82.06,81.43,81.83,3524700
UTX,20110202,81.84,82.54,81.68,82.16,2748700
UTX,20110203,82.16,82.31,81.58,82.22,2277200
UTX,20110204,82.33,82.60,82.01,82.52,2834400
UTX,20110207,82.85,83.82,82.73,83.66,3573500
UTX,20110208,83.11,83.94,83.10,83.88,2576500
UTX,20110209,83.72,84.00,83.22,83.98,3089400
UTX,20110210,84.37,85.15,84.34,84.75,4426500
UTX,20110211,84.64,85.46,84.46,85.20,2974500
UTX,20110214,85.07,85.44,84.90,85.21,2783800
UTX,20110215,85.11,85.11,84.49,84.93,2818100
UTX,20110216,84.86,85.13,84.41,85.06,2995800
UTX,20110217,84.67,85.00,84.25,84.54,3317700
UTX,20110218,84.74,85.03,84.58,85.01,3808800
UTX,20110222,84.54,84.69,83.18,83.56,4174100
UTX,20110223,83.76,84.25,82.25,82.79,5237100
UTX,20110224,82.62,83.38,81.81,82.72,3531800
UTX,20110225,83.33,83.55,82.90,83.37,2607200
UTX,20110228,83.58,84.20,83.31,83.54,3208300
UTX,20110301,83.73,84.03,81.92,82.08,4013100
UTX,20110302,82.28,82.54,81.42,82.05,3866000
UTX,20110303,82.44,84.25,82.35,83.85,3983700
UTX,20110304,83.68,83.81,82.20,82.86,3985900
UTX,20110307,83.03,83.71,81.90,82.28,3852100
UTX,20110308,82.58,84.05,82.15,83.26,3456600
UTX,20110309,83.13,83.20,82.03,82.89,3805400
UTX,20110310,82.17,82.26,80.57,80.92,6601000
UTX,20110311,80.64,81.62,80.26,81.28,4183800
UTX,20110314,80.74,81.23,80.31,80.74,3727400
UTX,20110315,78.48,80.01,77.05,79.51,5728200
UTX,20110316,79.32,79.60,78.19,78.33,6153700
UTX,20110317,79.38,79.90,79.00,79.49,4543600
UTX,20110318,80.50,80.91,79.82,80.16,6056600
UTX,20110321,81.30,82.02,80.92,81.46,3260700
UTX,20110322,81.52,81.53,80.57,80.88,4513700
UTX,20110323,80.86,82.26,80.81,81.86,3930200
UTX,20110324,81.99,82.90,81.77,82.76,3257700
UTX,20110325,83.01,83.59,82.79,83.52,4017500
UTX,20110328,83.75,84.10,83.35,83.47,3554800
UTX,20110329,83.57,84.25,83.26,84.12,3435300
UTX,20110330,84.42,84.57,83.97,84.23,2441500
UTX,20110331,83.98,85.11,83.96,84.65,3566900
UTX,20110401,85.09,85.95,84.90,85.32,3300200
UTX,20110404,85.67,85.71,84.92,85.23,2075900
UTX,20110405,85.00,85.60,84.58,85.40,2409800
UTX,20110406,85.81,85.99,85.19,85.66,2011900
UTX,20110407,85.45,86.00,84.66,85.36,2584500
UTX,20110408,85.63,85.97,84.18,84.81,2584800
UTX,20110411,85.00,85.56,84.79,84.98,2418700
UTX,20110412,84.51,84.77,83.50,83.98,3266300
UTX,20110413,84.48,84.77,83.35,84.21,3747200
UTX,20110414,83.73,84.02,82.70,83.98,3046600
UTX,20110415,84.08,84.20,83.16,83.45,4462500
UTX,20110418,82.62,82.63,81.19,81.70,5489800
UTX,20110419,81.72,82.47,81.72,82.36,3409800
UTX,20110420,84.82,86.85,84.00,85.90,7949100
UTX,20110421,86.14,87.27,85.66,87.10,5850300
UTX,20110425,87.00,87.09,86.29,86.54,3502800
UTX,20110426,86.78,88.46,86.63,87.86,6045700
