UYM,20090115,12.36,13.42,11.63,13.18,86815
UYM,20090116,13.84,14.02,12.68,13.54,83891
UYM,20090120,13.23,13.38,11.85,11.91,76185
UYM,20090121,12.30,13.04,11.69,12.99,74276
UYM,20090122,12.46,12.88,11.93,12.41,79641
UYM,20090123,11.75,13.37,11.62,12.91,75036
UYM,20090126,12.97,13.75,12.31,12.57,67119
UYM,20090127,12.86,13.23,12.45,12.95,64959
UYM,20090128,13.31,14.13,13.31,13.81,79105
UYM,20090129,13.50,13.50,12.80,12.94,62577
UYM,20090130,13.10,13.14,11.70,11.80,91708
UYM,20090202,11.40,12.02,11.25,11.60,55412
UYM,20090203,11.71,12.18,11.58,12.00,55491
UYM,20090204,12.30,12.97,12.23,12.29,84839
UYM,20090205,12.25,13.28,12.01,13.01,90321
UYM,20090206,13.20,14.32,13.20,14.01,79089
UYM,20090209,14.22,14.84,13.75,14.09,80391
UYM,20090210,14.10,14.63,12.50,12.88,101478
UYM,20090211,13.08,13.42,12.36,12.83,67617
UYM,20090212,12.33,13.22,12.04,13.20,67613
UYM,20090213,13.15,13.36,12.80,12.94,50174
UYM,20090217,12.10,12.24,11.35,11.36,81690
UYM,20090218,11.60,11.64,10.84,11.15,72267
UYM,20090219,11.54,11.87,10.91,10.94,70856
UYM,20090220,10.63,11.22,10.37,11.02,91121
UYM,20090223,11.27,11.27,9.35,9.40,113706
UYM,20090224,9.54,10.30,9.21,10.15,114555
UYM,20090225,10.17,10.47,9.69,9.76,111450
UYM,20090226,10.03,10.44,9.54,9.60,74241
UYM,20090227,9.26,9.99,9.09,9.49,76718
UYM,20090302,9.05,9.15,7.85,7.98,149249
UYM,20090303,8.29,8.54,7.87,8.11,96626
UYM,20090304,8.85,9.32,8.81,8.97,111754
UYM,20090305,8.50,8.87,8.07,8.27,66436
UYM,20090306,8.55,8.82,7.94,8.44,88078
UYM,20090309,8.30,8.75,8.10,8.26,92138
UYM,20090310,8.72,9.40,8.62,9.34,93641
UYM,20090311,9.66,9.84,9.32,9.66,91759
UYM,20090312,9.51,10.23,9.24,10.23,73019
UYM,20090313,10.45,10.48,9.90,10.20,66220
UYM,20090316,10.31,11.04,10.31,10.36,60908
UYM,20090317,10.13,10.51,9.80,10.47,46968
UYM,20090318,10.20,11.31,10.02,11.28,72255
UYM,20090319,11.90,12.30,11.67,11.98,129335
UYM,20090320,12.00,12.01,11.09,11.31,54383
UYM,20090323,12.00,12.75,11.68,12.68,84240
UYM,20090324,12.38,13.09,12.16,12.70,68721
UYM,20090325,12.89,13.58,12.05,12.72,108277
UYM,20090326,13.24,13.95,13.17,13.68,116286
UYM,20090327,13.39,13.55,12.88,13.11,67500
UYM,20090330,12.11,12.13,11.50,11.80,64891
UYM,20090331,12.22,12.48,11.74,11.98,74458
UYM,20090401,11.54,13.15,11.46,12.87,76598
UYM,20090402,13.97,14.52,13.75,14.08,104982
UYM,20090403,13.98,14.72,13.85,14.62,94253
UYM,20090406,14.04,14.11,13.46,14.08,62151
UYM,20090407,13.41,13.56,12.96,13.08,56843
UYM,20090408,13.18,13.51,12.79,13.41,38728
UYM,20090409,14.35,14.78,14.16,14.63,57179
UYM,20090413,14.36,15.45,14.18,15.13,45135
UYM,20090414,14.88,15.50,14.54,14.61,54348
UYM,20090415,14.39,14.98,14.22,14.94,38843
UYM,20090416,15.10,15.40,14.45,15.13,51243
UYM,20090417,15.07,15.34,14.69,15.19,54353
UYM,20090420,14.60,14.69,13.31,13.49,46982
UYM,20090421,13.10,14.25,12.94,14.16,49274
UYM,20090422,13.94,15.36,13.74,14.45,65666
UYM,20090423,14.67,14.72,14.06,14.38,42060
UYM,20090424,14.66,15.94,14.66,15.68,77661
UYM,20090427,14.87,15.47,14.62,15.01,54882
UYM,20090428,14.55,15.09,14.32,14.71,29604
UYM,20090429,15.03,15.94,14.95,15.52,52120
UYM,20090430,16.17,16.93,16.15,16.39,73941
UYM,20090501,16.48,17.46,16.29,16.90,43840
UYM,20090504,17.44,19.05,17.42,19.05,69837
UYM,20090505,19.14,19.18,18.02,18.60,52043
UYM,20090506,19.20,19.62,18.66,19.01,59215
UYM,20090507,19.81,19.91,17.52,18.05,73340
UYM,20090508,18.60,19.28,18.16,19.16,62030
UYM,20090511,18.52,18.52,17.74,18.22,39645
UYM,20090512,18.50,18.85,17.43,18.36,35117
UYM,20090513,17.46,17.52,15.95,16.20,70145
UYM,20090514,16.04,17.25,15.79,16.92,45165
UYM,20090515,16.98,17.53,16.27,16.74,36777
UYM,20090518,17.15,18.19,16.98,18.12,42165
UYM,20090519,18.20,19.23,18.16,18.73,47944
UYM,20090520,19.31,20.62,18.88,19.08,54678
UYM,20090521,18.45,18.61,17.40,17.90,40550
UYM,20090522,18.27,18.76,17.83,18.24,31728
UYM,20090526,17.69,19.15,17.32,18.98,46011
UYM,20090527,19.13,19.72,18.25,18.35,52453
UYM,20090528,18.75,19.10,18.04,19.01,49477
UYM,20090529,19.43,19.88,19.17,19.83,54279
UYM,20090601,20.49,21.84,20.22,21.46,92807
UYM,20090602,21.42,22.02,21.16,21.86,58911
UYM,20090603,21.44,21.45,19.32,20.03,71838
UYM,20090604,20.36,21.29,19.97,21.05,71905
UYM,20090605,21.60,21.69,20.04,20.74,55537
UYM,20090608,20.25,20.37,19.20,20.13,50963
UYM,20090609,20.52,21.48,20.27,21.25,57782
UYM,20090610,21.92,21.99,20.27,21.13,61182
UYM,20090611,21.22,22.42,21.22,22.11,59706
UYM,20090612,21.59,21.59,20.67,21.12,52976
UYM,20090615,20.44,20.44,19.05,19.46,73590
UYM,20090616,19.55,19.97,18.26,18.54,73793
UYM,20090617,18.16,18.33,17.13,17.81,77314
UYM,20090618,17.86,18.50,17.40,18.10,46595
UYM,20090619,18.42,18.70,17.82,18.15,39484
UYM,20090622,17.45,17.47,15.69,15.76,86311
UYM,20090623,15.77,16.50,15.49,16.25,61268
UYM,20090624,16.74,17.37,16.45,16.75,61447
UYM,20090625,16.49,17.75,16.40,17.75,67298
UYM,20090626,17.60,18.01,17.41,17.67,45342
UYM,20090629,17.80,18.20,17.46,17.97,35435
UYM,20090630,17.97,18.25,17.25,17.51,34524
UYM,20090701,17.94,18.43,17.54,17.67,40659
UYM,20090702,16.85,17.05,16.54,16.65,39105
UYM,20090706,16.02,16.04,15.22,16.00,52013
UYM,20090707,15.95,16.03,15.05,15.14,50988
UYM,20090708,15.13,15.66,14.34,15.01,77221
UYM,20090709,15.60,15.75,15.12,15.45,57535
UYM,20090710,15.02,15.51,14.60,15.24,33385
UYM,20090713,15.30,16.05,14.56,16.05,46800
UYM,20090714,16.34,16.60,15.87,16.33,53163
UYM,20090715,17.04,17.85,17.02,17.74,65415
UYM,20090716,17.75,18.85,17.65,18.75,64412
UYM,20090717,18.74,19.24,18.32,18.90,62822
UYM,20090720,19.47,19.91,19.10,19.81,68421
UYM,20090721,20.16,20.53,18.87,19.86,92123
UYM,20090722,19.30,20.11,19.15,19.97,48197
UYM,20090723,19.96,21.39,19.74,21.24,88928
UYM,20090724,20.93,21.64,20.70,21.60,56380
UYM,20090727,21.73,22.18,21.28,21.79,56259
UYM,20090728,21.15,21.64,20.54,21.30,73187
UYM,20090729,20.65,20.75,19.94,20.29,75161
UYM,20090730,21.01,21.97,20.97,21.45,77893
UYM,20090731,21.43,22.60,21.35,22.26,59589
UYM,20090803,23.16,24.13,23.04,24.00,72855
UYM,20090804,23.61,24.56,23.36,24.04,72252
UYM,20090805,24.19,24.60,23.45,24.34,63188
UYM,20090806,24.60,25.00,23.56,24.13,43264
UYM,20090807,24.82,24.90,23.64,24.48,48001
UYM,20090810,24.20,24.25,23.31,23.69,36177
UYM,20090811,23.28,23.60,22.88,23.46,48415
UYM,20090812,23.14,24.52,23.08,24.09,31495
UYM,20090813,24.64,25.35,24.32,25.30,40230
UYM,20090814,25.30,25.43,23.64,24.23,52990
UYM,20090817,22.36,22.51,21.82,21.94,52846
UYM,20090818,22.24,22.85,22.11,22.65,34217
UYM,20090819,21.78,23.55,21.62,23.17,51225
UYM,20090820,23.26,23.71,23.14,23.42,34496
UYM,20090821,23.99,24.79,23.91,24.68,42631
UYM,20090824,25.42,25.59,24.35,24.47,51901
UYM,20090825,24.92,25.30,23.89,24.14,46849
UYM,20090826,23.90,24.38,23.40,23.80,40675
UYM,20090827,23.72,24.20,22.64,23.96,46269
UYM,20090828,24.70,24.71,23.79,24.40,35338
UYM,20090831,23.60,23.60,23.05,23.33,33840
UYM,20090901,23.01,24.09,22.02,22.08,52708
UYM,20090902,21.92,22.68,21.64,22.50,30005
UYM,20090903,23.13,23.49,22.50,23.49,24797
UYM,20090904,23.50,24.18,22.89,24.13,29771
UYM,20090908,25.11,25.45,24.80,25.06,30115
UYM,20090909,25.25,25.72,24.83,25.44,37957
UYM,20090910,25.44,26.39,24.72,26.37,42001
UYM,20090911,26.77,27.23,26.00,26.46,51957
UYM,20090914,25.89,27.35,25.57,27.28,36032
UYM,20090915,27.51,28.92,27.35,28.73,44904
UYM,20090916,29.58,30.20,29.12,29.94,63306
UYM,20090917,29.81,30.62,29.00,29.45,65863
UYM,20090918,29.79,29.87,28.85,29.30,37176
UYM,20090921,28.39,29.17,27.86,28.94,36026
UYM,20090922,29.81,30.30,29.60,30.03,38806
UYM,20090923,30.14,30.22,28.61,28.71,38990
UYM,20090924,28.88,28.99,26.91,27.38,44052
UYM,20090925,26.85,27.60,26.30,26.45,34106
UYM,20090928,26.72,28.10,26.56,27.74,28244
UYM,20090929,27.86,28.57,27.52,27.68,23725
UYM,20090930,28.25,28.30,26.70,27.40,35854
UYM,20091001,27.19,27.26,25.07,25.08,39499
UYM,20091002,23.97,25.47,23.90,24.69,34633
UYM,20091005,25.13,26.28,24.95,26.09,24378
UYM,20091006,27.06,27.80,26.52,27.25,39100
UYM,20091007,27.24,27.84,27.00,27.69,23409
UYM,20091008,28.70,29.25,28.11,28.93,39438
UYM,20091009,28.76,29.23,28.25,28.91,19256
UYM,20091012,29.42,29.97,28.75,29.13,20831
UYM,20091013,28.86,29.52,28.30,29.35,24076
UYM,20091014,30.21,30.79,29.92,30.58,33740
UYM,20091015,30.16,31.00,29.91,30.87,24333
UYM,20091016,30.48,30.55,29.83,30.05,29622
UYM,20091019,30.24,31.36,30.06,31.04,28454
UYM,20091020,31.50,31.50,29.75,30.55,27776
UYM,20091021,30.05,31.43,29.89,29.97,33173
UYM,20091022,29.90,30.86,28.85,30.69,37272
UYM,20091023,30.94,31.04,29.06,29.37,41248
UYM,20091026,29.47,30.59,27.95,28.15,45683
UYM,20091027,28.03,28.40,27.42,27.55,38124
UYM,20091028,27.20,27.27,25.18,25.28,55518
UYM,20091029,26.22,27.51,26.17,27.27,58222
UYM,20091030,27.18,27.23,24.75,25.23,68523
UYM,20091102,25.60,26.74,24.49,25.64,79396
UYM,20091103,24.87,26.86,24.75,26.57,45420
UYM,20091104,27.55,27.75,26.38,26.43,61206
UYM,20091105,27.04,28.07,26.78,28.00,37506
UYM,20091106,27.41,28.93,27.31,28.16,34832
UYM,20091109,29.12,30.20,29.02,30.20,37551
UYM,20091110,30.01,30.25,29.25,29.93,43574
UYM,20091111,30.70,31.21,30.18,30.54,50433
UYM,20091112,30.43,31.20,29.68,30.01,50591
UYM,20091113,30.08,30.92,29.75,30.40,39416
UYM,20091116,31.10,32.36,31.09,32.05,46375
UYM,20091117,31.67,32.75,31.35,32.73,35475
UYM,20091118,32.98,33.12,31.88,32.34,31786
UYM,20091119,31.61,31.71,30.29,31.25,46000
UYM,20091120,30.46,31.25,30.18,31.08,32145
UYM,20091123,32.16,32.87,31.24,31.38,48877
UYM,20091124,31.38,31.54,30.61,31.31,41763
UYM,20091125,31.80,32.47,31.42,32.39,28554
UYM,20091127,30.35,31.51,29.68,30.83,32071
UYM,20091130,30.81,31.34,30.34,30.89,38773
UYM,20091201,31.85,32.44,31.66,31.91,45818
UYM,20091202,31.98,33.12,31.96,32.82,45408
UYM,20091203,32.87,33.09,31.55,31.57,48404
UYM,20091204,32.50,32.77,29.57,30.59,71020
UYM,20091207,30.34,31.36,30.27,30.64,36099
UYM,20091208,30.10,30.27,29.32,29.54,36300
UYM,20091209,29.85,30.52,29.14,30.47,37529
UYM,20091210,30.73,31.21,30.17,30.44,26684
UYM,20091211,30.72,31.04,30.02,30.61,29201
UYM,20091214,31.13,31.68,30.66,31.56,34911
UYM,20091215,31.31,32.13,30.92,31.15,22477
UYM,20091216,31.46,32.30,31.42,31.92,28211
UYM,20091217,31.18,31.33,30.20,30.35,33968
UYM,20091218,30.47,30.97,29.74,30.44,30978
UYM,20091221,30.86,31.57,30.70,31.18,24318
UYM,20091222,31.31,31.72,31.04,31.68,24743
UYM,20091223,31.89,32.88,31.72,32.87,25591
UYM,20091224,33.21,33.51,33.07,33.33,11252
UYM,20091228,33.79,33.90,32.99,33.35,16506
UYM,20091229,33.51,33.79,32.92,33.03,14671
UYM,20091230,32.83,33.29,32.52,33.09,12557
UYM,20091231,33.22,33.35,32.21,32.23,14035
UYM,20100104,33.36,34.50,33.20,34.50,39375
UYM,20100105,34.64,35.20,34.44,35.00,38687
UYM,20100106,35.28,36.72,35.24,36.32,45939
UYM,20100107,36.16,36.20,35.28,36.04,26766
UYM,20100108,35.82,37.06,35.62,37.00,25819
UYM,20100111,38.29,38.35,36.42,36.88,40519
UYM,20100112,35.73,36.19,34.60,35.27,46417
UYM,20100113,35.40,36.08,34.39,35.91,30618
UYM,20100114,35.88,36.25,35.12,35.25,18561
UYM,20100115,35.05,35.36,34.33,34.67,32469
UYM,20100119,34.56,35.84,34.54,35.84,25942
UYM,20100120,35.28,35.28,33.72,34.75,43848
UYM,20100121,34.46,34.49,31.41,31.41,90610
UYM,20100122,30.92,32.16,29.88,29.96,103551
UYM,20100125,30.80,31.42,30.50,30.59,62671
UYM,20100126,29.87,31.21,29.65,29.88,54940
UYM,20100127,30.00,30.30,28.28,29.47,64769
UYM,20100128,30.04,30.09,27.83,28.25,90005
UYM,20100129,28.84,29.44,26.76,26.93,96273
UYM,20100201,27.54,29.31,27.40,29.22,73961
UYM,20100202,29.62,29.78,28.55,29.59,70825
UYM,20100203,29.23,30.10,28.77,29.02,67986
UYM,20100204,28.20,28.20,26.37,26.42,109630
UYM,20100205,26.42,27.38,25.30,27.38,151500
UYM,20100208,27.41,27.91,26.38,26.39,73753
UYM,20100209,27.35,28.46,27.00,27.94,107495
UYM,20100210,27.88,28.26,26.92,27.62,64321
UYM,20100211,27.85,29.10,27.44,28.97,90110
UYM,20100212,28.00,29.27,27.60,29.08,52524
UYM,20100216,30.12,30.83,30.00,30.71,59167
UYM,20100217,31.14,31.31,30.24,30.84,49295
UYM,20100218,30.52,31.64,30.45,31.49,45535
UYM,20100219,31.03,32.25,31.02,31.94,60857
UYM,20100222,32.35,32.45,31.47,31.72,46275
UYM,20100223,31.44,31.58,29.90,30.13,62663
UYM,20100224,30.24,30.95,29.97,30.37,52000
UYM,20100225,29.30,30.73,28.80,30.53,59441
UYM,20100226,30.77,30.98,30.02,30.78,42106
UYM,20100301,31.22,32.09,30.87,32.05,36368
UYM,20100302,32.53,33.54,32.53,33.05,48209
UYM,20100303,33.51,34.30,33.27,33.45,48870
UYM,20100304,33.64,33.97,33.04,33.45,36193
UYM,20100305,34.27,35.15,34.10,34.85,42740
UYM,20100308,35.09,35.39,34.46,34.71,38863
UYM,20100309,34.10,35.05,34.05,34.36,41956
UYM,20100310,34.55,35.20,33.97,34.47,48322
UYM,20100311,34.11,34.75,33.60,34.74,35767
UYM,20100312,35.24,35.72,34.95,35.29,40399
UYM,20100315,35.00,35.07,34.21,34.72,44458
UYM,20100316,35.27,36.00,35.14,35.88,45229
UYM,20100317,36.15,36.98,36.11,36.43,45088
UYM,20100318,36.40,36.88,35.50,35.61,45671
UYM,20100319,35.65,36.12,34.37,34.55,51398
UYM,20100322,33.54,35.44,33.44,35.21,48179
UYM,20100323,35.39,36.37,35.04,36.34,51210
UYM,20100324,35.80,36.66,35.60,36.16,55167
UYM,20100325,36.74,36.92,34.46,34.61,56746
UYM,20100326,35.08,35.80,34.52,35.16,52507
UYM,20100329,35.59,36.43,35.59,36.03,41306
UYM,20100330,36.37,36.69,35.56,36.14,38157
UYM,20100331,35.90,36.51,35.62,35.78,38444
UYM,20100401,36.41,37.18,36.41,37.17,34763
UYM,20100405,37.62,38.38,37.24,38.38,24694
UYM,20100406,38.23,38.92,37.94,38.59,24266
UYM,20100407,38.67,38.98,37.80,38.31,42967
UYM,20100408,37.69,38.39,37.35,38.26,31092
UYM,20100409,38.60,38.76,38.10,38.57,28743
UYM,20100412,38.73,38.95,38.12,38.33,23375
UYM,20100413,38.21,38.37,37.52,38.11,18515
UYM,20100414,38.60,38.94,38.14,38.83,20949
UYM,20100415,38.68,39.04,38.45,38.63,19940
UYM,20100416,38.27,38.56,36.41,37.00,51189
UYM,20100419,36.40,36.83,35.25,36.66,37819
UYM,20100420,37.26,37.54,36.66,36.89,23014
UYM,20100421,37.03,37.22,35.92,36.81,21464
UYM,20100422,36.10,37.40,35.38,37.31,27206
UYM,20100423,37.50,38.64,37.34,38.64,20015
UYM,20100426,39.00,39.47,38.46,38.64,19792
UYM,20100427,38.42,38.60,35.94,36.20,47618
UYM,20100428,36.74,37.30,36.07,36.95,37856
UYM,20100429,37.56,38.03,37.30,37.65,24834
UYM,20100430,37.90,38.22,36.00,36.15,31232
UYM,20100503,36.45,36.57,35.08,36.17,21332
UYM,20100504,35.03,35.41,32.75,33.28,44088
UYM,20100505,32.14,33.78,31.57,32.65,48702
UYM,20100506,32.39,33.58,26.55,30.70,50371
UYM,20100507,30.81,31.66,28.63,29.70,58031
UYM,20100510,32.50,33.06,31.92,33.00,45506
UYM,20100511,32.50,33.26,32.11,32.18,42611
UYM,20100512,32.75,34.00,32.62,33.87,28713
UYM,20100513,33.75,34.70,33.05,33.29,29883
UYM,20100514,32.54,32.74,30.68,31.41,38890
UYM,20100517,31.30,31.67,29.15,30.59,35714
UYM,20100518,31.38,32.24,29.57,29.67,40293
UYM,20100519,29.35,29.64,27.70,29.05,51137
UYM,20100520,27.39,27.80,26.13,26.32,71705
UYM,20100521,25.60,28.10,25.30,27.79,62933
UYM,20100524,27.77,28.14,26.83,26.85,26751
UYM,20100525,25.20,27.92,24.95,27.88,57156
UYM,20100526,28.70,29.19,27.46,27.71,35312
UYM,20100527,29.12,30.55,28.73,30.55,26299
UYM,20100528,30.46,30.50,28.90,29.48,20647
UYM,20100601,28.50,29.53,27.15,27.20,23129
UYM,20100602,27.57,29.19,27.35,29.19,16716
UYM,20100603,29.56,29.56,27.52,28.39,20083
UYM,20100604,27.31,27.68,25.75,25.95,37024
UYM,20100607,26.03,26.33,24.77,24.80,29803
UYM,20100608,24.91,26.09,24.67,25.96,31424
UYM,20100609,26.76,27.55,25.78,26.12,24950
UYM,20100610,27.15,28.23,27.15,28.18,22823
UYM,20100611,27.72,28.97,27.50,28.96,18389
UYM,20100614,29.62,29.94,28.44,28.54,20015
UYM,20100615,29.19,30.18,28.86,30.14,19016
UYM,20100616,29.79,30.45,29.37,30.05,16114
UYM,20100617,30.34,30.46,28.84,29.74,21655
UYM,20100618,29.69,30.35,29.67,30.10,12663
UYM,20100621,31.42,31.95,29.95,30.43,26524
UYM,20100622,30.60,30.73,28.80,28.91,17578
UYM,20100623,28.90,29.37,27.84,28.99,25163
UYM,20100624,28.59,29.03,27.41,27.53,23007
UYM,20100625,27.72,28.81,27.28,28.45,18912
UYM,20100628,28.48,28.63,27.57,27.71,16171
UYM,20100629,26.62,26.67,25.00,25.41,25792
UYM,20100630,25.39,26.19,24.56,24.69,21322
UYM,20100701,24.72,25.29,23.30,24.32,35528
UYM,20100702,24.64,24.84,23.62,24.01,15706
UYM,20100706,25.04,25.42,23.63,24.11,22379
UYM,20100707,24.13,26.30,24.11,26.28,18496
UYM,20100708,26.73,27.21,26.18,27.17,16051
UYM,20100709,27.11,28.52,27.06,28.32,16748
UYM,20100712,28.13,28.19,27.02,27.35,12291
UYM,20100713,28.31,28.86,28.02,28.47,22083
UYM,20100714,28.05,28.79,27.76,28.28,15729
UYM,20100715,28.37,28.40,27.25,28.06,14714
UYM,20100716,27.64,27.68,26.06,26.22,16709
UYM,20100719,26.42,26.57,25.66,26.33,7371
UYM,20100720,25.55,28.00,25.38,27.92,16413
UYM,20100721,28.61,29.00,27.32,27.72,22923
UYM,20100722,28.70,29.82,28.61,29.58,18374
UYM,20100723,29.50,30.78,29.41,30.70,21495
UYM,20100726,30.65,31.18,30.41,31.15,13663
UYM,20100727,31.59,31.70,30.06,30.44,18270
UYM,20100728,30.01,30.68,29.80,30.13,13251
UYM,20100729,30.60,31.15,29.50,30.23,12664
UYM,20100730,29.55,30.90,29.40,30.61,12396
UYM,20100802,31.53,32.60,31.52,32.44,14054
UYM,20100803,32.03,32.03,31.19,31.50,14733
UYM,20100804,31.63,32.27,31.29,32.15,13515
UYM,20100805,31.65,32.26,31.65,32.19,12632
UYM,20100806,31.60,32.72,31.36,32.14,17937
UYM,20100809,32.50,32.69,32.02,32.46,10764
UYM,20100810,31.67,32.16,31.02,31.77,15420
UYM,20100811,30.51,30.52,29.30,29.55,16921
UYM,20100812,28.59,30.17,28.54,29.80,14216
UYM,20100813,29.58,29.90,29.25,29.50,9565
UYM,20100816,29.10,30.20,29.10,29.83,10096
UYM,20100817,30.83,31.78,30.65,31.27,16108
UYM,20100818,31.24,31.80,30.67,31.46,12709
UYM,20100819,31.24,31.62,29.82,30.11,17366
UYM,20100820,29.68,29.83,29.07,29.77,11465
UYM,20100823,29.94,30.37,29.07,29.12,11857
UYM,20100824,28.13,28.40,27.53,27.57,19079
UYM,20100825,27.29,27.85,26.44,27.63,17430
UYM,20100826,28.15,28.62,27.44,27.65,14027
UYM,20100827,28.25,29.42,27.40,29.38,21587
UYM,20100830,29.07,29.53,28.49,28.49,11971
UYM,20100831,28.35,29.49,28.25,29.15,15086
UYM,20100901,30.19,31.21,29.99,31.09,20329
UYM,20100902,31.21,31.78,30.79,31.74,14143
UYM,20100903,32.46,32.65,31.98,32.50,17436
UYM,20100907,32.26,32.42,31.67,31.95,10325
UYM,20100908,32.24,32.93,32.10,32.50,13432
UYM,20100909,33.12,33.25,31.78,32.08,12343
UYM,20100910,32.08,32.72,32.05,32.44,8155
UYM,20100913,33.02,33.70,33.02,33.56,14363
UYM,20100914,33.32,33.97,32.98,33.51,14517
UYM,20100915,33.08,33.49,32.79,33.44,16670
UYM,20100916,33.41,34.19,33.30,34.06,14731
UYM,20100917,34.28,34.36,33.55,34.03,12309
UYM,20100920,34.10,34.93,33.66,34.77,15558
UYM,20100921,34.80,34.86,33.77,34.53,20658
UYM,20100922,34.61,35.44,34.47,34.78,17276
UYM,20100923,34.08,35.04,33.75,34.25,13256
UYM,20100924,35.03,35.98,35.03,35.85,12089
UYM,20100927,35.87,36.10,35.56,35.59,11712
UYM,20100928,35.53,36.24,34.46,36.11,17472
UYM,20100929,35.91,36.17,35.51,35.68,14351
UYM,20100930,36.24,36.53,34.73,35.43,15692
UYM,20101001,36.00,36.57,35.84,36.46,14837
UYM,20101004,36.39,36.39,34.94,35.34,14956
UYM,20101005,36.13,37.60,36.04,37.31,15229
UYM,20101006,37.49,38.32,37.36,38.06,16264
UYM,20101007,38.55,38.55,36.69,37.50,11536
UYM,20101008,37.79,39.30,37.51,39.07,15399
UYM,20101011,39.33,39.53,38.76,39.06,11624
UYM,20101012,38.80,39.30,37.85,39.15,13807
UYM,20101013,39.99,40.73,39.75,40.35,15728
UYM,20101014,40.42,40.45,39.10,39.62,15501
UYM,20101015,40.07,40.20,38.65,39.65,18766
UYM,20101018,39.24,39.94,38.89,39.59,15013
UYM,20101019,38.30,38.86,37.14,37.68,19643
UYM,20101020,37.93,39.93,37.63,39.31,21692
UYM,20101021,39.79,40.13,38.37,39.31,18544
UYM,20101022,39.42,39.47,38.48,38.85,8282
UYM,20101025,39.69,40.75,39.69,40.14,16864
UYM,20101026,39.37,40.40,38.92,40.18,12904
UYM,20101027,39.33,39.43,38.23,39.33,15402
UYM,20101028,39.95,40.23,38.86,39.24,12076
UYM,20101029,39.13,39.99,38.92,39.88,9424
UYM,20101101,40.32,40.94,39.53,40.06,13307
UYM,20101102,40.70,41.15,40.36,40.69,10105
UYM,20101103,40.76,40.81,39.14,40.41,12135
UYM,20101104,41.80,43.14,41.80,43.08,12737
UYM,20101105,43.34,44.27,43.15,43.80,11190
UYM,20101108,43.29,44.47,43.26,44.39,10307
UYM,20101109,44.95,45.23,42.08,42.59,18419
UYM,20101110,42.72,43.51,41.61,43.42,14126
UYM,20101111,42.89,44.46,42.83,44.40,10081
UYM,20101112,43.30,43.68,41.49,42.16,19797
UYM,20101115,42.42,42.72,41.50,41.51,12323
UYM,20101116,40.80,40.80,38.80,39.48,19364
UYM,20101117,39.70,40.48,39.23,39.68,14941
UYM,20101118,41.06,42.14,40.89,41.46,11875
UYM,20101119,41.23,42.51,40.84,42.51,9488
UYM,20101122,41.85,42.71,41.16,42.64,11139
UYM,20101123,41.16,41.41,40.47,40.98,10932
UYM,20101124,41.68,42.59,41.57,42.57,8205
UYM,20101126,41.57,41.92,41.32,41.59,3442
UYM,20101129,41.04,42.15,39.95,41.91,11185
UYM,20101130,41.23,42.60,40.88,41.80,19654
UYM,20101201,43.27,44.10,43.07,44.06,18349
UYM,20101202,44.29,45.59,44.28,45.45,14157
UYM,20101203,45.10,46.58,44.85,46.40,11562
UYM,20101206,46.23,46.94,46.21,46.79,9723
UYM,20101207,48.26,48.30,46.60,46.61,17175
UYM,20101208,46.56,47.11,45.15,45.71,12008
UYM,20101209,46.41,46.56,45.46,46.05,8426
UYM,20101210,46.42,47.12,45.77,46.90,9370
UYM,20101213,47.77,48.19,47.15,47.22,7472
UYM,20101214,47.44,47.80,46.79,47.17,9077
UYM,20101215,46.79,47.55,46.39,46.47,8788
UYM,20101216,46.66,47.12,45.84,47.11,9250
UYM,20101217,47.18,47.88,46.89,47.72,6601
UYM,20101220,47.93,48.51,47.71,48.25,5574
UYM,20101221,48.85,49.62,48.64,49.44,7310
UYM,20101222,49.71,49.95,49.02,49.35,5956
UYM,20101223,49.13,49.97,49.13,49.73,5671
UYM,20101227,49.50,49.70,48.92,49.58,3153
UYM,20101228,49.98,50.01,49.63,49.80,4117
UYM,20101229,49.95,50.60,49.94,50.43,5697
UYM,20101230,50.35,51.09,50.35,50.56,3456
UYM,20101231,50.58,50.94,50.28,50.65,3377
UYM,20110103,51.50,52.77,51.50,51.61,10271
UYM,20110104,52.02,52.23,49.39,50.92,14885
UYM,20110105,50.25,51.42,49.90,51.19,8840
UYM,20110106,51.40,51.46,50.05,50.38,6796
UYM,20110107,50.60,50.97,49.08,50.17,10736
UYM,20110110,49.56,50.55,48.68,50.41,802000
UYM,20110111,50.96,51.70,50.86,51.46,784600
UYM,20110112,52.39,52.48,51.66,52.36,857000
UYM,20110113,52.53,52.53,51.23,51.47,866500
UYM,20110114,51.21,51.35,50.54,51.21,866900
UYM,20110118,51.43,52.01,51.35,51.95,775100
UYM,20110119,51.85,51.98,49.12,49.35,1256900
UYM,20110120,48.28,48.33,46.77,47.94,1957000
UYM,20110121,48.57,48.87,47.18,47.20,1062400
UYM,20110124,47.29,48.86,47.18,48.26,1106900
UYM,20110125,47.90,48.36,47.14,48.31,1090300
UYM,20110126,48.74,50.85,48.69,50.65,1596200
UYM,20110127,50.98,50.98,49.00,49.72,1241400
UYM,20110128,49.54,50.14,48.19,48.49,1550100
UYM,20110131,48.75,50.35,48.75,50.19,1236600
UYM,20110201,51.05,53.15,50.97,53.01,1574000
UYM,20110202,52.73,53.57,52.15,52.73,1181200
UYM,20110203,52.75,53.05,51.26,52.83,1128700
UYM,20110204,53.12,53.24,51.79,52.64,958300
UYM,20110207,52.97,54.00,52.80,52.96,1145600
UYM,20110208,53.44,53.66,52.49,53.42,1173800
UYM,20110209,52.96,53.26,51.53,52.10,1475500
UYM,20110210,51.27,53.16,51.27,52.70,1631500
UYM,20110211,52.30,53.58,52.02,53.22,1109500
UYM,20110214,53.43,54.91,53.43,54.77,1174000
UYM,20110215,54.50,55.07,53.79,54.04,813500
UYM,20110216,54.61,55.34,54.29,55.32,1221800
UYM,20110217,55.39,56.17,54.69,56.06,785100
UYM,20110218,56.16,56.25,54.25,54.75,964300
UYM,20110222,53.57,54.19,50.80,50.93,1414800
UYM,20110223,50.89,51.61,48.55,50.62,1785100
UYM,20110224,50.42,51.50,48.72,50.19,1327400
UYM,20110225,51.02,51.76,50.91,51.67,1140700
UYM,20110228,52.49,52.95,51.66,52.79,922800
UYM,20110301,52.78,53.53,50.52,50.61,1827200
UYM,20110302,50.39,51.81,50.22,51.15,1572600
UYM,20110303,52.54,53.57,52.45,53.43,1130800
UYM,20110304,53.58,53.78,51.95,52.77,950300
UYM,20110307,53.38,53.68,50.25,50.88,1052300
UYM,20110308,51.09,52.05,49.52,51.67,1247000
UYM,20110309,51.23,51.39,49.61,50.06,1274300
UYM,20110310,48.64,48.82,47.04,47.42,1723000
UYM,20110311,47.00,49.30,46.71,48.92,1319000
UYM,20110314,48.51,50.12,48.30,49.58,1052400
UYM,20110315,46.53,49.84,46.00,49.18,1229000
UYM,20110316,49.41,50.06,46.65,47.88,2039500
UYM,20110317,49.30,50.38,49.00,49.64,1355000
UYM,20110318,50.89,51.30,49.71,49.98,1112600
UYM,20110321,51.38,51.77,50.72,51.71,1061800
UYM,20110322,51.74,51.85,50.82,51.47,622400
UYM,20110323,51.27,53.33,50.94,53.04,1015900
UYM,20110324,53.66,53.86,52.32,53.56,879700
UYM,20110325,53.88,55.02,53.66,54.11,857800
UYM,20110328,54.23,54.82,53.39,53.42,776000
UYM,20110329,53.56,54.63,52.80,54.54,636800
UYM,20110330,55.47,55.96,54.33,55.74,881500
UYM,20110331,55.73,56.64,55.57,55.90,767300
UYM,20110401,56.25,56.85,55.80,56.14,910100
UYM,20110404,56.61,57.49,56.61,57.10,1067700
UYM,20110405,56.84,59.12,56.59,58.45,889900
UYM,20110406,59.38,59.47,57.20,57.61,1065500
UYM,20110407,57.51,58.76,56.88,57.43,1330900
UYM,20110408,58.32,58.67,56.44,57.15,1149700
UYM,20110411,57.16,57.53,54.63,55.20,837300
UYM,20110412,53.94,54.31,52.61,52.97,1340600
UYM,20110413,53.98,53.98,51.80,52.72,1238500
UYM,20110414,52.12,53.21,52.00,52.92,1026600
UYM,20110415,53.54,53.89,52.53,53.69,763400
UYM,20110418,52.46,52.78,51.03,52.17,987500
UYM,20110419,52.37,53.93,52.37,53.92,888600
UYM,20110420,55.77,56.20,55.24,55.60,1090600
UYM,20110421,56.30,57.14,55.91,57.12,763600
UYM,20110425,57.19,57.40,56.00,56.57,757700
UYM,20110426,56.76,58.14,56.61,57.66,865600
