VECO,20090115,5.73,5.98,5.36,5.95,2278
VECO,20090116,5.98,6.09,5.41,5.96,1896
VECO,20090120,5.87,5.88,4.90,4.97,2361
VECO,20090121,5.01,5.08,4.52,5.04,3106
VECO,20090122,4.93,4.98,4.66,4.75,1410
VECO,20090123,4.64,5.15,4.61,5.07,1725
VECO,20090126,5.06,5.61,5.06,5.26,1841
VECO,20090127,5.26,5.68,5.26,5.63,1396
VECO,20090128,5.73,5.82,5.65,5.70,1431
VECO,20090129,5.62,5.69,4.95,4.95,2640
VECO,20090130,5.01,5.17,4.80,4.83,1282
VECO,20090202,4.81,4.92,4.55,4.68,1787
VECO,20090203,4.70,4.95,4.51,4.84,1376
VECO,20090204,4.86,5.31,4.75,5.13,2143
VECO,20090205,5.08,5.86,5.08,5.76,2579
VECO,20090206,5.74,6.23,5.74,6.19,2842
VECO,20090209,6.17,6.43,5.85,6.22,2445
VECO,20090210,5.70,5.79,5.03,5.13,5281
VECO,20090211,5.10,5.23,4.68,5.14,3264
VECO,20090212,4.99,5.15,4.84,5.04,2002
VECO,20090213,5.03,5.53,5.03,5.40,4018
VECO,20090217,5.28,5.55,5.25,5.29,2496
VECO,20090218,5.28,5.52,5.11,5.19,1761
VECO,20090219,5.22,5.31,4.63,4.70,1745
VECO,20090220,4.62,4.79,4.38,4.66,2695
VECO,20090223,4.68,4.94,4.30,4.30,2672
VECO,20090224,4.33,4.61,4.14,4.25,5397
VECO,20090225,4.29,4.45,4.06,4.20,2241
VECO,20090226,4.33,4.61,4.33,4.38,2625
VECO,20090227,4.23,4.44,4.23,4.26,2575
VECO,20090302,4.20,4.24,3.53,3.99,2998
VECO,20090303,4.02,4.19,3.96,4.07,3028
VECO,20090304,4.21,4.29,4.08,4.24,3247
VECO,20090305,4.21,4.44,3.95,3.96,1944
VECO,20090306,4.00,4.29,4.00,4.16,4387
VECO,20090309,4.10,4.43,4.10,4.20,2685
VECO,20090310,4.35,4.78,4.32,4.76,2816
VECO,20090311,4.81,5.07,4.73,4.81,3063
VECO,20090312,4.89,5.29,4.78,5.19,1828
VECO,20090313,5.24,5.53,4.97,4.99,2178
VECO,20090316,5.05,5.37,4.89,4.94,1781
VECO,20090317,4.98,5.43,4.92,5.43,1300
VECO,20090318,5.33,5.82,5.28,5.63,1314
VECO,20090319,5.68,5.89,5.61,5.80,1259
VECO,20090320,5.86,6.03,5.30,5.34,1605
VECO,20090323,5.56,6.26,5.45,6.24,2639
VECO,20090324,6.11,6.13,5.93,5.97,2725
VECO,20090325,6.02,6.50,5.82,6.40,2776
VECO,20090326,6.25,6.88,6.25,6.87,5747
VECO,20090327,6.76,7.05,6.67,6.96,3792
VECO,20090330,6.76,6.77,6.53,6.64,3963
VECO,20090331,6.76,6.98,6.53,6.67,2790
VECO,20090401,6.58,7.48,6.48,7.46,2956
VECO,20090402,7.56,8.09,7.40,7.50,5026
VECO,20090403,7.51,7.65,7.25,7.45,2221
VECO,20090406,7.19,7.37,6.93,7.13,1879
VECO,20090407,6.93,7.00,6.38,6.39,2085
VECO,20090408,6.41,6.81,6.41,6.68,2125
VECO,20090409,6.82,7.24,6.82,7.21,4083
VECO,20090413,7.12,7.30,7.10,7.25,2269
VECO,20090414,7.11,7.57,7.05,7.51,1869
VECO,20090415,7.48,7.79,6.91,7.08,2920
VECO,20090416,7.16,7.16,6.97,7.08,2362
VECO,20090417,7.12,7.19,6.77,7.08,2110
VECO,20090420,6.91,6.99,6.08,6.19,2674
VECO,20090421,6.15,6.67,6.09,6.44,2380
VECO,20090422,6.34,6.81,6.34,6.57,2923
VECO,20090423,6.60,6.70,6.37,6.49,2395
VECO,20090424,6.55,6.90,6.38,6.81,2891
VECO,20090427,6.68,6.97,6.36,6.42,2955
VECO,20090428,6.44,7.09,6.40,6.59,4296
VECO,20090429,6.66,7.16,6.50,7.10,3080
VECO,20090430,7.19,7.90,6.95,7.24,2227
VECO,20090501,7.24,7.59,7.20,7.33,2390
VECO,20090504,7.39,8.04,7.39,7.85,2871
VECO,20090505,7.81,8.10,7.48,7.76,2755
VECO,20090506,7.87,8.51,7.87,8.46,2867
VECO,20090507,8.51,8.72,7.79,8.01,3612
VECO,20090508,8.10,9.04,7.79,9.04,4372
VECO,20090511,8.86,8.97,8.33,8.38,2347
VECO,20090512,8.59,8.59,8.21,8.45,3579
VECO,20090513,8.29,8.38,8.03,8.24,2458
VECO,20090514,8.26,8.52,8.12,8.25,2993
VECO,20090515,8.29,8.84,8.05,8.82,2651
VECO,20090518,8.87,9.55,8.86,9.54,3420
VECO,20090519,9.50,9.66,9.32,9.51,3396
VECO,20090520,9.57,10.34,9.49,9.76,4773
VECO,20090521,9.70,9.80,8.85,9.19,4193
VECO,20090522,9.28,9.67,9.05,9.46,2566
VECO,20090526,9.34,9.88,9.07,9.63,3555
VECO,20090527,9.70,10.15,9.59,9.65,3459
VECO,20090528,10.04,10.25,9.40,9.81,2245
VECO,20090529,9.85,10.80,9.85,10.53,4726
VECO,20090601,10.78,11.83,10.78,11.52,4110
VECO,20090602,11.50,11.69,10.93,10.99,3823
VECO,20090603,10.47,10.47,9.90,10.37,5381
VECO,20090604,10.34,11.11,10.22,11.08,3283
VECO,20090605,11.26,11.30,10.69,11.00,3448
VECO,20090608,11.08,11.94,11.01,11.28,5338
VECO,20090609,11.50,12.04,11.33,11.64,3165
VECO,20090610,11.90,11.97,11.43,11.85,4171
VECO,20090611,11.90,12.19,11.86,12.06,3843
VECO,20090612,11.96,12.09,11.54,12.03,1752
VECO,20090615,11.91,11.91,10.52,11.27,6006
VECO,20090616,11.40,12.20,11.35,12.01,4783
VECO,20090617,12.05,12.27,11.74,12.02,3654
VECO,20090618,11.97,12.47,11.90,12.36,4067
VECO,20090619,12.54,13.26,12.27,12.99,6623
VECO,20090622,12.93,12.93,12.10,12.28,4879
VECO,20090623,12.18,12.18,11.32,11.35,3919
VECO,20090624,11.49,12.06,11.37,11.81,2591
VECO,20090625,11.65,11.82,11.19,11.57,3661
VECO,20090626,11.60,12.60,11.55,12.36,9065
VECO,20090629,12.35,12.47,11.53,11.94,4796
VECO,20090630,11.98,12.45,11.50,11.59,2993
VECO,20090701,11.72,12.38,11.64,12.15,5248
VECO,20090702,12.08,12.08,11.53,11.68,4012
VECO,20090706,11.59,11.86,11.27,11.60,3432
VECO,20090707,11.60,12.28,11.60,11.78,4257
VECO,20090708,11.87,11.91,11.06,11.36,3447
VECO,20090709,11.63,11.92,11.48,11.63,2325
VECO,20090710,11.67,12.29,11.56,12.24,3835
VECO,20090713,12.36,12.62,11.82,12.32,3959
VECO,20090714,12.40,12.81,12.32,12.49,3169
VECO,20090715,12.72,13.35,12.64,13.34,8362
VECO,20090716,13.41,14.25,13.19,14.14,5003
VECO,20090717,14.18,14.24,13.50,13.86,3365
VECO,20090720,13.92,14.31,13.71,14.10,3050
VECO,20090721,14.18,14.30,13.65,13.91,2115
VECO,20090722,13.79,14.25,13.48,13.64,3231
VECO,20090723,13.59,14.97,13.44,14.80,4196
VECO,20090724,14.72,14.85,14.06,14.53,4353
VECO,20090727,14.55,14.73,14.12,14.67,4397
VECO,20090728,18.16,20.11,17.86,20.11,35985
VECO,20090729,19.53,20.27,19.53,19.94,9122
VECO,20090730,20.11,20.11,19.26,19.43,4788
VECO,20090731,19.25,19.53,18.70,18.84,5414
VECO,20090803,19.00,19.64,18.83,19.38,4384
VECO,20090804,19.17,19.53,18.85,19.30,3140
VECO,20090805,19.25,19.38,18.35,18.53,3428
VECO,20090806,18.56,19.22,17.94,18.90,9102
VECO,20090807,19.28,19.96,18.62,19.25,7519
VECO,20090810,19.02,19.02,18.35,18.53,4459
VECO,20090811,18.34,18.55,17.88,18.31,4211
VECO,20090812,18.24,19.99,18.20,19.38,7805
VECO,20090813,19.52,20.68,19.43,20.37,6231
VECO,20090814,20.36,20.36,18.91,19.54,2978
VECO,20090817,19.12,19.21,18.52,18.87,2266
VECO,20090818,18.85,19.27,18.61,18.76,3111
VECO,20090819,18.63,19.25,18.40,19.00,2645
VECO,20090820,18.94,19.26,18.60,19.10,2980
VECO,20090821,20.05,21.89,20.04,21.76,10827
VECO,20090824,21.76,22.39,21.29,21.82,6516
VECO,20090825,21.85,22.30,21.73,21.93,3535
VECO,20090826,22.24,22.65,21.75,22.05,4889
VECO,20090827,22.07,22.64,21.66,22.48,3083
VECO,20090828,22.64,23.11,22.06,22.28,5295
VECO,20090831,21.95,22.15,21.30,21.48,3089
VECO,20090901,21.39,22.35,20.28,20.36,8854
VECO,20090902,20.36,20.98,20.15,20.55,2916
VECO,20090903,20.76,22.00,20.76,21.82,5575
VECO,20090904,21.83,22.40,21.47,22.04,4550
VECO,20090908,22.18,22.50,21.50,22.02,5088
VECO,20090909,22.09,22.50,21.90,22.21,3590
VECO,20090910,22.19,22.62,21.95,22.32,3112
VECO,20090911,22.46,22.70,20.98,21.40,4775
VECO,20090914,21.28,21.63,21.02,21.18,3411
VECO,20090915,21.12,22.16,21.09,21.90,4640
VECO,20090916,22.04,22.20,21.79,22.06,2362
VECO,20090917,22.06,22.06,21.58,21.86,3745
VECO,20090918,21.92,23.29,21.78,22.87,8016
VECO,20090921,22.61,23.16,22.61,22.95,6298
VECO,20090922,23.11,23.70,23.05,23.49,6841
VECO,20090923,23.60,23.76,23.11,23.12,4561
VECO,20090924,23.15,23.15,21.14,21.19,8928
VECO,20090925,21.14,22.03,20.33,21.93,4944
VECO,20090928,22.00,22.94,21.35,22.88,5539
VECO,20090929,23.15,23.75,22.79,23.05,6248
VECO,20090930,23.06,23.54,22.23,23.32,5113
VECO,20091001,23.25,23.73,22.00,22.08,11984
VECO,20091002,21.66,22.37,21.41,21.90,7382
VECO,20091005,21.98,22.73,21.78,22.50,2453
VECO,20091006,22.58,23.50,22.53,23.19,7215
VECO,20091007,23.28,24.76,22.59,24.19,27102
VECO,20091008,24.65,24.96,24.26,24.33,10366
VECO,20091009,24.30,24.39,23.89,24.12,8559
VECO,20091012,24.25,24.42,23.94,24.00,6180
VECO,20091013,24.17,24.27,23.77,24.26,9013
VECO,20091014,24.68,26.27,24.56,26.24,23387
VECO,20091015,26.11,26.13,25.37,26.07,9001
VECO,20091016,25.94,26.13,25.09,25.64,10317
VECO,20091019,25.97,26.57,25.27,26.13,8888
VECO,20091020,26.24,26.69,25.84,25.98,6385
VECO,20091021,26.60,27.24,25.27,25.41,9937
VECO,20091022,25.42,26.22,25.06,26.15,4700
VECO,20091023,26.29,26.72,25.35,25.56,4876
VECO,20091026,25.66,26.69,25.02,25.07,15760
VECO,20091027,25.42,27.35,24.64,26.36,25770
VECO,20091028,26.00,26.54,24.10,24.22,15499
VECO,20091029,24.00,24.34,23.64,23.80,47740
VECO,20091030,23.75,24.70,23.65,24.35,15655
VECO,20091102,24.45,24.68,22.91,23.55,9651
VECO,20091103,23.26,23.53,22.77,23.24,7118
VECO,20091104,23.63,24.30,23.05,23.12,10685
VECO,20091105,23.33,25.06,23.24,24.23,10061
VECO,20091106,24.00,24.51,23.58,23.72,6634
VECO,20091109,24.18,25.71,24.18,25.60,14252
VECO,20091110,25.35,25.90,24.69,24.99,10465
VECO,20091111,25.15,26.50,24.96,25.91,13280
VECO,20091112,25.83,25.95,24.34,24.83,15052
VECO,20091113,24.94,26.00,24.53,25.98,8937
VECO,20091116,26.00,27.00,25.86,26.81,10584
VECO,20091117,26.60,28.33,26.51,28.17,15242
VECO,20091118,28.30,28.42,27.32,27.60,9591
VECO,20091119,27.25,27.32,26.06,26.48,7712
VECO,20091120,26.25,26.34,25.57,26.25,5080
VECO,20091123,26.56,27.52,26.30,26.90,5637
VECO,20091124,27.07,27.74,26.53,27.30,8137
VECO,20091125,27.36,27.81,27.27,27.70,6510
VECO,20091127,27.01,27.49,26.89,27.31,3059
VECO,20091130,27.19,27.55,26.59,27.31,12601
VECO,20091201,27.57,28.67,27.40,28.17,7654
VECO,20091202,28.31,29.86,28.20,29.83,13216
VECO,20091203,30.17,30.17,28.92,29.05,13842
VECO,20091204,29.45,29.99,28.75,29.65,8273
VECO,20091207,29.75,30.13,29.35,29.71,9684
VECO,20091208,29.61,31.56,29.52,31.35,22958
VECO,20091209,31.30,32.16,30.90,32.13,12321
VECO,20091210,32.41,32.51,31.30,31.51,11136
VECO,20091211,31.74,32.14,31.46,31.82,8257
VECO,20091214,32.22,32.22,31.32,31.42,7214
VECO,20091215,31.36,31.51,30.73,30.88,9041
VECO,20091216,31.10,31.36,30.80,31.05,6451
VECO,20091217,30.83,31.50,30.48,31.05,5634
VECO,20091218,31.21,31.79,30.55,31.71,20441
VECO,20091221,32.00,32.50,31.76,32.46,9196
VECO,20091222,32.46,33.89,32.38,33.53,9247
VECO,20091223,33.91,34.84,33.85,34.33,7216
VECO,20091224,34.50,34.53,34.08,34.35,1603
VECO,20091228,34.60,34.82,33.51,33.86,5201
VECO,20091229,34.07,34.19,33.50,33.66,4198
VECO,20091230,33.60,34.23,33.27,33.52,5042
VECO,20091231,33.44,33.63,32.99,33.04,3628
VECO,20100104,33.63,34.56,33.11,33.99,8894
VECO,20100105,34.26,35.55,34.22,35.13,10422
VECO,20100106,35.20,35.34,34.57,34.72,6357
VECO,20100107,34.79,34.84,33.72,34.51,6024
VECO,20100108,35.06,37.33,35.06,37.11,19313
VECO,20100111,37.57,37.57,35.42,35.81,11730
VECO,20100112,35.56,35.71,34.38,34.71,10543
VECO,20100113,34.70,35.30,33.57,34.00,10054
VECO,20100114,34.16,34.79,33.83,33.86,4723
VECO,20100115,33.89,33.91,31.43,32.58,18925
VECO,20100119,33.53,34.09,31.84,33.90,18093
VECO,20100120,35.74,37.10,35.00,36.43,19505
VECO,20100121,36.32,37.49,35.32,35.43,12411
VECO,20100122,35.90,37.37,35.45,35.70,19621
VECO,20100125,36.00,36.83,35.33,35.85,8183
VECO,20100126,35.79,35.79,34.14,34.25,11013
VECO,20100127,34.18,34.79,33.61,34.14,13452
VECO,20100128,34.13,34.15,32.50,33.13,11132
VECO,20100129,33.37,34.06,31.66,31.82,12498
VECO,20100201,31.91,33.43,31.91,33.23,11808
VECO,20100202,33.20,34.74,33.19,34.22,13811
VECO,20100203,34.17,35.26,33.39,33.47,13586
VECO,20100204,32.90,33.28,31.30,31.37,18800
VECO,20100205,31.49,31.99,29.21,30.42,33294
VECO,20100208,30.32,31.61,29.96,31.06,23862
VECO,20100209,32.32,34.01,32.23,33.94,48660
VECO,20100210,33.74,34.47,32.75,34.37,20993
VECO,20100211,34.29,35.08,33.43,35.00,16023
VECO,20100212,34.53,36.13,33.75,35.11,12800
VECO,20100216,35.48,37.20,35.26,37.19,16374
VECO,20100217,37.27,38.09,36.58,36.81,19537
VECO,20100218,36.66,38.00,36.51,37.91,8617
VECO,20100219,37.65,38.04,36.68,37.62,9065
VECO,20100222,37.74,38.39,37.21,37.28,8136
VECO,20100223,37.09,37.10,35.00,35.16,17633
VECO,20100224,35.16,35.61,34.26,34.80,13611
VECO,20100225,34.23,34.31,32.52,33.70,31122
VECO,20100226,33.75,34.15,33.33,34.10,13500
VECO,20100301,34.28,35.76,34.28,35.50,13590
VECO,20100302,35.90,36.49,35.35,35.83,14095
VECO,20100303,36.00,36.37,34.91,35.53,9888
VECO,20100304,35.46,35.79,34.50,35.75,16230
VECO,20100305,35.98,36.37,35.53,35.73,12396
VECO,20100308,35.73,36.10,34.76,35.40,10428
VECO,20100309,35.34,36.88,35.21,36.25,17355
VECO,20100310,36.46,38.17,36.46,38.00,31199
VECO,20100311,39.15,40.17,38.81,39.89,42250
VECO,20100312,40.35,40.88,39.32,39.78,22578
VECO,20100315,39.58,40.19,38.44,39.12,14297
VECO,20100316,39.19,39.82,38.72,39.80,9570
VECO,20100317,39.99,41.28,39.99,40.44,14199
VECO,20100318,40.44,40.50,39.14,39.62,11027
VECO,20100319,39.77,39.77,37.56,39.01,20753
VECO,20100322,38.72,40.06,38.22,39.88,11882
VECO,20100323,39.99,43.54,39.95,43.36,30280
VECO,20100324,42.76,43.67,42.70,43.50,29623
VECO,20100325,43.93,45.00,43.54,43.72,26910
VECO,20100326,44.03,44.42,42.00,43.08,19092
VECO,20100329,43.26,44.40,42.94,43.20,14533
VECO,20100330,43.44,44.40,42.07,43.63,17130
VECO,20100331,43.53,44.55,43.12,43.48,13365
VECO,20100401,43.91,44.70,42.77,43.38,8049
VECO,20100405,43.83,46.52,43.80,46.47,20814
VECO,20100406,46.33,47.90,45.92,47.50,23528
VECO,20100407,47.41,47.61,46.03,46.33,16968
VECO,20100408,45.87,46.84,44.56,46.60,17442
VECO,20100409,47.02,47.19,45.71,46.69,9535
VECO,20100412,46.95,47.10,46.28,46.76,9572
VECO,20100413,47.18,47.66,46.00,46.12,18733
VECO,20100414,46.71,49.85,46.66,49.81,21886
VECO,20100415,49.68,50.32,48.95,49.25,14079
VECO,20100416,48.96,49.18,46.74,47.94,15050
VECO,20100419,47.81,49.75,45.82,47.29,16969
VECO,20100420,48.27,49.49,47.80,48.98,10745
VECO,20100421,48.58,49.48,47.28,48.70,14094
VECO,20100422,48.13,51.16,47.64,51.16,13832
VECO,20100423,51.21,51.78,50.44,51.61,19041
VECO,20100426,52.00,53.14,50.90,51.05,23678
VECO,20100427,53.49,54.50,49.76,51.14,44465
VECO,20100428,51.00,51.08,48.39,49.21,24822
VECO,20100429,49.95,49.99,45.85,47.44,40241
VECO,20100430,47.63,47.68,43.65,43.99,39448
VECO,20100503,45.54,49.12,45.15,48.99,35638
VECO,20100504,47.85,48.10,44.92,45.91,28794
VECO,20100505,44.73,47.10,44.08,46.47,23572
VECO,20100506,46.08,47.34,41.84,44.56,25975
VECO,20100507,45.37,45.90,42.34,42.78,22840
VECO,20100510,46.70,47.35,45.60,47.30,17551
VECO,20100511,46.45,49.12,45.69,46.76,17253
VECO,20100512,47.08,48.95,47.08,48.60,17108
VECO,20100513,48.85,49.20,46.52,46.92,13562
VECO,20100514,46.27,46.41,43.72,44.80,21440
VECO,20100517,44.75,45.74,42.44,45.50,18823
VECO,20100518,46.33,46.66,40.05,40.40,46377
VECO,20100519,40.04,41.44,38.82,41.13,35906
VECO,20100520,39.61,40.81,38.96,39.19,25895
VECO,20100521,38.50,41.81,37.92,41.47,21365
VECO,20100524,41.03,41.82,38.88,38.90,22190
VECO,20100525,36.49,36.57,34.25,35.90,60371
VECO,20100526,37.51,37.87,35.39,35.48,35701
VECO,20100527,36.99,39.59,36.51,39.59,30508
VECO,20100528,39.33,39.43,37.66,38.17,18732
VECO,20100601,37.52,39.84,37.34,37.47,27267
VECO,20100602,37.99,39.03,37.38,39.03,14236
VECO,20100603,39.45,39.70,38.24,39.69,16702
VECO,20100604,38.02,38.50,35.36,35.73,21438
VECO,20100607,35.80,36.26,31.45,31.79,40164
VECO,20100608,31.79,32.19,29.54,31.86,43958
VECO,20100609,32.20,33.93,31.98,32.31,22965
VECO,20100610,33.67,34.38,33.00,34.13,16345
VECO,20100611,33.63,35.58,33.31,35.21,14706
VECO,20100614,36.45,38.39,36.15,36.52,26974
VECO,20100615,36.98,38.80,36.76,38.46,22366
VECO,20100616,37.91,38.60,37.11,37.55,16223
VECO,20100617,37.80,38.83,36.83,38.56,14777
VECO,20100618,39.39,42.19,39.30,41.98,41489
VECO,20100621,42.60,43.39,40.18,40.80,26388
VECO,20100622,40.58,41.65,39.23,39.46,18283
VECO,20100623,39.47,40.77,38.69,39.90,13530
VECO,20100624,39.61,39.79,37.52,38.04,14596
VECO,20100625,37.76,39.65,37.29,38.82,26262
VECO,20100628,38.68,39.96,38.02,38.67,10134
VECO,20100629,37.29,37.54,34.68,35.11,23669
VECO,20100630,35.43,36.37,34.13,34.28,10585
VECO,20100701,34.32,35.00,32.79,34.70,15196
VECO,20100702,34.99,35.47,33.57,34.38,10338
VECO,20100706,35.45,35.78,33.81,34.02,16042
VECO,20100707,34.05,37.77,34.05,37.59,16306
VECO,20100708,38.82,39.46,37.33,39.15,25646
VECO,20100709,38.93,40.78,38.75,40.57,12553
VECO,20100712,40.49,41.57,39.71,40.30,11020
VECO,20100713,41.29,42.00,40.68,41.89,15470
VECO,20100714,42.21,42.86,40.92,41.16,12150
VECO,20100715,40.50,40.69,37.54,38.46,31611
VECO,20100716,37.84,38.23,36.52,36.69,12321
VECO,20100719,38.22,39.73,37.29,38.96,23178
VECO,20100720,37.83,39.99,36.89,39.85,14290
VECO,20100721,40.00,40.64,38.54,38.98,13315
VECO,20100722,39.54,41.95,39.54,40.80,14227
VECO,20100723,41.04,42.81,40.57,42.73,18177
VECO,20100726,43.43,44.74,42.54,44.69,30186
VECO,20100727,47.13,47.73,42.60,43.43,64141
VECO,20100728,43.42,44.13,42.51,43.25,19219
VECO,20100729,43.66,44.71,41.64,43.06,20036
VECO,20100730,42.07,44.53,41.51,43.30,19333
VECO,20100802,44.26,45.23,44.02,45.10,16849
VECO,20100803,45.34,45.47,43.64,45.11,14197
VECO,20100804,45.43,45.94,44.48,45.52,17930
VECO,20100805,42.61,42.70,39.50,39.61,64233
VECO,20100806,39.31,40.85,38.88,39.91,29537
VECO,20100809,39.10,39.26,36.17,37.17,51615
VECO,20100810,36.56,37.93,36.10,37.06,35150
VECO,20100811,35.60,35.70,31.64,32.12,91274
VECO,20100812,31.74,32.54,30.88,31.65,51156
VECO,20100813,33.93,33.98,31.23,31.29,49449
VECO,20100816,31.88,33.20,30.92,32.28,37384
VECO,20100817,32.96,33.81,32.85,33.12,34251
VECO,20100818,33.27,33.85,32.55,32.84,22883
VECO,20100819,32.82,33.40,32.51,32.60,20197
VECO,20100820,32.32,33.04,32.27,32.63,16488
VECO,20100823,32.74,32.84,31.00,31.11,20204
VECO,20100824,30.75,31.73,30.25,31.02,32283
VECO,20100825,31.95,33.09,31.43,32.30,55709
VECO,20100826,32.92,33.97,32.12,32.23,27378
VECO,20100827,32.85,34.72,32.12,34.35,30303
VECO,20100830,34.30,35.32,33.89,34.06,20773
VECO,20100831,33.96,34.50,32.83,33.23,19288
VECO,20100901,34.34,34.81,33.85,34.37,21055
VECO,20100902,34.36,36.31,34.35,36.20,23854
VECO,20100903,36.88,37.36,35.52,36.55,24223
VECO,20100907,36.37,36.74,35.87,36.47,15978
VECO,20100908,35.96,36.29,33.02,33.44,48777
VECO,20100909,33.91,34.33,33.03,33.82,20353
VECO,20100910,33.90,34.00,32.83,33.37,14400
VECO,20100913,34.04,34.34,33.54,33.98,13962
VECO,20100914,34.57,36.60,33.88,35.47,26001
VECO,20100915,35.15,36.25,34.85,36.09,16384
VECO,20100916,35.61,35.83,33.61,34.85,31087
VECO,20100917,35.04,35.70,34.37,35.36,20980
VECO,20100920,35.42,36.72,35.24,36.48,15446
VECO,20100921,36.35,36.52,35.08,35.32,15974
VECO,20100922,35.33,35.90,34.22,35.02,11325
VECO,20100923,34.51,36.02,34.25,34.92,16259
VECO,20100924,35.93,36.75,35.70,36.35,12747
VECO,20100927,36.22,36.30,35.08,35.52,16253
VECO,20100928,35.77,37.39,35.00,36.84,19041
VECO,20100929,36.53,37.71,35.90,36.00,27999
VECO,20100930,36.22,36.24,34.49,34.87,19937
VECO,20101001,35.47,35.59,33.81,34.23,17551
VECO,20101004,33.90,34.14,32.89,33.71,19477
VECO,20101005,34.33,36.27,34.08,36.25,26512
VECO,20101006,36.08,36.33,35.00,35.33,14853
VECO,20101007,35.51,35.77,35.06,35.50,13138
VECO,20101008,35.27,36.54,34.62,36.51,18873
VECO,20101011,36.29,37.75,36.09,37.06,31435
VECO,20101012,36.99,37.44,36.54,37.03,12415
VECO,20101013,38.50,41.74,38.41,41.03,48253
VECO,20101014,40.45,42.30,40.25,40.85,24152
VECO,20101015,41.51,41.75,39.61,40.43,16307
VECO,20101018,40.59,40.71,38.58,39.06,17914
VECO,20101019,38.52,39.56,36.86,37.21,28535
VECO,20101020,36.02,38.81,35.27,38.64,29874
VECO,20101021,39.32,39.87,37.51,38.26,14059
VECO,20101022,38.19,39.91,37.92,39.08,15364
VECO,20101025,39.67,40.41,38.75,39.94,38194
VECO,20101026,37.48,39.70,37.21,37.71,49225
VECO,20101027,37.50,39.14,37.37,38.98,19944
VECO,20101028,38.90,39.49,38.27,38.82,14370
VECO,20101029,38.47,41.85,38.36,41.50,29874
VECO,20101101,41.52,41.60,40.02,40.11,17597
VECO,20101102,40.70,42.55,40.48,41.93,19341
VECO,20101103,42.00,42.45,41.20,42.43,11918
VECO,20101104,42.87,44.35,42.81,44.09,27571
VECO,20101105,44.03,44.50,43.51,44.00,13919
VECO,20101108,44.50,46.24,44.32,45.73,23182
VECO,20101109,46.21,46.25,44.34,44.63,13357
VECO,20101110,45.21,45.21,43.22,43.83,14951
VECO,20101111,42.75,44.34,41.88,43.80,10291
VECO,20101112,43.34,43.65,42.01,42.12,11558
VECO,20101115,42.96,43.69,42.24,42.48,10868
VECO,20101116,42.48,43.42,40.84,41.62,13513
VECO,20101117,41.84,42.97,41.16,41.72,11198
VECO,20101118,42.69,43.65,42.49,43.11,11911
VECO,20101119,42.70,43.32,42.11,42.45,15051
VECO,20101122,42.64,43.72,42.51,43.64,11887
VECO,20101123,42.52,42.86,41.68,42.14,15107
VECO,20101124,42.72,44.88,42.53,44.84,19639
VECO,20101126,44.96,45.25,43.91,44.09,10988
VECO,20101129,43.92,45.85,43.48,45.70,23036
VECO,20101130,44.79,44.96,43.91,43.98,19026
VECO,20101201,44.77,45.64,43.84,44.95,17750
VECO,20101202,44.97,45.75,44.88,45.07,12323
VECO,20101203,44.73,47.68,44.58,46.65,25485
VECO,20101206,46.68,47.62,46.20,47.14,12690
VECO,20101207,47.93,47.98,46.43,46.69,11296
VECO,20101208,47.68,48.79,45.54,45.94,29857
VECO,20101209,46.41,46.55,45.61,46.32,10972
VECO,20101210,46.33,48.69,46.11,48.43,28322
VECO,20101213,48.96,50.95,48.95,49.97,34652
VECO,20101214,46.85,48.16,41.45,42.19,95074
VECO,20101215,42.49,44.42,42.40,42.78,38338
VECO,20101216,43.40,44.20,39.54,40.08,70286
VECO,20101217,41.38,41.50,40.28,40.51,30169
VECO,20101220,41.20,42.10,40.10,41.76,26219
VECO,20101221,41.44,41.55,40.03,40.36,30343
VECO,20101222,40.44,41.79,40.00,41.51,22526
VECO,20101223,42.42,44.24,42.40,43.24,31554
VECO,20101227,43.23,43.57,42.13,43.25,11120
VECO,20101228,43.53,43.75,42.35,43.59,11477
VECO,20101229,43.50,44.00,42.92,43.11,9172
VECO,20101230,43.30,43.65,42.90,43.27,9101
VECO,20101231,42.95,43.50,42.60,42.96,8157
VECO,20110103,43.68,44.90,43.39,43.66,18143
VECO,20110104,44.92,45.81,43.68,44.14,24948
VECO,20110105,43.95,44.95,43.51,44.56,13334
VECO,20110106,45.44,46.82,45.20,45.95,20815
VECO,20110107,46.22,47.20,45.29,46.25,19911
VECO,20110110,46.84,47.41,46.04,47.05,1414500
VECO,20110111,48.00,48.47,47.51,48.04,1470100
VECO,20110112,48.44,49.70,47.83,49.67,1899800
VECO,20110113,47.59,48.46,46.60,47.57,2517900
VECO,20110114,47.08,47.98,46.70,47.93,1760300
VECO,20110118,48.11,49.34,47.68,49.16,2373100
VECO,20110119,46.62,47.44,45.36,46.16,4157400
VECO,20110120,45.65,46.98,44.76,45.97,1703300
VECO,20110121,46.75,46.86,44.48,44.51,1294400
VECO,20110124,42.81,45.27,42.69,45.13,1789600
VECO,20110125,45.36,45.49,43.81,44.71,1014000
VECO,20110126,45.61,46.40,45.01,45.67,1652500
VECO,20110127,46.35,46.35,44.10,44.75,1291800
VECO,20110128,45.04,45.08,42.50,43.24,1614500
VECO,20110131,43.02,43.71,43.00,43.26,1189200
VECO,20110201,43.80,44.00,42.67,42.82,1743200
VECO,20110202,43.28,44.81,42.86,43.74,1167900
VECO,20110203,44.10,44.35,43.44,44.06,682300
VECO,20110204,44.02,44.95,43.60,44.57,842600
VECO,20110207,45.46,46.26,44.82,45.14,2312300
VECO,20110208,45.28,48.28,45.28,47.69,4827100
VECO,20110209,47.42,48.16,46.95,47.37,1473200
VECO,20110210,46.39,49.89,46.31,49.49,2089200
VECO,20110211,49.75,52.49,48.25,52.47,3228800
VECO,20110214,52.18,53.31,51.60,52.02,2153300
VECO,20110215,52.00,52.60,49.69,50.00,1860100
VECO,20110216,50.79,51.72,50.39,51.31,1200100
VECO,20110217,51.96,53.18,51.01,52.70,1292300
VECO,20110218,51.66,51.91,48.84,49.12,2045700
VECO,20110222,48.28,49.10,46.94,47.04,1975500
VECO,20110223,47.41,47.68,44.59,45.92,1777000
VECO,20110224,46.45,48.49,46.10,48.30,1370500
VECO,20110225,48.56,48.73,47.43,48.40,1235600
VECO,20110228,48.86,48.98,47.45,47.58,1197400
VECO,20110301,48.41,49.00,45.85,46.46,1305500
VECO,20110302,46.40,48.64,46.21,46.96,900600
VECO,20110303,47.96,48.40,47.29,47.64,801600
VECO,20110304,48.39,48.39,46.30,47.04,778900
VECO,20110307,48.15,48.48,46.95,47.82,1522300
VECO,20110308,47.65,49.55,46.80,48.52,1293500
VECO,20110309,48.23,50.00,47.50,48.20,1514900
VECO,20110310,47.70,47.88,46.26,47.32,1556900
VECO,20110311,46.99,47.74,46.33,47.12,676100
VECO,20110314,46.34,48.49,46.27,47.48,828000
VECO,20110315,45.29,48.64,45.00,48.02,1123800
VECO,20110316,48.76,49.89,47.25,47.42,1398800
VECO,20110317,48.99,49.75,48.65,48.80,938200
VECO,20110318,49.20,49.49,47.86,48.06,1100800
VECO,20110321,48.53,51.00,48.53,50.84,1650200
VECO,20110322,50.78,51.00,48.45,49.33,1098700
VECO,20110323,46.60,49.10,46.52,48.80,1562500
VECO,20110324,49.24,50.16,48.95,50.01,1066100
VECO,20110325,50.18,51.49,49.79,50.41,973800
VECO,20110328,50.90,51.23,49.61,49.72,667100
VECO,20110329,49.50,50.36,48.88,50.24,585700
VECO,20110330,50.44,51.97,50.43,51.27,920500
VECO,20110331,51.51,51.58,50.35,50.84,644700
VECO,20110401,51.06,51.11,49.20,49.57,1102400
VECO,20110404,50.02,50.60,49.09,49.69,997500
VECO,20110405,49.32,50.68,49.20,49.70,1043200
VECO,20110406,50.52,50.65,48.51,49.40,849000
VECO,20110407,49.42,50.16,48.55,49.66,941700
VECO,20110408,49.82,50.66,48.70,49.23,736400
VECO,20110411,49.16,49.83,48.39,48.64,867000
VECO,20110412,48.37,48.50,46.35,46.47,1257100
VECO,20110413,46.90,47.35,46.22,46.70,1300500
VECO,20110414,46.07,47.72,46.07,47.48,1035300
VECO,20110415,47.16,48.08,47.16,47.50,1121900
VECO,20110418,47.50,47.76,46.25,46.81,1182900
VECO,20110419,46.86,46.99,45.38,46.51,1453800
VECO,20110420,46.99,48.75,46.95,48.70,1156700
VECO,20110421,48.14,50.00,48.14,48.90,808300
VECO,20110425,47.76,48.72,47.16,47.97,1924300
VECO,20110426,49.52,50.24,48.27,50.02,2560600
