VLO,20090115,22.25,23.08,21.19,22.87,136994
VLO,20090116,23.68,24.25,22.88,24.03,129923
VLO,20090120,23.59,24.50,23.04,23.38,168745
VLO,20090121,23.67,24.99,23.43,24.93,140292
VLO,20090122,24.40,24.87,22.73,23.30,183809
VLO,20090123,22.60,24.85,22.44,24.59,125270
VLO,20090126,24.43,26.20,24.43,25.85,150812
VLO,20090127,25.19,25.35,23.56,24.26,165083
VLO,20090128,24.67,25.59,23.92,25.25,157097
VLO,20090129,24.78,25.15,24.06,24.69,100581
VLO,20090130,25.04,25.20,23.65,24.12,142053
VLO,20090202,23.60,23.60,22.52,22.90,126057
VLO,20090203,23.14,23.74,22.87,23.51,115506
VLO,20090204,23.60,24.39,23.57,23.92,126539
VLO,20090205,23.71,24.02,23.06,23.71,155266
VLO,20090206,23.62,23.95,23.23,23.74,114414
VLO,20090209,23.81,24.88,23.79,24.47,102568
VLO,20090210,24.65,25.00,22.93,23.20,124806
VLO,20090211,23.60,23.76,22.46,23.02,137670
VLO,20090212,22.69,24.14,22.40,23.99,183511
VLO,20090213,23.52,24.50,23.50,24.07,107513
VLO,20090217,23.40,23.66,22.02,22.11,139574
VLO,20090218,22.34,22.34,21.00,21.25,131550
VLO,20090219,21.70,21.94,20.39,20.65,149936
VLO,20090220,20.05,20.10,18.54,19.15,165988
VLO,20090223,19.48,19.88,18.46,18.52,139466
VLO,20090224,18.80,20.04,18.62,19.87,114386
VLO,20090225,20.25,21.04,19.39,20.52,158730
VLO,20090226,20.91,20.97,20.16,20.24,98857
VLO,20090227,19.65,20.26,19.09,19.38,112889
VLO,20090302,18.84,18.93,16.90,16.98,166935
VLO,20090303,17.54,17.90,17.02,17.20,133019
VLO,20090304,17.87,18.27,17.27,17.40,181586
VLO,20090305,16.99,17.14,16.18,16.35,128416
VLO,20090306,16.51,16.89,15.71,16.24,107041
VLO,20090309,15.95,17.24,15.95,16.63,90519
VLO,20090310,17.16,17.66,16.80,17.03,116656
VLO,20090311,17.26,17.72,16.54,17.07,114715
VLO,20090312,17.06,17.64,16.81,17.58,99542
VLO,20090313,17.90,18.00,16.89,17.33,108146
VLO,20090316,17.42,18.52,17.42,17.92,89858
VLO,20090317,17.98,18.52,17.35,18.50,93972
VLO,20090318,18.57,18.74,17.83,18.51,133363
VLO,20090319,19.10,20.08,18.80,19.43,125680
VLO,20090320,19.54,19.57,18.00,18.03,128346
VLO,20090323,18.69,18.69,17.50,18.55,171062
VLO,20090324,18.05,18.67,17.83,18.28,101136
VLO,20090325,18.47,19.09,18.10,18.64,121717
VLO,20090326,19.17,19.98,19.04,19.87,138623
VLO,20090327,19.40,19.74,19.02,19.05,103272
VLO,20090330,18.52,18.71,17.30,17.73,100192
VLO,20090331,18.33,18.38,17.45,17.90,113693
VLO,20090401,17.64,18.57,17.62,18.43,106764
VLO,20090402,19.01,19.82,18.99,19.52,134241
VLO,20090403,19.40,20.09,19.11,19.84,103751
VLO,20090406,19.35,19.70,19.05,19.68,83991
VLO,20090407,19.20,19.77,19.01,19.39,86193
VLO,20090408,19.47,20.33,19.15,20.16,106591
VLO,20090409,20.84,21.10,20.56,21.00,104394
VLO,20090413,20.60,20.83,20.19,20.62,105752
VLO,20090414,20.36,21.00,20.25,20.56,90955
VLO,20090415,20.40,20.99,20.21,20.89,109156
VLO,20090416,21.07,21.75,20.56,21.54,99652
VLO,20090417,21.57,21.91,21.25,21.72,95202
VLO,20090420,21.24,21.30,19.80,20.08,126302
VLO,20090421,19.98,20.49,19.64,20.38,97285
VLO,20090422,20.21,21.14,20.15,20.50,120347
VLO,20090423,20.77,21.60,20.52,21.29,112352
VLO,20090424,21.60,21.92,21.28,21.68,92698
VLO,20090427,21.20,21.26,20.55,20.74,115022
VLO,20090428,20.86,21.27,20.66,20.82,102447
VLO,20090429,20.89,20.94,20.22,20.49,139553
VLO,20090430,20.66,20.74,19.58,19.84,118914
VLO,20090501,19.89,21.00,19.84,20.65,97496
VLO,20090504,20.81,21.92,20.78,21.85,104073
VLO,20090505,21.59,22.03,21.37,21.87,96861
VLO,20090506,22.19,23.00,21.87,22.65,109129
VLO,20090507,23.36,23.61,21.58,21.88,121881
VLO,20090508,22.30,23.62,22.22,23.30,101487
VLO,20090511,22.56,22.73,21.71,21.81,102329
VLO,20090512,22.00,22.04,20.77,21.13,98891
VLO,20090513,20.70,21.35,20.35,20.65,130811
VLO,20090514,20.70,21.55,20.14,21.28,79791
VLO,20090515,21.07,21.65,20.65,20.84,76079
VLO,20090518,21.01,21.25,20.79,20.95,99093
VLO,20090519,21.16,21.82,20.96,21.54,94666
VLO,20090520,21.80,22.58,21.57,21.62,101026
VLO,20090521,21.27,21.27,20.46,20.76,85943
VLO,20090522,20.99,21.02,20.43,20.55,66483
VLO,20090526,20.40,20.97,19.98,20.80,89968
VLO,20090527,20.87,21.66,20.87,21.07,88574
VLO,20090528,21.11,21.99,21.00,21.85,97227
VLO,20090529,22.25,22.49,21.91,22.37,85092
VLO,20090601,22.86,23.49,22.64,22.81,107547
VLO,20090602,22.70,22.84,22.36,22.38,85165
VLO,20090603,19.64,19.79,18.12,18.40,485124
VLO,20090604,18.43,19.02,18.20,18.25,733063
VLO,20090605,18.71,18.74,18.10,18.21,212499
VLO,20090608,18.19,18.37,17.92,18.24,138596
VLO,20090609,18.60,18.67,18.05,18.15,141346
VLO,20090610,18.34,18.48,18.06,18.19,166014
VLO,20090611,18.36,18.36,17.63,17.67,196333
VLO,20090612,17.59,17.83,17.46,17.61,135621
VLO,20090615,17.49,17.59,17.10,17.31,141677
VLO,20090616,17.45,17.80,17.15,17.25,139161
VLO,20090617,17.12,17.35,16.80,17.24,166912
VLO,20090618,17.28,17.67,17.07,17.42,105998
VLO,20090619,18.00,18.00,17.11,17.19,174525
VLO,20090622,17.04,17.07,16.23,16.25,136952
VLO,20090623,16.45,16.64,15.95,16.56,134191
VLO,20090624,16.39,16.79,15.89,16.03,192987
VLO,20090625,16.00,16.70,15.91,16.69,136168
VLO,20090626,16.57,16.58,16.21,16.48,120626
VLO,20090629,16.63,16.84,16.47,16.63,128371
VLO,20090630,16.55,16.95,16.38,16.89,141599
VLO,20090701,17.25,17.59,17.05,17.42,187777
VLO,20090702,17.17,17.17,16.37,16.55,130044
VLO,20090706,16.25,16.67,15.95,16.65,147027
VLO,20090707,16.59,16.61,15.84,15.86,142955
VLO,20090708,16.15,16.20,15.29,15.82,176101
VLO,20090709,16.08,16.29,15.61,15.84,152137
VLO,20090710,15.80,15.94,15.45,15.57,119966
VLO,20090713,15.62,16.27,15.50,16.21,118375
VLO,20090714,16.34,16.66,16.20,16.39,107888
VLO,20090715,16.73,17.05,16.67,17.00,108348
VLO,20090716,16.85,17.25,16.80,17.21,141949
VLO,20090717,17.17,17.48,17.15,17.42,112349
VLO,20090720,17.61,17.85,17.48,17.81,101565
VLO,20090721,17.97,18.15,17.78,17.93,118996
VLO,20090722,17.74,17.90,17.60,17.72,126683
VLO,20090723,17.85,18.39,17.84,18.32,122098
VLO,20090724,18.14,18.46,17.97,18.31,121284
VLO,20090727,18.35,18.91,18.15,18.77,157327
VLO,20090728,18.26,18.42,17.75,18.32,220395
VLO,20090729,17.98,18.02,17.35,17.70,138683
VLO,20090730,17.90,18.20,17.67,18.04,116321
VLO,20090731,17.79,18.21,17.78,18.00,116453
VLO,20090803,18.30,18.69,18.16,18.64,120500
VLO,20090804,18.47,18.84,18.36,18.73,82567
VLO,20090805,18.65,18.99,18.54,18.83,119701
VLO,20090806,18.75,18.97,18.60,18.70,127924
VLO,20090807,18.97,18.98,18.50,18.52,137595
VLO,20090810,18.27,18.57,18.18,18.52,80990
VLO,20090811,18.41,18.48,18.00,18.21,94860
VLO,20090812,18.12,18.35,17.98,18.07,82473
VLO,20090813,18.22,18.35,18.02,18.21,100976
VLO,20090814,18.21,18.30,17.63,17.79,86064
VLO,20090817,17.23,17.45,17.05,17.15,73506
VLO,20090818,17.20,17.38,17.15,17.25,95646
VLO,20090819,17.06,17.71,17.05,17.65,85369
VLO,20090820,17.52,18.00,17.52,17.95,95821
VLO,20090821,18.20,18.60,18.14,18.49,131398
VLO,20090824,18.85,19.37,18.62,18.91,122894
VLO,20090825,19.16,19.19,18.81,18.89,103720
VLO,20090826,18.75,19.18,18.70,19.00,83911
VLO,20090827,18.83,19.13,18.56,19.04,75960
VLO,20090828,19.08,19.18,18.80,19.00,68061
VLO,20090831,18.65,18.75,18.36,18.74,93963
VLO,20090901,18.61,18.97,18.18,18.23,78238
VLO,20090902,18.03,18.29,17.91,17.94,95732
VLO,20090903,18.05,18.19,17.78,18.12,64310
VLO,20090904,17.97,18.40,17.96,18.36,50035
VLO,20090908,18.49,18.91,18.45,18.75,108026
VLO,20090909,18.68,18.79,18.33,18.41,96647
VLO,20090910,18.31,18.75,18.15,18.75,116129
VLO,20090911,18.85,19.19,18.67,18.93,82553
VLO,20090914,18.77,19.15,18.71,19.07,75506
VLO,20090915,19.19,19.25,18.67,18.88,104414
VLO,20090916,18.90,19.23,18.78,19.23,108483
VLO,20090917,19.19,21.10,19.07,20.50,402688
VLO,20090918,20.80,21.08,20.07,20.22,218891
VLO,20090921,20.09,20.21,19.79,20.14,94041
VLO,20090922,20.49,20.82,20.14,20.35,124992
VLO,20090923,20.41,20.49,19.78,19.82,105970
VLO,20090924,19.79,19.79,18.79,18.93,126763
VLO,20090925,18.98,19.83,18.98,19.46,151776
VLO,20090928,19.61,20.02,19.39,19.71,87918
VLO,20090929,19.61,19.84,19.39,19.46,95817
VLO,20090930,19.63,19.79,18.90,19.39,164498
VLO,20091001,19.46,19.70,18.99,18.99,97191
VLO,20091002,18.75,18.87,18.45,18.63,81945
VLO,20091005,18.30,19.34,18.05,19.24,135942
VLO,20091006,19.51,19.70,18.95,19.16,92785
VLO,20091007,19.02,19.66,19.00,19.31,78909
VLO,20091008,19.42,19.67,19.18,19.60,101672
VLO,20091009,19.49,19.60,19.16,19.38,46897
VLO,20091012,19.49,19.78,19.15,19.18,94218
VLO,20091013,19.21,19.40,18.90,19.18,111594
VLO,20091014,18.96,19.14,18.53,18.81,153800
VLO,20091015,18.68,20.15,18.68,20.15,250961
VLO,20091016,20.07,20.11,19.60,19.74,170505
VLO,20091019,19.89,20.01,19.62,19.66,101429
VLO,20091020,19.65,20.44,19.60,20.11,179713
VLO,20091021,19.94,20.93,19.92,20.14,212868
VLO,20091022,20.11,20.42,19.75,20.12,111521
VLO,20091023,20.75,21.78,20.62,20.67,206535
VLO,20091026,20.68,21.39,20.27,20.27,162706
VLO,20091027,19.87,20.64,19.00,19.39,226387
VLO,20091028,19.69,19.88,18.61,18.70,145328
VLO,20091029,18.88,19.16,18.67,18.94,95920
VLO,20091030,18.95,19.04,17.91,18.10,123754
VLO,20091102,18.15,18.32,17.41,17.75,151483
VLO,20091103,17.52,18.05,17.34,17.96,99301
VLO,20091104,18.11,18.32,17.58,17.70,93888
VLO,20091105,17.88,17.96,17.62,17.72,82398
VLO,20091106,17.56,17.80,17.11,17.29,117637
VLO,20091109,17.45,17.61,17.14,17.33,110726
VLO,20091110,17.38,17.45,17.06,17.28,120433
VLO,20091111,17.36,17.69,17.28,17.45,90155
VLO,20091112,17.36,17.49,17.01,17.01,97859
VLO,20091113,17.04,17.26,16.81,17.06,100178
VLO,20091116,17.13,17.48,17.01,17.07,124992
VLO,20091117,17.01,17.07,16.74,16.88,104640
VLO,20091118,16.92,17.15,16.74,16.82,100775
VLO,20091119,16.74,16.80,16.27,16.36,110857
VLO,20091120,16.60,16.74,16.36,16.47,127119
VLO,20091123,16.66,16.75,16.18,16.23,130746
VLO,20091124,16.34,16.37,15.95,16.01,148811
VLO,20091125,16.10,16.37,15.95,16.35,90079
VLO,20091127,15.97,16.17,15.76,16.00,59065
VLO,20091130,16.05,16.07,15.80,15.89,115968
VLO,20091201,15.99,16.23,15.91,16.08,95428
VLO,20091202,16.13,16.19,15.93,16.01,121806
VLO,20091203,15.96,16.25,15.96,15.97,111101
VLO,20091204,16.26,16.48,16.02,16.41,146454
VLO,20091207,16.46,16.68,16.15,16.36,100742
VLO,20091208,16.22,16.46,16.12,16.20,80650
VLO,20091209,16.31,16.61,16.16,16.27,97156
VLO,20091210,16.32,16.82,16.32,16.75,112087
VLO,20091211,16.84,16.89,16.48,16.61,73225
VLO,20091214,16.81,16.97,16.72,16.79,69365
VLO,20091215,16.80,17.07,16.68,16.77,73840
VLO,20091216,16.92,17.05,16.69,16.71,73249
VLO,20091217,16.63,16.96,16.63,16.69,81770
VLO,20091218,16.74,16.94,16.65,16.69,81814
VLO,20091221,16.76,17.16,16.72,17.10,69684
VLO,20091222,17.10,17.15,16.93,17.04,49861
VLO,20091223,16.97,17.14,16.69,16.91,71447
VLO,20091224,16.94,17.09,16.81,17.06,19695
VLO,20091228,17.02,17.12,16.72,16.81,47274
VLO,20091229,16.81,16.89,16.73,16.80,46042
VLO,20091230,16.74,16.94,16.74,16.86,44135
VLO,20091231,16.90,16.94,16.62,16.75,43844
VLO,20100104,17.25,17.94,17.11,17.89,141320
VLO,20100105,18.12,18.57,17.97,18.35,156191
VLO,20100106,18.39,19.02,18.16,18.81,154452
VLO,20100107,18.78,19.05,18.38,18.95,110412
VLO,20100108,18.93,18.98,18.53,18.69,127192
VLO,20100111,18.86,18.93,18.22,18.51,99859
VLO,20100112,18.17,18.28,17.79,18.21,97292
VLO,20100113,18.20,18.20,17.66,18.06,149311
VLO,20100114,18.06,18.37,17.90,18.27,86115
VLO,20100115,18.25,18.79,18.15,18.77,196312
VLO,20100119,18.75,18.93,18.57,18.87,123570
VLO,20100120,18.69,19.22,18.62,19.12,175796
VLO,20100121,19.08,19.21,18.53,18.90,133625
VLO,20100122,18.69,18.75,18.09,18.18,140459
VLO,20100125,18.33,18.55,18.05,18.35,98561
VLO,20100126,18.26,19.05,18.18,19.02,205088
VLO,20100127,18.84,19.06,18.33,18.69,233123
VLO,20100128,18.65,18.78,18.00,18.43,146821
VLO,20100129,18.46,19.05,18.39,18.42,149363
VLO,20100201,18.66,19.19,18.65,19.16,119916
VLO,20100202,19.21,19.31,18.82,19.26,115251
VLO,20100203,18.93,19.15,18.64,18.94,81471
VLO,20100204,18.64,18.72,18.08,18.11,95705
VLO,20100205,18.05,18.17,17.49,18.16,123549
VLO,20100208,18.14,18.22,17.81,17.85,65496
VLO,20100209,18.07,18.29,17.83,18.10,88167
VLO,20100210,18.01,18.11,17.63,18.00,79628
VLO,20100211,18.01,18.09,17.61,18.00,129640
VLO,20100212,17.78,17.80,17.51,17.70,117054
VLO,20100216,17.84,18.03,17.77,17.97,90755
VLO,20100217,18.00,18.10,17.71,17.82,73301
VLO,20100218,17.78,17.87,17.61,17.69,116639
VLO,20100219,17.75,17.94,17.57,17.89,86861
VLO,20100222,17.99,18.00,17.70,17.78,96391
VLO,20100223,17.71,17.78,17.28,17.48,106366
VLO,20100224,17.49,17.79,17.29,17.60,87401
VLO,20100225,17.32,17.45,17.12,17.45,93319
VLO,20100226,17.46,17.78,17.42,17.52,70202
VLO,20100301,17.65,17.76,17.60,17.64,58597
VLO,20100302,17.59,18.42,17.51,18.20,134711
VLO,20100303,18.31,18.84,18.27,18.62,115903
VLO,20100304,18.67,18.86,18.50,18.82,90214
VLO,20100305,18.92,19.63,18.92,19.57,141521
VLO,20100308,19.59,19.88,19.55,19.62,79310
VLO,20100309,19.43,19.70,19.41,19.53,75300
VLO,20100310,19.61,20.59,19.59,20.52,168494
VLO,20100311,20.41,20.91,20.18,20.41,123327
VLO,20100312,20.52,20.58,20.11,20.44,95617
VLO,20100315,20.36,20.42,19.92,20.36,98826
VLO,20100316,20.42,20.60,20.26,20.56,87684
VLO,20100317,20.63,20.97,20.55,20.66,102848
VLO,20100318,20.67,20.84,20.35,20.55,74121
VLO,20100319,20.60,20.66,19.96,20.31,96872
VLO,20100322,19.79,20.38,19.65,20.29,93502
VLO,20100323,20.30,20.36,20.10,20.30,76389
VLO,20100324,20.11,20.76,19.96,20.69,114106
VLO,20100325,20.81,21.00,19.84,19.87,130305
VLO,20100326,20.00,20.07,19.30,19.72,132670
VLO,20100329,19.84,19.99,19.64,19.89,86502
VLO,20100330,19.92,19.96,19.70,19.84,87393
VLO,20100331,19.81,19.82,19.50,19.70,114958
VLO,20100401,19.84,20.21,19.68,20.02,106093
VLO,20100405,20.14,20.66,19.96,20.63,101522
VLO,20100406,20.56,20.84,20.46,20.74,74764
VLO,20100407,20.61,20.61,20.00,20.11,83304
VLO,20100408,19.72,20.21,19.31,20.02,120206
VLO,20100409,20.22,20.45,19.85,20.01,86502
VLO,20100412,19.92,20.00,19.54,19.60,104184
VLO,20100413,19.60,19.83,19.44,19.67,141067
VLO,20100414,19.78,20.38,19.70,20.36,162902
VLO,20100415,20.37,20.42,19.68,19.87,236483
VLO,20100416,19.77,19.80,18.86,19.15,263658
VLO,20100419,19.04,19.36,18.76,19.01,110640
VLO,20100420,19.16,19.67,19.02,19.58,112190
VLO,20100421,19.60,19.75,19.00,19.23,110147
VLO,20100422,19.13,19.48,18.86,19.45,72802
VLO,20100423,19.49,19.91,19.45,19.88,94695
VLO,20100426,19.92,20.32,19.86,20.12,171061
VLO,20100427,20.36,20.58,19.88,19.90,202907
VLO,20100428,20.02,20.45,20.02,20.43,128431
VLO,20100429,20.52,21.24,20.45,21.16,133729
VLO,20100430,21.18,21.49,20.75,20.79,120391
VLO,20100503,21.02,21.42,20.80,21.37,89025
VLO,20100504,21.09,21.09,20.28,20.47,119647
VLO,20100505,20.05,20.85,19.64,20.36,108796
VLO,20100506,20.21,20.32,18.12,19.35,164817
VLO,20100507,19.23,19.57,18.31,18.52,167465
VLO,20100510,19.20,19.84,19.18,19.73,123855
VLO,20100511,19.45,19.96,19.35,19.57,87370
VLO,20100512,19.65,20.61,19.60,20.56,104580
VLO,20100513,20.55,20.86,20.46,20.63,93264
VLO,20100514,20.44,20.52,19.79,20.13,90799
VLO,20100517,20.00,20.27,19.06,19.46,133519
VLO,20100518,19.70,19.96,18.90,19.04,105072
VLO,20100519,18.99,19.09,18.38,18.82,125876
VLO,20100520,18.39,18.47,17.76,17.88,165974
VLO,20100521,17.42,18.32,17.31,18.14,140984
VLO,20100524,17.98,18.24,17.71,17.71,79283
VLO,20100525,17.15,17.41,16.83,17.38,125284
VLO,20100526,17.69,18.02,17.53,17.59,115968
VLO,20100527,17.95,18.83,17.94,18.80,135394
VLO,20100528,18.74,19.00,18.42,18.68,107092
VLO,20100601,18.40,18.92,17.52,17.56,166001
VLO,20100602,17.56,17.83,17.21,17.83,142535
VLO,20100603,17.84,18.25,17.72,18.20,105460
VLO,20100604,17.69,17.91,17.16,17.27,120955
VLO,20100607,17.37,17.47,17.03,17.11,137861
VLO,20100608,16.97,17.32,16.45,16.86,143242
VLO,20100609,16.97,17.05,16.24,16.36,222351
VLO,20100610,16.75,17.30,16.67,17.27,101462
VLO,20100611,17.03,17.28,16.87,17.25,60337
VLO,20100614,17.49,18.15,17.46,17.53,115775
VLO,20100615,17.75,18.23,17.72,18.20,82270
VLO,20100616,18.12,18.22,17.73,18.16,86246
VLO,20100617,18.21,18.25,17.75,17.94,79398
VLO,20100618,18.00,18.07,17.70,17.99,80841
VLO,20100621,18.31,18.59,18.00,18.14,89045
VLO,20100622,18.14,18.26,17.70,17.80,68124
VLO,20100623,17.97,18.21,17.56,18.16,113879
VLO,20100624,18.06,18.25,17.85,18.07,86309
VLO,20100625,18.06,18.92,17.88,18.77,167169
VLO,20100628,18.77,18.80,18.38,18.50,71201
VLO,20100629,18.18,18.26,17.37,17.68,106888
VLO,20100630,17.65,18.37,17.64,17.98,127887
VLO,20100701,18.06,18.14,16.98,17.26,122280
VLO,20100702,17.30,17.46,16.73,16.91,83354
VLO,20100706,17.22,17.56,16.69,16.85,97592
VLO,20100707,16.97,17.66,16.91,17.61,85218
VLO,20100708,17.88,17.98,17.50,17.90,68112
VLO,20100709,17.83,17.96,17.63,17.89,65024
VLO,20100712,17.88,18.03,17.57,17.79,59339
VLO,20100713,18.10,18.20,17.97,18.09,57330
VLO,20100714,17.90,18.03,17.41,17.63,101711
VLO,20100715,17.72,17.95,17.42,17.88,73218
VLO,20100716,17.80,17.84,17.29,17.36,62523
VLO,20100719,17.31,17.37,16.95,17.15,80284
VLO,20100720,17.08,17.32,16.98,17.28,119796
VLO,20100721,17.33,17.44,16.85,17.03,100983
VLO,20100722,17.10,17.38,16.86,17.15,146020
VLO,20100723,17.07,17.15,16.85,17.09,117397
VLO,20100726,17.10,17.64,17.02,17.56,175218
VLO,20100727,18.00,18.15,17.28,17.39,169217
VLO,20100728,17.39,17.62,17.01,17.03,136836
VLO,20100729,17.17,17.30,16.72,16.90,109377
VLO,20100730,16.79,17.05,16.66,16.99,138828
VLO,20100802,17.20,17.26,16.99,17.11,114171
VLO,20100803,17.14,17.75,17.07,17.68,155557
VLO,20100804,17.60,18.04,17.54,17.98,123441
VLO,20100805,17.87,18.39,17.71,18.31,109070
VLO,20100806,18.10,18.32,17.67,18.06,85660
VLO,20100809,18.11,18.27,18.07,18.23,48473
VLO,20100810,18.08,18.13,17.78,17.99,83204
VLO,20100811,17.63,17.70,17.08,17.14,86098
VLO,20100812,17.10,17.17,16.89,16.93,111651
VLO,20100813,16.91,17.18,16.85,16.85,85040
VLO,20100816,16.80,16.98,16.71,16.90,82292
VLO,20100817,17.03,17.06,16.60,16.74,111503
VLO,20100818,16.73,17.20,16.63,17.04,94032
VLO,20100819,16.96,17.10,16.60,16.75,93567
VLO,20100820,16.67,16.71,16.29,16.54,84005
VLO,20100823,16.55,16.80,16.31,16.37,70269
VLO,20100824,16.19,16.30,16.03,16.19,112327
VLO,20100825,16.01,16.13,15.72,16.07,103034
VLO,20100826,16.15,16.19,15.55,15.65,126297
VLO,20100827,15.72,16.15,15.49,16.10,78066
VLO,20100830,16.10,16.30,16.02,16.02,75909
VLO,20100831,15.90,16.09,15.65,15.77,82669
VLO,20100901,16.01,16.33,15.91,16.20,81654
VLO,20100902,16.25,16.74,16.21,16.64,80194
VLO,20100903,16.90,16.99,16.74,16.94,55860
VLO,20100907,16.74,17.11,16.60,16.92,91968
VLO,20100908,16.95,17.12,16.76,16.87,47460
VLO,20100909,17.05,17.09,16.76,16.83,31234
VLO,20100910,16.91,17.25,16.89,16.96,62672
VLO,20100913,17.10,17.39,16.99,17.36,64681
VLO,20100914,17.30,17.51,17.14,17.42,56614
VLO,20100915,17.32,17.38,17.02,17.34,51379
VLO,20100916,17.18,17.37,17.13,17.21,52664
VLO,20100917,17.33,17.33,16.95,16.99,78414
VLO,20100920,17.02,17.33,16.96,17.24,68436
VLO,20100921,17.20,17.33,17.03,17.15,62761
VLO,20100922,17.05,17.24,16.73,16.77,81426
VLO,20100923,16.66,16.85,16.57,16.64,60871
VLO,20100924,16.82,16.97,16.75,16.82,67936
VLO,20100927,16.79,17.10,16.71,16.88,56048
VLO,20100928,16.88,17.15,16.80,17.07,68584
VLO,20100929,16.98,17.50,16.98,17.27,82199
VLO,20100930,17.44,17.60,17.21,17.51,87026
VLO,20101001,17.72,17.77,17.45,17.65,56690
VLO,20101004,17.60,17.65,17.17,17.25,44212
VLO,20101005,17.41,17.70,17.35,17.58,52747
VLO,20101006,17.50,17.70,17.31,17.44,58293
VLO,20101007,17.54,17.72,17.43,17.67,50779
VLO,20101008,17.64,17.99,17.55,17.89,43624
VLO,20101011,17.94,18.16,17.87,18.09,46139
VLO,20101012,18.00,18.03,17.72,17.97,46280
VLO,20101013,18.05,18.50,18.04,18.26,76498
VLO,20101014,18.45,18.68,18.00,18.16,64484
VLO,20101015,18.34,18.34,17.93,18.10,55287
VLO,20101018,18.04,18.50,17.93,18.45,59276
VLO,20101019,18.16,18.32,17.93,18.04,64201
VLO,20101020,18.06,18.24,17.93,18.15,55101
VLO,20101021,18.17,18.20,17.52,17.69,87766
VLO,20101022,17.67,17.78,17.55,17.65,36709
VLO,20101025,17.75,17.97,17.71,17.77,54825
VLO,20101026,17.98,18.22,17.56,18.00,102753
VLO,20101027,17.98,18.33,17.90,18.20,88491
VLO,20101028,18.30,18.52,18.22,18.22,50133
VLO,20101029,18.17,18.24,17.79,17.95,53259
VLO,20101101,18.16,18.29,17.77,17.82,51780
VLO,20101102,18.01,18.10,17.84,18.00,54784
VLO,20101103,18.07,18.26,17.83,18.14,58814
VLO,20101104,18.37,18.97,18.33,18.93,92155
VLO,20101105,18.95,19.22,18.83,19.14,72788
VLO,20101108,19.08,19.25,18.96,19.20,47559
VLO,20101109,19.23,19.37,19.07,19.14,68670
VLO,20101110,19.14,19.57,18.92,19.54,86038
VLO,20101111,19.51,19.98,19.39,19.96,105870
VLO,20101112,19.77,20.20,19.66,19.97,95446
VLO,20101115,19.99,19.99,19.48,19.52,66596
VLO,20101116,19.30,19.44,18.62,18.76,126468
VLO,20101117,18.74,19.32,18.65,19.10,61015
VLO,20101118,19.33,19.93,19.30,19.76,80430
VLO,20101119,19.73,19.73,19.27,19.57,76711
VLO,20101122,19.42,19.75,19.20,19.69,62832
VLO,20101123,19.53,19.62,19.21,19.36,80673
VLO,20101124,19.50,19.87,19.41,19.84,65537
VLO,20101126,19.64,19.72,19.40,19.56,25056
VLO,20101129,19.45,19.64,19.23,19.57,59773
VLO,20101130,19.31,19.66,19.24,19.48,78238
VLO,20101201,19.70,20.23,19.69,20.16,87058
VLO,20101202,20.25,20.78,20.15,20.73,102671
VLO,20101203,20.57,21.12,20.50,21.08,103885
VLO,20101206,20.98,21.30,20.90,20.98,83664
VLO,20101207,21.23,21.44,21.14,21.24,96140
VLO,20101208,21.27,21.44,20.78,21.09,103299
VLO,20101209,21.17,21.26,20.79,20.99,58378
VLO,20101210,21.09,21.66,21.03,21.62,81651
VLO,20101213,21.78,21.80,21.34,21.36,71969
VLO,20101214,21.49,21.54,21.19,21.40,64847
VLO,20101215,21.37,21.54,21.05,21.05,68286
VLO,20101216,21.12,21.37,20.90,21.31,58125
VLO,20101217,21.24,21.38,21.06,21.08,84698
VLO,20101220,21.25,22.19,21.19,22.18,98558
VLO,20101221,22.36,22.84,21.98,22.80,108336
VLO,20101222,22.86,23.00,22.67,22.72,83762
VLO,20101223,22.86,23.05,22.63,23.02,58769
VLO,20101227,22.96,23.05,22.75,23.01,56112
VLO,20101228,23.03,23.23,22.88,22.91,38693
VLO,20101229,22.96,23.50,22.87,23.35,48584
VLO,20101230,23.41,23.48,23.08,23.14,46848
VLO,20101231,23.12,23.70,23.00,23.12,45439
VLO,20110103,23.48,23.79,23.37,23.75,58476
VLO,20110104,23.80,23.89,23.01,23.19,91335
VLO,20110105,23.13,23.82,23.03,23.76,103956
VLO,20110106,23.88,23.99,23.46,23.78,76105
VLO,20110107,23.77,23.94,23.50,23.83,61802
VLO,20110110,23.58,23.90,23.43,23.73,8456700
VLO,20110111,23.85,24.34,23.80,24.16,8986100
VLO,20110112,24.42,24.81,24.30,24.56,11787500
VLO,20110113,24.65,25.18,24.57,25.04,10738400
VLO,20110114,25.09,25.09,24.45,24.99,10494600
VLO,20110118,25.09,25.57,24.89,25.57,8484500
VLO,20110119,25.51,25.57,24.69,24.78,9278000
VLO,20110120,24.55,24.70,23.52,24.08,13642100
VLO,20110121,24.01,24.36,23.85,24.13,11244800
VLO,20110124,24.14,24.44,23.94,24.41,7035000
VLO,20110125,24.32,24.43,23.95,24.32,10461800
VLO,20110126,24.59,25.39,24.53,25.30,11298000
VLO,20110127,25.48,25.79,25.05,25.37,8836000
VLO,20110128,25.35,25.49,25.01,25.15,10183100
VLO,20110131,25.45,25.51,25.18,25.36,10609200
VLO,20110201,25.75,26.10,25.58,26.06,12598200
VLO,20110202,26.03,26.99,25.98,26.43,11737600
VLO,20110203,26.26,26.40,25.53,26.11,9964300
VLO,20110204,26.23,26.64,26.05,26.53,9044500
VLO,20110207,27.11,28.03,27.07,27.30,11858400
VLO,20110208,27.38,28.06,27.01,28.00,11860800
VLO,20110209,27.91,28.08,27.10,27.35,12388400
VLO,20110210,27.01,28.13,26.49,28.08,14004400
VLO,20110211,28.22,28.48,27.57,27.97,16642100
VLO,20110214,27.91,29.51,27.87,29.08,15203000
VLO,20110215,29.14,29.25,28.21,28.45,13527400
VLO,20110216,29.23,29.61,29.04,29.18,17353300
VLO,20110217,29.54,30.42,29.23,30.29,17488500
VLO,20110218,30.01,30.24,29.32,29.42,17775300
VLO,20110222,29.13,29.50,28.15,28.17,15577000
VLO,20110223,28.20,28.54,26.70,27.75,22783500
VLO,20110224,27.27,27.59,26.52,26.80,17521100
VLO,20110225,27.24,28.58,27.15,28.56,13797800
VLO,20110228,28.73,28.87,27.85,28.18,11362300
VLO,20110301,28.17,28.35,26.87,26.98,11836200
VLO,20110302,26.99,27.13,26.30,26.90,12045700
VLO,20110303,27.41,29.03,27.29,28.98,20937200
VLO,20110304,28.98,29.05,28.43,28.67,12323200
VLO,20110307,28.75,28.80,27.40,27.83,9883200
VLO,20110308,27.89,27.89,26.87,27.19,8805000
VLO,20110309,27.16,27.82,26.89,27.71,11303200
VLO,20110310,27.25,27.27,25.60,26.32,16738100
VLO,20110311,27.06,28.13,26.53,27.98,16067900
VLO,20110314,28.44,29.35,27.99,28.89,18133900
VLO,20110315,27.48,28.30,27.30,27.91,15345900
VLO,20110316,27.92,28.29,27.11,27.44,15837400
VLO,20110317,27.92,28.20,27.70,27.91,11057200
VLO,20110318,28.30,28.39,27.30,27.34,13231400
VLO,20110321,27.89,28.31,27.59,28.30,7029000
VLO,20110322,28.31,28.40,27.65,28.10,7280300
VLO,20110323,28.01,29.12,27.91,28.83,13813600
VLO,20110324,29.11,29.15,28.20,28.79,11560300
VLO,20110325,29.01,30.00,28.99,29.93,11353400
VLO,20110328,30.02,30.08,29.47,29.57,7420700
VLO,20110329,29.84,30.47,29.29,30.44,9689600
VLO,20110330,30.85,30.96,30.13,30.73,11642400
VLO,20110331,30.19,30.68,29.80,29.82,11217100
VLO,20110401,30.06,30.27,29.79,30.02,8863100
VLO,20110404,30.16,30.28,29.93,30.07,7067600
VLO,20110405,30.30,30.70,30.08,30.50,10266500
VLO,20110406,30.74,31.12,29.74,29.82,12782500
VLO,20110407,29.62,29.67,28.67,28.99,11694900
VLO,20110408,29.04,29.20,27.71,28.19,19278000
VLO,20110411,28.12,28.56,27.52,27.56,12333000
VLO,20110412,27.27,27.89,26.90,27.16,14386500
VLO,20110413,27.48,28.12,27.33,27.99,10554400
VLO,20110414,27.71,27.78,27.12,27.60,9491500
VLO,20110415,27.72,27.81,27.34,27.54,7239200
VLO,20110418,27.16,27.29,26.65,27.08,8363100
VLO,20110419,26.94,27.79,26.77,27.74,13678400
VLO,20110420,28.12,28.45,27.96,28.37,10321600
VLO,20110421,28.53,29.10,28.45,29.03,10008100
VLO,20110425,28.90,29.35,28.51,29.11,12283600
VLO,20110426,29.31,29.55,27.84,28.02,21236400
