VRTX,20090115,30.11,31.10,29.17,30.86,16261
VRTX,20090116,31.00,31.36,30.07,30.75,20457
VRTX,20090120,30.84,31.99,29.38,29.48,24496
VRTX,20090121,29.91,31.60,29.78,31.53,26566
VRTX,20090122,30.76,31.75,30.50,30.98,13877
VRTX,20090123,30.45,31.70,30.27,30.94,11062
VRTX,20090126,31.01,32.13,31.01,31.43,14279
VRTX,20090127,31.56,31.89,31.03,31.64,18007
VRTX,20090128,31.59,32.99,31.44,32.54,13716
VRTX,20090129,32.30,33.98,32.19,33.72,27930
VRTX,20090130,33.67,33.84,32.98,33.05,19485
VRTX,20090202,32.85,32.97,32.29,32.75,23892
VRTX,20090203,32.79,33.24,31.99,33.20,18455
VRTX,20090204,32.89,34.17,32.89,33.39,14324
VRTX,20090205,33.10,34.20,32.91,33.96,14903
VRTX,20090206,35.01,35.97,34.59,35.00,27948
VRTX,20090209,34.67,34.80,32.94,33.53,21414
VRTX,20090210,33.20,33.20,30.66,31.49,35785
VRTX,20090211,31.62,32.26,31.27,31.88,14546
VRTX,20090212,31.56,33.29,31.46,33.29,17205
VRTX,20090213,33.30,33.70,32.73,33.29,13145
VRTX,20090217,32.52,33.49,32.36,33.10,17468
VRTX,20090218,33.27,33.35,32.10,32.56,13580
VRTX,20090219,33.10,34.34,33.00,33.70,47056
VRTX,20090220,33.34,33.80,32.88,33.06,26364
VRTX,20090223,33.18,33.50,32.82,32.89,22713
VRTX,20090224,33.15,33.68,32.81,33.58,23257
VRTX,20090225,33.43,34.25,32.76,33.06,24339
VRTX,20090226,33.13,33.46,32.18,33.00,38020
VRTX,20090227,32.46,32.72,29.56,30.14,50512
VRTX,20090302,28.86,29.16,26.67,27.23,37682
VRTX,20090303,27.23,28.48,27.23,27.96,31914
VRTX,20090304,29.14,29.39,27.44,28.03,36496
VRTX,20090305,28.17,28.69,27.48,27.96,27376
VRTX,20090306,28.04,28.59,27.56,27.77,29779
VRTX,20090309,27.55,28.25,26.89,26.96,19428
VRTX,20090310,27.45,28.75,27.12,28.44,25627
VRTX,20090311,28.57,29.02,27.05,27.15,22589
VRTX,20090312,27.07,29.53,27.00,29.26,20039
VRTX,20090313,29.26,29.60,28.46,29.10,17309
VRTX,20090316,28.50,29.65,27.34,27.46,33289
VRTX,20090317,27.64,28.90,27.42,28.76,27908
VRTX,20090318,28.90,29.80,28.35,29.50,41448
VRTX,20090319,29.75,30.00,28.75,29.33,22082
VRTX,20090320,29.32,30.14,28.69,28.79,38843
VRTX,20090323,29.50,30.29,29.04,30.12,17657
VRTX,20090324,29.56,30.22,29.23,29.32,12804
VRTX,20090325,29.54,30.02,28.37,29.17,15098
VRTX,20090326,29.68,30.19,29.11,30.18,28084
VRTX,20090327,29.65,30.00,29.39,29.43,15581
VRTX,20090330,29.02,29.41,28.22,28.67,23717
VRTX,20090331,28.89,29.33,28.36,28.73,19183
VRTX,20090401,28.46,28.52,27.81,28.48,17875
VRTX,20090402,28.48,28.83,28.17,28.34,19050
VRTX,20090403,28.75,28.75,26.91,27.33,19684
VRTX,20090406,26.92,27.24,26.42,27.05,20140
VRTX,20090407,26.77,26.81,26.03,26.23,14206
VRTX,20090408,26.69,26.75,26.14,26.56,17581
VRTX,20090409,26.90,27.17,26.43,26.87,17180
VRTX,20090413,26.50,27.36,26.42,27.31,15800
VRTX,20090414,27.31,28.92,27.02,27.45,37387
VRTX,20090415,27.19,27.43,26.56,27.06,20820
VRTX,20090416,27.37,28.37,27.11,27.83,23290
VRTX,20090417,27.93,28.43,27.27,28.03,23363
VRTX,20090420,27.43,28.22,27.43,27.61,23090
VRTX,20090421,27.65,27.98,26.41,27.02,20480
VRTX,20090422,26.61,27.65,26.51,26.83,19968
VRTX,20090423,26.00,26.73,25.94,26.62,23320
VRTX,20090424,26.92,27.30,26.38,27.04,23754
VRTX,20090427,27.30,29.39,27.30,29.02,37113
VRTX,20090428,28.85,32.20,28.58,31.88,60682
VRTX,20090429,32.26,32.35,31.26,32.10,25726
VRTX,20090430,32.46,32.80,30.45,30.82,31793
VRTX,20090501,30.83,30.86,29.85,30.26,16896
VRTX,20090504,30.50,31.00,29.78,30.51,15636
VRTX,20090505,30.60,30.60,29.63,30.20,14303
VRTX,20090506,30.22,30.32,28.67,28.79,20135
VRTX,20090507,28.71,29.26,28.57,29.09,20645
VRTX,20090508,28.89,30.65,28.89,30.45,23040
VRTX,20090511,30.02,30.95,29.63,30.68,20690
VRTX,20090512,31.00,31.05,29.71,29.93,13981
VRTX,20090513,29.74,30.12,28.73,28.98,15929
VRTX,20090514,29.09,29.80,28.55,28.96,18758
VRTX,20090515,28.73,28.96,28.12,28.54,12034
VRTX,20090518,28.60,29.14,28.07,29.10,15187
VRTX,20090519,29.00,29.47,28.70,29.34,12277
VRTX,20090520,29.44,29.55,29.03,29.47,22851
VRTX,20090521,29.36,29.44,28.56,28.85,19124
VRTX,20090522,28.87,29.14,28.61,29.05,11561
VRTX,20090526,28.51,29.81,28.15,29.62,15142
VRTX,20090527,29.59,29.93,29.05,29.16,25325
VRTX,20090528,29.21,29.35,28.57,28.78,11500
VRTX,20090529,28.81,29.82,28.18,29.77,24578
VRTX,20090601,30.00,30.20,29.59,30.04,17104
VRTX,20090602,29.14,31.00,29.03,30.83,19479
VRTX,20090603,30.70,31.64,30.41,31.52,18013
VRTX,20090604,31.68,31.78,30.29,30.40,16081
VRTX,20090605,30.64,30.85,30.15,30.78,10982
VRTX,20090608,30.45,31.06,30.19,30.80,14273
VRTX,20090609,31.01,31.05,30.37,30.55,10330
VRTX,20090610,30.63,30.85,29.84,30.13,16337
VRTX,20090611,30.14,31.08,30.14,30.92,15929
VRTX,20090612,30.74,31.65,30.66,31.53,14243
VRTX,20090615,31.40,31.40,30.69,30.95,13372
VRTX,20090616,31.38,31.54,30.50,30.71,8659
VRTX,20090617,30.68,32.30,30.68,31.87,17207
VRTX,20090618,31.74,32.80,31.46,32.77,15896
VRTX,20090619,33.14,33.64,32.96,33.36,21630
VRTX,20090622,33.00,33.27,32.46,33.11,17297
VRTX,20090623,33.09,34.02,32.78,33.78,26526
VRTX,20090624,33.70,34.30,33.13,34.01,16162
VRTX,20090625,33.66,35.00,33.31,34.96,17850
VRTX,20090626,35.14,36.20,34.85,36.04,38106
VRTX,20090629,35.89,36.30,35.11,36.00,23829
VRTX,20090630,36.00,36.19,35.27,35.97,18099
VRTX,20090701,35.61,35.93,34.42,34.56,18129
VRTX,20090702,34.13,34.27,33.77,33.95,14615
VRTX,20090706,33.71,34.49,33.61,33.92,12869
VRTX,20090707,33.90,34.28,33.04,33.07,13793
VRTX,20090708,33.40,34.03,33.29,33.67,16319
VRTX,20090709,33.34,34.07,33.23,33.39,10446
VRTX,20090710,33.14,33.56,32.39,32.89,10509
VRTX,20090713,32.85,33.13,31.85,32.99,11270
VRTX,20090714,32.84,33.08,32.34,32.40,13962
VRTX,20090715,32.50,33.16,32.42,32.98,15949
VRTX,20090716,32.89,33.73,32.83,33.23,14552
VRTX,20090717,33.41,33.86,32.58,33.53,8861
VRTX,20090720,33.33,33.93,32.95,33.46,11452
VRTX,20090721,33.71,34.06,33.05,34.03,12869
VRTX,20090722,33.96,34.50,33.58,34.05,11154
VRTX,20090723,33.77,35.94,33.43,35.49,16888
VRTX,20090724,35.19,35.98,35.01,35.97,9157
VRTX,20090727,35.57,36.00,35.45,35.93,7437
VRTX,20090728,35.85,36.12,35.47,36.09,9816
VRTX,20090729,36.01,36.98,35.93,36.23,11833
VRTX,20090730,36.59,36.74,35.89,36.09,12580
VRTX,20090731,36.17,36.67,35.69,36.01,9277
VRTX,20090803,36.26,36.50,35.81,36.48,10325
VRTX,20090804,36.39,38.31,36.18,37.75,27522
VRTX,20090805,37.80,37.98,36.76,36.95,22527
VRTX,20090806,36.58,36.79,34.56,34.91,27125
VRTX,20090807,35.23,35.90,34.61,34.84,15561
VRTX,20090810,34.58,34.89,34.33,34.52,13434
VRTX,20090811,34.32,34.95,33.70,33.82,13264
VRTX,20090812,33.78,34.59,33.61,33.99,12730
VRTX,20090813,34.11,34.78,33.91,34.50,13294
VRTX,20090814,34.33,34.87,33.83,34.32,9835
VRTX,20090817,33.82,34.00,33.50,33.76,13701
VRTX,20090818,33.82,34.60,33.19,34.56,15273
VRTX,20090819,34.31,36.09,34.26,36.09,18937
VRTX,20090820,36.12,36.34,35.77,36.32,9135
VRTX,20090821,36.46,37.29,36.07,37.16,15622
VRTX,20090824,37.15,37.15,36.40,36.81,9175
VRTX,20090825,36.73,37.02,36.47,36.74,12465
VRTX,20090826,36.32,37.05,36.32,36.76,10573
VRTX,20090827,36.87,37.40,36.15,37.37,14703
VRTX,20090828,37.40,37.64,36.82,37.34,8022
VRTX,20090831,36.94,37.45,36.48,37.41,17175
VRTX,20090901,37.17,38.25,36.57,36.87,15318
VRTX,20090902,36.86,37.00,35.79,35.85,14124
VRTX,20090903,36.07,36.07,35.33,35.95,11518
VRTX,20090904,36.08,36.58,35.66,36.32,9863
VRTX,20090908,36.31,36.81,35.87,36.71,9339
VRTX,20090909,36.69,37.31,36.54,36.92,14146
VRTX,20090910,36.90,37.07,35.81,36.04,21002
VRTX,20090911,36.05,36.45,35.62,35.92,15184
VRTX,20090914,35.76,36.91,35.75,36.90,9003
VRTX,20090915,36.76,37.08,36.28,36.98,10148
VRTX,20090916,36.91,37.21,36.44,37.20,16948
VRTX,20090917,37.25,38.50,37.14,37.95,18423
VRTX,20090918,37.89,38.19,37.25,37.55,24544
VRTX,20090921,37.45,38.21,37.27,38.11,11614
VRTX,20090922,38.17,38.17,36.83,36.98,14016
VRTX,20090923,37.24,37.24,36.32,36.50,10875
VRTX,20090924,36.56,36.65,35.51,36.03,9921
VRTX,20090925,36.13,36.87,35.97,36.39,9480
VRTX,20090928,36.65,37.77,36.40,37.69,11094
VRTX,20090929,37.68,38.00,37.20,37.79,17048
VRTX,20090930,37.71,38.15,37.00,37.90,12178
VRTX,20091001,36.88,37.06,34.21,34.21,47974
VRTX,20091002,34.58,35.61,34.36,34.99,29475
VRTX,20091005,35.02,35.37,33.78,33.78,31840
VRTX,20091006,34.00,34.60,33.19,33.75,19392
VRTX,20091007,33.75,34.14,33.47,33.75,19345
VRTX,20091008,34.13,34.14,33.00,33.16,25171
VRTX,20091009,33.14,33.84,32.87,33.75,22823
VRTX,20091012,34.00,34.15,33.32,33.46,12823
VRTX,20091013,33.51,33.87,33.40,33.62,13472
VRTX,20091014,33.84,34.58,33.65,34.32,21613
VRTX,20091015,34.17,35.49,34.08,35.26,25319
VRTX,20091016,35.25,35.45,34.74,34.85,22541
VRTX,20091019,34.85,35.02,34.10,34.83,15099
VRTX,20091020,34.46,34.58,32.99,33.23,25243
VRTX,20091021,33.02,33.49,32.88,32.90,23368
VRTX,20091022,32.90,33.19,32.82,32.91,19813
VRTX,20091023,32.74,32.91,32.33,32.50,24966
VRTX,20091026,32.45,32.67,31.83,32.11,25899
VRTX,20091027,32.19,33.70,31.93,33.37,38585
VRTX,20091028,33.60,34.66,33.09,33.10,37562
VRTX,20091029,33.40,34.08,33.24,33.85,28217
VRTX,20091030,33.73,34.80,33.55,33.56,39176
VRTX,20091102,37.13,38.68,36.01,36.15,92372
VRTX,20091103,36.12,37.25,36.04,36.91,30425
VRTX,20091104,37.78,38.17,36.82,36.89,29692
VRTX,20091105,36.94,38.75,36.92,38.74,37990
VRTX,20091106,38.60,39.50,38.09,39.22,30769
VRTX,20091109,39.22,40.00,39.07,39.99,26858
VRTX,20091110,39.56,41.13,39.50,40.69,33081
VRTX,20091111,40.65,41.75,40.65,41.10,41342
VRTX,20091112,41.18,41.30,40.07,40.84,20748
VRTX,20091113,40.79,41.05,40.45,40.58,19821
VRTX,20091116,40.52,41.00,40.41,40.50,25609
VRTX,20091117,40.05,40.60,39.71,40.54,22273
VRTX,20091118,40.50,40.54,39.26,39.51,17734
VRTX,20091119,39.55,39.77,38.71,38.92,23454
VRTX,20091120,38.70,39.15,38.54,38.54,15908
VRTX,20091123,38.96,39.73,38.66,39.36,14371
VRTX,20091124,39.17,39.42,38.49,39.06,12514
VRTX,20091125,39.13,39.68,39.11,39.38,9065
VRTX,20091127,38.55,39.38,38.42,39.00,5449
VRTX,20091130,39.00,39.12,38.42,38.82,15961
VRTX,20091201,39.06,40.20,38.82,39.86,17819
VRTX,20091202,39.70,40.05,39.34,39.49,14043
VRTX,20091203,39.98,40.39,38.97,40.22,76322
VRTX,20091204,40.23,40.44,39.16,39.63,22926
VRTX,20091207,39.70,39.80,38.89,39.19,12998
VRTX,20091208,39.00,39.85,38.67,39.82,17252
VRTX,20091209,39.64,40.28,39.13,40.18,18680
VRTX,20091210,40.16,40.62,39.80,40.29,14539
VRTX,20091211,40.39,40.59,39.40,39.90,13492
VRTX,20091214,39.76,40.64,39.72,40.60,14322
VRTX,20091215,40.37,41.57,40.22,41.56,31329
VRTX,20091216,41.62,42.52,41.31,42.51,28272
VRTX,20091217,42.27,42.61,41.13,41.13,25742
VRTX,20091218,41.10,42.35,41.00,42.34,57473
VRTX,20091221,42.30,42.72,41.74,42.15,20166
VRTX,20091222,42.15,43.02,42.02,42.90,14711
VRTX,20091223,43.01,43.16,42.55,42.65,11742
VRTX,20091224,42.67,43.04,42.35,43.04,2831
VRTX,20091228,43.00,43.53,42.92,43.22,7420
VRTX,20091229,43.40,43.53,43.09,43.35,10818
VRTX,20091230,43.53,44.04,43.38,43.55,9215
VRTX,20091231,43.49,43.58,42.81,42.85,8645
VRTX,20100104,42.85,44.24,42.80,44.24,17449
VRTX,20100105,43.06,43.35,42.50,42.78,24565
VRTX,20100106,42.51,42.87,41.86,42.03,23136
VRTX,20100107,42.00,42.49,41.44,41.50,18732
VRTX,20100108,41.45,41.50,40.41,40.67,36879
VRTX,20100111,40.81,42.13,40.50,41.83,21931
VRTX,20100112,41.87,42.61,41.11,41.79,21794
VRTX,20100113,41.80,42.94,41.60,42.72,16012
VRTX,20100114,42.48,42.69,41.11,41.30,18925
VRTX,20100115,41.74,41.74,39.80,40.21,23672
VRTX,20100119,40.33,41.78,40.33,41.68,21997
VRTX,20100120,41.43,41.86,40.61,40.74,16148
VRTX,20100121,40.96,40.96,39.54,39.85,18766
VRTX,20100122,39.88,40.75,39.88,40.14,13454
VRTX,20100125,40.23,40.34,39.41,39.52,11078
VRTX,20100126,39.50,39.75,38.95,39.02,14300
VRTX,20100127,38.81,39.34,38.63,39.00,19081
VRTX,20100128,39.01,39.37,38.20,38.65,14861
VRTX,20100129,38.75,39.17,38.36,38.40,13225
VRTX,20100201,39.93,39.93,39.18,39.34,23588
VRTX,20100202,39.25,40.50,38.93,40.49,20240
VRTX,20100203,40.36,40.42,39.54,40.23,14273
VRTX,20100204,39.78,39.84,38.27,38.42,21925
VRTX,20100205,38.50,38.68,36.15,37.61,35711
VRTX,20100208,37.00,37.60,37.00,37.42,16859
VRTX,20100209,37.74,38.36,37.33,37.90,12084
VRTX,20100210,37.77,37.90,37.11,37.50,6937
VRTX,20100211,37.58,39.00,37.48,38.10,19272
VRTX,20100212,37.99,38.39,37.76,38.38,13112
VRTX,20100216,38.46,38.73,37.80,38.68,10173
VRTX,20100217,38.80,39.98,38.74,39.78,15222
VRTX,20100218,39.93,40.43,39.93,40.25,12825
VRTX,20100219,40.23,40.72,40.23,40.70,9828
VRTX,20100222,40.72,40.74,39.63,39.92,11871
VRTX,20100223,39.61,40.16,39.04,39.42,16375
VRTX,20100224,39.70,40.51,39.70,40.36,13937
VRTX,20100225,39.93,40.19,39.18,40.14,11077
VRTX,20100226,40.18,40.62,39.51,40.54,13557
VRTX,20100301,40.66,41.78,40.61,41.43,11642
VRTX,20100302,41.83,42.03,41.27,41.84,11050
VRTX,20100303,41.79,42.11,41.71,41.98,13669
VRTX,20100304,42.00,42.08,41.25,41.60,8755
VRTX,20100305,41.62,41.86,41.39,41.52,9402
VRTX,20100308,41.33,41.55,41.26,41.40,6878
VRTX,20100309,41.18,42.19,41.17,42.08,16358
VRTX,20100310,42.22,43.14,42.11,43.02,30120
VRTX,20100311,42.89,43.11,42.40,43.00,10378
VRTX,20100312,43.04,43.46,42.52,43.46,11884
VRTX,20100315,43.39,43.73,42.75,43.24,14286
VRTX,20100316,43.32,43.94,43.23,43.71,15135
VRTX,20100317,43.64,43.91,42.39,42.40,21017
VRTX,20100318,42.36,42.68,41.58,41.70,20664
VRTX,20100319,42.05,42.72,41.91,42.72,39837
VRTX,20100322,42.61,42.95,42.33,42.48,11399
VRTX,20100323,42.33,42.46,42.02,42.18,10871
VRTX,20100324,42.16,42.38,41.58,41.71,14131
VRTX,20100325,42.04,42.12,41.54,41.55,12078
VRTX,20100326,41.78,42.12,41.29,41.61,12099
VRTX,20100329,41.73,41.94,40.97,41.16,13692
VRTX,20100330,41.25,41.39,40.71,40.86,15354
VRTX,20100331,40.89,41.67,40.83,40.87,19049
VRTX,20100401,41.08,41.62,40.60,40.85,17785
VRTX,20100405,40.86,41.05,40.53,40.65,14392
VRTX,20100406,40.51,40.66,40.06,40.47,24345
VRTX,20100407,40.31,41.45,40.12,40.49,27999
VRTX,20100408,40.43,40.50,39.42,39.81,22245
VRTX,20100409,40.01,40.01,39.22,39.68,15250
VRTX,20100412,38.77,39.75,38.22,39.26,27636
VRTX,20100413,39.24,40.17,38.94,40.01,21852
VRTX,20100414,40.09,40.21,39.51,39.99,12928
VRTX,20100415,39.76,40.22,39.23,39.66,16270
VRTX,20100416,39.62,40.12,38.92,39.99,26771
VRTX,20100419,40.00,40.26,39.66,40.04,22455
VRTX,20100420,40.23,40.55,39.71,40.50,16032
VRTX,20100421,40.37,40.47,39.10,39.35,19201
VRTX,20100422,39.06,39.06,37.98,38.09,23255
VRTX,20100423,38.42,38.81,37.87,38.75,14358
VRTX,20100426,38.63,38.99,38.38,38.50,9320
VRTX,20100427,38.50,39.30,38.50,38.67,23518
VRTX,20100428,38.78,38.99,38.36,38.54,11398
VRTX,20100429,38.60,39.64,38.42,39.55,12475
VRTX,20100430,39.06,39.83,38.69,38.77,13437
VRTX,20100503,38.77,39.29,38.38,38.97,12083
VRTX,20100504,38.49,38.96,37.95,38.47,19642
VRTX,20100505,38.20,38.68,37.00,37.55,29333
VRTX,20100506,37.68,37.68,34.26,36.90,41649
VRTX,20100507,36.83,37.09,34.93,35.90,33806
VRTX,20100510,37.50,37.62,36.97,37.55,23790
VRTX,20100511,37.22,38.46,37.02,38.11,17771
VRTX,20100512,38.06,38.94,37.78,38.77,16047
VRTX,20100513,38.24,38.92,38.10,38.48,15015
VRTX,20100514,38.39,38.56,37.14,37.46,16366
VRTX,20100517,38.06,38.73,36.69,37.56,14370
VRTX,20100518,37.76,38.08,37.07,37.09,10021
VRTX,20100519,37.11,37.72,36.78,37.42,17722
VRTX,20100520,36.76,36.88,35.48,35.58,21555
VRTX,20100521,35.34,35.64,34.06,34.12,52690
VRTX,20100524,34.05,35.20,34.00,34.26,25965
VRTX,20100525,33.61,34.09,33.12,33.95,27966
VRTX,20100526,37.72,37.82,34.64,34.74,89189
VRTX,20100527,35.21,35.35,33.11,34.44,48671
VRTX,20100528,34.28,34.76,33.77,34.59,20489
VRTX,20100601,34.32,34.87,33.62,34.19,18437
VRTX,20100602,34.09,35.41,34.01,35.41,19884
VRTX,20100603,35.52,35.71,35.16,35.54,16136
VRTX,20100604,34.98,35.25,34.42,34.45,22080
VRTX,20100607,34.54,34.86,34.06,34.12,17878
VRTX,20100608,34.05,34.34,32.68,33.05,21676
VRTX,20100609,33.07,33.32,32.41,32.58,30955
VRTX,20100610,32.83,34.09,32.68,34.09,17067
VRTX,20100611,33.59,35.06,33.39,35.01,20510
VRTX,20100614,35.14,35.54,34.61,34.67,10644
VRTX,20100615,34.77,35.15,34.72,35.09,12786
VRTX,20100616,34.81,35.17,34.60,35.05,20537
VRTX,20100617,35.24,35.85,35.00,35.75,15968
VRTX,20100618,36.71,36.92,36.32,36.82,34010
VRTX,20100621,37.08,37.25,36.65,36.78,22126
VRTX,20100622,36.70,36.92,35.19,35.32,23390
VRTX,20100623,35.59,35.63,35.00,35.27,15082
VRTX,20100624,35.23,35.28,34.50,34.61,13423
VRTX,20100625,34.80,35.31,34.58,35.06,16024
VRTX,20100628,35.16,35.20,34.23,34.71,9903
VRTX,20100629,34.48,34.48,32.82,33.06,17974
VRTX,20100630,33.11,34.10,32.85,32.90,17576
VRTX,20100701,32.88,32.91,31.25,32.30,23384
VRTX,20100702,32.20,32.79,31.92,32.22,10841
VRTX,20100706,32.75,32.99,31.86,32.17,13664
VRTX,20100707,32.04,33.12,31.95,33.04,12849
VRTX,20100708,32.87,33.93,32.87,33.80,14085
VRTX,20100709,33.83,34.27,33.52,34.18,8011
VRTX,20100712,33.90,34.51,33.27,33.47,16614
VRTX,20100713,33.79,34.12,33.43,33.80,13392
VRTX,20100714,33.51,34.16,33.48,34.10,10220
VRTX,20100715,34.14,34.67,33.67,33.77,10871
VRTX,20100716,33.56,33.80,32.14,32.47,18567
VRTX,20100719,32.43,32.96,32.35,32.76,11663
VRTX,20100720,32.26,32.63,32.12,32.63,8898
VRTX,20100721,32.71,33.13,32.13,32.15,9138
VRTX,20100722,32.48,33.39,32.38,33.05,8587
VRTX,20100723,32.67,33.16,32.00,33.05,14471
VRTX,20100726,33.15,34.61,32.80,33.96,12325
VRTX,20100727,34.09,34.35,33.66,33.88,7464
VRTX,20100728,33.88,34.39,33.02,33.19,7191
VRTX,20100729,33.55,33.56,32.00,32.61,11835
VRTX,20100730,32.36,33.85,32.00,33.66,12764
VRTX,20100802,33.93,34.61,33.82,34.51,14098
VRTX,20100803,34.48,35.64,34.31,35.24,11503
VRTX,20100804,36.15,37.95,35.93,36.26,25394
VRTX,20100805,36.07,36.22,35.43,36.11,12580
VRTX,20100806,35.85,36.60,35.57,36.54,8041
VRTX,20100809,36.74,37.09,36.71,37.00,7550
VRTX,20100810,37.01,37.55,36.06,36.75,19912
VRTX,20100811,36.19,36.39,35.35,35.75,12907
VRTX,20100812,35.37,36.57,35.37,36.29,12197
VRTX,20100813,36.28,36.52,36.02,36.19,11114
VRTX,20100816,36.25,36.69,35.97,36.30,10310
VRTX,20100817,36.49,36.69,36.06,36.28,10696
VRTX,20100818,36.05,36.75,35.80,36.37,8749
VRTX,20100819,36.45,36.45,35.14,35.36,13481
VRTX,20100820,35.24,35.74,34.76,35.58,8930
VRTX,20100823,35.89,36.19,35.19,35.22,10148
VRTX,20100824,34.78,34.96,34.11,34.11,9728
VRTX,20100825,33.91,34.63,33.78,34.48,8516
VRTX,20100826,34.34,34.49,33.30,33.38,8771
VRTX,20100827,33.41,34.74,32.88,34.45,10207
VRTX,20100830,34.32,34.62,33.61,33.62,6197
VRTX,20100831,33.16,33.59,33.00,33.31,13424
VRTX,20100901,33.69,35.06,33.58,34.91,17254
VRTX,20100902,34.65,35.45,34.42,35.45,11848
VRTX,20100903,35.85,36.08,35.50,36.06,8082
VRTX,20100907,35.99,36.26,34.84,35.01,8510
VRTX,20100908,35.12,36.08,34.75,36.05,46325
VRTX,20100909,36.37,36.64,35.73,35.89,16960
VRTX,20100910,35.89,36.51,35.83,36.47,26033
VRTX,20100913,36.52,36.85,36.50,36.75,17362
VRTX,20100914,36.70,37.55,36.62,37.44,19575
VRTX,20100915,37.36,37.44,37.04,37.24,12625
VRTX,20100916,37.00,37.45,36.56,36.79,12697
VRTX,20100917,36.89,36.91,35.93,36.25,17459
VRTX,20100920,36.43,36.71,36.09,36.50,16623
VRTX,20100921,36.48,36.55,35.99,36.22,10327
VRTX,20100922,36.25,37.10,36.04,36.17,17270
VRTX,20100923,34.94,36.25,34.66,36.12,48309
VRTX,20100924,36.55,36.95,36.17,36.88,15105
VRTX,20100927,36.74,36.79,35.67,35.69,17243
VRTX,20100928,36.00,36.19,35.37,35.53,15475
VRTX,20100929,35.57,35.57,34.84,34.94,19639
VRTX,20100930,35.23,35.52,34.51,34.57,19093
VRTX,20101001,34.69,35.08,33.98,34.42,17115
VRTX,20101004,34.17,34.76,33.78,33.95,11775
VRTX,20101005,34.52,34.79,34.27,34.72,17250
VRTX,20101006,34.63,34.83,34.16,34.26,13556
VRTX,20101007,34.66,35.18,34.06,35.12,18083
VRTX,20101008,35.03,35.41,34.50,35.31,15329
VRTX,20101011,34.91,35.06,34.68,34.93,9588
VRTX,20101012,34.66,34.75,34.11,34.30,17869
VRTX,20101013,34.87,35.00,34.30,34.30,23523
VRTX,20101014,34.50,34.97,34.31,34.92,24020
VRTX,20101015,34.98,36.21,34.87,36.03,22889
VRTX,20101018,35.98,36.90,35.89,36.89,19489
VRTX,20101019,36.71,37.16,36.32,37.06,30102
VRTX,20101020,37.08,37.24,36.46,36.54,14605
VRTX,20101021,36.63,36.64,35.50,35.85,14159
VRTX,20101022,35.94,36.46,35.72,36.43,13890
VRTX,20101025,36.76,37.45,36.73,37.32,20354
VRTX,20101026,36.89,37.75,36.46,37.58,25564
VRTX,20101027,37.04,38.37,36.85,38.35,22608
VRTX,20101028,38.43,38.50,38.00,38.30,22208
VRTX,20101029,38.13,38.48,37.94,38.30,16212
VRTX,20101101,38.58,38.70,37.64,37.95,22983
VRTX,20101102,38.13,38.25,37.12,37.28,29295
VRTX,20101103,37.22,37.37,36.35,36.68,20400
VRTX,20101104,37.00,37.19,34.69,34.77,43334
VRTX,20101105,34.67,35.14,33.83,35.06,45051
VRTX,20101108,34.87,35.00,34.15,34.51,20701
VRTX,20101109,34.57,34.62,34.05,34.27,23725
VRTX,20101110,34.30,34.77,34.24,34.44,19423
VRTX,20101111,34.32,34.99,33.89,34.99,19781
VRTX,20101112,34.64,34.66,33.77,33.77,17634
VRTX,20101115,34.09,34.67,33.95,34.56,21009
VRTX,20101116,34.19,34.40,33.70,34.10,16676
VRTX,20101117,33.78,34.03,33.41,33.64,17113
VRTX,20101118,34.01,35.10,33.87,34.92,30250
VRTX,20101119,34.76,34.78,34.16,34.25,16522
VRTX,20101122,34.27,34.61,33.85,34.29,11341
VRTX,20101123,34.00,34.00,33.10,33.44,19288
VRTX,20101124,33.69,34.13,33.69,33.84,10298
VRTX,20101126,33.66,34.37,33.56,34.28,5021
VRTX,20101129,34.00,34.09,33.31,33.87,11620
VRTX,20101130,33.42,33.62,33.03,33.13,21561
VRTX,20101201,33.63,33.87,33.38,33.46,21310
VRTX,20101202,33.39,33.54,33.15,33.37,18054
VRTX,20101203,33.23,33.66,33.11,33.49,46801
VRTX,20101206,33.52,33.58,33.02,33.10,17177
VRTX,20101207,33.58,33.77,33.00,33.09,21382
VRTX,20101208,33.15,33.44,32.28,32.43,19332
VRTX,20101209,32.60,33.24,32.08,33.17,26397
VRTX,20101210,33.31,34.54,33.28,34.13,25956
VRTX,20101213,34.25,34.39,33.72,33.95,13159
VRTX,20101214,34.11,34.35,33.98,34.20,9844
VRTX,20101215,34.19,34.70,34.09,34.38,16299
VRTX,20101216,34.31,34.82,34.18,34.59,9487
VRTX,20101217,34.36,35.73,34.31,35.45,32472
VRTX,20101220,35.75,35.83,35.20,35.56,13679
VRTX,20101221,35.58,36.40,35.46,36.32,15612
VRTX,20101222,35.81,35.98,34.89,35.11,24554
VRTX,20101223,35.00,35.56,34.89,35.39,14387
VRTX,20101227,35.23,35.47,34.69,35.26,10046
VRTX,20101228,35.34,35.45,35.07,35.26,8187
VRTX,20101229,35.40,36.04,35.28,35.47,10558
VRTX,20101230,35.39,35.49,35.22,35.34,6301
VRTX,20101231,35.37,35.44,34.97,35.03,9386
VRTX,20110103,35.20,36.23,35.19,35.99,17528
VRTX,20110104,36.02,36.22,35.32,35.49,12292
VRTX,20110105,35.56,37.07,35.56,36.84,28668
VRTX,20110106,36.69,36.80,36.18,36.20,15488
VRTX,20110107,36.26,36.36,35.72,36.16,14628
VRTX,20110110,35.95,36.54,35.71,36.29,2163300
VRTX,20110111,37.66,37.85,36.52,36.79,2442200
VRTX,20110112,37.04,37.28,36.59,37.21,1253200
VRTX,20110113,37.31,38.55,37.19,38.55,2431000
VRTX,20110114,38.56,39.42,38.32,39.42,3006600
VRTX,20110118,39.46,40.11,39.46,40.00,2977300
VRTX,20110119,39.92,39.97,39.20,39.45,2623900
VRTX,20110120,39.34,40.12,39.23,39.90,1790100
VRTX,20110121,39.94,40.12,39.70,40.06,2075100
VRTX,20110124,40.00,40.62,39.78,40.43,1613400
VRTX,20110125,40.30,40.88,40.00,40.20,1479700
VRTX,20110126,40.36,40.63,39.57,39.75,1913500
VRTX,20110127,39.75,40.04,39.23,39.39,1924100
VRTX,20110128,39.86,40.44,38.66,39.01,2319800
VRTX,20110131,38.94,39.16,38.34,38.89,2495500
VRTX,20110201,39.15,39.50,38.83,38.85,1991000
VRTX,20110202,38.93,39.68,38.90,38.97,2114300
VRTX,20110203,38.51,39.10,38.50,38.80,2416700
VRTX,20110204,38.88,39.92,38.51,39.46,2939500
VRTX,20110207,39.02,39.20,38.20,38.33,2090900
VRTX,20110208,38.76,39.07,38.13,38.48,1737900
VRTX,20110209,38.40,38.59,38.07,38.13,849700
VRTX,20110210,38.07,38.84,38.07,38.16,1121000
VRTX,20110211,38.13,38.52,37.77,38.46,1670900
VRTX,20110214,38.40,39.04,38.40,38.97,942200
VRTX,20110215,38.77,39.51,38.76,39.49,1350500
VRTX,20110216,39.44,40.15,39.10,39.65,1746300
VRTX,20110217,39.50,39.99,39.40,39.85,945700
VRTX,20110218,39.76,39.77,38.95,39.16,2124000
VRTX,20110222,38.74,39.15,38.00,38.22,1776300
VRTX,20110223,43.60,44.68,42.71,43.97,16568700
VRTX,20110224,43.70,43.97,43.24,43.58,3029900
VRTX,20110225,43.62,44.98,43.31,44.84,2379600
VRTX,20110228,44.92,46.75,44.34,46.67,3279700
VRTX,20110301,46.57,46.75,45.72,46.04,2361100
VRTX,20110302,46.07,47.82,46.01,47.28,2873200
VRTX,20110303,47.83,50.83,47.03,49.95,5722700
VRTX,20110304,49.86,51.10,49.07,51.07,3641300
VRTX,20110307,51.01,52.13,48.91,49.62,3126000
VRTX,20110308,48.89,48.99,46.60,46.80,5682200
VRTX,20110309,46.53,47.81,45.88,47.43,2247300
VRTX,20110310,46.72,46.80,44.63,44.80,3091700
VRTX,20110311,44.70,46.62,44.24,46.45,2995000
VRTX,20110314,46.01,46.40,45.35,45.44,1425300
VRTX,20110315,44.49,45.94,43.87,45.71,1909200
VRTX,20110316,45.48,45.48,44.01,44.25,2603700
VRTX,20110317,44.92,45.39,44.24,44.55,1891200
VRTX,20110318,44.68,44.90,44.15,44.39,2680000
VRTX,20110321,44.91,45.61,44.88,45.29,1804700
VRTX,20110322,45.23,46.26,44.95,46.16,2011400
VRTX,20110323,45.92,46.31,45.41,46.08,1910000
VRTX,20110324,46.20,47.22,45.83,46.91,1676000
VRTX,20110325,47.00,47.25,46.35,46.58,1525500
VRTX,20110328,46.83,47.60,46.32,47.34,1862700
VRTX,20110329,48.40,49.22,47.82,48.90,3629000
VRTX,20110330,49.30,49.81,48.39,48.48,1881200
VRTX,20110331,48.44,48.83,47.25,47.93,2659200
VRTX,20110401,48.00,48.20,47.21,47.59,2610200
VRTX,20110404,47.91,48.11,47.22,47.49,2556800
VRTX,20110405,47.32,47.60,46.52,46.74,2760700
VRTX,20110406,47.28,47.37,46.16,46.42,2321100
VRTX,20110407,46.50,47.25,46.15,46.91,1523900
VRTX,20110408,47.00,48.20,46.88,48.16,1853800
VRTX,20110411,48.28,48.94,47.57,48.22,2147000
VRTX,20110412,47.85,48.20,47.44,47.97,1283400
VRTX,20110413,48.15,48.34,46.82,47.40,1932300
VRTX,20110414,47.00,47.90,46.69,47.59,1953800
VRTX,20110415,47.75,48.11,46.79,48.02,2062200
VRTX,20110418,47.56,47.66,46.15,46.99,1629100
VRTX,20110419,47.00,47.15,46.38,46.82,1668500
VRTX,20110420,47.36,48.45,47.36,47.98,1501000
VRTX,20110421,47.84,49.87,47.84,49.37,2889400
VRTX,20110425,50.00,50.48,47.52,48.04,2842700
VRTX,20110426,48.93,54.99,47.18,52.92,12326900
