1	       20110328	          14.17	          14.46	          14.14	          14.34	 3028200.000000
2	       20110329	          14.30	          14.50	          14.16	          14.43	 3376500.000000
3	       20110330	          14.50	          14.60	          14.36	          14.54	 4175800.000000
4	       20110331	          14.47	          14.54	          14.28	          14.34	 3752400.000000
5	       20110401	          14.38	          14.49	          14.15	          14.23	 3127700.000000
6	       20110404	          14.01	          14.22	          13.90	          14.07	12814200.000000
7	       20110405	          24.10	          24.16	          24.02	          24.06	172949800.000000
8	       20110406	          24.09	          24.14	          24.05	          24.06	36568200.000000
9	       20110407	          24.07	          24.08	          24.04	          24.07	21192900.000000
10	       20110408	          24.07	          24.11	          24.04	          24.04	19144200.000000
11	       20110411	          24.09	          24.09	          24.04	          24.05	14770300.000000
12	       20110412	          24.05	          24.13	          24.02	          24.13	12950900.000000
13	       20110413	          24.12	          24.14	          24.06	          24.06	 7440900.000000
14	       20110414	          24.05	          24.12	          24.04	          24.11	10366500.000000
15	       20110415	          24.08	          24.12	          24.06	          24.12	 6712800.000000
16	       20110418	          24.07	          24.10	          24.05	          24.06	 8255200.000000
17	       20110419	          24.09	          24.10	          24.03	          24.03	 9819000.000000
18	       20110420	          24.07	          24.13	          24.06	          24.06	 5917100.000000
19	       20110421	          24.10	          24.10	          24.07	          24.08	 4135700.000000
20	       20110425	          24.10	          24.17	          24.09	          24.14	 4350300.000000
21	       20110426	          24.16	          24.24	          24.13	          24.21	 5947500.000000
