3	       20101110	          29.16	          29.26	          29.01	          29.25	   10907.000000
4	       20101111	          29.18	          29.38	          29.07	          29.36	    7664.000000
6	       20101115	          28.56	          28.99	          28.51	          28.73	   15814.000000
10	       20101119	          28.46	          28.62	          28.45	          28.61	   16725.000000
11	       20101122	          28.73	          28.90	          28.70	          28.87	   19331.000000
12	       20101123	          28.88	          28.97	          28.80	          28.93	    9104.000000
13	       20101124	          29.17	          29.36	          29.14	          29.29	   13679.000000
14	       20101126	          29.29	          29.49	          29.29	          29.30	    5747.000000
19	       20101203	          29.42	          29.54	          29.37	          29.47	   12604.000000
21	       20101207	          29.59	          29.85	          29.55	          29.71	   14116.000000
23	       20101209	          27.75	          28.85	          27.70	          28.64	  115401.000000
24	       20101210	          28.63	          29.39	          28.60	          29.31	   25474.000000
25	       20101213	          29.49	          29.79	          29.36	          29.69	   22175.000000
29	       20101217	          29.16	          29.43	          29.01	          29.32	   18863.000000
30	       20101220	          29.74	          29.85	          29.70	          29.84	   26816.000000
31	       20101221	          29.90	          29.98	          29.86	          29.95	   19147.000000
